ProblemNo,Answer,TrueAnswer,Cost,Difficulty
0,0,0,6.000000,0.000000
1,0,0,6.000000,0.000000
2,1,1,6.000000,0.000000
3,1,1,6.000000,0.000000
4,0,0,6.000000,0.000000
5,0,0,6.000000,0.000000
6,0,0,6.000000,0.000000
7,1,1,7.500000,0.500000
8,1,1,7.500000,0.900000
9,1,1,10.500000,0.900000
10,1,1,6.000000,0.000000
11,0,0,9.000000,0.400000
12,0,0,6.000000,0.000000
13,0,0,6.000000,0.000000
14,0,0,6.000000,0.000000
15,1,1,6.000000,0.000000
16,1,1,6.000000,0.000000
17,0,0,7.500000,0.500000
18,1,1,6.000000,0.000000
19,0,0,7.500000,0.500000
20,1,1,6.000000,0.000000
21,1,1,6.000000,0.000000
22,1,1,6.000000,0.000000
23,0,0,18.000000,0.900000
24,1,1,6.000000,0.000000
25,1,1,7.500000,0.900000
26,1,1,6.000000,0.000000
27,0,0,6.000000,0.000000
28,1,1,9.000000,0.400000
29,0,0,24.000000,1.000000
30,1,1,7.500000,0.500000
31,1,1,6.000000,0.000000
32,0,0,6.000000,0.000000
33,1,1,9.000000,0.500000
34,1,1,6.000000,0.000000
35,0,1,7.500000,0.900000
36,0,1,6.000000,0.000000
37,1,1,7.500000,0.900000
38,0,0,6.000000,0.000000
39,0,1,6.000000,0.000000
40,1,1,6.000000,0.000000
41,0,0,7.500000,0.500000
42,0,0,6.000000,0.000000
43,1,1,7.500000,0.500000
44,1,1,9.000000,0.900000
45,1,1,6.000000,0.000000
46,0,0,7.500000,0.500000
47,1,1,6.000000,0.000000
48,0,0,6.000000,0.000000
49,0,0,6.000000,0.000000
50,0,0,6.000000,0.000000
51,0,0,7.500000,0.500000
52,0,0,6.000000,0.000000
53,0,0,7.500000,0.500000
54,0,0,6.000000,0.000000
55,0,0,6.000000,0.000000
56,0,0,6.000000,0.000000
57,1,1,6.000000,0.000000
58,0,0,15.000000,0.900000
59,0,0,6.000000,0.000000
60,1,1,6.000000,0.000000
61,1,0,22.500000,1.000000
62,1,1,7.500000,0.900000
63,0,0,7.500000,0.500000
64,0,0,7.500000,0.500000
65,1,1,6.000000,0.000000
66,1,1,6.000000,0.000000
67,0,0,7.500000,0.500000
68,0,0,9.000000,0.400000
69,1,1,9.000000,0.500000
70,1,0,7.500000,0.900000
71,0,0,6.000000,0.000000
72,1,1,7.500000,0.500000
73,1,1,13.500000,1.000000
74,0,0,6.000000,0.000000
75,1,1,6.000000,0.000000
76,0,0,6.000000,0.000000
77,0,1,7.500000,0.900000
78,0,0,7.500000,0.900000
79,0,0,6.000000,0.000000
80,0,1,9.000000,1.000000
81,1,1,7.500000,0.900000
82,1,1,7.500000,0.500000
83,0,0,6.000000,0.000000
84,1,1,6.000000,0.000000
85,0,0,6.000000,0.000000
86,1,1,7.500000,0.500000
87,0,0,6.000000,0.000000
88,0,0,7.500000,0.500000
89,1,1,6.000000,0.000000
90,1,1,7.500000,0.900000
91,0,0,7.500000,0.500000
92,1,0,7.500000,0.900000
93,0,0,22.500000,1.000000
94,1,1,9.000000,0.400000
95,1,1,7.500000,0.900000
96,1,1,6.000000,0.000000
97,1,1,7.500000,0.900000
98,0,0,6.000000,0.000000
99,1,1,6.000000,0.000000
100,1,1,7.500000,0.500000
101,1,1,7.500000,0.900000
102,1,1,6.000000,0.000000
103,1,0,18.000000,0.900000
104,1,1,6.000000,0.000000
105,0,0,10.500000,0.700000
106,0,0,6.000000,0.000000
107,0,1,10.500000,0.700000
108,1,1,6.000000,0.000000
109,1,1,12.000000,1.000000
110,0,0,19.500000,0.900000
111,0,0,7.500000,0.500000
112,1,1,7.500000,0.500000
113,0,0,6.000000,0.000000
114,1,1,6.000000,0.000000
115,1,1,6.000000,0.000000
116,0,0,9.000000,0.500000
117,1,0,7.500000,0.900000
118,0,0,6.000000,0.000000
119,1,1,7.500000,0.500000
120,0,0,6.000000,0.000000
121,1,1,6.000000,0.000000
122,0,0,6.000000,0.000000
123,0,0,6.000000,0.000000
124,0,1,7.500000,0.900000
125,1,1,6.000000,0.000000
126,1,0,7.500000,0.900000
127,0,0,6.000000,0.000000
128,0,0,7.500000,0.500000
129,1,1,6.000000,0.000000
130,0,0,9.000000,0.800000
131,1,1,7.500000,0.500000
132,0,1,7.500000,0.500000
133,1,1,9.000000,0.900000
134,1,1,7.500000,0.500000
135,1,1,7.500000,0.500000
136,0,0,6.000000,0.000000
137,0,0,6.000000,0.000000
138,0,0,6.000000,0.000000
139,1,1,6.000000,0.000000
140,1,1,6.000000,0.000000
141,1,1,6.000000,0.000000
142,0,0,6.000000,0.000000
143,1,1,7.500000,0.500000
144,1,1,7.500000,0.500000
145,1,1,10.500000,0.400000
146,1,1,7.500000,0.500000
147,1,1,6.000000,0.000000
148,0,0,6.000000,0.000000
149,1,1,6.000000,0.000000
WorkerID,Gamma
51,0.983074
50,0.650908
60,0.456348
61,0.476086
62,0.476954
64,0.419845
35,0.582298
66,0.468884
67,0.476626
68,0.469215
69,0.432782
80,0.601633
81,0.630608
86,0.493807
87,0.487636
84,0.564309
85,0.540194
48,0.444821
49,0.492462
46,0.467825
47,0.527591
44,0.502482
45,0.517430
42,0.497597
43,0.424990
40,0.555598
41,0.471301
82,0.440830
83,0.568530
77,0.474799
76,0.493583
75,0.615131
74,0.485063
73,0.599650
72,0.472927
71,0.599980
70,0.453272
79,0.494980
78,0.467563
39,0.444917
38,0.597671
59,0.599674
58,0.552859
55,0.323308
54,0.647381
57,0.459741
37,0.527243
36,0.512226
53,0.801554
52,0.562073
88,0.542200
65,0.580384
Average Cost: 7.540000
Accuracy: 90.666667
