Number of Worker Pools: 1
Number of Workers in Pool 1: 1000
Original mean,standardDev for Pool 1: 4.000000,0.300000
Number of Workers in Pool 2: 1000
Original mean,standardDev for Pool 2: 3.500000,0.200000
Number of Problems: 1000
ProblemNo,Answer,TrueAnswer,Cost,Difficulty,TrueDifficulty
0,1,1,5.000000,0.000000,0.500000
1,1,1,7.000000,0.600000,0.500000
2,1,1,7.000000,0.600000,0.500000
3,1,1,5.000000,0.000000,0.500000
4,1,1,6.000000,0.300000,0.500000
5,1,1,10.000000,0.700000,0.500000
6,1,1,6.000000,0.300000,0.500000
7,1,1,6.000000,0.300000,0.500000
8,1,1,6.000000,0.300000,0.500000
9,1,1,6.000000,0.300000,0.500000
10,1,1,11.000000,0.800000,0.500000
11,1,1,7.000000,0.600000,0.500000
12,1,1,5.000000,0.000000,0.500000
13,0,1,7.000000,0.600000,0.500000
14,1,1,6.000000,0.300000,0.500000
15,1,1,6.000000,0.300000,0.500000
16,1,1,5.000000,0.000000,0.500000
17,1,1,10.000000,0.700000,0.500000
18,1,1,7.000000,0.600000,0.500000
19,1,1,6.000000,0.300000,0.500000
20,1,1,9.000000,0.700000,0.500000
21,1,1,10.000000,0.900000,0.500000
22,1,1,8.000000,0.700000,0.500000
23,1,1,6.000000,0.300000,0.500000
24,1,1,9.000000,0.500000,0.500000
25,0,1,8.000000,0.900000,0.500000
26,1,1,9.000000,0.800000,0.500000
27,1,1,7.000000,0.600000,0.500000
28,0,1,9.000000,0.900000,0.500000
29,1,1,5.000000,0.000000,0.500000
30,1,1,5.000000,0.000000,0.500000
31,1,1,7.000000,0.600000,0.500000
32,1,1,10.000000,0.700000,0.500000
33,1,1,6.000000,0.300000,0.500000
34,1,1,8.000000,0.900000,0.500000
35,1,1,8.000000,0.500000,0.500000
36,1,1,8.000000,0.600000,0.500000
37,1,1,5.000000,0.000000,0.500000
38,1,1,9.000000,0.800000,0.500000
39,1,1,6.000000,0.300000,0.500000
40,1,1,6.000000,0.300000,0.500000
41,1,1,6.000000,0.300000,0.500000
42,1,1,6.000000,0.300000,0.500000
43,1,1,5.000000,0.000000,0.500000
44,1,1,5.000000,0.000000,0.500000
45,1,1,9.000000,0.500000,0.500000
46,1,1,5.000000,0.000000,0.500000
47,0,0,6.000000,0.300000,0.500000
48,1,1,11.000000,0.800000,0.500000
49,1,1,7.000000,0.900000,0.500000
50,1,1,8.000000,0.900000,0.500000
51,1,1,7.000000,0.900000,0.500000
52,1,1,7.000000,0.600000,0.500000
53,1,1,7.000000,0.600000,0.500000
54,0,1,7.000000,0.900000,0.500000
55,1,1,5.000000,0.000000,0.500000
56,1,1,6.000000,0.300000,0.500000
57,1,1,7.000000,0.600000,0.500000
58,1,1,9.000000,0.800000,0.500000
59,1,1,7.000000,0.600000,0.500000
60,1,1,7.000000,0.800000,0.500000
61,1,1,11.000000,0.800000,0.500000
62,1,1,6.000000,0.300000,0.500000
63,1,1,6.000000,0.300000,0.500000
64,1,1,11.000000,0.900000,0.500000
65,1,1,5.000000,0.000000,0.500000
66,1,1,7.000000,0.900000,0.500000
67,1,1,11.000000,0.900000,0.500000
68,1,1,8.000000,0.900000,0.500000
69,1,1,6.000000,0.300000,0.500000
70,1,1,5.000000,0.000000,0.500000
71,1,1,5.000000,0.000000,0.500000
72,1,1,5.000000,0.000000,0.500000
73,1,1,9.000000,0.800000,0.500000
74,1,1,9.000000,0.700000,0.500000
75,1,1,5.000000,0.000000,0.500000
76,1,1,6.000000,0.300000,0.500000
77,1,1,7.000000,0.600000,0.500000
78,1,1,6.000000,0.300000,0.500000
79,1,1,7.000000,0.600000,0.500000
80,1,1,6.000000,0.300000,0.500000
81,1,1,6.000000,0.300000,0.500000
82,1,1,7.000000,0.900000,0.500000
83,1,1,8.000000,0.600000,0.500000
84,1,1,5.000000,0.000000,0.500000
85,1,1,6.000000,0.300000,0.500000
86,1,1,8.000000,0.600000,0.500000
87,1,1,6.000000,0.300000,0.500000
88,1,1,5.000000,0.000000,0.500000
89,1,1,6.000000,0.300000,0.500000
90,1,1,5.000000,0.000000,0.500000
91,1,1,7.000000,0.600000,0.500000
92,1,1,10.000000,0.700000,0.500000
93,1,1,7.000000,0.800000,0.500000
94,0,1,8.000000,0.900000,0.500000
95,1,1,5.000000,0.000000,0.500000
96,1,1,9.000000,0.800000,0.500000
97,1,1,7.000000,0.600000,0.500000
98,1,1,5.000000,0.000000,0.500000
99,1,1,5.000000,0.000000,0.500000
100,1,1,16.000000,1.000000,0.500000
101,1,1,7.000000,0.600000,0.500000
102,1,1,14.000000,1.000000,0.500000
103,1,1,6.000000,0.300000,0.500000
104,1,1,6.000000,0.300000,0.500000
105,1,1,9.000000,0.900000,0.500000
106,1,1,6.000000,0.300000,0.500000
107,1,1,6.000000,0.300000,0.500000
108,1,1,7.000000,0.600000,0.500000
109,1,1,5.000000,0.000000,0.500000
110,1,1,7.000000,0.900000,0.500000
111,1,1,6.000000,0.300000,0.500000
112,1,1,6.000000,0.300000,0.500000
113,1,1,7.000000,0.600000,0.500000
114,1,1,6.000000,0.300000,0.500000
115,1,1,6.000000,0.300000,0.500000
116,1,1,9.000000,0.700000,0.500000
117,1,1,11.000000,0.900000,0.500000
118,1,1,9.000000,0.500000,0.500000
119,1,1,6.000000,0.300000,0.500000
120,1,1,7.000000,0.600000,0.500000
121,1,1,6.000000,0.300000,0.500000
122,1,1,5.000000,0.000000,0.500000
123,1,1,13.000000,0.900000,0.500000
124,1,1,7.000000,0.600000,0.500000
125,1,1,6.000000,0.300000,0.500000
126,1,1,6.000000,0.300000,0.500000
127,1,1,9.000000,0.800000,0.500000
128,0,1,7.000000,0.800000,0.500000
129,1,1,7.000000,0.800000,0.500000
130,1,1,11.000000,0.800000,0.500000
131,1,1,5.000000,0.000000,0.500000
132,1,1,7.000000,0.800000,0.500000
133,1,1,8.000000,0.600000,0.500000
134,1,1,5.000000,0.000000,0.500000
135,1,1,5.000000,0.000000,0.500000
136,1,1,5.000000,0.000000,0.500000
137,1,1,9.000000,0.900000,0.500000
138,1,1,6.000000,0.300000,0.500000
139,1,1,12.000000,0.800000,0.500000
140,1,1,5.000000,0.000000,0.500000
141,0,0,5.000000,0.000000,0.500000
142,1,1,8.000000,0.600000,0.500000
143,1,1,6.000000,0.300000,0.500000
144,1,1,8.000000,0.700000,0.500000
145,1,1,8.000000,0.900000,0.500000
146,1,1,6.000000,0.300000,0.500000
147,1,1,8.000000,0.800000,0.500000
148,1,1,6.000000,0.300000,0.500000
149,1,1,6.000000,0.300000,0.500000
150,1,1,13.000000,0.900000,0.500000
151,1,1,6.000000,0.300000,0.500000
152,1,1,11.000000,0.900000,0.500000
153,1,1,11.000000,0.900000,0.500000
154,1,1,6.000000,0.300000,0.500000
155,1,1,5.000000,0.000000,0.500000
156,1,1,5.000000,0.000000,0.500000
157,1,1,9.000000,0.500000,0.500000
158,1,1,10.000000,0.900000,0.500000
159,1,1,13.000000,1.000000,0.500000
160,0,1,11.000000,0.800000,0.500000
161,1,1,7.000000,0.600000,0.500000
162,1,1,6.000000,0.300000,0.500000
163,1,1,6.000000,0.300000,0.500000
164,1,1,6.000000,0.300000,0.500000
165,1,1,6.000000,0.300000,0.500000
166,1,1,13.000000,0.900000,0.500000
167,1,1,5.000000,0.000000,0.500000
168,1,0,7.000000,0.800000,0.500000
169,1,1,7.000000,0.600000,0.500000
170,1,1,6.000000,0.300000,0.500000
171,1,1,5.000000,0.000000,0.500000
172,1,1,6.000000,0.300000,0.500000
173,1,1,6.000000,0.700000,0.500000
174,1,1,6.000000,0.300000,0.500000
175,1,1,7.000000,0.600000,0.500000
176,1,1,7.000000,0.600000,0.500000
177,1,1,6.000000,0.300000,0.500000
178,1,1,5.000000,0.000000,0.500000
179,1,1,8.000000,0.900000,0.500000
180,1,1,6.000000,0.300000,0.500000
181,1,1,8.000000,0.600000,0.500000
182,1,1,6.000000,0.300000,0.500000
183,1,1,5.000000,0.000000,0.500000
184,1,1,6.000000,0.300000,0.500000
185,1,1,6.000000,0.300000,0.500000
186,1,1,12.000000,0.900000,0.500000
187,1,1,6.000000,0.300000,0.500000
188,1,1,6.000000,0.300000,0.500000
189,1,1,11.000000,0.900000,0.500000
190,0,1,5.000000,0.000000,0.500000
191,1,1,16.000000,0.900000,0.500000
192,1,1,7.000000,0.900000,0.500000
193,1,1,7.000000,0.800000,0.500000
194,1,1,7.000000,0.600000,0.500000
195,1,1,6.000000,0.300000,0.500000
196,0,1,8.000000,0.700000,0.500000
197,1,1,6.000000,0.300000,0.500000
198,1,1,7.000000,0.600000,0.500000
199,1,1,7.000000,0.900000,0.500000
200,1,1,6.000000,0.300000,0.500000
201,1,1,10.000000,0.800000,0.500000
202,1,1,7.000000,0.600000,0.500000
203,1,1,7.000000,0.600000,0.500000
204,1,1,6.000000,0.300000,0.500000
205,1,1,6.000000,0.300000,0.500000
206,1,1,5.000000,0.000000,0.500000
207,1,1,6.000000,0.300000,0.500000
208,1,1,6.000000,0.300000,0.500000
209,1,1,10.000000,0.800000,0.500000
210,1,1,6.000000,0.300000,0.500000
211,1,1,9.000000,0.800000,0.500000
212,1,1,9.000000,0.500000,0.500000
213,1,1,6.000000,0.300000,0.500000
214,1,1,6.000000,0.300000,0.500000
215,1,1,7.000000,0.600000,0.500000
216,1,1,8.000000,0.600000,0.500000
217,1,1,5.000000,0.000000,0.500000
218,1,1,7.000000,0.600000,0.500000
219,1,1,6.000000,0.300000,0.500000
220,1,1,5.000000,0.000000,0.500000
221,1,1,5.000000,0.000000,0.500000
222,1,1,8.000000,0.600000,0.500000
223,1,1,6.000000,0.300000,0.500000
224,1,1,10.000000,0.700000,0.500000
225,1,1,5.000000,0.000000,0.500000
226,1,1,5.000000,0.000000,0.500000
227,1,1,11.000000,0.800000,0.500000
228,1,1,11.000000,0.900000,0.500000
229,1,1,6.000000,0.300000,0.500000
230,1,1,11.000000,0.800000,0.500000
231,1,1,12.000000,0.900000,0.500000
232,1,1,5.000000,0.000000,0.500000
233,1,1,5.000000,0.000000,0.500000
234,1,1,6.000000,0.300000,0.500000
235,1,1,8.000000,0.600000,0.500000
236,1,1,16.000000,0.900000,0.500000
237,1,1,6.000000,0.300000,0.500000
238,1,1,7.000000,0.600000,0.500000
239,1,1,8.000000,0.500000,0.500000
240,1,1,5.000000,0.000000,0.500000
241,1,1,5.000000,0.000000,0.500000
242,1,1,5.000000,0.000000,0.500000
243,1,1,8.000000,0.600000,0.500000
244,1,1,6.000000,0.300000,0.500000
245,1,1,15.000000,1.000000,0.500000
246,1,1,11.000000,1.000000,0.500000
247,1,1,6.000000,0.300000,0.500000
248,1,1,5.000000,0.000000,0.500000
249,1,1,5.000000,0.000000,0.500000
250,1,1,6.000000,0.300000,0.500000
251,1,1,5.000000,0.000000,0.500000
252,1,1,9.000000,0.800000,0.500000
253,1,1,5.000000,0.000000,0.500000
254,1,1,7.000000,0.600000,0.500000
255,1,1,6.000000,0.300000,0.500000
256,0,1,10.000000,0.900000,0.500000
257,1,1,6.000000,0.300000,0.500000
258,1,1,6.000000,0.300000,0.500000
259,1,1,9.000000,0.800000,0.500000
260,1,1,5.000000,0.000000,0.500000
261,1,1,10.000000,0.900000,0.500000
262,1,1,7.000000,0.600000,0.500000
263,1,1,5.000000,0.000000,0.500000
264,0,1,14.000000,0.900000,0.500000
265,0,1,7.000000,0.700000,0.500000
266,1,1,7.000000,0.600000,0.500000
267,1,1,10.000000,0.700000,0.500000
268,1,1,16.000000,1.000000,0.500000
269,1,1,11.000000,0.900000,0.500000
270,1,1,6.000000,0.300000,0.500000
271,0,1,7.000000,0.600000,0.500000
272,0,0,7.000000,0.600000,0.500000
273,1,1,6.000000,0.300000,0.500000
274,1,1,6.000000,0.300000,0.500000
275,1,1,6.000000,0.300000,0.500000
276,1,1,7.000000,0.900000,0.500000
277,1,1,8.000000,0.600000,0.500000
278,1,1,6.000000,0.300000,0.500000
279,1,1,6.000000,0.300000,0.500000
280,1,1,5.000000,0.000000,0.500000
281,1,1,12.000000,0.900000,0.500000
282,1,1,7.000000,0.600000,0.500000
283,1,1,6.000000,0.300000,0.500000
284,1,1,13.000000,0.900000,0.500000
285,1,1,8.000000,0.700000,0.500000
286,0,1,10.000000,0.900000,0.500000
287,1,1,5.000000,0.000000,0.500000
288,1,1,6.000000,0.300000,0.500000
289,1,1,8.000000,0.900000,0.500000
290,1,1,6.000000,0.300000,0.500000
291,1,1,5.000000,0.000000,0.500000
292,1,1,11.000000,0.900000,0.500000
293,1,1,12.000000,0.900000,0.500000
294,1,1,7.000000,0.800000,0.500000
295,0,1,8.000000,0.900000,0.500000
296,1,1,6.000000,0.300000,0.500000
297,1,1,5.000000,0.000000,0.500000
298,1,1,7.000000,0.600000,0.500000
299,1,1,9.000000,0.500000,0.500000
300,1,1,5.000000,0.000000,0.500000
301,1,1,7.000000,0.900000,0.500000
302,1,1,6.000000,0.300000,0.500000
303,1,1,5.000000,0.000000,0.500000
304,1,1,6.000000,0.300000,0.500000
305,1,1,9.000000,0.800000,0.500000
306,1,1,13.000000,0.900000,0.500000
307,1,1,7.000000,0.600000,0.500000
308,1,1,10.000000,0.900000,0.500000
309,1,1,6.000000,0.300000,0.500000
310,1,1,8.000000,0.600000,0.500000
311,1,1,5.000000,0.000000,0.500000
312,1,1,9.000000,0.900000,0.500000
313,1,1,11.000000,0.900000,0.500000
314,1,1,6.000000,0.300000,0.500000
315,1,1,14.000000,0.900000,0.500000
316,1,1,8.000000,0.500000,0.500000
317,1,1,5.000000,0.000000,0.500000
318,1,1,8.000000,0.600000,0.500000
319,1,1,6.000000,0.300000,0.500000
320,1,1,5.000000,0.000000,0.500000
321,1,1,11.000000,0.800000,0.500000
322,1,1,7.000000,0.600000,0.500000
323,1,1,6.000000,0.300000,0.500000
324,1,1,7.000000,0.900000,0.500000
325,1,1,15.000000,0.900000,0.500000
326,1,1,6.000000,0.300000,0.500000
327,1,1,10.000000,0.800000,0.500000
328,1,1,7.000000,0.900000,0.500000
329,1,1,5.000000,0.000000,0.500000
330,0,0,8.000000,0.500000,0.500000
331,1,1,7.000000,0.600000,0.500000
332,1,1,13.000000,0.900000,0.500000
333,1,1,5.000000,0.000000,0.500000
334,1,1,11.000000,0.800000,0.500000
335,1,1,5.000000,0.000000,0.500000
336,1,1,5.000000,0.000000,0.500000
337,1,1,5.000000,0.000000,0.500000
338,1,1,6.000000,0.300000,0.500000
339,0,1,7.000000,0.600000,0.500000
340,1,1,9.000000,0.700000,0.500000
341,1,1,10.000000,0.800000,0.500000
342,1,1,11.000000,0.800000,0.500000
343,1,1,7.000000,0.800000,0.500000
344,1,1,7.000000,0.600000,0.500000
345,1,1,7.000000,0.600000,0.500000
346,1,1,6.000000,0.300000,0.500000
347,1,1,6.000000,0.300000,0.500000
348,1,1,5.000000,0.000000,0.500000
349,1,1,6.000000,0.300000,0.500000
350,1,1,6.000000,0.300000,0.500000
351,1,1,6.000000,0.300000,0.500000
352,1,1,10.000000,0.900000,0.500000
353,1,1,7.000000,0.800000,0.500000
354,1,1,6.000000,0.300000,0.500000
355,1,1,6.000000,0.300000,0.500000
356,1,1,10.000000,0.700000,0.500000
357,1,1,7.000000,0.600000,0.500000
358,1,1,10.000000,0.800000,0.500000
359,1,1,6.000000,0.300000,0.500000
360,1,1,5.000000,0.000000,0.500000
361,1,1,7.000000,0.600000,0.500000
362,1,1,6.000000,0.300000,0.500000
363,1,1,6.000000,0.300000,0.500000
364,1,1,11.000000,0.900000,0.500000
365,1,1,5.000000,0.000000,0.500000
366,1,1,5.000000,0.000000,0.500000
367,1,1,6.000000,0.300000,0.500000
368,1,1,5.000000,0.000000,0.500000
369,1,1,8.000000,0.500000,0.500000
370,1,1,7.000000,0.600000,0.500000
371,0,0,10.000000,0.800000,0.500000
372,1,1,8.000000,0.600000,0.500000
373,1,1,6.000000,0.300000,0.500000
374,1,1,7.000000,0.600000,0.500000
375,1,1,9.000000,0.500000,0.500000
376,1,1,14.000000,0.900000,0.500000
377,1,1,8.000000,0.600000,0.500000
378,1,1,7.000000,0.600000,0.500000
379,1,1,9.000000,0.500000,0.500000
380,0,0,5.000000,0.000000,0.500000
381,1,1,8.000000,0.600000,0.500000
382,1,1,10.000000,0.700000,0.500000
383,1,1,8.000000,0.600000,0.500000
384,1,1,6.000000,0.300000,0.500000
385,1,1,6.000000,0.300000,0.500000
386,1,1,8.000000,0.800000,0.500000
387,1,1,5.000000,0.000000,0.500000
388,1,1,5.000000,0.000000,0.500000
389,1,1,10.000000,0.900000,0.500000
390,1,1,7.000000,0.800000,0.500000
391,1,1,5.000000,0.000000,0.500000
392,1,1,5.000000,0.000000,0.500000
393,1,1,13.000000,1.000000,0.500000
394,1,1,9.000000,0.500000,0.500000
395,1,1,6.000000,0.300000,0.500000
396,1,1,5.000000,0.000000,0.500000
397,1,1,6.000000,0.300000,0.500000
398,1,1,6.000000,0.300000,0.500000
399,0,1,8.000000,0.900000,0.500000
400,1,1,12.000000,1.000000,0.500000
401,1,1,5.000000,0.000000,0.500000
402,1,1,5.000000,0.000000,0.500000
403,1,1,6.000000,0.300000,0.500000
404,1,1,6.000000,0.300000,0.500000
405,1,1,5.000000,0.000000,0.500000
406,1,1,5.000000,0.000000,0.500000
407,1,1,5.000000,0.000000,0.500000
408,1,1,6.000000,0.300000,0.500000
409,1,1,11.000000,0.800000,0.500000
410,1,1,7.000000,0.600000,0.500000
411,1,1,11.000000,0.800000,0.500000
412,1,1,5.000000,0.000000,0.500000
413,0,1,15.000000,1.000000,0.500000
414,0,1,7.000000,0.600000,0.500000
415,1,1,8.000000,0.900000,0.500000
416,1,1,10.000000,0.900000,0.500000
417,1,1,5.000000,0.000000,0.500000
418,1,1,7.000000,0.600000,0.500000
419,0,0,6.000000,0.300000,0.500000
420,1,1,10.000000,0.900000,0.500000
421,1,1,11.000000,0.900000,0.500000
422,1,1,6.000000,0.300000,0.500000
423,0,1,6.000000,0.300000,0.500000
424,0,1,11.000000,1.000000,0.500000
425,1,1,6.000000,0.300000,0.500000
426,1,1,8.000000,0.900000,0.500000
427,1,1,6.000000,0.300000,0.500000
428,1,1,11.000000,0.900000,0.500000
429,1,1,6.000000,0.300000,0.500000
430,1,1,5.000000,0.000000,0.500000
431,1,1,8.000000,0.600000,0.500000
432,1,1,6.000000,0.300000,0.500000
433,1,1,6.000000,0.300000,0.500000
434,1,1,6.000000,0.300000,0.500000
435,1,1,7.000000,0.600000,0.500000
436,1,1,10.000000,0.700000,0.500000
437,1,1,5.000000,0.000000,0.500000
438,1,1,14.000000,0.900000,0.500000
439,1,1,5.000000,0.000000,0.500000
440,1,1,9.000000,0.800000,0.500000
441,1,1,5.000000,0.000000,0.500000
442,1,1,5.000000,0.000000,0.500000
443,1,1,7.000000,0.600000,0.500000
444,1,1,7.000000,0.600000,0.500000
445,1,1,5.000000,0.000000,0.500000
446,1,1,8.000000,0.800000,0.500000
447,1,1,14.000000,1.000000,0.500000
448,1,1,7.000000,0.600000,0.500000
449,1,1,9.000000,0.700000,0.500000
450,0,1,10.000000,0.900000,0.500000
451,1,1,7.000000,0.800000,0.500000
452,1,1,7.000000,0.600000,0.500000
453,1,1,5.000000,0.000000,0.500000
454,1,1,6.000000,0.300000,0.500000
455,1,1,5.000000,0.000000,0.500000
456,1,1,9.000000,0.500000,0.500000
457,1,1,6.000000,0.300000,0.500000
458,1,1,8.000000,0.600000,0.500000
459,1,1,15.000000,1.000000,0.500000
460,1,1,6.000000,0.300000,0.500000
461,1,1,6.000000,0.300000,0.500000
462,1,1,7.000000,0.600000,0.500000
463,1,1,5.000000,0.000000,0.500000
464,1,1,9.000000,0.800000,0.500000
465,1,1,7.000000,0.600000,0.500000
466,1,1,5.000000,0.000000,0.500000
467,1,1,7.000000,0.800000,0.500000
468,1,1,6.000000,0.300000,0.500000
469,1,1,13.000000,0.900000,0.500000
470,0,1,9.000000,0.800000,0.500000
471,1,1,6.000000,0.300000,0.500000
472,1,1,10.000000,0.900000,0.500000
473,1,1,6.000000,0.300000,0.500000
474,1,1,12.000000,1.000000,0.500000
475,1,1,5.000000,0.000000,0.500000
476,1,1,9.000000,0.700000,0.500000
477,1,1,6.000000,0.300000,0.500000
478,1,1,6.000000,0.300000,0.500000
479,1,1,6.000000,0.300000,0.500000
480,1,1,7.000000,0.600000,0.500000
481,1,1,7.000000,0.600000,0.500000
482,0,1,7.000000,0.800000,0.500000
483,1,1,6.000000,0.300000,0.500000
484,1,1,17.000000,1.000000,0.500000
485,1,1,6.000000,0.300000,0.500000
486,1,1,5.000000,0.000000,0.500000
487,1,1,6.000000,0.300000,0.500000
488,0,1,5.000000,0.000000,0.500000
489,1,1,6.000000,0.300000,0.500000
490,1,1,5.000000,0.000000,0.500000
491,1,1,7.000000,0.600000,0.500000
492,1,1,5.000000,0.000000,0.500000
493,1,1,13.000000,0.900000,0.500000
494,1,1,5.000000,0.000000,0.500000
495,1,1,5.000000,0.000000,0.500000
496,1,1,7.000000,0.600000,0.500000
497,1,1,10.000000,0.700000,0.500000
498,1,1,7.000000,0.600000,0.500000
499,1,1,5.000000,0.000000,0.500000
500,1,1,7.000000,0.900000,0.500000
501,1,1,7.000000,0.900000,0.500000
502,1,1,5.000000,0.000000,0.500000
503,1,1,5.000000,0.000000,0.500000
504,1,1,7.000000,0.600000,0.500000
505,1,1,7.000000,0.800000,0.500000
506,1,1,7.000000,0.600000,0.500000
507,1,1,6.000000,0.300000,0.500000
508,1,1,8.000000,0.600000,0.500000
509,1,1,7.000000,0.800000,0.500000
510,1,1,7.000000,0.800000,0.500000
511,1,1,5.000000,0.000000,0.500000
512,1,1,6.000000,0.300000,0.500000
513,1,1,14.000000,0.900000,0.500000
514,1,1,8.000000,0.700000,0.500000
515,1,1,8.000000,0.600000,0.500000
516,1,1,8.000000,0.600000,0.500000
517,1,1,8.000000,0.500000,0.500000
518,1,1,6.000000,0.300000,0.500000
519,1,1,5.000000,0.000000,0.500000
520,1,1,6.000000,0.300000,0.500000
521,1,1,6.000000,0.300000,0.500000
522,1,1,7.000000,0.600000,0.500000
523,0,1,7.000000,0.800000,0.500000
524,1,1,8.000000,0.700000,0.500000
525,1,1,15.000000,0.900000,0.500000
526,1,1,9.000000,0.500000,0.500000
527,1,1,9.000000,0.500000,0.500000
528,1,1,7.000000,0.600000,0.500000
529,1,1,6.000000,0.300000,0.500000
530,1,1,5.000000,0.000000,0.500000
531,1,1,6.000000,0.300000,0.500000
532,1,1,9.000000,0.500000,0.500000
533,1,1,7.000000,0.600000,0.500000
534,1,1,6.000000,0.300000,0.500000
535,1,1,9.000000,0.700000,0.500000
536,1,1,5.000000,0.000000,0.500000
537,1,1,9.000000,0.800000,0.500000
538,1,1,5.000000,0.000000,0.500000
539,1,1,7.000000,0.900000,0.500000
540,1,1,6.000000,0.300000,0.500000
541,0,1,8.000000,0.900000,0.500000
542,1,1,12.000000,0.900000,0.500000
543,1,1,10.000000,0.700000,0.500000
544,1,1,5.000000,0.000000,0.500000
545,1,1,6.000000,0.300000,0.500000
546,0,1,7.000000,0.600000,0.500000
547,0,1,8.000000,0.900000,0.500000
548,1,1,6.000000,0.300000,0.500000
549,1,1,5.000000,0.000000,0.500000
550,1,1,5.000000,0.000000,0.500000
551,1,1,6.000000,0.300000,0.500000
552,1,1,6.000000,0.300000,0.500000
553,1,1,7.000000,0.600000,0.500000
554,1,1,7.000000,0.600000,0.500000
555,1,1,7.000000,0.600000,0.500000
556,1,1,5.000000,0.000000,0.500000
557,1,1,5.000000,0.000000,0.500000
558,1,1,5.000000,0.000000,0.500000
559,1,1,6.000000,0.300000,0.500000
560,1,1,12.000000,0.900000,0.500000
561,1,1,5.000000,0.000000,0.500000
562,1,1,5.000000,0.000000,0.500000
563,1,1,5.000000,0.000000,0.500000
564,1,1,5.000000,0.000000,0.500000
565,1,1,9.000000,0.700000,0.500000
566,1,1,5.000000,0.000000,0.500000
567,1,1,12.000000,0.900000,0.500000
568,1,1,6.000000,0.300000,0.500000
569,1,1,6.000000,0.300000,0.500000
570,0,1,11.000000,0.900000,0.500000
571,1,1,7.000000,0.600000,0.500000
572,1,1,10.000000,0.800000,0.500000
573,1,1,7.000000,0.600000,0.500000
574,1,1,5.000000,0.000000,0.500000
575,1,1,10.000000,0.700000,0.500000
576,1,1,18.000000,1.000000,0.500000
577,1,1,11.000000,1.000000,0.500000
578,1,1,6.000000,0.300000,0.500000
579,1,1,6.000000,0.300000,0.500000
580,1,1,7.000000,0.600000,0.500000
581,1,1,8.000000,0.600000,0.500000
582,1,1,6.000000,0.300000,0.500000
583,1,1,7.000000,0.600000,0.500000
584,1,1,9.000000,0.800000,0.500000
585,1,1,6.000000,0.300000,0.500000
586,1,1,6.000000,0.300000,0.500000
587,1,1,5.000000,0.000000,0.500000
588,1,1,5.000000,0.000000,0.500000
589,1,1,8.000000,0.700000,0.500000
590,1,1,7.000000,0.800000,0.500000
591,1,1,6.000000,0.300000,0.500000
592,1,1,10.000000,0.900000,0.500000
593,1,1,6.000000,0.300000,0.500000
594,0,1,12.000000,0.900000,0.500000
595,1,1,6.000000,0.300000,0.500000
596,1,1,6.000000,0.300000,0.500000
597,1,1,7.000000,0.800000,0.500000
598,1,1,7.000000,0.600000,0.500000
599,1,1,9.000000,0.800000,0.500000
600,1,1,8.000000,0.600000,0.500000
601,1,1,7.000000,0.600000,0.500000
602,1,1,12.000000,0.900000,0.500000
603,1,1,15.000000,1.000000,0.500000
604,1,1,13.000000,1.000000,0.500000
605,1,1,6.000000,0.300000,0.500000
606,1,1,6.000000,0.300000,0.500000
607,1,1,5.000000,0.000000,0.500000
608,1,1,8.000000,0.700000,0.500000
609,1,1,7.000000,0.600000,0.500000
610,1,1,8.000000,0.800000,0.500000
611,1,1,12.000000,0.900000,0.500000
612,1,1,5.000000,0.000000,0.500000
613,1,1,5.000000,0.000000,0.500000
614,1,1,6.000000,0.300000,0.500000
615,1,1,5.000000,0.000000,0.500000
616,1,1,11.000000,0.900000,0.500000
617,1,1,6.000000,0.300000,0.500000
618,1,1,5.000000,0.000000,0.500000
619,1,1,10.000000,0.900000,0.500000
620,1,1,5.000000,0.000000,0.500000
621,1,1,5.000000,0.000000,0.500000
622,1,1,12.000000,0.900000,0.500000
623,1,1,12.000000,0.900000,0.500000
624,1,1,9.000000,0.800000,0.500000
625,1,1,6.000000,0.300000,0.500000
626,1,1,16.000000,1.000000,0.500000
627,1,1,7.000000,0.600000,0.500000
628,1,1,7.000000,0.600000,0.500000
629,1,1,5.000000,0.000000,0.500000
630,1,1,5.000000,0.000000,0.500000
631,0,1,7.000000,0.800000,0.500000
632,1,1,7.000000,0.900000,0.500000
633,1,1,8.000000,0.600000,0.500000
634,1,1,7.000000,0.600000,0.500000
635,1,1,6.000000,0.300000,0.500000
636,1,1,6.000000,0.300000,0.500000
637,1,1,5.000000,0.000000,0.500000
638,0,1,9.000000,0.900000,0.500000
639,1,1,6.000000,0.300000,0.500000
640,1,1,6.000000,0.300000,0.500000
641,0,0,7.000000,0.700000,0.500000
642,1,1,5.000000,0.000000,0.500000
643,1,1,7.000000,0.600000,0.500000
644,1,1,7.000000,0.600000,0.500000
645,1,1,5.000000,0.000000,0.500000
646,1,1,5.000000,0.000000,0.500000
647,1,1,6.000000,0.300000,0.500000
648,1,1,5.000000,0.000000,0.500000
649,1,1,6.000000,0.300000,0.500000
650,1,1,5.000000,0.000000,0.500000
651,1,1,6.000000,0.300000,0.500000
652,1,1,5.000000,0.000000,0.500000
653,1,1,6.000000,0.300000,0.500000
654,1,1,17.000000,1.000000,0.500000
655,1,1,14.000000,1.000000,0.500000
656,0,1,11.000000,0.900000,0.500000
657,1,1,5.000000,0.000000,0.500000
658,1,1,7.000000,0.600000,0.500000
659,1,1,11.000000,0.800000,0.500000
660,1,1,6.000000,0.300000,0.500000
661,1,1,7.000000,0.600000,0.500000
662,1,1,5.000000,0.000000,0.500000
663,1,1,5.000000,0.000000,0.500000
664,1,1,6.000000,0.300000,0.500000
665,1,1,9.000000,0.500000,0.500000
666,1,1,6.000000,0.300000,0.500000
667,1,1,7.000000,0.900000,0.500000
668,1,1,10.000000,0.900000,0.500000
669,1,1,10.000000,0.800000,0.500000
670,1,1,10.000000,0.800000,0.500000
671,1,1,9.000000,0.500000,0.500000
672,1,1,7.000000,0.900000,0.500000
673,1,1,9.000000,0.700000,0.500000
674,1,1,9.000000,0.800000,0.500000
675,1,1,9.000000,0.500000,0.500000
676,1,1,6.000000,0.300000,0.500000
677,1,1,5.000000,0.000000,0.500000
678,1,1,7.000000,0.800000,0.500000
679,1,1,7.000000,0.600000,0.500000
680,0,1,8.000000,0.900000,0.500000
681,1,1,8.000000,0.800000,0.500000
682,1,1,7.000000,0.600000,0.500000
683,1,1,14.000000,0.900000,0.500000
684,1,1,6.000000,0.300000,0.500000
685,1,1,7.000000,0.600000,0.500000
686,1,1,7.000000,0.600000,0.500000
687,1,1,5.000000,0.000000,0.500000
688,1,1,11.000000,0.900000,0.500000
689,0,1,7.000000,0.800000,0.500000
690,1,1,6.000000,0.300000,0.500000
691,1,1,6.000000,0.300000,0.500000
692,1,1,7.000000,0.600000,0.500000
693,1,1,12.000000,0.900000,0.500000
694,0,1,12.000000,0.900000,0.500000
695,1,1,6.000000,0.300000,0.500000
696,1,1,10.000000,1.000000,0.500000
697,1,1,6.000000,0.300000,0.500000
698,1,1,8.000000,0.900000,0.500000
699,1,1,5.000000,0.000000,0.500000
700,1,1,6.000000,0.300000,0.500000
701,1,1,5.000000,0.000000,0.500000
702,1,1,11.000000,0.900000,0.500000
703,1,1,16.000000,0.900000,0.500000
704,1,1,8.000000,0.900000,0.500000
705,1,1,6.000000,0.300000,0.500000
706,1,1,6.000000,0.300000,0.500000
707,1,1,5.000000,0.000000,0.500000
708,1,1,7.000000,0.600000,0.500000
709,1,1,11.000000,0.900000,0.500000
710,1,1,6.000000,0.300000,0.500000
711,1,1,9.000000,0.700000,0.500000
712,1,1,8.000000,0.700000,0.500000
713,1,1,5.000000,0.000000,0.500000
714,0,0,7.000000,0.600000,0.500000
715,1,1,13.000000,1.000000,0.500000
716,1,1,11.000000,0.800000,0.500000
717,1,1,7.000000,0.600000,0.500000
718,0,1,7.000000,0.800000,0.500000
719,1,1,7.000000,0.600000,0.500000
720,1,1,6.000000,0.300000,0.500000
721,1,1,5.000000,0.000000,0.500000
722,1,1,5.000000,0.000000,0.500000
723,1,1,10.000000,0.800000,0.500000
724,1,1,8.000000,0.600000,0.500000
725,1,1,5.000000,0.000000,0.500000
726,1,1,7.000000,0.600000,0.500000
727,1,1,6.000000,0.300000,0.500000
728,1,1,6.000000,0.300000,0.500000
729,1,1,8.000000,0.600000,0.500000
730,1,1,9.000000,0.800000,0.500000
731,1,1,6.000000,0.300000,0.500000
732,1,1,7.000000,0.600000,0.500000
733,1,1,6.000000,0.300000,0.500000
734,1,1,6.000000,0.300000,0.500000
735,1,1,6.000000,0.300000,0.500000
736,1,1,5.000000,0.000000,0.500000
737,1,1,8.000000,0.600000,0.500000
738,1,1,6.000000,0.300000,0.500000
739,1,1,6.000000,0.300000,0.500000
740,1,1,7.000000,0.600000,0.500000
741,1,1,7.000000,0.600000,0.500000
742,1,1,5.000000,0.000000,0.500000
743,1,1,7.000000,0.600000,0.500000
744,1,1,6.000000,0.300000,0.500000
745,1,1,8.000000,0.800000,0.500000
746,1,1,6.000000,0.300000,0.500000
747,1,1,6.000000,0.300000,0.500000
748,1,1,18.000000,1.000000,0.500000
749,1,1,5.000000,0.000000,0.500000
750,1,1,11.000000,0.900000,0.500000
751,1,1,12.000000,0.800000,0.500000
752,1,1,6.000000,0.300000,0.500000
753,1,1,7.000000,0.600000,0.500000
754,1,1,8.000000,0.900000,0.500000
755,1,1,11.000000,1.000000,0.500000
756,1,1,5.000000,0.000000,0.500000
757,0,0,5.000000,0.000000,0.500000
758,1,1,9.000000,0.800000,0.500000
759,1,1,5.000000,0.000000,0.500000
760,1,1,6.000000,0.300000,0.500000
761,1,1,6.000000,0.300000,0.500000
762,1,1,8.000000,0.600000,0.500000
763,1,1,9.000000,0.800000,0.500000
764,1,1,5.000000,0.000000,0.500000
765,1,1,6.000000,0.300000,0.500000
766,1,1,10.000000,0.800000,0.500000
767,1,1,11.000000,0.900000,0.500000
768,1,1,7.000000,0.600000,0.500000
769,1,1,5.000000,0.000000,0.500000
770,1,1,5.000000,0.000000,0.500000
771,1,1,13.000000,0.800000,0.500000
772,1,1,6.000000,0.300000,0.500000
773,1,1,9.000000,0.700000,0.500000
774,1,1,6.000000,0.300000,0.500000
775,1,1,6.000000,0.300000,0.500000
776,1,1,7.000000,0.600000,0.500000
777,0,0,6.000000,0.300000,0.500000
778,1,1,6.000000,0.300000,0.500000
779,1,1,6.000000,0.300000,0.500000
780,1,1,10.000000,0.800000,0.500000
781,1,1,5.000000,0.000000,0.500000
782,1,1,5.000000,0.000000,0.500000
783,1,1,6.000000,0.300000,0.500000
784,1,1,6.000000,0.300000,0.500000
785,1,1,5.000000,0.000000,0.500000
786,0,1,16.000000,0.900000,0.500000
787,1,1,5.000000,0.000000,0.500000
788,1,1,6.000000,0.300000,0.500000
789,1,1,5.000000,0.000000,0.500000
790,1,1,10.000000,0.700000,0.500000
791,1,1,6.000000,0.300000,0.500000
792,1,1,12.000000,0.900000,0.500000
793,1,1,5.000000,0.000000,0.500000
794,1,1,8.000000,0.500000,0.500000
795,1,1,5.000000,0.000000,0.500000
796,1,1,6.000000,0.300000,0.500000
797,1,1,8.000000,0.600000,0.500000
798,1,1,8.000000,0.500000,0.500000
799,1,1,6.000000,0.300000,0.500000
800,1,1,7.000000,0.600000,0.500000
801,0,1,7.000000,0.800000,0.500000
802,1,1,6.000000,0.300000,0.500000
803,1,1,9.000000,0.500000,0.500000
804,1,1,18.000000,0.900000,0.500000
805,1,1,13.000000,1.000000,0.500000
806,1,1,8.000000,0.800000,0.500000
807,1,1,7.000000,0.600000,0.500000
808,1,1,5.000000,0.000000,0.500000
809,0,1,9.000000,0.900000,0.500000
810,0,1,10.000000,0.800000,0.500000
811,1,1,15.000000,1.000000,0.500000
812,1,1,8.000000,0.900000,0.500000
813,1,1,7.000000,0.800000,0.500000
814,1,1,7.000000,0.600000,0.500000
815,1,1,6.000000,0.300000,0.500000
816,1,1,5.000000,0.000000,0.500000
817,1,1,13.000000,0.900000,0.500000
818,1,1,5.000000,0.000000,0.500000
819,1,1,6.000000,0.300000,0.500000
820,1,1,6.000000,0.300000,0.500000
821,1,1,6.000000,0.300000,0.500000
822,1,1,6.000000,0.300000,0.500000
823,1,1,6.000000,0.300000,0.500000
824,1,1,7.000000,0.600000,0.500000
825,1,1,5.000000,0.000000,0.500000
826,1,1,6.000000,0.300000,0.500000
827,0,1,19.000000,0.900000,0.500000
828,1,1,7.000000,0.600000,0.500000
829,1,1,7.000000,0.800000,0.500000
830,1,1,13.000000,0.800000,0.500000
831,1,1,6.000000,0.300000,0.500000
832,1,1,11.000000,0.800000,0.500000
833,1,1,7.000000,0.800000,0.500000
834,1,1,5.000000,0.000000,0.500000
835,1,1,10.000000,0.700000,0.500000
836,1,1,7.000000,0.900000,0.500000
837,1,1,6.000000,0.300000,0.500000
838,1,1,6.000000,0.300000,0.500000
839,1,1,12.000000,0.900000,0.500000
840,1,1,9.000000,0.800000,0.500000
841,1,1,8.000000,0.800000,0.500000
842,1,1,5.000000,0.000000,0.500000
843,1,1,7.000000,0.800000,0.500000
844,1,1,6.000000,0.300000,0.500000
845,1,1,9.000000,0.700000,0.500000
846,1,1,5.000000,0.000000,0.500000
847,1,1,7.000000,0.600000,0.500000
848,1,1,5.000000,0.000000,0.500000
849,1,1,11.000000,0.900000,0.500000
850,1,1,11.000000,0.700000,0.500000
851,1,1,6.000000,0.300000,0.500000
852,1,1,7.000000,0.600000,0.500000
853,1,1,7.000000,0.600000,0.500000
854,1,1,5.000000,0.000000,0.500000
855,1,1,6.000000,0.300000,0.500000
856,1,1,6.000000,0.300000,0.500000
857,1,1,6.000000,0.300000,0.500000
858,1,1,6.000000,0.300000,0.500000
859,1,1,10.000000,0.800000,0.500000
860,1,1,14.000000,0.900000,0.500000
861,1,1,8.000000,0.700000,0.500000
862,1,1,6.000000,0.300000,0.500000
863,1,1,8.000000,0.600000,0.500000
864,1,1,7.000000,0.600000,0.500000
865,1,1,8.000000,0.600000,0.500000
866,1,1,7.000000,0.600000,0.500000
867,1,1,6.000000,0.300000,0.500000
868,1,1,12.000000,1.000000,0.500000
869,1,1,7.000000,0.600000,0.500000
870,1,1,7.000000,0.600000,0.500000
871,1,1,8.000000,0.800000,0.500000
872,1,1,6.000000,0.300000,0.500000
873,1,1,6.000000,0.300000,0.500000
874,1,1,6.000000,0.300000,0.500000
875,1,1,5.000000,0.000000,0.500000
876,1,1,6.000000,0.300000,0.500000
877,1,1,10.000000,0.900000,0.500000
878,1,1,8.000000,0.900000,0.500000
879,1,1,14.000000,0.800000,0.500000
880,1,1,7.000000,0.600000,0.500000
881,1,1,6.000000,0.300000,0.500000
882,1,1,7.000000,0.600000,0.500000
883,1,1,5.000000,0.000000,0.500000
884,1,1,5.000000,0.000000,0.500000
885,1,1,6.000000,0.300000,0.500000
886,1,1,9.000000,0.800000,0.500000
887,1,1,6.000000,0.300000,0.500000
888,1,1,9.000000,0.700000,0.500000
889,1,1,5.000000,0.000000,0.500000
890,1,1,6.000000,0.300000,0.500000
891,1,1,9.000000,0.800000,0.500000
892,1,1,6.000000,0.300000,0.500000
893,1,1,6.000000,0.300000,0.500000
894,1,1,5.000000,0.000000,0.500000
895,1,1,6.000000,0.300000,0.500000
896,1,1,7.000000,0.600000,0.500000
897,1,1,9.000000,0.900000,0.500000
898,1,1,5.000000,0.000000,0.500000
899,0,1,17.000000,1.000000,0.500000
900,1,1,7.000000,0.600000,0.500000
901,1,1,5.000000,0.000000,0.500000
902,1,1,6.000000,0.300000,0.500000
903,1,1,5.000000,0.000000,0.500000
904,1,1,7.000000,0.600000,0.500000
905,1,1,11.000000,1.000000,0.500000
906,1,1,9.000000,0.700000,0.500000
907,1,1,7.000000,0.600000,0.500000
908,0,1,16.000000,0.900000,0.500000
909,1,1,5.000000,0.000000,0.500000
910,0,0,6.000000,0.300000,0.500000
911,1,1,7.000000,0.800000,0.500000
912,1,1,6.000000,0.300000,0.500000
913,1,1,10.000000,0.700000,0.500000
914,1,1,6.000000,0.300000,0.500000
915,1,1,6.000000,0.300000,0.500000
916,1,1,6.000000,0.300000,0.500000
917,1,1,6.000000,0.300000,0.500000
918,1,1,5.000000,0.000000,0.500000
919,1,1,8.000000,0.600000,0.500000
920,1,1,6.000000,0.300000,0.500000
921,1,1,7.000000,0.600000,0.500000
922,1,1,11.000000,0.800000,0.500000
923,1,1,7.000000,0.600000,0.500000
924,1,1,5.000000,0.000000,0.500000
925,1,1,5.000000,0.000000,0.500000
926,1,1,6.000000,0.300000,0.500000
927,1,1,6.000000,0.300000,0.500000
928,1,1,9.000000,0.800000,0.500000
929,1,1,6.000000,0.300000,0.500000
930,1,1,11.000000,0.900000,0.500000
931,1,1,6.000000,0.300000,0.500000
932,1,1,5.000000,0.000000,0.500000
933,1,1,9.000000,0.700000,0.500000
934,1,1,6.000000,0.300000,0.500000
935,1,1,5.000000,0.000000,0.500000
936,1,1,7.000000,0.600000,0.500000
937,1,1,5.000000,0.000000,0.500000
938,1,1,6.000000,0.300000,0.500000
939,0,1,7.000000,0.600000,0.500000
940,1,1,7.000000,0.900000,0.500000
941,1,1,5.000000,0.000000,0.500000
942,1,1,5.000000,0.000000,0.500000
943,1,1,7.000000,0.600000,0.500000
944,1,1,15.000000,1.000000,0.500000
945,1,1,9.000000,0.700000,0.500000
946,1,1,8.000000,0.600000,0.500000
947,1,1,5.000000,0.000000,0.500000
948,1,1,11.000000,0.700000,0.500000
949,1,1,6.000000,0.300000,0.500000
950,1,1,6.000000,0.300000,0.500000
951,1,1,5.000000,0.000000,0.500000
952,1,1,6.000000,0.300000,0.500000
953,0,0,6.000000,0.300000,0.500000
954,1,1,13.000000,0.900000,0.500000
955,1,1,6.000000,0.300000,0.500000
956,1,1,6.000000,0.300000,0.500000
957,1,1,5.000000,0.000000,0.500000
958,1,1,5.000000,0.000000,0.500000
959,1,1,5.000000,0.000000,0.500000
960,1,1,5.000000,0.000000,0.500000
961,1,1,10.000000,0.800000,0.500000
962,1,1,6.000000,0.300000,0.500000
963,1,1,6.000000,0.300000,0.500000
964,1,1,5.000000,0.000000,0.500000
965,0,1,6.000000,0.300000,0.500000
966,1,1,5.000000,0.000000,0.500000
967,1,1,6.000000,0.300000,0.500000
968,1,1,8.000000,0.600000,0.500000
969,0,0,6.000000,0.300000,0.500000
970,1,1,6.000000,0.300000,0.500000
971,1,1,7.000000,0.900000,0.500000
972,1,1,5.000000,0.000000,0.500000
973,1,1,5.000000,0.000000,0.500000
974,0,1,9.000000,0.900000,0.500000
975,1,1,10.000000,0.800000,0.500000
976,1,1,7.000000,0.600000,0.500000
977,1,1,6.000000,0.300000,0.500000
978,1,1,7.000000,0.800000,0.500000
979,1,1,8.000000,0.500000,0.500000
980,1,1,7.000000,0.600000,0.500000
981,1,1,8.000000,0.900000,0.500000
982,1,1,6.000000,0.300000,0.500000
983,1,1,7.000000,0.800000,0.500000
984,1,1,6.000000,0.300000,0.500000
985,1,1,6.000000,0.300000,0.500000
986,1,1,5.000000,0.000000,0.500000
987,1,1,6.000000,0.300000,0.500000
988,1,1,6.000000,0.300000,0.500000
989,1,1,7.000000,0.600000,0.500000
990,1,1,6.000000,0.300000,0.500000
991,1,1,10.000000,0.900000,0.500000
992,1,1,6.000000,0.300000,0.500000
993,1,1,6.000000,0.300000,0.500000
994,1,1,5.000000,0.000000,0.500000
995,1,1,5.000000,0.000000,0.500000
996,1,1,8.000000,0.700000,0.500000
997,1,1,7.000000,0.600000,0.500000
998,1,1,5.000000,0.000000,0.500000
999,1,1,5.000000,0.000000,0.500000
WorkerID,Gamma,TrueGamma
433,0.415518,0.576961
473,0.487278,1.351332
17,0.405957,0.756633
530,0.506608,0.413080
283,0.441862,1.782178
220,0.409799,1.520767
916,0.521792,1.579181
36,0.436116,0.543753
653,0.448556,1.766869
332,0.644567,1.297060
24,0.429911,0.661036
636,0.499515,1.285648
599,0.556256,1.738405
273,0.434935,0.684044
202,0.556023,1.060569
905,0.548732,1.563527
895,0.514934,0.997037
84,0.387587,1.120882
984,0.497503,1.381777
720,0.458789,1.207746
469,0.464007,0.955339
305,0.552779,1.574437
550,0.528139,1.591074
718,0.478470,1.335473
595,0.397115,0.601940
193,0.689404,1.672292
382,0.544641,1.169908
641,0.482743,0.464397
835,0.577044,2.458494
482,0.407057,0.819944
688,0.574262,1.321843
102,0.376297,0.458025
389,0.480278,1.414439
506,0.460522,0.456819
583,0.488486,0.528666
941,0.432348,0.920909
209,0.527776,1.449152
494,0.522554,1.098895
947,0.543413,1.183071
925,0.442218,0.661467
497,0.495514,1.591369
554,0.446778,0.606938
37,0.482964,1.989436
732,0.507198,0.928203
952,0.648579,1.688480
986,0.656339,1.678251
785,0.504588,0.538785
523,0.570588,1.834136
362,0.581940,1.805915
224,0.459596,0.655116
200,0.471538,0.952434
549,0.404450,0.440538
327,0.444132,1.299017
976,0.496200,0.903551
203,0.559589,1.286938
347,0.414157,1.551548
134,0.433750,0.921624
727,0.539595,1.153257
260,0.501694,1.661503
43,0.457212,1.118689
431,0.582359,1.392476
597,0.440098,0.474833
23,0.506749,1.511400
783,0.571921,3.119225
753,0.504664,1.421214
877,0.482536,0.690556
915,0.439500,0.259755
787,0.669490,1.281396
733,0.426109,1.260216
529,0.439144,0.875584
618,0.469495,1.286706
544,0.459857,1.094485
22,0.507938,0.819200
73,0.706685,1.744527
961,0.469463,0.858373
724,0.387685,0.709015
307,0.511160,1.147598
257,0.457375,1.358978
556,0.408107,0.991986
564,0.473452,0.469729
9,0.480045,0.934300
436,0.421504,0.618415
894,0.395003,0.627385
374,0.464952,0.798565
357,0.560028,2.327803
560,0.558293,1.506380
839,0.491690,0.673865
182,0.500837,1.712466
731,0.451164,1.779486
999,0.505438,1.508811
325,0.528893,1.418497
893,0.443460,1.353900
407,0.443047,1.120502
210,0.425797,1.019823
760,0.570855,0.829438
439,0.520920,0.793266
827,0.544310,2.060286
992,0.425592,1.030803
935,0.426457,0.893864
106,0.527410,0.980586
939,0.537627,0.776955
40,0.651649,1.600307
660,0.425459,0.495365
90,0.422758,1.205182
931,0.442739,1.156331
517,0.524856,1.738883
920,0.384857,1.024471
649,0.469638,0.984544
424,0.513324,0.982182
50,0.394048,0.272840
44,0.535583,1.201064
953,0.577078,1.780659
380,0.481800,0.792378
123,0.629339,2.212395
39,0.407702,0.222750
807,0.488354,2.698576
213,0.364438,0.395220
170,0.468888,1.053042
690,0.456206,1.519187
771,0.485810,0.402041
78,0.400550,1.100726
773,0.578400,1.295253
933,0.542017,2.745360
882,0.499172,0.780363
675,0.488169,0.679908
844,0.457924,0.788245
275,0.475931,0.461963
631,0.437689,2.639446
272,0.506912,1.145678
842,0.601754,1.577734
232,0.395891,0.567234
750,0.372665,0.937567
118,0.439942,0.142442
303,0.458536,2.220698
823,0.469254,0.502668
71,0.345186,0.516221
82,0.468660,0.995651
86,0.420701,1.306024
524,0.599773,1.110492
557,0.449705,2.092263
503,0.440555,0.669026
384,0.387418,0.831052
179,0.403926,1.561828
440,0.429391,0.245884
502,0.445391,0.191540
725,0.497575,1.200141
223,0.486296,1.651374
776,0.533607,0.709684
759,0.771589,3.260977
703,0.380763,0.515955
54,0.438386,0.490338
626,0.522859,1.228245
543,0.390291,0.788615
88,0.539747,1.279241
420,0.551094,1.569602
709,0.538499,1.227022
555,0.457280,1.016496
541,0.407125,0.939316
255,0.461054,0.507494
711,0.511064,0.954228
415,0.531919,0.874596
988,0.478007,2.122945
723,0.464848,2.002408
150,0.553659,1.788721
375,0.434294,0.206348
481,0.518103,3.173114
34,0.494163,1.365397
736,0.505367,2.011080
217,0.434065,0.795846
828,0.472964,1.022938
568,0.498653,1.879835
739,0.458053,1.350738
954,0.493021,0.884121
707,0.553514,1.350848
784,0.496894,0.205252
487,0.557339,1.803556
425,0.437065,0.521592
908,0.405196,0.204186
12,0.520292,2.061351
216,0.468646,1.825074
738,0.507418,1.948628
240,0.576564,1.760441
791,0.522430,1.127571
609,0.508336,1.553343
607,0.393392,1.077472
397,0.486386,0.863494
94,0.407751,0.768467
372,0.467155,0.777530
855,0.566234,1.752720
998,0.458357,1.535706
598,0.439363,2.214628
449,0.540757,1.162446
573,0.501644,1.102527
810,0.453344,0.591920
532,0.394646,0.415187
519,0.382581,0.616349
843,0.481919,1.259439
174,0.392694,0.537266
452,0.429346,0.439917
322,0.443129,1.293015
729,0.401239,0.915001
276,0.478800,0.405437
970,0.458871,0.786769
879,0.499074,1.163172
596,0.504201,1.109976
69,0.540699,0.734275
265,0.415702,1.171663
421,0.528735,1.789848
470,0.514514,1.818717
119,0.464880,1.484476
768,0.559783,1.433951
55,0.472727,0.449351
101,0.507663,0.896516
5,0.547701,0.307512
632,0.490688,1.195515
316,0.548253,0.907641
567,0.512851,0.352867
794,0.688694,1.844825
883,0.466322,0.718151
819,0.546578,1.209997
640,0.608326,0.952099
13,0.467670,1.267681
949,0.468649,0.490434
214,0.522074,0.730021
30,0.472010,0.728901
243,0.521983,1.088037
226,0.526627,2.124763
108,0.501426,1.424837
995,0.582268,0.964720
552,0.689131,2.829828
917,0.509072,0.514844
854,0.660378,0.854315
495,0.608258,1.836000
764,0.445280,1.099454
277,0.478389,1.320263
747,0.540368,0.910426
978,0.661269,4.183775
308,0.599336,1.366978
526,0.579810,1.454445
185,0.518881,1.154884
41,0.591719,0.818959
198,0.464537,2.359091
951,0.471630,0.481691
468,0.504633,0.917638
645,0.439798,0.444094
504,0.518001,1.663961
145,0.506199,1.412522
75,0.483101,0.694045
435,0.491941,0.722555
64,0.495509,0.930895
234,0.460499,1.076042
630,0.444447,0.574083
960,0.538355,0.909455
399,0.631093,1.273825
289,0.621665,1.661902
996,0.701762,1.268988
337,0.616996,0.844217
914,0.612617,0.831463
963,0.462242,2.815638
136,0.553043,2.079686
124,0.474314,0.619417
863,0.593609,1.192081
29,0.482784,0.895381
144,0.711249,1.742757
800,0.623831,0.809389
98,0.514315,0.717727
849,0.591343,1.393875
546,0.558460,0.844303
867,0.456320,1.152863
668,0.551332,0.979607
813,0.449961,1.148168
229,0.654458,1.625515
228,0.606281,1.698929
152,0.538392,1.552991
812,0.559313,1.055347
189,0.479292,0.470522
535,0.640637,1.212892
363,0.536901,0.519580
881,0.563760,0.248861
511,0.519899,1.439576
891,0.542950,0.745832
528,0.513159,0.446900
693,0.526949,0.854956
516,0.554029,0.552887
569,0.456105,0.992050
928,0.440662,0.512710
689,0.672850,1.495074
93,0.479214,1.387870
80,0.574259,1.174223
656,0.480737,1.106033
423,0.509725,1.180825
786,0.430168,0.846927
624,0.505388,0.374182
980,0.536682,1.183794
628,0.496987,1.829827
779,0.617895,1.724884
576,0.515317,2.068872
655,0.526752,0.810961
438,0.387307,0.613069
798,0.578785,0.684761
237,0.514747,0.535025
111,0.459044,0.593315
353,0.586075,1.528467
3,0.457526,1.065351
311,0.527360,1.568655
962,0.535924,0.488074
417,0.517609,0.878004
617,0.515172,0.922148
299,0.567278,1.188795
244,0.534146,0.821443
183,0.496649,2.188374
110,0.600683,1.550760
348,0.432210,0.350180
430,0.531132,1.549134
166,0.612728,2.120016
772,0.535682,1.706348
155,0.513254,0.885715
682,0.465410,0.793187
932,0.489297,0.462640
565,0.491391,0.525511
359,0.536586,1.710684
46,0.525001,0.868724
398,0.538273,0.668930
241,0.636534,0.824109
351,0.658823,1.248061
531,0.563035,0.887475
538,0.517980,0.904902
177,0.456993,0.790940
686,0.484308,1.538628
608,0.551890,0.777103
133,0.502632,0.299482
796,0.517547,2.167610
147,0.588832,0.799751
600,0.595258,0.546980
489,0.685343,0.981423
717,0.458779,0.974881
929,0.454770,0.369912
606,0.506555,0.779311
856,0.615410,1.394166
358,0.593514,0.997308
42,0.456887,0.547743
31,0.490957,1.530149
922,0.744806,1.606832
767,0.524439,1.641653
899,0.567185,1.495666
250,0.499134,0.212515
366,0.473917,0.381459
872,0.637047,0.780789
822,0.600167,0.719632
702,0.608290,0.819982
719,0.663364,1.300948
112,0.451052,0.538221
734,0.529874,0.870834
227,0.472775,0.889903
35,0.594111,1.028525
611,0.534521,1.014072
186,0.523225,0.787809
429,0.471177,2.298231
699,0.511582,1.761820
493,0.522284,1.546962
637,0.540107,0.476902
66,0.555948,0.454014
346,0.510202,2.083072
74,0.458109,1.033751
901,0.599315,0.657731
262,0.516515,0.698083
769,0.443836,0.780146
685,0.528426,1.204677
792,0.463652,0.687194
670,0.458784,0.491666
405,0.592105,0.974623
652,0.507367,0.791601
413,0.516753,0.745984
742,0.484351,0.269903
138,0.524686,0.747728
770,0.498398,1.257735
48,0.453225,1.864914
278,0.564326,1.872473
623,0.475051,1.125453
967,0.571481,0.433309
821,0.513959,1.237499
755,0.513711,0.751699
722,0.645371,1.596659
971,0.496269,1.385199
938,0.595209,0.469162
437,0.467819,0.130868
547,0.624009,0.931337
248,0.594811,0.934438
977,0.486130,0.712026
285,0.586950,1.543025
956,0.447767,0.689237
151,0.568882,0.972157
242,0.593030,1.271435
83,0.507667,0.816391
751,0.656281,1.902711
593,0.450548,0.599665
910,0.502865,1.559642
21,0.484394,0.981627
744,0.481124,1.046389
377,0.515260,0.637531
302,0.511582,0.503553
888,0.546731,0.519945
613,0.520369,0.798044
263,0.486045,1.266980
635,0.437501,1.404162
115,0.556635,1.477526
52,0.647947,0.882941
304,0.587316,3.674873
581,0.585583,0.792226
969,0.472783,0.469121
91,0.478022,0.636547
774,0.476289,1.040725
542,0.619230,1.208282
559,0.511012,1.610699
107,0.710877,2.207263
580,0.505267,1.000291
817,0.537132,0.472060
907,0.555245,0.762369
940,0.464213,1.011984
840,0.560826,1.253545
125,0.531577,0.884107
862,0.490337,1.457901
56,0.491262,1.877960
419,0.534059,0.595958
410,0.515784,0.541002
45,0.559304,2.912709
743,0.599427,0.625584
677,0.495704,0.410836
300,0.468976,0.360508
162,0.471620,1.099090
997,0.450834,0.488746
370,0.464335,0.658999
474,0.540335,1.533479
766,0.464386,1.272218
20,0.592969,1.481015
465,0.483728,0.515404
173,0.516003,1.821216
864,0.514275,1.961299
950,0.733004,2.017207
590,0.497714,0.989166
68,0.564476,0.772984
427,0.554818,0.963365
321,0.731924,1.855165
973,0.570911,1.444353
335,0.572403,1.053865
927,0.572408,1.326401
361,0.571457,3.035083
634,0.597238,1.737897
942,0.537743,0.604140
496,0.535223,1.078594
153,0.608342,0.892972
804,0.502516,1.631733
605,0.449509,0.255581
378,0.454189,0.942667
379,0.568269,1.488917
974,0.679697,0.917474
662,0.643269,1.279194
713,0.521868,1.527136
484,0.647824,2.460483
522,0.544724,1.906226
18,0.510925,0.476223
644,0.507871,0.609486
897,0.612435,1.609097
391,0.539081,1.589381
889,0.560513,1.145840
694,0.515001,1.169442
324,0.485522,0.567981
944,0.578219,1.090571
340,0.458235,1.272223
594,0.532641,2.183642
383,0.561881,1.338859
876,0.524949,1.405201
72,0.516546,1.068089
945,0.646659,0.934838
178,0.607347,1.123368
329,0.479901,2.197680
801,0.572356,1.831562
647,0.484067,1.329238
195,0.511290,1.055230
740,0.446562,1.363141
400,0.566365,1.257374
866,0.643805,0.991636
674,0.475125,1.937266
168,0.477955,0.709137
646,0.549551,0.975502
913,0.445491,0.225468
6,0.496913,1.516044
295,0.535736,0.651800
966,0.599314,0.872936
448,0.493349,1.239580
896,0.611311,1.198733
721,0.465595,0.839310
293,0.512128,1.070670
211,0.527277,0.310043
601,0.554765,0.872967
847,0.544232,2.073201
28,0.598030,0.758501
165,0.613052,1.474409
447,0.634844,1.950029
837,0.625251,1.546580
204,0.566330,0.744628
164,0.518076,0.488303
906,0.563105,1.049685
219,0.740421,1.516698
571,0.766917,1.091551
665,0.568368,0.567853
269,0.646931,1.645317
149,0.640721,1.271975
741,0.659812,1.465067
63,0.544323,0.567131
408,0.716716,1.574597
706,0.517374,0.640648
132,0.616699,2.079801
850,0.625580,0.390144
192,0.623552,0.762090
161,0.541105,1.528274
47,0.700438,1.418719
716,0.589036,1.739310
388,0.570014,0.849493
492,0.633123,1.579006
201,0.695926,2.335576
81,0.654620,1.031184
212,0.673731,0.596026
833,0.624401,1.877933
339,0.772325,1.181349
860,0.604149,0.426864
509,0.703462,1.681734
619,0.502566,0.667967
805,0.685781,0.561501
441,0.621032,0.772866
458,0.520024,1.518648
19,0.528187,0.525206
911,0.609477,1.169901
878,0.757093,1.728760
488,0.556839,1.061905
460,0.738343,1.114994
231,0.612591,2.313610
728,0.545092,1.412638
514,0.625769,0.933140
159,0.576129,0.872652
512,0.558698,1.374548
471,0.701021,1.718214
865,0.626165,1.056134
870,0.518111,1.319344
857,0.652991,0.903551
761,0.637544,1.586245
4,0.664256,0.741513
715,0.523743,1.080282
251,0.635945,0.490242
627,0.811307,1.280870
385,0.730069,1.611787
991,0.570505,1.538447
924,0.674995,0.996116
490,0.622558,1.922765
937,0.700736,1.691704
909,0.673492,0.986436
252,0.608025,1.179452
537,0.621037,2.074919
572,0.564761,1.585535
885,0.530004,0.998352
291,0.717310,1.970262
585,0.684822,1.091215
912,0.649950,0.180486
577,0.593933,2.215542
432,0.764979,1.965672
70,0.502391,1.151382
105,0.625213,2.556124
188,0.563051,1.459681
218,0.574838,0.272334
616,0.514450,1.900718
898,0.675554,2.137288
659,0.578934,2.331200
60,0.513515,1.273609
695,0.578254,1.609504
238,0.641787,1.480775
657,0.576426,0.848523
390,0.581558,1.483274
663,0.706330,2.320986
478,0.655611,2.279062
267,0.588484,0.700682
869,0.794463,2.054613
312,0.587407,0.917885
411,0.627103,0.300595
368,0.608190,0.614718
191,0.614040,1.275269
621,0.629417,1.471523
336,0.597235,1.214121
394,0.716617,1.507166
288,0.664434,0.762438
114,0.617418,1.707157
142,0.696399,1.495143
579,0.665945,1.132325
418,0.661784,0.516803
669,0.625655,1.297817
350,0.683052,2.496816
763,0.607868,1.696181
120,0.598683,1.786185
249,0.632641,1.656493
918,0.664458,0.696976
650,0.618747,1.343000
588,0.533753,0.404371
456,0.659657,1.410775
396,0.648802,1.755566
684,0.569050,0.875591
32,0.570598,0.815880
679,0.614029,0.906680
160,0.544021,1.078552
672,0.572331,1.112307
313,0.606562,0.852673
467,0.622510,1.369398
777,0.631148,0.904339
207,0.642319,1.036507
49,0.745305,1.930309
778,0.813658,1.343439
406,0.652865,0.239788
936,0.769349,1.370618
343,0.553667,0.691391
96,0.590656,1.060904
62,0.574978,1.092267
16,0.603049,2.396053
797,0.535818,0.492896
190,0.594097,0.826688
486,0.738886,1.474963
979,0.667148,0.857746
510,0.644656,0.909985
861,0.684511,2.545600
789,0.568900,1.143287
858,0.506466,0.610390
757,0.558113,0.722755
507,0.859041,3.038766
167,0.667455,1.575826
290,0.676035,1.616281
131,0.570714,2.418382
943,0.647103,1.728297
459,0.878642,1.717502
354,0.596502,1.145840
930,0.562187,2.446263
387,0.547231,1.194077
965,0.575970,0.998465
352,0.610697,1.722693
464,0.665500,0.988190
730,0.570170,0.645689
89,0.590347,0.415991
163,0.604261,1.152282
197,0.667489,1.364321
319,0.747430,0.689563
832,0.508813,1.043922
825,0.682037,1.224283
589,0.587410,0.769394
638,0.696090,0.881345
281,0.546899,1.100035
158,0.653688,2.786333
831,0.647506,0.434668
59,0.614131,1.067360
99,0.607425,0.774081
654,0.625168,1.008496
233,0.613797,1.947464
548,0.528656,1.976519
698,0.475092,0.890883
261,0.529698,0.794462
245,0.672422,1.137550
661,0.525075,0.945598
903,0.544654,1.279127
297,0.563928,0.853290
236,0.679705,2.308695
381,0.549561,0.709283
553,0.552497,0.923472
298,0.685094,1.619966
393,0.610360,1.463225
838,0.727790,1.525286
345,0.702705,1.798510
852,0.553302,0.739266
890,0.533727,1.052205
477,0.713213,1.343370
664,0.656143,1.996854
176,0.741201,1.233040
946,0.528313,0.829232
205,0.633229,1.088474
2,0.664520,1.769609
181,0.705017,2.659356
127,0.505232,0.791470
871,0.638583,1.309065
700,0.740960,0.982199
592,0.748810,1.516236
184,0.746062,2.721579
270,0.650651,2.449049
264,0.504980,0.685394
434,0.628897,0.447759
508,0.827380,1.346822
92,0.525845,0.477006
355,0.581925,0.931643
814,0.895403,1.552614
97,0.691768,1.242083
38,0.536659,0.434028
301,0.740259,0.906148
392,0.601092,1.539789
919,0.764523,2.102900
53,0.727480,2.530244
104,0.551225,0.816387
371,0.642407,2.468548
268,0.631337,1.263656
642,0.622364,0.970713
402,0.706659,2.058155
803,0.542253,0.222414
983,0.523475,0.552600
463,0.668797,1.073363
591,0.668002,3.205345
61,0.568651,0.712529
187,0.679748,1.877877
126,0.553525,2.008116
957,0.705635,1.303970
79,0.564696,1.295200
582,0.658888,2.496186
851,0.649278,1.033173
156,0.714679,1.033392
414,0.693433,2.149861
748,0.630894,1.247165
306,0.555349,0.361825
584,0.737157,1.867277
116,0.701250,1.179370
247,0.738359,0.730781
902,0.701150,1.178985
994,0.659997,1.282069
505,0.775759,2.204914
253,0.638358,1.625500
373,0.567566,0.610122
395,0.700581,1.096840
11,0.665391,2.294608
466,0.638605,2.084929
826,0.472038,0.417654
602,0.644125,1.061894
667,0.699016,0.306375
824,0.715523,2.069217
639,0.566646,1.072289
175,0.651226,0.669360
349,0.486796,1.377361
100,0.766583,1.572841
648,0.813788,1.592958
540,0.605154,0.530642
620,0.769252,1.137402
230,0.726777,0.527169
15,0.918259,2.181559
476,0.653824,0.977460
841,0.558022,0.289633
196,0.573495,1.062418
294,0.586219,1.510397
782,0.737989,3.320639
139,0.610549,1.129956
128,0.671387,1.936640
403,0.478438,0.931885
148,0.496641,0.107603
206,0.706708,0.927820
868,0.541266,0.872317
77,0.728775,0.791912
7,0.701873,0.744468
194,0.778816,1.041853
109,0.726418,2.112934
491,0.534666,0.636506
658,0.672445,1.184139
10,0.633164,0.506795
146,0.666987,1.005619
208,0.673494,1.142193
1,0.545910,0.831918
691,0.610084,1.056565
326,0.614335,0.638260
788,0.652761,3.362766
334,0.569491,0.833838
320,0.656354,1.841646
735,0.630446,0.978727
629,0.575533,0.960675
534,0.808957,2.348706
360,0.706031,0.447257
122,0.526380,0.464909
958,0.621188,0.306275
815,0.794728,0.788170
365,0.662753,1.635312
875,0.598078,0.821547
934,0.585645,0.334376
428,0.729259,0.693363
499,0.656790,1.021831
671,0.678943,1.247578
472,0.733348,1.399645
964,0.570861,1.338937
676,0.703736,1.083099
444,0.521701,1.801951
820,0.608595,0.622673
222,0.568921,1.322558
513,0.521899,1.022644
714,0.623473,1.268573
416,0.694163,0.603811
451,0.574136,0.478663
356,0.596409,1.515924
453,0.594934,1.474735
566,0.688304,2.215581
225,0.638842,1.810111
612,0.701706,1.480982
527,0.598302,1.460787
344,0.611854,1.338601
692,0.668337,1.196446
57,0.632383,1.155949
140,0.659738,2.004492
445,0.549441,1.927733
578,0.620077,3.571470
87,0.718445,0.631751
254,0.741824,1.183461
180,0.746566,1.388778
412,0.668172,1.317363
680,0.626338,0.943388
282,0.662776,1.446291
498,0.665501,1.560645
258,0.517847,1.257507
310,0.568396,0.946442
521,0.615011,1.530329
462,0.721795,1.055584
314,0.774399,2.094250
765,0.581002,1.162617
287,0.691160,1.385209
443,0.667217,1.787902
539,0.573627,0.624534
775,0.701585,2.533734
475,0.544004,0.540732
95,0.681852,1.386747
790,0.564813,0.550025
215,0.583940,1.859944
745,0.801206,3.028675
455,0.581272,1.256810
157,0.644187,0.579657
256,0.792308,1.628894
235,0.531195,1.210864
575,0.658670,1.263418
485,0.651688,1.030769
221,0.594698,0.577549
874,0.816799,1.729675
364,0.699264,2.483105
806,0.672303,1.038297
830,0.579915,0.379145
8,0.718292,2.054827
113,0.575322,0.827687
117,0.884076,1.068084
525,0.668240,1.323620
687,0.607853,1.410132
454,0.647203,0.910639
705,0.757994,0.789457
317,0.686614,1.036276
135,0.610360,2.037236
681,0.758178,2.696487
574,0.664577,1.812331
129,0.694091,1.039862
533,0.701484,0.468646
968,0.653178,1.063999
14,0.697403,0.994950
989,0.592255,1.044370
758,0.704620,0.897870
284,0.656763,0.723603
85,0.954513,3.888110
756,0.673224,0.867422
921,0.713876,1.039291
239,0.807643,1.675008
633,0.708643,1.235503
622,0.571146,0.432848
754,0.662422,0.786656
409,0.655928,2.141850
0,0.783782,1.490108
404,0.722900,1.728471
318,0.762699,1.280017
58,0.568900,0.816159
697,0.679258,0.717333
987,0.559717,0.857562
643,0.626030,1.593921
604,0.568606,2.814886
172,0.682903,1.189842
480,0.777272,1.498139
808,0.758862,0.888369
426,0.648296,1.283673
296,0.893892,1.813865
26,0.559249,1.308389
500,0.665029,0.729316
948,0.765699,1.594708
811,0.676052,1.809419
274,0.764183,2.140179
900,0.544865,0.655904
121,0.701766,1.074894
328,0.624280,1.131926
562,0.657263,0.676968
737,0.720823,1.154737
845,0.739792,0.832896
846,0.714336,1.731115
330,0.786580,1.703951
981,0.599805,0.780092
143,0.662978,0.541122
570,0.731741,2.192948
708,0.787759,1.867294
137,0.728158,2.479630
781,0.757721,1.024629
446,0.777769,0.542498
586,0.619546,0.747081
558,0.725166,2.178966
848,0.746437,1.878827
884,0.683966,1.298675
923,0.670335,1.525799
551,0.706687,1.726892
678,0.665415,0.628493
286,0.665232,0.665735
515,0.683425,0.655725
331,0.668462,0.829387
341,0.681884,1.298354
246,0.824375,0.995677
873,0.835101,1.508077
141,0.644870,0.915466
701,0.624303,0.901122
483,0.558440,1.661033
975,0.983038,2.104278
892,0.624703,0.809371
959,0.743886,0.507519
859,0.765012,0.745453
171,0.734227,0.701220
673,0.647488,0.941012
610,0.719338,1.248266
683,0.696071,1.296221
982,0.723986,2.109683
615,0.623100,1.757536
834,0.683422,1.506021
696,0.718009,1.094793
27,0.556458,2.264042
367,0.701065,0.860759
333,0.694639,2.542083
625,0.695532,0.367686
536,0.731272,1.303125
25,0.696815,0.647302
603,0.785224,1.124483
130,0.769515,0.631307
154,0.821182,1.714007
887,0.671780,1.223484
279,0.632866,1.983348
972,0.719203,0.538086
342,0.811867,1.121457
338,0.690303,1.370408
809,0.958628,1.431545
990,0.724287,1.475357
926,0.722888,1.085254
169,0.741134,0.783970
816,0.716084,1.106836
442,0.678389,0.666493
323,0.843454,1.092294
666,0.754070,0.602100
65,0.713701,0.760231
904,0.696147,2.289277
614,0.861691,1.973351
993,0.743841,3.026662
880,0.772019,0.922848
103,0.671818,0.459866
422,0.872097,1.053770
76,0.636343,1.065285
280,0.670691,1.241687
401,0.808101,2.154548
376,0.830684,2.767380
457,0.643411,1.658275
271,0.858913,2.484291
780,0.636461,3.014912
67,0.767230,0.758328
479,0.661869,2.120034
886,0.622332,0.964292
799,0.790312,0.908155
545,0.687193,0.638926
704,0.685262,1.003941
746,0.832651,0.600587
266,0.800889,0.844469
749,0.731949,0.664628
726,0.827416,0.598589
762,0.739833,0.856183
651,0.785788,1.026312
199,0.798908,0.997903
836,0.807016,0.990335
450,0.697015,1.612629
985,0.871820,1.600313
853,0.710632,0.413880
369,0.655007,1.326547
51,0.843913,2.536628
315,0.804180,1.120571
829,0.891463,1.802451
710,0.771679,0.884549
561,0.912300,0.968361
955,0.774806,0.823610
518,0.645660,2.101964
33,0.867310,1.317283
461,0.807893,0.932225
795,0.929871,2.354849
802,0.829211,0.874213
259,0.885695,1.802922
587,0.822643,0.949003
292,0.799249,1.544990
793,0.903298,1.983470
752,0.919039,1.499645
520,0.835372,1.404041
386,0.819465,0.391313
563,0.848226,0.754429
818,0.853343,0.429112
712,0.756023,1.190772
501,0.847518,0.801020
309,0.941049,1.185081
Average Cost: 7.337000
Accuracy: 95.100000
Accuracy 0: 100.000000
Cost 0: 5.000000
Accuracy 1: 100.000000
Cost 1: 5.000000
Accuracy 2: 100.000000
Cost 2: 5.000000
Accuracy 3: 100.000000
Cost 3: 5.000000
Accuracy 4: 100.000000
Cost 4: 5.000000
Accuracy 5: 100.000000
Cost 5: 5.000000
Accuracy 6: 100.000000
Cost 6: 5.000000
Accuracy 7: 100.000000
Cost 7: 5.000000
Accuracy 8: 100.000000
Cost 8: 5.000000
Accuracy 9: 100.000000
Cost 9: 5.000000
