Number of Worker Pools: 2
Number of Workers in Pool 1: 1000
Original mean,standardDev for Pool 1: 4.000000,0.300000
Number of Workers in Pool 2: 1000
Original mean,standardDev for Pool 2: 3.500000,0.200000
Number of Problems: 1000
ProblemNo,Answer,TrueAnswer,Cost,Difficulty,TrueDifficulty
0,0,0,16.000000,0.800000,0.500000
1,1,1,24.000000,0.800000,0.500000
2,0,0,5.000000,0.000000,0.500000
3,1,1,8.000000,0.900000,0.500000
4,0,0,7.000000,0.300000,0.500000
5,1,1,5.000000,0.000000,0.500000
6,1,1,5.000000,0.000000,0.500000
7,0,0,23.000000,0.900000,0.500000
8,1,1,7.000000,0.300000,0.500000
9,0,0,19.000000,0.700000,0.500000
10,1,1,17.000000,0.700000,0.500000
11,1,1,7.000000,0.300000,0.500000
12,1,1,7.000000,0.300000,0.500000
13,1,1,7.000000,0.600000,0.500000
14,1,1,5.000000,0.000000,0.500000
15,0,0,5.000000,0.000000,0.500000
16,0,0,5.000000,0.000000,0.500000
17,1,1,32.000000,0.900000,0.500000
18,1,1,19.000000,0.800000,0.500000
19,1,1,35.000000,0.900000,0.500000
20,0,0,5.000000,0.000000,0.500000
21,1,1,6.000000,0.300000,0.500000
22,1,1,8.000000,0.700000,0.500000
23,0,0,5.000000,0.000000,0.500000
24,0,0,7.000000,0.300000,0.500000
25,1,1,23.000000,0.800000,0.500000
26,1,1,7.000000,0.600000,0.500000
27,0,0,5.000000,0.000000,0.500000
28,1,1,11.000000,0.700000,0.500000
29,0,0,24.000000,0.800000,0.500000
30,1,1,7.000000,0.600000,0.500000
31,1,1,15.000000,0.800000,0.500000
32,1,1,7.000000,0.300000,0.500000
33,0,0,5.000000,0.000000,0.500000
34,0,0,19.000000,0.800000,0.500000
35,0,0,5.000000,0.000000,0.500000
36,0,0,5.000000,0.000000,0.500000
37,0,0,9.000000,0.500000,0.500000
38,0,0,21.000000,0.800000,0.500000
39,0,0,7.000000,0.300000,0.500000
40,1,1,5.000000,0.000000,0.500000
41,0,0,23.000000,0.800000,0.500000
42,1,1,7.000000,0.300000,0.500000
43,1,1,7.000000,0.600000,0.500000
44,0,0,9.000000,0.500000,0.500000
45,0,0,14.000000,0.700000,0.500000
46,1,0,7.000000,0.600000,0.500000
47,0,0,22.000000,0.700000,0.500000
48,1,1,26.000000,0.900000,0.500000
49,0,0,9.000000,0.500000,0.500000
50,1,1,30.000000,0.900000,0.500000
51,1,1,28.000000,1.000000,0.500000
52,1,1,23.000000,0.800000,0.500000
53,0,0,21.000000,0.800000,0.500000
54,1,1,17.000000,0.700000,0.500000
55,0,0,6.000000,0.300000,0.500000
56,1,1,16.000000,0.700000,0.500000
57,1,1,5.000000,0.000000,0.500000
58,0,0,29.000000,0.900000,0.500000
59,0,0,27.000000,0.800000,0.500000
60,1,1,7.000000,0.600000,0.500000
61,1,1,7.000000,0.600000,0.500000
62,0,0,7.000000,0.300000,0.500000
63,0,0,5.000000,0.000000,0.500000
64,0,0,7.000000,0.600000,0.500000
65,0,0,27.000000,0.900000,0.500000
66,0,0,5.000000,0.000000,0.500000
67,0,0,23.000000,0.800000,0.500000
68,0,0,7.000000,0.300000,0.500000
69,0,0,22.000000,0.700000,0.500000
70,1,1,16.000000,0.700000,0.500000
71,0,0,25.000000,0.800000,0.500000
72,1,1,8.000000,0.600000,0.500000
73,1,1,12.000000,0.500000,0.500000
74,1,1,5.000000,0.000000,0.500000
75,1,1,22.000000,0.800000,0.500000
76,0,0,5.000000,0.000000,0.500000
77,0,0,5.000000,0.000000,0.500000
78,1,1,5.000000,0.000000,0.500000
79,1,1,19.000000,0.800000,0.500000
80,1,1,5.000000,0.000000,0.500000
81,0,0,5.000000,0.000000,0.500000
82,0,0,13.000000,0.800000,0.500000
83,1,1,16.000000,0.700000,0.500000
84,0,0,8.000000,0.800000,0.500000
85,1,1,7.000000,0.300000,0.500000
86,0,0,8.000000,0.700000,0.500000
87,1,1,7.000000,0.300000,0.500000
88,1,1,12.000000,0.700000,0.500000
89,1,1,7.000000,0.600000,0.500000
90,1,1,7.000000,0.300000,0.500000
91,1,1,22.000000,0.800000,0.500000
92,0,0,7.000000,0.300000,0.500000
93,0,0,7.000000,0.300000,0.500000
94,0,0,35.000000,0.900000,0.500000
95,1,1,5.000000,0.000000,0.500000
96,1,1,7.000000,0.300000,0.500000
97,0,0,5.000000,0.000000,0.500000
98,0,0,16.000000,0.700000,0.500000
99,0,0,7.000000,0.300000,0.500000
100,1,1,5.000000,0.000000,0.500000
101,0,0,7.000000,0.600000,0.500000
102,1,1,20.000000,0.900000,0.500000
103,0,0,32.000000,0.900000,0.500000
104,1,1,5.000000,0.000000,0.500000
105,1,1,7.000000,0.300000,0.500000
106,1,1,11.000000,0.700000,0.500000
107,0,0,7.000000,0.300000,0.500000
108,1,1,5.000000,0.000000,0.500000
109,1,1,19.000000,0.700000,0.500000
110,0,0,35.000000,0.900000,0.500000
111,1,1,7.000000,0.600000,0.500000
112,0,0,7.000000,0.300000,0.500000
113,1,1,7.000000,0.300000,0.500000
114,1,1,19.000000,0.800000,0.500000
115,0,0,5.000000,0.000000,0.500000
116,0,0,5.000000,0.000000,0.500000
117,0,0,5.000000,0.000000,0.500000
118,0,0,9.000000,0.500000,0.500000
119,1,1,5.000000,0.000000,0.500000
120,1,1,5.000000,0.000000,0.500000
121,0,0,9.000000,0.500000,0.500000
122,1,1,7.000000,0.600000,0.500000
123,0,0,39.000000,0.900000,0.500000
124,1,1,7.000000,0.300000,0.500000
125,0,0,5.000000,0.000000,0.500000
126,0,0,20.000000,0.700000,0.500000
127,1,1,5.000000,0.000000,0.500000
128,0,0,7.000000,0.600000,0.500000
129,1,1,7.000000,0.300000,0.500000
130,0,0,24.000000,0.900000,0.500000
131,0,0,18.000000,0.900000,0.500000
132,0,0,7.000000,0.300000,0.500000
133,1,1,5.000000,0.000000,0.500000
134,1,1,5.000000,0.000000,0.500000
135,0,0,9.000000,0.500000,0.500000
136,1,1,7.000000,0.300000,0.500000
137,1,1,9.000000,0.500000,0.500000
138,0,0,5.000000,0.000000,0.500000
139,0,0,5.000000,0.000000,0.500000
140,0,0,16.000000,0.700000,0.500000
141,1,1,17.000000,0.800000,0.500000
142,0,0,7.000000,0.600000,0.500000
143,1,1,16.000000,0.700000,0.500000
144,0,0,22.000000,0.700000,0.500000
145,0,0,33.000000,0.900000,0.500000
146,0,0,9.000000,0.500000,0.500000
147,0,0,16.000000,0.700000,0.500000
148,1,1,9.000000,0.500000,0.500000
149,0,0,5.000000,0.000000,0.500000
150,0,0,5.000000,0.000000,0.500000
151,1,1,28.000000,0.900000,0.500000
152,1,1,7.000000,0.600000,0.500000
153,1,1,16.000000,0.700000,0.500000
154,0,0,7.000000,0.600000,0.500000
155,1,1,9.000000,0.500000,0.500000
156,1,1,9.000000,0.500000,0.500000
157,1,1,9.000000,0.500000,0.500000
158,0,0,13.000000,0.800000,0.500000
159,0,0,5.000000,0.000000,0.500000
160,0,0,6.000000,0.300000,0.500000
161,1,1,9.000000,0.500000,0.500000
162,1,1,7.000000,0.600000,0.500000
163,0,0,5.000000,0.000000,0.500000
164,1,1,43.000000,1.000000,0.500000
165,0,0,5.000000,0.000000,0.500000
166,0,0,5.000000,0.000000,0.500000
167,0,0,7.000000,0.300000,0.500000
168,0,0,8.000000,0.700000,0.500000
169,0,0,7.000000,0.600000,0.500000
170,1,1,14.000000,0.700000,0.500000
171,0,0,5.000000,0.000000,0.500000
172,0,0,5.000000,0.000000,0.500000
173,0,0,14.000000,0.700000,0.500000
174,1,0,11.000000,0.700000,0.500000
175,1,1,5.000000,0.000000,0.500000
176,0,0,17.000000,0.700000,0.500000
177,1,1,5.000000,0.000000,0.500000
178,0,0,7.000000,0.600000,0.500000
179,0,0,7.000000,0.600000,0.500000
180,1,1,12.000000,0.700000,0.500000
181,0,0,7.000000,0.300000,0.500000
182,0,0,5.000000,0.000000,0.500000
183,0,0,9.000000,0.500000,0.500000
184,0,0,5.000000,0.000000,0.500000
185,0,0,7.000000,0.300000,0.500000
186,0,0,5.000000,0.000000,0.500000
187,0,0,25.000000,0.800000,0.500000
188,1,1,5.000000,0.000000,0.500000
189,1,1,20.000000,0.700000,0.500000
190,1,1,7.000000,0.300000,0.500000
191,1,1,9.000000,0.500000,0.500000
192,0,0,7.000000,0.600000,0.500000
193,1,1,23.000000,0.800000,0.500000
194,0,0,7.000000,0.300000,0.500000
195,1,1,16.000000,0.700000,0.500000
196,1,1,5.000000,0.000000,0.500000
197,0,0,20.000000,0.700000,0.500000
198,0,0,55.000000,1.000000,0.500000
199,1,1,37.000000,0.900000,0.500000
200,1,1,9.000000,0.500000,0.500000
201,1,1,7.000000,0.300000,0.500000
202,0,0,5.000000,0.000000,0.500000
203,0,0,5.000000,0.000000,0.500000
204,0,0,7.000000,0.300000,0.500000
205,0,0,8.000000,0.800000,0.500000
206,0,0,7.000000,0.600000,0.500000
207,1,1,7.000000,0.600000,0.500000
208,0,0,19.000000,0.800000,0.500000
209,1,1,7.000000,0.600000,0.500000
210,1,1,40.000000,0.900000,0.500000
211,1,1,5.000000,0.000000,0.500000
212,1,1,5.000000,0.000000,0.500000
213,1,1,7.000000,0.300000,0.500000
214,1,1,7.000000,0.300000,0.500000
215,1,1,7.000000,0.600000,0.500000
216,1,1,7.000000,0.300000,0.500000
217,1,1,5.000000,0.000000,0.500000
218,0,0,7.000000,0.600000,0.500000
219,1,1,5.000000,0.000000,0.500000
220,1,1,5.000000,0.000000,0.500000
221,0,0,7.000000,0.300000,0.500000
222,1,1,9.000000,0.500000,0.500000
223,1,1,7.000000,0.300000,0.500000
224,1,1,7.000000,0.300000,0.500000
225,1,0,11.000000,0.700000,0.500000
226,0,0,17.000000,0.700000,0.500000
227,1,1,7.000000,0.600000,0.500000
228,1,1,22.000000,0.800000,0.500000
229,1,1,5.000000,0.000000,0.500000
230,0,0,16.000000,0.700000,0.500000
231,1,1,5.000000,0.000000,0.500000
232,1,1,17.000000,0.900000,0.500000
233,1,1,7.000000,0.300000,0.500000
234,0,0,5.000000,0.000000,0.500000
235,1,1,28.000000,0.900000,0.500000
236,0,0,7.000000,0.300000,0.500000
237,0,0,6.000000,0.300000,0.500000
238,0,0,7.000000,0.300000,0.500000
239,0,0,5.000000,0.000000,0.500000
240,1,0,7.000000,0.600000,0.500000
241,0,0,7.000000,0.600000,0.500000
242,1,1,28.000000,0.900000,0.500000
243,0,0,5.000000,0.000000,0.500000
244,0,0,8.000000,0.700000,0.500000
245,1,1,11.000000,0.700000,0.500000
246,1,1,8.000000,0.600000,0.500000
247,0,0,24.000000,0.800000,0.500000
248,1,1,5.000000,0.000000,0.500000
249,1,1,7.000000,0.300000,0.500000
250,0,0,7.000000,0.600000,0.500000
251,1,1,7.000000,0.600000,0.500000
252,1,1,5.000000,0.000000,0.500000
253,0,0,7.000000,0.600000,0.500000
254,1,1,7.000000,0.600000,0.500000
255,0,0,7.000000,0.300000,0.500000
256,1,1,7.000000,0.600000,0.500000
257,1,1,7.000000,0.300000,0.500000
258,1,1,17.000000,0.700000,0.500000
259,1,1,8.000000,0.500000,0.500000
260,0,0,7.000000,0.600000,0.500000
261,0,0,5.000000,0.000000,0.500000
262,1,1,5.000000,0.000000,0.500000
263,0,0,39.000000,0.900000,0.500000
264,0,0,5.000000,0.000000,0.500000
265,0,0,7.000000,0.600000,0.500000
266,1,1,7.000000,0.600000,0.500000
267,0,0,5.000000,0.000000,0.500000
268,1,1,5.000000,0.000000,0.500000
269,1,0,29.000000,0.900000,0.500000
270,1,1,5.000000,0.000000,0.500000
271,1,1,7.000000,0.300000,0.500000
272,0,0,5.000000,0.000000,0.500000
273,1,1,5.000000,0.000000,0.500000
274,1,1,5.000000,0.000000,0.500000
275,1,1,21.000000,0.900000,0.500000
276,1,1,5.000000,0.000000,0.500000
277,0,0,7.000000,0.300000,0.500000
278,1,1,11.000000,0.700000,0.500000
279,1,1,7.000000,0.600000,0.500000
280,1,1,7.000000,0.600000,0.500000
281,0,0,16.000000,0.800000,0.500000
282,1,1,7.000000,0.300000,0.500000
283,1,1,5.000000,0.000000,0.500000
284,1,1,5.000000,0.000000,0.500000
285,1,1,7.000000,0.600000,0.500000
286,0,0,7.000000,0.600000,0.500000
287,1,1,5.000000,0.000000,0.500000
288,0,0,7.000000,0.300000,0.500000
289,1,1,16.000000,0.700000,0.500000
290,1,1,20.000000,0.700000,0.500000
291,1,1,8.000000,0.800000,0.500000
292,1,1,5.000000,0.000000,0.500000
293,1,1,11.000000,0.700000,0.500000
294,1,1,7.000000,0.300000,0.500000
295,0,1,7.000000,0.300000,0.500000
296,1,1,5.000000,0.000000,0.500000
297,0,0,7.000000,0.300000,0.500000
298,0,0,5.000000,0.000000,0.500000
299,1,1,15.000000,0.800000,0.500000
300,1,1,5.000000,0.000000,0.500000
301,0,0,8.000000,0.800000,0.500000
302,1,1,7.000000,0.600000,0.500000
303,1,1,9.000000,0.500000,0.500000
304,0,0,5.000000,0.000000,0.500000
305,0,0,7.000000,0.300000,0.500000
306,0,0,5.000000,0.000000,0.500000
307,1,1,7.000000,0.600000,0.500000
308,1,1,9.000000,0.500000,0.500000
309,0,0,7.000000,0.600000,0.500000
310,0,0,9.000000,0.500000,0.500000
311,1,1,7.000000,0.600000,0.500000
312,1,1,7.000000,0.300000,0.500000
313,1,1,15.000000,0.800000,0.500000
314,1,1,7.000000,0.600000,0.500000
315,1,1,7.000000,0.300000,0.500000
316,1,1,7.000000,0.600000,0.500000
317,0,0,5.000000,0.000000,0.500000
318,1,1,19.000000,0.800000,0.500000
319,1,1,7.000000,0.300000,0.500000
320,1,1,7.000000,0.300000,0.500000
321,1,1,5.000000,0.000000,0.500000
322,1,1,7.000000,0.300000,0.500000
323,1,1,7.000000,0.300000,0.500000
324,0,0,8.000000,0.700000,0.500000
325,1,1,19.000000,0.800000,0.500000
326,1,1,7.000000,0.300000,0.500000
327,0,0,7.000000,0.300000,0.500000
328,1,1,5.000000,0.000000,0.500000
329,1,1,7.000000,0.600000,0.500000
330,0,0,7.000000,0.600000,0.500000
331,1,1,5.000000,0.000000,0.500000
332,0,0,7.000000,0.300000,0.500000
333,1,1,5.000000,0.000000,0.500000
334,0,0,7.000000,0.600000,0.500000
335,1,1,16.000000,0.700000,0.500000
336,1,1,16.000000,0.700000,0.500000
337,0,0,5.000000,0.000000,0.500000
338,1,1,28.000000,0.900000,0.500000
339,1,1,23.000000,0.900000,0.500000
340,0,0,28.000000,0.900000,0.500000
341,1,1,17.000000,0.700000,0.500000
342,1,1,5.000000,0.000000,0.500000
343,0,0,5.000000,0.000000,0.500000
344,1,1,9.000000,0.500000,0.500000
345,1,1,14.000000,0.700000,0.500000
346,0,0,32.000000,0.900000,0.500000
347,1,1,7.000000,0.300000,0.500000
348,0,0,7.000000,0.600000,0.500000
349,1,1,5.000000,0.000000,0.500000
350,1,1,7.000000,0.600000,0.500000
351,0,0,5.000000,0.000000,0.500000
352,1,1,5.000000,0.000000,0.500000
353,0,0,7.000000,0.300000,0.500000
354,0,0,7.000000,0.600000,0.500000
355,0,0,7.000000,0.600000,0.500000
356,0,0,5.000000,0.000000,0.500000
357,1,1,7.000000,0.600000,0.500000
358,0,0,7.000000,0.600000,0.500000
359,0,1,21.000000,0.900000,0.500000
360,1,1,5.000000,0.000000,0.500000
361,0,0,19.000000,0.800000,0.500000
362,0,0,5.000000,0.000000,0.500000
363,1,1,7.000000,0.300000,0.500000
364,1,1,12.000000,0.800000,0.500000
365,1,1,7.000000,0.600000,0.500000
366,0,0,25.000000,0.900000,0.500000
367,0,0,8.000000,0.800000,0.500000
368,1,1,31.000000,1.000000,0.500000
369,1,1,7.000000,0.600000,0.500000
370,1,1,7.000000,0.600000,0.500000
371,0,0,7.000000,0.300000,0.500000
372,1,1,39.000000,0.900000,0.500000
373,1,1,7.000000,0.300000,0.500000
374,0,0,7.000000,0.300000,0.500000
375,0,0,36.000000,0.900000,0.500000
376,0,0,22.000000,0.700000,0.500000
377,0,0,7.000000,0.600000,0.500000
378,1,1,7.000000,0.300000,0.500000
379,0,0,16.000000,0.900000,0.500000
380,1,1,7.000000,0.600000,0.500000
381,1,1,7.000000,0.300000,0.500000
382,0,0,27.000000,0.900000,0.500000
383,1,1,7.000000,0.300000,0.500000
384,0,0,7.000000,0.600000,0.500000
385,0,0,8.000000,0.700000,0.500000
386,0,0,5.000000,0.000000,0.500000
387,0,0,22.000000,0.700000,0.500000
388,0,0,7.000000,0.300000,0.500000
389,1,1,7.000000,0.300000,0.500000
390,0,0,7.000000,0.300000,0.500000
391,1,1,7.000000,0.600000,0.500000
392,0,0,7.000000,0.600000,0.500000
393,0,0,7.000000,0.600000,0.500000
394,0,0,17.000000,0.700000,0.500000
395,1,1,5.000000,0.000000,0.500000
396,0,0,5.000000,0.000000,0.500000
397,0,0,31.000000,0.900000,0.500000
398,1,1,22.000000,0.800000,0.500000
399,0,0,5.000000,0.000000,0.500000
400,0,0,7.000000,0.600000,0.500000
401,1,1,8.000000,0.600000,0.500000
402,0,0,7.000000,0.300000,0.500000
403,1,1,16.000000,0.700000,0.500000
404,0,0,8.000000,0.800000,0.500000
405,1,1,5.000000,0.000000,0.500000
406,1,1,31.000000,0.900000,0.500000
407,0,0,7.000000,0.600000,0.500000
408,0,0,8.000000,0.700000,0.500000
409,1,1,5.000000,0.000000,0.500000
410,0,0,7.000000,0.300000,0.500000
411,1,1,5.000000,0.000000,0.500000
412,1,1,7.000000,0.300000,0.500000
413,0,0,25.000000,0.900000,0.500000
414,1,1,16.000000,0.700000,0.500000
415,1,1,5.000000,0.000000,0.500000
416,1,1,7.000000,0.300000,0.500000
417,0,0,8.000000,0.700000,0.500000
418,1,1,7.000000,0.600000,0.500000
419,1,1,6.000000,0.300000,0.500000
420,1,1,5.000000,0.000000,0.500000
421,0,0,5.000000,0.000000,0.500000
422,1,1,17.000000,0.700000,0.500000
423,1,1,8.000000,0.600000,0.500000
424,0,0,5.000000,0.000000,0.500000
425,1,1,7.000000,0.300000,0.500000
426,1,1,7.000000,0.600000,0.500000
427,0,0,7.000000,0.600000,0.500000
428,1,1,5.000000,0.000000,0.500000
429,1,1,5.000000,0.000000,0.500000
430,1,1,27.000000,0.800000,0.500000
431,1,1,8.000000,0.700000,0.500000
432,1,1,7.000000,0.600000,0.500000
433,0,0,5.000000,0.000000,0.500000
434,1,1,7.000000,0.300000,0.500000
435,1,1,7.000000,0.600000,0.500000
436,1,1,7.000000,0.600000,0.500000
437,0,1,28.000000,0.900000,0.500000
438,0,0,22.000000,0.700000,0.500000
439,0,0,5.000000,0.000000,0.500000
440,0,0,13.000000,0.500000,0.500000
441,1,1,5.000000,0.000000,0.500000
442,1,1,16.000000,0.700000,0.500000
443,1,1,9.000000,0.500000,0.500000
444,0,0,7.000000,0.300000,0.500000
445,1,1,17.000000,0.700000,0.500000
446,0,0,7.000000,0.300000,0.500000
447,0,0,22.000000,0.700000,0.500000
448,1,1,11.000000,0.700000,0.500000
449,1,1,5.000000,0.000000,0.500000
450,1,1,9.000000,0.500000,0.500000
451,1,1,5.000000,0.000000,0.500000
452,0,0,5.000000,0.000000,0.500000
453,1,1,5.000000,0.000000,0.500000
454,0,0,5.000000,0.000000,0.500000
455,1,1,17.000000,0.700000,0.500000
456,0,0,14.000000,0.700000,0.500000
457,0,0,23.000000,0.700000,0.500000
458,1,1,7.000000,0.300000,0.500000
459,0,1,35.000000,0.900000,0.500000
460,1,1,19.000000,0.800000,0.500000
461,1,1,50.000000,0.900000,0.500000
462,0,0,22.000000,0.700000,0.500000
463,0,0,8.000000,0.700000,0.500000
464,1,1,50.000000,0.900000,0.500000
465,0,0,16.000000,0.700000,0.500000
466,0,0,7.000000,0.300000,0.500000
467,0,0,7.000000,0.600000,0.500000
468,1,1,7.000000,0.300000,0.500000
469,0,0,7.000000,0.300000,0.500000
470,0,0,5.000000,0.000000,0.500000
471,0,0,5.000000,0.000000,0.500000
472,1,1,7.000000,0.600000,0.500000
473,1,1,16.000000,0.700000,0.500000
474,1,1,7.000000,0.300000,0.500000
475,0,0,7.000000,0.300000,0.500000
476,1,1,7.000000,0.300000,0.500000
477,0,0,24.000000,0.800000,0.500000
478,0,0,7.000000,0.300000,0.500000
479,1,1,27.000000,0.900000,0.500000
480,0,0,46.000000,0.900000,0.500000
481,1,1,28.000000,0.900000,0.500000
482,1,1,7.000000,0.300000,0.500000
483,0,0,5.000000,0.000000,0.500000
484,0,0,17.000000,0.700000,0.500000
485,0,0,13.000000,0.800000,0.500000
486,0,0,13.000000,0.800000,0.500000
487,0,0,5.000000,0.000000,0.500000
488,1,1,5.000000,0.000000,0.500000
489,1,1,16.000000,0.700000,0.500000
490,0,0,5.000000,0.000000,0.500000
491,1,1,5.000000,0.000000,0.500000
492,1,1,30.000000,0.900000,0.500000
493,0,0,8.000000,0.700000,0.500000
494,0,0,21.000000,0.900000,0.500000
495,1,1,7.000000,0.300000,0.500000
496,1,1,20.000000,0.700000,0.500000
497,0,0,7.000000,0.600000,0.500000
498,1,1,7.000000,0.600000,0.500000
499,1,1,11.000000,0.700000,0.500000
500,0,0,7.000000,0.600000,0.500000
501,0,0,22.000000,0.700000,0.500000
502,1,1,19.000000,0.700000,0.500000
503,1,0,39.000000,0.900000,0.500000
504,0,0,7.000000,0.600000,0.500000
505,0,0,17.000000,0.700000,0.500000
506,0,0,9.000000,0.500000,0.500000
507,0,0,25.000000,0.900000,0.500000
508,0,1,8.000000,0.700000,0.500000
509,0,0,24.000000,0.900000,0.500000
510,1,1,5.000000,0.000000,0.500000
511,0,0,22.000000,0.700000,0.500000
512,1,1,7.000000,0.300000,0.500000
513,0,0,17.000000,0.700000,0.500000
514,0,0,5.000000,0.000000,0.500000
515,1,1,7.000000,0.600000,0.500000
516,1,1,5.000000,0.000000,0.500000
517,0,0,5.000000,0.000000,0.500000
518,0,0,7.000000,0.600000,0.500000
519,1,1,8.000000,0.500000,0.500000
520,0,0,7.000000,0.600000,0.500000
521,0,0,27.000000,0.900000,0.500000
522,0,0,19.000000,0.800000,0.500000
523,1,1,16.000000,0.700000,0.500000
524,1,1,19.000000,0.700000,0.500000
525,1,0,8.000000,0.800000,0.500000
526,1,1,16.000000,0.700000,0.500000
527,1,1,17.000000,0.700000,0.500000
528,1,1,5.000000,0.000000,0.500000
529,1,1,9.000000,0.500000,0.500000
530,0,0,8.000000,0.600000,0.500000
531,1,1,26.000000,0.700000,0.500000
532,1,1,7.000000,0.600000,0.500000
533,0,0,16.000000,0.700000,0.500000
534,0,0,7.000000,0.600000,0.500000
535,0,0,7.000000,0.300000,0.500000
536,0,0,18.000000,0.900000,0.500000
537,1,1,12.000000,0.500000,0.500000
538,0,0,7.000000,0.600000,0.500000
539,0,0,7.000000,0.300000,0.500000
540,0,0,21.000000,0.900000,0.500000
541,1,1,12.000000,0.700000,0.500000
542,1,1,21.000000,0.800000,0.500000
543,1,1,7.000000,0.600000,0.500000
544,0,0,7.000000,0.600000,0.500000
545,1,1,7.000000,0.600000,0.500000
546,1,0,17.000000,0.900000,0.500000
547,1,1,5.000000,0.000000,0.500000
548,0,0,5.000000,0.000000,0.500000
549,0,0,9.000000,0.500000,0.500000
550,1,1,5.000000,0.000000,0.500000
551,0,0,5.000000,0.000000,0.500000
552,0,1,34.000000,0.900000,0.500000
553,0,0,7.000000,0.300000,0.500000
554,1,1,7.000000,0.300000,0.500000
555,0,0,22.000000,0.700000,0.500000
556,1,1,8.000000,0.500000,0.500000
557,1,1,6.000000,0.300000,0.500000
558,1,1,8.000000,0.600000,0.500000
559,1,1,8.000000,0.800000,0.500000
560,1,1,11.000000,0.700000,0.500000
561,0,0,5.000000,0.000000,0.500000
562,1,1,7.000000,0.300000,0.500000
563,0,0,32.000000,0.900000,0.500000
564,1,1,5.000000,0.000000,0.500000
565,0,0,8.000000,0.700000,0.500000
566,0,0,5.000000,0.000000,0.500000
567,0,0,7.000000,0.300000,0.500000
568,1,1,7.000000,0.300000,0.500000
569,0,0,46.000000,0.900000,0.500000
570,1,1,5.000000,0.000000,0.500000
571,0,0,16.000000,0.700000,0.500000
572,0,0,16.000000,0.800000,0.500000
573,1,1,7.000000,0.300000,0.500000
574,0,0,9.000000,0.500000,0.500000
575,0,0,17.000000,0.700000,0.500000
576,1,1,19.000000,0.800000,0.500000
577,1,1,6.000000,0.300000,0.500000
578,0,0,7.000000,0.600000,0.500000
579,0,0,8.000000,0.600000,0.500000
580,0,0,5.000000,0.000000,0.500000
581,0,0,8.000000,0.600000,0.500000
582,1,0,16.000000,0.700000,0.500000
583,0,0,7.000000,0.300000,0.500000
584,1,1,20.000000,0.800000,0.500000
585,0,0,16.000000,0.700000,0.500000
586,0,0,17.000000,0.900000,0.500000
587,1,1,7.000000,0.300000,0.500000
588,0,0,7.000000,0.600000,0.500000
589,0,0,7.000000,0.300000,0.500000
590,0,0,5.000000,0.000000,0.500000
591,0,0,41.000000,1.000000,0.500000
592,1,1,8.000000,0.600000,0.500000
593,0,0,27.000000,0.900000,0.500000
594,0,0,5.000000,0.000000,0.500000
595,0,0,27.000000,0.900000,0.500000
596,1,1,24.000000,0.900000,0.500000
597,0,0,7.000000,0.300000,0.500000
598,1,1,7.000000,0.300000,0.500000
599,0,0,7.000000,0.300000,0.500000
600,1,1,5.000000,0.000000,0.500000
601,0,0,5.000000,0.000000,0.500000
602,0,0,7.000000,0.300000,0.500000
603,0,0,38.000000,0.900000,0.500000
604,0,0,16.000000,0.700000,0.500000
605,0,0,5.000000,0.000000,0.500000
606,1,1,24.000000,0.900000,0.500000
607,1,1,16.000000,0.700000,0.500000
608,0,0,7.000000,0.600000,0.500000
609,0,1,8.000000,0.700000,0.500000
610,0,0,5.000000,0.000000,0.500000
611,1,1,7.000000,0.600000,0.500000
612,0,0,7.000000,0.300000,0.500000
613,0,0,7.000000,0.600000,0.500000
614,1,1,7.000000,0.300000,0.500000
615,1,1,15.000000,0.800000,0.500000
616,1,1,9.000000,0.500000,0.500000
617,0,0,15.000000,0.800000,0.500000
618,0,0,7.000000,0.600000,0.500000
619,0,0,23.000000,0.700000,0.500000
620,1,1,16.000000,0.800000,0.500000
621,0,0,5.000000,0.000000,0.500000
622,1,1,7.000000,0.300000,0.500000
623,1,1,7.000000,0.600000,0.500000
624,1,1,7.000000,0.600000,0.500000
625,1,0,11.000000,0.700000,0.500000
626,1,1,17.000000,0.700000,0.500000
627,0,0,40.000000,1.000000,0.500000
628,1,1,5.000000,0.000000,0.500000
629,0,0,24.000000,0.900000,0.500000
630,0,0,5.000000,0.000000,0.500000
631,1,1,30.000000,0.900000,0.500000
632,1,1,11.000000,0.700000,0.500000
633,0,0,5.000000,0.000000,0.500000
634,0,0,5.000000,0.000000,0.500000
635,1,1,9.000000,0.500000,0.500000
636,1,1,31.000000,0.800000,0.500000
637,1,1,5.000000,0.000000,0.500000
638,0,0,5.000000,0.000000,0.500000
639,1,1,7.000000,0.300000,0.500000
640,1,1,7.000000,0.300000,0.500000
641,0,0,7.000000,0.300000,0.500000
642,1,1,28.000000,0.900000,0.500000
643,0,0,32.000000,0.900000,0.500000
644,0,0,12.000000,0.500000,0.500000
645,1,1,7.000000,0.300000,0.500000
646,0,0,20.000000,0.800000,0.500000
647,1,1,7.000000,0.600000,0.500000
648,1,1,7.000000,0.300000,0.500000
649,0,0,7.000000,0.300000,0.500000
650,0,0,7.000000,0.600000,0.500000
651,0,0,8.000000,0.600000,0.500000
652,0,0,5.000000,0.000000,0.500000
653,1,1,16.000000,0.700000,0.500000
654,0,0,22.000000,0.800000,0.500000
655,0,0,5.000000,0.000000,0.500000
656,1,1,27.000000,0.800000,0.500000
657,0,0,7.000000,0.600000,0.500000
658,1,1,5.000000,0.000000,0.500000
659,0,0,5.000000,0.000000,0.500000
660,0,0,22.000000,0.700000,0.500000
661,1,1,5.000000,0.000000,0.500000
662,1,1,7.000000,0.300000,0.500000
663,1,1,7.000000,0.300000,0.500000
664,0,0,5.000000,0.000000,0.500000
665,0,0,7.000000,0.600000,0.500000
666,0,0,7.000000,0.600000,0.500000
667,1,1,7.000000,0.300000,0.500000
668,1,1,7.000000,0.600000,0.500000
669,0,1,5.000000,0.000000,0.500000
670,1,1,5.000000,0.000000,0.500000
671,0,0,8.000000,0.700000,0.500000
672,0,0,7.000000,0.300000,0.500000
673,0,0,31.000000,0.900000,0.500000
674,1,1,5.000000,0.000000,0.500000
675,1,1,7.000000,0.600000,0.500000
676,0,0,13.000000,0.800000,0.500000
677,0,0,7.000000,0.600000,0.500000
678,1,1,12.000000,0.700000,0.500000
679,1,1,17.000000,0.700000,0.500000
680,1,1,7.000000,0.600000,0.500000
681,0,0,5.000000,0.000000,0.500000
682,0,0,7.000000,0.600000,0.500000
683,1,1,19.000000,0.800000,0.500000
684,0,0,7.000000,0.300000,0.500000
685,1,1,7.000000,0.600000,0.500000
686,1,1,24.000000,0.900000,0.500000
687,1,1,8.000000,0.600000,0.500000
688,1,1,8.000000,0.600000,0.500000
689,0,0,7.000000,0.300000,0.500000
690,0,0,7.000000,0.300000,0.500000
691,0,0,7.000000,0.600000,0.500000
692,1,1,37.000000,0.900000,0.500000
693,0,0,7.000000,0.600000,0.500000
694,1,1,7.000000,0.600000,0.500000
695,0,0,7.000000,0.300000,0.500000
696,0,0,7.000000,0.300000,0.500000
697,1,1,22.000000,0.800000,0.500000
698,1,1,7.000000,0.600000,0.500000
699,1,1,8.000000,0.600000,0.500000
700,1,1,5.000000,0.000000,0.500000
701,0,0,7.000000,0.300000,0.500000
702,1,1,9.000000,0.500000,0.500000
703,1,1,5.000000,0.000000,0.500000
704,1,1,48.000000,1.000000,0.500000
705,1,1,16.000000,0.700000,0.500000
706,0,1,7.000000,0.600000,0.500000
707,1,1,5.000000,0.000000,0.500000
708,1,1,27.000000,0.900000,0.500000
709,1,1,17.000000,0.700000,0.500000
710,1,1,6.000000,0.300000,0.500000
711,1,1,24.000000,0.800000,0.500000
712,1,1,16.000000,0.700000,0.500000
713,1,1,7.000000,0.300000,0.500000
714,0,0,5.000000,0.000000,0.500000
715,0,0,5.000000,0.000000,0.500000
716,0,0,14.000000,0.700000,0.500000
717,1,1,7.000000,0.600000,0.500000
718,1,1,7.000000,0.300000,0.500000
719,1,1,55.000000,1.000000,0.500000
720,0,0,7.000000,0.600000,0.500000
721,0,0,35.000000,0.900000,0.500000
722,0,0,5.000000,0.000000,0.500000
723,0,0,7.000000,0.600000,0.500000
724,1,1,9.000000,0.500000,0.500000
725,1,1,17.000000,0.700000,0.500000
726,0,0,7.000000,0.300000,0.500000
727,1,1,19.000000,0.700000,0.500000
728,1,1,23.000000,0.800000,0.500000
729,0,0,7.000000,0.300000,0.500000
730,1,1,7.000000,0.600000,0.500000
731,1,1,12.000000,0.700000,0.500000
732,0,0,7.000000,0.300000,0.500000
733,1,1,8.000000,0.500000,0.500000
734,0,0,7.000000,0.300000,0.500000
735,0,0,7.000000,0.300000,0.500000
736,0,0,7.000000,0.300000,0.500000
737,1,1,5.000000,0.000000,0.500000
738,0,1,7.000000,0.900000,0.500000
739,1,1,7.000000,0.300000,0.500000
740,0,0,7.000000,0.600000,0.500000
741,0,0,8.000000,0.700000,0.500000
742,1,1,27.000000,0.800000,0.500000
743,0,0,7.000000,0.600000,0.500000
744,0,0,22.000000,0.700000,0.500000
745,1,1,19.000000,0.800000,0.500000
746,1,1,23.000000,0.700000,0.500000
747,1,1,7.000000,0.300000,0.500000
748,1,1,13.000000,0.900000,0.500000
749,0,0,8.000000,0.700000,0.500000
750,0,0,23.000000,0.800000,0.500000
751,0,0,19.000000,0.700000,0.500000
752,1,1,5.000000,0.000000,0.500000
753,1,1,22.000000,0.800000,0.500000
754,0,0,7.000000,0.600000,0.500000
755,0,0,5.000000,0.000000,0.500000
756,0,0,18.000000,0.900000,0.500000
757,1,1,7.000000,0.300000,0.500000
758,0,0,5.000000,0.000000,0.500000
759,0,0,9.000000,0.500000,0.500000
760,1,1,5.000000,0.000000,0.500000
761,0,0,7.000000,0.300000,0.500000
762,1,1,17.000000,0.700000,0.500000
763,0,0,9.000000,0.500000,0.500000
764,0,0,7.000000,0.600000,0.500000
765,1,1,9.000000,0.500000,0.500000
766,1,1,7.000000,0.600000,0.500000
767,0,0,5.000000,0.000000,0.500000
768,0,0,8.000000,0.700000,0.500000
769,1,1,7.000000,0.600000,0.500000
770,1,1,5.000000,0.000000,0.500000
771,1,1,28.000000,0.900000,0.500000
772,0,0,30.000000,0.800000,0.500000
773,0,0,16.000000,0.700000,0.500000
774,0,0,7.000000,0.600000,0.500000
775,0,0,7.000000,0.300000,0.500000
776,1,1,7.000000,0.600000,0.500000
777,0,0,8.000000,0.700000,0.500000
778,1,1,7.000000,0.300000,0.500000
779,0,0,54.000000,1.000000,0.500000
780,0,0,7.000000,0.600000,0.500000
781,1,1,7.000000,0.600000,0.500000
782,1,1,12.000000,0.700000,0.500000
783,0,0,7.000000,0.600000,0.500000
784,0,0,5.000000,0.000000,0.500000
785,0,0,5.000000,0.000000,0.500000
786,0,0,23.000000,0.800000,0.500000
787,0,0,66.000000,1.000000,0.500000
788,0,0,21.000000,0.900000,0.500000
789,0,0,9.000000,0.500000,0.500000
790,1,1,19.000000,0.700000,0.500000
791,1,1,5.000000,0.000000,0.500000
792,0,0,20.000000,0.700000,0.500000
793,0,0,21.000000,0.800000,0.500000
794,1,1,7.000000,0.300000,0.500000
795,1,1,5.000000,0.000000,0.500000
796,1,1,7.000000,0.600000,0.500000
797,1,1,7.000000,0.300000,0.500000
798,0,0,53.000000,1.000000,0.500000
799,0,0,19.000000,0.800000,0.500000
800,1,1,41.000000,1.000000,0.500000
801,1,1,7.000000,0.600000,0.500000
802,0,0,5.000000,0.000000,0.500000
803,0,0,29.000000,1.000000,0.500000
804,1,1,19.000000,0.800000,0.500000
805,1,1,5.000000,0.000000,0.500000
806,1,1,19.000000,0.800000,0.500000
807,1,1,7.000000,0.300000,0.500000
808,1,1,11.000000,0.700000,0.500000
809,0,0,16.000000,0.700000,0.500000
810,1,1,7.000000,0.300000,0.500000
811,0,0,5.000000,0.000000,0.500000
812,1,1,5.000000,0.000000,0.500000
813,0,0,7.000000,0.300000,0.500000
814,1,1,7.000000,0.300000,0.500000
815,1,1,31.000000,0.900000,0.500000
816,1,1,37.000000,0.900000,0.500000
817,1,1,7.000000,0.600000,0.500000
818,0,0,59.000000,1.000000,0.500000
819,0,0,19.000000,0.800000,0.500000
820,1,1,7.000000,0.300000,0.500000
821,0,0,7.000000,0.300000,0.500000
822,0,0,9.000000,0.500000,0.500000
823,1,1,23.000000,0.800000,0.500000
824,0,1,17.000000,0.900000,0.500000
825,0,0,7.000000,0.300000,0.500000
826,1,1,28.000000,0.900000,0.500000
827,0,0,5.000000,0.000000,0.500000
828,1,1,5.000000,0.000000,0.500000
829,0,0,9.000000,0.500000,0.500000
830,1,1,7.000000,0.600000,0.500000
831,1,1,7.000000,0.600000,0.500000
832,1,1,7.000000,0.300000,0.500000
833,0,0,32.000000,1.000000,0.500000
834,0,0,7.000000,0.600000,0.500000
835,1,0,17.000000,0.700000,0.500000
836,0,0,8.000000,0.800000,0.500000
837,0,1,7.000000,0.600000,0.500000
838,1,1,7.000000,0.600000,0.500000
839,1,1,5.000000,0.000000,0.500000
840,0,0,8.000000,0.600000,0.500000
841,0,0,9.000000,0.500000,0.500000
842,0,0,17.000000,0.700000,0.500000
843,0,0,5.000000,0.000000,0.500000
844,0,0,6.000000,0.300000,0.500000
845,1,1,7.000000,0.300000,0.500000
846,0,0,7.000000,0.600000,0.500000
847,1,1,12.000000,0.800000,0.500000
848,1,1,5.000000,0.000000,0.500000
849,1,1,14.000000,0.700000,0.500000
850,0,0,33.000000,0.900000,0.500000
851,0,0,7.000000,0.300000,0.500000
852,1,1,5.000000,0.000000,0.500000
853,0,0,8.000000,0.700000,0.500000
854,0,0,22.000000,0.800000,0.500000
855,0,0,5.000000,0.000000,0.500000
856,1,1,11.000000,0.700000,0.500000
857,0,0,7.000000,0.600000,0.500000
858,0,0,7.000000,0.300000,0.500000
859,1,1,7.000000,0.300000,0.500000
860,0,0,5.000000,0.000000,0.500000
861,1,1,7.000000,0.300000,0.500000
862,1,1,5.000000,0.000000,0.500000
863,0,0,8.000000,0.500000,0.500000
864,0,0,7.000000,0.300000,0.500000
865,0,0,7.000000,0.300000,0.500000
866,0,0,7.000000,0.600000,0.500000
867,0,0,5.000000,0.000000,0.500000
868,1,1,7.000000,0.600000,0.500000
869,0,0,7.000000,0.300000,0.500000
870,0,1,7.000000,0.600000,0.500000
871,1,1,5.000000,0.000000,0.500000
872,1,1,5.000000,0.000000,0.500000
873,0,0,9.000000,0.500000,0.500000
874,0,0,8.000000,0.700000,0.500000
875,0,0,7.000000,0.300000,0.500000
876,0,0,7.000000,0.300000,0.500000
877,1,1,5.000000,0.000000,0.500000
878,0,0,5.000000,0.000000,0.500000
879,1,1,45.000000,1.000000,0.500000
880,1,1,7.000000,0.600000,0.500000
881,0,0,14.000000,0.700000,0.500000
882,0,0,5.000000,0.000000,0.500000
883,1,1,7.000000,0.300000,0.500000
884,0,0,7.000000,0.600000,0.500000
885,0,0,7.000000,0.600000,0.500000
886,1,1,5.000000,0.000000,0.500000
887,0,0,7.000000,0.300000,0.500000
888,1,1,7.000000,0.600000,0.500000
889,1,1,9.000000,0.500000,0.500000
890,0,0,5.000000,0.000000,0.500000
891,1,1,24.000000,0.900000,0.500000
892,1,1,7.000000,0.600000,0.500000
893,1,1,7.000000,0.300000,0.500000
894,0,0,7.000000,0.300000,0.500000
895,0,0,5.000000,0.000000,0.500000
896,0,0,7.000000,0.600000,0.500000
897,0,0,5.000000,0.000000,0.500000
898,1,1,27.000000,0.800000,0.500000
899,0,0,7.000000,0.300000,0.500000
900,0,0,7.000000,0.300000,0.500000
901,0,0,9.000000,0.500000,0.500000
902,1,1,9.000000,0.500000,0.500000
903,1,1,19.000000,0.800000,0.500000
904,1,1,20.000000,0.900000,0.500000
905,0,0,7.000000,0.600000,0.500000
906,1,1,5.000000,0.000000,0.500000
907,1,1,7.000000,0.300000,0.500000
908,1,1,5.000000,0.000000,0.500000
909,0,0,7.000000,0.300000,0.500000
910,0,0,7.000000,0.300000,0.500000
911,0,0,25.000000,0.800000,0.500000
912,1,0,7.000000,0.600000,0.500000
913,1,1,28.000000,0.900000,0.500000
914,1,1,7.000000,0.300000,0.500000
915,1,1,27.000000,0.900000,0.500000
916,0,0,7.000000,0.600000,0.500000
917,0,0,22.000000,0.900000,0.500000
918,1,1,23.000000,0.800000,0.500000
919,0,0,9.000000,0.500000,0.500000
920,1,1,5.000000,0.000000,0.500000
921,1,1,7.000000,0.300000,0.500000
922,0,0,7.000000,0.300000,0.500000
923,1,1,8.000000,0.600000,0.500000
924,1,1,5.000000,0.000000,0.500000
925,0,0,5.000000,0.000000,0.500000
926,0,0,7.000000,0.300000,0.500000
927,0,0,5.000000,0.000000,0.500000
928,0,0,5.000000,0.000000,0.500000
929,0,0,8.000000,0.800000,0.500000
930,1,1,7.000000,0.300000,0.500000
931,0,0,5.000000,0.000000,0.500000
932,1,1,7.000000,0.600000,0.500000
933,1,1,21.000000,0.800000,0.500000
934,0,0,20.000000,0.900000,0.500000
935,1,1,7.000000,0.300000,0.500000
936,1,1,5.000000,0.000000,0.500000
937,0,0,26.000000,0.800000,0.500000
938,0,0,19.000000,0.800000,0.500000
939,1,1,5.000000,0.000000,0.500000
940,0,0,5.000000,0.000000,0.500000
941,0,0,12.000000,0.500000,0.500000
942,1,1,5.000000,0.000000,0.500000
943,0,0,9.000000,0.500000,0.500000
944,0,0,9.000000,0.500000,0.500000
945,0,0,5.000000,0.000000,0.500000
946,1,1,5.000000,0.000000,0.500000
947,1,1,7.000000,0.300000,0.500000
948,0,0,7.000000,0.600000,0.500000
949,0,0,7.000000,0.600000,0.500000
950,1,1,11.000000,0.700000,0.500000
951,0,0,24.000000,0.800000,0.500000
952,1,1,5.000000,0.000000,0.500000
953,0,0,27.000000,0.900000,0.500000
954,1,1,5.000000,0.000000,0.500000
955,0,0,7.000000,0.300000,0.500000
956,1,1,7.000000,0.300000,0.500000
957,1,1,7.000000,0.300000,0.500000
958,1,1,7.000000,0.600000,0.500000
959,1,1,7.000000,0.300000,0.500000
960,0,0,7.000000,0.600000,0.500000
961,0,0,8.000000,0.700000,0.500000
962,0,0,5.000000,0.000000,0.500000
963,0,0,5.000000,0.000000,0.500000
964,1,1,6.000000,0.300000,0.500000
965,0,0,5.000000,0.000000,0.500000
966,0,0,40.000000,1.000000,0.500000
967,0,0,7.000000,0.600000,0.500000
968,1,1,7.000000,0.600000,0.500000
969,0,0,28.000000,1.000000,0.500000
970,1,1,5.000000,0.000000,0.500000
971,0,0,9.000000,0.500000,0.500000
972,0,0,7.000000,0.600000,0.500000
973,1,1,7.000000,0.300000,0.500000
974,1,1,7.000000,0.300000,0.500000
975,0,0,18.000000,0.900000,0.500000
976,1,1,14.000000,0.700000,0.500000
977,0,0,5.000000,0.000000,0.500000
978,1,1,5.000000,0.000000,0.500000
979,0,0,16.000000,0.800000,0.500000
980,1,1,5.000000,0.000000,0.500000
981,1,1,8.000000,0.600000,0.500000
982,0,0,8.000000,0.600000,0.500000
983,0,0,7.000000,0.300000,0.500000
984,1,1,7.000000,0.300000,0.500000
985,0,0,16.000000,0.700000,0.500000
986,1,1,17.000000,0.700000,0.500000
987,0,0,5.000000,0.000000,0.500000
988,0,0,7.000000,0.600000,0.500000
989,1,1,7.000000,0.600000,0.500000
990,0,0,7.000000,0.300000,0.500000
991,1,1,7.000000,0.300000,0.500000
992,1,1,7.000000,0.600000,0.500000
993,1,1,5.000000,0.000000,0.500000
994,0,1,7.000000,0.600000,0.500000
995,0,0,7.000000,0.600000,0.500000
996,1,1,7.000000,0.600000,0.500000
997,0,0,23.000000,0.700000,0.500000
998,1,1,5.000000,0.000000,0.500000
999,0,0,19.000000,0.800000,0.500000
WorkerID,Gamma,TrueGamma
125,0.496967,0.884107
209,0.474732,1.449152
752,0.510668,1.499645
964,0.603272,1.338937
92,0.508345,0.477006
863,0.525942,1.192081
586,0.506885,0.747081
279,0.440427,1.983348
788,0.613370,3.362766
652,0.588946,0.791601
282,0.586386,1.446291
298,0.498029,1.619966
550,0.621643,1.591074
403,0.437186,0.931885
516,0.441498,0.552887
415,0.504412,0.874596
327,0.544360,1.299017
344,0.617112,1.338601
108,0.433107,1.424837
187,0.459507,1.877877
314,0.541491,2.094250
527,0.584426,1.460787
637,0.440686,0.476902
395,0.495940,1.096840
660,0.526098,0.495365
55,0.492518,0.449351
807,0.534376,2.698576
14,0.594295,0.994950
291,0.579242,1.970262
621,0.521949,1.471523
865,0.556338,1.056134
124,0.433893,0.619417
850,0.531057,0.390144
926,0.597895,1.085254
271,0.519484,2.484291
102,0.510914,0.458025
134,0.613708,0.921624
23,0.500905,1.511400
735,0.546659,0.978727
592,0.545085,1.516236
411,0.533306,0.300595
70,0.448573,1.151382
822,0.459713,0.719632
202,0.452232,1.060569
514,0.565082,0.933140
948,0.494756,1.594708
304,0.523388,3.674873
805,0.461920,0.561501
447,0.602474,1.950029
94,0.416600,0.768467
250,0.490927,0.212515
646,0.515929,0.975502
568,0.599110,1.879835
914,0.534301,0.831463
18,0.504521,0.476223
987,0.492508,0.857562
553,0.429777,0.923472
891,0.584061,0.745832
74,0.569891,1.033751
307,0.523435,1.147598
540,0.525159,0.530642
237,0.586788,0.535025
192,0.552086,0.762090
511,0.595444,1.439576
871,0.503978,1.309065
934,0.433306,0.334376
817,0.459955,0.472060
620,0.506126,1.137402
702,0.562831,0.819982
761,0.554080,1.586245
138,0.574599,0.747728
694,0.546687,1.169442
672,0.563632,1.112307
720,0.500150,1.207746
906,0.595729,1.049685
259,0.553193,1.802922
797,0.491693,0.492896
756,0.558178,0.867422
862,0.529502,1.457901
989,0.445601,1.044370
46,0.459350,0.868724
3,0.537942,1.065351
793,0.488184,1.983470
261,0.460475,0.794462
309,0.517035,1.185081
528,0.551735,0.446900
665,0.497615,0.567853
80,0.518844,1.174223
495,0.561945,1.836000
335,0.497936,1.053865
276,0.486190,0.405437
844,0.458982,0.788245
941,0.465673,0.920909
349,0.477935,1.377361
143,0.639395,0.541122
95,0.641879,1.386747
519,0.522936,0.616349
319,0.477109,0.689563
343,0.427420,0.691391
818,0.494622,0.429112
546,0.584473,0.844303
795,0.554114,2.354849
408,0.653737,1.574597
185,0.583801,1.154884
908,0.555101,0.204186
743,0.476434,0.625584
183,0.452408,2.188374
864,0.589913,1.961299
362,0.651320,1.805915
131,0.648871,2.418382
324,0.482553,0.567981
880,0.514257,0.922848
137,0.435951,2.479630
179,0.561281,1.561828
808,0.506464,0.888369
928,0.543776,0.512710
782,0.556692,3.320639
827,0.571455,2.060286
351,0.516759,1.248061
181,0.578982,2.659356
573,0.648103,1.102527
1,0.582422,0.831918
882,0.664460,0.780363
455,0.461231,1.256810
40,0.477247,1.600307
939,0.436732,0.776955
754,0.565417,0.786656
10,0.545925,0.506795
293,0.552688,1.070670
942,0.547295,0.604140
729,0.559980,0.915001
970,0.582887,0.786769
866,0.594589,0.991636
469,0.448181,0.955339
966,0.584063,0.872936
281,0.516725,1.100035
766,0.507739,1.272218
61,0.665310,0.712529
334,0.508198,0.833838
860,0.497686,0.426864
972,0.626272,0.538086
618,0.654142,1.286706
606,0.616404,0.779311
833,0.639371,1.877933
854,0.516413,0.854315
959,0.443530,0.507519
799,0.555955,0.908155
262,0.619290,0.698083
316,0.569595,0.907641
410,0.468735,0.541002
783,0.562669,3.119225
446,0.534778,0.542498
968,0.459868,1.063999
738,0.627849,1.948628
558,0.610640,2.178966
901,0.526565,0.657731
868,0.459464,0.872317
356,0.702905,1.515924
507,0.586000,3.038766
400,0.450587,1.257374
798,0.498654,0.684761
661,0.448686,0.945598
9,0.546889,0.934300
130,0.497075,0.631307
969,0.461520,0.469121
200,0.490268,0.952434
242,0.533458,1.271435
241,0.552653,0.824109
644,0.507219,0.609486
960,0.616745,0.909455
476,0.504306,0.977460
51,0.578695,2.536628
830,0.445191,0.379145
65,0.522263,0.760231
496,0.458677,1.078594
616,0.545262,1.900718
210,0.643959,1.019823
872,0.490515,0.780789
532,0.590849,0.415187
498,0.692736,1.560645
360,0.428107,0.447257
518,0.586187,2.101964
513,0.518020,1.022644
728,0.579306,1.412638
264,0.468707,0.685394
38,0.546209,0.434028
875,0.558056,0.821547
746,0.427713,0.600587
835,0.600512,2.458494
381,0.466162,0.709283
587,0.542540,0.949003
442,0.474316,0.666493
371,0.515679,2.468548
91,0.424134,0.636547
561,0.469079,0.968361
147,0.502500,0.799751
834,0.556050,1.506021
358,0.507501,0.997308
444,0.519205,1.801951
328,0.625017,1.131926
337,0.576820,0.844217
127,0.587270,0.791470
421,0.501533,1.789848
673,0.433620,0.941012
248,0.486536,0.934438
542,0.460095,1.208282
898,0.619390,2.137288
803,0.426781,0.222414
274,0.582476,2.140179
832,0.435211,1.043922
263,0.667798,1.266980
434,0.441742,0.447759
979,0.499955,0.857746
869,0.558043,2.054613
917,0.460716,0.514844
888,0.452328,0.519945
733,0.595894,1.260216
903,0.535112,1.279127
730,0.515781,0.645689
563,0.549412,0.754429
600,0.569550,0.546980
919,0.505848,2.102900
427,0.492097,0.963365
89,0.553325,0.415991
104,0.460402,0.816387
642,0.589840,0.970713
584,0.538105,1.867277
128,0.635749,1.936640
489,0.588997,0.981423
103,0.470945,0.459866
165,0.485055,1.474409
363,0.505716,0.519580
406,0.467321,0.239788
543,0.543717,0.788615
548,0.634904,1.976519
668,0.554363,0.979607
700,0.476633,0.982199
268,0.470789,1.263656
918,0.435728,0.696976
757,0.563576,0.722755
58,0.529504,0.816159
345,0.558616,1.798510
684,0.521500,0.875591
162,0.574574,1.099090
487,0.549291,1.803556
39,0.491732,0.222750
193,0.591217,1.672292
545,0.641304,0.638926
986,0.612104,1.678251
954,0.489543,0.884121
614,0.449260,1.973351
508,0.449320,1.346822
280,0.560336,1.241687
870,0.645399,1.319344
784,0.482499,0.205252
49,0.565228,1.930309
163,0.561374,1.152282
151,0.476493,0.972157
716,0.601206,1.739310
42,0.503696,0.547743
531,0.558514,0.887475
98,0.552717,0.717727
4,0.492501,0.741513
398,0.451575,0.668930
781,0.452468,1.024629
792,0.457368,0.687194
432,0.607037,1.965672
213,0.459949,0.395220
539,0.437154,0.624534
915,0.506109,0.259755
286,0.598926,0.665735
641,0.509211,0.464397
506,0.608623,0.456819
724,0.468952,0.709015
189,0.516391,0.470522
613,0.532865,0.798044
640,0.530400,0.952099
330,0.541249,1.703951
996,0.454119,1.268988
161,0.639283,1.528274
703,0.508794,0.515955
581,0.435978,0.792226
751,0.609558,1.902711
556,0.466727,0.991986
911,0.554598,1.169901
931,0.545570,1.156331
244,0.450502,0.821443
278,0.593154,1.872473
721,0.465782,0.839310
240,0.631660,1.760441
736,0.608567,2.011080
490,0.602539,1.922765
565,0.479412,0.525511
688,0.474734,1.321843
106,0.549074,0.980586
409,0.436160,2.141850
377,0.538928,0.637531
951,0.538339,0.481691
342,0.615297,1.121457
715,0.615389,1.080282
254,0.468713,1.183461
634,0.656056,1.737897
272,0.473717,1.145678
800,0.481033,0.809389
218,0.499656,0.272334
708,0.567515,1.867294
692,0.525875,1.196446
705,0.460907,0.789457
567,0.582832,0.352867
997,0.536059,0.488746
435,0.459089,0.722555
367,0.503039,0.860759
810,0.596876,0.591920
998,0.493838,1.535706
603,0.589874,1.124483
290,0.551117,1.616281
93,0.666598,1.387870
326,0.506974,0.638260
704,0.654528,1.003941
933,0.483980,2.745360
887,0.435463,1.223484
389,0.546836,1.414439
472,0.561348,1.399645
947,0.514216,1.183071
215,0.547059,1.859944
774,0.549894,1.040725
180,0.499894,1.388778
332,0.645893,1.297060
589,0.642933,0.769394
288,0.616971,0.762438
448,0.516846,1.239580
814,0.598070,1.552614
36,0.511448,0.543753
811,0.443753,1.809419
889,0.703956,1.145840
727,0.434917,1.153257
174,0.545743,0.537266
585,0.477644,1.091215
228,0.615735,1.698929
579,0.542692,1.132325
8,0.726477,2.054827
146,0.571121,1.005619
25,0.460788,0.647302
981,0.434746,0.780092
504,0.532017,1.663961
221,0.510931,0.577549
44,0.600623,1.201064
424,0.683936,0.982182
867,0.560949,1.152863
341,0.524730,1.298354
436,0.430824,0.618415
837,0.580242,1.546580
689,0.752778,1.495074
699,0.553265,1.761820
881,0.448458,0.248861
57,0.461334,1.155949
583,0.472493,0.528666
256,0.560783,1.628894
932,0.516456,0.462640
211,0.458730,0.310043
199,0.534053,0.997903
529,0.557494,0.875584
604,0.597273,2.814886
90,0.521853,1.205182
223,0.504019,1.651374
509,0.592286,1.681734
857,0.472299,0.903551
609,0.657665,1.553343
30,0.507767,0.728901
109,0.602186,2.112934
815,0.498772,0.788170
995,0.510746,0.964720
571,0.670557,1.091551
802,0.502943,0.874213
229,0.484904,1.625515
299,0.608398,1.188795
112,0.467704,0.538221
481,0.683137,3.173114
459,0.562625,1.717502
226,0.589168,2.124763
310,0.553532,0.946442
676,0.531577,1.083099
439,0.433461,0.793266
172,0.521120,1.189842
7,0.501939,0.744468
712,0.468214,1.190772
277,0.689428,1.320263
352,0.546422,1.722693
983,0.428055,0.552600
773,0.602625,1.295253
84,0.707095,1.120882
488,0.633380,1.061905
533,0.444309,0.468646
232,0.532977,0.567234
412,0.605821,1.317363
379,0.554712,1.488917
625,0.502194,0.367686
916,0.510419,1.579181
480,0.451323,1.498139
275,0.414780,0.461963
6,0.455803,1.516044
73,0.593973,1.744527
176,0.528942,1.233040
845,0.542804,0.832896
925,0.576664,0.661467
308,0.485043,1.366978
354,0.546120,1.145840
896,0.514277,1.198733
990,0.662022,1.475357
938,0.529946,0.469162
601,0.523752,0.872967
190,0.450461,0.826688
32,0.449667,0.815880
627,0.521871,1.280870
670,0.473264,0.491666
750,0.499110,0.937567
214,0.426913,0.730021
935,0.568897,0.893864
894,0.440537,0.627385
369,0.505711,1.326547
355,0.515658,0.931643
953,0.563340,1.780659
580,0.491233,1.000291
16,0.607029,2.396053
493,0.571665,1.546962
902,0.537148,1.178985
549,0.477087,0.440538
693,0.475295,0.854956
878,0.634803,1.728760
638,0.498721,0.881345
120,0.556727,1.786185
674,0.523950,1.937266
876,0.566273,1.405201
819,0.531445,1.209997
904,0.515461,2.289277
772,0.506624,1.706348
287,0.506432,1.385209
595,0.417386,0.601940
315,0.521507,1.120571
842,0.522945,1.577734
777,0.554400,0.904339
164,0.536481,0.488303
505,0.579773,2.204914
771,0.548280,0.402041
510,0.515731,0.909985
483,0.655187,1.661033
892,0.513222,0.809371
52,0.487576,0.882941
85,0.611428,3.888110
376,0.481628,2.767380
821,0.585676,1.237499
428,0.640736,0.693363
431,0.516702,1.392476
45,0.547999,2.912709
796,0.580768,2.167610
391,0.475596,1.589381
425,0.458147,0.521592
685,0.499240,1.204677
159,0.450670,0.872652
482,0.410915,0.819944
217,0.568523,0.795846
967,0.476751,0.433309
41,0.509357,0.818959
204,0.492228,0.744628
445,0.624271,1.927733
816,0.526620,1.106836
86,0.572661,1.306024
75,0.501274,0.694045
537,0.483387,2.074919
422,0.552067,1.053770
564,0.595933,0.469729
59,0.553618,1.067360
921,0.516202,1.039291
300,0.468263,0.360508
96,0.452334,1.060904
453,0.506538,1.474735
467,0.570284,1.369398
650,0.668774,1.343000
385,0.516059,1.611787
452,0.500093,0.439917
155,0.480063,0.885715
760,0.548280,0.829438
912,0.556830,0.180486
691,0.476731,1.056565
956,0.512483,0.689237
129,0.482641,1.039862
977,0.458168,0.712026
678,0.513808,0.628493
524,0.598768,1.110492
547,0.521223,0.931337
905,0.547231,1.563527
216,0.524598,1.825074
437,0.416941,0.130868
971,0.459486,1.385199
742,0.500491,0.269903
492,0.694650,1.579006
69,0.518457,0.734275
709,0.599016,1.227022
824,0.588308,2.069217
686,0.614594,1.538628
273,0.494455,0.684044
198,0.590908,2.359091
809,0.514981,1.431545
88,0.450651,1.279241
873,0.503479,1.508077
167,0.599426,1.575826
658,0.637547,1.184139
679,0.540754,0.906680
611,0.442336,1.014072
501,0.609021,0.801020
778,0.485902,1.343439
836,0.446998,0.990335
132,0.572007,2.079801
741,0.552869,1.465067
207,0.600973,1.036507
994,0.499359,1.282069
407,0.586031,1.120502
590,0.504106,0.989166
462,0.480425,1.055584
380,0.461396,0.792378
943,0.568238,1.728297
456,0.552764,1.410775
117,0.472882,1.068084
849,0.516627,1.393875
50,0.497244,0.272840
615,0.530217,1.757536
175,0.525024,0.669360
950,0.621779,2.017207
485,0.485735,1.030769
234,0.442403,1.076042
841,0.422297,0.289633
636,0.626930,1.285648
239,0.503121,1.675008
726,0.506241,0.598589
257,0.473447,1.358978
28,0.579218,0.758501
612,0.475508,1.480982
306,0.483000,0.361825
503,0.448813,0.669026
235,0.578734,1.210864
247,0.529744,0.730781
348,0.538701,0.350180
156,0.660371,1.033392
973,0.617153,1.444353
208,0.558829,1.142193
0,0.608061,1.490108
593,0.473216,0.599665
710,0.517403,0.884549
19,0.576819,0.525206
233,0.747269,1.947464
846,0.524431,1.731115
825,0.524030,1.224283
136,0.523484,2.079686
178,0.508191,1.123368
669,0.589936,1.297817
142,0.678811,1.495143
719,0.499059,1.300948
775,0.667789,2.533734
648,0.568667,1.592958
110,0.612838,1.550760
123,0.513989,2.212395
877,0.435985,0.690556
486,0.552373,1.474963
552,0.554290,2.829828
366,0.448656,0.381459
393,0.544860,1.463225
884,0.482319,1.298675
900,0.555004,0.655904
450,0.488454,1.612629
378,0.531366,0.942667
302,0.571389,0.503553
347,0.616033,1.551548
47,0.525570,1.418719
338,0.600052,1.370408
292,0.553127,1.544990
647,0.534127,1.329238
575,0.629466,1.263418
471,0.468306,1.718214
840,0.532280,1.253545
515,0.466714,0.655725
687,0.599269,1.410132
77,0.525557,0.791912
100,0.614362,1.572841
758,0.571160,0.897870
763,0.560107,1.696181
856,0.488379,1.394166
594,0.683810,2.183642
160,0.591212,1.078552
392,0.639698,1.539789
955,0.432453,0.823610
794,0.553223,1.844825
212,0.503145,0.596026
683,0.569496,1.296221
170,0.460331,1.053042
645,0.443111,0.444094
56,0.584193,1.877960
624,0.475220,0.374182
364,0.597572,2.483105
11,0.701576,2.294608
269,0.607085,1.645317
465,0.466810,0.515404
588,0.506168,0.404371
388,0.461770,0.849493
657,0.489932,0.848523
169,0.488624,0.783970
559,0.477631,1.610699
115,0.543218,1.477526
913,0.482696,0.225468
749,0.452566,0.664628
978,0.590667,4.183775
992,0.513149,1.030803
521,0.501822,1.530329
413,0.561486,0.745984
739,0.442346,1.350738
196,0.451437,1.062418
222,0.632347,1.322558
696,0.627055,1.094793
680,0.467681,0.943388
285,0.500858,1.543025
236,0.714694,2.308695
251,0.466493,0.490242
632,0.556776,1.195515
713,0.612396,1.527136
484,0.495301,2.460483
577,0.547086,2.215542
602,0.468965,1.061894
737,0.581267,1.154737
383,0.536214,1.338859
522,0.514183,1.906226
619,0.543157,0.667967
60,0.583048,1.273609
886,0.602264,0.964292
982,0.567050,2.109683
899,0.620334,1.495666
118,0.468190,0.142442
643,0.567916,1.593921
440,0.444006,0.245884
768,0.651701,1.433951
139,0.577477,1.129956
405,0.457336,0.974623
81,0.539549,1.031184
148,0.458089,0.107603
203,0.497693,1.286938
744,0.497233,1.046389
116,0.572918,1.179370
460,0.443122,1.114994
937,0.483977,1.691704
253,0.758854,1.625500
770,0.605703,1.257735
526,0.497637,1.454445
66,0.570737,0.454014
359,0.547109,1.710684
79,0.572038,1.295200
320,0.630913,1.841646
582,0.632917,2.496186
861,0.475441,2.545600
734,0.554192,0.870834
927,0.460215,1.326401
24,0.449578,0.661036
999,0.441135,1.508811
43,0.664611,1.118689
224,0.456581,0.655116
859,0.555083,0.745453
441,0.500823,0.772866
296,0.611304,1.813865
22,0.495637,0.819200
980,0.539248,1.183794
823,0.578821,0.502668
599,0.752775,1.738405
321,0.622542,1.855165
690,0.452348,1.519187
353,0.503573,1.528467
639,0.460497,1.072289
401,0.578283,2.154548
365,0.522969,1.635312
54,0.499778,0.490338
141,0.514638,0.915466
605,0.467433,0.255581
323,0.546813,1.092294
289,0.646477,1.661902
426,0.481506,1.283673
13,0.506087,1.267681
623,0.463755,1.125453
404,0.505489,1.728471
418,0.514979,0.516803
975,0.715305,2.104278
930,0.570037,2.446263
331,0.499276,0.829387
748,0.579913,1.247165
633,0.578450,1.235503
855,0.690755,1.752720
976,0.569692,0.903551
562,0.519074,0.676968
64,0.560399,0.930895
991,0.630689,1.538447
420,0.692901,1.569602
173,0.468093,1.821216
591,0.543595,3.205345
732,0.496472,0.928203
340,0.541550,1.272223
560,0.489312,1.506380
230,0.440665,0.527169
474,0.588437,1.533479
153,0.545542,0.892972
961,0.529261,0.858373
762,0.616959,0.856183
731,0.514418,1.779486
188,0.457533,1.459681
206,0.473666,0.927820
828,0.521492,1.022938
566,0.568102,2.215581
631,0.643088,2.639446
883,0.603587,0.718151
150,0.616584,1.788721
368,0.531426,0.614718
922,0.654489,1.606832
246,0.565111,0.995677
479,0.622842,2.120034
890,0.558552,1.052205
225,0.456817,1.810111
843,0.559274,1.259439
154,0.627672,1.714007
608,0.488249,0.777103
12,0.498497,2.061351
149,0.440761,1.271975
874,0.569287,1.729675
195,0.452863,1.055230
87,0.554480,0.631751
68,0.602869,0.772984
745,0.603756,3.028675
133,0.424975,0.299482
238,0.523084,1.480775
838,0.522552,1.525286
140,0.553935,2.004492
610,0.459239,1.248266
597,0.501699,0.474833
502,0.505322,0.191540
851,0.741553,1.033173
186,0.500304,0.787809
374,0.566145,0.798565
322,0.579333,1.293015
82,0.694185,0.995651
83,0.512886,0.816391
373,0.599673,0.610122
265,0.523086,1.171663
157,0.505321,0.579657
607,0.597520,1.077472
477,0.569878,1.343370
227,0.506163,0.889903
350,0.597033,2.496816
317,0.491573,1.036276
554,0.495854,0.606938
829,0.497949,1.802451
470,0.637420,1.818717
34,0.680037,1.365397
804,0.496047,1.631733
622,0.492695,0.432848
785,0.472639,0.538785
767,0.458207,1.641653
858,0.610173,0.610390
62,0.541373,1.092267
397,0.519362,0.863494
523,0.611397,1.834136
177,0.540686,0.790940
578,0.521681,3.571470
270,0.522311,2.449049
114,0.495005,1.707157
267,0.459800,0.700682
923,0.669540,1.525799
182,0.569368,1.712466
755,0.480729,0.751699
105,0.675304,2.556124
361,0.652664,3.035083
402,0.682905,2.058155
466,0.671087,2.084929
671,0.508220,1.247578
569,0.635513,0.992050
651,0.647531,1.026312
718,0.725388,1.335473
681,0.656764,2.696487
99,0.601342,0.774081
653,0.654187,1.766869
944,0.514926,1.090571
695,0.546309,1.609504
958,0.435212,0.306275
386,0.540561,0.391313
205,0.577550,1.088474
535,0.544374,1.212892
536,0.484781,1.303125
15,0.466262,2.181559
135,0.650741,2.037236
145,0.586284,1.412522
463,0.570245,1.073363
67,0.519128,0.758328
416,0.531191,0.603811
312,0.491823,0.917885
596,0.652737,1.109976
158,0.574439,2.786333
243,0.523081,1.088037
879,0.561437,1.163172
974,0.559859,0.917474
219,0.499054,1.516698
662,0.555768,1.279194
461,0.496621,0.932225
776,0.553838,0.709684
27,0.630821,2.264042
576,0.578370,2.068872
659,0.553339,2.331200
826,0.455865,0.417654
853,0.484826,0.413880
305,0.553349,1.574437
895,0.592663,0.997037
473,0.552584,1.351332
454,0.566059,0.910639
820,0.550990,0.622673
617,0.597557,0.922148
723,0.561546,2.002408
387,0.594125,1.194077
464,0.607810,0.988190
936,0.466685,1.370618
598,0.587924,2.214628
551,0.521806,1.726892
907,0.525346,0.762369
910,0.696940,1.559642
31,0.542467,1.530149
97,0.653494,1.242083
399,0.504377,1.273825
5,0.467390,0.307512
555,0.579108,1.016496
491,0.515806,0.636506
740,0.523993,1.363141
346,0.602535,2.083072
311,0.667915,1.568655
152,0.559271,1.552991
494,0.506024,1.098895
626,0.616967,1.228245
801,0.790715,1.831562
714,0.459022,1.268573
786,0.569524,0.846927
677,0.561695,0.410836
656,0.499350,1.106033
301,0.576382,0.906148
765,0.548044,1.162617
220,0.519303,1.520767
988,0.653153,2.122945
675,0.576604,0.679908
698,0.624613,0.890883
126,0.568444,2.008116
443,0.683966,1.787902
390,0.501316,1.483274
458,0.622637,1.518648
113,0.561708,0.827687
336,0.467142,1.214121
111,0.602023,0.593315
372,0.447904,0.777530
962,0.467524,0.488074
303,0.625097,2.220698
654,0.552262,1.008496
249,0.571847,1.656493
909,0.583422,0.986436
530,0.553537,0.413080
813,0.558756,1.148168
500,0.561022,0.729316
171,0.605220,0.701220
357,0.616664,2.327803
255,0.534533,0.507494
957,0.615803,1.303970
414,0.560969,2.149861
394,0.612744,1.507166
572,0.605041,1.585535
852,0.661695,0.739266
260,0.529810,1.661503
76,0.522603,1.065285
339,0.617668,1.181349
430,0.556030,1.549134
544,0.645202,1.094485
457,0.488644,1.658275
725,0.487090,1.200141
630,0.577609,0.574083
121,0.603584,1.074894
333,0.568572,2.542083
384,0.473884,0.831052
284,0.537987,0.723603
433,0.465218,0.576961
538,0.547939,0.904902
893,0.759005,1.353900
429,0.622704,2.298231
574,0.507348,1.812331
438,0.538981,0.613069
423,0.623559,1.180825
37,0.692685,1.989436
520,0.475296,1.404041
780,0.727026,3.014912
885,0.526709,0.998352
848,0.629976,1.878827
71,0.543639,0.516221
806,0.574949,1.038297
451,0.485956,0.478663
952,0.651459,1.688480
325,0.666284,1.418497
191,0.519494,1.275269
101,0.538489,0.896516
649,0.496418,0.984544
711,0.604478,0.954228
184,0.685223,2.721579
48,0.500262,1.864914
512,0.640391,1.374548
897,0.598908,1.609097
722,0.516956,1.596659
920,0.572297,1.024471
940,0.641615,1.011984
635,0.521308,1.404162
468,0.457320,0.917638
449,0.627742,1.162446
194,0.577547,1.041853
570,0.522946,2.192948
201,0.494550,2.335576
847,0.568349,2.073201
946,0.560525,0.829232
144,0.474851,1.742757
945,0.508304,0.934838
294,0.621814,1.510397
707,0.621580,1.350848
664,0.560011,1.996854
20,0.551018,1.481015
499,0.531065,1.021831
166,0.560843,2.120016
790,0.522677,0.550025
557,0.569922,2.092263
682,0.557351,0.793187
283,0.660309,1.782178
769,0.509600,0.780146
122,0.455630,0.464909
517,0.579537,1.738883
787,0.515190,1.281396
747,0.544836,0.910426
29,0.423904,0.895381
525,0.560145,1.323620
993,0.631717,3.026662
667,0.467159,0.306375
965,0.516095,0.998465
497,0.569242,1.591369
21,0.448754,0.981627
78,0.569442,1.100726
717,0.561094,0.974881
949,0.507145,0.490434
929,0.569507,0.369912
628,0.509698,1.829827
318,0.507703,1.280017
295,0.456557,0.651800
963,0.492003,2.815638
17,0.484404,0.756633
759,0.628286,3.260977
791,0.544347,1.127571
35,0.537614,1.028525
419,0.465254,0.595958
478,0.519273,2.279062
984,0.549483,1.381777
375,0.473177,0.206348
706,0.532688,0.640648
72,0.508552,1.068089
63,0.464713,0.567131
779,0.669487,1.724884
629,0.511676,0.960675
168,0.590330,0.709137
231,0.658756,2.313610
297,0.482777,0.853290
839,0.500546,0.673865
119,0.492792,1.484476
266,0.603032,0.844469
831,0.447335,0.434668
26,0.575147,1.308389
541,0.571333,0.939316
697,0.641087,0.717333
753,0.623986,1.421214
53,0.674744,2.530244
534,0.578693,2.348706
329,0.563773,2.197680
789,0.551000,1.143287
812,0.547076,1.055347
417,0.532373,0.878004
666,0.537142,0.602100
197,0.532560,1.364321
655,0.511587,0.810961
245,0.504118,1.137550
985,0.522692,1.600313
764,0.547289,1.099454
701,0.539087,0.901122
313,0.607337,0.852673
107,0.520177,2.207263
396,0.594994,1.755566
2,0.531198,1.769609
258,0.471934,1.257507
370,0.490790,0.658999
475,0.630336,0.540732
33,0.469259,1.317283
663,0.540097,2.320986
924,0.548100,0.996116
252,0.540408,1.179452
1534,0.454969,0.861069
1063,0.492231,0.404161
1798,0.481316,0.626224
1567,0.492406,0.322227
1802,0.469453,0.719721
1203,0.492342,0.597651
1348,0.483473,0.166827
1122,0.483262,1.091060
1388,0.492606,0.708412
1746,0.492520,0.718318
1285,0.542603,1.033588
1703,0.541369,0.847136
1456,0.463574,0.660268
1826,0.491485,0.556566
1715,0.490982,0.282479
1581,0.481809,0.415992
1835,0.482236,0.480066
1546,0.464126,1.374952
1747,0.482419,0.365861
1880,0.480541,0.724601
1489,0.480487,0.420223
1145,0.542177,1.004721
1791,0.482322,0.559279
1847,0.498025,0.636324
1284,0.491428,0.387252
1041,0.540940,0.509352
1976,0.530550,1.054065
1174,0.490538,0.692451
1511,0.490058,0.841476
1055,0.489981,1.337576
1350,0.491434,0.446511
1252,0.479241,0.286784
1699,0.499814,0.296350
1332,0.480590,0.471619
1143,0.500426,0.504253
1433,0.491452,0.365332
1461,0.502073,0.202802
1872,0.492014,1.231099
1322,0.488555,1.192183
1782,0.541689,0.217749
1946,0.490761,0.776463
1471,0.482105,1.239962
1982,0.540862,0.592395
1987,0.491748,0.848962
1026,0.470800,0.458997
1628,0.491639,0.378335
1443,0.481925,1.026756
1089,0.478257,0.315390
1148,0.490725,1.030920
1954,0.490725,0.472143
1129,0.481954,0.239688
1929,0.481624,2.228255
1394,0.469691,0.529705
1470,0.550445,0.609502
1020,0.491051,0.846200
1290,0.490781,0.621431
1093,0.490781,0.565115
1606,0.490784,0.870213
1507,0.510111,0.725604
1237,0.491866,1.374288
1611,0.470997,0.247407
1570,0.461457,0.348860
1327,0.481007,0.775869
1047,0.490788,1.123302
1591,0.547474,0.640226
1176,0.464777,1.121856
1852,0.482512,0.624368
1773,0.527492,0.293990
1764,0.490791,0.427361
1244,0.490791,0.272551
1620,0.528068,1.217354
1347,0.490797,1.427087
1140,0.520656,0.986751
1594,0.491997,0.744872
1007,0.530969,0.305594
1760,0.532958,0.791800
1365,0.490757,0.889657
1879,0.480402,0.656546
1491,0.490751,0.654671
1690,0.490751,0.138724
1178,0.490751,0.430380
1128,0.539196,1.127530
1005,0.490779,0.700533
1184,0.471517,0.276278
1623,0.490770,0.821333
1294,0.458609,0.261026
1318,0.452540,0.454669
1731,0.490806,0.916503
1221,0.481703,0.760625
1537,0.491851,0.304786
1296,0.462856,0.687645
1636,0.541732,0.285508
1399,0.518775,0.667081
1815,0.522865,1.065027
1659,0.472005,0.361986
1082,0.480436,0.623545
1477,0.481616,0.998155
1495,0.471352,0.288853
1590,0.491741,0.568194
1243,0.541515,0.504024
1665,0.481665,0.666139
1809,0.481551,0.554403
1370,0.534252,0.713288
1366,0.481256,0.569697
1141,0.482428,0.267013
1453,0.480796,0.272314
1874,0.540938,0.524489
1320,0.490786,0.520501
1572,0.469783,0.848394
1436,0.490755,0.969955
1680,0.483221,0.308333
1541,0.491814,0.481754
1866,0.480670,0.209735
1995,0.531116,0.636692
1232,0.537937,0.912490
1790,0.490760,0.667965
1906,0.490760,0.241766
1358,0.505060,0.480927
1819,0.517539,0.531409
1638,0.497812,0.500770
1343,0.494558,1.119376
1488,0.471291,0.690517
1077,0.490743,0.060441
1643,0.471393,0.327126
1295,0.481551,0.503350
1975,0.490808,0.418329
1601,0.490808,0.654811
1566,0.490766,0.622366
1714,0.528827,1.124521
1926,0.491538,1.005780
1119,0.533262,0.971301
1749,0.453003,1.172635
1716,0.467090,0.674334
1043,0.481612,1.283093
1953,0.474660,1.307033
1035,0.540484,0.380087
1139,0.492289,0.954119
1909,0.529141,1.453193
1939,0.490790,0.594783
1309,0.490768,0.673365
1152,0.490768,0.233922
1496,0.481011,0.273414
1272,0.541839,1.056274
1438,0.458800,0.671311
1574,0.490755,0.551583
1268,0.468802,0.883934
1727,0.490773,0.563505
1803,0.528788,1.188665
1246,0.472512,0.035728
1886,0.490722,0.301754
1919,0.490722,0.914240
1413,0.539007,0.269531
1161,0.481282,0.344882
1722,0.470342,0.450539
1967,0.470555,0.220804
1202,0.531941,0.947223
1999,0.483265,0.301068
1530,0.557997,1.092440
1669,0.490768,0.752721
1849,0.532348,0.665619
1568,0.490758,0.451883
1335,0.539769,0.525695
1166,0.489071,0.467607
1410,0.490751,0.469799
1523,0.472973,0.320264
1787,0.540680,0.799944
1726,0.481140,1.184239
1744,0.587826,1.245239
1845,0.480418,0.504610
1814,0.540732,0.940212
1442,0.481049,0.833987
1961,0.588155,1.875357
1201,0.490750,0.549290
1762,0.588379,0.656423
1584,0.492030,0.101760
1619,0.492030,0.947410
1494,0.541626,0.697004
1997,0.473486,0.397154
1504,0.503875,1.020876
1696,0.481715,1.038126
1869,0.490767,1.044362
1663,0.490757,0.232301
1720,0.490749,0.510627
1653,0.482108,0.420817
1631,0.539577,0.657010
1524,0.521427,0.826781
1588,0.490773,0.747646
1763,0.490773,0.239721
1943,0.479619,0.519077
1171,0.539059,0.398154
1873,0.491665,0.659626
1149,0.491665,0.318564
1657,0.481928,0.922190
1550,0.595818,1.071719
1374,0.491787,0.233866
1464,0.480528,0.857543
1613,0.478530,0.496605
1580,0.480443,0.526072
1801,0.482042,0.373374
1236,0.481052,1.224646
1644,0.480384,0.552226
1052,0.490771,0.303322
1157,0.480966,0.289188
1560,0.481103,0.998274
1451,0.539189,1.772778
1239,0.480607,1.252713
1686,0.491611,0.189608
1397,0.532398,0.525523
1025,0.487410,0.520364
1484,0.521277,0.945655
1932,0.469452,0.730618
1774,0.523029,0.944803
1482,0.542551,0.279224
1855,0.491641,0.359230
1756,0.491641,0.293708
1947,0.581448,1.135175
1990,0.491309,0.937697
1040,0.491691,0.688258
1265,0.543782,0.435286
1286,0.573205,0.461815
1780,0.472465,0.689567
1994,0.490744,0.849291
1823,0.482386,0.486982
1002,0.540253,0.799288
1406,0.532777,0.602524
1992,0.479870,0.817476
1275,0.491761,1.489319
1263,0.482650,0.779570
1513,0.491936,1.022671
1291,0.491936,0.921083
1859,0.491936,1.799728
1136,0.472584,0.400710
1434,0.492211,0.902142
1989,0.539120,1.164616
1449,0.490736,0.695845
1400,0.491869,0.803398
1928,0.491869,0.244080
1587,0.472119,0.515486
1367,0.490859,0.448951
1583,0.586777,1.313448
1914,0.481200,0.844646
1214,0.490302,0.364274
1094,0.490302,0.361646
1515,0.542120,1.367038
1103,0.490438,1.052281
1352,0.540437,0.705885
1385,0.490842,1.043166
1971,0.530462,0.113346
1900,0.479251,0.327615
1457,0.490401,0.371373
1465,0.479710,0.276177
1765,0.490864,0.106012
1539,0.549039,0.929789
1661,0.539513,0.681388
1023,0.590045,1.101762
1351,0.481251,0.470233
1267,0.480684,0.270467
1956,0.490293,0.349967
1575,0.490856,0.512515
1086,0.476961,0.537580
1736,0.530492,1.002523
1010,0.490239,0.680745
1739,0.490239,0.577497
1098,0.480368,0.423671
1842,0.541569,0.822629
1033,0.541570,0.264983
1402,0.490856,0.700546
1205,0.490858,0.657851
1608,0.539702,0.741042
1362,0.461842,0.143071
1505,0.490849,1.118942
1660,0.542594,0.640928
1497,0.532027,0.853478
1053,0.539972,1.311953
1168,0.471399,1.246622
1685,0.488624,0.356927
1981,0.490850,0.787250
1552,0.480467,0.434893
1832,0.490853,0.459093
1805,0.456293,0.591599
1200,0.490412,0.273842
1649,0.560558,0.801129
1425,0.490868,0.820936
1155,0.490868,0.699554
1051,0.520169,0.759418
1463,0.490844,0.551037
1629,0.481008,1.431504
1021,0.490835,0.815164
1962,0.490827,1.036842
1126,0.481006,1.472823
1012,0.490841,0.513529
1344,0.481701,1.303681
1857,0.481026,0.459604
1446,0.490833,0.459618
1894,0.490839,0.227270
1589,0.490869,1.812246
1207,0.481731,0.322981
1540,0.480409,1.091120
1038,0.480538,0.382892
1110,0.490842,0.346304
1264,0.490842,0.334343
1767,0.499148,0.941094
1429,0.566662,2.291517
1173,0.501785,0.659888
1595,0.490837,0.236461
1881,0.499802,0.669587
1191,0.596573,0.468281
1273,0.541772,0.571915
1921,0.490844,0.559702
1380,0.480740,0.918585
1725,0.490349,1.108192
1195,0.499575,0.599801
1422,0.478308,0.810318
1664,0.479682,0.196870
1271,0.490828,0.453477
1064,0.490821,0.226580
1222,0.490326,0.475826
1508,0.490326,0.202592
1604,0.490326,0.791890
1816,0.490841,0.574258
1279,0.490841,0.366521
1907,0.490859,0.491138
1412,0.490859,0.688185
1259,0.490842,0.319054
1440,0.490431,0.496379
1080,0.481380,0.551718
1316,0.490844,0.629537
1341,0.490844,0.385144
1728,0.549049,0.450680
1561,0.469499,1.108524
1965,0.490357,0.495683
1418,0.490860,0.387860
1645,0.549058,0.761860
1743,0.490350,0.399203
1049,0.490350,0.364507
1219,0.469325,0.853641
1487,0.549092,1.415932
1452,0.490315,0.932987
1469,0.499760,0.981978
1315,0.499760,0.617055
1529,0.538801,0.606146
1797,0.490858,0.466343
1610,0.490860,0.806149
1099,0.490834,0.104026
1081,0.490287,0.740543
1342,0.490287,1.314487
1054,0.490291,1.027200
1887,0.490291,0.518941
1251,0.498277,1.405386
1382,0.488535,0.612105
1313,0.490265,0.855265
1255,0.643967,0.977057
1192,0.480464,0.400220
1573,0.490265,0.689280
1314,0.490265,1.113644
1282,0.531975,0.680534
1158,0.542631,1.035147
1031,0.490848,1.277981
1359,0.490848,0.358841
1124,0.480956,0.301526
1934,0.479716,1.094261
1127,0.490150,0.558776
1306,0.541926,1.294307
1460,0.490133,0.278901
1824,0.481822,0.892677
1948,0.490172,0.450983
1045,0.540178,0.960691
1868,0.490131,0.465615
1683,0.490131,0.408263
1617,0.549208,0.329503
1931,0.490154,0.737195
1492,0.490154,0.642919
1936,0.491150,0.551464
1870,0.491150,0.345543
1740,0.547735,0.845994
1386,0.481482,0.740799
1922,0.491831,0.244819
1426,0.539397,1.629846
1535,0.490159,0.539092
1044,0.549202,0.706244
1085,0.481552,0.780338
1702,0.481111,0.280618
1853,0.517999,0.566894
1860,0.539024,0.960588
1770,0.491436,0.397135
1807,0.491620,0.673671
1718,0.547938,1.200579
1678,0.491620,0.409078
1478,0.540073,1.139900
1289,0.490154,0.348736
1112,0.477633,0.267669
1175,0.490146,0.392818
1916,0.481196,0.727049
1883,0.548120,0.868610
1123,0.491431,0.218478
1106,0.491431,1.103775
1165,0.548328,0.609737
1652,0.491214,1.160317
1017,0.468401,0.429257
1789,0.547914,0.757963
1709,0.491646,0.725675
1131,0.532979,0.867708
1377,0.540051,0.344711
1616,0.490167,0.670862
1059,0.490153,0.434257
1144,0.479681,1.074373
1479,0.540000,0.778874
1071,0.490806,1.011702
1312,0.480703,1.234205
1241,0.481728,0.777058
1516,0.490806,1.152090
1194,0.538308,0.360415
1301,0.490726,0.423722
1180,0.491451,0.913217
1156,0.491451,0.561016
1930,0.519996,0.281696
1177,0.519996,0.089124
1554,0.519996,0.925256
1437,0.479837,0.573445
1218,0.490151,0.384335
1734,0.479691,0.593777
1009,0.565487,0.650632
1757,0.517164,0.489770
1190,0.517164,1.062405
1030,0.548280,1.401151
1806,0.480114,0.227701
1582,0.481750,0.735791
1520,0.491264,2.083096
1328,0.481551,0.481913
1293,0.479350,0.367291
1950,0.539467,1.042659
1050,0.490178,1.078639
1100,0.482430,1.289719
1688,0.480814,0.376960
1811,0.491116,0.396416
1531,0.538073,0.992173
1003,0.491116,0.640461
1822,0.480405,0.425672
1378,0.549222,1.714156
1959,0.490140,0.430376
1037,0.490140,0.331197
1027,0.490145,0.732443
1689,0.490145,0.825111
1730,0.591742,1.063364
1896,0.477319,0.317268
1514,0.541891,0.607908
1781,0.490157,0.419614
1615,0.491671,0.588290
1480,0.490150,0.934403
1571,0.490177,0.211942
1875,0.490177,0.666655
1248,0.490143,1.022979
1592,0.490143,0.716069
1543,0.479707,0.935111
1147,0.480397,0.726817
1227,0.491207,0.682699
1706,0.491207,0.322532
1607,0.490483,0.133218
1864,0.490138,0.880488
1299,0.490129,0.562705
1260,0.549234,2.305019
1792,0.490129,0.408091
1519,0.491365,0.735629
1280,0.491365,1.054956
1940,0.481593,0.353735
1691,0.491210,0.920620
1769,0.479404,0.673688
1073,0.549097,0.688052
1016,0.480479,0.772231
1753,0.478418,0.480372
1544,0.490225,1.096622
1630,0.539953,2.043035
1117,0.497328,0.764033
1405,0.490251,0.330625
1658,0.490244,1.253794
1325,0.479090,0.809312
1556,0.489714,0.762429
1340,0.489714,0.610266
1196,0.489714,0.503306
1983,0.480505,0.702087
1585,0.490243,0.640343
1287,0.489619,0.434847
1097,0.549866,0.673965
1193,0.489619,0.804929
1783,0.477812,0.675636
1925,0.538520,0.609426
1075,0.489726,0.647061
1794,0.471123,0.475685
1707,0.489723,1.327803
1700,0.478659,1.466724
1387,0.490241,1.769756
1937,0.490241,0.926526
1972,0.539362,0.575666
1918,0.479926,0.786688
1955,0.480727,0.767737
1466,0.490224,0.379905
1695,0.549643,0.917113
1004,0.549643,1.152617
1719,0.489855,0.908673
1825,0.529935,0.639530
1902,0.481009,0.490215
1228,0.549843,0.702741
1300,0.489645,0.459910
1256,0.489645,1.193463
1817,0.538702,0.872496
1095,0.469724,0.500610
1134,0.490260,0.849036
1336,0.489903,1.086139
1331,0.549598,0.838752
1107,0.489903,0.735803
1901,0.486581,0.683394
1748,0.539623,0.352940
1368,0.489665,0.947245
1843,0.489665,0.878871
1274,0.489607,0.287294
1536,0.486285,0.978469
1226,0.490241,0.552589
1721,0.480991,0.350036
1013,0.598523,1.417441
1625,0.490241,0.537689
1498,0.490226,0.709597
1656,0.549096,0.589971
1083,0.479789,0.464979
1558,0.490226,1.176136
1249,0.549823,0.148464
1431,0.478518,1.044495
1072,0.597333,1.124355
1729,0.490250,0.538180
1125,0.540231,0.817549
1521,0.490186,0.680752
1310,0.479897,1.738625
1978,0.491649,0.705427
1923,0.489783,0.406291
1576,0.486202,0.380942
1898,0.535234,0.633021
1942,0.490220,0.509907
1977,0.489670,0.640289
1015,0.549818,0.371112
1199,0.489670,1.360756
1197,0.478509,0.310238
1069,0.495918,0.950980
1224,0.490240,0.730166
1593,0.549079,0.363641
1115,0.490240,0.509278
1395,0.489499,0.548840
1371,0.490909,1.391459
1070,0.548577,1.884433
1036,0.548577,0.712486
1411,0.490909,0.364929
1330,0.490909,0.576220
1113,0.489471,1.102052
1766,0.478707,0.445310
1895,0.548292,0.991852
1204,0.548292,1.091615
1848,0.522588,0.456531
1910,0.491186,0.436060
1423,0.548314,1.314022
1403,0.548314,0.574852
1213,0.480043,0.196650
1234,0.489522,0.220780
1338,0.490764,0.476376
1357,0.520461,1.093707
1788,0.541692,0.844267
1169,0.597884,0.661154
1217,0.490906,0.369378
1831,0.548580,0.160407
1046,0.490906,1.377080
1242,0.489523,0.385451
1635,0.540208,0.320069
1862,0.540836,0.606308
1088,0.489486,1.184528
1206,0.489486,1.338745
1618,0.548604,1.224937
1087,0.490881,0.207501
1424,0.548604,0.486473
1559,0.490446,1.337239
1493,0.490446,0.641826
1109,0.490381,1.034417
1626,0.548891,0.894729
1945,0.490381,1.041706
1553,0.490381,1.229094
1800,0.479522,0.344290
1988,0.490361,0.443349
1074,0.477849,0.465153
1834,0.490361,0.504330
1672,0.489558,0.719316
1692,0.489558,0.266369
1761,0.489558,1.146301
1564,0.537431,0.384155
1150,0.489593,0.465199
1220,0.489556,0.490591
1404,0.489100,0.217599
1632,0.477938,0.486304
1865,0.550358,0.468453
1019,0.550358,0.626136
1225,0.489100,1.239654
1569,0.478067,1.008282
1777,0.528110,0.680040
1966,0.539247,0.793641
1462,0.530824,0.923331
1779,0.539876,1.693685
1517,0.477388,0.915128
1321,0.489196,0.653662
1468,0.489196,1.232470
1441,0.550271,0.921861
1796,0.489196,0.426017
1597,0.538227,0.617917
1486,0.550658,0.890699
1057,0.520091,0.644655
1551,0.520091,1.078396
1557,0.520091,0.448312
1933,0.519283,0.862806
1786,0.520091,0.655722
1389,0.488814,1.380212
1029,0.550651,0.808046
1067,0.550651,0.485034
1836,0.488814,0.323632
1667,0.600169,0.518514
1991,0.488897,0.542029
1704,0.488897,1.184467
1676,0.539502,0.332448
1795,0.488871,0.323472
1723,0.556753,0.617248
1056,0.517866,0.493098
1821,0.517866,0.245531
1882,0.521506,0.506970
1586,0.488810,0.845609
1288,0.488810,0.787682
1525,0.550651,0.704714
1435,0.488799,0.740919
1458,0.599863,0.486222
1675,0.488814,0.831962
1863,0.488814,0.379425
1808,0.490707,0.644785
1614,0.548601,1.134055
1092,0.598177,0.908741
1577,0.490707,0.705901
1538,0.490707,0.677906
1262,0.485943,0.829380
1065,0.497450,0.477088
1334,0.497450,0.188766
1741,0.539870,1.012126
1911,0.539870,0.914851
1892,0.499228,0.353216
1651,0.539870,0.761762
1396,0.499228,0.502128
1920,0.550536,0.991824
1384,0.488955,0.788041
1555,0.540240,0.580718
1828,0.488444,0.258360
1970,0.488444,0.905782
1381,0.488444,1.032004
1061,0.525198,1.010414
1105,0.488070,0.330357
1062,0.488070,0.362134
1768,0.488070,0.252510
1622,0.551189,0.764194
1346,0.541812,0.707811
1993,0.541812,0.499945
1024,0.496637,0.231821
1778,0.496637,0.691298
1735,0.541812,0.760483
1679,0.488212,0.555641
1578,0.488212,0.743725
1841,0.551177,0.984740
1091,0.488212,0.901263
1542,0.487445,1.259617
1121,0.539271,0.720595
1270,0.551637,0.446560
1732,0.487445,0.641325
1527,0.487418,2.666362
1439,0.487418,0.980128
1938,0.487418,0.363017
1420,0.539663,0.976990
1068,0.551657,1.458968
1501,0.487418,0.420432
1951,0.487453,0.820091
1179,0.487453,1.375753
1028,0.487453,0.821773
1996,0.552031,0.200878
1599,0.486081,0.895735
1612,0.486081,0.293292
Average Cost: 11.442000
Accuracy: 97.400000
Accuracy 0: 100.000000
Cost 0: 5.000000
Accuracy 1: 100.000000
Cost 1: 5.000000
Accuracy 2: 100.000000
Cost 2: 5.000000
Accuracy 3: 100.000000
Cost 3: 5.000000
Accuracy 4: 100.000000
Cost 4: 5.000000
Accuracy 5: 100.000000
Cost 5: 5.000000
Accuracy 6: 100.000000
Cost 6: 5.000000
Accuracy 7: 100.000000
Cost 7: 5.000000
Accuracy 8: 100.000000
Cost 8: 5.000000
Accuracy 9: 100.000000
Cost 9: 5.000000
