ProblemNo,Answer,TrueAnswer,Cost,Difficulty
0,0,0,6.000000,0.000000
1,0,0,6.000000,0.000000
2,1,1,6.000000,0.000000
3,0,1,6.000000,0.000000
4,0,0,6.000000,0.000000
5,0,0,6.000000,0.000000
6,0,0,6.000000,0.000000
7,1,1,6.000000,0.000000
8,1,1,9.000000,0.800000
9,0,1,9.000000,0.800000
10,1,1,6.000000,0.000000
11,0,0,9.000000,0.800000
12,0,0,6.000000,0.000000
13,0,0,6.000000,0.000000
14,0,0,6.000000,0.000000
15,1,1,6.000000,0.000000
16,1,1,6.000000,0.000000
17,0,0,9.000000,0.800000
18,1,1,6.000000,0.000000
19,0,0,9.000000,0.800000
20,1,1,9.000000,0.800000
21,1,1,6.000000,0.000000
22,1,1,6.000000,0.000000
23,0,0,6.000000,0.000000
24,1,1,9.000000,0.900000
25,1,1,9.000000,0.900000
26,1,1,6.000000,0.000000
27,0,0,6.000000,0.000000
28,1,1,6.000000,0.000000
29,1,0,6.000000,0.000000
30,1,1,6.000000,0.000000
31,1,1,6.000000,0.000000
32,0,0,6.000000,0.000000
33,1,1,6.000000,0.000000
34,1,1,9.000000,0.800000
35,1,1,9.000000,0.800000
36,1,1,6.000000,0.000000
37,1,1,6.000000,0.000000
38,0,0,6.000000,0.000000
39,0,1,9.000000,0.900000
40,1,1,9.000000,0.800000
41,0,0,6.000000,0.000000
42,1,0,9.000000,0.800000
43,1,1,9.000000,0.900000
44,1,1,9.000000,0.900000
45,1,1,6.000000,0.000000
46,0,0,6.000000,0.000000
47,1,1,6.000000,0.000000
48,0,0,6.000000,0.000000
49,0,0,6.000000,0.000000
50,0,0,6.000000,0.000000
51,0,0,6.000000,0.000000
52,1,0,9.000000,0.800000
53,1,0,9.000000,0.900000
54,0,0,6.000000,0.000000
55,0,0,6.000000,0.000000
56,0,0,6.000000,0.000000
57,1,1,6.000000,0.000000
58,0,0,9.000000,0.800000
59,0,0,6.000000,0.000000
60,1,1,6.000000,0.000000
61,0,0,6.000000,0.000000
62,1,1,9.000000,0.800000
63,0,0,6.000000,0.000000
64,0,0,6.000000,0.000000
65,1,1,6.000000,0.000000
66,1,1,6.000000,0.000000
67,0,0,6.000000,0.000000
68,0,0,9.000000,0.900000
69,1,1,6.000000,0.000000
70,0,0,6.000000,0.000000
71,0,0,6.000000,0.000000
72,1,1,6.000000,0.000000
73,1,1,9.000000,0.800000
74,0,0,6.000000,0.000000
75,1,1,6.000000,0.000000
76,0,0,6.000000,0.000000
77,1,1,9.000000,0.900000
78,1,0,9.000000,0.900000
79,0,0,6.000000,0.000000
80,1,1,9.000000,0.800000
81,1,1,6.000000,0.000000
82,1,1,6.000000,0.000000
83,0,0,6.000000,0.000000
84,1,1,6.000000,0.000000
85,0,0,6.000000,0.000000
86,1,1,6.000000,0.000000
87,0,0,6.000000,0.000000
88,1,0,9.000000,0.800000
89,1,1,6.000000,0.000000
90,0,1,9.000000,0.800000
91,0,0,6.000000,0.000000
92,0,0,9.000000,0.800000
93,1,0,6.000000,0.000000
94,0,1,6.000000,0.000000
95,1,1,6.000000,0.000000
96,1,1,6.000000,0.000000
97,1,1,6.000000,0.000000
98,0,0,6.000000,0.000000
99,1,1,6.000000,0.000000
100,0,1,9.000000,0.800000
101,1,1,9.000000,0.800000
102,1,1,6.000000,0.000000
103,0,0,6.000000,0.000000
104,1,1,6.000000,0.000000
105,1,0,9.000000,0.900000
106,0,0,6.000000,0.000000
107,0,1,6.000000,0.000000
108,1,1,6.000000,0.000000
109,1,1,6.000000,0.000000
110,0,0,9.000000,0.800000
111,0,0,6.000000,0.000000
112,1,1,6.000000,0.000000
113,0,0,6.000000,0.000000
114,1,1,6.000000,0.000000
115,1,1,6.000000,0.000000
116,0,0,6.000000,0.000000
117,0,0,6.000000,0.000000
118,0,0,6.000000,0.000000
119,1,1,9.000000,0.900000
120,0,0,6.000000,0.000000
121,0,1,9.000000,0.800000
122,0,0,6.000000,0.000000
123,0,0,6.000000,0.000000
124,0,1,6.000000,0.000000
125,1,1,6.000000,0.000000
126,0,0,9.000000,0.900000
127,0,0,6.000000,0.000000
128,0,0,6.000000,0.000000
129,1,1,9.000000,0.900000
130,0,0,9.000000,0.800000
131,1,1,9.000000,0.800000
132,1,1,6.000000,0.000000
133,0,1,9.000000,0.800000
134,1,1,6.000000,0.000000
135,1,1,6.000000,0.000000
136,1,0,9.000000,0.800000
137,0,0,6.000000,0.000000
138,0,0,6.000000,0.000000
139,1,1,6.000000,0.000000
140,1,1,9.000000,0.900000
141,1,1,6.000000,0.000000
142,0,0,6.000000,0.000000
143,1,1,6.000000,0.000000
144,1,1,6.000000,0.000000
145,1,1,9.000000,0.800000
146,1,1,6.000000,0.000000
147,0,1,6.000000,0.000000
148,0,0,6.000000,0.000000
149,1,1,6.000000,0.000000
WorkerID,Gamma
37,0.569674
50,0.707695
62,0.597601
63,0.600863
64,0.290209
53,0.562243
66,0.407897
67,0.592194
82,0.466076
69,0.567857
81,0.822708
84,0.468180
85,0.727525
48,0.467013
49,0.838054
46,0.489597
47,0.606282
44,0.626068
45,0.793864
42,0.912067
43,0.514338
40,0.597799
41,0.408433
83,0.468657
75,1.037272
73,0.405590
71,0.435051
70,0.466271
78,0.407423
39,0.678096
38,0.581679
59,0.463807
58,0.654192
55,0.549241
54,0.410927
57,0.526614
51,1.473804
36,0.000340
35,0.044217
52,0.598658
65,0.465588
Average Cost: 6.820000
Accuracy: 86.666667
