Number of Worker Pools: 2
Number of Workers in Pool 1: 1000
Original mean,standardDev for Pool 1: 4.000000,0.300000
Number of Workers in Pool 2: 1000
Original mean,standardDev for Pool 2: 3.500000,0.200000
Number of Problems: 1000
ProblemNo,Answer,TrueAnswer,Cost,Difficulty,TrueDifficulty
0,0,0,20.000000,0.800000,0.500000
1,0,0,12.000000,0.500000,0.500000
2,0,0,16.000000,0.700000,0.500000
3,0,0,8.000000,0.000000,0.500000
4,1,1,12.000000,0.500000,0.500000
5,0,0,12.000000,0.500000,0.500000
6,0,0,8.000000,0.000000,0.500000
7,0,0,8.000000,0.000000,0.500000
8,1,1,14.000000,0.700000,0.500000
9,0,0,8.000000,0.000000,0.500000
10,1,1,12.000000,0.500000,0.500000
11,0,0,12.000000,0.500000,0.500000
12,1,1,8.000000,0.000000,0.500000
13,0,0,20.000000,0.800000,0.500000
14,0,0,24.000000,0.900000,0.500000
15,0,0,8.000000,0.000000,0.500000
16,1,1,8.000000,0.000000,0.500000
17,1,1,8.000000,0.000000,0.500000
18,1,1,8.000000,0.000000,0.500000
19,1,1,20.000000,0.800000,0.500000
20,0,0,12.000000,0.500000,0.500000
21,1,1,8.000000,0.000000,0.500000
22,0,0,12.000000,0.500000,0.500000
23,0,0,8.000000,0.000000,0.500000
24,1,1,16.000000,0.900000,0.500000
25,1,1,8.000000,0.000000,0.500000
26,1,1,12.000000,0.500000,0.500000
27,0,0,8.000000,0.000000,0.500000
28,0,0,8.000000,0.000000,0.500000
29,1,1,12.000000,0.500000,0.500000
30,0,0,8.000000,0.000000,0.500000
31,1,1,20.000000,0.800000,0.500000
32,1,1,12.000000,0.500000,0.500000
33,0,0,12.000000,0.500000,0.500000
34,1,1,8.000000,0.000000,0.500000
35,1,1,16.000000,0.700000,0.500000
36,0,0,8.000000,0.000000,0.500000
37,1,1,8.000000,0.000000,0.500000
38,1,1,12.000000,0.500000,0.500000
39,1,1,16.000000,0.800000,0.500000
40,0,0,14.000000,0.700000,0.500000
41,0,0,8.000000,0.000000,0.500000
42,0,0,12.000000,0.500000,0.500000
43,0,0,12.000000,0.500000,0.500000
44,0,0,8.000000,0.000000,0.500000
45,1,1,18.000000,0.800000,0.500000
46,1,1,8.000000,0.000000,0.500000
47,1,1,16.000000,0.700000,0.500000
48,1,1,8.000000,0.000000,0.500000
49,0,0,12.000000,0.500000,0.500000
50,1,1,12.000000,0.500000,0.500000
51,0,0,18.000000,0.900000,0.500000
52,1,1,8.000000,0.000000,0.500000
53,0,0,8.000000,0.000000,0.500000
54,1,1,8.000000,0.000000,0.500000
55,0,0,12.000000,0.500000,0.500000
56,1,1,8.000000,0.000000,0.500000
57,1,1,12.000000,0.500000,0.500000
58,1,1,14.000000,0.700000,0.500000
59,1,1,8.000000,0.000000,0.500000
60,1,1,12.000000,0.500000,0.500000
61,1,1,8.000000,0.000000,0.500000
62,1,1,8.000000,0.000000,0.500000
63,1,1,12.000000,0.500000,0.500000
64,0,0,8.000000,0.000000,0.500000
65,1,1,16.000000,0.700000,0.500000
66,0,0,12.000000,0.500000,0.500000
67,0,0,8.000000,0.000000,0.500000
68,0,1,16.000000,0.900000,0.500000
69,1,1,16.000000,0.700000,0.500000
70,1,1,8.000000,0.000000,0.500000
71,0,0,16.000000,0.700000,0.500000
72,0,0,8.000000,0.000000,0.500000
73,1,1,8.000000,0.000000,0.500000
74,0,0,12.000000,0.500000,0.500000
75,1,1,14.000000,0.700000,0.500000
76,1,1,16.000000,0.700000,0.500000
77,1,1,8.000000,0.000000,0.500000
78,1,1,8.000000,0.000000,0.500000
79,1,1,14.000000,0.700000,0.500000
80,0,0,12.000000,0.500000,0.500000
81,1,1,20.000000,0.800000,0.500000
82,1,1,12.000000,0.500000,0.500000
83,0,0,8.000000,0.000000,0.500000
84,1,1,14.000000,0.700000,0.500000
85,0,0,8.000000,0.000000,0.500000
86,0,0,8.000000,0.000000,0.500000
87,1,1,8.000000,0.000000,0.500000
88,0,0,8.000000,0.000000,0.500000
89,1,1,8.000000,0.000000,0.500000
90,0,0,8.000000,0.000000,0.500000
91,1,1,12.000000,0.500000,0.500000
92,0,0,16.000000,0.700000,0.500000
93,1,1,8.000000,0.000000,0.500000
94,0,0,12.000000,0.500000,0.500000
95,1,1,16.000000,0.700000,0.500000
96,1,1,8.000000,0.000000,0.500000
97,0,0,8.000000,0.000000,0.500000
98,0,0,12.000000,0.500000,0.500000
99,1,1,8.000000,0.000000,0.500000
100,0,0,14.000000,0.700000,0.500000
101,0,0,16.000000,0.700000,0.500000
102,1,1,12.000000,0.500000,0.500000
103,1,1,26.000000,1.000000,0.500000
104,1,1,16.000000,0.700000,0.500000
105,0,0,28.000000,0.900000,0.500000
106,0,0,26.000000,0.900000,0.500000
107,1,1,12.000000,0.500000,0.500000
108,0,0,16.000000,0.700000,0.500000
109,1,1,18.000000,0.800000,0.500000
110,0,0,8.000000,0.000000,0.500000
111,0,0,12.000000,0.500000,0.500000
112,1,1,12.000000,0.500000,0.500000
113,1,1,16.000000,0.700000,0.500000
114,0,0,8.000000,0.000000,0.500000
115,0,0,40.000000,0.900000,0.500000
116,1,1,8.000000,0.000000,0.500000
117,1,1,8.000000,0.000000,0.500000
118,0,0,14.000000,0.700000,0.500000
119,1,1,14.000000,0.700000,0.500000
120,1,1,8.000000,0.000000,0.500000
121,0,0,12.000000,0.500000,0.500000
122,1,1,12.000000,0.500000,0.500000
123,0,0,8.000000,0.000000,0.500000
124,1,1,8.000000,0.000000,0.500000
125,0,0,8.000000,0.000000,0.500000
126,0,0,12.000000,0.500000,0.500000
127,0,0,8.000000,0.000000,0.500000
128,0,0,16.000000,0.900000,0.500000
129,0,0,12.000000,0.500000,0.500000
130,1,1,8.000000,0.000000,0.500000
131,1,1,12.000000,0.500000,0.500000
132,0,0,12.000000,0.500000,0.500000
133,1,1,8.000000,0.000000,0.500000
134,0,0,8.000000,0.000000,0.500000
135,1,1,12.000000,0.500000,0.500000
136,1,1,8.000000,0.000000,0.500000
137,0,0,8.000000,0.000000,0.500000
138,0,0,20.000000,0.800000,0.500000
139,1,1,14.000000,0.700000,0.500000
140,0,0,36.000000,1.000000,0.500000
141,1,1,14.000000,0.700000,0.500000
142,0,0,8.000000,0.000000,0.500000
143,1,1,12.000000,0.500000,0.500000
144,1,1,8.000000,0.000000,0.500000
145,1,1,8.000000,0.000000,0.500000
146,1,1,12.000000,0.500000,0.500000
147,1,1,8.000000,0.000000,0.500000
148,0,0,18.000000,0.900000,0.500000
149,1,1,8.000000,0.000000,0.500000
150,0,0,22.000000,0.900000,0.500000
151,0,0,16.000000,0.700000,0.500000
152,1,1,12.000000,0.500000,0.500000
153,0,0,12.000000,0.500000,0.500000
154,0,0,12.000000,0.500000,0.500000
155,1,1,12.000000,0.500000,0.500000
156,0,0,8.000000,0.000000,0.500000
157,1,1,12.000000,0.500000,0.500000
158,1,1,14.000000,0.700000,0.500000
159,1,1,8.000000,0.000000,0.500000
160,1,1,18.000000,0.800000,0.500000
161,0,0,8.000000,0.000000,0.500000
162,0,0,8.000000,0.000000,0.500000
163,1,1,8.000000,0.000000,0.500000
164,1,1,28.000000,1.000000,0.500000
165,1,1,12.000000,0.500000,0.500000
166,1,1,8.000000,0.000000,0.500000
167,0,0,12.000000,0.500000,0.500000
168,0,0,8.000000,0.000000,0.500000
169,1,1,8.000000,0.000000,0.500000
170,1,1,12.000000,0.500000,0.500000
171,0,0,20.000000,0.800000,0.500000
172,1,1,12.000000,0.500000,0.500000
173,1,1,8.000000,0.000000,0.500000
174,0,0,16.000000,0.700000,0.500000
175,1,1,8.000000,0.000000,0.500000
176,1,1,12.000000,0.500000,0.500000
177,1,1,8.000000,0.000000,0.500000
178,0,0,12.000000,0.500000,0.500000
179,0,0,22.000000,0.900000,0.500000
180,1,1,8.000000,0.000000,0.500000
181,1,1,16.000000,0.700000,0.500000
182,1,1,14.000000,0.700000,0.500000
183,0,0,14.000000,0.700000,0.500000
184,1,1,8.000000,0.000000,0.500000
185,1,1,30.000000,0.900000,0.500000
186,1,1,12.000000,0.500000,0.500000
187,1,1,8.000000,0.000000,0.500000
188,1,1,24.000000,0.900000,0.500000
189,0,0,14.000000,0.700000,0.500000
190,0,0,12.000000,0.500000,0.500000
191,1,1,8.000000,0.000000,0.500000
192,0,0,8.000000,0.000000,0.500000
193,0,0,8.000000,0.000000,0.500000
194,1,1,28.000000,1.000000,0.500000
195,1,1,8.000000,0.000000,0.500000
196,1,1,8.000000,0.000000,0.500000
197,0,0,12.000000,0.500000,0.500000
198,1,1,14.000000,0.700000,0.500000
199,1,1,8.000000,0.000000,0.500000
200,0,0,12.000000,0.500000,0.500000
201,0,0,8.000000,0.000000,0.500000
202,0,0,8.000000,0.000000,0.500000
203,1,1,14.000000,0.700000,0.500000
204,1,1,12.000000,0.500000,0.500000
205,1,1,12.000000,0.500000,0.500000
206,1,1,8.000000,0.000000,0.500000
207,1,1,8.000000,0.000000,0.500000
208,0,0,14.000000,0.700000,0.500000
209,0,0,8.000000,0.000000,0.500000
210,1,1,8.000000,0.000000,0.500000
211,0,0,8.000000,0.000000,0.500000
212,0,0,8.000000,0.000000,0.500000
213,0,0,8.000000,0.000000,0.500000
214,1,1,14.000000,0.700000,0.500000
215,0,0,12.000000,0.500000,0.500000
216,1,1,12.000000,0.500000,0.500000
217,0,0,8.000000,0.000000,0.500000
218,0,0,12.000000,0.500000,0.500000
219,0,0,8.000000,0.000000,0.500000
220,1,1,8.000000,0.000000,0.500000
221,0,0,18.000000,0.900000,0.500000
222,1,1,12.000000,0.500000,0.500000
223,0,0,8.000000,0.000000,0.500000
224,0,0,12.000000,0.500000,0.500000
225,0,0,16.000000,0.700000,0.500000
226,0,0,12.000000,0.500000,0.500000
227,0,0,14.000000,0.700000,0.500000
228,1,1,8.000000,0.000000,0.500000
229,1,1,8.000000,0.000000,0.500000
230,0,0,12.000000,0.500000,0.500000
231,1,1,12.000000,0.500000,0.500000
232,1,1,14.000000,0.700000,0.500000
233,1,1,8.000000,0.000000,0.500000
234,1,1,8.000000,0.000000,0.500000
235,0,0,24.000000,0.900000,0.500000
236,1,1,12.000000,0.500000,0.500000
237,1,1,12.000000,0.500000,0.500000
238,0,0,8.000000,0.000000,0.500000
239,1,1,8.000000,0.000000,0.500000
240,0,0,16.000000,0.700000,0.500000
241,1,1,8.000000,0.000000,0.500000
242,1,1,8.000000,0.000000,0.500000
243,0,0,8.000000,0.000000,0.500000
244,0,0,18.000000,0.800000,0.500000
245,1,1,12.000000,0.500000,0.500000
246,0,0,8.000000,0.000000,0.500000
247,0,0,8.000000,0.000000,0.500000
248,1,1,8.000000,0.000000,0.500000
249,1,1,12.000000,0.500000,0.500000
250,1,1,16.000000,0.700000,0.500000
251,1,1,28.000000,1.000000,0.500000
252,1,1,8.000000,0.000000,0.500000
253,0,0,26.000000,0.900000,0.500000
254,0,0,12.000000,0.500000,0.500000
255,0,0,16.000000,0.700000,0.500000
256,1,1,20.000000,0.800000,0.500000
257,1,1,14.000000,0.700000,0.500000
258,1,1,24.000000,0.900000,0.500000
259,0,0,8.000000,0.000000,0.500000
260,1,1,26.000000,0.900000,0.500000
261,0,0,16.000000,0.700000,0.500000
262,1,1,8.000000,0.000000,0.500000
263,0,0,14.000000,0.700000,0.500000
264,0,0,22.000000,0.800000,0.500000
265,0,0,12.000000,0.500000,0.500000
266,0,0,12.000000,0.500000,0.500000
267,1,1,8.000000,0.000000,0.500000
268,0,0,8.000000,0.000000,0.500000
269,1,1,8.000000,0.000000,0.500000
270,1,1,12.000000,0.500000,0.500000
271,1,1,12.000000,0.500000,0.500000
272,0,0,24.000000,0.900000,0.500000
273,1,1,8.000000,0.000000,0.500000
274,0,0,8.000000,0.000000,0.500000
275,0,0,8.000000,0.000000,0.500000
276,1,1,14.000000,0.700000,0.500000
277,0,0,12.000000,0.500000,0.500000
278,1,1,8.000000,0.000000,0.500000
279,1,1,14.000000,0.700000,0.500000
280,0,0,8.000000,0.000000,0.500000
281,0,0,8.000000,0.000000,0.500000
282,0,0,12.000000,0.500000,0.500000
283,1,1,20.000000,0.800000,0.500000
284,0,0,8.000000,0.000000,0.500000
285,0,0,12.000000,0.500000,0.500000
286,0,0,8.000000,0.000000,0.500000
287,1,1,14.000000,0.700000,0.500000
288,0,0,16.000000,0.700000,0.500000
289,1,1,14.000000,0.700000,0.500000
290,0,0,8.000000,0.000000,0.500000
291,0,0,16.000000,0.700000,0.500000
292,0,0,12.000000,0.500000,0.500000
293,0,0,12.000000,0.500000,0.500000
294,1,1,8.000000,0.000000,0.500000
295,1,1,12.000000,0.500000,0.500000
296,1,1,8.000000,0.000000,0.500000
297,1,1,14.000000,0.700000,0.500000
298,0,0,14.000000,0.700000,0.500000
299,1,1,8.000000,0.000000,0.500000
300,1,1,12.000000,0.500000,0.500000
301,1,1,14.000000,0.700000,0.500000
302,1,1,20.000000,0.800000,0.500000
303,0,0,12.000000,0.500000,0.500000
304,0,0,8.000000,0.000000,0.500000
305,1,1,8.000000,0.000000,0.500000
306,1,1,16.000000,0.700000,0.500000
307,0,0,12.000000,0.500000,0.500000
308,1,1,8.000000,0.000000,0.500000
309,0,0,12.000000,0.500000,0.500000
310,0,0,22.000000,0.900000,0.500000
311,1,1,12.000000,0.500000,0.500000
312,0,0,12.000000,0.500000,0.500000
313,1,1,8.000000,0.000000,0.500000
314,0,0,8.000000,0.000000,0.500000
315,1,1,8.000000,0.000000,0.500000
316,1,1,16.000000,0.700000,0.500000
317,0,0,12.000000,0.500000,0.500000
318,0,0,8.000000,0.000000,0.500000
319,1,1,8.000000,0.000000,0.500000
320,1,1,14.000000,0.700000,0.500000
321,1,1,8.000000,0.000000,0.500000
322,1,1,8.000000,0.000000,0.500000
323,0,1,34.000000,0.900000,0.500000
324,1,1,8.000000,0.000000,0.500000
325,1,1,8.000000,0.000000,0.500000
326,0,0,12.000000,0.500000,0.500000
327,0,0,8.000000,0.000000,0.500000
328,1,1,14.000000,0.700000,0.500000
329,0,0,12.000000,0.500000,0.500000
330,0,0,12.000000,0.500000,0.500000
331,0,0,8.000000,0.000000,0.500000
332,0,0,16.000000,0.700000,0.500000
333,1,1,16.000000,0.700000,0.500000
334,0,0,8.000000,0.000000,0.500000
335,0,0,12.000000,0.500000,0.500000
336,1,1,8.000000,0.000000,0.500000
337,1,1,12.000000,0.500000,0.500000
338,0,0,12.000000,0.500000,0.500000
339,0,0,8.000000,0.000000,0.500000
340,1,1,12.000000,0.500000,0.500000
341,0,0,12.000000,0.500000,0.500000
342,0,0,12.000000,0.500000,0.500000
343,0,0,8.000000,0.000000,0.500000
344,0,0,8.000000,0.000000,0.500000
345,0,0,8.000000,0.000000,0.500000
346,1,1,14.000000,0.700000,0.500000
347,1,1,8.000000,0.000000,0.500000
348,0,0,8.000000,0.000000,0.500000
349,1,1,16.000000,0.900000,0.500000
350,0,0,16.000000,0.700000,0.500000
351,1,1,14.000000,0.700000,0.500000
352,0,0,8.000000,0.000000,0.500000
353,1,1,8.000000,0.000000,0.500000
354,0,0,20.000000,0.800000,0.500000
355,1,1,12.000000,0.500000,0.500000
356,1,1,12.000000,0.500000,0.500000
357,1,1,16.000000,0.700000,0.500000
358,0,0,8.000000,0.000000,0.500000
359,1,1,14.000000,0.700000,0.500000
360,0,0,12.000000,0.500000,0.500000
361,0,0,18.000000,0.900000,0.500000
362,1,1,14.000000,0.700000,0.500000
363,1,1,12.000000,0.500000,0.500000
364,0,0,12.000000,0.500000,0.500000
365,1,1,12.000000,0.500000,0.500000
366,0,0,16.000000,0.700000,0.500000
367,0,0,14.000000,0.700000,0.500000
368,0,0,8.000000,0.000000,0.500000
369,0,0,8.000000,0.000000,0.500000
370,0,0,8.000000,0.000000,0.500000
371,1,1,8.000000,0.000000,0.500000
372,0,0,8.000000,0.000000,0.500000
373,0,0,14.000000,0.700000,0.500000
374,0,0,16.000000,0.700000,0.500000
375,0,0,8.000000,0.000000,0.500000
376,0,0,20.000000,0.800000,0.500000
377,0,0,8.000000,0.000000,0.500000
378,1,1,8.000000,0.000000,0.500000
379,1,1,8.000000,0.000000,0.500000
380,1,1,8.000000,0.000000,0.500000
381,1,1,12.000000,0.500000,0.500000
382,0,0,22.000000,0.900000,0.500000
383,0,0,8.000000,0.000000,0.500000
384,1,1,14.000000,0.700000,0.500000
385,0,0,8.000000,0.000000,0.500000
386,0,0,8.000000,0.000000,0.500000
387,0,0,8.000000,0.000000,0.500000
388,0,0,16.000000,0.700000,0.500000
389,0,0,14.000000,0.700000,0.500000
390,0,0,12.000000,0.500000,0.500000
391,0,0,8.000000,0.000000,0.500000
392,1,1,8.000000,0.000000,0.500000
393,0,0,26.000000,0.900000,0.500000
394,0,0,8.000000,0.000000,0.500000
395,0,0,18.000000,0.900000,0.500000
396,0,0,12.000000,0.500000,0.500000
397,0,0,8.000000,0.000000,0.500000
398,0,0,8.000000,0.000000,0.500000
399,0,0,8.000000,0.000000,0.500000
400,0,0,12.000000,0.500000,0.500000
401,0,0,8.000000,0.000000,0.500000
402,1,1,8.000000,0.000000,0.500000
403,1,1,16.000000,0.700000,0.500000
404,0,0,8.000000,0.000000,0.500000
405,0,0,12.000000,0.500000,0.500000
406,1,1,20.000000,0.900000,0.500000
407,1,1,12.000000,0.500000,0.500000
408,0,0,12.000000,0.500000,0.500000
409,1,1,12.000000,0.500000,0.500000
410,0,0,28.000000,0.900000,0.500000
411,1,1,8.000000,0.000000,0.500000
412,1,1,22.000000,0.900000,0.500000
413,0,0,24.000000,0.900000,0.500000
414,1,1,12.000000,0.500000,0.500000
415,0,0,8.000000,0.000000,0.500000
416,0,0,8.000000,0.000000,0.500000
417,0,0,12.000000,0.500000,0.500000
418,1,1,16.000000,0.700000,0.500000
419,1,1,22.000000,0.800000,0.500000
420,1,1,16.000000,0.700000,0.500000
421,0,0,12.000000,0.500000,0.500000
422,0,0,12.000000,0.500000,0.500000
423,1,1,12.000000,0.500000,0.500000
424,1,1,8.000000,0.000000,0.500000
425,1,1,22.000000,0.900000,0.500000
426,0,0,8.000000,0.000000,0.500000
427,0,0,22.000000,0.900000,0.500000
428,0,0,8.000000,0.000000,0.500000
429,1,1,8.000000,0.000000,0.500000
430,1,1,16.000000,0.700000,0.500000
431,0,0,8.000000,0.000000,0.500000
432,1,1,8.000000,0.000000,0.500000
433,0,0,8.000000,0.000000,0.500000
434,0,0,8.000000,0.000000,0.500000
435,1,1,12.000000,0.500000,0.500000
436,1,1,8.000000,0.000000,0.500000
437,0,0,12.000000,0.500000,0.500000
438,1,1,18.000000,0.800000,0.500000
439,0,0,12.000000,0.500000,0.500000
440,1,1,12.000000,0.500000,0.500000
441,1,1,8.000000,0.000000,0.500000
442,0,0,12.000000,0.500000,0.500000
443,0,0,12.000000,0.500000,0.500000
444,1,1,12.000000,0.500000,0.500000
445,0,0,8.000000,0.000000,0.500000
446,0,0,8.000000,0.000000,0.500000
447,1,1,8.000000,0.000000,0.500000
448,1,1,14.000000,0.700000,0.500000
449,1,1,8.000000,0.000000,0.500000
450,0,0,16.000000,0.700000,0.500000
451,1,1,20.000000,0.800000,0.500000
452,0,0,8.000000,0.000000,0.500000
453,0,0,8.000000,0.000000,0.500000
454,0,0,8.000000,0.000000,0.500000
455,1,1,8.000000,0.000000,0.500000
456,1,1,14.000000,0.700000,0.500000
457,0,0,8.000000,0.000000,0.500000
458,0,0,30.000000,0.900000,0.500000
459,0,1,14.000000,0.700000,0.500000
460,0,0,16.000000,0.700000,0.500000
461,0,1,18.000000,0.900000,0.500000
462,0,0,18.000000,0.800000,0.500000
463,0,0,8.000000,0.000000,0.500000
464,1,1,8.000000,0.000000,0.500000
465,0,0,12.000000,0.500000,0.500000
466,1,1,8.000000,0.000000,0.500000
467,1,1,16.000000,0.700000,0.500000
468,0,0,8.000000,0.000000,0.500000
469,0,0,12.000000,0.500000,0.500000
470,0,0,8.000000,0.000000,0.500000
471,0,0,22.000000,0.900000,0.500000
472,1,1,8.000000,0.000000,0.500000
473,0,0,12.000000,0.500000,0.500000
474,1,1,16.000000,0.700000,0.500000
475,0,0,12.000000,0.500000,0.500000
476,1,1,16.000000,0.700000,0.500000
477,0,0,12.000000,0.500000,0.500000
478,0,0,8.000000,0.000000,0.500000
479,0,0,14.000000,0.700000,0.500000
480,1,1,8.000000,0.000000,0.500000
481,1,1,12.000000,0.500000,0.500000
482,1,1,12.000000,0.500000,0.500000
483,0,0,12.000000,0.500000,0.500000
484,1,1,14.000000,0.700000,0.500000
485,1,1,12.000000,0.500000,0.500000
486,1,1,14.000000,0.700000,0.500000
487,0,0,8.000000,0.000000,0.500000
488,1,1,12.000000,0.500000,0.500000
489,1,1,8.000000,0.000000,0.500000
490,1,1,16.000000,0.700000,0.500000
491,1,1,18.000000,0.800000,0.500000
492,0,0,20.000000,0.900000,0.500000
493,0,0,12.000000,0.500000,0.500000
494,1,1,8.000000,0.000000,0.500000
495,0,0,8.000000,0.000000,0.500000
496,0,0,14.000000,0.700000,0.500000
497,0,0,8.000000,0.000000,0.500000
498,0,0,8.000000,0.000000,0.500000
499,1,1,14.000000,0.700000,0.500000
500,1,1,16.000000,0.700000,0.500000
501,1,1,8.000000,0.000000,0.500000
502,1,1,12.000000,0.500000,0.500000
503,0,0,16.000000,0.700000,0.500000
504,0,0,8.000000,0.000000,0.500000
505,1,1,12.000000,0.500000,0.500000
506,1,1,18.000000,0.800000,0.500000
507,1,1,8.000000,0.000000,0.500000
508,1,1,8.000000,0.000000,0.500000
509,0,0,12.000000,0.500000,0.500000
510,1,1,12.000000,0.500000,0.500000
511,0,0,16.000000,0.700000,0.500000
512,0,0,12.000000,0.500000,0.500000
513,1,1,12.000000,0.500000,0.500000
514,0,0,14.000000,0.700000,0.500000
515,1,1,8.000000,0.000000,0.500000
516,0,0,16.000000,0.800000,0.500000
517,1,1,12.000000,0.500000,0.500000
518,0,0,8.000000,0.000000,0.500000
519,0,0,14.000000,0.700000,0.500000
520,0,0,14.000000,0.700000,0.500000
521,0,0,8.000000,0.000000,0.500000
522,1,1,32.000000,0.900000,0.500000
523,0,0,12.000000,0.500000,0.500000
524,1,1,8.000000,0.000000,0.500000
525,1,1,16.000000,0.700000,0.500000
526,0,0,16.000000,0.700000,0.500000
527,0,0,8.000000,0.000000,0.500000
528,0,1,8.000000,0.000000,0.500000
529,1,1,12.000000,0.500000,0.500000
530,0,0,8.000000,0.000000,0.500000
531,0,0,12.000000,0.500000,0.500000
532,0,0,12.000000,0.500000,0.500000
533,1,1,8.000000,0.000000,0.500000
534,0,0,16.000000,0.700000,0.500000
535,1,1,16.000000,0.700000,0.500000
536,0,0,12.000000,0.500000,0.500000
537,0,0,8.000000,0.000000,0.500000
538,0,0,8.000000,0.000000,0.500000
539,0,0,8.000000,0.000000,0.500000
540,1,1,8.000000,0.000000,0.500000
541,0,0,12.000000,0.500000,0.500000
542,0,0,8.000000,0.000000,0.500000
543,0,0,8.000000,0.000000,0.500000
544,1,1,12.000000,0.500000,0.500000
545,1,1,12.000000,0.500000,0.500000
546,1,1,14.000000,0.700000,0.500000
547,0,0,20.000000,0.800000,0.500000
548,1,1,8.000000,0.000000,0.500000
549,0,0,12.000000,0.500000,0.500000
550,1,1,12.000000,0.500000,0.500000
551,1,1,12.000000,0.500000,0.500000
552,1,1,28.000000,0.900000,0.500000
553,1,1,8.000000,0.000000,0.500000
554,1,1,8.000000,0.000000,0.500000
555,1,1,8.000000,0.000000,0.500000
556,0,0,8.000000,0.000000,0.500000
557,0,0,8.000000,0.000000,0.500000
558,0,0,8.000000,0.000000,0.500000
559,1,1,12.000000,0.500000,0.500000
560,1,1,8.000000,0.000000,0.500000
561,0,0,20.000000,0.800000,0.500000
562,1,1,14.000000,0.700000,0.500000
563,1,1,8.000000,0.000000,0.500000
564,1,1,8.000000,0.000000,0.500000
565,1,1,8.000000,0.000000,0.500000
566,1,1,12.000000,0.500000,0.500000
567,1,1,8.000000,0.000000,0.500000
568,0,0,16.000000,0.700000,0.500000
569,0,0,8.000000,0.000000,0.500000
570,0,0,22.000000,0.900000,0.500000
571,0,0,8.000000,0.000000,0.500000
572,0,0,8.000000,0.000000,0.500000
573,1,1,12.000000,0.500000,0.500000
574,0,0,8.000000,0.000000,0.500000
575,1,1,14.000000,0.700000,0.500000
576,1,1,8.000000,0.000000,0.500000
577,1,1,8.000000,0.000000,0.500000
578,1,1,16.000000,0.700000,0.500000
579,1,1,12.000000,0.500000,0.500000
580,0,0,16.000000,0.700000,0.500000
581,1,1,12.000000,0.500000,0.500000
582,1,1,24.000000,0.800000,0.500000
583,1,1,12.000000,0.500000,0.500000
584,1,1,8.000000,0.000000,0.500000
585,1,1,12.000000,0.500000,0.500000
586,1,1,12.000000,0.500000,0.500000
587,0,0,16.000000,0.700000,0.500000
588,1,1,8.000000,0.000000,0.500000
589,1,1,16.000000,0.700000,0.500000
590,1,1,16.000000,0.700000,0.500000
591,1,1,8.000000,0.000000,0.500000
592,0,0,8.000000,0.000000,0.500000
593,1,1,8.000000,0.000000,0.500000
594,1,1,8.000000,0.000000,0.500000
595,1,1,16.000000,0.700000,0.500000
596,1,1,22.000000,0.900000,0.500000
597,0,0,14.000000,0.700000,0.500000
598,1,1,12.000000,0.500000,0.500000
599,0,0,8.000000,0.000000,0.500000
600,1,1,12.000000,0.500000,0.500000
601,1,1,8.000000,0.000000,0.500000
602,1,1,12.000000,0.500000,0.500000
603,0,0,8.000000,0.000000,0.500000
604,1,1,12.000000,0.500000,0.500000
605,1,1,8.000000,0.000000,0.500000
606,1,1,8.000000,0.000000,0.500000
607,0,0,8.000000,0.000000,0.500000
608,0,0,8.000000,0.000000,0.500000
609,1,1,12.000000,0.500000,0.500000
610,1,1,12.000000,0.500000,0.500000
611,0,0,14.000000,0.700000,0.500000
612,0,0,8.000000,0.000000,0.500000
613,0,0,22.000000,0.800000,0.500000
614,1,1,12.000000,0.500000,0.500000
615,0,0,12.000000,0.500000,0.500000
616,0,0,8.000000,0.000000,0.500000
617,1,1,8.000000,0.000000,0.500000
618,0,0,8.000000,0.000000,0.500000
619,0,0,12.000000,0.500000,0.500000
620,1,1,8.000000,0.000000,0.500000
621,0,0,16.000000,0.700000,0.500000
622,1,1,8.000000,0.000000,0.500000
623,0,0,12.000000,0.500000,0.500000
624,1,1,14.000000,0.700000,0.500000
625,1,1,12.000000,0.500000,0.500000
626,1,1,8.000000,0.000000,0.500000
627,0,0,8.000000,0.000000,0.500000
628,0,0,12.000000,0.500000,0.500000
629,1,1,12.000000,0.500000,0.500000
630,1,1,8.000000,0.000000,0.500000
631,1,1,8.000000,0.000000,0.500000
632,1,1,8.000000,0.000000,0.500000
633,0,0,16.000000,0.700000,0.500000
634,0,0,12.000000,0.500000,0.500000
635,1,1,24.000000,0.800000,0.500000
636,1,1,8.000000,0.000000,0.500000
637,1,1,8.000000,0.000000,0.500000
638,0,0,8.000000,0.000000,0.500000
639,0,0,8.000000,0.000000,0.500000
640,1,1,14.000000,0.700000,0.500000
641,1,1,8.000000,0.000000,0.500000
642,0,0,8.000000,0.000000,0.500000
643,1,1,16.000000,0.700000,0.500000
644,0,0,20.000000,0.900000,0.500000
645,0,0,12.000000,0.500000,0.500000
646,1,1,12.000000,0.500000,0.500000
647,1,1,12.000000,0.500000,0.500000
648,1,1,8.000000,0.000000,0.500000
649,0,0,8.000000,0.000000,0.500000
650,0,0,20.000000,0.800000,0.500000
651,0,0,8.000000,0.000000,0.500000
652,1,1,8.000000,0.000000,0.500000
653,1,1,16.000000,0.700000,0.500000
654,1,1,18.000000,0.900000,0.500000
655,0,0,14.000000,0.700000,0.500000
656,0,0,8.000000,0.000000,0.500000
657,0,0,8.000000,0.000000,0.500000
658,0,0,26.000000,0.800000,0.500000
659,1,1,22.000000,0.900000,0.500000
660,0,0,16.000000,0.900000,0.500000
661,1,1,14.000000,0.700000,0.500000
662,0,0,12.000000,0.500000,0.500000
663,1,1,8.000000,0.000000,0.500000
664,1,1,16.000000,0.900000,0.500000
665,0,0,8.000000,0.000000,0.500000
666,1,1,18.000000,0.900000,0.500000
667,1,1,8.000000,0.000000,0.500000
668,1,1,16.000000,0.700000,0.500000
669,0,0,12.000000,0.500000,0.500000
670,0,0,12.000000,0.500000,0.500000
671,0,0,8.000000,0.000000,0.500000
672,1,1,16.000000,0.700000,0.500000
673,0,0,12.000000,0.500000,0.500000
674,1,1,8.000000,0.000000,0.500000
675,1,1,12.000000,0.500000,0.500000
676,0,0,20.000000,0.800000,0.500000
677,0,0,16.000000,0.700000,0.500000
678,0,0,16.000000,0.700000,0.500000
679,0,0,8.000000,0.000000,0.500000
680,1,1,16.000000,0.900000,0.500000
681,0,0,12.000000,0.500000,0.500000
682,0,0,12.000000,0.500000,0.500000
683,0,0,26.000000,0.900000,0.500000
684,1,1,8.000000,0.000000,0.500000
685,1,1,8.000000,0.000000,0.500000
686,1,1,8.000000,0.000000,0.500000
687,1,1,12.000000,0.500000,0.500000
688,0,0,12.000000,0.500000,0.500000
689,1,1,14.000000,0.700000,0.500000
690,0,0,8.000000,0.000000,0.500000
691,1,1,8.000000,0.000000,0.500000
692,0,0,14.000000,0.700000,0.500000
693,1,1,34.000000,0.900000,0.500000
694,0,0,16.000000,0.700000,0.500000
695,1,1,24.000000,0.900000,0.500000
696,1,1,8.000000,0.000000,0.500000
697,0,0,18.000000,0.900000,0.500000
698,0,0,24.000000,0.900000,0.500000
699,0,0,12.000000,0.500000,0.500000
700,0,0,8.000000,0.000000,0.500000
701,0,0,8.000000,0.000000,0.500000
702,0,0,8.000000,0.000000,0.500000
703,1,1,8.000000,0.000000,0.500000
704,0,0,8.000000,0.000000,0.500000
705,1,1,26.000000,0.900000,0.500000
706,0,0,16.000000,0.900000,0.500000
707,0,0,8.000000,0.000000,0.500000
708,0,0,8.000000,0.000000,0.500000
709,0,0,12.000000,0.500000,0.500000
710,1,1,8.000000,0.000000,0.500000
711,0,0,8.000000,0.000000,0.500000
712,0,0,12.000000,0.500000,0.500000
713,0,0,16.000000,0.700000,0.500000
714,0,0,8.000000,0.000000,0.500000
715,1,1,12.000000,0.500000,0.500000
716,1,1,8.000000,0.000000,0.500000
717,0,0,8.000000,0.000000,0.500000
718,1,1,12.000000,0.500000,0.500000
719,1,1,20.000000,0.800000,0.500000
720,0,0,8.000000,0.000000,0.500000
721,1,1,8.000000,0.000000,0.500000
722,0,0,8.000000,0.000000,0.500000
723,1,1,8.000000,0.000000,0.500000
724,1,1,16.000000,0.700000,0.500000
725,0,0,8.000000,0.000000,0.500000
726,1,1,8.000000,0.000000,0.500000
727,0,0,20.000000,0.800000,0.500000
728,1,1,8.000000,0.000000,0.500000
729,1,1,8.000000,0.000000,0.500000
730,1,1,14.000000,0.700000,0.500000
731,0,0,12.000000,0.500000,0.500000
732,0,0,24.000000,0.800000,0.500000
733,1,1,18.000000,0.800000,0.500000
734,1,1,8.000000,0.000000,0.500000
735,1,1,8.000000,0.000000,0.500000
736,0,0,8.000000,0.000000,0.500000
737,0,0,14.000000,0.700000,0.500000
738,0,0,8.000000,0.000000,0.500000
739,1,1,8.000000,0.000000,0.500000
740,1,1,12.000000,0.500000,0.500000
741,0,0,20.000000,0.900000,0.500000
742,0,0,8.000000,0.000000,0.500000
743,1,1,12.000000,0.500000,0.500000
744,1,1,8.000000,0.000000,0.500000
745,0,0,26.000000,0.900000,0.500000
746,1,1,8.000000,0.000000,0.500000
747,0,0,8.000000,0.000000,0.500000
748,0,0,12.000000,0.500000,0.500000
749,0,0,16.000000,0.700000,0.500000
750,1,1,12.000000,0.500000,0.500000
751,1,1,16.000000,0.700000,0.500000
752,1,1,8.000000,0.000000,0.500000
753,1,1,8.000000,0.000000,0.500000
754,0,0,12.000000,0.500000,0.500000
755,0,0,16.000000,0.900000,0.500000
756,1,1,8.000000,0.000000,0.500000
757,1,1,12.000000,0.500000,0.500000
758,1,1,12.000000,0.500000,0.500000
759,1,1,8.000000,0.000000,0.500000
760,1,1,12.000000,0.500000,0.500000
761,1,1,12.000000,0.500000,0.500000
762,1,1,8.000000,0.000000,0.500000
763,0,0,12.000000,0.500000,0.500000
764,0,0,8.000000,0.000000,0.500000
765,1,1,8.000000,0.000000,0.500000
766,1,1,16.000000,0.700000,0.500000
767,0,0,14.000000,0.700000,0.500000
768,0,0,8.000000,0.000000,0.500000
769,0,0,8.000000,0.000000,0.500000
770,0,0,8.000000,0.000000,0.500000
771,1,1,14.000000,0.700000,0.500000
772,1,1,8.000000,0.000000,0.500000
773,1,1,8.000000,0.000000,0.500000
774,0,0,20.000000,0.800000,0.500000
775,0,0,8.000000,0.000000,0.500000
776,0,0,8.000000,0.000000,0.500000
777,1,1,8.000000,0.000000,0.500000
778,1,1,16.000000,0.700000,0.500000
779,0,0,12.000000,0.500000,0.500000
780,1,1,12.000000,0.500000,0.500000
781,1,1,8.000000,0.000000,0.500000
782,0,0,14.000000,0.700000,0.500000
783,0,0,8.000000,0.000000,0.500000
784,0,0,12.000000,0.500000,0.500000
785,0,0,8.000000,0.000000,0.500000
786,1,1,12.000000,0.500000,0.500000
787,1,1,8.000000,0.000000,0.500000
788,0,0,16.000000,0.700000,0.500000
789,0,0,12.000000,0.500000,0.500000
790,0,0,12.000000,0.500000,0.500000
791,1,1,12.000000,0.500000,0.500000
792,1,1,14.000000,0.700000,0.500000
793,0,0,14.000000,0.700000,0.500000
794,0,0,12.000000,0.500000,0.500000
795,0,0,8.000000,0.000000,0.500000
796,0,0,8.000000,0.000000,0.500000
797,0,0,16.000000,0.700000,0.500000
798,1,1,14.000000,0.700000,0.500000
799,1,1,8.000000,0.000000,0.500000
800,1,1,22.000000,0.900000,0.500000
801,1,1,12.000000,0.500000,0.500000
802,1,1,8.000000,0.000000,0.500000
803,1,1,18.000000,0.800000,0.500000
804,1,1,14.000000,0.700000,0.500000
805,1,1,12.000000,0.500000,0.500000
806,1,1,8.000000,0.000000,0.500000
807,0,0,12.000000,0.500000,0.500000
808,1,1,22.000000,0.900000,0.500000
809,0,0,22.000000,0.800000,0.500000
810,0,0,12.000000,0.500000,0.500000
811,1,1,14.000000,0.700000,0.500000
812,0,0,16.000000,0.900000,0.500000
813,1,1,12.000000,0.500000,0.500000
814,1,1,12.000000,0.500000,0.500000
815,0,0,8.000000,0.000000,0.500000
816,1,1,8.000000,0.000000,0.500000
817,0,0,8.000000,0.000000,0.500000
818,0,0,8.000000,0.000000,0.500000
819,1,1,14.000000,0.700000,0.500000
820,0,0,8.000000,0.000000,0.500000
821,0,0,22.000000,0.900000,0.500000
822,1,1,18.000000,0.900000,0.500000
823,1,1,8.000000,0.000000,0.500000
824,1,1,12.000000,0.500000,0.500000
825,1,1,12.000000,0.500000,0.500000
826,1,1,16.000000,0.700000,0.500000
827,1,1,8.000000,0.000000,0.500000
828,0,0,8.000000,0.000000,0.500000
829,0,0,8.000000,0.000000,0.500000
830,0,0,16.000000,0.700000,0.500000
831,1,1,8.000000,0.000000,0.500000
832,1,1,16.000000,0.700000,0.500000
833,0,0,12.000000,0.500000,0.500000
834,0,0,8.000000,0.000000,0.500000
835,0,0,20.000000,0.800000,0.500000
836,1,1,8.000000,0.000000,0.500000
837,0,0,8.000000,0.000000,0.500000
838,1,1,14.000000,0.700000,0.500000
839,0,0,14.000000,0.700000,0.500000
840,1,1,8.000000,0.000000,0.500000
841,1,1,12.000000,0.500000,0.500000
842,1,1,16.000000,0.700000,0.500000
843,0,0,8.000000,0.000000,0.500000
844,0,0,8.000000,0.000000,0.500000
845,0,0,8.000000,0.000000,0.500000
846,0,0,12.000000,0.500000,0.500000
847,1,1,8.000000,0.000000,0.500000
848,1,1,16.000000,0.700000,0.500000
849,1,1,8.000000,0.000000,0.500000
850,1,1,12.000000,0.500000,0.500000
851,1,1,14.000000,0.700000,0.500000
852,0,0,8.000000,0.000000,0.500000
853,1,1,8.000000,0.000000,0.500000
854,1,1,8.000000,0.000000,0.500000
855,0,0,12.000000,0.500000,0.500000
856,1,1,12.000000,0.500000,0.500000
857,0,0,22.000000,0.900000,0.500000
858,1,1,12.000000,0.500000,0.500000
859,1,1,12.000000,0.500000,0.500000
860,1,1,20.000000,0.800000,0.500000
861,1,1,8.000000,0.000000,0.500000
862,0,0,8.000000,0.000000,0.500000
863,0,0,16.000000,0.900000,0.500000
864,0,0,14.000000,0.700000,0.500000
865,1,1,12.000000,0.500000,0.500000
866,0,0,40.000000,1.000000,0.500000
867,1,1,12.000000,0.500000,0.500000
868,1,1,20.000000,0.800000,0.500000
869,1,1,16.000000,0.700000,0.500000
870,1,1,8.000000,0.000000,0.500000
871,0,0,16.000000,0.700000,0.500000
872,1,1,14.000000,0.700000,0.500000
873,1,1,8.000000,0.000000,0.500000
874,0,0,8.000000,0.000000,0.500000
875,0,0,12.000000,0.500000,0.500000
876,1,1,8.000000,0.000000,0.500000
877,0,0,8.000000,0.000000,0.500000
878,1,1,8.000000,0.000000,0.500000
879,0,0,8.000000,0.000000,0.500000
880,1,1,12.000000,0.500000,0.500000
881,0,0,8.000000,0.000000,0.500000
882,0,0,14.000000,0.700000,0.500000
883,1,1,22.000000,0.800000,0.500000
884,1,1,12.000000,0.500000,0.500000
885,0,0,12.000000,0.500000,0.500000
886,0,0,14.000000,0.700000,0.500000
887,1,1,8.000000,0.000000,0.500000
888,1,1,8.000000,0.000000,0.500000
889,0,0,8.000000,0.000000,0.500000
890,1,1,20.000000,0.900000,0.500000
891,1,1,8.000000,0.000000,0.500000
892,1,1,18.000000,0.900000,0.500000
893,0,0,12.000000,0.500000,0.500000
894,1,1,12.000000,0.500000,0.500000
895,1,1,12.000000,0.500000,0.500000
896,0,0,8.000000,0.000000,0.500000
897,1,1,16.000000,0.700000,0.500000
898,1,1,12.000000,0.500000,0.500000
899,1,1,26.000000,1.000000,0.500000
900,1,1,12.000000,0.500000,0.500000
901,1,1,12.000000,0.500000,0.500000
902,1,1,8.000000,0.000000,0.500000
903,0,0,14.000000,0.700000,0.500000
904,0,0,8.000000,0.000000,0.500000
905,0,0,18.000000,0.800000,0.500000
906,0,0,8.000000,0.000000,0.500000
907,0,0,8.000000,0.000000,0.500000
908,1,1,12.000000,0.500000,0.500000
909,1,1,12.000000,0.500000,0.500000
910,0,0,8.000000,0.000000,0.500000
911,0,1,8.000000,0.000000,0.500000
912,1,1,12.000000,0.500000,0.500000
913,0,0,16.000000,0.700000,0.500000
914,1,1,12.000000,0.500000,0.500000
915,1,1,12.000000,0.500000,0.500000
916,1,1,12.000000,0.500000,0.500000
917,0,0,12.000000,0.500000,0.500000
918,0,0,8.000000,0.000000,0.500000
919,0,0,16.000000,0.700000,0.500000
920,1,1,8.000000,0.000000,0.500000
921,0,0,8.000000,0.000000,0.500000
922,0,0,18.000000,0.900000,0.500000
923,0,0,20.000000,0.800000,0.500000
924,1,1,8.000000,0.000000,0.500000
925,0,0,8.000000,0.000000,0.500000
926,1,1,12.000000,0.500000,0.500000
927,0,0,8.000000,0.000000,0.500000
928,0,0,12.000000,0.500000,0.500000
929,0,0,16.000000,0.900000,0.500000
930,1,1,8.000000,0.000000,0.500000
931,0,0,8.000000,0.000000,0.500000
932,1,1,12.000000,0.500000,0.500000
933,1,1,8.000000,0.000000,0.500000
934,1,1,8.000000,0.000000,0.500000
935,1,1,12.000000,0.500000,0.500000
936,1,1,12.000000,0.500000,0.500000
937,1,1,8.000000,0.000000,0.500000
938,0,0,28.000000,0.900000,0.500000
939,1,1,16.000000,0.700000,0.500000
940,0,0,12.000000,0.500000,0.500000
941,0,0,8.000000,0.000000,0.500000
942,0,0,8.000000,0.000000,0.500000
943,1,1,12.000000,0.500000,0.500000
944,0,0,8.000000,0.000000,0.500000
945,0,0,22.000000,0.900000,0.500000
946,1,1,12.000000,0.500000,0.500000
947,1,1,16.000000,0.700000,0.500000
948,1,1,12.000000,0.500000,0.500000
949,0,0,12.000000,0.500000,0.500000
950,1,1,24.000000,0.900000,0.500000
951,1,1,8.000000,0.000000,0.500000
952,1,1,8.000000,0.000000,0.500000
953,0,0,16.000000,0.700000,0.500000
954,1,1,16.000000,0.700000,0.500000
955,0,0,8.000000,0.000000,0.500000
956,0,0,20.000000,0.800000,0.500000
957,1,1,14.000000,0.700000,0.500000
958,1,1,8.000000,0.000000,0.500000
959,1,1,8.000000,0.000000,0.500000
960,1,0,16.000000,0.900000,0.500000
961,0,0,12.000000,0.500000,0.500000
962,1,1,8.000000,0.000000,0.500000
963,0,0,14.000000,0.700000,0.500000
964,0,0,16.000000,0.700000,0.500000
965,1,1,8.000000,0.000000,0.500000
966,0,0,12.000000,0.500000,0.500000
967,1,1,16.000000,0.700000,0.500000
968,1,1,12.000000,0.500000,0.500000
969,0,0,8.000000,0.000000,0.500000
970,0,0,8.000000,0.000000,0.500000
971,1,1,12.000000,0.500000,0.500000
972,1,1,8.000000,0.000000,0.500000
973,0,0,8.000000,0.000000,0.500000
974,0,0,8.000000,0.000000,0.500000
975,0,0,8.000000,0.000000,0.500000
976,1,1,12.000000,0.500000,0.500000
977,1,1,8.000000,0.000000,0.500000
978,0,0,14.000000,0.700000,0.500000
979,0,0,12.000000,0.500000,0.500000
980,1,1,12.000000,0.500000,0.500000
981,0,0,8.000000,0.000000,0.500000
982,0,0,16.000000,0.700000,0.500000
983,0,0,16.000000,0.700000,0.500000
984,1,1,12.000000,0.500000,0.500000
985,1,1,8.000000,0.000000,0.500000
986,1,1,12.000000,0.500000,0.500000
987,1,1,18.000000,0.800000,0.500000
988,0,0,14.000000,0.700000,0.500000
989,1,1,8.000000,0.000000,0.500000
990,1,1,8.000000,0.000000,0.500000
991,0,0,8.000000,0.000000,0.500000
992,1,1,8.000000,0.000000,0.500000
993,0,0,8.000000,0.000000,0.500000
994,0,1,16.000000,0.900000,0.500000
995,1,1,16.000000,0.700000,0.500000
996,1,1,34.000000,0.900000,0.500000
997,1,1,8.000000,0.000000,0.500000
998,0,0,12.000000,0.500000,0.500000
999,1,1,12.000000,0.500000,0.500000
WorkerID,Gamma,TrueGamma
1418,0.437875,0.387860
1087,0.417145,0.207501
1424,0.486538,0.486473
1227,0.512078,0.682699
1286,0.562651,0.461815
1265,0.410927,0.435286
1805,0.459266,0.591599
1851,0.522933,0.674253
1312,0.504048,1.234205
1018,0.585330,0.381546
1914,0.446587,0.844646
1199,0.351964,1.360756
1311,0.497522,0.702406
1788,0.451890,0.844267
1295,0.437916,0.503350
1635,0.362834,0.320069
1107,0.355896,0.735803
1353,0.486394,0.565731
1549,0.434726,0.288644
1935,0.412811,0.292507
1196,0.456970,0.503306
1834,0.396139,0.504330
1209,0.494271,0.892742
1130,0.480308,1.200188
1100,0.400595,1.289719
1321,0.465451,0.653662
1063,0.469655,0.404161
1905,0.350589,0.471533
1453,0.468163,0.272314
1229,0.397146,0.376728
1809,0.429122,0.554403
1176,0.392357,1.121856
1262,0.436313,0.829380
1427,0.459238,0.536600
1996,0.420861,0.200878
1178,0.513008,0.430380
1400,0.486262,0.803398
1040,0.666777,0.688258
1838,0.488867,0.673247
1642,0.543052,0.630302
1314,0.482192,1.113644
1733,0.356535,0.357645
1167,0.375399,0.566068
1696,0.540085,1.038126
1556,0.633393,0.762429
1745,0.421847,0.177660
1205,0.467014,0.657851
1489,0.345024,0.420223
1819,0.408648,0.531409
1017,0.406350,0.429257
1550,0.587214,1.071719
1111,0.464511,0.964099
1112,0.347703,0.267669
1876,0.408371,1.384014
1731,0.432616,0.916503
1501,0.433262,0.420432
1308,0.467249,0.671782
1835,0.414575,0.480066
1148,0.461603,1.030920
1660,0.392348,0.640928
1080,0.409096,0.551718
1606,0.359786,0.870213
1589,0.671873,1.812246
1270,0.397154,0.446560
1060,0.432954,0.809298
1707,0.597180,1.327803
1298,0.401269,0.381990
1415,0.439519,0.186564
1709,0.419331,0.725675
1713,0.367260,0.810833
1473,0.411880,0.552086
1735,0.443656,0.760483
1936,0.369823,0.551464
1650,0.398872,0.812186
1736,0.371644,1.002523
1261,0.377228,0.584766
1679,0.483111,0.555641
1699,0.504126,0.296350
1009,0.373284,0.650632
1086,0.595250,0.537580
1237,0.425563,1.374288
1726,0.643866,1.184239
1430,0.512940,0.596638
1689,0.639867,0.825111
1983,0.468971,0.702087
1822,0.546061,0.425672
1666,0.403422,0.203836
1984,0.463800,0.322586
1878,0.477542,1.149637
1402,0.430646,0.700546
1714,0.594974,1.124521
1503,0.475924,0.669925
1356,0.420166,0.359492
1678,0.383524,0.409078
1162,0.472373,1.456375
1220,0.567569,0.490591
1211,0.403852,0.320742
1559,0.478801,1.337239
1655,0.383289,0.660727
1273,0.385803,0.571915
1531,0.447353,0.992173
1580,0.358192,0.526072
1614,0.556566,1.134055
1478,0.627456,1.139900
1728,0.402836,0.450680
1607,0.407256,0.133218
1376,0.372515,0.457829
1296,0.389792,0.687645
1285,0.562584,1.033588
1004,0.533502,1.152617
1437,0.441614,0.573445
1346,0.453004,0.707811
1174,0.469361,0.692451
1814,0.416529,0.940212
1918,0.462977,0.786688
1798,0.398930,0.626224
1546,0.614097,1.374952
1970,0.540399,0.905782
1616,0.468604,0.670862
1959,0.365859,0.430376
1179,0.637498,1.375753
1479,0.368098,0.778874
1370,0.504259,0.713288
1583,0.610857,1.313448
1702,0.391771,0.280618
1003,0.428459,0.640461
1124,0.378894,0.301526
1255,0.479136,0.977057
1737,0.494358,0.273675
1544,0.475221,1.096622
1734,0.469885,0.593777
1457,0.470837,0.371373
1693,0.333194,0.367010
1358,0.480720,0.480927
1090,0.384123,0.967817
1885,0.398596,0.396178
1042,0.474306,0.216815
1046,0.510612,1.377080
1491,0.485413,0.654671
1304,0.382729,0.537630
1624,0.546343,1.092131
1888,0.408586,0.472281
1443,0.477595,1.026756
1104,0.455506,0.508167
1950,0.392770,1.042659
1667,0.487144,0.518514
1529,0.370925,0.606146
1032,0.433524,0.492844
1974,0.473784,0.344325
1125,0.475553,0.817549
1038,0.400087,0.382892
1613,0.356708,0.496605
1136,0.448707,0.400710
1684,0.373726,0.197527
1856,0.455840,0.582886
1064,0.408759,0.226580
1084,0.484385,0.531765
1763,0.412504,0.239721
1575,0.468124,0.512515
1898,0.410371,0.633021
1802,0.398136,0.719721
1998,0.358746,1.114993
1140,0.414541,0.986751
1784,0.648800,0.702835
1527,0.593719,2.666362
1055,0.420080,1.337576
1445,0.412171,0.396100
1895,0.406429,0.991852
1348,0.464742,0.166827
1980,0.402044,0.324687
1494,0.387456,0.697004
1317,0.475833,0.865672
1487,0.697941,1.415932
1771,0.553916,0.400275
1471,0.465957,1.239962
1752,0.370170,0.241367
1041,0.451008,0.509352
1137,0.615670,0.742936
1441,0.648964,0.921861
1821,0.556325,0.245531
1243,0.587723,0.504024
1552,0.440239,0.434893
1675,0.426622,0.831962
1566,0.418258,0.622366
1572,0.397288,0.848394
1824,0.482203,0.892677
1662,0.452060,0.416364
1573,0.375540,0.689280
1706,0.346387,0.322532
1139,0.384491,0.954119
1602,0.367592,0.268816
1685,0.396184,0.356927
1377,0.390598,0.344711
1493,0.573236,0.641826
1378,0.660827,1.714156
1916,0.387796,0.727049
1724,0.458556,0.471760
1050,0.470584,1.078639
1253,0.416588,0.329584
1502,0.414102,0.772618
1099,0.358549,0.104026
1894,0.395579,0.227270
1204,0.467530,1.091615
1054,0.725731,1.027200
1363,0.360588,0.449332
1593,0.370633,0.363641
1978,0.429008,0.705427
1344,0.493655,1.303681
1901,0.565452,0.683394
1830,0.425091,1.570972
1643,0.385783,0.327126
1382,0.399715,0.612105
1567,0.370282,0.322227
1251,0.479041,1.405386
1765,0.401338,0.106012
1912,0.390975,0.580654
1359,0.451468,0.358841
1033,0.471378,0.264983
1565,0.397607,0.716013
1522,0.608017,0.796662
1997,0.428767,0.397154
1225,0.603653,1.239654
1723,0.462080,0.617248
1039,0.408142,0.976818
1094,0.480484,0.361646
1875,0.383676,0.666655
1601,0.509245,0.654811
1682,0.557025,0.679178
1720,0.536924,0.510627
1206,0.564559,1.338745
1340,0.385619,0.610266
1761,0.513394,1.146301
1764,0.366630,0.427361
1082,0.644894,0.623545
1010,0.558397,0.680745
1800,0.418390,0.344290
1194,0.447901,0.360415
1484,0.531027,0.945655
1460,0.492586,0.278901
1449,0.453806,0.695845
1421,0.388475,0.320905
1302,0.373276,0.230324
1373,0.385907,0.493837
1651,0.630244,0.761762
1390,0.386120,0.378104
1756,0.474610,0.293708
1006,0.410356,0.609449
1081,0.524345,0.740543
1398,0.416870,0.489577
1425,0.463705,0.820936
1195,0.402342,0.599801
1439,0.373344,0.980128
1282,0.504322,0.680534
1972,0.347601,0.575666
1640,0.423743,0.511043
1690,0.436875,0.138724
1079,0.406991,0.653976
1470,0.443199,0.609502
1292,0.356515,0.397144
1691,0.474389,0.920620
1847,0.470359,0.636324
1956,0.362972,0.349967
1718,0.553675,1.200579
1930,0.386221,0.281696
1461,0.371283,0.202802
1335,0.542303,0.525695
1769,0.403754,0.673688
1945,0.442235,1.041706
1664,0.566181,0.196870
1795,0.470579,0.323472
1712,0.570924,1.200972
1520,0.526298,2.083096
1521,0.489958,0.680752
1948,0.512652,0.450983
1595,0.471069,0.236461
1216,0.603200,0.168114
1374,0.452988,0.233866
1007,0.434218,0.305594
1482,0.557796,0.279224
1539,0.557198,0.929789
1889,0.398488,0.195263
1816,0.410833,0.574258
1164,0.451334,0.612930
1508,0.405117,0.202592
1977,0.454452,0.640289
1426,0.473597,1.629846
1096,0.589684,0.431506
1855,0.282422,0.359230
1557,0.459523,0.448312
1536,0.472822,0.978469
1219,0.525577,0.853641
1891,0.440357,0.564676
1861,0.483656,1.079581
1351,0.406996,0.470233
1777,0.454035,0.680040
1410,0.505848,0.469799
1026,0.401638,0.458997
1920,0.485209,0.991824
1532,0.515141,1.012667
1874,0.402526,0.524489
1801,0.428290,0.373374
1025,0.366800,0.520364
1076,0.489891,0.718083
1474,0.600988,0.960269
1753,0.431479,0.480372
1568,0.416677,0.451883
1741,0.407537,1.012126
1710,0.372072,0.198101
1779,0.590091,1.693685
1293,0.468027,0.367291
1422,0.464338,0.810318
1200,0.399917,0.273842
1742,0.540347,0.885797
1234,0.395650,0.220780
1845,0.366443,0.504610
1625,0.384766,0.537689
1868,0.504210,0.465615
1538,0.424653,0.677906
1569,0.585045,1.008282
1961,0.670049,1.875357
1395,0.371209,0.548840
1143,0.551398,0.504253
1823,0.334446,0.486982
1910,0.391543,0.436060
1361,0.506938,0.465507
1309,0.404021,0.673365
1893,0.545897,0.852856
1149,0.421984,0.318564
1886,0.393795,0.301754
1577,0.474249,0.705901
1610,0.450384,0.806149
1027,0.413389,0.732443
1313,0.652728,0.855265
1182,0.486227,0.734967
1257,0.576735,0.810700
1971,0.365307,0.113346
1428,0.411524,0.552725
1858,0.427617,0.436819
1197,0.336081,0.310238
1873,0.629624,0.659626
1108,0.468391,0.901300
1715,0.475051,0.282479
1279,0.376998,0.366521
1145,0.531637,1.004721
1411,0.430921,0.364929
1121,0.567782,0.720595
1203,0.395229,0.597651
1533,0.411612,0.873832
1256,0.720719,1.193463
1045,0.488219,0.960691
1872,0.590967,1.231099
1401,0.410225,0.245337
1168,0.556273,1.246622
1053,0.438212,1.311953
1904,0.448250,0.541402
1188,0.679218,0.457678
1993,0.377474,0.499945
1793,0.385239,0.565575
1379,0.340094,1.240278
1331,0.401734,0.838752
1008,0.453669,0.335507
1892,0.484692,0.353216
1585,0.522938,0.640343
1604,0.333050,0.791890
1246,0.417115,0.035728
1657,0.537222,0.922190
1271,0.574276,0.453477
1393,0.511537,0.380112
1966,0.463763,0.793641
1405,0.489165,0.330625
1274,0.402564,0.287294
1254,0.500857,0.370848
1075,0.511146,0.647061
1360,0.558877,0.897047
1015,0.367435,0.371112
1581,0.551983,0.415992
1184,0.516380,0.276278
1987,0.459809,0.848962
1448,0.450868,0.490828
1116,0.468991,0.473118
1440,0.556713,0.496379
1729,0.396141,0.538180
1743,0.396731,0.399203
1037,0.427942,0.331197
1571,0.343633,0.211942
1553,0.427265,1.229094
1754,0.530519,0.835027
1318,0.329069,0.454669
1941,0.491870,0.637538
1829,0.357201,0.289322
1927,0.426246,0.462348
1877,0.623958,1.141512
1127,0.499711,0.558776
1332,0.410261,0.471619
1597,0.374043,0.617917
1591,0.377703,0.640226
1264,0.438532,0.334343
1772,0.594560,0.852785
1142,0.384868,0.648534
1882,0.474103,0.506970
1420,0.584119,0.976990
1759,0.454166,1.555676
1198,0.436488,0.963164
1435,0.419021,0.740919
1132,0.388042,0.608892
1677,0.379385,0.254060
1683,0.395035,0.408263
1315,0.485496,0.617055
1863,0.479810,0.379425
1147,0.415870,0.726817
1245,0.462358,0.416354
1871,0.399211,0.535803
1513,0.421977,1.022671
1524,0.437969,0.826781
1466,0.366590,0.379905
1117,0.528821,0.764033
1011,0.399769,0.632441
1283,0.460757,0.287074
1837,0.400370,0.165910
1725,0.373480,1.108192
1958,0.527841,0.560420
1065,0.530523,0.477088
1284,0.407515,0.387252
1932,0.518663,0.730618
1579,0.362514,0.418727
1748,0.436072,0.352940
1101,0.383664,0.615961
1766,0.443254,0.445310
1732,0.593638,0.641325
1674,0.520613,0.685138
1688,0.488334,0.376960
1986,0.541742,0.904917
1778,0.508021,0.691298
1999,0.612278,0.301068
1303,0.589860,0.930322
1937,0.429393,0.926526
1362,0.437074,0.143071
1423,0.581586,1.314022
1747,0.458687,0.365861
1680,0.443428,0.308333
1919,0.599427,0.914240
1056,0.554339,0.493098
1896,0.411223,0.317268
1169,0.534054,0.661154
1444,0.480323,0.303084
1339,0.661328,0.982003
1231,0.694674,1.138113
1562,0.524487,0.830793
1848,0.511633,0.456531
1350,0.478171,0.446511
1355,0.453225,0.807877
1561,0.534697,1.108524
1477,0.522007,0.998155
1755,0.565257,0.457791
1694,0.547793,0.827193
1564,0.424610,0.384155
1820,0.507609,0.787509
1700,0.583264,1.466724
1218,0.469847,0.384335
1133,0.512752,0.261721
1287,0.495944,0.434847
1488,0.576059,0.690517
1035,0.446169,0.380087
1656,0.441629,0.589971
1327,0.532110,0.775869
1263,0.519239,0.779570
1088,0.594042,1.184528
1928,0.505784,0.244080
1537,0.579871,0.304786
1940,0.512748,0.353735
1469,0.505728,0.981978
1813,0.550989,1.174411
1516,0.668388,1.152090
1515,0.623007,1.367038
1468,0.560172,1.232470
1762,0.564961,0.656423
1623,0.707940,0.821333
1906,0.523317,0.241766
1924,0.523170,0.769896
1832,0.522950,0.459093
1459,0.556309,0.507546
1681,0.565001,1.269226
1776,0.536167,0.749168
1757,0.405534,0.489770
1183,0.470390,0.690947
1260,0.584839,2.305019
1708,0.619157,1.159429
1109,0.662915,1.034417
1840,0.430748,0.639473
1605,0.456021,0.455407
1387,0.521615,1.769756
1794,0.574899,0.475685
1506,0.572257,0.535263
1907,0.486769,0.491138
1456,0.448107,0.660268
1249,0.501444,0.148464
1005,0.436456,0.700533
1965,0.413851,0.495683
1686,0.435639,0.189608
1758,0.445785,1.242129
1525,0.653751,0.704714
1969,0.437194,0.610008
1159,0.582469,0.710162
1600,0.522333,1.088815
1210,0.456878,0.455575
1367,0.578206,0.448951
1857,0.501658,0.459604
1446,0.531633,0.459618
1021,0.662852,0.815164
1371,0.483728,1.391459
1545,0.419301,0.482416
1975,0.498628,0.418329
1812,0.514955,0.899864
1213,0.553184,0.196650
1280,0.553495,1.054956
1052,0.430452,0.303322
1619,0.432690,0.947410
1608,0.558032,0.741042
1212,0.596089,1.334818
1175,0.435104,0.392818
1915,0.586882,0.886760
1330,0.453617,0.576220
1230,0.481637,0.416564
1931,0.642917,0.737195
1392,0.502697,1.259747
1826,0.452803,0.556566
1911,0.445946,0.914851
1123,0.416191,0.218478
1629,0.662830,1.431504
1917,0.692296,0.683470
1884,0.451765,0.450228
1214,0.530241,0.364274
1831,0.433158,0.160407
1354,0.458764,0.374397
1186,0.453011,0.279666
1902,0.495888,0.490215
1913,0.544198,0.697204
1528,0.475467,0.647972
1897,0.543252,1.112431
1290,0.554403,0.621431
1645,0.514905,0.761860
1375,0.552084,0.886274
1241,0.657182,0.777058
1388,0.538752,0.708412
1128,0.645005,1.127530
1129,0.476281,0.239688
1804,0.453980,0.775168
1417,0.604469,0.516719
1368,0.492234,0.947245
1510,0.691433,1.032582
1994,0.595511,0.849291
1481,0.556700,0.726933
1962,0.619419,1.036842
1952,0.494878,0.495626
1455,0.455888,0.452734
1342,0.534498,1.314487
1722,0.595410,0.450539
1059,0.565479,0.434257
1698,0.504314,0.427246
1114,0.501842,0.577204
1633,0.425781,0.283113
1048,0.509140,0.471078
1991,0.610124,0.542029
1701,0.564580,0.613368
1582,0.589484,0.735791
1343,0.762806,1.119376
1187,0.624153,0.782519
1749,0.411687,1.172635
1636,0.542420,0.285508
1276,0.510707,0.965187
1412,0.433857,0.688185
1611,0.542444,0.247407
1621,0.507476,0.566387
1943,0.530839,0.519077
1097,0.548256,0.673965
1224,0.458539,0.730166
1062,0.558355,0.362134
1760,0.561327,0.791800
1465,0.529474,0.276177
1825,0.592859,0.639530
1404,0.513657,0.217599
1252,0.510667,0.286784
1796,0.548886,0.426017
1627,0.434971,0.356739
1016,0.573042,0.772231
1476,0.500156,0.458280
1670,0.687067,0.907246
1434,0.498790,0.902142
1193,0.546998,0.804929
1806,0.457647,0.227701
1034,0.580213,0.307767
1833,0.514925,0.909143
1240,0.490362,0.990370
1012,0.457306,0.513529
1612,0.517425,0.293292
1942,0.613028,0.509907
1191,0.580989,0.468281
1058,0.543159,1.288381
1584,0.427752,0.101760
1883,0.536068,0.868610
1306,0.562588,1.294307
1963,0.497712,0.369478
1381,0.714017,1.032004
1160,0.585205,0.668424
1964,0.663531,0.969669
1399,0.610755,0.667081
1676,0.429695,0.332448
1307,0.484470,0.741869
1275,0.657810,1.489319
1409,0.526085,0.871457
1464,0.530067,0.857543
1131,0.508834,0.867708
1511,0.534671,0.841476
1301,0.455541,0.423722
1588,0.621983,0.747646
1879,0.537582,0.656546
1922,0.534415,0.244819
1180,0.446363,0.913217
1705,0.434809,0.307350
1226,0.443599,0.552589
1985,0.525661,0.771524
1519,0.577663,0.735629
1672,0.685491,0.719316
1372,0.463037,0.896986
1278,0.552062,0.490402
1337,0.529256,1.290696
1036,0.666318,0.712486
1865,0.438123,0.468453
1397,0.572027,0.525523
1594,0.534296,0.744872
1817,0.613219,0.872496
1673,0.477753,0.546508
1786,0.567716,0.655722
1239,0.660274,1.252713
1158,0.501170,1.035147
1843,0.488403,0.878871
1347,0.574876,1.427087
1322,0.606385,1.192183
1068,0.533051,1.458968
1365,0.533265,0.889657
1866,0.425873,0.209735
1391,0.530752,0.319752
1647,0.502374,0.745660
1259,0.501800,0.319054
1215,0.689438,1.306106
1450,0.447662,0.063012
1221,0.555590,0.760625
1070,0.624146,1.884433
1730,0.613534,1.063364
1442,0.554856,0.833987
1658,0.605297,1.253794
1663,0.511507,0.232301
1852,0.478186,0.624368
1661,0.497116,0.681388
1944,0.593910,1.131254
1300,0.463108,0.459910
1485,0.486225,1.373502
1268,0.514162,0.883934
1659,0.418214,0.361986
1900,0.777315,0.327615
1384,0.545950,0.788041
1329,0.438327,0.537706
1555,0.650876,0.580718
1028,0.456371,0.821773
1170,0.539004,0.763647
1233,0.519637,1.286825
1505,0.617889,1.118942
1163,0.473503,1.836646
1648,0.419514,0.708254
1166,0.471583,0.467607
1066,0.428473,0.518110
1992,0.626678,0.817476
1543,0.592364,0.935111
1490,0.454445,0.596522
1305,0.599749,0.764292
1396,0.468971,0.502128
1768,0.430141,0.252510
1151,0.663585,1.255660
1223,0.418582,0.396923
1244,0.572693,0.272551
1644,0.481410,0.552226
1827,0.561765,1.045794
1631,0.474470,0.657010
1781,0.450838,0.419614
1454,0.456510,1.036806
1785,0.561095,0.963683
1201,0.557234,0.549290
1973,0.532172,0.193648
1960,0.557847,0.274774
1548,0.453298,0.174719
1177,0.435613,0.089124
1570,0.465393,0.348860
1061,0.520119,1.010414
1157,0.512643,0.289188
1692,0.561253,0.266369
1413,0.506230,0.269531
1266,0.586248,0.364165
1703,0.552763,0.847136
1141,0.511862,0.267013
1929,0.715660,2.228255
1385,0.774607,1.043166
1541,0.593496,0.481754
1534,0.553513,0.861069
1181,0.534705,1.044594
1022,0.587995,0.998482
1030,0.778434,1.401151
1110,0.650312,0.346304
1908,0.646315,0.882252
1138,0.628833,0.876464
1767,0.556053,0.941094
1783,0.560946,0.675636
1495,0.588960,0.288853
1738,0.595795,0.234254
1083,0.570208,0.464979
1697,0.512066,0.648639
1077,0.571338,0.060441
1161,0.493237,0.344882
1841,0.572982,0.984740
1031,0.803179,1.277981
1242,0.566174,0.385451
1073,0.688286,0.688052
1432,0.662534,1.059569
1509,0.570312,0.334124
1497,0.737017,0.853478
1463,0.678862,0.551037
1903,0.594693,0.387037
1792,0.523488,0.408091
1668,0.649138,0.724878
1498,0.523168,0.709597
1232,0.594820,0.912490
1416,0.519274,0.566358
1828,0.587667,0.258360
1154,0.612384,0.650487
1267,0.503831,0.270467
1551,0.682388,1.078396
1134,0.587145,0.849036
1462,0.644869,0.923331
1791,0.591491,0.559279
1947,0.572462,1.135175
1118,0.522926,0.836787
1990,0.561903,0.937697
1626,0.488270,0.894729
1089,0.560190,0.315390
1020,0.610012,0.846200
1452,0.555422,0.932987
1808,0.623992,0.644785
1652,0.497616,1.160317
1587,0.505736,0.515486
1288,0.716291,0.787682
1500,0.635762,0.556741
1639,0.644354,0.779573
1955,0.615412,0.767737
1995,0.517500,0.636692
1447,0.496996,0.399169
1341,0.578895,0.385144
1115,0.687638,0.509278
1842,0.770414,0.822629
1558,0.537613,1.176136
1297,0.510941,0.273740
1458,0.478913,0.486222
1105,0.504474,0.330357
1357,0.654970,1.093707
1526,0.582300,1.126638
1979,0.610698,0.485467
1869,0.581650,1.044362
1574,0.635046,0.551583
1982,0.636458,0.592395
1349,0.506896,1.348767
1620,0.705998,1.217354
1598,0.570174,0.744602
1864,0.596316,0.880488
1988,0.596854,0.443349
1024,0.588377,0.231821
1202,0.566663,0.947223
1235,0.589553,0.416953
1165,0.572724,0.609737
1380,0.545900,0.918585
1860,0.572621,0.960588
1649,0.780808,0.801129
1599,0.688006,0.895735
1289,0.610881,0.348736
1854,0.558840,0.773134
1967,0.455373,0.220804
1119,0.612560,0.971301
1739,0.597685,0.577497
1103,0.603091,1.052281
1172,0.740301,0.499069
1433,0.628747,0.365332
1496,0.575241,0.273414
1563,0.507302,0.374231
1333,0.500660,0.838311
1773,0.639416,0.293990
1909,0.723351,1.453193
1976,0.563137,1.054065
1144,0.519618,1.074373
1436,0.662469,0.969955
1632,0.474222,0.486304
1294,0.552842,0.261026
1867,0.446970,0.383082
1638,0.635252,0.500770
1272,0.585139,1.056274
1695,0.490396,0.917113
1512,0.492932,0.652469
1797,0.499685,0.466343
1641,0.496749,0.419052
1811,0.526544,0.396416
1328,0.587000,0.481913
1925,0.539096,0.609426
1366,0.572915,0.569697
1319,0.600077,0.581262
1383,0.626348,0.181426
1716,0.496887,0.674334
1653,0.694958,0.420817
1787,0.584551,0.799944
1002,0.659572,0.799288
1049,0.580051,0.364507
1192,0.758211,0.400220
1069,0.519272,0.950980
1957,0.672047,0.549204
1946,0.495824,0.776463
1320,0.579964,0.520501
1669,0.637093,0.752721
1467,0.742590,0.578882
1790,0.519333,0.667965
1818,0.563295,0.363833
1092,0.517965,0.908741
1836,0.641071,0.323632
1228,0.487915,0.702741
1113,0.514564,1.102052
1150,0.568038,0.465199
1043,0.594279,1.283093
1429,0.736409,2.291517
1386,0.491254,0.740799
1071,0.636061,1.011702
1072,0.583438,1.124355
1881,0.580043,0.669587
1023,0.630595,1.101762
1238,0.555936,0.372842
1934,0.685312,1.094261
1596,0.569523,1.155946
1954,0.664892,0.472143
1540,0.692109,1.091120
1091,0.517353,0.901263
1630,0.622196,2.043035
1394,0.490783,0.529705
1345,0.581819,0.354597
1839,0.638654,0.748073
1646,0.678818,0.835405
1189,0.547477,1.235363
1098,0.541652,0.423671
1628,0.674037,0.378335
1106,0.768311,1.103775
1799,0.508213,0.340178
1156,0.689820,0.561016
1316,0.622021,0.629537
1923,0.581797,0.406291
1185,0.712890,0.990922
1451,0.768415,1.772778
1222,0.701153,0.475826
1517,0.655985,0.915128
1592,0.533473,0.716069
1846,0.563194,0.746947
1746,0.470842,0.718318
1236,0.733549,1.224646
1078,0.558225,1.056581
1044,0.504598,0.706244
1586,0.561396,0.845609
1208,0.500106,0.565506
1120,0.512179,0.915043
1419,0.711830,0.864858
1504,0.613716,1.020876
1155,0.583039,0.699554
1744,0.606017,1.245239
1067,0.590801,0.485034
1740,0.593137,0.845994
1507,0.671439,0.725604
1122,0.783159,1.091060
1514,0.551667,0.607908
1406,0.711452,0.602524
1535,0.572104,0.539092
1750,0.683682,0.588320
1578,0.509663,0.743725
1926,0.644002,1.005780
1248,0.513930,1.022979
1849,0.615398,0.665619
1146,0.742126,0.359834
1247,0.662114,0.398957
1047,0.667643,1.123302
1153,0.573884,0.794130
1364,0.749780,0.500562
1711,0.548415,0.426923
1727,0.814173,0.563505
1190,0.614895,1.062405
1899,0.567585,0.969032
1217,0.694412,0.369378
1403,0.635915,0.574852
1870,0.542753,0.345543
1152,0.645563,0.233922
1326,0.793393,2.147078
1989,0.718214,1.164616
1352,0.654685,0.705885
1480,0.617865,0.934403
1530,0.671587,1.092440
1483,0.595004,0.445621
1921,0.709728,0.559702
1431,0.705326,1.044495
1207,0.672659,0.322981
1717,0.734151,0.386261
1310,0.713486,1.738625
1933,0.723673,0.862806
1518,0.614327,0.327505
1862,0.650171,0.606308
1029,0.623091,0.808046
1560,0.578699,0.998274
1554,0.569941,0.925256
1389,0.599151,1.380212
1135,0.532250,0.504847
1057,0.544764,0.644655
1949,0.777146,0.642284
1126,0.710765,1.472823
1051,0.622358,0.759418
1853,0.751342,0.566894
1324,0.544400,0.607880
1775,0.751443,0.845792
1810,0.650517,1.506773
1281,0.657207,0.817688
1751,0.533703,0.720587
1414,0.653600,0.875221
1637,0.947068,0.645627
1277,0.604743,0.249082
1721,0.725192,0.350036
1291,0.696990,0.921083
1665,0.629358,0.666139
1774,0.722874,0.944803
1269,0.581061,0.641362
1844,0.594412,0.727358
1890,0.652931,0.672273
1576,0.638765,0.380942
1603,0.605679,1.214914
1782,0.628873,0.217749
1438,0.713912,0.671311
1013,0.628869,1.417441
1338,0.740569,0.476376
1523,0.568996,0.320264
1472,0.653677,0.378233
1671,0.608005,0.906692
1408,0.794162,1.170600
1590,0.584782,0.568194
1258,0.703614,0.501876
1815,0.846504,1.065027
1336,0.714314,1.086139
1102,0.927149,0.244749
1074,0.528428,0.465153
1475,0.607278,0.604655
1000,0.645847,0.592825
1887,0.627543,0.518941
1014,0.712013,0.947145
1968,0.629264,0.541660
1953,0.863534,1.307033
1542,0.797640,1.259617
1369,0.552887,0.590341
1486,0.698650,0.890699
1617,0.591840,0.329503
1407,0.778989,0.511091
1001,0.687129,0.712313
1807,0.614437,0.673671
1095,0.728150,0.500610
1085,0.761032,0.780338
1093,0.640788,0.565115
1880,0.687739,0.724601
1622,0.799051,0.764194
1547,0.782427,0.490626
1789,0.617056,0.757963
1019,0.792264,0.626136
1719,0.779742,0.908673
1250,0.767770,1.868713
1173,0.767664,0.659888
1323,0.704497,0.726290
1859,0.760791,1.799728
1334,0.629621,0.188766
1938,0.863656,0.363017
1939,0.765330,0.594783
1981,0.673729,0.787250
1618,0.675117,1.224937
1615,0.685144,0.588290
1609,0.760658,0.852420
1770,0.562269,0.397135
1492,0.689458,0.642919
1299,0.762789,0.562705
1951,0.675075,0.820091
1634,0.741847,0.685506
1704,0.805684,1.184467
1325,0.858887,0.809312
1780,0.824001,0.689567
1687,0.784023,0.220785
1803,0.787166,1.188665
1654,0.854695,1.057690
Average Cost: 12.078000
Accuracy: 99.200000
Accuracy 0: 100.000000
Cost 0: 8.000000
Accuracy 1: 100.000000
Cost 1: 8.000000
Accuracy 2: 100.000000
Cost 2: 8.000000
Accuracy 3: 100.000000
Cost 3: 8.000000
Accuracy 4: 100.000000
Cost 4: 8.000000
Accuracy 5: 100.000000
Cost 5: 8.000000
Accuracy 6: 100.000000
Cost 6: 8.000000
Accuracy 7: 100.000000
Cost 7: 8.000000
Accuracy 8: 100.000000
Cost 8: 8.000000
Accuracy 9: 100.000000
Cost 9: 8.000000
