Number of Worker Pools: 1
Number of Workers in Pool 1: 1000
Original mean,standardDev for Pool 1: 4.000000,0.300000
Number of Workers in Pool 2: 1000
Original mean,standardDev for Pool 2: 3.500000,0.200000
Number of Problems: 1000
ProblemNo,Answer,TrueAnswer,Cost,Difficulty,TrueDifficulty
0,1,1,4.000000,0.000000,0.500000
1,0,0,8.000000,0.800000,0.500000
2,1,1,4.000000,0.000000,0.500000
3,0,1,5.000000,0.400000,0.500000
4,1,1,4.000000,0.000000,0.500000
5,1,1,4.000000,0.000000,0.500000
6,1,1,10.000000,0.900000,0.500000
7,1,1,6.000000,0.700000,0.500000
8,1,1,11.000000,0.900000,0.500000
9,1,1,5.000000,0.400000,0.500000
10,1,1,10.000000,0.900000,0.500000
11,1,1,4.000000,0.000000,0.500000
12,1,1,6.000000,0.700000,0.500000
13,1,1,5.000000,0.400000,0.500000
14,1,1,5.000000,0.400000,0.500000
15,1,1,6.000000,0.700000,0.500000
16,1,1,9.000000,0.800000,0.500000
17,1,1,10.000000,0.800000,0.500000
18,0,0,6.000000,0.400000,0.500000
19,1,1,6.000000,0.400000,0.500000
20,1,1,5.000000,0.400000,0.500000
21,1,1,5.000000,0.400000,0.500000
22,1,1,11.000000,0.900000,0.500000
23,1,1,4.000000,0.000000,0.500000
24,0,1,5.000000,0.400000,0.500000
25,1,1,7.000000,0.700000,0.500000
26,1,1,4.000000,0.000000,0.500000
27,1,1,6.000000,0.400000,0.500000
28,1,1,4.000000,0.000000,0.500000
29,1,1,4.000000,0.000000,0.500000
30,1,1,7.000000,0.700000,0.500000
31,1,1,8.000000,0.600000,0.500000
32,1,1,4.000000,0.000000,0.500000
33,1,1,4.000000,0.000000,0.500000
34,1,1,4.000000,0.000000,0.500000
35,1,1,4.000000,0.000000,0.500000
36,1,1,4.000000,0.000000,0.500000
37,1,1,4.000000,0.000000,0.500000
38,1,1,4.000000,0.000000,0.500000
39,1,1,4.000000,0.000000,0.500000
40,1,1,5.000000,0.400000,0.500000
41,1,1,5.000000,0.400000,0.500000
42,1,1,6.000000,0.700000,0.500000
43,1,1,4.000000,0.000000,0.500000
44,1,1,4.000000,0.000000,0.500000
45,0,0,4.000000,0.000000,0.500000
46,1,1,6.000000,0.700000,0.500000
47,1,1,5.000000,0.400000,0.500000
48,1,1,8.000000,0.600000,0.500000
49,1,1,5.000000,0.400000,0.500000
50,1,1,4.000000,0.000000,0.500000
51,1,1,4.000000,0.000000,0.500000
52,1,1,4.000000,0.000000,0.500000
53,1,1,8.000000,0.800000,0.500000
54,0,0,6.000000,0.700000,0.500000
55,1,1,10.000000,0.900000,0.500000
56,1,1,9.000000,0.900000,0.500000
57,1,1,4.000000,0.000000,0.500000
58,1,1,7.000000,0.800000,0.500000
59,1,1,6.000000,0.700000,0.500000
60,1,1,5.000000,0.400000,0.500000
61,1,1,6.000000,0.700000,0.500000
62,1,1,15.000000,0.900000,0.500000
63,1,1,6.000000,0.700000,0.500000
64,1,1,7.000000,0.800000,0.500000
65,1,1,12.000000,0.900000,0.500000
66,1,1,11.000000,0.900000,0.500000
67,1,1,11.000000,0.900000,0.500000
68,1,1,5.000000,0.400000,0.500000
69,1,1,8.000000,0.800000,0.500000
70,1,1,7.000000,0.700000,0.500000
71,1,1,8.000000,0.600000,0.500000
72,1,1,5.000000,0.400000,0.500000
73,1,1,4.000000,0.000000,0.500000
74,1,1,13.000000,0.900000,0.500000
75,1,1,4.000000,0.000000,0.500000
76,1,1,8.000000,0.800000,0.500000
77,1,1,6.000000,0.700000,0.500000
78,1,1,4.000000,0.000000,0.500000
79,0,1,10.000000,0.900000,0.500000
80,1,1,4.000000,0.000000,0.500000
81,1,1,9.000000,0.800000,0.500000
82,1,1,6.000000,0.700000,0.500000
83,1,1,5.000000,0.400000,0.500000
84,1,1,8.000000,0.800000,0.500000
85,1,1,5.000000,0.400000,0.500000
86,1,1,5.000000,0.400000,0.500000
87,1,1,10.000000,0.900000,0.500000
88,1,1,4.000000,0.000000,0.500000
89,1,1,4.000000,0.000000,0.500000
90,1,1,6.000000,0.700000,0.500000
91,1,1,9.000000,0.900000,0.500000
92,1,1,4.000000,0.000000,0.500000
93,1,1,4.000000,0.000000,0.500000
94,1,1,11.000000,0.900000,0.500000
95,1,1,6.000000,0.400000,0.500000
96,1,1,6.000000,0.700000,0.500000
97,1,1,5.000000,0.400000,0.500000
98,1,1,4.000000,0.000000,0.500000
99,1,1,5.000000,0.400000,0.500000
100,1,1,4.000000,0.000000,0.500000
101,1,1,5.000000,0.400000,0.500000
102,1,1,11.000000,0.900000,0.500000
103,1,1,11.000000,0.900000,0.500000
104,1,1,5.000000,0.400000,0.500000
105,1,1,6.000000,0.400000,0.500000
106,1,1,4.000000,0.000000,0.500000
107,1,1,6.000000,0.700000,0.500000
108,1,1,5.000000,0.400000,0.500000
109,1,1,6.000000,0.400000,0.500000
110,1,1,5.000000,0.400000,0.500000
111,1,1,4.000000,0.000000,0.500000
112,1,1,7.000000,0.700000,0.500000
113,1,1,5.000000,0.400000,0.500000
114,1,1,5.000000,0.400000,0.500000
115,1,1,8.000000,0.600000,0.500000
116,1,1,14.000000,0.900000,0.500000
117,1,1,6.000000,0.700000,0.500000
118,1,1,4.000000,0.000000,0.500000
119,0,1,7.000000,0.800000,0.500000
120,1,1,5.000000,0.400000,0.500000
121,1,1,9.000000,0.900000,0.500000
122,0,1,8.000000,0.800000,0.500000
123,1,1,11.000000,0.900000,0.500000
124,1,1,10.000000,0.900000,0.500000
125,1,1,4.000000,0.000000,0.500000
126,1,1,12.000000,0.900000,0.500000
127,0,1,5.000000,0.400000,0.500000
128,1,1,6.000000,0.700000,0.500000
129,1,1,4.000000,0.000000,0.500000
130,1,1,5.000000,0.400000,0.500000
131,1,1,5.000000,0.400000,0.500000
132,1,1,4.000000,0.000000,0.500000
133,1,1,4.000000,0.000000,0.500000
134,1,1,10.000000,0.900000,0.500000
135,1,1,4.000000,0.000000,0.500000
136,1,1,4.000000,0.000000,0.500000
137,1,1,4.000000,0.000000,0.500000
138,1,1,5.000000,0.400000,0.500000
139,0,1,11.000000,0.900000,0.500000
140,1,1,5.000000,0.400000,0.500000
141,1,1,9.000000,0.900000,0.500000
142,1,1,5.000000,0.400000,0.500000
143,1,1,6.000000,0.700000,0.500000
144,1,1,4.000000,0.000000,0.500000
145,0,1,5.000000,0.400000,0.500000
146,1,1,5.000000,0.400000,0.500000
147,1,1,7.000000,0.700000,0.500000
148,1,1,6.000000,0.700000,0.500000
149,1,1,5.000000,0.400000,0.500000
150,0,1,11.000000,0.900000,0.500000
151,1,1,5.000000,0.400000,0.500000
152,1,1,8.000000,0.800000,0.500000
153,1,1,7.000000,0.800000,0.500000
154,1,1,6.000000,0.700000,0.500000
155,1,1,6.000000,0.700000,0.500000
156,1,1,4.000000,0.000000,0.500000
157,1,1,15.000000,0.900000,0.500000
158,1,1,7.000000,0.700000,0.500000
159,1,1,5.000000,0.400000,0.500000
160,1,1,4.000000,0.000000,0.500000
161,1,1,4.000000,0.000000,0.500000
162,0,0,6.000000,0.700000,0.500000
163,0,1,5.000000,0.400000,0.500000
164,1,1,7.000000,0.700000,0.500000
165,1,1,6.000000,0.700000,0.500000
166,1,1,5.000000,0.400000,0.500000
167,1,1,11.000000,0.900000,0.500000
168,1,1,6.000000,0.400000,0.500000
169,1,1,7.000000,0.800000,0.500000
170,1,1,7.000000,0.700000,0.500000
171,1,1,5.000000,0.400000,0.500000
172,1,1,5.000000,0.400000,0.500000
173,1,1,7.000000,0.700000,0.500000
174,1,1,12.000000,0.900000,0.500000
175,1,1,9.000000,0.800000,0.500000
176,1,1,4.000000,0.000000,0.500000
177,1,1,4.000000,0.000000,0.500000
178,1,1,5.000000,0.400000,0.500000
179,1,1,4.000000,0.000000,0.500000
180,1,1,5.000000,0.400000,0.500000
181,1,1,5.000000,0.400000,0.500000
182,1,1,9.000000,0.900000,0.500000
183,1,1,6.000000,0.300000,0.500000
184,1,1,8.000000,0.800000,0.500000
185,1,1,6.000000,0.400000,0.500000
186,1,1,5.000000,0.400000,0.500000
187,0,1,6.000000,0.700000,0.500000
188,1,1,7.000000,0.700000,0.500000
189,1,1,9.000000,0.900000,0.500000
190,1,1,4.000000,0.000000,0.500000
191,1,1,6.000000,0.400000,0.500000
192,1,1,5.000000,0.400000,0.500000
193,1,1,7.000000,0.800000,0.500000
194,1,1,8.000000,0.600000,0.500000
195,1,1,9.000000,0.900000,0.500000
196,1,1,4.000000,0.000000,0.500000
197,1,1,5.000000,0.400000,0.500000
198,1,1,6.000000,0.400000,0.500000
199,1,1,5.000000,0.400000,0.500000
200,1,1,5.000000,0.400000,0.500000
201,1,1,4.000000,0.000000,0.500000
202,1,1,5.000000,0.400000,0.500000
203,1,1,4.000000,0.000000,0.500000
204,1,1,5.000000,0.400000,0.500000
205,1,1,7.000000,0.700000,0.500000
206,1,1,4.000000,0.000000,0.500000
207,1,1,4.000000,0.000000,0.500000
208,1,1,6.000000,0.700000,0.500000
209,1,1,6.000000,0.300000,0.500000
210,1,1,5.000000,0.400000,0.500000
211,1,1,6.000000,0.700000,0.500000
212,1,1,4.000000,0.000000,0.500000
213,1,1,10.000000,0.900000,0.500000
214,1,1,4.000000,0.000000,0.500000
215,0,1,7.000000,0.700000,0.500000
216,1,1,8.000000,0.600000,0.500000
217,1,1,6.000000,0.700000,0.500000
218,1,1,4.000000,0.000000,0.500000
219,1,1,6.000000,0.300000,0.500000
220,1,1,4.000000,0.000000,0.500000
221,1,1,4.000000,0.000000,0.500000
222,1,1,4.000000,0.000000,0.500000
223,1,1,6.000000,0.300000,0.500000
224,1,1,6.000000,0.700000,0.500000
225,1,1,4.000000,0.000000,0.500000
226,1,1,6.000000,0.700000,0.500000
227,1,1,4.000000,0.000000,0.500000
228,1,1,4.000000,0.000000,0.500000
229,1,1,4.000000,0.000000,0.500000
230,1,1,12.000000,0.900000,0.500000
231,1,1,4.000000,0.000000,0.500000
232,1,1,5.000000,0.400000,0.500000
233,1,1,4.000000,0.000000,0.500000
234,1,1,4.000000,0.000000,0.500000
235,1,1,4.000000,0.000000,0.500000
236,1,1,6.000000,0.700000,0.500000
237,0,1,6.000000,0.700000,0.500000
238,1,1,4.000000,0.000000,0.500000
239,1,1,7.000000,0.700000,0.500000
240,1,1,8.000000,0.800000,0.500000
241,1,1,6.000000,0.700000,0.500000
242,1,1,4.000000,0.000000,0.500000
243,1,1,4.000000,0.000000,0.500000
244,1,1,5.000000,0.400000,0.500000
245,1,1,5.000000,0.400000,0.500000
246,1,1,6.000000,0.700000,0.500000
247,1,1,10.000000,0.900000,0.500000
248,1,1,6.000000,0.700000,0.500000
249,1,1,6.000000,0.700000,0.500000
250,0,1,10.000000,0.900000,0.500000
251,1,1,4.000000,0.000000,0.500000
252,1,1,6.000000,0.700000,0.500000
253,1,1,8.000000,0.800000,0.500000
254,1,1,8.000000,0.800000,0.500000
255,0,0,5.000000,0.400000,0.500000
256,1,1,4.000000,0.000000,0.500000
257,1,1,6.000000,0.700000,0.500000
258,1,1,6.000000,0.700000,0.500000
259,1,1,5.000000,0.400000,0.500000
260,1,1,8.000000,0.800000,0.500000
261,1,1,4.000000,0.000000,0.500000
262,1,1,7.000000,0.800000,0.500000
263,1,1,4.000000,0.000000,0.500000
264,1,1,8.000000,0.800000,0.500000
265,1,1,8.000000,0.800000,0.500000
266,1,1,6.000000,0.400000,0.500000
267,1,1,4.000000,0.000000,0.500000
268,1,1,4.000000,0.000000,0.500000
269,1,1,4.000000,0.000000,0.500000
270,1,1,4.000000,0.000000,0.500000
271,1,1,10.000000,0.800000,0.500000
272,1,1,4.000000,0.000000,0.500000
273,1,1,8.000000,0.800000,0.500000
274,1,1,4.000000,0.000000,0.500000
275,1,1,4.000000,0.000000,0.500000
276,1,1,4.000000,0.000000,0.500000
277,1,1,4.000000,0.000000,0.500000
278,1,1,6.000000,0.700000,0.500000
279,1,1,6.000000,0.700000,0.500000
280,1,1,9.000000,0.800000,0.500000
281,1,1,6.000000,0.700000,0.500000
282,1,1,4.000000,0.000000,0.500000
283,1,1,4.000000,0.000000,0.500000
284,1,1,8.000000,0.600000,0.500000
285,1,1,5.000000,0.400000,0.500000
286,1,1,4.000000,0.000000,0.500000
287,1,1,4.000000,0.000000,0.500000
288,1,1,4.000000,0.000000,0.500000
289,1,1,4.000000,0.000000,0.500000
290,1,1,6.000000,0.700000,0.500000
291,1,1,8.000000,0.600000,0.500000
292,1,1,6.000000,0.400000,0.500000
293,1,1,5.000000,0.400000,0.500000
294,1,1,6.000000,0.700000,0.500000
295,1,1,5.000000,0.400000,0.500000
296,1,1,5.000000,0.400000,0.500000
297,1,1,5.000000,0.400000,0.500000
298,1,1,5.000000,0.400000,0.500000
299,1,1,4.000000,0.000000,0.500000
300,1,1,4.000000,0.000000,0.500000
301,1,1,12.000000,1.000000,0.500000
302,1,1,5.000000,0.400000,0.500000
303,1,1,4.000000,0.000000,0.500000
304,1,1,4.000000,0.000000,0.500000
305,1,1,6.000000,0.700000,0.500000
306,1,1,4.000000,0.000000,0.500000
307,1,1,4.000000,0.000000,0.500000
308,0,1,7.000000,0.800000,0.500000
309,1,1,4.000000,0.000000,0.500000
310,1,1,10.000000,0.900000,0.500000
311,1,1,5.000000,0.400000,0.500000
312,0,1,6.000000,0.700000,0.500000
313,1,1,5.000000,0.400000,0.500000
314,1,1,6.000000,0.700000,0.500000
315,1,1,8.000000,0.800000,0.500000
316,0,1,8.000000,0.800000,0.500000
317,1,1,4.000000,0.000000,0.500000
318,1,1,6.000000,0.700000,0.500000
319,1,1,5.000000,0.400000,0.500000
320,1,1,7.000000,0.700000,0.500000
321,1,1,4.000000,0.000000,0.500000
322,0,1,11.000000,0.900000,0.500000
323,1,1,5.000000,0.400000,0.500000
324,1,1,9.000000,0.800000,0.500000
325,1,1,5.000000,0.400000,0.500000
326,1,1,5.000000,0.400000,0.500000
327,1,1,6.000000,0.700000,0.500000
328,1,1,4.000000,0.000000,0.500000
329,1,1,7.000000,0.700000,0.500000
330,1,1,4.000000,0.000000,0.500000
331,1,1,11.000000,0.900000,0.500000
332,1,1,5.000000,0.400000,0.500000
333,1,1,10.000000,0.900000,0.500000
334,1,1,4.000000,0.000000,0.500000
335,1,1,5.000000,0.400000,0.500000
336,1,1,4.000000,0.000000,0.500000
337,1,1,5.000000,0.400000,0.500000
338,1,1,4.000000,0.000000,0.500000
339,1,1,8.000000,0.800000,0.500000
340,1,1,5.000000,0.400000,0.500000
341,1,1,12.000000,1.000000,0.500000
342,1,1,6.000000,0.400000,0.500000
343,1,1,6.000000,0.700000,0.500000
344,1,1,4.000000,0.000000,0.500000
345,1,1,6.000000,0.700000,0.500000
346,1,1,4.000000,0.000000,0.500000
347,0,1,8.000000,0.800000,0.500000
348,1,1,5.000000,0.400000,0.500000
349,1,1,7.000000,0.700000,0.500000
350,1,1,11.000000,0.900000,0.500000
351,0,1,14.000000,1.000000,0.500000
352,1,1,5.000000,0.400000,0.500000
353,1,1,6.000000,0.700000,0.500000
354,1,1,5.000000,0.400000,0.500000
355,1,1,5.000000,0.400000,0.500000
356,1,1,4.000000,0.000000,0.500000
357,1,1,4.000000,0.000000,0.500000
358,1,1,6.000000,0.700000,0.500000
359,1,1,5.000000,0.400000,0.500000
360,1,1,4.000000,0.000000,0.500000
361,1,1,6.000000,0.700000,0.500000
362,1,1,5.000000,0.400000,0.500000
363,1,1,7.000000,0.700000,0.500000
364,1,1,6.000000,0.700000,0.500000
365,1,1,6.000000,0.700000,0.500000
366,1,1,6.000000,0.300000,0.500000
367,1,1,8.000000,0.900000,0.500000
368,1,1,11.000000,0.900000,0.500000
369,1,1,9.000000,0.800000,0.500000
370,1,1,4.000000,0.000000,0.500000
371,1,1,7.000000,0.700000,0.500000
372,1,1,7.000000,0.700000,0.500000
373,1,1,6.000000,0.400000,0.500000
374,1,1,6.000000,0.400000,0.500000
375,1,1,4.000000,0.000000,0.500000
376,1,1,7.000000,0.700000,0.500000
377,1,1,5.000000,0.400000,0.500000
378,0,1,7.000000,0.800000,0.500000
379,1,1,7.000000,0.800000,0.500000
380,1,1,9.000000,0.900000,0.500000
381,1,1,10.000000,0.800000,0.500000
382,1,1,8.000000,0.800000,0.500000
383,1,1,5.000000,0.400000,0.500000
384,1,1,5.000000,0.400000,0.500000
385,1,1,6.000000,0.700000,0.500000
386,1,1,7.000000,0.700000,0.500000
387,1,1,6.000000,0.700000,0.500000
388,1,1,8.000000,0.800000,0.500000
389,1,1,8.000000,0.600000,0.500000
390,1,1,6.000000,0.300000,0.500000
391,1,1,6.000000,0.700000,0.500000
392,0,1,11.000000,0.900000,0.500000
393,1,1,8.000000,0.600000,0.500000
394,1,1,6.000000,0.700000,0.500000
395,1,1,4.000000,0.000000,0.500000
396,1,1,11.000000,0.900000,0.500000
397,0,1,5.000000,0.400000,0.500000
398,1,1,9.000000,0.800000,0.500000
399,1,1,6.000000,0.700000,0.500000
400,1,1,6.000000,0.700000,0.500000
401,0,1,12.000000,0.900000,0.500000
402,1,1,4.000000,0.000000,0.500000
403,1,1,6.000000,0.400000,0.500000
404,1,1,4.000000,0.000000,0.500000
405,1,1,4.000000,0.000000,0.500000
406,1,1,6.000000,0.700000,0.500000
407,0,1,12.000000,1.000000,0.500000
408,1,1,4.000000,0.000000,0.500000
409,1,1,4.000000,0.000000,0.500000
410,1,1,6.000000,0.700000,0.500000
411,1,1,4.000000,0.000000,0.500000
412,1,1,4.000000,0.000000,0.500000
413,1,1,5.000000,0.400000,0.500000
414,1,1,6.000000,0.700000,0.500000
415,1,1,4.000000,0.000000,0.500000
416,1,1,4.000000,0.000000,0.500000
417,1,1,6.000000,0.400000,0.500000
418,1,1,4.000000,0.000000,0.500000
419,1,1,6.000000,0.700000,0.500000
420,0,1,6.000000,0.700000,0.500000
421,1,1,10.000000,0.900000,0.500000
422,1,1,5.000000,0.400000,0.500000
423,1,1,4.000000,0.000000,0.500000
424,1,1,4.000000,0.000000,0.500000
425,1,1,4.000000,0.000000,0.500000
426,1,1,7.000000,0.800000,0.500000
427,1,1,4.000000,0.000000,0.500000
428,0,1,6.000000,0.700000,0.500000
429,1,1,6.000000,0.400000,0.500000
430,0,1,5.000000,0.400000,0.500000
431,1,1,5.000000,0.400000,0.500000
432,1,1,4.000000,0.000000,0.500000
433,1,1,6.000000,0.400000,0.500000
434,1,1,5.000000,0.400000,0.500000
435,1,1,5.000000,0.400000,0.500000
436,1,1,6.000000,0.700000,0.500000
437,1,1,4.000000,0.000000,0.500000
438,1,1,5.000000,0.400000,0.500000
439,1,1,5.000000,0.400000,0.500000
440,1,1,7.000000,0.700000,0.500000
441,1,1,4.000000,0.000000,0.500000
442,1,1,4.000000,0.000000,0.500000
443,1,1,5.000000,0.400000,0.500000
444,1,1,11.000000,0.900000,0.500000
445,1,1,9.000000,0.900000,0.500000
446,1,1,4.000000,0.000000,0.500000
447,1,1,4.000000,0.000000,0.500000
448,1,1,7.000000,0.700000,0.500000
449,0,1,6.000000,0.700000,0.500000
450,1,1,6.000000,0.700000,0.500000
451,1,1,5.000000,0.400000,0.500000
452,1,1,4.000000,0.000000,0.500000
453,1,1,11.000000,0.900000,0.500000
454,1,1,4.000000,0.000000,0.500000
455,1,1,4.000000,0.000000,0.500000
456,1,1,8.000000,0.600000,0.500000
457,1,1,10.000000,0.900000,0.500000
458,1,1,4.000000,0.000000,0.500000
459,0,1,4.000000,0.000000,0.500000
460,1,1,4.000000,0.000000,0.500000
461,1,1,5.000000,0.400000,0.500000
462,1,1,6.000000,0.700000,0.500000
463,1,1,5.000000,0.400000,0.500000
464,1,1,4.000000,0.000000,0.500000
465,1,1,4.000000,0.000000,0.500000
466,1,1,13.000000,0.900000,0.500000
467,1,1,4.000000,0.000000,0.500000
468,1,1,5.000000,0.400000,0.500000
469,1,1,5.000000,0.400000,0.500000
470,1,1,5.000000,0.400000,0.500000
471,1,1,4.000000,0.000000,0.500000
472,1,1,5.000000,0.400000,0.500000
473,1,1,4.000000,0.000000,0.500000
474,1,1,8.000000,0.800000,0.500000
475,1,1,4.000000,0.000000,0.500000
476,1,1,6.000000,0.400000,0.500000
477,1,1,5.000000,0.400000,0.500000
478,1,1,4.000000,0.000000,0.500000
479,1,1,9.000000,0.900000,0.500000
480,1,1,5.000000,0.400000,0.500000
481,1,1,10.000000,0.900000,0.500000
482,1,1,15.000000,1.000000,0.500000
483,1,1,5.000000,0.400000,0.500000
484,0,1,8.000000,0.800000,0.500000
485,1,1,4.000000,0.000000,0.500000
486,1,1,4.000000,0.000000,0.500000
487,1,1,4.000000,0.000000,0.500000
488,1,1,7.000000,0.700000,0.500000
489,1,1,6.000000,0.700000,0.500000
490,1,1,8.000000,0.800000,0.500000
491,1,1,4.000000,0.000000,0.500000
492,1,1,9.000000,0.900000,0.500000
493,1,1,6.000000,0.400000,0.500000
494,1,1,4.000000,0.000000,0.500000
495,1,1,5.000000,0.400000,0.500000
496,1,1,7.000000,0.700000,0.500000
497,1,1,6.000000,0.400000,0.500000
498,1,1,4.000000,0.000000,0.500000
499,1,1,4.000000,0.000000,0.500000
500,1,1,6.000000,0.700000,0.500000
501,1,1,6.000000,0.700000,0.500000
502,1,1,4.000000,0.000000,0.500000
503,0,0,11.000000,0.800000,0.500000
504,1,1,11.000000,1.000000,0.500000
505,1,1,6.000000,0.400000,0.500000
506,1,1,8.000000,0.800000,0.500000
507,1,1,7.000000,0.800000,0.500000
508,1,1,6.000000,0.400000,0.500000
509,1,1,6.000000,0.700000,0.500000
510,1,1,4.000000,0.000000,0.500000
511,1,1,5.000000,0.400000,0.500000
512,1,1,4.000000,0.000000,0.500000
513,0,1,5.000000,0.400000,0.500000
514,1,1,9.000000,0.800000,0.500000
515,1,1,5.000000,0.400000,0.500000
516,1,1,6.000000,0.300000,0.500000
517,1,1,4.000000,0.000000,0.500000
518,1,1,7.000000,0.800000,0.500000
519,1,1,4.000000,0.000000,0.500000
520,1,1,4.000000,0.000000,0.500000
521,1,1,6.000000,0.700000,0.500000
522,0,1,6.000000,0.300000,0.500000
523,1,1,5.000000,0.400000,0.500000
524,1,1,4.000000,0.000000,0.500000
525,1,1,10.000000,0.900000,0.500000
526,1,1,5.000000,0.400000,0.500000
527,1,1,5.000000,0.400000,0.500000
528,1,1,4.000000,0.000000,0.500000
529,1,1,4.000000,0.000000,0.500000
530,1,1,10.000000,0.900000,0.500000
531,1,1,8.000000,0.800000,0.500000
532,1,1,6.000000,0.400000,0.500000
533,1,1,7.000000,0.700000,0.500000
534,0,1,4.000000,0.000000,0.500000
535,1,1,9.000000,0.800000,0.500000
536,0,1,6.000000,0.700000,0.500000
537,1,1,6.000000,0.400000,0.500000
538,1,1,4.000000,0.000000,0.500000
539,1,1,5.000000,0.400000,0.500000
540,1,1,4.000000,0.000000,0.500000
541,1,1,5.000000,0.400000,0.500000
542,1,1,7.000000,0.700000,0.500000
543,1,1,6.000000,0.700000,0.500000
544,1,1,11.000000,0.900000,0.500000
545,1,1,5.000000,0.400000,0.500000
546,1,1,6.000000,0.700000,0.500000
547,1,1,6.000000,0.700000,0.500000
548,1,1,4.000000,0.000000,0.500000
549,1,1,4.000000,0.000000,0.500000
550,1,1,6.000000,0.700000,0.500000
551,1,1,6.000000,0.700000,0.500000
552,1,1,4.000000,0.000000,0.500000
553,1,1,4.000000,0.000000,0.500000
554,1,1,4.000000,0.000000,0.500000
555,1,1,4.000000,0.000000,0.500000
556,1,1,4.000000,0.000000,0.500000
557,1,1,4.000000,0.000000,0.500000
558,1,1,9.000000,0.900000,0.500000
559,1,1,4.000000,0.000000,0.500000
560,1,1,8.000000,0.600000,0.500000
561,1,1,7.000000,0.700000,0.500000
562,0,1,11.000000,0.900000,0.500000
563,1,1,6.000000,0.700000,0.500000
564,1,1,7.000000,0.700000,0.500000
565,1,1,7.000000,0.700000,0.500000
566,1,1,4.000000,0.000000,0.500000
567,1,1,4.000000,0.000000,0.500000
568,1,1,6.000000,0.700000,0.500000
569,1,1,7.000000,0.700000,0.500000
570,1,1,4.000000,0.000000,0.500000
571,1,1,4.000000,0.000000,0.500000
572,1,1,8.000000,0.900000,0.500000
573,1,1,6.000000,0.700000,0.500000
574,1,1,7.000000,0.800000,0.500000
575,0,1,5.000000,0.400000,0.500000
576,1,1,5.000000,0.400000,0.500000
577,1,1,5.000000,0.400000,0.500000
578,1,1,5.000000,0.400000,0.500000
579,1,1,4.000000,0.000000,0.500000
580,1,1,4.000000,0.000000,0.500000
581,1,1,7.000000,0.800000,0.500000
582,1,1,4.000000,0.000000,0.500000
583,1,1,8.000000,0.800000,0.500000
584,1,1,7.000000,0.700000,0.500000
585,1,1,5.000000,0.400000,0.500000
586,1,1,5.000000,0.400000,0.500000
587,1,1,4.000000,0.000000,0.500000
588,1,1,5.000000,0.400000,0.500000
589,1,1,6.000000,0.400000,0.500000
590,1,1,4.000000,0.000000,0.500000
591,1,1,6.000000,0.300000,0.500000
592,0,1,11.000000,0.900000,0.500000
593,1,1,6.000000,0.700000,0.500000
594,1,1,4.000000,0.000000,0.500000
595,1,1,4.000000,0.000000,0.500000
596,1,1,4.000000,0.000000,0.500000
597,1,1,6.000000,0.400000,0.500000
598,1,1,4.000000,0.000000,0.500000
599,1,1,4.000000,0.000000,0.500000
600,1,1,7.000000,0.800000,0.500000
601,1,1,14.000000,0.900000,0.500000
602,1,1,6.000000,0.700000,0.500000
603,0,1,17.000000,1.000000,0.500000
604,1,1,6.000000,0.700000,0.500000
605,1,1,5.000000,0.400000,0.500000
606,1,1,5.000000,0.400000,0.500000
607,1,1,5.000000,0.400000,0.500000
608,1,1,4.000000,0.000000,0.500000
609,1,1,7.000000,0.700000,0.500000
610,1,1,10.000000,0.800000,0.500000
611,1,1,4.000000,0.000000,0.500000
612,1,1,4.000000,0.000000,0.500000
613,1,1,7.000000,0.700000,0.500000
614,1,1,5.000000,0.400000,0.500000
615,1,1,8.000000,0.800000,0.500000
616,1,1,7.000000,0.700000,0.500000
617,1,1,4.000000,0.000000,0.500000
618,1,1,5.000000,0.400000,0.500000
619,1,1,7.000000,0.800000,0.500000
620,1,1,4.000000,0.000000,0.500000
621,1,1,9.000000,0.900000,0.500000
622,1,1,8.000000,0.800000,0.500000
623,1,1,4.000000,0.000000,0.500000
624,1,1,8.000000,0.800000,0.500000
625,1,1,9.000000,0.900000,0.500000
626,1,1,5.000000,0.400000,0.500000
627,1,1,10.000000,0.900000,0.500000
628,1,1,4.000000,0.000000,0.500000
629,1,1,5.000000,0.400000,0.500000
630,1,1,5.000000,0.400000,0.500000
631,1,1,5.000000,0.400000,0.500000
632,1,1,4.000000,0.000000,0.500000
633,1,1,4.000000,0.000000,0.500000
634,1,1,7.000000,0.700000,0.500000
635,1,1,5.000000,0.400000,0.500000
636,1,1,5.000000,0.400000,0.500000
637,1,1,5.000000,0.400000,0.500000
638,1,1,6.000000,0.700000,0.500000
639,1,1,6.000000,0.700000,0.500000
640,1,1,5.000000,0.400000,0.500000
641,1,1,9.000000,0.900000,0.500000
642,1,1,5.000000,0.400000,0.500000
643,1,1,4.000000,0.000000,0.500000
644,1,1,11.000000,0.800000,0.500000
645,1,1,5.000000,0.400000,0.500000
646,1,1,5.000000,0.400000,0.500000
647,1,1,4.000000,0.000000,0.500000
648,1,1,4.000000,0.000000,0.500000
649,1,1,4.000000,0.000000,0.500000
650,1,1,6.000000,0.700000,0.500000
651,1,1,5.000000,0.400000,0.500000
652,1,1,4.000000,0.000000,0.500000
653,1,1,5.000000,0.400000,0.500000
654,1,1,8.000000,0.800000,0.500000
655,1,1,10.000000,0.900000,0.500000
656,1,1,7.000000,0.700000,0.500000
657,1,1,4.000000,0.000000,0.500000
658,1,1,10.000000,0.800000,0.500000
659,1,1,4.000000,0.000000,0.500000
660,1,1,6.000000,0.400000,0.500000
661,1,1,7.000000,0.700000,0.500000
662,1,1,5.000000,0.400000,0.500000
663,1,1,6.000000,0.700000,0.500000
664,1,1,4.000000,0.000000,0.500000
665,1,1,4.000000,0.000000,0.500000
666,1,1,7.000000,0.800000,0.500000
667,1,1,5.000000,0.400000,0.500000
668,1,1,7.000000,0.800000,0.500000
669,1,1,11.000000,0.900000,0.500000
670,1,1,4.000000,0.000000,0.500000
671,1,1,5.000000,0.400000,0.500000
672,1,1,9.000000,0.900000,0.500000
673,1,1,5.000000,0.400000,0.500000
674,1,1,5.000000,0.400000,0.500000
675,1,1,4.000000,0.000000,0.500000
676,1,1,5.000000,0.400000,0.500000
677,1,1,5.000000,0.400000,0.500000
678,1,1,5.000000,0.400000,0.500000
679,0,1,6.000000,0.700000,0.500000
680,1,1,4.000000,0.000000,0.500000
681,1,1,6.000000,0.700000,0.500000
682,1,1,4.000000,0.000000,0.500000
683,1,1,6.000000,0.700000,0.500000
684,1,1,8.000000,0.800000,0.500000
685,1,1,6.000000,0.300000,0.500000
686,1,1,4.000000,0.000000,0.500000
687,1,1,9.000000,0.800000,0.500000
688,1,1,10.000000,0.900000,0.500000
689,1,1,8.000000,0.600000,0.500000
690,1,1,5.000000,0.400000,0.500000
691,1,1,4.000000,0.000000,0.500000
692,1,1,4.000000,0.000000,0.500000
693,1,1,4.000000,0.000000,0.500000
694,1,1,9.000000,0.800000,0.500000
695,1,1,5.000000,0.400000,0.500000
696,1,1,4.000000,0.000000,0.500000
697,1,1,5.000000,0.400000,0.500000
698,1,1,5.000000,0.400000,0.500000
699,1,1,4.000000,0.000000,0.500000
700,1,1,5.000000,0.400000,0.500000
701,1,1,4.000000,0.000000,0.500000
702,1,1,6.000000,0.700000,0.500000
703,1,1,6.000000,0.700000,0.500000
704,1,1,10.000000,0.900000,0.500000
705,1,1,4.000000,0.000000,0.500000
706,1,1,4.000000,0.000000,0.500000
707,1,1,4.000000,0.000000,0.500000
708,1,1,6.000000,0.300000,0.500000
709,1,1,4.000000,0.000000,0.500000
710,1,1,6.000000,0.400000,0.500000
711,1,1,7.000000,0.800000,0.500000
712,1,1,7.000000,0.700000,0.500000
713,1,1,11.000000,0.800000,0.500000
714,1,1,5.000000,0.400000,0.500000
715,1,1,4.000000,0.000000,0.500000
716,1,1,6.000000,0.700000,0.500000
717,1,1,7.000000,0.700000,0.500000
718,1,1,10.000000,0.800000,0.500000
719,1,1,4.000000,0.000000,0.500000
720,1,1,4.000000,0.000000,0.500000
721,1,1,7.000000,0.800000,0.500000
722,1,1,4.000000,0.000000,0.500000
723,1,1,6.000000,0.400000,0.500000
724,1,1,5.000000,0.400000,0.500000
725,1,1,6.000000,0.400000,0.500000
726,0,1,6.000000,0.700000,0.500000
727,1,1,4.000000,0.000000,0.500000
728,1,1,6.000000,0.400000,0.500000
729,1,1,4.000000,0.000000,0.500000
730,1,1,5.000000,0.400000,0.500000
731,1,1,7.000000,0.800000,0.500000
732,1,1,4.000000,0.000000,0.500000
733,1,1,4.000000,0.000000,0.500000
734,1,1,4.000000,0.000000,0.500000
735,1,1,6.000000,0.700000,0.500000
736,1,1,5.000000,0.400000,0.500000
737,1,1,6.000000,0.700000,0.500000
738,1,1,4.000000,0.000000,0.500000
739,1,1,4.000000,0.000000,0.500000
740,1,1,13.000000,1.000000,0.500000
741,1,1,6.000000,0.700000,0.500000
742,1,1,5.000000,0.400000,0.500000
743,1,1,5.000000,0.400000,0.500000
744,1,1,5.000000,0.400000,0.500000
745,1,1,5.000000,0.400000,0.500000
746,1,1,6.000000,0.700000,0.500000
747,1,1,6.000000,0.700000,0.500000
748,1,1,6.000000,0.700000,0.500000
749,1,1,5.000000,0.400000,0.500000
750,1,1,6.000000,0.700000,0.500000
751,1,1,5.000000,0.400000,0.500000
752,1,1,8.000000,0.600000,0.500000
753,1,1,4.000000,0.000000,0.500000
754,1,1,4.000000,0.000000,0.500000
755,1,1,6.000000,0.300000,0.500000
756,1,1,5.000000,0.400000,0.500000
757,1,1,9.000000,0.800000,0.500000
758,1,1,6.000000,0.400000,0.500000
759,1,1,4.000000,0.000000,0.500000
760,0,1,6.000000,0.700000,0.500000
761,1,1,5.000000,0.400000,0.500000
762,0,1,5.000000,0.400000,0.500000
763,1,1,5.000000,0.400000,0.500000
764,1,1,5.000000,0.400000,0.500000
765,1,1,6.000000,0.700000,0.500000
766,0,1,6.000000,0.700000,0.500000
767,1,1,7.000000,0.700000,0.500000
768,1,1,5.000000,0.400000,0.500000
769,1,1,5.000000,0.400000,0.500000
770,0,1,10.000000,0.900000,0.500000
771,1,1,7.000000,0.700000,0.500000
772,1,1,6.000000,0.400000,0.500000
773,1,1,11.000000,0.900000,0.500000
774,1,1,4.000000,0.000000,0.500000
775,1,1,7.000000,0.700000,0.500000
776,1,1,8.000000,0.800000,0.500000
777,1,1,6.000000,0.400000,0.500000
778,1,1,7.000000,0.700000,0.500000
779,1,1,6.000000,0.700000,0.500000
780,0,0,5.000000,0.400000,0.500000
781,1,1,8.000000,0.800000,0.500000
782,1,1,6.000000,0.700000,0.500000
783,1,1,5.000000,0.400000,0.500000
784,1,1,5.000000,0.400000,0.500000
785,1,1,7.000000,0.700000,0.500000
786,1,1,4.000000,0.000000,0.500000
787,1,1,7.000000,0.800000,0.500000
788,1,1,5.000000,0.400000,0.500000
789,1,1,5.000000,0.400000,0.500000
790,1,1,9.000000,0.900000,0.500000
791,0,1,7.000000,0.800000,0.500000
792,1,1,5.000000,0.400000,0.500000
793,1,1,5.000000,0.400000,0.500000
794,1,1,6.000000,0.700000,0.500000
795,1,1,4.000000,0.000000,0.500000
796,1,1,8.000000,0.600000,0.500000
797,1,1,6.000000,0.700000,0.500000
798,1,1,5.000000,0.400000,0.500000
799,1,1,7.000000,0.700000,0.500000
800,1,1,4.000000,0.000000,0.500000
801,1,1,8.000000,0.900000,0.500000
802,1,1,4.000000,0.000000,0.500000
803,1,1,7.000000,0.700000,0.500000
804,1,1,5.000000,0.400000,0.500000
805,1,1,6.000000,0.700000,0.500000
806,0,1,6.000000,0.700000,0.500000
807,1,1,6.000000,0.700000,0.500000
808,1,1,6.000000,0.700000,0.500000
809,1,1,5.000000,0.400000,0.500000
810,1,1,7.000000,0.700000,0.500000
811,1,1,5.000000,0.400000,0.500000
812,1,1,4.000000,0.000000,0.500000
813,0,1,4.000000,0.000000,0.500000
814,0,1,6.000000,0.700000,0.500000
815,1,1,4.000000,0.000000,0.500000
816,1,1,6.000000,0.700000,0.500000
817,1,1,6.000000,0.400000,0.500000
818,1,1,8.000000,0.800000,0.500000
819,1,1,6.000000,0.700000,0.500000
820,1,1,7.000000,0.700000,0.500000
821,1,1,7.000000,0.700000,0.500000
822,1,1,7.000000,0.800000,0.500000
823,1,1,5.000000,0.400000,0.500000
824,1,1,5.000000,0.400000,0.500000
825,1,1,9.000000,0.700000,0.500000
826,1,1,6.000000,0.400000,0.500000
827,1,1,7.000000,0.700000,0.500000
828,1,1,9.000000,0.900000,0.500000
829,1,1,4.000000,0.000000,0.500000
830,0,1,4.000000,0.000000,0.500000
831,1,1,7.000000,0.800000,0.500000
832,1,1,6.000000,0.400000,0.500000
833,1,1,5.000000,0.400000,0.500000
834,1,1,9.000000,0.800000,0.500000
835,1,1,4.000000,0.000000,0.500000
836,1,1,5.000000,0.400000,0.500000
837,1,1,4.000000,0.000000,0.500000
838,1,1,6.000000,0.700000,0.500000
839,1,1,8.000000,0.600000,0.500000
840,1,1,8.000000,0.600000,0.500000
841,0,1,5.000000,0.400000,0.500000
842,1,1,6.000000,0.700000,0.500000
843,1,1,4.000000,0.000000,0.500000
844,1,1,14.000000,0.900000,0.500000
845,1,1,7.000000,0.800000,0.500000
846,1,1,4.000000,0.000000,0.500000
847,1,1,6.000000,0.400000,0.500000
848,1,1,4.000000,0.000000,0.500000
849,1,1,9.000000,0.900000,0.500000
850,1,1,11.000000,0.900000,0.500000
851,0,1,6.000000,0.700000,0.500000
852,1,1,4.000000,0.000000,0.500000
853,1,1,4.000000,0.000000,0.500000
854,1,1,5.000000,0.400000,0.500000
855,1,1,5.000000,0.400000,0.500000
856,1,1,5.000000,0.400000,0.500000
857,1,1,5.000000,0.400000,0.500000
858,1,1,13.000000,0.900000,0.500000
859,1,1,4.000000,0.000000,0.500000
860,1,1,5.000000,0.400000,0.500000
861,1,1,13.000000,0.900000,0.500000
862,1,1,4.000000,0.000000,0.500000
863,1,1,9.000000,0.900000,0.500000
864,1,1,5.000000,0.400000,0.500000
865,1,1,4.000000,0.000000,0.500000
866,1,1,4.000000,0.000000,0.500000
867,0,1,7.000000,0.800000,0.500000
868,1,1,4.000000,0.000000,0.500000
869,0,1,6.000000,0.700000,0.500000
870,1,1,7.000000,0.700000,0.500000
871,1,1,4.000000,0.000000,0.500000
872,1,1,5.000000,0.400000,0.500000
873,1,1,4.000000,0.000000,0.500000
874,1,1,4.000000,0.000000,0.500000
875,1,1,6.000000,0.400000,0.500000
876,1,1,13.000000,0.900000,0.500000
877,1,1,4.000000,0.000000,0.500000
878,1,1,4.000000,0.000000,0.500000
879,1,1,4.000000,0.000000,0.500000
880,1,1,6.000000,0.400000,0.500000
881,1,1,9.000000,0.900000,0.500000
882,1,1,4.000000,0.000000,0.500000
883,1,1,5.000000,0.400000,0.500000
884,1,1,6.000000,0.400000,0.500000
885,1,1,5.000000,0.400000,0.500000
886,1,1,4.000000,0.000000,0.500000
887,1,1,5.000000,0.400000,0.500000
888,1,1,7.000000,0.700000,0.500000
889,1,1,11.000000,0.900000,0.500000
890,1,1,4.000000,0.000000,0.500000
891,1,1,9.000000,0.900000,0.500000
892,1,1,6.000000,0.700000,0.500000
893,1,1,6.000000,0.400000,0.500000
894,1,1,8.000000,0.600000,0.500000
895,1,1,9.000000,0.900000,0.500000
896,1,1,5.000000,0.400000,0.500000
897,1,1,5.000000,0.400000,0.500000
898,1,1,5.000000,0.400000,0.500000
899,1,1,4.000000,0.000000,0.500000
900,1,1,4.000000,0.000000,0.500000
901,1,1,5.000000,0.400000,0.500000
902,0,1,8.000000,0.800000,0.500000
903,1,1,4.000000,0.000000,0.500000
904,1,1,4.000000,0.000000,0.500000
905,1,1,9.000000,0.900000,0.500000
906,1,1,6.000000,0.700000,0.500000
907,1,1,5.000000,0.400000,0.500000
908,1,1,10.000000,0.900000,0.500000
909,1,1,4.000000,0.000000,0.500000
910,0,1,7.000000,0.800000,0.500000
911,1,1,8.000000,0.800000,0.500000
912,1,1,6.000000,0.700000,0.500000
913,1,1,6.000000,0.700000,0.500000
914,1,1,4.000000,0.000000,0.500000
915,1,1,5.000000,0.400000,0.500000
916,1,1,7.000000,0.700000,0.500000
917,1,1,14.000000,1.000000,0.500000
918,1,1,6.000000,0.700000,0.500000
919,1,1,6.000000,0.700000,0.500000
920,1,1,4.000000,0.000000,0.500000
921,1,1,5.000000,0.400000,0.500000
922,1,1,5.000000,0.400000,0.500000
923,0,1,6.000000,0.700000,0.500000
924,1,1,6.000000,0.400000,0.500000
925,0,1,9.000000,0.900000,0.500000
926,1,1,4.000000,0.000000,0.500000
927,1,1,4.000000,0.000000,0.500000
928,1,1,5.000000,0.400000,0.500000
929,1,1,4.000000,0.000000,0.500000
930,1,1,6.000000,0.700000,0.500000
931,1,1,5.000000,0.400000,0.500000
932,1,1,8.000000,0.800000,0.500000
933,1,1,5.000000,0.400000,0.500000
934,1,1,5.000000,0.400000,0.500000
935,1,1,6.000000,0.700000,0.500000
936,0,1,5.000000,0.400000,0.500000
937,0,1,5.000000,0.400000,0.500000
938,1,1,8.000000,0.600000,0.500000
939,1,1,4.000000,0.000000,0.500000
940,0,1,6.000000,0.700000,0.500000
941,1,1,5.000000,0.400000,0.500000
942,1,1,7.000000,0.700000,0.500000
943,1,1,4.000000,0.000000,0.500000
944,1,1,4.000000,0.000000,0.500000
945,1,1,4.000000,0.000000,0.500000
946,1,1,11.000000,0.900000,0.500000
947,1,1,5.000000,0.400000,0.500000
948,1,1,5.000000,0.400000,0.500000
949,1,1,9.000000,0.900000,0.500000
950,1,1,6.000000,0.700000,0.500000
951,1,1,5.000000,0.400000,0.500000
952,1,1,7.000000,0.700000,0.500000
953,1,1,5.000000,0.400000,0.500000
954,1,1,5.000000,0.400000,0.500000
955,1,1,7.000000,0.700000,0.500000
956,1,1,6.000000,0.700000,0.500000
957,1,1,11.000000,0.900000,0.500000
958,1,1,6.000000,0.400000,0.500000
959,1,1,4.000000,0.000000,0.500000
960,1,1,4.000000,0.000000,0.500000
961,1,1,8.000000,0.900000,0.500000
962,1,1,6.000000,0.700000,0.500000
963,0,1,6.000000,0.700000,0.500000
964,1,1,7.000000,0.800000,0.500000
965,1,1,16.000000,1.000000,0.500000
966,1,1,5.000000,0.400000,0.500000
967,1,1,4.000000,0.000000,0.500000
968,1,1,6.000000,0.700000,0.500000
969,1,1,6.000000,0.700000,0.500000
970,1,1,5.000000,0.400000,0.500000
971,1,1,8.000000,0.800000,0.500000
972,1,1,10.000000,0.800000,0.500000
973,1,1,5.000000,0.400000,0.500000
974,1,1,5.000000,0.400000,0.500000
975,1,1,5.000000,0.400000,0.500000
976,1,1,4.000000,0.000000,0.500000
977,1,1,8.000000,0.800000,0.500000
978,0,1,5.000000,0.400000,0.500000
979,1,1,4.000000,0.000000,0.500000
980,0,1,6.000000,0.700000,0.500000
981,1,1,5.000000,0.400000,0.500000
982,1,1,8.000000,0.600000,0.500000
983,1,1,11.000000,0.900000,0.500000
984,1,1,4.000000,0.000000,0.500000
985,1,1,4.000000,0.000000,0.500000
986,1,1,4.000000,0.000000,0.500000
987,1,1,4.000000,0.000000,0.500000
988,1,1,4.000000,0.000000,0.500000
989,1,1,6.000000,0.700000,0.500000
990,1,1,6.000000,0.700000,0.500000
991,1,1,5.000000,0.400000,0.500000
992,1,1,11.000000,0.900000,0.500000
993,1,1,4.000000,0.000000,0.500000
994,1,1,9.000000,0.900000,0.500000
995,1,1,6.000000,0.700000,0.500000
996,1,1,10.000000,0.800000,0.500000
997,1,1,7.000000,0.800000,0.500000
998,1,1,4.000000,0.000000,0.500000
999,1,1,9.000000,0.900000,0.500000
WorkerID,Gamma,TrueGamma
502,0.494760,0.191540
71,0.490775,0.516221
526,0.505457,1.454445
221,0.501077,0.577549
924,0.490006,0.996116
971,0.511260,1.385199
742,0.499740,0.269903
146,0.501451,1.005619
905,0.505922,1.563527
113,0.501686,0.827687
635,0.499672,1.404162
250,0.499831,0.212515
381,0.491965,0.709283
373,0.498714,0.610122
82,0.521837,0.995651
858,0.497811,0.610390
692,0.492155,1.196446
360,0.491973,0.447257
609,0.502940,1.553343
711,0.499654,0.954228
294,0.508605,1.510397
202,0.506226,1.060569
444,0.522264,1.801951
160,0.507449,1.078552
774,0.491093,1.040725
832,0.499699,1.043922
96,0.505547,1.060904
111,0.499012,0.593315
546,0.506242,0.844303
901,0.492952,0.657731
164,0.497843,0.488303
668,0.489963,0.979607
126,0.493981,2.008116
410,0.506573,0.541002
830,0.493754,0.379145
291,0.513985,1.970262
704,0.501637,1.003941
584,0.498873,1.867277
155,0.503615,0.885715
536,0.500508,1.303125
738,0.512466,1.948628
613,0.493148,0.798044
3,0.516967,1.065351
65,0.492794,0.760231
223,0.507530,1.651374
255,0.497062,0.507494
730,0.496208,0.645689
149,0.500693,1.271975
2,0.495236,1.769609
915,0.492726,0.259755
926,0.495923,1.085254
183,0.524348,2.188374
561,0.492802,0.968361
610,0.501862,1.248266
107,0.492781,2.207263
63,0.488940,0.567131
371,0.516167,2.468548
894,0.503617,0.627385
806,0.504417,1.038297
176,0.494777,1.233040
293,0.503330,1.070670
804,0.527654,1.631733
118,0.498241,0.142442
537,0.523374,2.074919
931,0.493935,1.156331
538,0.504613,0.904902
49,0.499479,1.930309
18,0.491837,0.476223
157,0.500525,0.579657
66,0.496728,0.454014
524,0.495738,1.110492
230,0.504280,0.527169
140,0.494875,2.004492
712,0.504367,1.190772
552,0.523747,2.829828
443,0.500633,1.787902
235,0.502781,1.210864
386,0.510151,0.391313
281,0.504141,1.100035
820,0.512769,0.622673
259,0.494721,1.802922
731,0.495692,1.779486
106,0.504449,0.980586
608,0.497392,0.777103
147,0.495554,0.799751
874,0.505406,1.729675
638,0.505721,0.881345
863,0.500841,1.192081
657,0.513456,0.848523
555,0.495785,1.016496
849,0.497004,1.393875
750,0.501678,0.937567
959,0.507427,0.507519
909,0.504920,0.986436
784,0.492121,0.205252
432,0.499672,1.965672
270,0.493310,2.449049
677,0.497050,0.410836
845,0.492795,0.832896
831,0.507510,0.434668
967,0.498045,0.433309
301,0.501477,0.906148
72,0.508628,1.068089
675,0.511106,0.679908
910,0.510948,1.559642
580,0.497859,1.000291
452,0.502124,0.439917
622,0.494270,0.432848
571,0.491116,1.091551
875,0.510341,0.821547
56,0.493967,1.877960
163,0.504793,1.152282
145,0.492954,1.412522
563,0.492772,0.754429
249,0.498039,1.656493
122,0.503934,0.464909
158,0.501666,2.786333
208,0.506404,1.142193
105,0.495655,2.556124
87,0.502966,0.631751
893,0.501469,1.353900
785,0.493806,0.538785
342,0.504558,1.121457
506,0.491784,0.456819
732,0.500956,0.928203
346,0.498668,2.083072
46,0.495892,0.868724
325,0.495038,1.418497
177,0.494942,0.790940
4,0.494679,0.741513
709,0.503771,1.227022
590,0.494035,0.989166
719,0.500669,1.300948
975,0.502683,2.104278
646,0.491121,0.975502
229,0.499826,1.625515
755,0.490964,0.751699
76,0.507213,1.065285
588,0.493758,0.404371
499,0.501355,1.021831
323,0.502431,1.092294
591,0.499867,3.205345
274,0.504731,2.140179
93,0.507545,1.387870
567,0.494536,0.352867
983,0.505068,0.552600
438,0.498677,0.613069
466,0.508402,2.084929
159,0.494765,0.872652
372,0.495783,0.777530
26,0.503586,1.308389
222,0.504597,1.322558
847,0.512121,2.073201
488,0.497709,1.061905
612,0.497031,1.480982
685,0.503008,1.204677
743,0.487814,0.625584
288,0.509295,0.762438
523,0.506580,1.834136
55,0.490979,0.449351
238,0.496852,1.480775
102,0.495878,0.458025
428,0.502451,0.693363
17,0.512035,0.756633
169,0.501806,0.783970
681,0.511447,2.696487
918,0.495892,0.696976
273,0.492945,0.684044
120,0.503944,1.786185
89,0.492940,0.415991
380,0.495691,0.792378
819,0.498052,1.209997
434,0.491165,0.447759
658,0.499886,1.184139
349,0.506095,1.377361
493,0.502589,1.546962
721,0.491782,0.839310
280,0.494133,1.241687
115,0.512401,1.477526
938,0.499493,0.469162
850,0.498834,0.390144
726,0.490145,0.598589
138,0.495222,0.747728
143,0.523850,0.541122
517,0.528914,1.738883
987,0.492933,0.857562
29,0.514098,0.895381
510,0.492157,0.909985
454,0.492728,0.910639
589,0.499866,0.769394
489,0.507550,0.981423
247,0.506669,0.730781
632,0.504563,1.195515
740,0.502132,1.363141
264,0.502708,0.685394
547,0.494767,0.931337
308,0.496851,1.366978
890,0.503467,1.052205
324,0.499608,0.567981
976,0.492790,0.903551
95,0.501634,1.386747
798,0.492145,0.684761
557,0.508208,2.092263
828,0.504619,1.022938
683,0.510467,1.296221
382,0.502946,1.169908
168,0.495084,0.709137
296,0.509497,1.813865
822,0.497379,0.719632
50,0.495396,0.272840
919,0.499837,2.102900
101,0.502048,0.896516
467,0.499864,1.369398
282,0.497534,1.446291
339,0.496905,1.181349
772,0.502435,1.706348
968,0.494921,1.063999
670,0.497878,0.491666
251,0.503292,0.490242
667,0.490968,0.306375
125,0.497871,0.884107
530,0.498860,0.413080
470,0.521773,1.818717
32,0.495864,0.815880
630,0.493817,0.574083
998,0.494119,1.535706
814,0.502810,1.552614
972,0.497733,0.538086
824,0.506833,2.069217
790,0.493750,0.550025
501,0.502456,0.801020
70,0.499870,1.151382
34,0.508177,1.365397
338,0.505774,1.370408
256,0.507403,1.628894
951,0.493745,0.481691
925,0.505533,0.661467
877,0.503748,0.690556
475,0.493298,0.540732
75,0.501708,0.694045
355,0.504274,0.931643
154,0.497036,1.714007
936,0.505547,1.370618
896,0.513928,1.198733
991,0.511118,1.538447
179,0.503626,1.561828
551,0.526125,1.726892
531,0.489126,0.887475
829,0.503579,1.802451
500,0.492771,0.729316
218,0.490969,0.272334
61,0.496883,0.712529
887,0.513318,1.223484
388,0.499674,0.849493
397,0.505579,0.863494
587,0.502662,0.949003
816,0.500689,1.106836
560,0.519119,1.506380
453,0.510635,1.474735
752,0.505399,1.499645
136,0.500667,2.079686
802,0.494950,0.874213
173,0.498193,1.821216
578,0.512463,3.571470
234,0.501970,1.076042
292,0.492749,1.544990
241,0.504795,0.824109
457,0.510698,1.658275
671,0.495902,1.247578
980,0.504534,1.183794
554,0.500689,0.606938
686,0.500466,1.538628
794,0.500715,1.844825
684,0.493766,0.875591
662,0.501662,1.279194
579,0.500490,1.132325
725,0.500513,1.200141
505,0.502666,2.204914
869,0.511482,2.054613
231,0.499875,2.313610
861,0.494645,2.545600
581,0.498869,0.792226
603,0.511569,1.124483
812,0.500486,1.055347
618,0.514697,1.286706
734,0.491001,0.870834
614,0.494769,1.973351
390,0.493109,1.483274
482,0.492140,0.819944
314,0.493952,2.094250
174,0.497533,0.537266
768,0.520690,1.433951
220,0.507385,1.520767
810,0.493948,0.591920
929,0.493613,0.369912
601,0.507931,0.872967
207,0.497287,1.036507
427,0.499233,0.963365
298,0.506855,1.619966
297,0.507005,0.853290
661,0.513619,0.945598
376,0.513762,2.767380
928,0.508425,0.512710
525,0.512780,1.323620
91,0.503349,0.636547
479,0.512738,2.120034
254,0.496042,1.183461
121,0.500207,1.074894
606,0.503800,0.779311
586,0.501478,0.747081
544,0.496451,1.094485
54,0.503181,0.490338
162,0.501989,1.099090
859,0.498241,0.745453
344,0.501025,1.338601
522,0.512453,1.906226
625,0.495482,0.367686
962,0.500366,0.488074
927,0.505947,1.326401
212,0.502164,0.596026
723,0.498268,2.002408
7,0.513813,0.744468
53,0.503970,2.530244
763,0.498053,1.696181
872,0.497281,0.780789
20,0.495278,1.481015
838,0.499248,1.525286
374,0.509894,0.798565
411,0.495357,0.300595
651,0.496441,1.026312
693,0.501179,0.854956
857,0.507707,0.903551
451,0.495085,0.478663
368,0.507424,0.614718
550,0.502789,1.591074
707,0.508728,1.350848
800,0.498869,0.809389
648,0.511008,1.592958
433,0.501860,0.576961
705,0.498086,0.789457
673,0.498073,0.941012
201,0.514593,2.335576
539,0.514968,0.624534
377,0.501106,0.637531
90,0.498554,1.205182
745,0.516632,3.028675
939,0.499070,0.776955
316,0.494465,0.907641
860,0.494430,0.426864
383,0.499249,1.338859
697,0.502977,0.717333
352,0.502155,1.722693
429,0.507602,2.298231
445,0.509725,1.927733
365,0.503982,1.635312
124,0.499667,0.619417
868,0.501327,0.872317
977,0.497102,0.712026
776,0.502313,0.709684
687,0.518006,1.410132
268,0.500994,1.263656
94,0.502179,0.768467
823,0.501285,0.502668
192,0.505823,0.762090
650,0.502007,1.343000
943,0.498573,1.728297
891,0.498056,0.745832
921,0.497027,1.039291
99,0.524473,0.774081
520,0.499973,1.404041
263,0.498545,1.266980
391,0.512491,1.589381
844,0.506405,0.788245
569,0.500012,0.992050
994,0.510738,1.282069
446,0.497262,0.542498
16,0.504590,2.396053
357,0.502145,2.327803
746,0.501827,0.600587
304,0.503051,3.674873
793,0.515430,1.983470
353,0.509165,1.528467
492,0.503970,1.579006
245,0.514565,1.137550
761,0.513960,1.586245
22,0.508534,0.819200
833,0.501789,1.877933
821,0.506424,1.237499
870,0.499688,1.319344
190,0.498263,0.826688
597,0.499354,0.474833
775,0.509703,2.533734
332,0.509037,1.297060
496,0.504986,1.078594
237,0.495114,0.535025
566,0.501135,2.215581
688,0.510707,1.321843
856,0.504019,1.394166
827,0.518552,2.060286
148,0.497401,0.107603
363,0.497087,0.519580
596,0.503022,1.109976
209,0.509859,1.449152
47,0.507891,1.418719
471,0.496270,1.718214
37,0.499262,1.989436
431,0.499063,1.392476
300,0.500980,0.360508
836,0.497078,0.990335
343,0.500836,0.691391
876,0.505389,1.405201
123,0.504155,2.212395
961,0.500207,0.858373
602,0.509854,1.061894
690,0.511139,1.519187
700,0.505913,0.982199
699,0.498055,1.761820
419,0.499080,0.595958
867,0.501176,1.152863
989,0.507736,1.044370
933,0.507240,2.745360
769,0.499102,0.780146
276,0.502815,0.405437
435,0.497281,0.722555
665,0.502991,0.567853
916,0.504000,1.579181
384,0.505921,0.831052
481,0.513184,3.173114
119,0.505904,1.484476
815,0.497998,0.788170
450,0.495612,1.612629
151,0.508895,0.972157
583,0.492452,0.528666
484,0.509927,2.460483
248,0.501210,0.934438
181,0.526481,2.659356
186,0.508674,0.787809
930,0.502168,2.446263
912,0.493465,0.180486
866,0.515604,0.991636
9,0.502002,0.934300
950,0.515857,2.017207
205,0.498086,1.088474
285,0.501027,1.543025
262,0.496164,0.698083
171,0.509858,0.701220
573,0.509896,1.102527
973,0.516593,1.444353
691,0.507236,1.056565
494,0.503852,1.098895
64,0.505789,0.930895
595,0.496094,0.601940
406,0.507246,0.239788
885,0.502154,0.998352
421,0.501008,1.789848
516,0.512146,0.552887
778,0.521936,1.343439
310,0.499227,0.946442
389,0.503947,1.414439
713,0.505028,1.527136
104,0.508188,0.816387
644,0.507939,0.609486
243,0.501972,1.088037
739,0.501345,1.350738
267,0.491431,0.700682
337,0.496278,0.844217
756,0.502840,0.867422
948,0.506098,1.594708
378,0.501998,0.942667
172,0.498113,1.189842
312,0.500042,0.917885
889,0.512762,1.145840
534,0.507466,2.348706
747,0.505844,0.910426
911,0.509662,1.169901
469,0.494075,0.955339
935,0.504800,0.893864
416,0.504762,0.603811
882,0.497605,0.780363
133,0.497089,0.299482
629,0.508920,0.960675
306,0.494995,0.361825
483,0.510854,1.661033
741,0.495452,1.465067
803,0.490619,0.222414
548,0.510924,1.976519
801,0.514015,1.831562
85,0.501040,3.888110
134,0.509225,0.921624
995,0.507049,0.964720
45,0.525549,2.912709
780,0.507939,3.014912
808,0.498067,0.888369
805,0.497360,0.561501
956,0.498904,0.689237
884,0.515441,1.298675
521,0.511845,1.530329
809,0.498075,1.431545
811,0.514267,1.809419
708,0.502361,1.867294
19,0.492805,0.525206
261,0.501064,0.794462
678,0.501177,0.628493
39,0.493591,0.222750
203,0.495569,1.286938
393,0.504951,1.463225
252,0.512826,1.179452
941,0.504990,0.920909
947,0.495271,1.183071
196,0.509857,1.062418
841,0.503003,0.289633
529,0.510032,0.875584
272,0.516865,1.145678
703,0.505139,0.515955
477,0.503144,1.343370
58,0.499086,0.816159
737,0.509857,1.154737
167,0.517791,1.575826
676,0.522109,1.083099
81,0.528561,1.031184
904,0.523178,2.289277
883,0.514260,0.718151
436,0.505753,0.618415
175,0.501532,0.669360
187,0.507249,1.877877
216,0.514167,1.825074
15,0.507575,2.181559
528,0.504142,0.446900
864,0.528996,1.961299
917,0.509879,0.514844
562,0.503806,0.676968
680,0.501445,0.943388
532,0.503452,0.415187
660,0.501416,0.495365
624,0.503468,0.374182
672,0.511100,1.112307
152,0.499683,1.552991
215,0.502542,1.859944
592,0.511368,1.516236
1,0.510162,0.831918
189,0.507223,0.470522
920,0.507409,1.024471
514,0.504803,0.933140
880,0.519368,0.922848
0,0.503538,1.490108
322,0.506637,1.293015
982,0.528867,2.109683
993,0.517205,3.026662
519,0.506852,0.616349
334,0.498772,0.833838
945,0.519066,0.934838
839,0.508305,0.673865
616,0.512606,1.900718
38,0.516223,0.434028
535,0.513042,1.212892
511,0.521704,1.439576
937,0.505783,1.691704
317,0.503572,1.036276
639,0.500516,1.072289
497,0.530661,1.591369
799,0.511165,0.908155
239,0.511344,1.675008
182,0.514309,1.712466
881,0.507411,0.248861
225,0.509664,1.810111
787,0.510363,1.281396
369,0.511178,1.326547
441,0.497466,0.772866
326,0.510432,0.638260
228,0.510696,1.698929
900,0.505457,0.655904
764,0.512314,1.099454
413,0.498476,0.745984
139,0.520855,1.129956
318,0.515113,1.280017
210,0.508439,1.019823
206,0.505600,0.927820
797,0.511503,0.492896
129,0.507428,1.039862
627,0.519711,1.280870
655,0.501539,0.810961
762,0.504615,0.856183
14,0.512523,0.994950
754,0.508297,0.786656
600,0.507426,0.546980
607,0.511528,1.077472
366,0.511357,0.381459
10,0.492725,0.506795
664,0.527879,1.996854
545,0.494044,0.638926
109,0.507225,2.112934
313,0.506462,0.852673
417,0.498278,0.878004
191,0.505784,1.275269
414,0.505260,2.149861
795,0.515778,2.354849
641,0.507374,0.464397
540,0.504347,0.530642
760,0.512697,0.829438
576,0.506622,2.068872
42,0.499689,0.547743
653,0.508449,1.766869
74,0.514079,1.033751
402,0.504787,2.058155
330,0.503148,1.703951
415,0.514395,0.874596
628,0.507493,1.829827
321,0.517907,1.855165
364,0.518224,2.483105
619,0.499719,0.667967
817,0.506450,0.472060
565,0.502166,0.525511
198,0.500897,2.359091
659,0.503429,2.331200
213,0.502184,0.395220
656,0.511695,1.106033
137,0.508394,2.479630
940,0.506100,1.011984
834,0.494130,1.506021
949,0.508245,0.490434
960,0.498642,0.909455
649,0.505429,0.984544
289,0.502533,1.661902
585,0.498649,1.091215
11,0.499856,2.294608
219,0.510111,1.516698
211,0.501687,0.310043
354,0.513168,1.145840
689,0.505420,1.495074
476,0.503625,0.977460
504,0.507421,1.663961
403,0.498023,0.931885
736,0.518397,2.011080
503,0.505277,0.669026
320,0.507106,1.841646
460,0.505176,1.114994
114,0.514298,1.707157
170,0.503328,1.053042
749,0.505447,0.664628
598,0.523882,2.214628
509,0.519895,1.681734
757,0.502519,0.722755
269,0.513307,1.645317
130,0.502512,0.631307
462,0.506634,1.055584
702,0.512112,0.819982
464,0.507590,0.988190
62,0.499901,1.092267
645,0.495646,0.444094
825,0.511488,1.224283
779,0.512927,1.724884
518,0.517929,2.101964
955,0.507633,0.823610
888,0.499538,0.519945
336,0.509101,1.214121
913,0.494808,0.225468
826,0.500510,0.417654
41,0.505416,0.818959
356,0.510028,1.515924
73,0.513285,1.744527
944,0.505805,1.090571
654,0.498070,1.008496
605,0.500565,0.255581
807,0.507600,2.698576
715,0.513168,1.080282
448,0.519245,1.239580
997,0.501560,0.488746
442,0.505923,0.666493
412,0.500651,1.317363
405,0.507424,0.974623
217,0.512199,0.795846
953,0.527901,1.780659
942,0.503456,0.604140
965,0.505594,0.998465
68,0.513957,0.772984
40,0.506614,1.600307
21,0.499890,0.981627
257,0.512333,1.358978
27,0.510409,2.264042
456,0.499897,1.410775
570,0.525216,2.192948
370,0.499765,0.658999
84,0.500499,1.120882
161,0.528133,1.528274
407,0.513566,1.120502
818,0.507547,0.429112
240,0.521028,1.760441
543,0.505615,0.788615
846,0.501618,1.731115
188,0.525544,1.459681
24,0.511379,0.661036
12,0.511789,2.061351
979,0.502444,0.857746
957,0.514969,1.303970
771,0.508445,0.402041
194,0.502608,1.041853
60,0.505626,1.273609
395,0.518261,1.096840
367,0.499592,0.860759
204,0.503158,0.744628
733,0.520392,1.260216
984,0.507612,1.381777
333,0.496833,2.542083
617,0.502542,0.922148
340,0.512383,1.272223
952,0.505446,1.688480
287,0.518437,1.385209
879,0.503529,1.163172
792,0.497680,0.687194
964,0.507416,1.338937
103,0.498732,0.459866
425,0.500750,0.521592
674,0.500724,1.937266
387,0.517383,1.194077
666,0.514039,0.602100
278,0.499892,1.872473
695,0.531913,1.609504
43,0.517165,1.118689
903,0.508591,1.279127
35,0.517779,1.028525
718,0.512051,1.335473
642,0.512647,0.970713
358,0.513512,0.997308
647,0.529693,1.329238
599,0.503050,1.738405
837,0.511237,1.546580
696,0.510644,1.094793
512,0.499825,1.374548
455,0.509604,1.256810
495,0.508705,1.836000
302,0.499021,0.503553
568,0.512258,1.879835
275,0.509409,0.461963
214,0.500796,0.730021
491,0.512950,0.636506
422,0.520454,1.053770
574,0.505349,1.812331
851,0.516268,1.033173
424,0.518195,0.982182
782,0.521315,3.320639
199,0.506891,0.997903
722,0.504081,1.596659
783,0.511485,3.119225
946,0.506687,0.829232
907,0.504901,0.762369
299,0.525473,1.188795
786,0.522729,0.846927
398,0.512514,0.668930
758,0.520197,0.897870
694,0.517757,1.169442
426,0.517325,1.283673
963,0.533527,2.815638
135,0.505910,2.037236
553,0.511409,0.923472
679,0.514515,0.906680
224,0.496578,0.655116
724,0.498199,0.709015
908,0.505740,0.204186
992,0.507714,1.030803
116,0.523229,1.179370
999,0.499034,1.508811
717,0.506166,0.974881
200,0.511086,0.952434
350,0.518471,2.496816
897,0.506491,1.609097
328,0.502960,1.131926
5,0.512488,0.307512
430,0.512292,1.549134
527,0.511252,1.460787
922,0.501145,1.606832
132,0.508128,2.079801
508,0.514088,1.346822
305,0.505368,1.574437
478,0.511923,2.279062
260,0.524629,1.661503
611,0.507868,1.014072
329,0.524214,2.197680
400,0.517172,1.257374
593,0.515336,0.599665
486,0.519487,1.474963
327,0.531906,1.299017
226,0.523091,2.124763
335,0.508973,1.053865
307,0.499018,1.147598
77,0.515853,0.791912
954,0.504522,0.884121
319,0.505885,0.689563
315,0.503715,1.120571
361,0.519172,3.035083
193,0.526365,1.672292
886,0.516465,0.964292
716,0.518118,1.739310
682,0.520975,0.793187
142,0.525918,1.495143
362,0.520879,1.805915
447,0.536230,1.950029
341,0.506892,1.298354
770,0.498945,1.257735
78,0.517786,1.100726
701,0.518296,0.901122
153,0.509854,0.892972
789,0.502787,1.143287
178,0.508552,1.123368
36,0.512058,0.543753
981,0.504177,0.780092
227,0.510115,0.889903
498,0.500212,1.560645
735,0.497599,0.978727
265,0.517098,1.171663
663,0.528805,2.320986
899,0.508686,1.495666
48,0.517189,1.864914
720,0.505414,1.207746
744,0.512826,1.046389
92,0.510305,0.477006
408,0.509989,1.574597
23,0.505426,1.511400
626,0.523572,1.228245
83,0.500385,0.816391
246,0.502607,0.995677
290,0.526671,1.616281
634,0.518511,1.737897
854,0.507367,0.854315
351,0.515984,1.248061
359,0.519781,1.710684
437,0.502952,0.130868
865,0.513136,1.056134
236,0.510374,2.308695
766,0.506260,1.272218
932,0.510974,0.462640
309,0.505285,1.185081
848,0.516008,1.878827
990,0.526560,1.475357
459,0.509506,1.717502
465,0.509185,0.515404
507,0.518911,3.038766
52,0.500221,0.882941
258,0.512848,1.257507
985,0.522553,1.600313
855,0.516838,1.752720
347,0.521799,1.551548
604,0.510563,2.814886
970,0.503600,0.786769
271,0.519200,2.484291
100,0.507885,1.572841
480,0.506232,1.498139
934,0.503448,0.334376
835,0.520118,2.458494
966,0.514361,0.872936
165,0.521277,1.474409
698,0.505411,0.890883
440,0.500223,0.245884
28,0.497741,0.758501
620,0.501132,1.137402
906,0.522793,1.049685
57,0.499542,1.155949
853,0.505415,0.413880
33,0.510281,1.317283
439,0.508084,0.793266
636,0.511019,1.285648
184,0.503832,2.721579
652,0.504382,0.791601
751,0.514114,1.902711
669,0.515175,1.297817
233,0.512990,1.947464
185,0.518849,1.154884
923,0.547139,1.525799
404,0.516036,1.728471
277,0.517719,1.320263
895,0.503682,0.997037
44,0.518617,1.201064
420,0.517125,1.569602
873,0.509598,1.508077
303,0.519696,2.220698
348,0.513846,0.350180
577,0.516283,2.215542
556,0.513811,0.991986
796,0.524612,2.167610
112,0.510581,0.538221
110,0.520362,1.550760
549,0.501697,0.440538
375,0.509610,0.206348
392,0.504496,1.539789
513,0.509628,1.022644
128,0.510855,1.936640
485,0.510422,1.030769
871,0.533485,1.309065
564,0.508070,0.469729
156,0.514152,1.033392
533,0.510264,0.468646
13,0.504704,1.267681
401,0.525586,2.154548
468,0.507400,0.917638
25,0.510227,0.647302
284,0.516168,0.723603
892,0.504695,0.809371
150,0.511419,1.788721
396,0.510104,1.755566
559,0.510611,1.610699
266,0.522187,0.844469
379,0.518763,1.488917
727,0.515347,1.153257
253,0.509359,1.625500
409,0.521380,2.141850
765,0.510429,1.162617
6,0.531303,1.516044
474,0.525563,1.533479
541,0.514914,0.939316
331,0.512279,0.829387
621,0.517327,1.471523
572,0.509617,1.585535
418,0.518929,0.516803
878,0.532192,1.728760
594,0.527944,2.183642
473,0.513860,1.351332
97,0.519951,1.242083
458,0.508070,1.518648
852,0.513189,0.739266
728,0.513850,1.412638
279,0.519931,1.983348
706,0.508315,0.640648
759,0.512361,3.260977
843,0.520265,1.259439
582,0.534993,2.496186
615,0.516966,1.757536
748,0.516544,1.247165
117,0.509100,1.068084
195,0.529947,1.055230
423,0.508105,1.180825
487,0.513056,1.803556
286,0.506288,0.665735
623,0.519614,1.125453
98,0.504436,0.717727
385,0.532173,1.611787
777,0.512863,0.904339
69,0.513853,0.734275
490,0.518743,1.922765
767,0.511807,1.641653
773,0.509097,1.295253
575,0.509717,1.263418
710,0.512996,0.884549
166,0.510780,2.120016
788,0.527750,3.362766
791,0.512104,1.127571
449,0.508399,1.162446
472,0.535001,1.399645
558,0.517997,2.178966
714,0.513918,1.268573
958,0.506731,0.306275
461,0.523759,0.932225
898,0.528251,2.137288
31,0.523602,1.530149
244,0.517299,0.821443
67,0.517464,0.758328
813,0.505618,1.148168
80,0.517609,1.174223
311,0.523225,1.568655
515,0.510752,0.655725
242,0.510309,1.271435
8,0.510890,2.054827
345,0.517496,1.798510
144,0.514264,1.742757
640,0.516193,0.952099
283,0.512578,1.782178
141,0.519466,0.915466
643,0.510553,1.593921
840,0.516198,1.253545
79,0.505247,1.295200
753,0.513107,1.421214
51,0.524217,2.536628
988,0.531924,2.122945
59,0.513313,1.067360
463,0.518470,1.073363
996,0.519036,1.268988
637,0.522416,0.476902
969,0.519465,0.469121
842,0.511652,1.577734
542,0.517742,1.208282
974,0.518418,0.917474
862,0.518381,1.457901
399,0.519241,1.273825
30,0.528346,0.728901
232,0.514627,0.567234
986,0.518360,1.678251
197,0.519207,1.364321
902,0.529857,1.178985
127,0.512725,0.791470
914,0.516844,0.831463
394,0.526976,1.507166
180,0.511911,1.388778
729,0.514356,0.915001
978,0.518163,4.183775
108,0.510241,1.424837
781,0.511261,1.024629
131,0.526187,2.418382
631,0.517997,2.639446
633,0.524728,1.235503
86,0.520546,1.306024
Average Cost: 6.004000
Accuracy: 93.600000
Accuracy 0: 100.000000
Cost 0: 4.000000
Accuracy 1: 100.000000
Cost 1: 4.000000
Accuracy 2: 100.000000
Cost 2: 4.000000
Accuracy 3: 100.000000
Cost 3: 4.000000
Accuracy 4: 100.000000
Cost 4: 4.000000
Accuracy 5: 100.000000
Cost 5: 4.000000
Accuracy 6: 100.000000
Cost 6: 4.000000
Accuracy 7: 100.000000
Cost 7: 4.000000
Accuracy 8: 100.000000
Cost 8: 4.000000
Accuracy 9: 100.000000
Cost 9: 4.000000
