Number of Worker Pools: 1
Number of Workers in Pool 1: 1000
Original mean,standardDev for Pool 1: 4.000000,0.300000
Number of Workers in Pool 2: 1000
Original mean,standardDev for Pool 2: 4.000000,0.300000
Number of Problems: 1000
ProblemNo,Answer,TrueAnswer,Cost,Difficulty,TrueDifficulty
0,1,1,12.000000,0.900000,0.500000
1,0,1,11.000000,0.900000,0.500000
2,1,1,7.000000,0.600000,0.500000
3,0,0,5.000000,0.000000,0.500000
4,1,1,10.000000,0.700000,0.500000
5,0,0,5.000000,0.000000,0.500000
6,1,1,6.000000,0.300000,0.500000
7,0,0,7.000000,0.600000,0.500000
8,0,0,6.000000,0.300000,0.500000
9,0,0,8.000000,0.900000,0.500000
10,0,0,6.000000,0.300000,0.500000
11,1,1,9.000000,0.900000,0.500000
12,1,1,6.000000,0.300000,0.500000
13,1,1,8.000000,0.600000,0.500000
14,1,1,7.000000,0.600000,0.500000
15,0,1,9.000000,0.800000,0.500000
16,1,1,5.000000,0.000000,0.500000
17,1,1,7.000000,0.600000,0.500000
18,0,0,15.000000,0.900000,0.500000
19,1,1,15.000000,1.000000,0.500000
20,1,1,5.000000,0.000000,0.500000
21,0,0,9.000000,0.900000,0.500000
22,0,0,11.000000,0.900000,0.500000
23,0,0,10.000000,0.800000,0.500000
24,0,0,5.000000,0.000000,0.500000
25,1,1,8.000000,0.500000,0.500000
26,0,1,7.000000,0.600000,0.500000
27,1,1,13.000000,0.900000,0.500000
28,0,0,6.000000,0.300000,0.500000
29,1,1,6.000000,0.300000,0.500000
30,1,1,13.000000,0.900000,0.500000
31,0,1,8.000000,0.700000,0.500000
32,1,1,6.000000,0.300000,0.500000
33,1,1,11.000000,0.900000,0.500000
34,1,1,13.000000,0.900000,0.500000
35,1,1,12.000000,0.800000,0.500000
36,1,1,8.000000,0.800000,0.500000
37,0,0,12.000000,0.900000,0.500000
38,1,1,6.000000,0.300000,0.500000
39,0,0,8.000000,0.700000,0.500000
40,0,0,7.000000,0.600000,0.500000
41,1,1,8.000000,0.900000,0.500000
42,1,1,5.000000,0.000000,0.500000
43,1,1,6.000000,0.300000,0.500000
44,1,1,6.000000,0.300000,0.500000
45,0,0,5.000000,0.000000,0.500000
46,0,0,5.000000,0.000000,0.500000
47,1,1,8.000000,0.700000,0.500000
48,0,0,7.000000,0.600000,0.500000
49,0,0,5.000000,0.000000,0.500000
50,1,1,6.000000,0.300000,0.500000
51,1,1,5.000000,0.000000,0.500000
52,0,0,6.000000,0.300000,0.500000
53,1,1,12.000000,0.900000,0.500000
54,1,1,9.000000,0.500000,0.500000
55,1,1,11.000000,0.900000,0.500000
56,1,1,5.000000,0.000000,0.500000
57,1,1,5.000000,0.000000,0.500000
58,0,0,8.000000,0.600000,0.500000
59,1,1,8.000000,0.600000,0.500000
60,1,1,5.000000,0.000000,0.500000
61,1,1,5.000000,0.000000,0.500000
62,1,1,5.000000,0.000000,0.500000
63,1,1,6.000000,0.300000,0.500000
64,1,1,6.000000,0.300000,0.500000
65,1,1,13.000000,0.900000,0.500000
66,1,1,6.000000,0.300000,0.500000
67,1,1,7.000000,0.600000,0.500000
68,1,1,9.000000,0.800000,0.500000
69,1,1,8.000000,0.800000,0.500000
70,0,0,6.000000,0.300000,0.500000
71,0,0,5.000000,0.000000,0.500000
72,1,1,9.000000,0.700000,0.500000
73,0,0,7.000000,0.600000,0.500000
74,0,1,11.000000,0.800000,0.500000
75,1,1,6.000000,0.300000,0.500000
76,1,1,5.000000,0.000000,0.500000
77,1,1,11.000000,0.700000,0.500000
78,1,1,5.000000,0.000000,0.500000
79,1,1,6.000000,0.300000,0.500000
80,1,1,5.000000,0.000000,0.500000
81,0,0,5.000000,0.000000,0.500000
82,1,1,9.000000,0.900000,0.500000
83,1,1,8.000000,0.600000,0.500000
84,1,1,6.000000,0.300000,0.500000
85,1,1,6.000000,0.300000,0.500000
86,0,0,7.000000,0.600000,0.500000
87,1,1,7.000000,0.600000,0.500000
88,0,1,8.000000,0.700000,0.500000
89,1,1,5.000000,0.000000,0.500000
90,0,0,7.000000,0.600000,0.500000
91,0,0,7.000000,0.600000,0.500000
92,1,1,11.000000,0.900000,0.500000
93,1,1,5.000000,0.000000,0.500000
94,1,1,10.000000,0.800000,0.500000
95,1,1,9.000000,0.800000,0.500000
96,0,0,5.000000,0.000000,0.500000
97,1,1,6.000000,0.300000,0.500000
98,1,1,6.000000,0.300000,0.500000
99,1,1,7.000000,0.600000,0.500000
100,0,0,6.000000,0.300000,0.500000
101,0,0,7.000000,0.600000,0.500000
102,1,1,9.000000,0.500000,0.500000
103,1,1,6.000000,0.300000,0.500000
104,1,1,5.000000,0.000000,0.500000
105,0,0,5.000000,0.000000,0.500000
106,1,1,5.000000,0.000000,0.500000
107,1,1,5.000000,0.000000,0.500000
108,0,0,5.000000,0.000000,0.500000
109,1,1,7.000000,0.600000,0.500000
110,0,0,5.000000,0.000000,0.500000
111,1,1,11.000000,0.900000,0.500000
112,1,1,5.000000,0.000000,0.500000
113,1,1,5.000000,0.000000,0.500000
114,1,1,6.000000,0.300000,0.500000
115,1,1,14.000000,0.900000,0.500000
116,1,1,11.000000,0.900000,0.500000
117,1,1,6.000000,0.300000,0.500000
118,0,0,7.000000,0.600000,0.500000
119,0,0,6.000000,0.300000,0.500000
120,1,1,5.000000,0.000000,0.500000
121,1,1,6.000000,0.300000,0.500000
122,0,0,11.000000,0.700000,0.500000
123,1,1,6.000000,0.300000,0.500000
124,1,1,13.000000,0.900000,0.500000
125,1,1,6.000000,0.300000,0.500000
126,1,1,7.000000,0.600000,0.500000
127,1,1,9.000000,0.700000,0.500000
128,0,0,5.000000,0.000000,0.500000
129,1,1,6.000000,0.300000,0.500000
130,0,0,7.000000,0.600000,0.500000
131,1,1,8.000000,0.600000,0.500000
132,1,1,7.000000,0.600000,0.500000
133,1,1,5.000000,0.000000,0.500000
134,1,1,6.000000,0.300000,0.500000
135,0,0,12.000000,0.900000,0.500000
136,1,1,9.000000,0.700000,0.500000
137,1,1,6.000000,0.300000,0.500000
138,0,0,5.000000,0.000000,0.500000
139,0,0,6.000000,0.300000,0.500000
140,0,0,7.000000,0.600000,0.500000
141,1,1,6.000000,0.300000,0.500000
142,0,0,14.000000,0.900000,0.500000
143,0,0,6.000000,0.300000,0.500000
144,1,1,5.000000,0.000000,0.500000
145,1,1,8.000000,0.700000,0.500000
146,1,1,5.000000,0.000000,0.500000
147,0,0,6.000000,0.300000,0.500000
148,1,1,8.000000,0.700000,0.500000
149,1,1,6.000000,0.300000,0.500000
150,1,1,7.000000,0.600000,0.500000
151,0,0,10.000000,0.800000,0.500000
152,1,1,6.000000,0.300000,0.500000
153,0,0,6.000000,0.300000,0.500000
154,1,1,5.000000,0.000000,0.500000
155,1,1,20.000000,1.000000,0.500000
156,1,1,7.000000,0.600000,0.500000
157,1,1,9.000000,0.800000,0.500000
158,1,1,15.000000,0.900000,0.500000
159,0,0,6.000000,0.300000,0.500000
160,1,1,10.000000,0.800000,0.500000
161,1,1,6.000000,0.300000,0.500000
162,1,1,6.000000,0.300000,0.500000
163,0,0,6.000000,0.300000,0.500000
164,1,0,14.000000,0.900000,0.500000
165,0,0,5.000000,0.000000,0.500000
166,1,1,6.000000,0.300000,0.500000
167,1,1,9.000000,0.900000,0.500000
168,0,0,15.000000,1.000000,0.500000
169,0,0,10.000000,0.800000,0.500000
170,1,1,13.000000,0.800000,0.500000
171,0,0,6.000000,0.300000,0.500000
172,1,1,13.000000,0.900000,0.500000
173,1,1,6.000000,0.300000,0.500000
174,1,1,5.000000,0.000000,0.500000
175,1,1,9.000000,0.800000,0.500000
176,0,0,5.000000,0.000000,0.500000
177,0,0,11.000000,0.900000,0.500000
178,0,0,7.000000,0.600000,0.500000
179,1,1,11.000000,0.900000,0.500000
180,1,1,7.000000,0.600000,0.500000
181,1,1,9.000000,0.700000,0.500000
182,1,1,6.000000,0.300000,0.500000
183,1,1,6.000000,0.300000,0.500000
184,0,0,11.000000,0.900000,0.500000
185,0,0,6.000000,0.300000,0.500000
186,1,1,5.000000,0.000000,0.500000
187,0,1,8.000000,0.600000,0.500000
188,1,1,6.000000,0.300000,0.500000
189,1,1,9.000000,0.800000,0.500000
190,1,1,7.000000,0.600000,0.500000
191,1,1,5.000000,0.000000,0.500000
192,1,1,6.000000,0.300000,0.500000
193,1,1,6.000000,0.300000,0.500000
194,1,1,5.000000,0.000000,0.500000
195,1,1,6.000000,0.300000,0.500000
196,1,1,6.000000,0.300000,0.500000
197,1,1,8.000000,0.600000,0.500000
198,0,0,5.000000,0.000000,0.500000
199,0,0,5.000000,0.000000,0.500000
200,0,0,7.000000,0.600000,0.500000
201,1,1,11.000000,0.900000,0.500000
202,1,1,8.000000,0.700000,0.500000
203,1,1,13.000000,0.800000,0.500000
204,1,1,7.000000,0.600000,0.500000
205,0,1,8.000000,0.700000,0.500000
206,1,1,9.000000,0.700000,0.500000
207,1,1,6.000000,0.300000,0.500000
208,0,0,9.000000,0.800000,0.500000
209,1,1,9.000000,0.800000,0.500000
210,1,1,7.000000,0.600000,0.500000
211,0,0,8.000000,0.600000,0.500000
212,0,0,10.000000,0.700000,0.500000
213,0,0,7.000000,0.600000,0.500000
214,1,1,6.000000,0.300000,0.500000
215,1,1,7.000000,0.600000,0.500000
216,1,1,6.000000,0.300000,0.500000
217,1,1,10.000000,0.900000,0.500000
218,1,1,12.000000,0.900000,0.500000
219,1,1,8.000000,0.600000,0.500000
220,1,1,5.000000,0.000000,0.500000
221,1,1,7.000000,0.600000,0.500000
222,0,1,7.000000,0.600000,0.500000
223,1,1,9.000000,0.800000,0.500000
224,0,0,11.000000,0.700000,0.500000
225,0,0,6.000000,0.300000,0.500000
226,1,1,7.000000,0.600000,0.500000
227,0,0,5.000000,0.000000,0.500000
228,0,0,9.000000,0.700000,0.500000
229,0,0,9.000000,0.700000,0.500000
230,1,1,12.000000,0.900000,0.500000
231,0,0,5.000000,0.000000,0.500000
232,1,1,13.000000,0.900000,0.500000
233,1,1,5.000000,0.000000,0.500000
234,0,0,6.000000,0.300000,0.500000
235,1,1,8.000000,0.700000,0.500000
236,1,1,7.000000,0.600000,0.500000
237,0,0,6.000000,0.300000,0.500000
238,1,1,7.000000,0.600000,0.500000
239,1,1,6.000000,0.300000,0.500000
240,0,0,8.000000,0.700000,0.500000
241,0,0,5.000000,0.000000,0.500000
242,1,1,6.000000,0.300000,0.500000
243,1,1,5.000000,0.000000,0.500000
244,0,0,7.000000,0.600000,0.500000
245,1,1,5.000000,0.000000,0.500000
246,0,0,6.000000,0.300000,0.500000
247,0,0,6.000000,0.300000,0.500000
248,0,0,6.000000,0.300000,0.500000
249,1,1,6.000000,0.300000,0.500000
250,0,0,11.000000,0.900000,0.500000
251,0,0,5.000000,0.000000,0.500000
252,1,1,6.000000,0.300000,0.500000
253,1,1,12.000000,0.900000,0.500000
254,1,1,5.000000,0.000000,0.500000
255,0,0,13.000000,0.900000,0.500000
256,0,0,6.000000,0.300000,0.500000
257,1,1,6.000000,0.300000,0.500000
258,1,1,5.000000,0.000000,0.500000
259,0,0,6.000000,0.300000,0.500000
260,1,1,6.000000,0.300000,0.500000
261,1,1,6.000000,0.300000,0.500000
262,1,1,8.000000,0.600000,0.500000
263,1,1,6.000000,0.300000,0.500000
264,1,1,5.000000,0.000000,0.500000
265,1,1,13.000000,0.900000,0.500000
266,0,0,6.000000,0.300000,0.500000
267,1,1,5.000000,0.000000,0.500000
268,1,1,6.000000,0.300000,0.500000
269,1,1,5.000000,0.000000,0.500000
270,0,0,6.000000,0.300000,0.500000
271,1,1,7.000000,0.600000,0.500000
272,1,1,7.000000,0.600000,0.500000
273,0,0,11.000000,0.700000,0.500000
274,1,1,7.000000,0.600000,0.500000
275,0,0,5.000000,0.000000,0.500000
276,0,0,7.000000,0.600000,0.500000
277,1,1,6.000000,0.300000,0.500000
278,1,1,7.000000,0.600000,0.500000
279,1,1,7.000000,0.600000,0.500000
280,1,1,7.000000,0.600000,0.500000
281,1,1,9.000000,0.800000,0.500000
282,1,1,6.000000,0.300000,0.500000
283,1,1,6.000000,0.300000,0.500000
284,0,0,6.000000,0.300000,0.500000
285,1,1,6.000000,0.300000,0.500000
286,0,0,5.000000,0.000000,0.500000
287,0,0,13.000000,0.800000,0.500000
288,1,1,10.000000,0.800000,0.500000
289,1,1,5.000000,0.000000,0.500000
290,0,1,13.000000,0.900000,0.500000
291,0,0,9.000000,0.900000,0.500000
292,0,0,7.000000,0.600000,0.500000
293,1,1,6.000000,0.300000,0.500000
294,0,0,6.000000,0.300000,0.500000
295,1,1,6.000000,0.300000,0.500000
296,0,0,12.000000,0.900000,0.500000
297,1,1,6.000000,0.300000,0.500000
298,1,1,7.000000,0.600000,0.500000
299,1,1,6.000000,0.300000,0.500000
300,0,0,9.000000,0.800000,0.500000
301,1,1,9.000000,0.800000,0.500000
302,1,1,9.000000,0.800000,0.500000
303,1,1,9.000000,0.500000,0.500000
304,1,1,9.000000,0.800000,0.500000
305,1,1,8.000000,0.600000,0.500000
306,1,1,10.000000,0.900000,0.500000
307,1,1,9.000000,0.500000,0.500000
308,0,0,6.000000,0.300000,0.500000
309,0,0,6.000000,0.300000,0.500000
310,0,1,8.000000,0.700000,0.500000
311,1,1,8.000000,0.700000,0.500000
312,1,1,6.000000,0.300000,0.500000
313,1,1,5.000000,0.000000,0.500000
314,0,0,7.000000,0.600000,0.500000
315,1,1,5.000000,0.000000,0.500000
316,1,1,6.000000,0.300000,0.500000
317,1,1,6.000000,0.300000,0.500000
318,0,0,6.000000,0.300000,0.500000
319,1,1,8.000000,0.600000,0.500000
320,1,1,5.000000,0.000000,0.500000
321,0,0,5.000000,0.000000,0.500000
322,0,0,6.000000,0.300000,0.500000
323,1,1,7.000000,0.600000,0.500000
324,1,1,7.000000,0.600000,0.500000
325,1,1,8.000000,0.700000,0.500000
326,0,0,6.000000,0.300000,0.500000
327,1,1,5.000000,0.000000,0.500000
328,1,1,5.000000,0.000000,0.500000
329,0,0,6.000000,0.300000,0.500000
330,0,0,8.000000,0.700000,0.500000
331,1,1,6.000000,0.300000,0.500000
332,1,1,5.000000,0.000000,0.500000
333,0,0,10.000000,0.900000,0.500000
334,1,1,5.000000,0.000000,0.500000
335,0,0,7.000000,0.600000,0.500000
336,1,1,6.000000,0.300000,0.500000
337,1,1,8.000000,0.700000,0.500000
338,1,1,5.000000,0.000000,0.500000
339,1,1,6.000000,0.300000,0.500000
340,1,1,11.000000,0.700000,0.500000
341,0,0,6.000000,0.300000,0.500000
342,0,0,6.000000,0.300000,0.500000
343,1,1,7.000000,0.600000,0.500000
344,1,1,7.000000,0.600000,0.500000
345,1,1,12.000000,0.900000,0.500000
346,0,0,5.000000,0.000000,0.500000
347,0,0,13.000000,0.900000,0.500000
348,1,1,12.000000,0.900000,0.500000
349,0,0,5.000000,0.000000,0.500000
350,1,1,9.000000,0.800000,0.500000
351,0,0,6.000000,0.300000,0.500000
352,1,1,11.000000,0.800000,0.500000
353,0,0,5.000000,0.000000,0.500000
354,1,1,7.000000,0.600000,0.500000
355,1,1,7.000000,0.600000,0.500000
356,0,0,10.000000,0.800000,0.500000
357,1,1,6.000000,0.300000,0.500000
358,0,1,6.000000,0.300000,0.500000
359,1,1,6.000000,0.300000,0.500000
360,1,0,9.000000,0.900000,0.500000
361,1,1,15.000000,0.900000,0.500000
362,0,0,6.000000,0.300000,0.500000
363,1,1,5.000000,0.000000,0.500000
364,1,1,6.000000,0.300000,0.500000
365,1,1,5.000000,0.000000,0.500000
366,0,0,8.000000,0.800000,0.500000
367,1,1,6.000000,0.300000,0.500000
368,1,0,6.000000,0.300000,0.500000
369,1,1,5.000000,0.000000,0.500000
370,1,1,5.000000,0.000000,0.500000
371,1,1,7.000000,0.600000,0.500000
372,1,1,11.000000,0.900000,0.500000
373,1,1,7.000000,0.600000,0.500000
374,0,0,6.000000,0.300000,0.500000
375,0,0,12.000000,0.600000,0.500000
376,1,1,6.000000,0.300000,0.500000
377,0,0,5.000000,0.000000,0.500000
378,0,0,5.000000,0.000000,0.500000
379,1,1,6.000000,0.300000,0.500000
380,1,1,6.000000,0.300000,0.500000
381,1,1,7.000000,0.600000,0.500000
382,1,1,6.000000,0.300000,0.500000
383,1,1,6.000000,0.300000,0.500000
384,1,1,7.000000,0.600000,0.500000
385,0,0,8.000000,0.700000,0.500000
386,0,0,6.000000,0.300000,0.500000
387,1,1,8.000000,0.600000,0.500000
388,1,1,17.000000,1.000000,0.500000
389,1,1,5.000000,0.000000,0.500000
390,0,0,6.000000,0.300000,0.500000
391,1,1,6.000000,0.300000,0.500000
392,0,0,5.000000,0.000000,0.500000
393,1,1,9.000000,0.800000,0.500000
394,1,1,5.000000,0.000000,0.500000
395,1,1,12.000000,0.900000,0.500000
396,1,1,13.000000,0.900000,0.500000
397,1,1,5.000000,0.000000,0.500000
398,0,0,5.000000,0.000000,0.500000
399,1,1,6.000000,0.300000,0.500000
400,0,0,9.000000,0.800000,0.500000
401,0,0,9.000000,0.800000,0.500000
402,1,1,6.000000,0.300000,0.500000
403,1,1,9.000000,0.800000,0.500000
404,1,1,11.000000,0.700000,0.500000
405,0,0,12.000000,0.800000,0.500000
406,1,1,6.000000,0.300000,0.500000
407,1,1,6.000000,0.300000,0.500000
408,1,1,6.000000,0.300000,0.500000
409,1,1,9.000000,0.900000,0.500000
410,1,1,9.000000,0.700000,0.500000
411,0,0,14.000000,0.900000,0.500000
412,1,1,8.000000,0.700000,0.500000
413,0,0,6.000000,0.300000,0.500000
414,1,1,5.000000,0.000000,0.500000
415,1,1,5.000000,0.000000,0.500000
416,1,1,9.000000,0.800000,0.500000
417,1,1,6.000000,0.300000,0.500000
418,1,1,6.000000,0.300000,0.500000
419,1,1,5.000000,0.000000,0.500000
420,1,1,5.000000,0.000000,0.500000
421,0,1,12.000000,0.900000,0.500000
422,1,1,7.000000,0.600000,0.500000
423,1,1,9.000000,0.800000,0.500000
424,1,1,7.000000,0.600000,0.500000
425,1,1,7.000000,0.600000,0.500000
426,1,1,5.000000,0.000000,0.500000
427,0,0,5.000000,0.000000,0.500000
428,1,1,7.000000,0.600000,0.500000
429,0,0,6.000000,0.300000,0.500000
430,1,1,13.000000,0.900000,0.500000
431,0,0,7.000000,0.600000,0.500000
432,1,1,8.000000,0.600000,0.500000
433,1,1,6.000000,0.300000,0.500000
434,1,1,7.000000,0.600000,0.500000
435,1,1,6.000000,0.300000,0.500000
436,1,0,10.000000,0.800000,0.500000
437,1,1,9.000000,0.800000,0.500000
438,0,0,5.000000,0.000000,0.500000
439,0,0,10.000000,0.700000,0.500000
440,1,1,11.000000,0.800000,0.500000
441,0,0,6.000000,0.300000,0.500000
442,1,1,14.000000,1.000000,0.500000
443,0,0,11.000000,0.900000,0.500000
444,1,1,7.000000,0.600000,0.500000
445,1,1,10.000000,0.800000,0.500000
446,1,1,6.000000,0.300000,0.500000
447,1,1,12.000000,0.800000,0.500000
448,0,0,6.000000,0.300000,0.500000
449,1,1,7.000000,0.600000,0.500000
450,0,0,10.000000,0.800000,0.500000
451,1,1,13.000000,0.900000,0.500000
452,1,1,6.000000,0.300000,0.500000
453,0,0,5.000000,0.000000,0.500000
454,1,1,6.000000,0.300000,0.500000
455,1,1,6.000000,0.300000,0.500000
456,1,1,5.000000,0.000000,0.500000
457,1,1,12.000000,0.900000,0.500000
458,1,1,7.000000,0.600000,0.500000
459,1,1,13.000000,0.800000,0.500000
460,1,1,6.000000,0.300000,0.500000
461,1,1,6.000000,0.300000,0.500000
462,1,1,6.000000,0.300000,0.500000
463,0,0,6.000000,0.300000,0.500000
464,1,1,6.000000,0.300000,0.500000
465,1,1,15.000000,0.900000,0.500000
466,1,1,5.000000,0.000000,0.500000
467,1,1,5.000000,0.000000,0.500000
468,1,1,15.000000,0.900000,0.500000
469,1,1,15.000000,0.900000,0.500000
470,0,0,5.000000,0.000000,0.500000
471,1,1,6.000000,0.300000,0.500000
472,0,0,6.000000,0.300000,0.500000
473,0,0,5.000000,0.000000,0.500000
474,1,1,7.000000,0.600000,0.500000
475,0,0,5.000000,0.000000,0.500000
476,1,1,7.000000,0.600000,0.500000
477,0,0,6.000000,0.300000,0.500000
478,1,1,7.000000,0.600000,0.500000
479,1,1,8.000000,0.700000,0.500000
480,1,1,6.000000,0.300000,0.500000
481,1,1,8.000000,0.800000,0.500000
482,0,0,7.000000,0.600000,0.500000
483,1,1,13.000000,0.900000,0.500000
484,1,1,9.000000,0.800000,0.500000
485,1,1,11.000000,0.900000,0.500000
486,1,1,5.000000,0.000000,0.500000
487,1,1,6.000000,0.300000,0.500000
488,0,0,6.000000,0.300000,0.500000
489,1,1,6.000000,0.300000,0.500000
490,0,0,7.000000,0.600000,0.500000
491,1,1,6.000000,0.300000,0.500000
492,0,0,6.000000,0.300000,0.500000
493,1,1,6.000000,0.300000,0.500000
494,1,1,6.000000,0.300000,0.500000
495,0,0,5.000000,0.000000,0.500000
496,1,1,5.000000,0.000000,0.500000
497,1,1,6.000000,0.300000,0.500000
498,0,0,8.000000,0.600000,0.500000
499,1,1,6.000000,0.300000,0.500000
500,1,1,12.000000,0.900000,0.500000
501,1,1,7.000000,0.600000,0.500000
502,0,1,16.000000,1.000000,0.500000
503,1,1,6.000000,0.300000,0.500000
504,0,0,6.000000,0.300000,0.500000
505,1,1,5.000000,0.000000,0.500000
506,0,0,6.000000,0.300000,0.500000
507,1,1,9.000000,0.800000,0.500000
508,1,1,7.000000,0.600000,0.500000
509,1,1,12.000000,0.900000,0.500000
510,0,0,6.000000,0.300000,0.500000
511,1,1,5.000000,0.000000,0.500000
512,1,1,5.000000,0.000000,0.500000
513,1,1,6.000000,0.300000,0.500000
514,1,1,9.000000,0.800000,0.500000
515,0,0,9.000000,0.800000,0.500000
516,1,1,6.000000,0.300000,0.500000
517,0,0,9.000000,0.700000,0.500000
518,1,1,8.000000,0.600000,0.500000
519,1,1,6.000000,0.300000,0.500000
520,1,1,9.000000,0.800000,0.500000
521,1,1,5.000000,0.000000,0.500000
522,1,1,11.000000,0.700000,0.500000
523,1,1,6.000000,0.300000,0.500000
524,1,1,6.000000,0.300000,0.500000
525,1,1,6.000000,0.300000,0.500000
526,1,1,8.000000,0.800000,0.500000
527,1,1,13.000000,1.000000,0.500000
528,1,1,13.000000,0.800000,0.500000
529,1,1,5.000000,0.000000,0.500000
530,0,0,10.000000,0.800000,0.500000
531,1,1,6.000000,0.300000,0.500000
532,0,0,5.000000,0.000000,0.500000
533,1,1,5.000000,0.000000,0.500000
534,1,1,8.000000,0.800000,0.500000
535,1,1,11.000000,0.900000,0.500000
536,1,1,5.000000,0.000000,0.500000
537,1,1,9.000000,0.500000,0.500000
538,1,1,5.000000,0.000000,0.500000
539,1,1,6.000000,0.300000,0.500000
540,1,1,6.000000,0.300000,0.500000
541,1,1,11.000000,0.900000,0.500000
542,1,1,6.000000,0.300000,0.500000
543,1,1,6.000000,0.300000,0.500000
544,1,1,5.000000,0.000000,0.500000
545,1,1,7.000000,0.600000,0.500000
546,1,1,9.000000,0.800000,0.500000
547,0,0,12.000000,0.900000,0.500000
548,0,0,9.000000,0.800000,0.500000
549,0,0,6.000000,0.300000,0.500000
550,0,0,5.000000,0.000000,0.500000
551,1,1,5.000000,0.000000,0.500000
552,1,1,7.000000,0.600000,0.500000
553,1,1,6.000000,0.300000,0.500000
554,0,0,6.000000,0.300000,0.500000
555,1,1,9.000000,0.500000,0.500000
556,0,0,5.000000,0.000000,0.500000
557,1,1,13.000000,0.900000,0.500000
558,0,0,8.000000,0.700000,0.500000
559,1,1,5.000000,0.000000,0.500000
560,1,1,12.000000,0.900000,0.500000
561,0,0,5.000000,0.000000,0.500000
562,1,1,9.000000,0.800000,0.500000
563,1,1,12.000000,0.900000,0.500000
564,0,0,9.000000,0.800000,0.500000
565,0,0,9.000000,0.700000,0.500000
566,1,1,6.000000,0.300000,0.500000
567,1,1,6.000000,0.300000,0.500000
568,0,1,11.000000,0.900000,0.500000
569,1,1,8.000000,0.600000,0.500000
570,0,0,6.000000,0.300000,0.500000
571,0,0,10.000000,0.800000,0.500000
572,0,0,11.000000,0.700000,0.500000
573,1,1,5.000000,0.000000,0.500000
574,1,1,10.000000,0.800000,0.500000
575,1,1,5.000000,0.000000,0.500000
576,0,0,6.000000,0.300000,0.500000
577,1,1,9.000000,0.900000,0.500000
578,0,0,7.000000,0.600000,0.500000
579,1,1,9.000000,0.800000,0.500000
580,1,1,6.000000,0.300000,0.500000
581,1,1,11.000000,0.900000,0.500000
582,1,1,9.000000,0.500000,0.500000
583,1,1,5.000000,0.000000,0.500000
584,1,1,5.000000,0.000000,0.500000
585,1,1,13.000000,0.800000,0.500000
586,0,0,6.000000,0.300000,0.500000
587,1,1,6.000000,0.300000,0.500000
588,1,1,7.000000,0.600000,0.500000
589,0,0,5.000000,0.000000,0.500000
590,0,0,5.000000,0.000000,0.500000
591,1,1,6.000000,0.300000,0.500000
592,1,1,6.000000,0.300000,0.500000
593,1,1,5.000000,0.000000,0.500000
594,1,1,7.000000,0.600000,0.500000
595,1,1,6.000000,0.300000,0.500000
596,1,1,11.000000,0.900000,0.500000
597,1,1,7.000000,0.600000,0.500000
598,1,1,5.000000,0.000000,0.500000
599,1,1,8.000000,0.600000,0.500000
600,1,1,6.000000,0.300000,0.500000
601,1,1,8.000000,0.600000,0.500000
602,0,0,9.000000,0.500000,0.500000
603,1,1,6.000000,0.300000,0.500000
604,0,0,6.000000,0.300000,0.500000
605,1,1,9.000000,0.900000,0.500000
606,1,1,5.000000,0.000000,0.500000
607,0,0,6.000000,0.300000,0.500000
608,1,1,5.000000,0.000000,0.500000
609,1,1,6.000000,0.300000,0.500000
610,0,0,7.000000,0.600000,0.500000
611,1,1,6.000000,0.300000,0.500000
612,1,1,6.000000,0.300000,0.500000
613,1,1,8.000000,0.700000,0.500000
614,1,1,9.000000,0.800000,0.500000
615,1,1,5.000000,0.000000,0.500000
616,1,1,7.000000,0.600000,0.500000
617,0,0,5.000000,0.000000,0.500000
618,0,0,11.000000,0.900000,0.500000
619,1,1,6.000000,0.300000,0.500000
620,1,1,7.000000,0.600000,0.500000
621,0,1,6.000000,0.300000,0.500000
622,1,1,5.000000,0.000000,0.500000
623,1,1,5.000000,0.000000,0.500000
624,1,1,9.000000,0.500000,0.500000
625,0,0,11.000000,0.900000,0.500000
626,1,1,9.000000,0.800000,0.500000
627,1,1,6.000000,0.300000,0.500000
628,0,0,10.000000,0.800000,0.500000
629,0,0,6.000000,0.300000,0.500000
630,1,1,12.000000,0.800000,0.500000
631,1,1,12.000000,0.900000,0.500000
632,1,1,9.000000,0.700000,0.500000
633,1,1,10.000000,0.700000,0.500000
634,0,0,10.000000,0.700000,0.500000
635,1,1,6.000000,0.300000,0.500000
636,0,0,5.000000,0.000000,0.500000
637,1,1,7.000000,0.600000,0.500000
638,0,0,16.000000,1.000000,0.500000
639,0,0,17.000000,1.000000,0.500000
640,1,0,10.000000,0.800000,0.500000
641,1,1,5.000000,0.000000,0.500000
642,0,0,7.000000,0.600000,0.500000
643,0,0,6.000000,0.300000,0.500000
644,1,1,7.000000,0.600000,0.500000
645,1,0,11.000000,0.900000,0.500000
646,1,1,8.000000,0.700000,0.500000
647,0,0,6.000000,0.300000,0.500000
648,1,0,8.000000,0.700000,0.500000
649,1,1,6.000000,0.300000,0.500000
650,1,1,6.000000,0.300000,0.500000
651,1,1,5.000000,0.000000,0.500000
652,1,1,5.000000,0.000000,0.500000
653,1,1,6.000000,0.300000,0.500000
654,1,1,11.000000,0.700000,0.500000
655,1,1,5.000000,0.000000,0.500000
656,1,1,5.000000,0.000000,0.500000
657,1,1,5.000000,0.000000,0.500000
658,1,1,6.000000,0.300000,0.500000
659,0,0,13.000000,0.800000,0.500000
660,1,1,6.000000,0.300000,0.500000
661,1,0,10.000000,0.800000,0.500000
662,1,0,7.000000,0.600000,0.500000
663,0,0,5.000000,0.000000,0.500000
664,1,1,13.000000,0.800000,0.500000
665,1,1,6.000000,0.300000,0.500000
666,1,1,7.000000,0.600000,0.500000
667,1,1,5.000000,0.000000,0.500000
668,1,1,7.000000,0.600000,0.500000
669,0,0,6.000000,0.300000,0.500000
670,1,1,7.000000,0.600000,0.500000
671,1,1,6.000000,0.300000,0.500000
672,0,0,6.000000,0.300000,0.500000
673,1,1,11.000000,0.800000,0.500000
674,0,0,6.000000,0.300000,0.500000
675,1,1,6.000000,0.300000,0.500000
676,1,1,6.000000,0.300000,0.500000
677,0,0,9.000000,0.800000,0.500000
678,1,1,6.000000,0.300000,0.500000
679,0,0,7.000000,0.600000,0.500000
680,0,0,7.000000,0.600000,0.500000
681,1,1,6.000000,0.300000,0.500000
682,1,1,7.000000,0.600000,0.500000
683,1,1,11.000000,0.900000,0.500000
684,0,0,5.000000,0.000000,0.500000
685,1,0,20.000000,1.000000,0.500000
686,1,1,9.000000,0.800000,0.500000
687,1,1,6.000000,0.300000,0.500000
688,1,1,6.000000,0.300000,0.500000
689,1,1,6.000000,0.300000,0.500000
690,0,0,6.000000,0.300000,0.500000
691,1,1,8.000000,0.600000,0.500000
692,1,1,17.000000,1.000000,0.500000
693,1,1,11.000000,0.900000,0.500000
694,0,0,5.000000,0.000000,0.500000
695,1,1,7.000000,0.600000,0.500000
696,1,1,11.000000,0.900000,0.500000
697,1,1,7.000000,0.600000,0.500000
698,1,0,12.000000,0.900000,0.500000
699,1,1,6.000000,0.300000,0.500000
700,1,1,7.000000,0.600000,0.500000
701,1,1,6.000000,0.300000,0.500000
702,0,0,6.000000,0.300000,0.500000
703,1,1,9.000000,0.800000,0.500000
704,1,1,5.000000,0.000000,0.500000
705,1,1,5.000000,0.000000,0.500000
706,1,1,5.000000,0.000000,0.500000
707,1,1,5.000000,0.000000,0.500000
708,0,0,9.000000,0.800000,0.500000
709,1,1,12.000000,0.900000,0.500000
710,0,0,9.000000,0.800000,0.500000
711,0,0,14.000000,0.900000,0.500000
712,1,1,6.000000,0.300000,0.500000
713,1,1,5.000000,0.000000,0.500000
714,1,1,9.000000,0.900000,0.500000
715,1,1,6.000000,0.300000,0.500000
716,1,1,7.000000,0.600000,0.500000
717,1,1,6.000000,0.300000,0.500000
718,1,1,5.000000,0.000000,0.500000
719,0,0,6.000000,0.300000,0.500000
720,0,0,6.000000,0.300000,0.500000
721,0,0,6.000000,0.300000,0.500000
722,0,0,12.000000,0.900000,0.500000
723,1,1,5.000000,0.000000,0.500000
724,1,1,5.000000,0.000000,0.500000
725,1,1,7.000000,0.600000,0.500000
726,0,0,11.000000,0.900000,0.500000
727,0,0,6.000000,0.300000,0.500000
728,1,1,6.000000,0.300000,0.500000
729,1,1,7.000000,0.600000,0.500000
730,0,0,5.000000,0.000000,0.500000
731,1,1,6.000000,0.300000,0.500000
732,0,0,10.000000,0.800000,0.500000
733,0,0,9.000000,0.800000,0.500000
734,1,1,5.000000,0.000000,0.500000
735,0,0,11.000000,0.900000,0.500000
736,1,1,11.000000,0.700000,0.500000
737,1,1,17.000000,1.000000,0.500000
738,0,0,9.000000,0.500000,0.500000
739,1,1,6.000000,0.300000,0.500000
740,1,1,7.000000,0.600000,0.500000
741,1,0,15.000000,0.900000,0.500000
742,1,1,6.000000,0.300000,0.500000
743,1,1,8.000000,0.700000,0.500000
744,1,1,7.000000,0.600000,0.500000
745,0,0,9.000000,0.800000,0.500000
746,0,1,7.000000,0.600000,0.500000
747,1,1,9.000000,0.700000,0.500000
748,1,0,7.000000,0.600000,0.500000
749,1,1,8.000000,0.600000,0.500000
750,1,1,6.000000,0.300000,0.500000
751,0,0,7.000000,0.600000,0.500000
752,1,1,9.000000,0.800000,0.500000
753,1,1,5.000000,0.000000,0.500000
754,1,1,8.000000,0.700000,0.500000
755,1,1,11.000000,0.900000,0.500000
756,0,0,7.000000,0.600000,0.500000
757,0,0,11.000000,0.900000,0.500000
758,1,1,8.000000,0.800000,0.500000
759,1,1,6.000000,0.300000,0.500000
760,1,1,7.000000,0.600000,0.500000
761,1,1,5.000000,0.000000,0.500000
762,1,1,6.000000,0.300000,0.500000
763,0,0,6.000000,0.300000,0.500000
764,1,1,5.000000,0.000000,0.500000
765,0,1,5.000000,0.000000,0.500000
766,0,0,15.000000,0.900000,0.500000
767,1,1,5.000000,0.000000,0.500000
768,1,1,5.000000,0.000000,0.500000
769,1,1,6.000000,0.300000,0.500000
770,1,1,6.000000,0.300000,0.500000
771,1,1,6.000000,0.300000,0.500000
772,0,0,6.000000,0.300000,0.500000
773,1,1,5.000000,0.000000,0.500000
774,1,1,5.000000,0.000000,0.500000
775,0,0,9.000000,0.700000,0.500000
776,1,1,6.000000,0.300000,0.500000
777,0,0,11.000000,0.900000,0.500000
778,1,1,6.000000,0.300000,0.500000
779,0,0,6.000000,0.300000,0.500000
780,0,0,10.000000,0.800000,0.500000
781,1,1,5.000000,0.000000,0.500000
782,0,0,8.000000,0.700000,0.500000
783,0,0,7.000000,0.600000,0.500000
784,1,1,5.000000,0.000000,0.500000
785,1,1,7.000000,0.600000,0.500000
786,1,1,7.000000,0.600000,0.500000
787,1,1,9.000000,0.800000,0.500000
788,0,0,6.000000,0.300000,0.500000
789,0,0,5.000000,0.000000,0.500000
790,1,1,15.000000,1.000000,0.500000
791,0,0,6.000000,0.300000,0.500000
792,1,1,7.000000,0.600000,0.500000
793,1,1,13.000000,0.900000,0.500000
794,1,1,10.000000,0.800000,0.500000
795,1,1,7.000000,0.600000,0.500000
796,1,1,9.000000,0.800000,0.500000
797,1,1,16.000000,0.900000,0.500000
798,1,1,8.000000,0.600000,0.500000
799,1,1,7.000000,0.600000,0.500000
800,0,0,12.000000,0.800000,0.500000
801,1,1,5.000000,0.000000,0.500000
802,1,0,8.000000,0.800000,0.500000
803,1,1,9.000000,0.800000,0.500000
804,0,0,7.000000,0.600000,0.500000
805,1,1,15.000000,0.900000,0.500000
806,1,1,5.000000,0.000000,0.500000
807,1,1,5.000000,0.000000,0.500000
808,1,1,9.000000,0.800000,0.500000
809,0,0,7.000000,0.600000,0.500000
810,1,1,6.000000,0.300000,0.500000
811,1,1,9.000000,0.700000,0.500000
812,1,1,17.000000,0.900000,0.500000
813,1,1,5.000000,0.000000,0.500000
814,0,0,7.000000,0.600000,0.500000
815,1,0,5.000000,0.000000,0.500000
816,1,1,8.000000,0.700000,0.500000
817,1,1,7.000000,0.600000,0.500000
818,1,1,7.000000,0.600000,0.500000
819,0,1,7.000000,0.600000,0.500000
820,1,1,10.000000,0.700000,0.500000
821,1,1,6.000000,0.300000,0.500000
822,1,1,6.000000,0.300000,0.500000
823,1,1,5.000000,0.000000,0.500000
824,1,1,11.000000,0.700000,0.500000
825,1,1,6.000000,0.300000,0.500000
826,1,1,6.000000,0.300000,0.500000
827,0,0,6.000000,0.300000,0.500000
828,1,1,7.000000,0.600000,0.500000
829,1,1,6.000000,0.300000,0.500000
830,1,1,5.000000,0.000000,0.500000
831,1,1,5.000000,0.000000,0.500000
832,1,1,6.000000,0.300000,0.500000
833,1,1,6.000000,0.300000,0.500000
834,0,0,8.000000,0.800000,0.500000
835,0,0,6.000000,0.300000,0.500000
836,0,0,7.000000,0.600000,0.500000
837,1,1,5.000000,0.000000,0.500000
838,0,0,5.000000,0.000000,0.500000
839,1,1,15.000000,0.900000,0.500000
840,0,0,7.000000,0.600000,0.500000
841,1,1,6.000000,0.300000,0.500000
842,1,1,5.000000,0.000000,0.500000
843,1,1,17.000000,0.900000,0.500000
844,0,0,6.000000,0.300000,0.500000
845,0,0,11.000000,0.900000,0.500000
846,1,1,5.000000,0.000000,0.500000
847,1,1,9.000000,0.800000,0.500000
848,0,0,10.000000,0.700000,0.500000
849,1,1,7.000000,0.600000,0.500000
850,1,1,5.000000,0.000000,0.500000
851,1,1,9.000000,0.800000,0.500000
852,1,1,10.000000,0.800000,0.500000
853,1,1,7.000000,0.600000,0.500000
854,1,1,23.000000,1.000000,0.500000
855,1,1,7.000000,0.600000,0.500000
856,0,0,6.000000,0.300000,0.500000
857,0,0,5.000000,0.000000,0.500000
858,1,1,13.000000,0.900000,0.500000
859,0,0,6.000000,0.300000,0.500000
860,1,0,8.000000,0.700000,0.500000
861,1,1,5.000000,0.000000,0.500000
862,0,0,6.000000,0.300000,0.500000
863,1,1,6.000000,0.300000,0.500000
864,1,1,6.000000,0.300000,0.500000
865,0,1,8.000000,0.900000,0.500000
866,0,0,9.000000,0.800000,0.500000
867,1,1,11.000000,0.700000,0.500000
868,0,1,11.000000,0.900000,0.500000
869,1,1,11.000000,0.900000,0.500000
870,1,1,6.000000,0.300000,0.500000
871,1,1,7.000000,0.600000,0.500000
872,1,1,11.000000,0.900000,0.500000
873,1,1,6.000000,0.300000,0.500000
874,1,1,5.000000,0.000000,0.500000
875,1,1,11.000000,0.900000,0.500000
876,1,1,15.000000,0.900000,0.500000
877,0,0,6.000000,0.300000,0.500000
878,1,1,6.000000,0.300000,0.500000
879,1,1,6.000000,0.300000,0.500000
880,0,0,5.000000,0.000000,0.500000
881,1,1,6.000000,0.300000,0.500000
882,1,1,5.000000,0.000000,0.500000
883,1,1,6.000000,0.300000,0.500000
884,1,1,6.000000,0.300000,0.500000
885,0,0,5.000000,0.000000,0.500000
886,0,0,7.000000,0.600000,0.500000
887,1,1,13.000000,0.900000,0.500000
888,1,1,10.000000,0.800000,0.500000
889,0,0,10.000000,0.800000,0.500000
890,1,1,5.000000,0.000000,0.500000
891,1,1,5.000000,0.000000,0.500000
892,0,0,10.000000,0.900000,0.500000
893,0,0,5.000000,0.000000,0.500000
894,1,1,5.000000,0.000000,0.500000
895,1,1,6.000000,0.300000,0.500000
896,0,0,8.000000,0.700000,0.500000
897,0,1,20.000000,1.000000,0.500000
898,1,1,9.000000,0.800000,0.500000
899,0,0,6.000000,0.300000,0.500000
900,1,1,6.000000,0.300000,0.500000
901,0,0,10.000000,0.900000,0.500000
902,1,1,5.000000,0.000000,0.500000
903,0,0,6.000000,0.300000,0.500000
904,1,1,9.000000,0.800000,0.500000
905,1,1,14.000000,0.900000,0.500000
906,1,1,5.000000,0.000000,0.500000
907,0,1,15.000000,0.900000,0.500000
908,1,1,7.000000,0.600000,0.500000
909,1,1,5.000000,0.000000,0.500000
910,1,1,12.000000,0.900000,0.500000
911,1,1,8.000000,0.700000,0.500000
912,1,1,12.000000,0.900000,0.500000
913,1,1,7.000000,0.600000,0.500000
914,1,1,9.000000,0.800000,0.500000
915,0,0,6.000000,0.300000,0.500000
916,0,0,7.000000,0.600000,0.500000
917,1,1,6.000000,0.300000,0.500000
918,1,1,10.000000,0.800000,0.500000
919,1,1,6.000000,0.300000,0.500000
920,1,1,6.000000,0.300000,0.500000
921,1,1,9.000000,0.700000,0.500000
922,0,0,5.000000,0.000000,0.500000
923,0,0,5.000000,0.000000,0.500000
924,1,1,7.000000,0.600000,0.500000
925,1,1,11.000000,0.900000,0.500000
926,1,1,6.000000,0.300000,0.500000
927,0,1,20.000000,1.000000,0.500000
928,0,0,5.000000,0.000000,0.500000
929,1,1,6.000000,0.300000,0.500000
930,0,0,5.000000,0.000000,0.500000
931,1,1,12.000000,0.900000,0.500000
932,1,1,7.000000,0.600000,0.500000
933,1,1,11.000000,0.800000,0.500000
934,0,0,5.000000,0.000000,0.500000
935,1,1,5.000000,0.000000,0.500000
936,1,1,5.000000,0.000000,0.500000
937,0,0,6.000000,0.300000,0.500000
938,1,1,6.000000,0.300000,0.500000
939,1,1,5.000000,0.000000,0.500000
940,0,0,8.000000,0.600000,0.500000
941,0,0,6.000000,0.300000,0.500000
942,1,1,5.000000,0.000000,0.500000
943,1,1,9.000000,0.800000,0.500000
944,0,0,6.000000,0.300000,0.500000
945,1,1,11.000000,0.900000,0.500000
946,1,1,8.000000,0.600000,0.500000
947,1,1,13.000000,0.900000,0.500000
948,1,1,9.000000,0.800000,0.500000
949,1,1,5.000000,0.000000,0.500000
950,1,1,5.000000,0.000000,0.500000
951,1,1,5.000000,0.000000,0.500000
952,0,0,6.000000,0.300000,0.500000
953,1,1,5.000000,0.000000,0.500000
954,1,1,6.000000,0.300000,0.500000
955,1,1,6.000000,0.300000,0.500000
956,1,1,5.000000,0.000000,0.500000
957,1,1,6.000000,0.300000,0.500000
958,1,1,5.000000,0.000000,0.500000
959,1,1,7.000000,0.600000,0.500000
960,0,1,8.000000,0.800000,0.500000
961,1,1,13.000000,0.900000,0.500000
962,0,0,6.000000,0.300000,0.500000
963,1,1,6.000000,0.300000,0.500000
964,1,1,7.000000,0.600000,0.500000
965,0,0,9.000000,0.800000,0.500000
966,1,1,6.000000,0.300000,0.500000
967,1,1,6.000000,0.300000,0.500000
968,1,1,5.000000,0.000000,0.500000
969,1,1,9.000000,0.800000,0.500000
970,1,1,6.000000,0.300000,0.500000
971,0,0,5.000000,0.000000,0.500000
972,1,1,6.000000,0.300000,0.500000
973,1,1,5.000000,0.000000,0.500000
974,1,1,12.000000,0.900000,0.500000
975,1,1,10.000000,0.800000,0.500000
976,1,1,5.000000,0.000000,0.500000
977,0,0,5.000000,0.000000,0.500000
978,0,0,6.000000,0.300000,0.500000
979,1,1,6.000000,0.300000,0.500000
980,0,0,6.000000,0.300000,0.500000
981,0,0,6.000000,0.300000,0.500000
982,1,1,6.000000,0.300000,0.500000
983,1,1,10.000000,0.800000,0.500000
984,0,0,7.000000,0.600000,0.500000
985,1,1,6.000000,0.300000,0.500000
986,1,1,6.000000,0.300000,0.500000
987,0,0,5.000000,0.000000,0.500000
988,1,1,11.000000,0.800000,0.500000
989,1,1,12.000000,0.900000,0.500000
990,1,1,9.000000,0.800000,0.500000
991,1,1,5.000000,0.000000,0.500000
992,0,0,6.000000,0.300000,0.500000
993,0,0,10.000000,0.800000,0.500000
994,0,1,9.000000,0.900000,0.500000
995,0,0,6.000000,0.300000,0.500000
996,0,0,11.000000,0.900000,0.500000
997,1,1,6.000000,0.300000,0.500000
998,1,1,9.000000,0.500000,0.500000
999,1,1,14.000000,0.900000,0.500000
WorkerID,Gamma,TrueGamma
573,0.477275,1.102527
561,0.474599,0.968361
429,0.511845,2.298231
159,0.529051,0.872652
53,0.535555,2.530244
727,0.482274,1.153257
376,0.483825,2.767380
451,0.505334,0.478663
532,0.487389,0.415187
681,0.556631,2.696487
230,0.504068,0.527169
887,0.475167,1.223484
297,0.508519,0.853290
278,0.479612,1.872473
24,0.493875,0.661036
527,0.506094,1.460787
825,0.522210,1.224283
244,0.472972,0.821443
820,0.482272,0.622673
132,0.491096,2.079801
163,0.494670,1.152282
109,0.506838,2.112934
594,0.520479,2.183642
391,0.488957,1.589381
940,0.466579,1.011984
485,0.489475,1.030769
251,0.479734,0.490242
958,0.471125,0.306275
637,0.473846,0.476902
819,0.517515,1.209997
546,0.532080,0.844303
609,0.502054,1.553343
389,0.498013,1.414439
416,0.466126,0.603811
977,0.511100,0.712026
540,0.481707,0.530642
569,0.472520,0.992050
902,0.507729,1.178985
350,0.518195,2.496816
77,0.498186,0.791912
800,0.473359,0.809389
123,0.499377,2.212395
509,0.546650,1.681734
35,0.507289,1.028525
788,0.513210,3.362766
951,0.477552,0.481691
944,0.517427,1.090571
137,0.551079,2.479630
60,0.502440,1.273609
205,0.488305,1.088474
600,0.519373,0.546980
272,0.498199,1.145678
50,0.485389,0.272840
873,0.533576,1.508077
582,0.488686,2.496186
224,0.499140,0.655116
88,0.467512,1.279241
126,0.526975,2.008116
331,0.482578,0.829387
836,0.497751,0.990335
511,0.490851,1.439576
607,0.488232,1.077472
686,0.489663,1.538628
853,0.475505,0.413880
732,0.494522,0.928203
169,0.504510,0.783970
295,0.479341,0.651800
604,0.547377,2.814886
477,0.481596,1.343370
283,0.521623,1.782178
874,0.486232,1.729675
127,0.502179,0.791470
775,0.513146,2.533734
857,0.494872,0.903551
459,0.488871,1.717502
393,0.526331,1.463225
643,0.477716,1.593921
635,0.535233,1.404162
706,0.511981,0.640648
105,0.524088,2.556124
128,0.508480,1.936640
787,0.504079,1.281396
173,0.475225,1.821216
402,0.512776,2.058155
260,0.495782,1.661503
612,0.486709,1.480982
717,0.517291,0.974881
885,0.486801,0.998352
986,0.511296,1.678251
508,0.493543,1.346822
146,0.501804,1.005619
672,0.477592,1.112307
276,0.484070,0.405437
232,0.495518,0.567234
358,0.490969,0.997308
279,0.493331,1.983348
56,0.535253,1.877960
190,0.492897,0.826688
563,0.476813,0.754429
904,0.501774,2.289277
790,0.491320,0.550025
554,0.477724,0.606938
818,0.468511,0.429112
954,0.522335,0.884121
760,0.483686,0.829438
579,0.501034,1.132325
583,0.488352,0.528666
148,0.468440,0.107603
915,0.470829,0.259755
201,0.585058,2.335576
751,0.523846,1.902711
448,0.481798,1.239580
374,0.488999,0.798565
543,0.502238,0.788615
888,0.504066,0.519945
502,0.484391,0.191540
934,0.483975,0.334376
461,0.477914,0.932225
948,0.523943,1.594708
31,0.491333,1.530149
343,0.484303,0.691391
235,0.478139,1.210864
66,0.505085,0.454014
294,0.521041,1.510397
131,0.552184,2.418382
426,0.497322,1.283673
415,0.506807,0.874596
700,0.493127,0.982199
912,0.479842,0.180486
110,0.506615,1.550760
708,0.495507,1.867294
367,0.484075,0.860759
920,0.489491,1.024471
160,0.517858,1.078552
547,0.488249,0.931337
212,0.488946,0.596026
155,0.484140,0.885715
967,0.480203,0.433309
812,0.519560,1.055347
688,0.513110,1.321843
722,0.517822,1.596659
341,0.482136,1.298354
817,0.494656,0.472060
566,0.519704,2.215581
588,0.497031,0.404371
268,0.530917,1.263656
922,0.470836,1.606832
44,0.488152,1.201064
27,0.482199,2.264042
659,0.551118,2.331200
601,0.542963,0.872967
72,0.506471,1.068089
889,0.510648,1.145840
882,0.513061,0.780363
712,0.477625,1.190772
687,0.497921,1.410132
925,0.488900,0.661467
584,0.513611,1.867277
730,0.463958,0.645689
513,0.495451,1.022644
174,0.495087,0.537266
143,0.513565,0.541122
597,0.481055,0.474833
475,0.490698,0.540732
564,0.479606,0.469729
353,0.504407,1.528467
560,0.504792,1.506380
243,0.503798,1.088037
668,0.499732,0.979607
625,0.483671,0.367686
214,0.475733,0.730021
960,0.529756,0.909455
908,0.463187,0.204186
57,0.523122,1.155949
945,0.474225,0.934838
21,0.491259,0.981627
28,0.513613,0.758501
881,0.477615,0.248861
233,0.480070,1.947464
65,0.493431,0.760231
256,0.479490,1.628894
832,0.504403,1.043922
773,0.484259,1.295253
974,0.539048,0.917474
489,0.468596,0.981423
574,0.530678,1.812331
104,0.512051,0.816387
890,0.486644,1.052205
413,0.463816,0.745984
829,0.519912,1.802451
298,0.473643,1.619966
468,0.479647,0.917638
385,0.512700,1.611787
791,0.507008,1.127571
315,0.504466,1.120571
749,0.477232,0.664628
397,0.498417,0.863494
673,0.488005,0.941012
150,0.506684,1.788721
679,0.508342,0.906680
34,0.501795,1.365397
431,0.493309,1.392476
505,0.477385,2.204914
867,0.477437,1.152863
968,0.470773,1.063999
618,0.522089,1.286706
447,0.493429,1.950029
478,0.488751,2.279062
437,0.492460,0.130868
216,0.508655,1.825074
585,0.504461,1.091215
910,0.518814,1.559642
765,0.507352,1.162617
862,0.524509,1.457901
373,0.521977,0.610122
328,0.504474,1.131926
259,0.523838,1.802922
8,0.529066,2.054827
445,0.511840,1.927733
99,0.545785,0.774081
226,0.508977,2.124763
633,0.499312,1.235503
898,0.518219,2.137288
436,0.487628,0.618415
336,0.503141,1.214121
913,0.479869,0.225468
762,0.515949,0.856183
742,0.489227,0.269903
302,0.482267,0.503553
753,0.502291,1.421214
49,0.510979,1.930309
304,0.522422,3.674873
705,0.498213,0.789457
748,0.603838,1.247165
772,0.510966,1.706348
406,0.504426,0.239788
932,0.497877,0.462640
107,0.484232,2.207263
556,0.500148,0.991986
894,0.495512,0.627385
299,0.507423,1.188795
851,0.519795,1.033173
923,0.543220,1.525799
826,0.513780,0.417654
674,0.547788,1.937266
776,0.527167,0.709684
918,0.524298,0.696976
78,0.484409,1.100726
848,0.537896,1.878827
892,0.522147,0.809371
45,0.567663,2.912709
699,0.502897,1.761820
427,0.515910,0.963365
615,0.513285,1.757536
284,0.477766,0.723603
926,0.524207,1.085254
177,0.491202,0.790940
68,0.540931,0.772984
281,0.527753,1.100035
484,0.515578,2.460483
655,0.545122,0.810961
921,0.493411,1.039291
465,0.489020,0.515404
624,0.501564,0.374182
182,0.510680,1.712466
162,0.525156,1.099090
839,0.487497,0.673865
86,0.508742,1.306024
628,0.508951,1.829827
964,0.497557,1.338937
771,0.509190,0.402041
6,0.511218,1.516044
130,0.504612,0.631307
677,0.482268,0.410836
40,0.500454,1.600307
724,0.515474,0.709015
149,0.503301,1.271975
435,0.498095,0.722555
293,0.492147,1.070670
530,0.504633,0.413080
704,0.507539,1.003941
858,0.500225,0.610390
822,0.488652,0.719632
196,0.490670,1.062418
596,0.504621,1.109976
856,0.522152,1.394166
113,0.490761,0.827687
7,0.500908,0.744468
458,0.502553,1.518648
500,0.524397,0.729316
375,0.490552,0.206348
896,0.495413,1.198733
404,0.558600,1.728471
884,0.580342,1.298675
713,0.533239,1.527136
531,0.517647,0.887475
378,0.525767,0.942667
813,0.488671,1.148168
591,0.556463,3.205345
359,0.550738,1.710684
696,0.531160,1.094793
492,0.489337,1.579006
774,0.525162,1.040725
71,0.515195,0.516221
747,0.477455,0.910426
741,0.500049,1.465067
828,0.497999,1.022938
523,0.526826,1.834136
950,0.511491,2.017207
106,0.505628,0.980586
258,0.516294,1.257507
917,0.487067,0.514844
425,0.494553,0.521592
339,0.485481,1.181349
844,0.497641,0.788245
220,0.513755,1.520767
571,0.532443,1.091551
784,0.502589,0.205252
312,0.484254,0.917885
663,0.521995,2.320986
75,0.526828,0.694045
877,0.523387,0.690556
734,0.513895,0.870834
758,0.506874,0.897870
36,0.506261,0.543753
474,0.490504,1.533479
972,0.518515,0.538086
770,0.519368,1.257735
135,0.567929,2.037236
192,0.482136,0.762090
572,0.515499,1.585535
386,0.478008,0.391313
314,0.493227,2.094250
179,0.527919,1.561828
529,0.540290,0.875584
928,0.504324,0.512710
641,0.487073,0.464397
85,0.562022,3.888110
837,0.539897,1.546580
933,0.580272,2.745360
808,0.518299,0.888369
442,0.534200,0.666493
377,0.491258,0.637531
218,0.495995,0.272334
947,0.516330,1.183071
289,0.516498,1.661902
906,0.513327,1.049685
647,0.506769,1.329238
438,0.501682,0.613069
430,0.526583,1.549134
629,0.542469,0.960675
115,0.511157,1.477526
392,0.510900,1.539789
811,0.522300,1.809419
983,0.490992,0.552600
506,0.481266,0.456819
217,0.500204,0.795846
134,0.509186,0.921624
246,0.486411,0.995677
63,0.476859,0.567131
535,0.541303,1.212892
545,0.516418,0.638926
326,0.515978,0.638260
780,0.502367,3.014912
215,0.510590,1.859944
20,0.517995,1.481015
379,0.544126,1.488917
156,0.477676,1.033392
966,0.524330,0.872936
470,0.487884,1.818717
55,0.535462,0.449351
528,0.493122,0.446900
510,0.502207,0.909985
678,0.494660,0.628493
729,0.517659,0.915001
518,0.520204,2.101964
324,0.481749,0.567981
273,0.495796,0.684044
200,0.533615,0.952434
325,0.518495,1.418497
138,0.502600,0.747728
789,0.529382,1.143287
26,0.520434,1.308389
631,0.571606,2.639446
388,0.513829,0.849493
307,0.555075,1.147598
555,0.528542,1.016496
264,0.500049,0.685394
694,0.490890,1.169442
865,0.491451,1.056134
976,0.516323,0.903551
18,0.496135,0.476223
308,0.495341,1.366978
158,0.534914,2.786333
999,0.515470,1.508811
737,0.523981,1.154737
752,0.498147,1.499645
520,0.548215,1.404041
871,0.512944,1.309065
831,0.500663,0.434668
344,0.508323,1.338601
709,0.540861,1.227022
936,0.533910,1.370618
763,0.501719,1.696181
980,0.500377,1.183794
988,0.502717,2.122945
623,0.525135,1.125453
642,0.517945,0.970713
384,0.491005,0.831052
476,0.486567,0.977460
723,0.491244,2.002408
30,0.529278,0.728901
970,0.497869,0.786769
188,0.500606,1.459681
769,0.521626,0.780146
984,0.507237,1.381777
689,0.507861,1.495074
250,0.492189,0.212515
161,0.513214,1.528274
766,0.528878,1.272218
418,0.484664,0.516803
845,0.498895,0.832896
754,0.495139,0.786656
924,0.499787,0.996116
450,0.488776,1.612629
728,0.517928,1.412638
649,0.494662,0.984544
868,0.507795,0.872317
519,0.509362,0.616349
931,0.492094,1.156331
327,0.500214,1.299017
348,0.482276,0.350180
133,0.486682,0.299482
3,0.517375,1.065351
821,0.501649,1.237499
570,0.531396,2.192948
757,0.498416,0.722755
605,0.487486,0.255581
483,0.499586,1.661033
632,0.539103,1.195515
382,0.495137,1.169908
593,0.477496,0.599665
841,0.470544,0.289633
275,0.482054,0.461963
51,0.513692,2.536628
414,0.523001,2.149861
807,0.519492,2.698576
840,0.477022,1.253545
654,0.484833,1.008496
701,0.479923,0.901122
116,0.506977,1.179370
480,0.515795,1.498139
849,0.522637,1.393875
223,0.498906,1.651374
25,0.486874,0.647302
859,0.499913,0.745453
0,0.495973,1.490108
121,0.529619,1.074894
157,0.496076,0.579657
707,0.502624,1.350848
586,0.512758,0.747081
178,0.548844,1.123368
550,0.529539,1.591074
778,0.491158,1.343439
311,0.502719,1.568655
364,0.530901,2.483105
905,0.546272,1.563527
491,0.498363,0.636506
979,0.519089,0.857746
449,0.488456,1.162446
725,0.491818,1.200141
995,0.502777,0.964720
562,0.513521,0.676968
878,0.526702,1.728760
537,0.522247,2.074919
462,0.481819,1.055584
434,0.484694,0.447759
14,0.497400,0.994950
650,0.539704,1.343000
440,0.522454,0.245884
400,0.498239,1.257374
52,0.499958,0.882941
580,0.507034,1.000291
538,0.516619,0.904902
568,0.544179,1.879835
640,0.491338,0.952099
124,0.491153,0.619417
390,0.507737,1.483274
395,0.497440,1.096840
955,0.505182,0.823610
943,0.516146,1.728297
761,0.531570,1.586245
357,0.540805,2.327803
610,0.529792,1.248266
667,0.477264,0.306375
683,0.529219,1.296221
23,0.518254,1.511400
355,0.478622,0.931643
534,0.488665,2.348706
423,0.499995,1.180825
125,0.505146,0.884107
39,0.484325,0.222750
592,0.502169,1.516236
417,0.500221,0.878004
290,0.519316,1.616281
969,0.506803,0.469121
711,0.515049,0.954228
81,0.524122,1.031184
779,0.486752,1.724884
360,0.495476,0.447257
815,0.516041,0.788170
111,0.505828,0.593315
102,0.503307,0.458025
361,0.527842,3.035083
473,0.564874,1.351332
589,0.509498,0.769394
254,0.558573,1.183461
746,0.498224,0.600587
253,0.529887,1.625500
372,0.514148,0.777530
166,0.564476,2.120016
82,0.504187,0.995651
191,0.516018,1.275269
370,0.511716,0.658999
369,0.500657,1.326547
455,0.541479,1.256810
714,0.540494,1.268573
399,0.513647,1.273825
949,0.491431,0.490434
576,0.590940,2.068872
176,0.559562,1.233040
691,0.509398,1.056565
482,0.516893,0.819944
164,0.503143,0.488303
842,0.519311,1.577734
581,0.504705,0.792226
421,0.516594,1.789848
2,0.507374,1.769609
79,0.500932,1.295200
338,0.526826,1.370408
777,0.510035,0.904339
636,0.564707,1.285648
559,0.577795,1.610699
901,0.509211,0.657731
517,0.509569,1.738883
617,0.523124,0.922148
446,0.504667,0.542498
702,0.494013,0.819982
64,0.505574,0.930895
346,0.532100,2.083072
195,0.509321,1.055230
439,0.545180,0.793266
864,0.505778,1.961299
985,0.542683,1.600313
494,0.523424,1.098895
213,0.523513,0.395220
180,0.512117,1.388778
666,0.521312,0.602100
860,0.523626,0.426864
47,0.505964,1.418719
9,0.518819,0.934300
698,0.516133,0.890883
895,0.492458,0.997037
183,0.496308,2.188374
91,0.526144,0.636547
321,0.525549,1.855165
907,0.532883,0.762369
823,0.560147,0.502668
959,0.505246,0.507519
89,0.527636,0.415991
100,0.500656,1.572841
38,0.501141,0.434028
965,0.524002,0.998465
916,0.549358,1.579181
690,0.522832,1.519187
644,0.522537,0.609486
80,0.524893,1.174223
992,0.537715,1.030803
552,0.527585,2.829828
504,0.540137,1.663961
795,0.528256,2.354849
300,0.511838,0.360508
103,0.487488,0.459866
33,0.530128,1.317283
112,0.518023,0.538221
697,0.534538,0.717333
830,0.492229,0.379145
227,0.511909,0.889903
238,0.540214,1.480775
486,0.541489,1.474963
548,0.545167,1.976519
816,0.527505,1.106836
498,0.509823,1.560645
852,0.522371,0.739266
305,0.542363,1.574437
796,0.525770,2.167610
599,0.540619,1.738405
558,0.495749,2.178966
961,0.518590,0.858373
608,0.502417,0.777103
29,0.524643,0.895381
496,0.504265,1.078594
129,0.521756,1.039862
616,0.532750,1.900718
835,0.521039,2.458494
993,0.569014,3.026662
171,0.507522,0.701220
472,0.532162,1.399645
501,0.491832,0.801020
598,0.563788,2.214628
490,0.554720,1.922765
991,0.540355,1.538447
122,0.494252,0.464909
927,0.527563,1.326401
408,0.499218,1.574597
606,0.514560,0.779311
184,0.569704,2.721579
10,0.541462,0.506795
59,0.511913,1.067360
899,0.509647,1.495666
653,0.527141,1.766869
953,0.566195,1.780659
656,0.511276,1.106033
354,0.508947,1.145840
680,0.531330,0.943388
287,0.555126,1.385209
454,0.511827,0.910639
824,0.522547,2.069217
262,0.507216,0.698083
277,0.538907,1.320263
684,0.546177,0.875591
733,0.535509,1.260216
330,0.542513,1.703951
37,0.551256,1.989436
735,0.501316,0.978727
803,0.519174,0.222414
208,0.509969,1.142193
716,0.556067,1.739310
914,0.505658,0.831463
412,0.514626,1.317363
136,0.565652,2.079686
499,0.534051,1.021831
675,0.510020,0.679908
646,0.540785,0.975502
720,0.545425,1.207746
718,0.528691,1.335473
11,0.593165,2.294608
151,0.538261,0.972157
1,0.533567,0.831918
309,0.548653,1.185081
578,0.598218,3.571470
810,0.526506,0.591920
634,0.584575,1.737897
652,0.514090,0.791601
900,0.551558,0.655904
764,0.509743,1.099454
340,0.555350,1.272223
15,0.516786,2.181559
846,0.544970,1.731115
695,0.508314,1.609504
638,0.529520,0.881345
743,0.521141,0.625584
469,0.550681,0.955339
613,0.513177,0.798044
247,0.531326,0.730781
786,0.512499,0.846927
685,0.508021,1.204677
69,0.537555,0.734275
263,0.509536,1.266980
525,0.518464,1.323620
90,0.517072,1.205182
994,0.521993,1.282069
521,0.522991,1.530329
565,0.503723,0.525511
676,0.557968,1.083099
265,0.526821,1.171663
522,0.539510,1.906226
428,0.515280,0.693363
144,0.533541,1.742757
420,0.514853,1.569602
310,0.520128,0.946442
603,0.541173,1.124483
74,0.526395,1.033751
335,0.538356,1.053865
41,0.506963,0.818959
481,0.570553,3.173114
255,0.504121,0.507494
249,0.557172,1.656493
806,0.514815,1.038297
544,0.501945,1.094485
16,0.542838,2.396053
153,0.519907,0.892972
801,0.521308,1.831562
303,0.591940,2.220698
245,0.520262,1.137550
443,0.547474,1.787902
319,0.533790,0.689563
893,0.551710,1.353900
627,0.526296,1.280870
740,0.510672,1.363141
61,0.488023,0.712529
332,0.547918,1.297060
587,0.523501,0.949003
210,0.543012,1.019823
524,0.519505,1.110492
626,0.557301,1.228245
516,0.510108,0.552887
909,0.547473,0.986436
286,0.509741,0.665735
998,0.503832,1.535706
175,0.523409,0.669360
456,0.567685,1.410775
512,0.576807,1.374548
266,0.557539,0.844469
782,0.563828,3.320639
405,0.550621,0.974623
553,0.565870,0.923472
96,0.548338,1.060904
661,0.539583,0.945598
750,0.537441,0.937567
403,0.510649,0.931885
981,0.516951,0.780092
793,0.570339,1.983470
731,0.574447,1.779486
349,0.521719,1.377361
186,0.546241,0.787809
987,0.534963,0.857562
154,0.507828,1.714007
269,0.532379,1.645317
919,0.543630,2.102900
539,0.528007,0.624534
843,0.550374,1.259439
891,0.508855,0.745832
937,0.557414,1.691704
203,0.546025,1.286938
567,0.522945,0.352867
479,0.539645,2.120034
671,0.516146,1.247578
380,0.513978,0.792378
745,0.587907,3.028675
886,0.527389,0.964292
736,0.565869,2.011080
670,0.514119,0.491666
838,0.576495,1.525286
274,0.577028,2.140179
577,0.548621,2.215542
551,0.546231,1.726892
866,0.533217,0.991636
236,0.572444,2.308695
938,0.523718,0.469162
622,0.524083,0.432848
620,0.530129,1.137402
46,0.533065,0.868724
296,0.550617,1.813865
863,0.537135,1.192081
306,0.523590,0.361825
805,0.510285,0.561501
337,0.525989,0.844217
850,0.510205,0.390144
595,0.519371,0.601940
935,0.541750,0.893864
366,0.506083,0.381459
197,0.521199,1.364321
869,0.526510,2.054613
172,0.506398,1.189842
237,0.547851,0.535025
84,0.537310,1.120882
320,0.529574,1.841646
664,0.540596,1.996854
942,0.532215,0.604140
142,0.521807,1.495143
880,0.534502,0.922848
497,0.521842,1.591369
4,0.530217,0.741513
692,0.608451,1.196446
973,0.521372,1.444353
168,0.520858,0.709137
630,0.538240,0.574083
557,0.555809,2.092263
660,0.535084,0.495365
147,0.504529,0.799751
12,0.554084,2.061351
710,0.532023,0.884549
199,0.514678,0.997903
897,0.549564,1.609097
239,0.556487,1.675008
76,0.532331,1.065285
225,0.587885,1.810111
847,0.536683,2.073201
792,0.534667,0.687194
411,0.516595,0.300595
248,0.519070,0.934438
54,0.519136,0.490338
929,0.510668,0.369912
799,0.543501,0.908155
342,0.552155,1.121457
665,0.534773,0.567853
460,0.518771,1.114994
533,0.519606,0.468646
119,0.521797,1.484476
982,0.527496,2.109683
941,0.540957,0.920909
833,0.581094,1.877933
854,0.539614,0.854315
978,0.539832,4.183775
17,0.526385,0.756633
323,0.527352,1.092294
401,0.529815,2.154548
648,0.562338,1.592958
962,0.509701,0.488074
387,0.529582,1.194077
797,0.503500,0.492896
956,0.565667,0.689237
48,0.532790,1.864914
345,0.562987,1.798510
541,0.524588,0.939316
334,0.566829,0.833838
755,0.567268,0.751699
229,0.535276,1.625515
424,0.560222,0.982182
292,0.526930,1.544990
267,0.497206,0.700682
990,0.537638,1.475357
204,0.516208,0.744628
768,0.549513,1.433951
721,0.508889,0.839310
957,0.539358,1.303970
814,0.530743,1.552614
362,0.555887,1.805915
744,0.542382,1.046389
441,0.535349,0.772866
471,0.559940,1.718214
463,0.534407,1.073363
930,0.519431,2.446263
410,0.529711,0.541002
22,0.520717,0.819200
202,0.519356,1.060569
368,0.528519,0.614718
95,0.551583,1.386747
313,0.539820,0.852673
152,0.537841,1.552991
141,0.547179,0.915466
946,0.542139,0.829232
317,0.558278,1.036276
187,0.572605,1.877877
715,0.528952,1.080282
514,0.529088,0.933140
433,0.548545,0.576961
952,0.516597,1.688480
575,0.546814,1.263418
257,0.535660,1.358978
165,0.570044,1.474409
118,0.506523,0.142442
365,0.546691,1.635312
515,0.533563,0.655725
206,0.533037,0.927820
356,0.536240,1.515924
409,0.554458,2.141850
97,0.552343,1.242083
291,0.526615,1.970262
32,0.546127,0.815880
241,0.531180,0.824109
301,0.584732,0.906148
181,0.623463,2.659356
5,0.513160,0.307512
252,0.565811,1.179452
43,0.603946,1.118689
444,0.511759,1.801951
432,0.562388,1.965672
67,0.525672,0.758328
804,0.559989,1.631733
398,0.532768,0.668930
94,0.525104,0.768467
333,0.570717,2.542083
989,0.536386,1.044370
117,0.573494,1.068084
739,0.561309,1.350738
120,0.505919,1.786185
87,0.518283,0.631751
767,0.547444,1.641653
542,0.571874,1.208282
145,0.547361,1.412522
453,0.548912,1.474735
861,0.562376,2.545600
318,0.565784,1.280017
282,0.533011,1.446291
738,0.572614,1.948628
507,0.565186,3.038766
693,0.521199,0.854956
903,0.544524,1.279127
466,0.545749,2.084929
619,0.554649,0.667967
234,0.554797,1.076042
316,0.554789,0.907641
759,0.588839,3.260977
347,0.548906,1.551548
682,0.517199,0.793187
92,0.512785,0.477006
645,0.548484,0.444094
997,0.541691,0.488746
975,0.561142,2.104278
794,0.547253,1.844825
170,0.570013,1.053042
503,0.534719,0.669026
639,0.547998,1.072289
870,0.537244,1.319344
198,0.576321,2.359091
383,0.543143,1.338859
83,0.531838,0.816391
285,0.555670,1.543025
783,0.621249,3.119225
487,0.510515,1.803556
13,0.570875,1.267681
62,0.532525,1.092267
526,0.574091,1.454445
139,0.564708,1.129956
288,0.537027,0.762438
209,0.549766,1.449152
189,0.545242,0.470522
621,0.603594,1.471523
98,0.517530,0.717727
536,0.567191,1.303125
228,0.540357,1.698929
329,0.550127,2.197680
883,0.561094,0.718151
963,0.589699,2.815638
73,0.557017,1.744527
939,0.520282,0.776955
193,0.558770,1.672292
549,0.537061,0.440538
70,0.557809,1.151382
785,0.523742,0.538785
464,0.571935,0.988190
19,0.555845,0.525206
467,0.569138,1.369398
855,0.544814,1.752720
240,0.573678,1.760441
662,0.563945,1.279194
58,0.548560,0.816159
798,0.545147,0.684761
879,0.530863,1.163172
261,0.522964,0.794462
351,0.587351,1.248061
270,0.567138,2.449049
185,0.531762,1.154884
42,0.537701,0.547743
419,0.556324,0.595958
394,0.534082,1.507166
872,0.576130,0.780789
452,0.558533,0.439917
322,0.542759,1.293015
363,0.556710,0.519580
834,0.548655,1.506021
781,0.555321,1.024629
108,0.576295,1.424837
271,0.517873,2.484291
396,0.524232,1.755566
657,0.513344,0.848523
590,0.527335,0.989166
93,0.577530,1.387870
875,0.537109,0.821547
996,0.589259,1.268988
371,0.569674,2.468548
221,0.555322,0.577549
876,0.599271,1.405201
802,0.557414,0.874213
231,0.584214,2.313610
457,0.558448,1.658275
658,0.577249,1.184139
381,0.546898,0.709283
219,0.558207,1.516698
827,0.551412,2.060286
242,0.570409,1.271435
211,0.538431,0.310043
669,0.540824,1.297817
602,0.576606,1.061894
493,0.560523,1.546962
207,0.574916,1.036507
719,0.544040,1.300948
703,0.571688,0.515955
352,0.565240,1.722693
971,0.606917,1.385199
651,0.606876,1.026312
614,0.582097,1.973351
222,0.582627,1.322558
726,0.563381,0.598589
407,0.593337,1.120502
422,0.566524,1.053770
809,0.573588,1.431545
167,0.575634,1.575826
611,0.559917,1.014072
911,0.591565,1.169901
101,0.569946,0.896516
280,0.620832,1.241687
756,0.569830,0.867422
495,0.598320,1.836000
114,0.609891,1.707157
488,0.604902,1.061905
140,0.609951,2.004492
194,0.619113,1.041853
Average Cost: 7.552000
Accuracy: 95.800000
Accuracy 0: 100.000000
Cost 0: 5.000000
Accuracy 1: 100.000000
Cost 1: 5.000000
Accuracy 2: 100.000000
Cost 2: 5.000000
Accuracy 3: 100.000000
Cost 3: 5.000000
Accuracy 4: 100.000000
Cost 4: 5.000000
Accuracy 5: 100.000000
Cost 5: 5.000000
Accuracy 6: 100.000000
Cost 6: 5.000000
Accuracy 7: 100.000000
Cost 7: 5.000000
Accuracy 8: 100.000000
Cost 8: 5.000000
Accuracy 9: 100.000000
Cost 9: 5.000000
