0,0.678415166555
1,0.372931882343
2,0.827452844141
3,0.458067460447
4,0.0124957449919
5,0.680219581395
6,0.944454431578
7,0.453570601288
8,0.901149088608
9,0.605777157655
10,0.748781677692
11,0.335722976526
12,0.636487913109
13,0.463175248928
14,0.991210906409
15,0.768678182516
16,0.789849852524
17,0.300076779709
18,0.37178941909
19,0.42436480412
20,0.571699521052
21,0.95042845062
22,0.993750012049
23,0.163232102423
24,0.682140438852
25,0.974223965777
26,0.571836240468
27,0.315118110495
28,0.401726966469
29,0.136627146726
30,0.842670678238
31,0.703915278407
32,0.0203998725979
33,0.845266773532
34,0.397947694924
35,0.453645338952
36,0.868336254817
37,0.110716740988
38,0.561057525808
39,0.685921202076
40,0.276914464158
41,0.731150522234
42,0.881086331541
43,0.61333425264
44,0.535387793865
45,0.593432058991
46,0.410436969177
47,0.897262898255
48,0.356962018609
49,0.0185149004769
50,0.569833685449
51,0.458321025458
52,0.172300329158
53,0.331667654799
54,0.238077461886
55,0.0892723881472
56,0.701039571667
57,0.971598152445
58,0.148312702643
59,0.599035446115
60,0.942000312482
61,0.56534064722
62,0.847845186865
63,0.143734075809
64,0.0210434304667
65,0.368460101228
66,0.137506858604
67,0.569553296838
68,0.750872003373
69,0.247334053158
70,0.681486443802
71,0.460496633091
72,0.983188818654
73,0.106377626765
74,0.283804802
75,0.0490161337729
76,0.416593947635
77,0.318294133681
78,0.286411871883
79,0.156165147273
80,0.872578228708
81,0.244142158094
82,0.757073618249
83,0.61583352251
84,0.201914857931
85,0.955040339652
86,0.0516924932884
87,0.0468273390274
88,0.866140900332
89,0.0146716546756
90,0.29925001513
91,0.209313009321
92,0.816412835673
93,0.266497606708
94,0.0578612948585
95,0.762635327272
96,0.14511320962
97,0.501520136756
98,0.678931244356
99,0.738024475239