ProblemNo,Answer,TrueAnswer,Cost,Difficulty
0,0,0,3.000000,0.000000
1,0,0,3.000000,0.000000
2,1,1,7.000000,1.000000
3,1,1,4.000000,0.600000
4,0,0,4.000000,0.600000
5,0,0,3.000000,0.000000
6,0,0,3.000000,0.000000
7,1,1,3.000000,0.000000
8,0,1,4.000000,0.600000
9,1,1,3.000000,0.000000
10,1,1,3.000000,0.000000
11,0,0,3.000000,0.000000
12,0,0,3.000000,0.000000
13,0,0,4.000000,0.600000
14,0,0,3.000000,0.000000
15,1,1,3.000000,0.000000
16,1,1,3.000000,0.000000
17,0,0,3.000000,0.000000
18,1,1,3.000000,0.000000
19,0,0,3.000000,0.000000
20,1,1,3.000000,0.000000
21,1,1,3.000000,0.000000
22,1,1,3.000000,0.000000
23,0,0,4.000000,0.600000
24,1,1,3.000000,0.000000
25,1,1,4.000000,0.900000
26,1,1,3.000000,0.000000
27,0,0,3.000000,0.000000
28,1,1,4.000000,0.600000
29,1,0,4.000000,0.600000
30,1,1,4.000000,0.600000
31,1,1,3.000000,0.000000
32,0,0,3.000000,0.000000
33,1,1,3.000000,0.000000
34,1,1,3.000000,0.000000
35,1,1,3.000000,0.000000
36,1,1,6.000000,0.900000
37,1,1,6.000000,1.000000
38,0,0,3.000000,0.000000
39,1,1,3.000000,0.000000
40,1,1,3.000000,0.000000
41,0,0,3.000000,0.000000
42,0,0,3.000000,0.000000
43,1,1,3.000000,0.000000
44,1,1,3.000000,0.000000
45,1,1,3.000000,0.000000
46,0,0,3.000000,0.000000
47,1,1,3.000000,0.000000
48,0,0,3.000000,0.000000
49,0,0,3.000000,0.000000
50,0,0,4.000000,0.600000
51,0,0,3.000000,0.000000
52,1,0,4.000000,0.600000
53,1,0,4.000000,0.600000
54,0,0,3.000000,0.000000
55,0,0,3.000000,0.000000
56,0,0,3.000000,0.000000
57,1,1,3.000000,0.000000
58,0,0,8.000000,0.900000
59,0,0,3.000000,0.000000
60,1,1,3.000000,0.000000
61,1,0,4.000000,0.600000
62,1,1,4.000000,0.600000
63,0,0,3.000000,0.000000
64,0,0,3.000000,0.000000
65,1,1,3.000000,0.000000
66,1,1,3.000000,0.000000
67,0,0,3.000000,0.000000
68,0,0,3.000000,0.000000
69,1,1,3.000000,0.000000
70,0,0,3.000000,0.000000
71,0,0,3.000000,0.000000
72,1,1,3.000000,0.000000
73,1,1,3.000000,0.000000
74,0,0,3.000000,0.000000
75,1,1,3.000000,0.000000
76,0,0,3.000000,0.000000
77,0,1,5.000000,0.800000
78,0,0,4.000000,0.700000
79,0,0,3.000000,0.000000
80,1,1,5.000000,0.900000
81,1,1,6.000000,0.900000
82,1,1,4.000000,0.700000
83,0,0,4.000000,0.600000
84,1,1,3.000000,0.000000
85,0,0,3.000000,0.000000
86,1,1,3.000000,0.000000
87,0,0,3.000000,0.000000
88,0,0,3.000000,0.000000
89,1,1,3.000000,0.000000
90,1,1,3.000000,0.000000
91,0,0,3.000000,0.000000
92,1,0,5.000000,0.900000
93,0,0,8.000000,0.900000
94,1,1,3.000000,0.000000
95,1,1,3.000000,0.000000
96,1,1,3.000000,0.000000
97,1,1,4.000000,0.900000
98,0,0,4.000000,0.600000
99,1,1,3.000000,0.000000
100,1,1,3.000000,0.000000
101,1,1,3.000000,0.000000
102,1,1,3.000000,0.000000
103,0,0,6.000000,1.000000
104,1,1,3.000000,0.000000
105,0,0,4.000000,0.600000
106,0,0,3.000000,0.000000
107,1,1,3.000000,0.000000
108,1,1,3.000000,0.000000
109,1,1,3.000000,0.000000
110,0,0,4.000000,0.600000
111,0,0,3.000000,0.000000
112,1,1,3.000000,0.000000
113,0,0,3.000000,0.000000
114,1,1,3.000000,0.000000
115,1,1,4.000000,0.600000
116,0,0,3.000000,0.000000
117,0,0,6.000000,0.900000
118,0,0,3.000000,0.000000
119,1,1,3.000000,0.000000
120,0,0,3.000000,0.000000
121,1,1,3.000000,0.000000
122,0,0,3.000000,0.000000
123,0,0,4.000000,0.900000
124,1,1,3.000000,0.000000
125,1,1,3.000000,0.000000
126,1,0,3.000000,0.000000
127,0,0,4.000000,0.600000
128,0,0,3.000000,0.000000
129,1,1,3.000000,0.000000
130,0,0,3.000000,0.000000
131,1,1,3.000000,0.000000
132,1,1,4.000000,0.600000
133,1,1,3.000000,0.000000
134,1,1,3.000000,0.000000
135,1,1,3.000000,0.000000
136,0,0,4.000000,0.600000
137,0,0,3.000000,0.000000
138,0,0,3.000000,0.000000
139,1,1,3.000000,0.000000
140,0,1,3.000000,0.000000
141,1,1,3.000000,0.000000
142,0,0,3.000000,0.000000
143,1,1,3.000000,0.000000
144,1,1,3.000000,0.000000
145,1,1,4.000000,0.600000
146,1,1,5.000000,0.900000
147,1,1,4.000000,0.600000
148,0,0,3.000000,0.000000
149,1,1,3.000000,0.000000
WorkerID,Gamma
24,0.491449
27,0.368933
20,0.508695
21,0.699209
22,0.470621
23,0.562964
28,0.504434
29,0.494215
1,0.452446
0,0.518249
3,0.613118
2,0.390929
5,0.385351
4,0.411183
7,0.437925
6,0.411626
9,0.319830
8,0.491186
11,0.370000
10,0.365778
13,0.488686
12,0.731757
15,0.708707
14,0.505424
17,0.517758
16,0.605780
19,0.525631
18,0.451667
31,0.477806
30,0.470853
33,0.531151
32,0.364592
Average Cost: 3.433333
Accuracy: 94.000000
