ProblemNo,Answer,TrueAnswer,Cost,Difficulty
0,0,0,3.000000,0.000000
1,0,0,3.000000,0.000000
2,1,1,3.000000,0.000000
3,0,1,4.000000,0.900000
4,0,0,4.000000,0.900000
5,0,0,3.000000,0.000000
6,0,0,3.000000,0.000000
7,1,1,3.000000,0.000000
8,0,1,3.000000,0.000000
9,1,1,4.000000,0.600000
10,1,1,3.000000,0.000000
11,0,0,4.000000,0.600000
12,0,0,3.000000,0.000000
13,0,0,4.000000,0.600000
14,0,0,3.000000,0.000000
15,1,1,3.000000,0.000000
16,1,1,3.000000,0.000000
17,0,0,3.000000,0.000000
18,1,1,3.000000,0.000000
19,0,0,4.000000,0.900000
20,1,1,3.000000,0.000000
21,1,1,3.000000,0.000000
22,1,1,3.000000,0.000000
23,0,0,3.000000,0.000000
24,1,1,3.000000,0.000000
25,1,1,4.000000,0.600000
26,1,1,3.000000,0.000000
27,0,0,3.000000,0.000000
28,1,1,3.000000,0.000000
29,1,0,3.000000,0.000000
30,1,1,3.000000,0.000000
31,1,1,3.000000,0.000000
32,0,0,4.000000,0.900000
33,1,1,3.000000,0.000000
34,1,1,3.000000,0.000000
35,1,1,4.000000,0.600000
36,1,1,3.000000,0.000000
37,1,1,4.000000,0.900000
38,0,0,3.000000,0.000000
39,1,1,4.000000,0.600000
40,1,1,3.000000,0.000000
41,0,0,3.000000,0.000000
42,0,0,3.000000,0.000000
43,1,1,3.000000,0.000000
44,1,1,3.000000,0.000000
45,1,1,3.000000,0.000000
46,0,0,3.000000,0.000000
47,1,1,3.000000,0.000000
48,0,0,3.000000,0.000000
49,0,0,3.000000,0.000000
50,0,0,4.000000,0.900000
51,0,0,3.000000,0.000000
52,1,0,4.000000,0.900000
53,0,0,4.000000,0.600000
54,0,0,3.000000,0.000000
55,0,0,3.000000,0.000000
56,0,0,3.000000,0.000000
57,1,1,4.000000,0.600000
58,0,0,4.000000,0.900000
59,0,0,3.000000,0.000000
60,1,1,4.000000,0.600000
61,1,0,4.000000,0.600000
62,1,1,4.000000,0.600000
63,0,0,4.000000,0.600000
64,0,0,3.000000,0.000000
65,1,1,3.000000,0.000000
66,1,1,6.000000,0.900000
67,0,0,3.000000,0.000000
68,0,0,4.000000,0.900000
69,1,1,3.000000,0.000000
70,0,0,4.000000,0.600000
71,0,0,3.000000,0.000000
72,1,1,4.000000,0.700000
73,1,1,3.000000,0.000000
74,0,0,3.000000,0.000000
75,1,1,3.000000,0.000000
76,0,0,3.000000,0.000000
77,1,1,4.000000,0.600000
78,0,0,4.000000,0.900000
79,0,0,3.000000,0.000000
80,1,1,4.000000,0.900000
81,1,1,4.000000,0.600000
82,1,1,3.000000,0.000000
83,0,0,4.000000,0.700000
84,1,1,3.000000,0.000000
85,0,0,3.000000,0.000000
86,1,1,3.000000,0.000000
87,0,0,3.000000,0.000000
88,0,0,3.000000,0.000000
89,1,1,3.000000,0.000000
90,1,1,3.000000,0.000000
91,0,0,3.000000,0.000000
92,1,0,3.000000,0.000000
93,0,0,4.000000,0.600000
94,1,1,3.000000,0.000000
95,0,1,3.000000,0.000000
96,1,1,3.000000,0.000000
97,1,1,4.000000,0.600000
98,0,0,3.000000,0.000000
99,1,1,3.000000,0.000000
100,1,1,4.000000,0.600000
101,1,1,4.000000,0.600000
102,1,1,3.000000,0.000000
103,0,0,4.000000,0.600000
104,1,1,3.000000,0.000000
105,0,0,3.000000,0.000000
106,0,0,3.000000,0.000000
107,1,1,3.000000,0.000000
108,1,1,3.000000,0.000000
109,1,1,4.000000,0.700000
110,1,0,6.000000,0.900000
111,0,0,6.000000,0.800000
112,1,1,3.000000,0.000000
113,0,0,3.000000,0.000000
114,1,1,3.000000,0.000000
115,1,1,3.000000,0.000000
116,0,0,4.000000,0.600000
117,0,0,3.000000,0.000000
118,0,0,3.000000,0.000000
119,1,1,4.000000,0.700000
120,0,0,3.000000,0.000000
121,1,1,3.000000,0.000000
122,0,0,3.000000,0.000000
123,1,0,4.000000,0.900000
124,1,1,4.000000,0.600000
125,1,1,3.000000,0.000000
126,0,0,5.000000,0.800000
127,1,0,4.000000,0.900000
128,0,0,3.000000,0.000000
129,1,1,4.000000,0.700000
130,0,0,4.000000,0.600000
131,1,1,3.000000,0.000000
132,1,1,4.000000,0.600000
133,1,1,3.000000,0.000000
134,1,1,4.000000,0.600000
135,1,1,3.000000,0.000000
136,0,0,4.000000,0.600000
137,0,0,3.000000,0.000000
138,0,0,3.000000,0.000000
139,1,1,3.000000,0.000000
140,1,1,4.000000,0.600000
141,1,1,3.000000,0.000000
142,0,0,4.000000,0.700000
143,1,1,3.000000,0.000000
144,1,1,3.000000,0.000000
145,1,1,3.000000,0.000000
146,1,1,3.000000,0.000000
147,0,1,5.000000,0.900000
148,0,0,3.000000,0.000000
149,1,1,3.000000,0.000000
WorkerID,Gamma
24,0.383051
25,0.471315
26,0.662134
27,0.272614
20,0.724302
21,0.407737
22,0.540918
23,0.462544
28,0.703395
29,0.862411
1,0.318999
0,0.432699
3,0.684886
2,0.262825
5,0.619370
4,0.255337
7,0.308192
6,0.210558
9,0.422072
8,0.079424
11,0.412268
10,0.516208
13,0.772731
12,0.702677
15,0.478450
14,0.717012
17,0.419133
16,0.409980
19,0.927368
18,0.649466
31,0.747312
30,0.370461
34,0.471350
33,1.052341
32,0.416756
Average Cost: 3.393333
Accuracy: 92.666667
