ProblemNo,Answer,TrueAnswer,Cost,Difficulty
0,0,0,3.000000,0.000000
1,0,0,3.000000,0.000000
2,1,1,4.000000,0.700000
3,1,1,5.000000,0.900000
4,0,0,4.000000,0.900000
5,0,0,3.000000,0.000000
6,0,0,3.000000,0.000000
7,1,1,3.000000,0.000000
8,1,1,4.000000,0.600000
9,1,1,3.000000,0.000000
10,1,1,3.000000,0.000000
11,0,0,3.000000,0.000000
12,0,0,3.000000,0.000000
13,0,0,5.000000,0.800000
14,0,0,3.000000,0.000000
15,1,1,3.000000,0.000000
16,1,1,3.000000,0.000000
17,0,0,3.000000,0.000000
18,1,1,3.000000,0.000000
19,0,0,3.000000,0.000000
20,1,1,3.000000,0.000000
21,1,1,3.000000,0.000000
22,1,1,3.000000,0.000000
23,0,0,3.000000,0.000000
24,1,1,4.000000,0.600000
25,1,1,4.000000,0.600000
26,1,1,3.000000,0.000000
27,0,0,4.000000,0.600000
28,1,1,3.000000,0.000000
29,1,0,3.000000,0.000000
30,1,1,3.000000,0.000000
31,1,1,3.000000,0.000000
32,0,0,4.000000,0.900000
33,1,1,3.000000,0.000000
34,1,1,3.000000,0.000000
35,1,1,3.000000,0.000000
36,1,1,4.000000,0.600000
37,0,1,3.000000,0.000000
38,0,0,3.000000,0.000000
39,1,1,3.000000,0.000000
40,1,1,3.000000,0.000000
41,0,0,3.000000,0.000000
42,0,0,3.000000,0.000000
43,0,1,5.000000,0.800000
44,1,1,4.000000,0.600000
45,1,1,3.000000,0.000000
46,0,0,3.000000,0.000000
47,1,1,3.000000,0.000000
48,0,0,3.000000,0.000000
49,0,0,3.000000,0.000000
50,0,0,4.000000,0.600000
51,0,0,3.000000,0.000000
52,0,0,3.000000,0.000000
53,0,0,3.000000,0.000000
54,0,0,3.000000,0.000000
55,0,0,3.000000,0.000000
56,0,0,3.000000,0.000000
57,1,1,4.000000,0.600000
58,0,0,4.000000,0.600000
59,0,0,4.000000,0.600000
60,1,1,4.000000,0.600000
61,1,0,3.000000,0.000000
62,1,1,4.000000,0.600000
63,0,0,3.000000,0.000000
64,0,0,4.000000,0.600000
65,1,1,3.000000,0.000000
66,1,1,4.000000,0.600000
67,0,0,3.000000,0.000000
68,0,0,3.000000,0.000000
69,1,1,3.000000,0.000000
70,0,0,4.000000,0.600000
71,0,0,3.000000,0.000000
72,1,1,3.000000,0.000000
73,1,1,3.000000,0.000000
74,0,0,4.000000,0.600000
75,1,1,3.000000,0.000000
76,0,0,3.000000,0.000000
77,1,1,4.000000,0.600000
78,0,0,3.000000,0.000000
79,0,0,3.000000,0.000000
80,1,1,4.000000,0.600000
81,1,1,7.000000,1.000000
82,1,1,3.000000,0.000000
83,0,0,3.000000,0.000000
84,1,1,3.000000,0.000000
85,0,0,3.000000,0.000000
86,1,1,3.000000,0.000000
87,0,0,4.000000,0.600000
88,0,0,3.000000,0.000000
89,1,1,3.000000,0.000000
90,1,1,3.000000,0.000000
91,0,0,3.000000,0.000000
92,1,0,4.000000,0.600000
93,1,0,6.000000,1.000000
94,1,1,3.000000,0.000000
95,1,1,4.000000,0.600000
96,1,1,3.000000,0.000000
97,1,1,4.000000,0.600000
98,0,0,3.000000,0.000000
99,1,1,3.000000,0.000000
100,1,1,4.000000,0.600000
101,1,1,3.000000,0.000000
102,1,1,3.000000,0.000000
103,0,0,3.000000,0.000000
104,1,1,3.000000,0.000000
105,1,0,4.000000,0.600000
106,0,0,3.000000,0.000000
107,1,1,3.000000,0.000000
108,1,1,3.000000,0.000000
109,1,1,4.000000,0.600000
110,0,0,3.000000,0.000000
111,0,0,3.000000,0.000000
112,1,1,3.000000,0.000000
113,0,0,3.000000,0.000000
114,1,1,3.000000,0.000000
115,1,1,3.000000,0.000000
116,0,0,3.000000,0.000000
117,1,0,3.000000,0.000000
118,0,0,3.000000,0.000000
119,1,1,3.000000,0.000000
120,0,0,3.000000,0.000000
121,1,1,3.000000,0.000000
122,0,0,3.000000,0.000000
123,0,0,3.000000,0.000000
124,1,1,4.000000,0.600000
125,1,1,3.000000,0.000000
126,1,0,7.000000,0.800000
127,0,0,3.000000,0.000000
128,0,0,3.000000,0.000000
129,1,1,3.000000,0.000000
130,0,0,4.000000,0.600000
131,1,1,3.000000,0.000000
132,1,1,6.000000,0.900000
133,1,1,5.000000,0.900000
134,1,1,3.000000,0.000000
135,1,1,3.000000,0.000000
136,1,0,5.000000,0.800000
137,0,0,3.000000,0.000000
138,0,0,3.000000,0.000000
139,1,1,3.000000,0.000000
140,0,1,6.000000,0.900000
141,1,1,4.000000,0.600000
142,0,0,3.000000,0.000000
143,1,1,3.000000,0.000000
144,1,1,3.000000,0.000000
145,1,1,4.000000,0.600000
146,1,1,7.000000,0.800000
147,1,1,5.000000,0.900000
148,0,0,3.000000,0.000000
149,1,1,3.000000,0.000000
WorkerID,Gamma
24,0.373324
26,0.508034
27,0.602577
20,0.543689
21,0.519856
22,0.463939
23,0.482176
28,0.730502
29,0.564254
1,0.293254
0,0.575239
3,0.573919
2,0.440398
5,0.410832
4,0.397414
7,0.221533
6,0.527315
9,0.281586
8,0.166350
11,0.315989
10,0.472119
13,0.682890
12,0.257936
15,0.485121
14,0.375567
17,0.504398
16,0.555129
19,0.613089
32,0.427428
31,0.473432
30,0.429642
34,0.412187
33,0.706622
18,0.471739
Average Cost: 3.433333
Accuracy: 92.666667
