Number of Worker Pools: 1
Number of Workers in Pool 1: 1000
Original mean,standardDev for Pool 1: 4.000000,0.300000
Number of Workers in Pool 2: 1000
Original mean,standardDev for Pool 2: 3.500000,0.200000
Number of Problems: 1000
ProblemNo,Answer,TrueAnswer,Cost,Difficulty,TrueDifficulty
0,1,1,1.000000,0.000000,0.500000
1,1,1,1.000000,0.000000,0.500000
2,1,1,1.000000,0.000000,0.500000
3,1,1,1.000000,0.000000,0.500000
4,0,1,1.000000,0.000000,0.500000
5,1,1,1.000000,0.000000,0.500000
6,1,1,1.000000,0.000000,0.500000
7,1,1,1.000000,0.000000,0.500000
8,1,1,1.000000,0.000000,0.500000
9,1,1,1.000000,0.000000,0.500000
10,1,1,1.000000,0.000000,0.500000
11,0,1,1.000000,0.000000,0.500000
12,1,1,1.000000,0.000000,0.500000
13,1,1,1.000000,0.000000,0.500000
14,1,1,1.000000,0.000000,0.500000
15,1,1,1.000000,0.000000,0.500000
16,1,1,1.000000,0.000000,0.500000
17,0,1,1.000000,0.000000,0.500000
18,0,1,1.000000,0.000000,0.500000
19,1,1,1.000000,0.000000,0.500000
20,0,1,1.000000,0.000000,0.500000
21,1,1,1.000000,0.000000,0.500000
22,0,1,1.000000,0.000000,0.500000
23,1,1,1.000000,0.000000,0.500000
24,1,1,1.000000,0.000000,0.500000
25,1,1,1.000000,0.000000,0.500000
26,1,1,1.000000,0.000000,0.500000
27,1,1,1.000000,0.000000,0.500000
28,1,1,1.000000,0.000000,0.500000
29,1,1,1.000000,0.000000,0.500000
30,1,1,1.000000,0.000000,0.500000
31,1,1,1.000000,0.000000,0.500000
32,1,1,1.000000,0.000000,0.500000
33,1,1,1.000000,0.000000,0.500000
34,1,1,1.000000,0.000000,0.500000
35,1,1,1.000000,0.000000,0.500000
36,1,1,1.000000,0.000000,0.500000
37,1,1,1.000000,0.000000,0.500000
38,1,1,1.000000,0.000000,0.500000
39,1,1,1.000000,0.000000,0.500000
40,0,1,1.000000,0.000000,0.500000
41,1,1,1.000000,0.000000,0.500000
42,1,1,1.000000,0.000000,0.500000
43,1,1,1.000000,0.000000,0.500000
44,1,1,1.000000,0.000000,0.500000
45,1,1,1.000000,0.000000,0.500000
46,1,1,1.000000,0.000000,0.500000
47,0,0,1.000000,0.000000,0.500000
48,0,1,1.000000,0.000000,0.500000
49,1,1,1.000000,0.000000,0.500000
50,1,1,1.000000,0.000000,0.500000
51,1,1,1.000000,0.000000,0.500000
52,0,1,1.000000,0.000000,0.500000
53,0,1,1.000000,0.000000,0.500000
54,1,1,1.000000,0.000000,0.500000
55,1,1,1.000000,0.000000,0.500000
56,1,1,1.000000,0.000000,0.500000
57,0,1,1.000000,0.000000,0.500000
58,1,1,1.000000,0.000000,0.500000
59,0,1,1.000000,0.000000,0.500000
60,0,1,1.000000,0.000000,0.500000
61,1,1,1.000000,0.000000,0.500000
62,1,1,1.000000,0.000000,0.500000
63,0,1,1.000000,0.000000,0.500000
64,0,1,1.000000,0.000000,0.500000
65,1,1,1.000000,0.000000,0.500000
66,1,1,1.000000,0.000000,0.500000
67,0,1,1.000000,0.000000,0.500000
68,0,1,1.000000,0.000000,0.500000
69,1,1,1.000000,0.000000,0.500000
70,1,1,1.000000,0.000000,0.500000
71,1,1,1.000000,0.000000,0.500000
72,1,1,1.000000,0.000000,0.500000
73,1,1,1.000000,0.000000,0.500000
74,1,1,1.000000,0.000000,0.500000
75,1,1,1.000000,0.000000,0.500000
76,1,1,1.000000,0.000000,0.500000
77,1,1,1.000000,0.000000,0.500000
78,1,1,1.000000,0.000000,0.500000
79,0,1,1.000000,0.000000,0.500000
80,1,1,1.000000,0.000000,0.500000
81,1,1,1.000000,0.000000,0.500000
82,0,1,1.000000,0.000000,0.500000
83,1,1,1.000000,0.000000,0.500000
84,1,1,1.000000,0.000000,0.500000
85,0,1,1.000000,0.000000,0.500000
86,1,1,1.000000,0.000000,0.500000
87,1,1,1.000000,0.000000,0.500000
88,1,1,1.000000,0.000000,0.500000
89,1,1,1.000000,0.000000,0.500000
90,1,1,1.000000,0.000000,0.500000
91,1,1,1.000000,0.000000,0.500000
92,0,1,1.000000,0.000000,0.500000
93,1,1,1.000000,0.000000,0.500000
94,0,1,1.000000,0.000000,0.500000
95,1,1,1.000000,0.000000,0.500000
96,1,1,1.000000,0.000000,0.500000
97,1,1,1.000000,0.000000,0.500000
98,1,1,1.000000,0.000000,0.500000
99,1,1,1.000000,0.000000,0.500000
100,1,1,1.000000,0.000000,0.500000
101,1,1,1.000000,0.000000,0.500000
102,0,1,1.000000,0.000000,0.500000
103,1,1,1.000000,0.000000,0.500000
104,1,1,1.000000,0.000000,0.500000
105,1,1,1.000000,0.000000,0.500000
106,1,1,1.000000,0.000000,0.500000
107,1,1,1.000000,0.000000,0.500000
108,0,1,1.000000,0.000000,0.500000
109,1,1,1.000000,0.000000,0.500000
110,0,1,1.000000,0.000000,0.500000
111,0,1,1.000000,0.000000,0.500000
112,1,1,1.000000,0.000000,0.500000
113,0,1,1.000000,0.000000,0.500000
114,1,1,1.000000,0.000000,0.500000
115,1,1,1.000000,0.000000,0.500000
116,0,1,1.000000,0.000000,0.500000
117,0,1,1.000000,0.000000,0.500000
118,0,1,1.000000,0.000000,0.500000
119,1,1,1.000000,0.000000,0.500000
120,0,1,1.000000,0.000000,0.500000
121,1,1,1.000000,0.000000,0.500000
122,1,1,1.000000,0.000000,0.500000
123,0,1,1.000000,0.000000,0.500000
124,0,1,1.000000,0.000000,0.500000
125,1,1,1.000000,0.000000,0.500000
126,1,1,1.000000,0.000000,0.500000
127,0,1,1.000000,0.000000,0.500000
128,1,1,1.000000,0.000000,0.500000
129,1,1,1.000000,0.000000,0.500000
130,1,1,1.000000,0.000000,0.500000
131,1,1,1.000000,0.000000,0.500000
132,1,1,1.000000,0.000000,0.500000
133,1,1,1.000000,0.000000,0.500000
134,1,1,1.000000,0.000000,0.500000
135,1,1,1.000000,0.000000,0.500000
136,1,1,1.000000,0.000000,0.500000
137,1,1,1.000000,0.000000,0.500000
138,1,1,1.000000,0.000000,0.500000
139,1,1,1.000000,0.000000,0.500000
140,1,1,1.000000,0.000000,0.500000
141,0,0,1.000000,0.000000,0.500000
142,1,1,1.000000,0.000000,0.500000
143,1,1,1.000000,0.000000,0.500000
144,0,1,1.000000,0.000000,0.500000
145,1,1,1.000000,0.000000,0.500000
146,0,1,1.000000,0.000000,0.500000
147,1,1,1.000000,0.000000,0.500000
148,1,1,1.000000,0.000000,0.500000
149,1,1,1.000000,0.000000,0.500000
150,1,1,1.000000,0.000000,0.500000
151,1,1,1.000000,0.000000,0.500000
152,0,1,1.000000,0.000000,0.500000
153,0,1,1.000000,0.000000,0.500000
154,1,1,1.000000,0.000000,0.500000
155,1,1,1.000000,0.000000,0.500000
156,1,1,1.000000,0.000000,0.500000
157,1,1,1.000000,0.000000,0.500000
158,0,1,1.000000,0.000000,0.500000
159,1,1,1.000000,0.000000,0.500000
160,0,1,1.000000,0.000000,0.500000
161,0,1,1.000000,0.000000,0.500000
162,0,1,1.000000,0.000000,0.500000
163,1,1,1.000000,0.000000,0.500000
164,1,1,1.000000,0.000000,0.500000
165,1,1,1.000000,0.000000,0.500000
166,0,1,1.000000,0.000000,0.500000
167,1,1,1.000000,0.000000,0.500000
168,1,0,1.000000,0.000000,0.500000
169,1,1,1.000000,0.000000,0.500000
170,1,1,1.000000,0.000000,0.500000
171,1,1,1.000000,0.000000,0.500000
172,1,1,1.000000,0.000000,0.500000
173,1,1,1.000000,0.000000,0.500000
174,1,1,1.000000,0.000000,0.500000
175,0,1,1.000000,0.000000,0.500000
176,1,1,1.000000,0.000000,0.500000
177,1,1,1.000000,0.000000,0.500000
178,1,1,1.000000,0.000000,0.500000
179,1,1,1.000000,0.000000,0.500000
180,1,1,1.000000,0.000000,0.500000
181,1,1,1.000000,0.000000,0.500000
182,1,1,1.000000,0.000000,0.500000
183,1,1,1.000000,0.000000,0.500000
184,1,1,1.000000,0.000000,0.500000
185,0,1,1.000000,0.000000,0.500000
186,0,1,1.000000,0.000000,0.500000
187,1,1,1.000000,0.000000,0.500000
188,1,1,1.000000,0.000000,0.500000
189,0,1,1.000000,0.000000,0.500000
190,0,1,1.000000,0.000000,0.500000
191,1,1,1.000000,0.000000,0.500000
192,0,1,1.000000,0.000000,0.500000
193,1,1,1.000000,0.000000,0.500000
194,1,1,1.000000,0.000000,0.500000
195,1,1,1.000000,0.000000,0.500000
196,1,1,1.000000,0.000000,0.500000
197,1,1,1.000000,0.000000,0.500000
198,1,1,1.000000,0.000000,0.500000
199,0,1,1.000000,0.000000,0.500000
200,1,1,1.000000,0.000000,0.500000
201,1,1,1.000000,0.000000,0.500000
202,1,1,1.000000,0.000000,0.500000
203,1,1,1.000000,0.000000,0.500000
204,1,1,1.000000,0.000000,0.500000
205,1,1,1.000000,0.000000,0.500000
206,1,1,1.000000,0.000000,0.500000
207,1,1,1.000000,0.000000,0.500000
208,1,1,1.000000,0.000000,0.500000
209,1,1,1.000000,0.000000,0.500000
210,1,1,1.000000,0.000000,0.500000
211,1,1,1.000000,0.000000,0.500000
212,1,1,1.000000,0.000000,0.500000
213,0,1,1.000000,0.000000,0.500000
214,1,1,1.000000,0.000000,0.500000
215,1,1,1.000000,0.000000,0.500000
216,0,1,1.000000,0.000000,0.500000
217,1,1,1.000000,0.000000,0.500000
218,1,1,1.000000,0.000000,0.500000
219,1,1,1.000000,0.000000,0.500000
220,1,1,1.000000,0.000000,0.500000
221,1,1,1.000000,0.000000,0.500000
222,1,1,1.000000,0.000000,0.500000
223,1,1,1.000000,0.000000,0.500000
224,0,1,1.000000,0.000000,0.500000
225,1,1,1.000000,0.000000,0.500000
226,1,1,1.000000,0.000000,0.500000
227,1,1,1.000000,0.000000,0.500000
228,0,1,1.000000,0.000000,0.500000
229,1,1,1.000000,0.000000,0.500000
230,1,1,1.000000,0.000000,0.500000
231,1,1,1.000000,0.000000,0.500000
232,1,1,1.000000,0.000000,0.500000
233,1,1,1.000000,0.000000,0.500000
234,1,1,1.000000,0.000000,0.500000
235,1,1,1.000000,0.000000,0.500000
236,0,1,1.000000,0.000000,0.500000
237,1,1,1.000000,0.000000,0.500000
238,0,1,1.000000,0.000000,0.500000
239,0,1,1.000000,0.000000,0.500000
240,1,1,1.000000,0.000000,0.500000
241,1,1,1.000000,0.000000,0.500000
242,1,1,1.000000,0.000000,0.500000
243,0,1,1.000000,0.000000,0.500000
244,1,1,1.000000,0.000000,0.500000
245,0,1,1.000000,0.000000,0.500000
246,1,1,1.000000,0.000000,0.500000
247,1,1,1.000000,0.000000,0.500000
248,1,1,1.000000,0.000000,0.500000
249,1,1,1.000000,0.000000,0.500000
250,1,1,1.000000,0.000000,0.500000
251,1,1,1.000000,0.000000,0.500000
252,1,1,1.000000,0.000000,0.500000
253,1,1,1.000000,0.000000,0.500000
254,1,1,1.000000,0.000000,0.500000
255,0,1,1.000000,0.000000,0.500000
256,1,1,1.000000,0.000000,0.500000
257,1,1,1.000000,0.000000,0.500000
258,1,1,1.000000,0.000000,0.500000
259,1,1,1.000000,0.000000,0.500000
260,1,1,1.000000,0.000000,0.500000
261,0,1,1.000000,0.000000,0.500000
262,0,1,1.000000,0.000000,0.500000
263,1,1,1.000000,0.000000,0.500000
264,1,1,1.000000,0.000000,0.500000
265,0,1,1.000000,0.000000,0.500000
266,1,1,1.000000,0.000000,0.500000
267,0,1,1.000000,0.000000,0.500000
268,1,1,1.000000,0.000000,0.500000
269,1,1,1.000000,0.000000,0.500000
270,1,1,1.000000,0.000000,0.500000
271,0,1,1.000000,0.000000,0.500000
272,0,0,1.000000,0.000000,0.500000
273,1,1,1.000000,0.000000,0.500000
274,0,1,1.000000,0.000000,0.500000
275,1,1,1.000000,0.000000,0.500000
276,1,1,1.000000,0.000000,0.500000
277,1,1,1.000000,0.000000,0.500000
278,1,1,1.000000,0.000000,0.500000
279,1,1,1.000000,0.000000,0.500000
280,1,1,1.000000,0.000000,0.500000
281,0,1,1.000000,0.000000,0.500000
282,1,1,1.000000,0.000000,0.500000
283,0,1,1.000000,0.000000,0.500000
284,1,1,1.000000,0.000000,0.500000
285,1,1,1.000000,0.000000,0.500000
286,1,1,1.000000,0.000000,0.500000
287,1,1,1.000000,0.000000,0.500000
288,1,1,1.000000,0.000000,0.500000
289,1,1,1.000000,0.000000,0.500000
290,1,1,1.000000,0.000000,0.500000
291,1,1,1.000000,0.000000,0.500000
292,1,1,1.000000,0.000000,0.500000
293,1,1,1.000000,0.000000,0.500000
294,1,1,1.000000,0.000000,0.500000
295,1,1,1.000000,0.000000,0.500000
296,1,1,1.000000,0.000000,0.500000
297,1,1,1.000000,0.000000,0.500000
298,0,1,1.000000,0.000000,0.500000
299,1,1,1.000000,0.000000,0.500000
300,1,1,1.000000,0.000000,0.500000
301,0,1,1.000000,0.000000,0.500000
302,0,1,1.000000,0.000000,0.500000
303,1,1,1.000000,0.000000,0.500000
304,1,1,1.000000,0.000000,0.500000
305,0,1,1.000000,0.000000,0.500000
306,1,1,1.000000,0.000000,0.500000
307,1,1,1.000000,0.000000,0.500000
308,1,1,1.000000,0.000000,0.500000
309,1,1,1.000000,0.000000,0.500000
310,1,1,1.000000,0.000000,0.500000
311,1,1,1.000000,0.000000,0.500000
312,1,1,1.000000,0.000000,0.500000
313,1,1,1.000000,0.000000,0.500000
314,1,1,1.000000,0.000000,0.500000
315,0,1,1.000000,0.000000,0.500000
316,0,1,1.000000,0.000000,0.500000
317,1,1,1.000000,0.000000,0.500000
318,1,1,1.000000,0.000000,0.500000
319,1,1,1.000000,0.000000,0.500000
320,1,1,1.000000,0.000000,0.500000
321,1,1,1.000000,0.000000,0.500000
322,1,1,1.000000,0.000000,0.500000
323,1,1,1.000000,0.000000,0.500000
324,0,1,1.000000,0.000000,0.500000
325,1,1,1.000000,0.000000,0.500000
326,1,1,1.000000,0.000000,0.500000
327,1,1,1.000000,0.000000,0.500000
328,1,1,1.000000,0.000000,0.500000
329,1,1,1.000000,0.000000,0.500000
330,0,0,1.000000,0.000000,0.500000
331,1,1,1.000000,0.000000,0.500000
332,1,1,1.000000,0.000000,0.500000
333,1,1,1.000000,0.000000,0.500000
334,0,1,1.000000,0.000000,0.500000
335,1,1,1.000000,0.000000,0.500000
336,1,1,1.000000,0.000000,0.500000
337,1,1,1.000000,0.000000,0.500000
338,1,1,1.000000,0.000000,0.500000
339,0,1,1.000000,0.000000,0.500000
340,1,1,1.000000,0.000000,0.500000
341,0,1,1.000000,0.000000,0.500000
342,1,1,1.000000,0.000000,0.500000
343,1,1,1.000000,0.000000,0.500000
344,1,1,1.000000,0.000000,0.500000
345,1,1,1.000000,0.000000,0.500000
346,1,1,1.000000,0.000000,0.500000
347,1,1,1.000000,0.000000,0.500000
348,1,1,1.000000,0.000000,0.500000
349,1,1,1.000000,0.000000,0.500000
350,1,1,1.000000,0.000000,0.500000
351,1,1,1.000000,0.000000,0.500000
352,1,1,1.000000,0.000000,0.500000
353,0,1,1.000000,0.000000,0.500000
354,1,1,1.000000,0.000000,0.500000
355,1,1,1.000000,0.000000,0.500000
356,1,1,1.000000,0.000000,0.500000
357,1,1,1.000000,0.000000,0.500000
358,1,1,1.000000,0.000000,0.500000
359,1,1,1.000000,0.000000,0.500000
360,1,1,1.000000,0.000000,0.500000
361,1,1,1.000000,0.000000,0.500000
362,1,1,1.000000,0.000000,0.500000
363,1,1,1.000000,0.000000,0.500000
364,1,1,1.000000,0.000000,0.500000
365,1,1,1.000000,0.000000,0.500000
366,1,1,1.000000,0.000000,0.500000
367,1,1,1.000000,0.000000,0.500000
368,1,1,1.000000,0.000000,0.500000
369,1,1,1.000000,0.000000,0.500000
370,0,1,1.000000,0.000000,0.500000
371,0,0,1.000000,0.000000,0.500000
372,0,1,1.000000,0.000000,0.500000
373,1,1,1.000000,0.000000,0.500000
374,1,1,1.000000,0.000000,0.500000
375,1,1,1.000000,0.000000,0.500000
376,1,1,1.000000,0.000000,0.500000
377,1,1,1.000000,0.000000,0.500000
378,0,1,1.000000,0.000000,0.500000
379,1,1,1.000000,0.000000,0.500000
380,0,0,1.000000,0.000000,0.500000
381,1,1,1.000000,0.000000,0.500000
382,1,1,1.000000,0.000000,0.500000
383,1,1,1.000000,0.000000,0.500000
384,1,1,1.000000,0.000000,0.500000
385,0,1,1.000000,0.000000,0.500000
386,0,1,1.000000,0.000000,0.500000
387,1,1,1.000000,0.000000,0.500000
388,1,1,1.000000,0.000000,0.500000
389,1,1,1.000000,0.000000,0.500000
390,0,1,1.000000,0.000000,0.500000
391,1,1,1.000000,0.000000,0.500000
392,1,1,1.000000,0.000000,0.500000
393,0,1,1.000000,0.000000,0.500000
394,1,1,1.000000,0.000000,0.500000
395,1,1,1.000000,0.000000,0.500000
396,1,1,1.000000,0.000000,0.500000
397,1,1,1.000000,0.000000,0.500000
398,1,1,1.000000,0.000000,0.500000
399,0,1,1.000000,0.000000,0.500000
400,1,1,1.000000,0.000000,0.500000
401,1,1,1.000000,0.000000,0.500000
402,1,1,1.000000,0.000000,0.500000
403,1,1,1.000000,0.000000,0.500000
404,0,1,1.000000,0.000000,0.500000
405,1,1,1.000000,0.000000,0.500000
406,1,1,1.000000,0.000000,0.500000
407,1,1,1.000000,0.000000,0.500000
408,1,1,1.000000,0.000000,0.500000
409,0,1,1.000000,0.000000,0.500000
410,1,1,1.000000,0.000000,0.500000
411,1,1,1.000000,0.000000,0.500000
412,1,1,1.000000,0.000000,0.500000
413,0,1,1.000000,0.000000,0.500000
414,0,1,1.000000,0.000000,0.500000
415,0,1,1.000000,0.000000,0.500000
416,1,1,1.000000,0.000000,0.500000
417,1,1,1.000000,0.000000,0.500000
418,1,1,1.000000,0.000000,0.500000
419,0,0,1.000000,0.000000,0.500000
420,0,1,1.000000,0.000000,0.500000
421,0,1,1.000000,0.000000,0.500000
422,0,1,1.000000,0.000000,0.500000
423,0,1,1.000000,0.000000,0.500000
424,1,1,1.000000,0.000000,0.500000
425,0,1,1.000000,0.000000,0.500000
426,1,1,1.000000,0.000000,0.500000
427,1,1,1.000000,0.000000,0.500000
428,0,1,1.000000,0.000000,0.500000
429,1,1,1.000000,0.000000,0.500000
430,1,1,1.000000,0.000000,0.500000
431,1,1,1.000000,0.000000,0.500000
432,1,1,1.000000,0.000000,0.500000
433,1,1,1.000000,0.000000,0.500000
434,1,1,1.000000,0.000000,0.500000
435,1,1,1.000000,0.000000,0.500000
436,0,1,1.000000,0.000000,0.500000
437,1,1,1.000000,0.000000,0.500000
438,1,1,1.000000,0.000000,0.500000
439,1,1,1.000000,0.000000,0.500000
440,1,1,1.000000,0.000000,0.500000
441,1,1,1.000000,0.000000,0.500000
442,1,1,1.000000,0.000000,0.500000
443,1,1,1.000000,0.000000,0.500000
444,0,1,1.000000,0.000000,0.500000
445,1,1,1.000000,0.000000,0.500000
446,0,1,1.000000,0.000000,0.500000
447,0,1,1.000000,0.000000,0.500000
448,1,1,1.000000,0.000000,0.500000
449,0,1,1.000000,0.000000,0.500000
450,1,1,1.000000,0.000000,0.500000
451,0,1,1.000000,0.000000,0.500000
452,1,1,1.000000,0.000000,0.500000
453,1,1,1.000000,0.000000,0.500000
454,1,1,1.000000,0.000000,0.500000
455,1,1,1.000000,0.000000,0.500000
456,1,1,1.000000,0.000000,0.500000
457,1,1,1.000000,0.000000,0.500000
458,1,1,1.000000,0.000000,0.500000
459,1,1,1.000000,0.000000,0.500000
460,1,1,1.000000,0.000000,0.500000
461,1,1,1.000000,0.000000,0.500000
462,0,1,1.000000,0.000000,0.500000
463,1,1,1.000000,0.000000,0.500000
464,1,1,1.000000,0.000000,0.500000
465,0,1,1.000000,0.000000,0.500000
466,1,1,1.000000,0.000000,0.500000
467,1,1,1.000000,0.000000,0.500000
468,1,1,1.000000,0.000000,0.500000
469,0,1,1.000000,0.000000,0.500000
470,0,1,1.000000,0.000000,0.500000
471,1,1,1.000000,0.000000,0.500000
472,1,1,1.000000,0.000000,0.500000
473,1,1,1.000000,0.000000,0.500000
474,0,1,1.000000,0.000000,0.500000
475,1,1,1.000000,0.000000,0.500000
476,0,1,1.000000,0.000000,0.500000
477,1,1,1.000000,0.000000,0.500000
478,1,1,1.000000,0.000000,0.500000
479,1,1,1.000000,0.000000,0.500000
480,1,1,1.000000,0.000000,0.500000
481,0,1,1.000000,0.000000,0.500000
482,1,1,1.000000,0.000000,0.500000
483,0,1,1.000000,0.000000,0.500000
484,1,1,1.000000,0.000000,0.500000
485,1,1,1.000000,0.000000,0.500000
486,1,1,1.000000,0.000000,0.500000
487,1,1,1.000000,0.000000,0.500000
488,0,1,1.000000,0.000000,0.500000
489,0,1,1.000000,0.000000,0.500000
490,1,1,1.000000,0.000000,0.500000
491,1,1,1.000000,0.000000,0.500000
492,1,1,1.000000,0.000000,0.500000
493,1,1,1.000000,0.000000,0.500000
494,1,1,1.000000,0.000000,0.500000
495,1,1,1.000000,0.000000,0.500000
496,0,1,1.000000,0.000000,0.500000
497,0,1,1.000000,0.000000,0.500000
498,0,1,1.000000,0.000000,0.500000
499,1,1,1.000000,0.000000,0.500000
500,0,1,1.000000,0.000000,0.500000
501,0,1,1.000000,0.000000,0.500000
502,1,1,1.000000,0.000000,0.500000
503,1,1,1.000000,0.000000,0.500000
504,1,1,1.000000,0.000000,0.500000
505,0,1,1.000000,0.000000,0.500000
506,1,1,1.000000,0.000000,0.500000
507,1,1,1.000000,0.000000,0.500000
508,1,1,1.000000,0.000000,0.500000
509,0,1,1.000000,0.000000,0.500000
510,0,1,1.000000,0.000000,0.500000
511,1,1,1.000000,0.000000,0.500000
512,1,1,1.000000,0.000000,0.500000
513,1,1,1.000000,0.000000,0.500000
514,0,1,1.000000,0.000000,0.500000
515,1,1,1.000000,0.000000,0.500000
516,1,1,1.000000,0.000000,0.500000
517,1,1,1.000000,0.000000,0.500000
518,1,1,1.000000,0.000000,0.500000
519,1,1,1.000000,0.000000,0.500000
520,1,1,1.000000,0.000000,0.500000
521,1,1,1.000000,0.000000,0.500000
522,0,1,1.000000,0.000000,0.500000
523,1,1,1.000000,0.000000,0.500000
524,1,1,1.000000,0.000000,0.500000
525,0,1,1.000000,0.000000,0.500000
526,1,1,1.000000,0.000000,0.500000
527,1,1,1.000000,0.000000,0.500000
528,1,1,1.000000,0.000000,0.500000
529,0,1,1.000000,0.000000,0.500000
530,1,1,1.000000,0.000000,0.500000
531,1,1,1.000000,0.000000,0.500000
532,1,1,1.000000,0.000000,0.500000
533,1,1,1.000000,0.000000,0.500000
534,1,1,1.000000,0.000000,0.500000
535,1,1,1.000000,0.000000,0.500000
536,1,1,1.000000,0.000000,0.500000
537,0,1,1.000000,0.000000,0.500000
538,1,1,1.000000,0.000000,0.500000
539,0,1,1.000000,0.000000,0.500000
540,1,1,1.000000,0.000000,0.500000
541,1,1,1.000000,0.000000,0.500000
542,1,1,1.000000,0.000000,0.500000
543,1,1,1.000000,0.000000,0.500000
544,1,1,1.000000,0.000000,0.500000
545,1,1,1.000000,0.000000,0.500000
546,1,1,1.000000,0.000000,0.500000
547,1,1,1.000000,0.000000,0.500000
548,1,1,1.000000,0.000000,0.500000
549,1,1,1.000000,0.000000,0.500000
550,1,1,1.000000,0.000000,0.500000
551,1,1,1.000000,0.000000,0.500000
552,1,1,1.000000,0.000000,0.500000
553,0,1,1.000000,0.000000,0.500000
554,1,1,1.000000,0.000000,0.500000
555,0,1,1.000000,0.000000,0.500000
556,1,1,1.000000,0.000000,0.500000
557,1,1,1.000000,0.000000,0.500000
558,1,1,1.000000,0.000000,0.500000
559,1,1,1.000000,0.000000,0.500000
560,0,1,1.000000,0.000000,0.500000
561,1,1,1.000000,0.000000,0.500000
562,1,1,1.000000,0.000000,0.500000
563,1,1,1.000000,0.000000,0.500000
564,1,1,1.000000,0.000000,0.500000
565,0,1,1.000000,0.000000,0.500000
566,1,1,1.000000,0.000000,0.500000
567,0,1,1.000000,0.000000,0.500000
568,1,1,1.000000,0.000000,0.500000
569,0,1,1.000000,0.000000,0.500000
570,0,1,1.000000,0.000000,0.500000
571,1,1,1.000000,0.000000,0.500000
572,1,1,1.000000,0.000000,0.500000
573,1,1,1.000000,0.000000,0.500000
574,1,1,1.000000,0.000000,0.500000
575,0,1,1.000000,0.000000,0.500000
576,1,1,1.000000,0.000000,0.500000
577,1,1,1.000000,0.000000,0.500000
578,1,1,1.000000,0.000000,0.500000
579,1,1,1.000000,0.000000,0.500000
580,1,1,1.000000,0.000000,0.500000
581,1,1,1.000000,0.000000,0.500000
582,1,1,1.000000,0.000000,0.500000
583,0,1,1.000000,0.000000,0.500000
584,1,1,1.000000,0.000000,0.500000
585,1,1,1.000000,0.000000,0.500000
586,1,1,1.000000,0.000000,0.500000
587,1,1,1.000000,0.000000,0.500000
588,1,1,1.000000,0.000000,0.500000
589,1,1,1.000000,0.000000,0.500000
590,1,1,1.000000,0.000000,0.500000
591,0,1,1.000000,0.000000,0.500000
592,0,1,1.000000,0.000000,0.500000
593,1,1,1.000000,0.000000,0.500000
594,0,1,1.000000,0.000000,0.500000
595,1,1,1.000000,0.000000,0.500000
596,1,1,1.000000,0.000000,0.500000
597,0,1,1.000000,0.000000,0.500000
598,1,1,1.000000,0.000000,0.500000
599,1,1,1.000000,0.000000,0.500000
600,1,1,1.000000,0.000000,0.500000
601,0,1,1.000000,0.000000,0.500000
602,0,1,1.000000,0.000000,0.500000
603,1,1,1.000000,0.000000,0.500000
604,1,1,1.000000,0.000000,0.500000
605,1,1,1.000000,0.000000,0.500000
606,1,1,1.000000,0.000000,0.500000
607,1,1,1.000000,0.000000,0.500000
608,0,1,1.000000,0.000000,0.500000
609,0,1,1.000000,0.000000,0.500000
610,1,1,1.000000,0.000000,0.500000
611,1,1,1.000000,0.000000,0.500000
612,1,1,1.000000,0.000000,0.500000
613,1,1,1.000000,0.000000,0.500000
614,0,1,1.000000,0.000000,0.500000
615,1,1,1.000000,0.000000,0.500000
616,0,1,1.000000,0.000000,0.500000
617,1,1,1.000000,0.000000,0.500000
618,1,1,1.000000,0.000000,0.500000
619,1,1,1.000000,0.000000,0.500000
620,1,1,1.000000,0.000000,0.500000
621,1,1,1.000000,0.000000,0.500000
622,1,1,1.000000,0.000000,0.500000
623,0,1,1.000000,0.000000,0.500000
624,1,1,1.000000,0.000000,0.500000
625,1,1,1.000000,0.000000,0.500000
626,0,1,1.000000,0.000000,0.500000
627,1,1,1.000000,0.000000,0.500000
628,1,1,1.000000,0.000000,0.500000
629,1,1,1.000000,0.000000,0.500000
630,1,1,1.000000,0.000000,0.500000
631,1,1,1.000000,0.000000,0.500000
632,0,1,1.000000,0.000000,0.500000
633,0,1,1.000000,0.000000,0.500000
634,1,1,1.000000,0.000000,0.500000
635,0,1,1.000000,0.000000,0.500000
636,1,1,1.000000,0.000000,0.500000
637,1,1,1.000000,0.000000,0.500000
638,1,1,1.000000,0.000000,0.500000
639,0,1,1.000000,0.000000,0.500000
640,1,1,1.000000,0.000000,0.500000
641,0,0,1.000000,0.000000,0.500000
642,1,1,1.000000,0.000000,0.500000
643,0,1,1.000000,0.000000,0.500000
644,1,1,1.000000,0.000000,0.500000
645,1,1,1.000000,0.000000,0.500000
646,1,1,1.000000,0.000000,0.500000
647,1,1,1.000000,0.000000,0.500000
648,1,1,1.000000,0.000000,0.500000
649,1,1,1.000000,0.000000,0.500000
650,1,1,1.000000,0.000000,0.500000
651,0,1,1.000000,0.000000,0.500000
652,1,1,1.000000,0.000000,0.500000
653,1,1,1.000000,0.000000,0.500000
654,0,1,1.000000,0.000000,0.500000
655,1,1,1.000000,0.000000,0.500000
656,0,1,1.000000,0.000000,0.500000
657,1,1,1.000000,0.000000,0.500000
658,0,1,1.000000,0.000000,0.500000
659,0,1,1.000000,0.000000,0.500000
660,1,1,1.000000,0.000000,0.500000
661,0,1,1.000000,0.000000,0.500000
662,1,1,1.000000,0.000000,0.500000
663,1,1,1.000000,0.000000,0.500000
664,1,1,1.000000,0.000000,0.500000
665,1,1,1.000000,0.000000,0.500000
666,1,1,1.000000,0.000000,0.500000
667,1,1,1.000000,0.000000,0.500000
668,0,1,1.000000,0.000000,0.500000
669,0,1,1.000000,0.000000,0.500000
670,1,1,1.000000,0.000000,0.500000
671,1,1,1.000000,0.000000,0.500000
672,1,1,1.000000,0.000000,0.500000
673,0,1,1.000000,0.000000,0.500000
674,1,1,1.000000,0.000000,0.500000
675,1,1,1.000000,0.000000,0.500000
676,0,1,1.000000,0.000000,0.500000
677,1,1,1.000000,0.000000,0.500000
678,0,1,1.000000,0.000000,0.500000
679,0,1,1.000000,0.000000,0.500000
680,1,1,1.000000,0.000000,0.500000
681,0,1,1.000000,0.000000,0.500000
682,1,1,1.000000,0.000000,0.500000
683,1,1,1.000000,0.000000,0.500000
684,1,1,1.000000,0.000000,0.500000
685,0,1,1.000000,0.000000,0.500000
686,1,1,1.000000,0.000000,0.500000
687,1,1,1.000000,0.000000,0.500000
688,1,1,1.000000,0.000000,0.500000
689,0,1,1.000000,0.000000,0.500000
690,0,1,1.000000,0.000000,0.500000
691,1,1,1.000000,0.000000,0.500000
692,1,1,1.000000,0.000000,0.500000
693,1,1,1.000000,0.000000,0.500000
694,1,1,1.000000,0.000000,0.500000
695,1,1,1.000000,0.000000,0.500000
696,1,1,1.000000,0.000000,0.500000
697,0,1,1.000000,0.000000,0.500000
698,0,1,1.000000,0.000000,0.500000
699,1,1,1.000000,0.000000,0.500000
700,1,1,1.000000,0.000000,0.500000
701,1,1,1.000000,0.000000,0.500000
702,0,1,1.000000,0.000000,0.500000
703,1,1,1.000000,0.000000,0.500000
704,0,1,1.000000,0.000000,0.500000
705,1,1,1.000000,0.000000,0.500000
706,0,1,1.000000,0.000000,0.500000
707,1,1,1.000000,0.000000,0.500000
708,0,1,1.000000,0.000000,0.500000
709,1,1,1.000000,0.000000,0.500000
710,0,1,1.000000,0.000000,0.500000
711,1,1,1.000000,0.000000,0.500000
712,0,1,1.000000,0.000000,0.500000
713,1,1,1.000000,0.000000,0.500000
714,0,0,1.000000,0.000000,0.500000
715,0,1,1.000000,0.000000,0.500000
716,1,1,1.000000,0.000000,0.500000
717,1,1,1.000000,0.000000,0.500000
718,1,1,1.000000,0.000000,0.500000
719,0,1,1.000000,0.000000,0.500000
720,0,1,1.000000,0.000000,0.500000
721,1,1,1.000000,0.000000,0.500000
722,1,1,1.000000,0.000000,0.500000
723,0,1,1.000000,0.000000,0.500000
724,1,1,1.000000,0.000000,0.500000
725,1,1,1.000000,0.000000,0.500000
726,0,1,1.000000,0.000000,0.500000
727,1,1,1.000000,0.000000,0.500000
728,1,1,1.000000,0.000000,0.500000
729,1,1,1.000000,0.000000,0.500000
730,1,1,1.000000,0.000000,0.500000
731,1,1,1.000000,0.000000,0.500000
732,1,1,1.000000,0.000000,0.500000
733,1,1,1.000000,0.000000,0.500000
734,1,1,1.000000,0.000000,0.500000
735,1,1,1.000000,0.000000,0.500000
736,1,1,1.000000,0.000000,0.500000
737,1,1,1.000000,0.000000,0.500000
738,1,1,1.000000,0.000000,0.500000
739,0,1,1.000000,0.000000,0.500000
740,0,1,1.000000,0.000000,0.500000
741,1,1,1.000000,0.000000,0.500000
742,1,1,1.000000,0.000000,0.500000
743,0,1,1.000000,0.000000,0.500000
744,1,1,1.000000,0.000000,0.500000
745,0,1,1.000000,0.000000,0.500000
746,1,1,1.000000,0.000000,0.500000
747,1,1,1.000000,0.000000,0.500000
748,1,1,1.000000,0.000000,0.500000
749,1,1,1.000000,0.000000,0.500000
750,1,1,1.000000,0.000000,0.500000
751,0,1,1.000000,0.000000,0.500000
752,1,1,1.000000,0.000000,0.500000
753,1,1,1.000000,0.000000,0.500000
754,1,1,1.000000,0.000000,0.500000
755,0,1,1.000000,0.000000,0.500000
756,1,1,1.000000,0.000000,0.500000
757,0,0,1.000000,0.000000,0.500000
758,0,1,1.000000,0.000000,0.500000
759,1,1,1.000000,0.000000,0.500000
760,0,1,1.000000,0.000000,0.500000
761,0,1,1.000000,0.000000,0.500000
762,1,1,1.000000,0.000000,0.500000
763,1,1,1.000000,0.000000,0.500000
764,1,1,1.000000,0.000000,0.500000
765,1,1,1.000000,0.000000,0.500000
766,0,1,1.000000,0.000000,0.500000
767,1,1,1.000000,0.000000,0.500000
768,1,1,1.000000,0.000000,0.500000
769,1,1,1.000000,0.000000,0.500000
770,1,1,1.000000,0.000000,0.500000
771,1,1,1.000000,0.000000,0.500000
772,1,1,1.000000,0.000000,0.500000
773,1,1,1.000000,0.000000,0.500000
774,1,1,1.000000,0.000000,0.500000
775,0,1,1.000000,0.000000,0.500000
776,0,1,1.000000,0.000000,0.500000
777,0,0,1.000000,0.000000,0.500000
778,1,1,1.000000,0.000000,0.500000
779,1,1,1.000000,0.000000,0.500000
780,0,1,1.000000,0.000000,0.500000
781,1,1,1.000000,0.000000,0.500000
782,1,1,1.000000,0.000000,0.500000
783,1,1,1.000000,0.000000,0.500000
784,1,1,1.000000,0.000000,0.500000
785,1,1,1.000000,0.000000,0.500000
786,1,1,1.000000,0.000000,0.500000
787,1,1,1.000000,0.000000,0.500000
788,1,1,1.000000,0.000000,0.500000
789,1,1,1.000000,0.000000,0.500000
790,1,1,1.000000,0.000000,0.500000
791,0,1,1.000000,0.000000,0.500000
792,1,1,1.000000,0.000000,0.500000
793,1,1,1.000000,0.000000,0.500000
794,1,1,1.000000,0.000000,0.500000
795,1,1,1.000000,0.000000,0.500000
796,1,1,1.000000,0.000000,0.500000
797,0,1,1.000000,0.000000,0.500000
798,1,1,1.000000,0.000000,0.500000
799,1,1,1.000000,0.000000,0.500000
800,1,1,1.000000,0.000000,0.500000
801,0,1,1.000000,0.000000,0.500000
802,0,1,1.000000,0.000000,0.500000
803,1,1,1.000000,0.000000,0.500000
804,0,1,1.000000,0.000000,0.500000
805,1,1,1.000000,0.000000,0.500000
806,0,1,1.000000,0.000000,0.500000
807,1,1,1.000000,0.000000,0.500000
808,1,1,1.000000,0.000000,0.500000
809,1,1,1.000000,0.000000,0.500000
810,1,1,1.000000,0.000000,0.500000
811,1,1,1.000000,0.000000,0.500000
812,0,1,1.000000,0.000000,0.500000
813,0,1,1.000000,0.000000,0.500000
814,1,1,1.000000,0.000000,0.500000
815,1,1,1.000000,0.000000,0.500000
816,1,1,1.000000,0.000000,0.500000
817,1,1,1.000000,0.000000,0.500000
818,1,1,1.000000,0.000000,0.500000
819,0,1,1.000000,0.000000,0.500000
820,1,1,1.000000,0.000000,0.500000
821,1,1,1.000000,0.000000,0.500000
822,1,1,1.000000,0.000000,0.500000
823,0,1,1.000000,0.000000,0.500000
824,1,1,1.000000,0.000000,0.500000
825,1,1,1.000000,0.000000,0.500000
826,0,1,1.000000,0.000000,0.500000
827,1,1,1.000000,0.000000,0.500000
828,1,1,1.000000,0.000000,0.500000
829,0,1,1.000000,0.000000,0.500000
830,1,1,1.000000,0.000000,0.500000
831,1,1,1.000000,0.000000,0.500000
832,0,1,1.000000,0.000000,0.500000
833,0,1,1.000000,0.000000,0.500000
834,1,1,1.000000,0.000000,0.500000
835,1,1,1.000000,0.000000,0.500000
836,0,1,1.000000,0.000000,0.500000
837,1,1,1.000000,0.000000,0.500000
838,1,1,1.000000,0.000000,0.500000
839,0,1,1.000000,0.000000,0.500000
840,1,1,1.000000,0.000000,0.500000
841,0,1,1.000000,0.000000,0.500000
842,1,1,1.000000,0.000000,0.500000
843,0,1,1.000000,0.000000,0.500000
844,1,1,1.000000,0.000000,0.500000
845,1,1,1.000000,0.000000,0.500000
846,1,1,1.000000,0.000000,0.500000
847,1,1,1.000000,0.000000,0.500000
848,1,1,1.000000,0.000000,0.500000
849,1,1,1.000000,0.000000,0.500000
850,1,1,1.000000,0.000000,0.500000
851,1,1,1.000000,0.000000,0.500000
852,0,1,1.000000,0.000000,0.500000
853,1,1,1.000000,0.000000,0.500000
854,1,1,1.000000,0.000000,0.500000
855,1,1,1.000000,0.000000,0.500000
856,1,1,1.000000,0.000000,0.500000
857,0,1,1.000000,0.000000,0.500000
858,1,1,1.000000,0.000000,0.500000
859,1,1,1.000000,0.000000,0.500000
860,1,1,1.000000,0.000000,0.500000
861,0,1,1.000000,0.000000,0.500000
862,0,1,1.000000,0.000000,0.500000
863,1,1,1.000000,0.000000,0.500000
864,0,1,1.000000,0.000000,0.500000
865,1,1,1.000000,0.000000,0.500000
866,1,1,1.000000,0.000000,0.500000
867,1,1,1.000000,0.000000,0.500000
868,1,1,1.000000,0.000000,0.500000
869,1,1,1.000000,0.000000,0.500000
870,0,1,1.000000,0.000000,0.500000
871,1,1,1.000000,0.000000,0.500000
872,1,1,1.000000,0.000000,0.500000
873,1,1,1.000000,0.000000,0.500000
874,1,1,1.000000,0.000000,0.500000
875,1,1,1.000000,0.000000,0.500000
876,1,1,1.000000,0.000000,0.500000
877,1,1,1.000000,0.000000,0.500000
878,0,1,1.000000,0.000000,0.500000
879,1,1,1.000000,0.000000,0.500000
880,0,1,1.000000,0.000000,0.500000
881,1,1,1.000000,0.000000,0.500000
882,0,1,1.000000,0.000000,0.500000
883,1,1,1.000000,0.000000,0.500000
884,1,1,1.000000,0.000000,0.500000
885,0,1,1.000000,0.000000,0.500000
886,0,1,1.000000,0.000000,0.500000
887,1,1,1.000000,0.000000,0.500000
888,0,1,1.000000,0.000000,0.500000
889,1,1,1.000000,0.000000,0.500000
890,1,1,1.000000,0.000000,0.500000
891,0,1,1.000000,0.000000,0.500000
892,1,1,1.000000,0.000000,0.500000
893,1,1,1.000000,0.000000,0.500000
894,1,1,1.000000,0.000000,0.500000
895,1,1,1.000000,0.000000,0.500000
896,0,1,1.000000,0.000000,0.500000
897,0,1,1.000000,0.000000,0.500000
898,1,1,1.000000,0.000000,0.500000
899,0,1,1.000000,0.000000,0.500000
900,0,1,1.000000,0.000000,0.500000
901,1,1,1.000000,0.000000,0.500000
902,1,1,1.000000,0.000000,0.500000
903,1,1,1.000000,0.000000,0.500000
904,1,1,1.000000,0.000000,0.500000
905,1,1,1.000000,0.000000,0.500000
906,0,1,1.000000,0.000000,0.500000
907,0,1,1.000000,0.000000,0.500000
908,1,1,1.000000,0.000000,0.500000
909,1,1,1.000000,0.000000,0.500000
910,0,0,1.000000,0.000000,0.500000
911,1,1,1.000000,0.000000,0.500000
912,1,1,1.000000,0.000000,0.500000
913,1,1,1.000000,0.000000,0.500000
914,1,1,1.000000,0.000000,0.500000
915,1,1,1.000000,0.000000,0.500000
916,1,1,1.000000,0.000000,0.500000
917,1,1,1.000000,0.000000,0.500000
918,1,1,1.000000,0.000000,0.500000
919,1,1,1.000000,0.000000,0.500000
920,1,1,1.000000,0.000000,0.500000
921,0,1,1.000000,0.000000,0.500000
922,1,1,1.000000,0.000000,0.500000
923,1,1,1.000000,0.000000,0.500000
924,1,1,1.000000,0.000000,0.500000
925,1,1,1.000000,0.000000,0.500000
926,1,1,1.000000,0.000000,0.500000
927,0,1,1.000000,0.000000,0.500000
928,0,1,1.000000,0.000000,0.500000
929,0,1,1.000000,0.000000,0.500000
930,1,1,1.000000,0.000000,0.500000
931,1,1,1.000000,0.000000,0.500000
932,1,1,1.000000,0.000000,0.500000
933,0,1,1.000000,0.000000,0.500000
934,1,1,1.000000,0.000000,0.500000
935,1,1,1.000000,0.000000,0.500000
936,1,1,1.000000,0.000000,0.500000
937,1,1,1.000000,0.000000,0.500000
938,1,1,1.000000,0.000000,0.500000
939,0,1,1.000000,0.000000,0.500000
940,0,1,1.000000,0.000000,0.500000
941,1,1,1.000000,0.000000,0.500000
942,1,1,1.000000,0.000000,0.500000
943,0,1,1.000000,0.000000,0.500000
944,1,1,1.000000,0.000000,0.500000
945,0,1,1.000000,0.000000,0.500000
946,1,1,1.000000,0.000000,0.500000
947,1,1,1.000000,0.000000,0.500000
948,1,1,1.000000,0.000000,0.500000
949,1,1,1.000000,0.000000,0.500000
950,1,1,1.000000,0.000000,0.500000
951,1,1,1.000000,0.000000,0.500000
952,0,1,1.000000,0.000000,0.500000
953,0,0,1.000000,0.000000,0.500000
954,1,1,1.000000,0.000000,0.500000
955,1,1,1.000000,0.000000,0.500000
956,1,1,1.000000,0.000000,0.500000
957,1,1,1.000000,0.000000,0.500000
958,1,1,1.000000,0.000000,0.500000
959,1,1,1.000000,0.000000,0.500000
960,1,1,1.000000,0.000000,0.500000
961,1,1,1.000000,0.000000,0.500000
962,1,1,1.000000,0.000000,0.500000
963,1,1,1.000000,0.000000,0.500000
964,1,1,1.000000,0.000000,0.500000
965,0,1,1.000000,0.000000,0.500000
966,1,1,1.000000,0.000000,0.500000
967,0,1,1.000000,0.000000,0.500000
968,1,1,1.000000,0.000000,0.500000
969,0,0,1.000000,0.000000,0.500000
970,1,1,1.000000,0.000000,0.500000
971,0,1,1.000000,0.000000,0.500000
972,1,1,1.000000,0.000000,0.500000
973,1,1,1.000000,0.000000,0.500000
974,0,1,1.000000,0.000000,0.500000
975,1,1,1.000000,0.000000,0.500000
976,0,1,1.000000,0.000000,0.500000
977,0,1,1.000000,0.000000,0.500000
978,1,1,1.000000,0.000000,0.500000
979,1,1,1.000000,0.000000,0.500000
980,0,1,1.000000,0.000000,0.500000
981,1,1,1.000000,0.000000,0.500000
982,1,1,1.000000,0.000000,0.500000
983,1,1,1.000000,0.000000,0.500000
984,1,1,1.000000,0.000000,0.500000
985,1,1,1.000000,0.000000,0.500000
986,1,1,1.000000,0.000000,0.500000
987,1,1,1.000000,0.000000,0.500000
988,1,1,1.000000,0.000000,0.500000
989,0,1,1.000000,0.000000,0.500000
990,1,1,1.000000,0.000000,0.500000
991,1,1,1.000000,0.000000,0.500000
992,1,1,1.000000,0.000000,0.500000
993,1,1,1.000000,0.000000,0.500000
994,1,1,1.000000,0.000000,0.500000
995,1,1,1.000000,0.000000,0.500000
996,0,1,1.000000,0.000000,0.500000
997,1,1,1.000000,0.000000,0.500000
998,1,1,1.000000,0.000000,0.500000
999,1,1,1.000000,0.000000,0.500000
WorkerID,Gamma,TrueGamma
433,0.500000,0.576961
220,0.500000,1.520767
813,0.500000,1.148168
151,0.500000,0.972157
315,0.500000,1.120571
144,0.500000,1.742757
161,0.500000,1.528274
329,0.500000,2.197680
124,0.500000,0.619417
512,0.500000,1.374548
878,0.500000,1.728760
332,0.500000,1.297060
15,0.500000,2.181559
42,0.500000,0.547743
62,0.500000,1.092267
202,0.500000,1.060569
414,0.500000,2.149861
743,0.500000,0.625584
973,0.500000,1.444353
919,0.500000,2.102900
762,0.500000,0.856183
154,0.500000,1.714007
769,0.500000,0.780146
703,0.500000,0.515955
164,0.500000,0.488303
132,0.500000,2.079801
111,0.500000,0.593315
752,0.500000,1.499645
720,0.500000,1.207746
595,0.500000,0.601940
171,0.500000,0.701220
669,0.500000,1.297817
711,0.500000,0.954228
381,0.500000,0.709283
99,0.500000,0.774081
186,0.500000,0.787809
482,0.500000,0.819944
263,0.500000,1.266980
305,0.500000,1.574437
181,0.500000,2.659356
715,0.500000,1.080282
605,0.500000,0.255581
583,0.500000,0.528666
925,0.500000,0.661467
45,0.500000,2.912709
952,0.500000,1.688480
592,0.500000,1.516236
96,0.500000,1.060904
913,0.500000,0.225468
298,0.500000,1.619966
735,0.500000,0.978727
128,0.500000,1.936640
881,0.500000,0.248861
224,0.500000,0.655116
270,0.500000,2.449049
688,0.500000,1.321843
384,0.500000,0.831052
491,0.500000,0.636506
200,0.500000,0.952434
502,0.500000,0.191540
773,0.500000,1.295253
814,0.500000,1.552614
73,0.500000,1.744527
203,0.500000,1.286938
916,0.500000,1.579181
43,0.500000,1.118689
554,0.500000,0.606938
733,0.500000,1.260216
4,0.500000,0.741513
955,0.500000,0.823610
38,0.500000,0.434028
61,0.500000,0.712529
396,0.500000,1.755566
229,0.500000,1.625515
104,0.500000,0.816387
41,0.500000,0.818959
109,0.500000,2.112934
699,0.500000,1.761820
556,0.500000,0.991986
642,0.500000,0.970713
932,0.500000,0.462640
510,0.500000,0.909985
374,0.500000,0.798565
276,0.500000,0.405437
731,0.500000,1.779486
237,0.500000,0.535025
431,0.500000,1.392476
692,0.500000,1.196446
53,0.500000,2.530244
210,0.500000,1.019823
588,0.500000,0.404371
261,0.500000,0.794462
992,0.500000,1.030803
939,0.500000,0.776955
533,0.500000,0.468646
962,0.500000,0.488074
547,0.500000,0.931337
190,0.500000,0.826688
22,0.500000,0.819200
582,0.500000,2.496186
127,0.500000,0.791470
252,0.500000,1.179452
517,0.500000,1.738883
764,0.500000,1.099454
637,0.500000,0.476902
168,0.500000,0.709137
888,0.500000,0.519945
654,0.500000,1.008496
505,0.500000,2.204914
791,0.500000,1.127571
571,0.500000,1.091551
902,0.500000,1.178985
890,0.500000,1.052205
50,0.500000,0.272840
474,0.500000,1.533479
153,0.500000,0.892972
44,0.500000,1.201064
558,0.500000,2.178966
553,0.500000,0.923472
827,0.500000,2.060286
997,0.500000,0.488746
123,0.500000,2.212395
459,0.500000,1.717502
170,0.500000,1.053042
933,0.500000,2.745360
631,0.500000,2.639446
308,0.500000,1.366978
466,0.500000,2.084929
667,0.500000,0.306375
118,0.500000,0.142442
82,0.500000,0.995651
984,0.500000,1.381777
602,0.500000,1.061894
88,0.500000,1.279241
167,0.500000,1.575826
214,0.500000,0.730021
617,0.500000,0.922148
349,0.500000,1.377361
280,0.500000,1.241687
648,0.500000,1.592958
478,0.500000,2.279062
897,0.500000,1.609097
725,0.500000,1.200141
266,0.500000,0.844469
9,0.500000,0.934300
630,0.500000,0.574083
285,0.500000,1.543025
778,0.500000,1.343439
230,0.500000,0.527169
410,0.500000,0.541002
841,0.500000,0.289633
361,0.500000,3.035083
729,0.500000,0.915001
2,0.500000,1.769609
843,0.500000,1.259439
206,0.500000,0.927820
885,0.500000,0.998352
358,0.500000,0.997308
559,0.500000,1.610699
304,0.500000,3.674873
194,0.500000,1.041853
541,0.500000,0.939316
812,0.500000,1.055347
988,0.500000,2.122945
613,0.500000,0.798044
392,0.500000,1.539789
14,0.500000,0.994950
691,0.500000,1.056565
506,0.500000,0.456819
800,0.500000,0.809389
34,0.500000,1.365397
977,0.500000,0.712026
415,0.500000,0.874596
446,0.500000,0.542498
893,0.500000,1.353900
788,0.500000,3.362766
526,0.500000,1.454445
218,0.500000,0.272334
911,0.500000,1.169901
741,0.500000,1.465067
476,0.500000,0.977460
872,0.500000,0.780789
339,0.500000,1.181349
312,0.500000,0.917885
739,0.500000,1.350738
362,0.500000,1.805915
10,0.500000,0.506795
934,0.500000,0.334376
803,0.500000,0.222414
177,0.500000,0.790940
847,0.500000,2.073201
211,0.500000,0.310043
166,0.500000,2.120016
487,0.500000,1.803556
147,0.500000,0.799751
858,0.500000,0.610390
216,0.500000,1.825074
609,0.500000,1.553343
619,0.500000,0.667967
537,0.500000,2.074919
121,0.500000,1.074894
372,0.500000,0.777530
573,0.500000,1.102527
196,0.500000,1.062418
819,0.500000,1.209997
119,0.500000,1.484476
85,0.500000,3.888110
708,0.500000,1.867294
398,0.500000,0.668930
286,0.500000,0.665735
126,0.500000,2.008116
964,0.500000,1.338937
8,0.500000,2.054827
596,0.500000,1.109976
5,0.500000,0.307512
985,0.500000,1.600313
231,0.500000,2.313610
393,0.500000,1.463225
928,0.500000,0.512710
820,0.500000,0.622673
794,0.500000,1.844825
949,0.500000,0.490434
597,0.500000,0.474833
108,0.500000,1.424837
917,0.500000,0.514844
771,0.500000,0.402041
490,0.500000,1.922765
388,0.500000,0.849493
513,0.500000,1.022644
601,0.500000,0.872967
892,0.500000,0.809371
277,0.500000,1.320263
337,0.500000,0.844217
79,0.500000,1.295200
978,0.500000,4.183775
319,0.500000,0.689563
116,0.500000,1.179370
351,0.500000,1.248061
996,0.500000,1.268988
28,0.500000,0.758501
213,0.500000,0.395220
700,0.500000,0.982199
367,0.500000,0.860759
740,0.500000,1.363141
507,0.500000,3.038766
174,0.500000,0.537266
24,0.500000,0.661036
373,0.500000,0.610122
138,0.500000,0.747728
789,0.500000,1.143287
198,0.500000,2.359091
755,0.500000,0.751699
95,0.500000,1.386747
225,0.500000,1.810111
639,0.500000,1.072289
460,0.500000,1.114994
145,0.500000,1.412522
612,0.500000,1.480982
817,0.500000,0.472060
425,0.500000,0.521592
552,0.500000,2.829828
578,0.500000,3.571470
254,0.500000,1.183461
35,0.500000,1.028525
555,0.500000,1.016496
969,0.500000,0.469121
810,0.500000,0.591920
935,0.500000,0.893864
403,0.500000,0.931885
557,0.500000,2.092263
704,0.500000,1.003941
248,0.500000,0.934438
854,0.500000,0.854315
149,0.500000,1.271975
13,0.500000,1.267681
204,0.500000,0.744628
439,0.500000,0.793266
717,0.500000,0.974881
323,0.500000,1.092294
268,0.500000,1.263656
535,0.500000,1.212892
68,0.500000,0.772984
528,0.500000,0.446900
675,0.500000,0.679908
656,0.500000,1.106033
255,0.500000,0.507494
869,0.500000,2.054613
815,0.500000,0.788170
379,0.500000,1.488917
412,0.500000,1.317363
650,0.500000,1.343000
444,0.500000,1.801951
140,0.500000,2.004492
980,0.500000,1.183794
805,0.500000,0.561501
264,0.500000,0.685394
321,0.500000,1.855165
327,0.500000,1.299017
172,0.500000,1.189842
465,0.500000,0.515404
434,0.500000,0.447759
971,0.500000,1.385199
282,0.500000,1.446291
531,0.500000,0.887475
244,0.500000,0.821443
39,0.500000,0.222750
514,0.500000,0.933140
267,0.500000,0.700682
16,0.500000,2.396053
645,0.500000,0.444094
777,0.500000,0.904339
975,0.500000,2.104278
660,0.500000,0.495365
407,0.500000,1.120502
445,0.500000,1.927733
130,0.500000,0.631307
489,0.500000,0.981423
772,0.500000,1.706348
779,0.500000,1.724884
368,0.500000,0.614718
873,0.500000,1.508077
538,0.500000,0.904902
233,0.500000,1.947464
686,0.500000,1.538628
886,0.500000,0.964292
842,0.500000,1.577734
797,0.500000,0.492896
223,0.500000,1.651374
760,0.500000,0.829438
250,0.500000,0.212515
945,0.500000,0.934838
397,0.500000,0.863494
702,0.500000,0.819982
745,0.500000,3.028675
785,0.500000,0.538785
918,0.500000,0.696976
311,0.500000,1.568655
67,0.500000,0.758328
241,0.500000,0.824109
20,0.500000,1.481015
243,0.500000,1.088037
46,0.500000,0.868724
75,0.500000,0.694045
594,0.500000,2.183642
832,0.500000,1.043922
402,0.500000,2.058155
830,0.500000,0.379145
974,0.500000,0.917474
640,0.500000,0.952099
93,0.500000,1.387870
493,0.500000,1.546962
74,0.500000,1.033751
682,0.500000,0.793187
685,0.500000,1.204677
71,0.500000,0.516221
464,0.500000,0.988190
681,0.500000,2.696487
627,0.500000,1.280870
454,0.500000,0.910639
101,0.500000,0.896516
983,0.500000,0.552600
623,0.500000,1.125453
525,0.500000,1.323620
860,0.500000,0.426864
197,0.500000,1.364321
757,0.500000,0.722755
107,0.500000,2.207263
106,0.500000,0.980586
494,0.500000,1.098895
647,0.500000,1.329238
318,0.500000,1.280017
239,0.500000,1.675008
527,0.500000,1.460787
618,0.500000,1.286706
158,0.500000,2.786333
730,0.500000,0.645689
212,0.500000,0.596026
662,0.500000,1.279194
242,0.500000,1.271435
284,0.500000,0.723603
744,0.500000,1.046389
976,0.500000,0.903551
746,0.500000,0.600587
635,0.500000,1.404162
97,0.500000,1.242083
670,0.500000,0.491666
924,0.500000,0.996116
861,0.500000,2.545600
907,0.500000,0.762369
163,0.500000,1.152282
801,0.500000,1.831562
726,0.500000,0.598589
56,0.500000,1.877960
837,0.500000,1.546580
49,0.500000,1.930309
0,0.500000,1.490108
585,0.500000,1.091215
816,0.500000,1.106836
767,0.500000,1.641653
179,0.500000,1.561828
281,0.500000,1.100035
651,0.500000,1.026312
664,0.500000,1.996854
774,0.500000,1.040725
122,0.500000,0.464909
994,0.500000,1.282069
590,0.500000,0.989166
300,0.500000,0.360508
550,0.500000,1.591074
990,0.500000,1.475357
754,0.500000,0.786656
348,0.500000,0.350180
896,0.500000,1.198733
807,0.500000,2.698576
723,0.500000,2.002408
903,0.500000,1.279127
391,0.500000,1.589381
864,0.500000,1.961299
102,0.500000,0.458025
661,0.500000,0.945598
310,0.500000,0.946442
185,0.500000,1.154884
427,0.500000,0.963365
995,0.500000,0.964720
600,0.500000,0.546980
443,0.500000,1.787902
942,0.500000,0.604140
378,0.500000,0.942667
659,0.500000,2.331200
18,0.500000,0.476223
350,0.500000,2.496816
544,0.500000,1.094485
966,0.500000,0.872936
987,0.500000,0.857562
234,0.500000,1.076042
891,0.500000,0.745832
296,0.500000,1.813865
480,0.500000,1.498139
275,0.500000,0.461963
753,0.500000,1.421214
852,0.500000,0.739266
208,0.500000,1.142193
12,0.500000,2.061351
159,0.500000,0.872652
792,0.500000,0.687194
960,0.500000,0.909455
25,0.500000,0.647302
680,0.500000,0.943388
663,0.500000,2.320986
641,0.500000,0.464397
706,0.500000,0.640648
624,0.500000,0.374182
426,0.500000,1.283673
110,0.500000,1.550760
560,0.500000,1.506380
377,0.500000,0.637531
451,0.500000,0.478663
982,0.500000,2.109683
495,0.500000,1.836000
297,0.500000,0.853290
634,0.500000,1.737897
72,0.500000,1.068089
802,0.500000,0.874213
936,0.500000,1.370618
259,0.500000,1.802922
309,0.500000,1.185081
519,0.500000,0.616349
400,0.500000,1.257374
770,0.500000,1.257735
646,0.500000,0.975502
405,0.500000,0.974623
756,0.500000,0.867422
758,0.500000,0.897870
707,0.500000,1.350848
798,0.500000,0.684761
383,0.500000,1.338859
293,0.500000,1.070670
866,0.500000,0.991636
87,0.500000,0.631751
274,0.500000,2.140179
786,0.500000,0.846927
195,0.500000,1.055230
142,0.500000,1.495143
184,0.500000,2.721579
430,0.500000,1.549134
395,0.500000,1.096840
826,0.500000,0.417654
353,0.500000,1.528467
957,0.500000,1.303970
314,0.500000,2.094250
632,0.500000,1.195515
253,0.500000,1.625500
577,0.500000,2.215542
562,0.500000,0.676968
742,0.500000,0.269903
683,0.500000,1.296221
912,0.500000,0.180486
484,0.500000,2.460483
853,0.500000,0.413880
81,0.500000,1.031184
503,0.500000,0.669026
856,0.500000,1.394166
217,0.500000,0.795846
69,0.500000,0.734275
628,0.500000,1.829827
534,0.500000,2.348706
3,0.500000,1.065351
846,0.500000,1.731115
420,0.500000,1.569602
570,0.500000,2.192948
894,0.500000,0.627385
369,0.500000,1.326547
748,0.500000,1.247165
540,0.500000,0.530642
593,0.500000,0.599665
404,0.500000,1.728471
713,0.500000,1.527136
63,0.500000,0.567131
389,0.500000,1.414439
232,0.500000,0.567234
380,0.500000,0.792378
137,0.500000,2.479630
455,0.500000,1.256810
887,0.500000,1.223484
870,0.500000,1.319344
409,0.500000,2.141850
747,0.500000,0.910426
363,0.500000,0.519580
905,0.500000,1.563527
863,0.500000,1.192081
616,0.500000,1.900718
40,0.500000,1.600307
991,0.500000,1.538447
697,0.500000,0.717333
257,0.500000,1.358978
302,0.500000,0.503553
205,0.500000,1.088474
572,0.500000,1.585535
291,0.500000,1.970262
855,0.500000,1.752720
929,0.500000,0.369912
155,0.500000,0.885715
421,0.500000,1.789848
915,0.500000,0.259755
549,0.500000,0.440538
543,0.500000,0.788615
468,0.500000,0.917638
825,0.500000,1.224283
279,0.500000,1.983348
346,0.500000,2.083072
848,0.500000,1.878827
60,0.500000,1.273609
515,0.500000,0.655725
530,0.500000,0.413080
658,0.500000,1.184139
219,0.500000,1.516698
657,0.500000,0.848523
331,0.500000,0.829387
287,0.500000,1.385209
579,0.500000,1.132325
724,0.500000,0.709015
516,0.500000,0.552887
271,0.500000,2.484291
821,0.500000,1.237499
390,0.500000,1.483274
269,0.500000,1.645317
677,0.500000,0.410836
567,0.500000,0.352867
701,0.500000,0.901122
376,0.500000,2.767380
160,0.500000,1.078552
333,0.500000,2.542083
191,0.500000,1.275269
561,0.500000,0.968361
221,0.500000,0.577549
958,0.500000,0.306275
98,0.500000,0.717727
999,0.500000,1.508811
859,0.500000,0.745453
652,0.500000,0.791601
922,0.500000,1.606832
776,0.500000,0.709684
568,0.500000,1.879835
608,0.500000,0.777103
673,0.500000,0.941012
782,0.500000,3.320639
882,0.500000,0.780363
898,0.500000,2.137288
418,0.500000,0.516803
943,0.500000,1.728297
940,0.500000,1.011984
698,0.500000,0.890883
335,0.500000,1.053865
611,0.500000,1.014072
193,0.500000,1.672292
246,0.500000,0.995677
52,0.500000,0.882941
262,0.500000,0.698083
394,0.500000,1.507166
21,0.500000,0.981627
672,0.500000,1.112307
998,0.500000,1.535706
574,0.500000,1.812331
23,0.500000,1.511400
114,0.500000,1.707157
467,0.500000,1.369398
364,0.500000,2.483105
586,0.500000,0.747081
201,0.500000,2.335576
48,0.500000,1.864914
889,0.500000,1.145840
366,0.500000,0.381459
951,0.500000,0.481691
818,0.500000,0.429112
959,0.500000,0.507519
956,0.500000,0.689237
679,0.500000,0.906680
781,0.500000,1.024629
529,0.500000,0.875584
546,0.500000,0.844303
790,0.500000,0.550025
354,0.500000,1.145840
387,0.500000,1.194077
352,0.500000,1.722693
835,0.500000,2.458494
736,0.500000,2.011080
851,0.500000,1.033173
156,0.500000,1.033392
728,0.500000,1.412638
295,0.500000,0.651800
89,0.500000,0.415991
993,0.500000,3.026662
589,0.500000,0.769394
Average Cost: 1.000000
Accuracy: 74.700000
Accuracy 0: 100.000000
Cost 0: 1.000000
Accuracy 1: 100.000000
Cost 1: 1.000000
Accuracy 2: 100.000000
Cost 2: 1.000000
Accuracy 3: 100.000000
Cost 3: 1.000000
Accuracy 4: 100.000000
Cost 4: 1.000000
Accuracy 5: 100.000000
Cost 5: 1.000000
Accuracy 6: 100.000000
Cost 6: 1.000000
Accuracy 7: 100.000000
Cost 7: 1.000000
Accuracy 8: 100.000000
Cost 8: 1.000000
Accuracy 9: 100.000000
Cost 9: 1.000000
