Number of Worker Pools: 1
Number of Workers in Pool 1: 1000
Original mean,standardDev for Pool 1: 4.000000,0.300000
Number of Workers in Pool 2: 1000
Original mean,standardDev for Pool 2: 3.500000,0.200000
Number of Problems: 1000
ProblemNo,Answer,TrueAnswer,Cost,Difficulty,TrueDifficulty
0,1,1,1.000000,0.000000,0.500000
1,0,1,1.000000,0.000000,0.500000
2,1,1,1.000000,0.000000,0.500000
3,1,1,1.000000,0.000000,0.500000
4,1,1,1.000000,0.000000,0.500000
5,1,1,1.000000,0.000000,0.500000
6,1,1,1.000000,0.000000,0.500000
7,0,1,1.000000,0.000000,0.500000
8,1,1,1.000000,0.000000,0.500000
9,1,1,1.000000,0.000000,0.500000
10,1,1,1.000000,0.000000,0.500000
11,1,1,1.000000,0.000000,0.500000
12,1,1,1.000000,0.000000,0.500000
13,1,1,1.000000,0.000000,0.500000
14,0,1,1.000000,0.000000,0.500000
15,1,1,1.000000,0.000000,0.500000
16,1,1,1.000000,0.000000,0.500000
17,0,1,1.000000,0.000000,0.500000
18,1,1,1.000000,0.000000,0.500000
19,1,1,1.000000,0.000000,0.500000
20,1,1,1.000000,0.000000,0.500000
21,1,1,1.000000,0.000000,0.500000
22,1,1,1.000000,0.000000,0.500000
23,0,1,1.000000,0.000000,0.500000
24,1,1,1.000000,0.000000,0.500000
25,1,1,1.000000,0.000000,0.500000
26,1,1,1.000000,0.000000,0.500000
27,1,1,1.000000,0.000000,0.500000
28,0,1,1.000000,0.000000,0.500000
29,1,1,1.000000,0.000000,0.500000
30,1,1,1.000000,0.000000,0.500000
31,0,1,1.000000,0.000000,0.500000
32,1,1,1.000000,0.000000,0.500000
33,1,1,1.000000,0.000000,0.500000
34,1,1,1.000000,0.000000,0.500000
35,1,1,1.000000,0.000000,0.500000
36,0,1,1.000000,0.000000,0.500000
37,1,1,1.000000,0.000000,0.500000
38,1,1,1.000000,0.000000,0.500000
39,1,1,1.000000,0.000000,0.500000
40,0,1,1.000000,0.000000,0.500000
41,0,1,1.000000,0.000000,0.500000
42,1,1,1.000000,0.000000,0.500000
43,1,1,1.000000,0.000000,0.500000
44,1,1,1.000000,0.000000,0.500000
45,1,1,1.000000,0.000000,0.500000
46,0,1,1.000000,0.000000,0.500000
47,0,1,1.000000,0.000000,0.500000
48,1,1,1.000000,0.000000,0.500000
49,1,1,1.000000,0.000000,0.500000
50,0,1,1.000000,0.000000,0.500000
51,0,1,1.000000,0.000000,0.500000
52,1,1,1.000000,0.000000,0.500000
53,1,1,1.000000,0.000000,0.500000
54,1,1,1.000000,0.000000,0.500000
55,1,1,1.000000,0.000000,0.500000
56,1,1,1.000000,0.000000,0.500000
57,0,1,1.000000,0.000000,0.500000
58,0,1,1.000000,0.000000,0.500000
59,1,1,1.000000,0.000000,0.500000
60,1,1,1.000000,0.000000,0.500000
61,0,1,1.000000,0.000000,0.500000
62,1,1,1.000000,0.000000,0.500000
63,1,1,1.000000,0.000000,0.500000
64,1,1,1.000000,0.000000,0.500000
65,1,1,1.000000,0.000000,0.500000
66,0,1,1.000000,0.000000,0.500000
67,0,1,1.000000,0.000000,0.500000
68,0,1,1.000000,0.000000,0.500000
69,1,1,1.000000,0.000000,0.500000
70,1,1,1.000000,0.000000,0.500000
71,1,1,1.000000,0.000000,0.500000
72,1,1,1.000000,0.000000,0.500000
73,0,1,1.000000,0.000000,0.500000
74,1,1,1.000000,0.000000,0.500000
75,1,1,1.000000,0.000000,0.500000
76,1,1,1.000000,0.000000,0.500000
77,1,1,1.000000,0.000000,0.500000
78,1,1,1.000000,0.000000,0.500000
79,1,1,1.000000,0.000000,0.500000
80,1,1,1.000000,0.000000,0.500000
81,0,1,1.000000,0.000000,0.500000
82,1,1,1.000000,0.000000,0.500000
83,1,1,1.000000,0.000000,0.500000
84,1,1,1.000000,0.000000,0.500000
85,0,1,1.000000,0.000000,0.500000
86,1,1,1.000000,0.000000,0.500000
87,1,1,1.000000,0.000000,0.500000
88,1,1,1.000000,0.000000,0.500000
89,0,1,1.000000,0.000000,0.500000
90,1,1,1.000000,0.000000,0.500000
91,1,1,1.000000,0.000000,0.500000
92,1,1,1.000000,0.000000,0.500000
93,1,1,1.000000,0.000000,0.500000
94,1,1,1.000000,0.000000,0.500000
95,1,1,1.000000,0.000000,0.500000
96,1,1,1.000000,0.000000,0.500000
97,1,1,1.000000,0.000000,0.500000
98,0,1,1.000000,0.000000,0.500000
99,1,1,1.000000,0.000000,0.500000
100,1,1,1.000000,0.000000,0.500000
101,1,1,1.000000,0.000000,0.500000
102,1,1,1.000000,0.000000,0.500000
103,1,1,1.000000,0.000000,0.500000
104,0,1,1.000000,0.000000,0.500000
105,1,1,1.000000,0.000000,0.500000
106,1,1,1.000000,0.000000,0.500000
107,1,1,1.000000,0.000000,0.500000
108,1,1,1.000000,0.000000,0.500000
109,1,1,1.000000,0.000000,0.500000
110,1,1,1.000000,0.000000,0.500000
111,1,1,1.000000,0.000000,0.500000
112,1,1,1.000000,0.000000,0.500000
113,1,1,1.000000,0.000000,0.500000
114,1,1,1.000000,0.000000,0.500000
115,1,1,1.000000,0.000000,0.500000
116,0,1,1.000000,0.000000,0.500000
117,1,1,1.000000,0.000000,0.500000
118,1,1,1.000000,0.000000,0.500000
119,1,1,1.000000,0.000000,0.500000
120,1,1,1.000000,0.000000,0.500000
121,1,1,1.000000,0.000000,0.500000
122,0,1,1.000000,0.000000,0.500000
123,0,1,1.000000,0.000000,0.500000
124,1,1,1.000000,0.000000,0.500000
125,1,1,1.000000,0.000000,0.500000
126,1,1,1.000000,0.000000,0.500000
127,1,1,1.000000,0.000000,0.500000
128,1,1,1.000000,0.000000,0.500000
129,1,1,1.000000,0.000000,0.500000
130,0,1,1.000000,0.000000,0.500000
131,0,1,1.000000,0.000000,0.500000
132,1,1,1.000000,0.000000,0.500000
133,1,1,1.000000,0.000000,0.500000
134,1,1,1.000000,0.000000,0.500000
135,1,1,1.000000,0.000000,0.500000
136,0,1,1.000000,0.000000,0.500000
137,0,1,1.000000,0.000000,0.500000
138,1,1,1.000000,0.000000,0.500000
139,1,1,1.000000,0.000000,0.500000
140,1,1,1.000000,0.000000,0.500000
141,1,1,1.000000,0.000000,0.500000
142,0,1,1.000000,0.000000,0.500000
143,1,1,1.000000,0.000000,0.500000
144,1,1,1.000000,0.000000,0.500000
145,1,1,1.000000,0.000000,0.500000
146,1,1,1.000000,0.000000,0.500000
147,1,1,1.000000,0.000000,0.500000
148,0,1,1.000000,0.000000,0.500000
149,1,1,1.000000,0.000000,0.500000
150,1,1,1.000000,0.000000,0.500000
151,1,1,1.000000,0.000000,0.500000
152,1,1,1.000000,0.000000,0.500000
153,1,1,1.000000,0.000000,0.500000
154,0,1,1.000000,0.000000,0.500000
155,1,1,1.000000,0.000000,0.500000
156,0,1,1.000000,0.000000,0.500000
157,1,1,1.000000,0.000000,0.500000
158,1,1,1.000000,0.000000,0.500000
159,0,1,1.000000,0.000000,0.500000
160,1,1,1.000000,0.000000,0.500000
161,1,1,1.000000,0.000000,0.500000
162,1,1,1.000000,0.000000,0.500000
163,1,1,1.000000,0.000000,0.500000
164,1,1,1.000000,0.000000,0.500000
165,1,1,1.000000,0.000000,0.500000
166,1,1,1.000000,0.000000,0.500000
167,0,1,1.000000,0.000000,0.500000
168,0,1,1.000000,0.000000,0.500000
169,1,1,1.000000,0.000000,0.500000
170,1,1,1.000000,0.000000,0.500000
171,0,1,1.000000,0.000000,0.500000
172,1,1,1.000000,0.000000,0.500000
173,0,1,1.000000,0.000000,0.500000
174,1,1,1.000000,0.000000,0.500000
175,1,1,1.000000,0.000000,0.500000
176,0,1,1.000000,0.000000,0.500000
177,1,1,1.000000,0.000000,0.500000
178,0,1,1.000000,0.000000,0.500000
179,1,1,1.000000,0.000000,0.500000
180,0,1,1.000000,0.000000,0.500000
181,1,1,1.000000,0.000000,0.500000
182,0,1,1.000000,0.000000,0.500000
183,1,1,1.000000,0.000000,0.500000
184,1,1,1.000000,0.000000,0.500000
185,0,1,1.000000,0.000000,0.500000
186,1,1,1.000000,0.000000,0.500000
187,1,1,1.000000,0.000000,0.500000
188,0,1,1.000000,0.000000,0.500000
189,1,1,1.000000,0.000000,0.500000
190,0,1,1.000000,0.000000,0.500000
191,0,1,1.000000,0.000000,0.500000
192,1,1,1.000000,0.000000,0.500000
193,1,1,1.000000,0.000000,0.500000
194,0,1,1.000000,0.000000,0.500000
195,0,1,1.000000,0.000000,0.500000
196,0,1,1.000000,0.000000,0.500000
197,1,1,1.000000,0.000000,0.500000
198,1,1,1.000000,0.000000,0.500000
199,1,1,1.000000,0.000000,0.500000
200,1,1,1.000000,0.000000,0.500000
201,1,1,1.000000,0.000000,0.500000
202,1,1,1.000000,0.000000,0.500000
203,1,1,1.000000,0.000000,0.500000
204,1,1,1.000000,0.000000,0.500000
205,1,1,1.000000,0.000000,0.500000
206,1,1,1.000000,0.000000,0.500000
207,0,1,1.000000,0.000000,0.500000
208,0,1,1.000000,0.000000,0.500000
209,1,1,1.000000,0.000000,0.500000
210,1,1,1.000000,0.000000,0.500000
211,1,1,1.000000,0.000000,0.500000
212,0,1,1.000000,0.000000,0.500000
213,1,1,1.000000,0.000000,0.500000
214,1,1,1.000000,0.000000,0.500000
215,1,1,1.000000,0.000000,0.500000
216,1,1,1.000000,0.000000,0.500000
217,1,1,1.000000,0.000000,0.500000
218,1,1,1.000000,0.000000,0.500000
219,0,1,1.000000,0.000000,0.500000
220,1,1,1.000000,0.000000,0.500000
221,1,1,1.000000,0.000000,0.500000
222,1,1,1.000000,0.000000,0.500000
223,1,1,1.000000,0.000000,0.500000
224,1,1,1.000000,0.000000,0.500000
225,1,1,1.000000,0.000000,0.500000
226,0,1,1.000000,0.000000,0.500000
227,1,1,1.000000,0.000000,0.500000
228,1,1,1.000000,0.000000,0.500000
229,1,1,1.000000,0.000000,0.500000
230,1,1,1.000000,0.000000,0.500000
231,1,1,1.000000,0.000000,0.500000
232,0,1,1.000000,0.000000,0.500000
233,1,1,1.000000,0.000000,0.500000
234,1,1,1.000000,0.000000,0.500000
235,1,1,1.000000,0.000000,0.500000
236,0,1,1.000000,0.000000,0.500000
237,1,1,1.000000,0.000000,0.500000
238,0,1,1.000000,0.000000,0.500000
239,0,1,1.000000,0.000000,0.500000
240,1,1,1.000000,0.000000,0.500000
241,1,1,1.000000,0.000000,0.500000
242,1,1,1.000000,0.000000,0.500000
243,1,1,1.000000,0.000000,0.500000
244,0,1,1.000000,0.000000,0.500000
245,1,1,1.000000,0.000000,0.500000
246,0,1,1.000000,0.000000,0.500000
247,1,1,1.000000,0.000000,0.500000
248,1,1,1.000000,0.000000,0.500000
249,0,1,1.000000,0.000000,0.500000
250,0,1,1.000000,0.000000,0.500000
251,1,1,1.000000,0.000000,0.500000
252,1,1,1.000000,0.000000,0.500000
253,1,1,1.000000,0.000000,0.500000
254,0,1,1.000000,0.000000,0.500000
255,1,1,1.000000,0.000000,0.500000
256,1,1,1.000000,0.000000,0.500000
257,0,1,1.000000,0.000000,0.500000
258,1,1,1.000000,0.000000,0.500000
259,0,1,1.000000,0.000000,0.500000
260,0,1,1.000000,0.000000,0.500000
261,1,1,1.000000,0.000000,0.500000
262,0,1,1.000000,0.000000,0.500000
263,0,1,1.000000,0.000000,0.500000
264,1,1,1.000000,0.000000,0.500000
265,1,1,1.000000,0.000000,0.500000
266,0,1,1.000000,0.000000,0.500000
267,1,1,1.000000,0.000000,0.500000
268,1,1,1.000000,0.000000,0.500000
269,1,1,1.000000,0.000000,0.500000
270,1,1,1.000000,0.000000,0.500000
271,0,1,1.000000,0.000000,0.500000
272,1,1,1.000000,0.000000,0.500000
273,1,1,1.000000,0.000000,0.500000
274,1,1,1.000000,0.000000,0.500000
275,1,1,1.000000,0.000000,0.500000
276,1,1,1.000000,0.000000,0.500000
277,1,1,1.000000,0.000000,0.500000
278,0,1,1.000000,0.000000,0.500000
279,1,1,1.000000,0.000000,0.500000
280,1,1,1.000000,0.000000,0.500000
281,0,1,1.000000,0.000000,0.500000
282,0,1,1.000000,0.000000,0.500000
283,1,1,1.000000,0.000000,0.500000
284,1,1,1.000000,0.000000,0.500000
285,0,1,1.000000,0.000000,0.500000
286,1,1,1.000000,0.000000,0.500000
287,1,1,1.000000,0.000000,0.500000
288,1,1,1.000000,0.000000,0.500000
289,0,1,1.000000,0.000000,0.500000
290,1,1,1.000000,0.000000,0.500000
291,1,1,1.000000,0.000000,0.500000
292,1,1,1.000000,0.000000,0.500000
293,1,1,1.000000,0.000000,0.500000
294,1,1,1.000000,0.000000,0.500000
295,0,1,1.000000,0.000000,0.500000
296,1,1,1.000000,0.000000,0.500000
297,0,1,1.000000,0.000000,0.500000
298,1,1,1.000000,0.000000,0.500000
299,0,1,1.000000,0.000000,0.500000
300,1,1,1.000000,0.000000,0.500000
301,1,1,1.000000,0.000000,0.500000
302,0,1,1.000000,0.000000,0.500000
303,1,1,1.000000,0.000000,0.500000
304,0,1,1.000000,0.000000,0.500000
305,1,1,1.000000,0.000000,0.500000
306,1,1,1.000000,0.000000,0.500000
307,1,1,1.000000,0.000000,0.500000
308,0,1,1.000000,0.000000,0.500000
309,1,1,1.000000,0.000000,0.500000
310,0,1,1.000000,0.000000,0.500000
311,1,1,1.000000,0.000000,0.500000
312,0,1,1.000000,0.000000,0.500000
313,1,1,1.000000,0.000000,0.500000
314,0,1,1.000000,0.000000,0.500000
315,1,1,1.000000,0.000000,0.500000
316,1,1,1.000000,0.000000,0.500000
317,1,1,1.000000,0.000000,0.500000
318,0,1,1.000000,0.000000,0.500000
319,1,1,1.000000,0.000000,0.500000
320,0,1,1.000000,0.000000,0.500000
321,1,1,1.000000,0.000000,0.500000
322,1,1,1.000000,0.000000,0.500000
323,1,1,1.000000,0.000000,0.500000
324,0,1,1.000000,0.000000,0.500000
325,1,1,1.000000,0.000000,0.500000
326,1,1,1.000000,0.000000,0.500000
327,1,1,1.000000,0.000000,0.500000
328,0,1,1.000000,0.000000,0.500000
329,1,1,1.000000,0.000000,0.500000
330,0,1,1.000000,0.000000,0.500000
331,0,1,1.000000,0.000000,0.500000
332,1,1,1.000000,0.000000,0.500000
333,1,1,1.000000,0.000000,0.500000
334,1,1,1.000000,0.000000,0.500000
335,1,1,1.000000,0.000000,0.500000
336,1,1,1.000000,0.000000,0.500000
337,1,1,1.000000,0.000000,0.500000
338,0,1,1.000000,0.000000,0.500000
339,1,1,1.000000,0.000000,0.500000
340,1,1,1.000000,0.000000,0.500000
341,1,1,1.000000,0.000000,0.500000
342,1,1,1.000000,0.000000,0.500000
343,1,1,1.000000,0.000000,0.500000
344,1,1,1.000000,0.000000,0.500000
345,0,1,1.000000,0.000000,0.500000
346,1,1,1.000000,0.000000,0.500000
347,0,1,1.000000,0.000000,0.500000
348,1,1,1.000000,0.000000,0.500000
349,1,1,1.000000,0.000000,0.500000
350,1,1,1.000000,0.000000,0.500000
351,1,1,1.000000,0.000000,0.500000
352,1,1,1.000000,0.000000,0.500000
353,1,1,1.000000,0.000000,0.500000
354,1,1,1.000000,0.000000,0.500000
355,1,1,1.000000,0.000000,0.500000
356,1,1,1.000000,0.000000,0.500000
357,1,1,1.000000,0.000000,0.500000
358,1,1,1.000000,0.000000,0.500000
359,1,1,1.000000,0.000000,0.500000
360,1,1,1.000000,0.000000,0.500000
361,1,1,1.000000,0.000000,0.500000
362,1,1,1.000000,0.000000,0.500000
363,0,1,1.000000,0.000000,0.500000
364,1,1,1.000000,0.000000,0.500000
365,0,1,1.000000,0.000000,0.500000
366,0,1,1.000000,0.000000,0.500000
367,1,1,1.000000,0.000000,0.500000
368,1,1,1.000000,0.000000,0.500000
369,1,1,1.000000,0.000000,0.500000
370,1,1,1.000000,0.000000,0.500000
371,1,1,1.000000,0.000000,0.500000
372,1,1,1.000000,0.000000,0.500000
373,1,1,1.000000,0.000000,0.500000
374,0,1,1.000000,0.000000,0.500000
375,1,1,1.000000,0.000000,0.500000
376,1,1,1.000000,0.000000,0.500000
377,1,1,1.000000,0.000000,0.500000
378,1,1,1.000000,0.000000,0.500000
379,0,1,1.000000,0.000000,0.500000
380,1,1,1.000000,0.000000,0.500000
381,1,1,1.000000,0.000000,0.500000
382,1,1,1.000000,0.000000,0.500000
383,1,1,1.000000,0.000000,0.500000
384,0,1,1.000000,0.000000,0.500000
385,1,1,1.000000,0.000000,0.500000
386,1,1,1.000000,0.000000,0.500000
387,1,1,1.000000,0.000000,0.500000
388,0,1,1.000000,0.000000,0.500000
389,1,1,1.000000,0.000000,0.500000
390,0,1,1.000000,0.000000,0.500000
391,1,1,1.000000,0.000000,0.500000
392,1,1,1.000000,0.000000,0.500000
393,1,1,1.000000,0.000000,0.500000
394,1,1,1.000000,0.000000,0.500000
395,1,1,1.000000,0.000000,0.500000
396,1,1,1.000000,0.000000,0.500000
397,1,1,1.000000,0.000000,0.500000
398,1,1,1.000000,0.000000,0.500000
399,1,1,1.000000,0.000000,0.500000
400,1,1,1.000000,0.000000,0.500000
401,1,1,1.000000,0.000000,0.500000
402,1,1,1.000000,0.000000,0.500000
403,1,1,1.000000,0.000000,0.500000
404,1,1,1.000000,0.000000,0.500000
405,1,1,1.000000,0.000000,0.500000
406,0,1,1.000000,0.000000,0.500000
407,1,1,1.000000,0.000000,0.500000
408,1,1,1.000000,0.000000,0.500000
409,1,1,1.000000,0.000000,0.500000
410,1,1,1.000000,0.000000,0.500000
411,0,1,1.000000,0.000000,0.500000
412,1,1,1.000000,0.000000,0.500000
413,1,1,1.000000,0.000000,0.500000
414,1,1,1.000000,0.000000,0.500000
415,0,1,1.000000,0.000000,0.500000
416,1,1,1.000000,0.000000,0.500000
417,0,1,1.000000,0.000000,0.500000
418,1,1,1.000000,0.000000,0.500000
419,1,1,1.000000,0.000000,0.500000
420,1,1,1.000000,0.000000,0.500000
421,1,1,1.000000,0.000000,0.500000
422,1,1,1.000000,0.000000,0.500000
423,1,1,1.000000,0.000000,0.500000
424,1,1,1.000000,0.000000,0.500000
425,1,1,1.000000,0.000000,0.500000
426,1,1,1.000000,0.000000,0.500000
427,1,1,1.000000,0.000000,0.500000
428,1,1,1.000000,0.000000,0.500000
429,1,1,1.000000,0.000000,0.500000
430,0,1,1.000000,0.000000,0.500000
431,1,1,1.000000,0.000000,0.500000
432,1,1,1.000000,0.000000,0.500000
433,1,1,1.000000,0.000000,0.500000
434,1,1,1.000000,0.000000,0.500000
435,1,1,1.000000,0.000000,0.500000
436,0,1,1.000000,0.000000,0.500000
437,1,1,1.000000,0.000000,0.500000
438,1,1,1.000000,0.000000,0.500000
439,1,1,1.000000,0.000000,0.500000
440,1,1,1.000000,0.000000,0.500000
441,0,1,1.000000,0.000000,0.500000
442,1,1,1.000000,0.000000,0.500000
443,0,1,1.000000,0.000000,0.500000
444,1,1,1.000000,0.000000,0.500000
445,0,1,1.000000,0.000000,0.500000
446,1,1,1.000000,0.000000,0.500000
447,1,1,1.000000,0.000000,0.500000
448,0,1,1.000000,0.000000,0.500000
449,1,1,1.000000,0.000000,0.500000
450,0,1,1.000000,0.000000,0.500000
451,0,1,1.000000,0.000000,0.500000
452,0,1,1.000000,0.000000,0.500000
453,1,1,1.000000,0.000000,0.500000
454,1,1,1.000000,0.000000,0.500000
455,1,1,1.000000,0.000000,0.500000
456,1,1,1.000000,0.000000,0.500000
457,0,1,1.000000,0.000000,0.500000
458,1,1,1.000000,0.000000,0.500000
459,1,1,1.000000,0.000000,0.500000
460,1,1,1.000000,0.000000,0.500000
461,1,1,1.000000,0.000000,0.500000
462,1,1,1.000000,0.000000,0.500000
463,1,1,1.000000,0.000000,0.500000
464,1,1,1.000000,0.000000,0.500000
465,0,1,1.000000,0.000000,0.500000
466,1,1,1.000000,0.000000,0.500000
467,1,1,1.000000,0.000000,0.500000
468,1,1,1.000000,0.000000,0.500000
469,1,1,1.000000,0.000000,0.500000
470,1,1,1.000000,0.000000,0.500000
471,1,1,1.000000,0.000000,0.500000
472,1,1,1.000000,0.000000,0.500000
473,0,1,1.000000,0.000000,0.500000
474,0,1,1.000000,0.000000,0.500000
475,1,1,1.000000,0.000000,0.500000
476,0,1,1.000000,0.000000,0.500000
477,0,1,1.000000,0.000000,0.500000
478,1,1,1.000000,0.000000,0.500000
479,0,1,1.000000,0.000000,0.500000
480,1,1,1.000000,0.000000,0.500000
481,0,1,1.000000,0.000000,0.500000
482,0,1,1.000000,0.000000,0.500000
483,1,1,1.000000,0.000000,0.500000
484,0,1,1.000000,0.000000,0.500000
485,1,1,1.000000,0.000000,0.500000
486,1,1,1.000000,0.000000,0.500000
487,1,1,1.000000,0.000000,0.500000
488,1,1,1.000000,0.000000,0.500000
489,1,1,1.000000,0.000000,0.500000
490,1,1,1.000000,0.000000,0.500000
491,1,1,1.000000,0.000000,0.500000
492,1,1,1.000000,0.000000,0.500000
493,1,1,1.000000,0.000000,0.500000
494,1,1,1.000000,0.000000,0.500000
495,1,1,1.000000,0.000000,0.500000
496,0,1,1.000000,0.000000,0.500000
497,1,1,1.000000,0.000000,0.500000
498,1,1,1.000000,0.000000,0.500000
499,0,1,1.000000,0.000000,0.500000
500,1,1,1.000000,0.000000,0.500000
501,0,1,1.000000,0.000000,0.500000
502,1,1,1.000000,0.000000,0.500000
503,0,0,1.000000,0.000000,0.500000
504,1,1,1.000000,0.000000,0.500000
505,1,1,1.000000,0.000000,0.500000
506,1,1,1.000000,0.000000,0.500000
507,0,1,1.000000,0.000000,0.500000
508,0,0,1.000000,0.000000,0.500000
509,1,1,1.000000,0.000000,0.500000
510,1,1,1.000000,0.000000,0.500000
511,1,1,1.000000,0.000000,0.500000
512,1,1,1.000000,0.000000,0.500000
513,1,1,1.000000,0.000000,0.500000
514,1,1,1.000000,0.000000,0.500000
515,1,1,1.000000,0.000000,0.500000
516,0,1,1.000000,0.000000,0.500000
517,1,1,1.000000,0.000000,0.500000
518,1,1,1.000000,0.000000,0.500000
519,1,1,1.000000,0.000000,0.500000
520,0,1,1.000000,0.000000,0.500000
521,1,1,1.000000,0.000000,0.500000
522,1,1,1.000000,0.000000,0.500000
523,0,1,1.000000,0.000000,0.500000
524,1,1,1.000000,0.000000,0.500000
525,0,1,1.000000,0.000000,0.500000
526,0,1,1.000000,0.000000,0.500000
527,1,1,1.000000,0.000000,0.500000
528,1,1,1.000000,0.000000,0.500000
529,1,1,1.000000,0.000000,0.500000
530,1,1,1.000000,0.000000,0.500000
531,1,1,1.000000,0.000000,0.500000
532,1,1,1.000000,0.000000,0.500000
533,0,1,1.000000,0.000000,0.500000
534,0,1,1.000000,0.000000,0.500000
535,1,1,1.000000,0.000000,0.500000
536,1,1,1.000000,0.000000,0.500000
537,1,1,1.000000,0.000000,0.500000
538,1,1,1.000000,0.000000,0.500000
539,0,1,1.000000,0.000000,0.500000
540,1,1,1.000000,0.000000,0.500000
541,1,1,1.000000,0.000000,0.500000
542,1,1,1.000000,0.000000,0.500000
543,1,1,1.000000,0.000000,0.500000
544,1,1,1.000000,0.000000,0.500000
545,1,1,1.000000,0.000000,0.500000
546,1,1,1.000000,0.000000,0.500000
547,1,1,1.000000,0.000000,0.500000
548,1,1,1.000000,0.000000,0.500000
549,0,1,1.000000,0.000000,0.500000
550,1,1,1.000000,0.000000,0.500000
551,1,1,1.000000,0.000000,0.500000
552,1,1,1.000000,0.000000,0.500000
553,1,1,1.000000,0.000000,0.500000
554,0,1,1.000000,0.000000,0.500000
555,1,1,1.000000,0.000000,0.500000
556,1,1,1.000000,0.000000,0.500000
557,1,1,1.000000,0.000000,0.500000
558,1,1,1.000000,0.000000,0.500000
559,1,1,1.000000,0.000000,0.500000
560,1,1,1.000000,0.000000,0.500000
561,1,1,1.000000,0.000000,0.500000
562,1,1,1.000000,0.000000,0.500000
563,0,1,1.000000,0.000000,0.500000
564,1,1,1.000000,0.000000,0.500000
565,0,1,1.000000,0.000000,0.500000
566,1,1,1.000000,0.000000,0.500000
567,0,1,1.000000,0.000000,0.500000
568,1,1,1.000000,0.000000,0.500000
569,1,1,1.000000,0.000000,0.500000
570,1,1,1.000000,0.000000,0.500000
571,1,1,1.000000,0.000000,0.500000
572,1,1,1.000000,0.000000,0.500000
573,0,1,1.000000,0.000000,0.500000
574,1,1,1.000000,0.000000,0.500000
575,0,1,1.000000,0.000000,0.500000
576,1,1,1.000000,0.000000,0.500000
577,0,1,1.000000,0.000000,0.500000
578,1,1,1.000000,0.000000,0.500000
579,1,1,1.000000,0.000000,0.500000
580,1,1,1.000000,0.000000,0.500000
581,1,1,1.000000,0.000000,0.500000
582,0,1,1.000000,0.000000,0.500000
583,1,1,1.000000,0.000000,0.500000
584,0,1,1.000000,0.000000,0.500000
585,1,1,1.000000,0.000000,0.500000
586,0,1,1.000000,0.000000,0.500000
587,1,1,1.000000,0.000000,0.500000
588,1,1,1.000000,0.000000,0.500000
589,1,1,1.000000,0.000000,0.500000
590,1,1,1.000000,0.000000,0.500000
591,1,1,1.000000,0.000000,0.500000
592,1,1,1.000000,0.000000,0.500000
593,0,1,1.000000,0.000000,0.500000
594,1,1,1.000000,0.000000,0.500000
595,0,1,1.000000,0.000000,0.500000
596,1,1,1.000000,0.000000,0.500000
597,1,1,1.000000,0.000000,0.500000
598,1,1,1.000000,0.000000,0.500000
599,0,1,1.000000,0.000000,0.500000
600,0,1,1.000000,0.000000,0.500000
601,1,1,1.000000,0.000000,0.500000
602,1,1,1.000000,0.000000,0.500000
603,1,1,1.000000,0.000000,0.500000
604,0,1,1.000000,0.000000,0.500000
605,1,1,1.000000,0.000000,0.500000
606,0,1,1.000000,0.000000,0.500000
607,1,1,1.000000,0.000000,0.500000
608,1,1,1.000000,0.000000,0.500000
609,1,1,1.000000,0.000000,0.500000
610,1,1,1.000000,0.000000,0.500000
611,1,1,1.000000,0.000000,0.500000
612,1,1,1.000000,0.000000,0.500000
613,1,1,1.000000,0.000000,0.500000
614,0,1,1.000000,0.000000,0.500000
615,0,1,1.000000,0.000000,0.500000
616,1,1,1.000000,0.000000,0.500000
617,1,1,1.000000,0.000000,0.500000
618,1,1,1.000000,0.000000,0.500000
619,1,1,1.000000,0.000000,0.500000
620,1,1,1.000000,0.000000,0.500000
621,1,1,1.000000,0.000000,0.500000
622,1,1,1.000000,0.000000,0.500000
623,1,1,1.000000,0.000000,0.500000
624,1,1,1.000000,0.000000,0.500000
625,1,1,1.000000,0.000000,0.500000
626,0,1,1.000000,0.000000,0.500000
627,0,1,1.000000,0.000000,0.500000
628,1,1,1.000000,0.000000,0.500000
629,1,1,1.000000,0.000000,0.500000
630,1,1,1.000000,0.000000,0.500000
631,1,1,1.000000,0.000000,0.500000
632,0,1,1.000000,0.000000,0.500000
633,1,1,1.000000,0.000000,0.500000
634,0,1,1.000000,0.000000,0.500000
635,1,1,1.000000,0.000000,0.500000
636,0,1,1.000000,0.000000,0.500000
637,1,1,1.000000,0.000000,0.500000
638,0,1,1.000000,0.000000,0.500000
639,1,1,1.000000,0.000000,0.500000
640,0,1,1.000000,0.000000,0.500000
641,1,1,1.000000,0.000000,0.500000
642,1,1,1.000000,0.000000,0.500000
643,1,1,1.000000,0.000000,0.500000
644,1,1,1.000000,0.000000,0.500000
645,1,1,1.000000,0.000000,0.500000
646,0,1,1.000000,0.000000,0.500000
647,1,1,1.000000,0.000000,0.500000
648,0,1,1.000000,0.000000,0.500000
649,1,1,1.000000,0.000000,0.500000
650,0,1,1.000000,0.000000,0.500000
651,1,1,1.000000,0.000000,0.500000
652,0,1,1.000000,0.000000,0.500000
653,0,1,1.000000,0.000000,0.500000
654,1,1,1.000000,0.000000,0.500000
655,1,1,1.000000,0.000000,0.500000
656,1,1,1.000000,0.000000,0.500000
657,0,1,1.000000,0.000000,0.500000
658,1,1,1.000000,0.000000,0.500000
659,1,1,1.000000,0.000000,0.500000
660,0,1,1.000000,0.000000,0.500000
661,1,1,1.000000,0.000000,0.500000
662,1,1,1.000000,0.000000,0.500000
663,0,1,1.000000,0.000000,0.500000
664,1,1,1.000000,0.000000,0.500000
665,1,1,1.000000,0.000000,0.500000
666,1,1,1.000000,0.000000,0.500000
667,1,1,1.000000,0.000000,0.500000
668,1,1,1.000000,0.000000,0.500000
669,0,1,1.000000,0.000000,0.500000
670,0,0,1.000000,0.000000,0.500000
671,0,1,1.000000,0.000000,0.500000
672,0,1,1.000000,0.000000,0.500000
673,0,1,1.000000,0.000000,0.500000
674,0,1,1.000000,0.000000,0.500000
675,0,1,1.000000,0.000000,0.500000
676,1,1,1.000000,0.000000,0.500000
677,1,1,1.000000,0.000000,0.500000
678,0,1,1.000000,0.000000,0.500000
679,1,1,1.000000,0.000000,0.500000
680,1,1,1.000000,0.000000,0.500000
681,1,1,1.000000,0.000000,0.500000
682,0,1,1.000000,0.000000,0.500000
683,1,1,1.000000,0.000000,0.500000
684,1,1,1.000000,0.000000,0.500000
685,0,1,1.000000,0.000000,0.500000
686,1,1,1.000000,0.000000,0.500000
687,1,1,1.000000,0.000000,0.500000
688,0,1,1.000000,0.000000,0.500000
689,1,1,1.000000,0.000000,0.500000
690,1,1,1.000000,0.000000,0.500000
691,1,1,1.000000,0.000000,0.500000
692,1,1,1.000000,0.000000,0.500000
693,1,1,1.000000,0.000000,0.500000
694,1,1,1.000000,0.000000,0.500000
695,1,1,1.000000,0.000000,0.500000
696,1,1,1.000000,0.000000,0.500000
697,1,1,1.000000,0.000000,0.500000
698,1,1,1.000000,0.000000,0.500000
699,0,0,1.000000,0.000000,0.500000
700,1,1,1.000000,0.000000,0.500000
701,0,0,1.000000,0.000000,0.500000
702,0,1,1.000000,0.000000,0.500000
703,0,1,1.000000,0.000000,0.500000
704,1,1,1.000000,0.000000,0.500000
705,1,1,1.000000,0.000000,0.500000
706,0,1,1.000000,0.000000,0.500000
707,1,1,1.000000,0.000000,0.500000
708,1,1,1.000000,0.000000,0.500000
709,0,1,1.000000,0.000000,0.500000
710,1,1,1.000000,0.000000,0.500000
711,1,1,1.000000,0.000000,0.500000
712,1,1,1.000000,0.000000,0.500000
713,0,1,1.000000,0.000000,0.500000
714,1,1,1.000000,0.000000,0.500000
715,1,1,1.000000,0.000000,0.500000
716,1,1,1.000000,0.000000,0.500000
717,1,1,1.000000,0.000000,0.500000
718,1,1,1.000000,0.000000,0.500000
719,1,1,1.000000,0.000000,0.500000
720,1,1,1.000000,0.000000,0.500000
721,0,1,1.000000,0.000000,0.500000
722,0,1,1.000000,0.000000,0.500000
723,0,1,1.000000,0.000000,0.500000
724,1,1,1.000000,0.000000,0.500000
725,1,1,1.000000,0.000000,0.500000
726,0,1,1.000000,0.000000,0.500000
727,1,1,1.000000,0.000000,0.500000
728,1,1,1.000000,0.000000,0.500000
729,0,1,1.000000,0.000000,0.500000
730,1,1,1.000000,0.000000,0.500000
731,1,1,1.000000,0.000000,0.500000
732,1,1,1.000000,0.000000,0.500000
733,1,1,1.000000,0.000000,0.500000
734,0,1,1.000000,0.000000,0.500000
735,0,1,1.000000,0.000000,0.500000
736,0,1,1.000000,0.000000,0.500000
737,1,1,1.000000,0.000000,0.500000
738,1,1,1.000000,0.000000,0.500000
739,1,1,1.000000,0.000000,0.500000
740,1,1,1.000000,0.000000,0.500000
741,0,1,1.000000,0.000000,0.500000
742,1,1,1.000000,0.000000,0.500000
743,1,1,1.000000,0.000000,0.500000
744,1,1,1.000000,0.000000,0.500000
745,1,1,1.000000,0.000000,0.500000
746,0,1,1.000000,0.000000,0.500000
747,1,1,1.000000,0.000000,0.500000
748,1,1,1.000000,0.000000,0.500000
749,1,1,1.000000,0.000000,0.500000
750,1,1,1.000000,0.000000,0.500000
751,1,1,1.000000,0.000000,0.500000
752,0,1,1.000000,0.000000,0.500000
753,0,1,1.000000,0.000000,0.500000
754,1,1,1.000000,0.000000,0.500000
755,1,1,1.000000,0.000000,0.500000
756,0,1,1.000000,0.000000,0.500000
757,0,1,1.000000,0.000000,0.500000
758,0,1,1.000000,0.000000,0.500000
759,1,1,1.000000,0.000000,0.500000
760,1,1,1.000000,0.000000,0.500000
761,1,1,1.000000,0.000000,0.500000
762,1,1,1.000000,0.000000,0.500000
763,1,1,1.000000,0.000000,0.500000
764,1,1,1.000000,0.000000,0.500000
765,0,1,1.000000,0.000000,0.500000
766,1,1,1.000000,0.000000,0.500000
767,1,1,1.000000,0.000000,0.500000
768,0,1,1.000000,0.000000,0.500000
769,0,1,1.000000,0.000000,0.500000
770,1,1,1.000000,0.000000,0.500000
771,1,1,1.000000,0.000000,0.500000
772,1,1,1.000000,0.000000,0.500000
773,1,1,1.000000,0.000000,0.500000
774,1,1,1.000000,0.000000,0.500000
775,1,1,1.000000,0.000000,0.500000
776,0,1,1.000000,0.000000,0.500000
777,1,1,1.000000,0.000000,0.500000
778,0,1,1.000000,0.000000,0.500000
779,1,1,1.000000,0.000000,0.500000
780,1,1,1.000000,0.000000,0.500000
781,1,1,1.000000,0.000000,0.500000
782,1,1,1.000000,0.000000,0.500000
783,1,1,1.000000,0.000000,0.500000
784,1,1,1.000000,0.000000,0.500000
785,1,1,1.000000,0.000000,0.500000
786,1,1,1.000000,0.000000,0.500000
787,1,1,1.000000,0.000000,0.500000
788,1,1,1.000000,0.000000,0.500000
789,1,1,1.000000,0.000000,0.500000
790,1,1,1.000000,0.000000,0.500000
791,0,1,1.000000,0.000000,0.500000
792,1,1,1.000000,0.000000,0.500000
793,0,1,1.000000,0.000000,0.500000
794,0,1,1.000000,0.000000,0.500000
795,1,1,1.000000,0.000000,0.500000
796,1,1,1.000000,0.000000,0.500000
797,1,1,1.000000,0.000000,0.500000
798,1,1,1.000000,0.000000,0.500000
799,1,1,1.000000,0.000000,0.500000
800,0,1,1.000000,0.000000,0.500000
801,1,1,1.000000,0.000000,0.500000
802,1,1,1.000000,0.000000,0.500000
803,1,1,1.000000,0.000000,0.500000
804,1,1,1.000000,0.000000,0.500000
805,0,1,1.000000,0.000000,0.500000
806,1,1,1.000000,0.000000,0.500000
807,1,1,1.000000,0.000000,0.500000
808,1,1,1.000000,0.000000,0.500000
809,1,1,1.000000,0.000000,0.500000
810,0,1,1.000000,0.000000,0.500000
811,1,1,1.000000,0.000000,0.500000
812,0,1,1.000000,0.000000,0.500000
813,1,1,1.000000,0.000000,0.500000
814,0,1,1.000000,0.000000,0.500000
815,1,1,1.000000,0.000000,0.500000
816,0,1,1.000000,0.000000,0.500000
817,1,1,1.000000,0.000000,0.500000
818,1,1,1.000000,0.000000,0.500000
819,1,1,1.000000,0.000000,0.500000
820,0,1,1.000000,0.000000,0.500000
821,1,1,1.000000,0.000000,0.500000
822,1,1,1.000000,0.000000,0.500000
823,0,1,1.000000,0.000000,0.500000
824,1,1,1.000000,0.000000,0.500000
825,1,1,1.000000,0.000000,0.500000
826,0,1,1.000000,0.000000,0.500000
827,1,1,1.000000,0.000000,0.500000
828,1,1,1.000000,0.000000,0.500000
829,1,1,1.000000,0.000000,0.500000
830,1,1,1.000000,0.000000,0.500000
831,1,1,1.000000,0.000000,0.500000
832,1,1,1.000000,0.000000,0.500000
833,0,1,1.000000,0.000000,0.500000
834,0,1,1.000000,0.000000,0.500000
835,1,1,1.000000,0.000000,0.500000
836,1,1,1.000000,0.000000,0.500000
837,1,1,1.000000,0.000000,0.500000
838,1,1,1.000000,0.000000,0.500000
839,1,1,1.000000,0.000000,0.500000
840,1,1,1.000000,0.000000,0.500000
841,0,1,1.000000,0.000000,0.500000
842,1,1,1.000000,0.000000,0.500000
843,1,1,1.000000,0.000000,0.500000
844,1,1,1.000000,0.000000,0.500000
845,1,1,1.000000,0.000000,0.500000
846,1,1,1.000000,0.000000,0.500000
847,1,1,1.000000,0.000000,0.500000
848,1,1,1.000000,0.000000,0.500000
849,1,1,1.000000,0.000000,0.500000
850,1,1,1.000000,0.000000,0.500000
851,1,1,1.000000,0.000000,0.500000
852,0,1,1.000000,0.000000,0.500000
853,1,1,1.000000,0.000000,0.500000
854,1,1,1.000000,0.000000,0.500000
855,1,1,1.000000,0.000000,0.500000
856,1,1,1.000000,0.000000,0.500000
857,1,1,1.000000,0.000000,0.500000
858,1,1,1.000000,0.000000,0.500000
859,1,1,1.000000,0.000000,0.500000
860,0,1,1.000000,0.000000,0.500000
861,0,1,1.000000,0.000000,0.500000
862,1,1,1.000000,0.000000,0.500000
863,1,1,1.000000,0.000000,0.500000
864,1,1,1.000000,0.000000,0.500000
865,1,1,1.000000,0.000000,0.500000
866,1,1,1.000000,0.000000,0.500000
867,0,1,1.000000,0.000000,0.500000
868,1,1,1.000000,0.000000,0.500000
869,1,1,1.000000,0.000000,0.500000
870,1,1,1.000000,0.000000,0.500000
871,1,1,1.000000,0.000000,0.500000
872,0,1,1.000000,0.000000,0.500000
873,1,1,1.000000,0.000000,0.500000
874,0,1,1.000000,0.000000,0.500000
875,1,1,1.000000,0.000000,0.500000
876,1,1,1.000000,0.000000,0.500000
877,1,1,1.000000,0.000000,0.500000
878,1,1,1.000000,0.000000,0.500000
879,1,1,1.000000,0.000000,0.500000
880,1,1,1.000000,0.000000,0.500000
881,1,1,1.000000,0.000000,0.500000
882,1,1,1.000000,0.000000,0.500000
883,1,1,1.000000,0.000000,0.500000
884,0,1,1.000000,0.000000,0.500000
885,0,1,1.000000,0.000000,0.500000
886,1,1,1.000000,0.000000,0.500000
887,0,1,1.000000,0.000000,0.500000
888,1,1,1.000000,0.000000,0.500000
889,1,1,1.000000,0.000000,0.500000
890,1,1,1.000000,0.000000,0.500000
891,1,1,1.000000,0.000000,0.500000
892,1,1,1.000000,0.000000,0.500000
893,0,1,1.000000,0.000000,0.500000
894,1,1,1.000000,0.000000,0.500000
895,1,1,1.000000,0.000000,0.500000
896,1,1,1.000000,0.000000,0.500000
897,1,1,1.000000,0.000000,0.500000
898,1,1,1.000000,0.000000,0.500000
899,0,1,1.000000,0.000000,0.500000
900,1,1,1.000000,0.000000,0.500000
901,0,1,1.000000,0.000000,0.500000
902,1,1,1.000000,0.000000,0.500000
903,1,1,1.000000,0.000000,0.500000
904,1,1,1.000000,0.000000,0.500000
905,0,1,1.000000,0.000000,0.500000
906,1,1,1.000000,0.000000,0.500000
907,1,1,1.000000,0.000000,0.500000
908,0,1,1.000000,0.000000,0.500000
909,1,1,1.000000,0.000000,0.500000
910,0,1,1.000000,0.000000,0.500000
911,1,1,1.000000,0.000000,0.500000
912,1,1,1.000000,0.000000,0.500000
913,1,1,1.000000,0.000000,0.500000
914,1,1,1.000000,0.000000,0.500000
915,1,1,1.000000,0.000000,0.500000
916,0,1,1.000000,0.000000,0.500000
917,1,1,1.000000,0.000000,0.500000
918,1,1,1.000000,0.000000,0.500000
919,1,1,1.000000,0.000000,0.500000
920,0,1,1.000000,0.000000,0.500000
921,0,1,1.000000,0.000000,0.500000
922,1,1,1.000000,0.000000,0.500000
923,1,1,1.000000,0.000000,0.500000
924,1,1,1.000000,0.000000,0.500000
925,1,1,1.000000,0.000000,0.500000
926,1,1,1.000000,0.000000,0.500000
927,1,1,1.000000,0.000000,0.500000
928,1,1,1.000000,0.000000,0.500000
929,0,1,1.000000,0.000000,0.500000
930,1,1,1.000000,0.000000,0.500000
931,1,1,1.000000,0.000000,0.500000
932,1,1,1.000000,0.000000,0.500000
933,1,1,1.000000,0.000000,0.500000
934,1,1,1.000000,0.000000,0.500000
935,0,1,1.000000,0.000000,0.500000
936,1,1,1.000000,0.000000,0.500000
937,0,1,1.000000,0.000000,0.500000
938,1,1,1.000000,0.000000,0.500000
939,0,1,1.000000,0.000000,0.500000
940,1,1,1.000000,0.000000,0.500000
941,1,1,1.000000,0.000000,0.500000
942,0,1,1.000000,0.000000,0.500000
943,1,1,1.000000,0.000000,0.500000
944,1,1,1.000000,0.000000,0.500000
945,1,1,1.000000,0.000000,0.500000
946,1,1,1.000000,0.000000,0.500000
947,1,1,1.000000,0.000000,0.500000
948,0,1,1.000000,0.000000,0.500000
949,0,1,1.000000,0.000000,0.500000
950,1,1,1.000000,0.000000,0.500000
951,0,1,1.000000,0.000000,0.500000
952,1,1,1.000000,0.000000,0.500000
953,1,1,1.000000,0.000000,0.500000
954,0,1,1.000000,0.000000,0.500000
955,0,1,1.000000,0.000000,0.500000
956,1,1,1.000000,0.000000,0.500000
957,0,1,1.000000,0.000000,0.500000
958,1,1,1.000000,0.000000,0.500000
959,1,1,1.000000,0.000000,0.500000
960,1,1,1.000000,0.000000,0.500000
961,1,1,1.000000,0.000000,0.500000
962,1,1,1.000000,0.000000,0.500000
963,1,1,1.000000,0.000000,0.500000
964,1,1,1.000000,0.000000,0.500000
965,1,1,1.000000,0.000000,0.500000
966,1,1,1.000000,0.000000,0.500000
967,1,1,1.000000,0.000000,0.500000
968,1,1,1.000000,0.000000,0.500000
969,1,1,1.000000,0.000000,0.500000
970,0,1,1.000000,0.000000,0.500000
971,1,1,1.000000,0.000000,0.500000
972,1,1,1.000000,0.000000,0.500000
973,1,1,1.000000,0.000000,0.500000
974,1,1,1.000000,0.000000,0.500000
975,1,1,1.000000,0.000000,0.500000
976,0,1,1.000000,0.000000,0.500000
977,0,1,1.000000,0.000000,0.500000
978,1,1,1.000000,0.000000,0.500000
979,1,1,1.000000,0.000000,0.500000
980,1,1,1.000000,0.000000,0.500000
981,1,1,1.000000,0.000000,0.500000
982,1,1,1.000000,0.000000,0.500000
983,1,1,1.000000,0.000000,0.500000
984,1,1,1.000000,0.000000,0.500000
985,1,1,1.000000,0.000000,0.500000
986,0,1,1.000000,0.000000,0.500000
987,1,1,1.000000,0.000000,0.500000
988,1,1,1.000000,0.000000,0.500000
989,1,1,1.000000,0.000000,0.500000
990,1,1,1.000000,0.000000,0.500000
991,1,1,1.000000,0.000000,0.500000
992,0,1,1.000000,0.000000,0.500000
993,1,1,1.000000,0.000000,0.500000
994,1,1,1.000000,0.000000,0.500000
995,1,1,1.000000,0.000000,0.500000
996,1,1,1.000000,0.000000,0.500000
997,0,1,1.000000,0.000000,0.500000
998,1,1,1.000000,0.000000,0.500000
999,0,1,1.000000,0.000000,0.500000
WorkerID,Gamma,TrueGamma
972,0.500000,0.538086
531,0.500000,0.887475
453,0.500000,1.474735
560,0.500000,1.506380
701,0.500000,0.901122
190,0.500000,0.826688
527,0.500000,1.460787
546,0.500000,0.844303
130,0.500000,0.631307
564,0.500000,0.469729
175,0.500000,0.669360
57,0.500000,1.155949
670,0.500000,0.491666
850,0.500000,0.390144
869,0.500000,2.054613
579,0.500000,1.132325
254,0.500000,1.183461
638,0.500000,0.881345
140,0.500000,2.004492
359,0.500000,1.710684
791,0.500000,1.127571
777,0.500000,0.904339
900,0.500000,0.655904
640,0.500000,0.952099
404,0.500000,1.728471
482,0.500000,0.819944
59,0.500000,1.067360
920,0.500000,1.024471
82,0.500000,0.995651
311,0.500000,1.568655
346,0.500000,2.083072
908,0.500000,0.204186
568,0.500000,1.879835
576,0.500000,2.068872
56,0.500000,1.877960
957,0.500000,1.303970
541,0.500000,0.939316
951,0.500000,0.481691
620,0.500000,1.137402
988,0.500000,2.122945
510,0.500000,0.909985
525,0.500000,1.323620
230,0.500000,0.527169
34,0.500000,1.365397
263,0.500000,1.266980
872,0.500000,0.780789
989,0.500000,1.044370
182,0.500000,1.712466
517,0.500000,1.738883
149,0.500000,1.271975
366,0.500000,0.381459
914,0.500000,0.831463
575,0.500000,1.263418
396,0.500000,1.755566
722,0.500000,1.596659
210,0.500000,1.019823
21,0.500000,0.981627
589,0.500000,0.769394
997,0.500000,0.488746
65,0.500000,0.760231
409,0.500000,2.141850
842,0.500000,1.577734
911,0.500000,1.169901
635,0.500000,1.404162
243,0.500000,1.088037
982,0.500000,2.109683
846,0.500000,1.731115
64,0.500000,0.930895
93,0.500000,1.387870
976,0.500000,0.903551
909,0.500000,0.986436
548,0.500000,1.976519
551,0.500000,1.726892
452,0.500000,0.439917
312,0.500000,0.917885
654,0.500000,1.008496
753,0.500000,1.421214
99,0.500000,0.774081
259,0.500000,1.802922
457,0.500000,1.658275
494,0.500000,1.098895
316,0.500000,0.907641
728,0.500000,1.412638
181,0.500000,2.659356
805,0.500000,0.561501
29,0.500000,0.895381
662,0.500000,1.279194
827,0.500000,2.060286
830,0.500000,0.379145
33,0.500000,1.317283
179,0.500000,1.561828
474,0.500000,1.533479
144,0.500000,1.742757
113,0.500000,0.827687
91,0.500000,0.636547
472,0.500000,1.399645
910,0.500000,1.559642
406,0.500000,0.239788
779,0.500000,1.724884
613,0.500000,0.798044
686,0.500000,1.538628
395,0.500000,1.096840
450,0.500000,1.612629
999,0.500000,1.508811
713,0.500000,1.527136
249,0.500000,1.656493
851,0.500000,1.033173
833,0.500000,1.877933
844,0.500000,0.788245
818,0.500000,0.429112
486,0.500000,1.474963
577,0.500000,2.215542
632,0.500000,1.195515
822,0.500000,0.719632
875,0.500000,0.821547
7,0.500000,0.744468
62,0.500000,1.092267
918,0.500000,0.696976
687,0.500000,1.410132
466,0.500000,2.084929
74,0.500000,1.033751
523,0.500000,1.834136
657,0.500000,0.848523
335,0.500000,1.053865
408,0.500000,1.574597
172,0.500000,1.189842
807,0.500000,2.698576
705,0.500000,0.789457
126,0.500000,2.008116
953,0.500000,1.780659
936,0.500000,1.370618
122,0.500000,0.464909
31,0.500000,1.530149
381,0.500000,0.709283
584,0.500000,1.867277
287,0.500000,1.385209
700,0.500000,0.982199
257,0.500000,1.358978
535,0.500000,1.212892
219,0.500000,1.516698
76,0.500000,1.065285
183,0.500000,2.188374
821,0.500000,1.237499
348,0.500000,0.350180
986,0.500000,1.678251
688,0.500000,1.321843
530,0.500000,0.413080
12,0.500000,2.061351
451,0.500000,0.478663
877,0.500000,0.690556
751,0.500000,1.902711
740,0.500000,1.363141
318,0.500000,1.280017
742,0.500000,0.269903
289,0.500000,1.661902
15,0.500000,2.181559
290,0.500000,1.616281
573,0.500000,1.102527
88,0.500000,1.279241
137,0.500000,2.479630
307,0.500000,1.147598
236,0.500000,2.308695
946,0.500000,0.829232
151,0.500000,0.972157
6,0.500000,1.516044
106,0.500000,0.980586
352,0.500000,1.722693
17,0.500000,0.756633
433,0.500000,0.576961
266,0.500000,0.844469
580,0.500000,1.000291
80,0.500000,1.174223
271,0.500000,2.484291
304,0.500000,3.674873
550,0.500000,1.591074
606,0.500000,0.779311
329,0.500000,2.197680
631,0.500000,2.639446
305,0.500000,1.574437
648,0.500000,1.592958
768,0.500000,1.433951
996,0.500000,1.268988
112,0.500000,0.538221
119,0.500000,1.484476
98,0.500000,0.717727
858,0.500000,0.610390
659,0.500000,2.331200
739,0.500000,1.350738
803,0.500000,0.222414
927,0.500000,1.326401
609,0.500000,1.553343
377,0.500000,0.637531
104,0.500000,0.816387
116,0.500000,1.179370
578,0.500000,3.571470
167,0.500000,1.575826
764,0.500000,1.099454
935,0.500000,0.893864
5,0.500000,0.307512
418,0.500000,0.516803
623,0.500000,1.125453
820,0.500000,0.622673
461,0.500000,0.932225
392,0.500000,1.539789
802,0.500000,0.874213
212,0.500000,0.596026
815,0.500000,0.788170
532,0.500000,0.415187
843,0.500000,1.259439
242,0.500000,1.271435
720,0.500000,1.207746
288,0.500000,0.762438
853,0.500000,0.413880
765,0.500000,1.162617
491,0.500000,0.636506
533,0.500000,0.468646
980,0.500000,1.183794
981,0.500000,0.780092
919,0.500000,2.102900
731,0.500000,1.779486
26,0.500000,1.308389
441,0.500000,0.772866
676,0.500000,1.083099
92,0.500000,0.477006
639,0.500000,1.072289
904,0.500000,2.289277
916,0.500000,1.579181
964,0.500000,1.338937
215,0.500000,1.859944
353,0.500000,1.528467
275,0.500000,0.461963
549,0.500000,0.440538
624,0.500000,0.374182
655,0.500000,0.810961
332,0.500000,1.297060
245,0.500000,1.137550
398,0.500000,0.668930
280,0.500000,1.241687
11,0.500000,2.294608
240,0.500000,1.760441
794,0.500000,1.844825
403,0.500000,0.931885
616,0.500000,1.900718
143,0.500000,0.541122
749,0.500000,0.664628
994,0.500000,1.282069
177,0.500000,0.790940
894,0.500000,0.627385
407,0.500000,1.120502
629,0.500000,0.960675
276,0.500000,0.405437
715,0.500000,1.080282
590,0.500000,0.989166
837,0.500000,1.546580
390,0.500000,1.483274
781,0.500000,1.024629
855,0.500000,1.752720
610,0.500000,1.248266
767,0.500000,1.641653
121,0.500000,1.074894
832,0.500000,1.043922
915,0.500000,0.259755
583,0.500000,0.528666
859,0.500000,0.745453
979,0.500000,0.857746
645,0.500000,0.444094
497,0.500000,1.591369
13,0.500000,1.267681
725,0.500000,1.200141
882,0.500000,0.780363
617,0.500000,0.922148
750,0.500000,0.937567
786,0.500000,0.846927
231,0.500000,2.313610
380,0.500000,0.792378
691,0.500000,1.056565
902,0.500000,1.178985
730,0.500000,0.645689
368,0.500000,0.614718
678,0.500000,0.628493
442,0.500000,0.666493
25,0.500000,0.647302
252,0.500000,1.179452
663,0.500000,2.320986
490,0.500000,1.922765
115,0.500000,1.477526
812,0.500000,1.055347
384,0.500000,0.831052
58,0.500000,0.816159
622,0.500000,0.432848
839,0.500000,0.673865
324,0.500000,0.567981
467,0.500000,1.369398
961,0.500000,0.858373
709,0.500000,1.227022
675,0.500000,0.679908
633,0.500000,1.235503
45,0.500000,2.912709
52,0.500000,0.882941
885,0.500000,0.998352
816,0.500000,1.106836
196,0.500000,1.062418
813,0.500000,1.148168
733,0.500000,1.260216
148,0.500000,0.107603
788,0.500000,3.362766
778,0.500000,1.343439
376,0.500000,2.767380
586,0.500000,0.747081
217,0.500000,0.795846
712,0.500000,1.190772
235,0.500000,1.210864
500,0.500000,0.729316
849,0.500000,1.393875
447,0.500000,1.950029
393,0.500000,1.463225
544,0.500000,1.094485
50,0.500000,0.272840
991,0.500000,1.538447
732,0.500000,0.928203
136,0.500000,2.079686
68,0.500000,0.772984
723,0.500000,2.002408
48,0.500000,1.864914
677,0.500000,0.410836
456,0.500000,1.410775
83,0.500000,0.816391
536,0.500000,1.303125
273,0.500000,0.684044
974,0.500000,0.917474
314,0.500000,2.094250
721,0.500000,0.839310
804,0.500000,1.631733
444,0.500000,1.801951
889,0.500000,1.145840
132,0.500000,2.079801
993,0.500000,3.026662
351,0.500000,1.248061
20,0.500000,1.481015
14,0.500000,0.994950
600,0.500000,0.546980
111,0.500000,0.593315
401,0.500000,2.154548
171,0.500000,0.701220
528,0.500000,0.446900
599,0.500000,1.738405
193,0.500000,1.672292
416,0.500000,0.603811
874,0.500000,1.729675
880,0.500000,0.922848
206,0.500000,0.927820
237,0.500000,0.535025
595,0.500000,0.601940
735,0.500000,0.978727
298,0.500000,1.619966
189,0.500000,0.470522
593,0.500000,0.599665
460,0.500000,1.114994
604,0.500000,2.814886
683,0.500000,1.296221
931,0.500000,1.156331
932,0.500000,0.462640
3,0.500000,1.065351
547,0.500000,0.931337
164,0.500000,0.488303
435,0.500000,0.722555
565,0.500000,0.525511
425,0.500000,0.521592
198,0.500000,2.359091
483,0.500000,1.661033
454,0.500000,0.910639
501,0.500000,0.801020
178,0.500000,1.123368
43,0.500000,1.118689
369,0.500000,1.326547
478,0.500000,2.279062
947,0.500000,1.183071
367,0.500000,0.860759
949,0.500000,0.490434
379,0.500000,1.488917
465,0.500000,0.515404
256,0.500000,1.628894
493,0.500000,1.546962
204,0.500000,0.744628
558,0.500000,2.178966
774,0.500000,1.040725
430,0.500000,1.549134
371,0.500000,2.468548
44,0.500000,1.201064
667,0.500000,0.306375
601,0.500000,0.872967
863,0.500000,1.192081
333,0.500000,2.542083
571,0.500000,1.091551
660,0.500000,0.495365
504,0.500000,1.663961
706,0.500000,0.640648
825,0.500000,1.224283
572,0.500000,1.585535
897,0.500000,1.609097
156,0.500000,1.033392
883,0.500000,0.718151
320,0.500000,1.841646
669,0.500000,1.297817
567,0.500000,0.352867
685,0.500000,1.204677
270,0.500000,2.449049
342,0.500000,1.121457
597,0.500000,0.474833
861,0.500000,2.545600
2,0.500000,1.769609
295,0.500000,0.651800
19,0.500000,0.525206
468,0.500000,0.917638
787,0.500000,1.281396
719,0.500000,1.300948
508,0.500000,1.346822
921,0.500000,1.039291
328,0.500000,1.131926
61,0.500000,0.712529
738,0.500000,1.948628
503,0.500000,0.669026
319,0.500000,0.689563
845,0.500000,0.832896
699,0.500000,1.761820
124,0.500000,0.619417
434,0.500000,0.447759
553,0.500000,0.923472
308,0.500000,1.366978
421,0.500000,1.789848
854,0.500000,0.854315
615,0.500000,1.757536
831,0.500000,0.434668
173,0.500000,1.821216
566,0.500000,2.215581
973,0.500000,1.444353
341,0.500000,1.298354
538,0.500000,0.904902
241,0.500000,0.824109
382,0.500000,1.169908
702,0.500000,0.819982
743,0.500000,0.625584
89,0.500000,0.415991
559,0.500000,1.610699
415,0.500000,0.874596
374,0.500000,0.798565
387,0.500000,1.194077
234,0.500000,1.076042
748,0.500000,1.247165
862,0.500000,1.457901
410,0.500000,0.541002
464,0.500000,0.988190
759,0.500000,3.260977
125,0.500000,0.884107
362,0.500000,1.805915
426,0.500000,1.283673
343,0.500000,0.691391
522,0.500000,1.906226
459,0.500000,1.717502
704,0.500000,1.003941
746,0.500000,0.600587
191,0.500000,1.275269
360,0.500000,0.447257
248,0.500000,0.934438
484,0.500000,2.460483
355,0.500000,0.931643
906,0.500000,1.049685
502,0.500000,0.191540
838,0.500000,1.525286
412,0.500000,1.317363
400,0.500000,1.257374
77,0.500000,0.791912
73,0.500000,1.744527
370,0.500000,0.658999
185,0.500000,1.154884
661,0.500000,0.945598
809,0.500000,1.431545
782,0.500000,3.320639
268,0.500000,1.263656
506,0.500000,0.456819
194,0.500000,1.041853
744,0.500000,1.046389
913,0.500000,0.225468
405,0.500000,0.974623
644,0.500000,0.609486
848,0.500000,1.878827
228,0.500000,1.698929
736,0.500000,2.011080
294,0.500000,1.510397
296,0.500000,1.813865
108,0.500000,1.424837
297,0.500000,0.853290
391,0.500000,1.589381
445,0.500000,1.927733
322,0.500000,1.293015
612,0.500000,1.480982
357,0.500000,2.327803
463,0.500000,1.073363
205,0.500000,1.088474
588,0.500000,0.404371
200,0.500000,0.952434
867,0.500000,1.152863
642,0.500000,0.970713
232,0.500000,0.567234
255,0.500000,0.507494
784,0.500000,0.205252
625,0.500000,0.367686
665,0.500000,0.567853
197,0.500000,1.364321
53,0.500000,2.530244
924,0.500000,0.996116
207,0.500000,1.036507
537,0.500000,2.074919
448,0.500000,1.239580
871,0.500000,1.309065
337,0.500000,0.844217
948,0.500000,1.594708
422,0.500000,1.053770
814,0.500000,1.552614
873,0.500000,1.508077
202,0.500000,1.060569
977,0.500000,0.712026
952,0.500000,1.688480
695,0.500000,1.609504
692,0.500000,1.196446
485,0.500000,1.030769
627,0.500000,1.280870
698,0.500000,0.890883
152,0.500000,1.552991
292,0.500000,1.544990
159,0.500000,0.872652
55,0.500000,0.449351
244,0.500000,0.821443
847,0.500000,2.073201
810,0.500000,0.591920
128,0.500000,1.936640
960,0.500000,0.909455
495,0.500000,1.836000
570,0.500000,2.192948
153,0.500000,0.892972
134,0.500000,0.921624
481,0.500000,3.173114
211,0.500000,0.310043
881,0.500000,0.248861
785,0.500000,0.538785
770,0.500000,1.257735
514,0.500000,0.933140
378,0.500000,0.942667
552,0.500000,2.829828
285,0.500000,1.543025
611,0.500000,1.014072
582,0.500000,2.496186
557,0.500000,2.092263
334,0.500000,0.833838
835,0.500000,2.458494
649,0.500000,0.984544
602,0.500000,1.061894
563,0.500000,0.754429
54,0.500000,0.490338
358,0.500000,0.997308
356,0.500000,1.515924
213,0.500000,0.395220
650,0.500000,1.343000
727,0.500000,1.153257
524,0.500000,1.110492
427,0.500000,0.963365
943,0.500000,1.728297
86,0.500000,1.306024
340,0.500000,1.272223
274,0.500000,2.140179
372,0.500000,0.777530
94,0.500000,0.768467
97,0.500000,1.242083
574,0.500000,1.812331
216,0.500000,1.825074
439,0.500000,0.793266
992,0.500000,1.030803
79,0.500000,1.295200
512,0.500000,1.374548
856,0.500000,1.394166
939,0.500000,0.776955
218,0.500000,0.272334
707,0.500000,1.350848
438,0.500000,0.613069
60,0.500000,1.273609
556,0.500000,0.991986
85,0.500000,3.888110
970,0.500000,0.786769
449,0.500000,1.162446
469,0.500000,0.955339
222,0.500000,1.322558
383,0.500000,1.338859
386,0.500000,0.391313
70,0.500000,1.151382
470,0.500000,1.818717
431,0.500000,1.392476
795,0.500000,2.354849
766,0.500000,1.272218
684,0.500000,0.875591
411,0.500000,0.300595
220,0.500000,1.520767
162,0.500000,1.099090
754,0.500000,0.786656
429,0.500000,2.298231
117,0.500000,1.068084
291,0.500000,1.970262
505,0.500000,2.204914
926,0.500000,1.085254
260,0.500000,1.661503
534,0.500000,2.348706
1,0.500000,0.831918
796,0.500000,2.167610
646,0.500000,0.975502
226,0.500000,2.124763
783,0.500000,3.119225
22,0.500000,0.819200
607,0.500000,1.077472
726,0.500000,0.598589
651,0.500000,1.026312
354,0.500000,1.145840
302,0.500000,0.503553
829,0.500000,1.802451
Average Cost: 1.000000
Accuracy: 74.000000
Accuracy 0: 100.000000
Cost 0: 1.000000
Accuracy 1: 100.000000
Cost 1: 1.000000
Accuracy 2: 100.000000
Cost 2: 1.000000
Accuracy 3: 100.000000
Cost 3: 1.000000
Accuracy 4: 100.000000
Cost 4: 1.000000
Accuracy 5: 100.000000
Cost 5: 1.000000
Accuracy 6: 100.000000
Cost 6: 1.000000
Accuracy 7: 100.000000
Cost 7: 1.000000
Accuracy 8: 100.000000
Cost 8: 1.000000
Accuracy 9: 100.000000
Cost 9: 1.000000
