Number of Worker Pools: 1
Number of Workers in Pool 1: 1000
Original mean,standardDev for Pool 1: 4.000000,0.300000
Number of Workers in Pool 2: 1000
Original mean,standardDev for Pool 2: 3.500000,0.200000
Number of Problems: 1000
ProblemNo,Answer,TrueAnswer,Cost,Difficulty,TrueDifficulty
0,1,1,9.000000,0.800000,0.500000
1,1,1,13.000000,0.900000,0.500000
2,1,1,6.000000,0.300000,0.500000
3,1,1,9.000000,0.700000,0.500000
4,1,1,6.000000,0.300000,0.500000
5,0,0,5.000000,0.000000,0.500000
6,1,1,6.000000,0.300000,0.500000
7,1,1,5.000000,0.000000,0.500000
8,1,1,10.000000,0.900000,0.500000
9,1,1,8.000000,0.800000,0.500000
10,1,1,6.000000,0.300000,0.500000
11,1,1,7.000000,0.600000,0.500000
12,1,1,5.000000,0.000000,0.500000
13,1,1,5.000000,0.000000,0.500000
14,1,1,5.000000,0.000000,0.500000
15,1,1,6.000000,0.300000,0.500000
16,1,1,5.000000,0.000000,0.500000
17,1,1,9.000000,0.800000,0.500000
18,1,1,6.000000,0.300000,0.500000
19,1,1,5.000000,0.000000,0.500000
20,1,1,6.000000,0.300000,0.500000
21,1,1,5.000000,0.000000,0.500000
22,1,1,12.000000,0.900000,0.500000
23,1,1,6.000000,0.300000,0.500000
24,1,1,12.000000,0.800000,0.500000
25,1,1,9.000000,0.800000,0.500000
26,1,1,6.000000,0.300000,0.500000
27,1,1,6.000000,0.300000,0.500000
28,1,1,12.000000,0.900000,0.500000
29,0,0,6.000000,0.300000,0.500000
30,1,1,10.000000,0.800000,0.500000
31,0,1,7.000000,0.600000,0.500000
32,1,1,6.000000,0.300000,0.500000
33,1,1,7.000000,0.600000,0.500000
34,1,1,6.000000,0.300000,0.500000
35,1,1,11.000000,0.900000,0.500000
36,1,1,5.000000,0.000000,0.500000
37,1,1,6.000000,0.300000,0.500000
38,0,0,7.000000,0.600000,0.500000
39,1,1,5.000000,0.000000,0.500000
40,1,1,7.000000,0.600000,0.500000
41,1,1,5.000000,0.000000,0.500000
42,0,0,6.000000,0.300000,0.500000
43,0,0,6.000000,0.300000,0.500000
44,1,1,10.000000,0.800000,0.500000
45,1,1,6.000000,0.300000,0.500000
46,1,1,7.000000,0.600000,0.500000
47,1,1,9.000000,0.800000,0.500000
48,1,1,7.000000,0.600000,0.500000
49,1,1,5.000000,0.000000,0.500000
50,0,0,5.000000,0.000000,0.500000
51,1,1,10.000000,0.700000,0.500000
52,1,1,9.000000,0.800000,0.500000
53,1,1,6.000000,0.300000,0.500000
54,1,1,5.000000,0.000000,0.500000
55,1,1,8.000000,0.900000,0.500000
56,1,1,5.000000,0.000000,0.500000
57,1,1,8.000000,0.700000,0.500000
58,1,1,7.000000,0.600000,0.500000
59,1,1,5.000000,0.000000,0.500000
60,1,1,8.000000,0.800000,0.500000
61,1,1,6.000000,0.300000,0.500000
62,1,1,5.000000,0.000000,0.500000
63,1,1,6.000000,0.300000,0.500000
64,1,1,6.000000,0.300000,0.500000
65,1,1,6.000000,0.300000,0.500000
66,1,1,13.000000,0.900000,0.500000
67,1,1,5.000000,0.000000,0.500000
68,1,1,11.000000,0.600000,0.500000
69,1,1,11.000000,0.800000,0.500000
70,1,1,7.000000,0.600000,0.500000
71,1,1,5.000000,0.000000,0.500000
72,1,1,14.000000,0.900000,0.500000
73,1,1,11.000000,0.700000,0.500000
74,0,1,10.000000,0.700000,0.500000
75,0,0,5.000000,0.000000,0.500000
76,1,1,6.000000,0.300000,0.500000
77,0,0,5.000000,0.000000,0.500000
78,1,1,5.000000,0.000000,0.500000
79,0,0,8.000000,0.800000,0.500000
80,1,1,6.000000,0.300000,0.500000
81,1,1,6.000000,0.300000,0.500000
82,0,1,12.000000,0.900000,0.500000
83,1,1,6.000000,0.300000,0.500000
84,1,1,6.000000,0.300000,0.500000
85,1,1,9.000000,0.500000,0.500000
86,1,1,11.000000,0.800000,0.500000
87,1,1,11.000000,0.900000,0.500000
88,1,1,5.000000,0.000000,0.500000
89,1,1,9.000000,0.900000,0.500000
90,1,1,6.000000,0.300000,0.500000
91,0,0,6.000000,0.300000,0.500000
92,1,1,5.000000,0.000000,0.500000
93,1,1,16.000000,0.900000,0.500000
94,0,1,8.000000,0.900000,0.500000
95,1,1,5.000000,0.000000,0.500000
96,1,1,7.000000,0.600000,0.500000
97,1,1,6.000000,0.300000,0.500000
98,1,1,10.000000,0.800000,0.500000
99,0,1,6.000000,0.300000,0.500000
100,1,1,6.000000,0.300000,0.500000
101,1,1,5.000000,0.000000,0.500000
102,0,1,9.000000,0.800000,0.500000
103,1,1,8.000000,0.900000,0.500000
104,1,1,9.000000,0.700000,0.500000
105,1,1,13.000000,0.800000,0.500000
106,0,0,5.000000,0.000000,0.500000
107,0,0,12.000000,0.900000,0.500000
108,1,1,6.000000,0.300000,0.500000
109,1,1,5.000000,0.000000,0.500000
110,1,1,14.000000,0.900000,0.500000
111,1,1,11.000000,0.900000,0.500000
112,1,1,6.000000,0.300000,0.500000
113,1,1,8.000000,0.600000,0.500000
114,1,1,7.000000,0.600000,0.500000
115,1,1,5.000000,0.000000,0.500000
116,1,1,9.000000,0.500000,0.500000
117,1,1,13.000000,0.900000,0.500000
118,1,1,7.000000,0.600000,0.500000
119,1,1,8.000000,0.900000,0.500000
120,1,1,6.000000,0.300000,0.500000
121,1,1,11.000000,0.600000,0.500000
122,0,0,6.000000,0.300000,0.500000
123,0,0,9.000000,0.700000,0.500000
124,1,1,6.000000,0.300000,0.500000
125,1,1,5.000000,0.000000,0.500000
126,1,1,7.000000,0.600000,0.500000
127,1,1,8.000000,0.600000,0.500000
128,1,1,6.000000,0.300000,0.500000
129,1,1,11.000000,0.700000,0.500000
130,0,0,7.000000,0.600000,0.500000
131,1,1,15.000000,0.900000,0.500000
132,1,1,15.000000,0.900000,0.500000
133,1,1,7.000000,0.600000,0.500000
134,1,1,19.000000,1.000000,0.500000
135,1,1,17.000000,0.900000,0.500000
136,1,1,7.000000,0.600000,0.500000
137,1,1,15.000000,0.900000,0.500000
138,1,1,7.000000,0.600000,0.500000
139,1,1,7.000000,0.600000,0.500000
140,1,1,12.000000,0.800000,0.500000
141,1,1,5.000000,0.000000,0.500000
142,1,1,5.000000,0.000000,0.500000
143,1,1,6.000000,0.300000,0.500000
144,1,1,6.000000,0.300000,0.500000
145,1,1,8.000000,0.800000,0.500000
146,1,1,7.000000,0.600000,0.500000
147,1,1,7.000000,0.600000,0.500000
148,1,1,6.000000,0.300000,0.500000
149,0,0,8.000000,0.800000,0.500000
150,1,1,5.000000,0.000000,0.500000
151,1,1,6.000000,0.300000,0.500000
152,1,1,5.000000,0.000000,0.500000
153,1,1,6.000000,0.300000,0.500000
154,1,1,5.000000,0.000000,0.500000
155,1,1,6.000000,0.300000,0.500000
156,1,1,7.000000,0.600000,0.500000
157,1,1,6.000000,0.300000,0.500000
158,1,1,6.000000,0.300000,0.500000
159,1,1,6.000000,0.300000,0.500000
160,1,1,5.000000,0.000000,0.500000
161,1,1,7.000000,0.600000,0.500000
162,1,1,9.000000,0.700000,0.500000
163,1,1,5.000000,0.000000,0.500000
164,1,1,5.000000,0.000000,0.500000
165,1,1,5.000000,0.000000,0.500000
166,1,1,6.000000,0.300000,0.500000
167,1,1,6.000000,0.300000,0.500000
168,0,0,9.000000,0.900000,0.500000
169,1,1,7.000000,0.600000,0.500000
170,0,0,7.000000,0.600000,0.500000
171,1,1,15.000000,0.900000,0.500000
172,1,1,16.000000,0.900000,0.500000
173,1,1,6.000000,0.300000,0.500000
174,0,1,12.000000,0.900000,0.500000
175,1,1,9.000000,0.800000,0.500000
176,1,1,5.000000,0.000000,0.500000
177,1,1,8.000000,0.700000,0.500000
178,1,1,6.000000,0.300000,0.500000
179,1,1,6.000000,0.300000,0.500000
180,1,1,5.000000,0.000000,0.500000
181,0,0,8.000000,0.700000,0.500000
182,1,1,5.000000,0.000000,0.500000
183,1,1,5.000000,0.000000,0.500000
184,1,1,5.000000,0.000000,0.500000
185,1,1,6.000000,0.300000,0.500000
186,1,1,6.000000,0.300000,0.500000
187,0,0,6.000000,0.300000,0.500000
188,0,0,7.000000,0.600000,0.500000
189,1,1,5.000000,0.000000,0.500000
190,1,1,8.000000,0.900000,0.500000
191,1,1,6.000000,0.300000,0.500000
192,1,1,7.000000,0.600000,0.500000
193,1,1,6.000000,0.300000,0.500000
194,1,1,7.000000,0.600000,0.500000
195,1,1,7.000000,0.600000,0.500000
196,0,0,5.000000,0.000000,0.500000
197,1,1,5.000000,0.000000,0.500000
198,1,1,6.000000,0.300000,0.500000
199,1,1,6.000000,0.300000,0.500000
200,1,1,7.000000,0.600000,0.500000
201,1,1,6.000000,0.300000,0.500000
202,1,1,7.000000,0.300000,0.500000
203,1,1,5.000000,0.000000,0.500000
204,1,1,7.000000,0.600000,0.500000
205,1,1,7.000000,0.600000,0.500000
206,1,1,11.000000,0.700000,0.500000
207,1,1,7.000000,0.600000,0.500000
208,1,1,6.000000,0.300000,0.500000
209,1,1,6.000000,0.300000,0.500000
210,1,1,11.000000,0.800000,0.500000
211,1,1,6.000000,0.300000,0.500000
212,1,1,7.000000,0.600000,0.500000
213,0,0,13.000000,0.900000,0.500000
214,1,1,7.000000,0.600000,0.500000
215,1,1,6.000000,0.300000,0.500000
216,1,1,5.000000,0.000000,0.500000
217,0,0,5.000000,0.000000,0.500000
218,1,1,8.000000,0.800000,0.500000
219,1,1,6.000000,0.300000,0.500000
220,0,0,7.000000,0.600000,0.500000
221,1,1,9.000000,0.500000,0.500000
222,1,1,8.000000,0.700000,0.500000
223,1,1,10.000000,0.700000,0.500000
224,1,1,8.000000,0.700000,0.500000
225,0,0,7.000000,0.600000,0.500000
226,1,1,9.000000,0.500000,0.500000
227,1,1,8.000000,0.700000,0.500000
228,1,1,8.000000,0.900000,0.500000
229,1,1,11.000000,0.900000,0.500000
230,1,1,9.000000,0.500000,0.500000
231,1,1,5.000000,0.000000,0.500000
232,0,1,5.000000,0.000000,0.500000
233,1,1,9.000000,0.500000,0.500000
234,1,1,6.000000,0.300000,0.500000
235,1,1,6.000000,0.300000,0.500000
236,1,1,8.000000,0.700000,0.500000
237,1,1,8.000000,0.700000,0.500000
238,1,1,8.000000,0.900000,0.500000
239,1,1,7.000000,0.600000,0.500000
240,1,1,6.000000,0.300000,0.500000
241,1,1,5.000000,0.000000,0.500000
242,1,1,5.000000,0.000000,0.500000
243,1,1,7.000000,0.600000,0.500000
244,1,1,6.000000,0.300000,0.500000
245,1,1,10.000000,0.900000,0.500000
246,1,1,7.000000,0.600000,0.500000
247,1,1,5.000000,0.000000,0.500000
248,1,1,5.000000,0.000000,0.500000
249,1,1,6.000000,0.300000,0.500000
250,1,1,7.000000,0.600000,0.500000
251,1,1,9.000000,0.800000,0.500000
252,1,1,11.000000,0.700000,0.500000
253,1,1,6.000000,0.300000,0.500000
254,1,1,6.000000,0.300000,0.500000
255,1,1,13.000000,0.900000,0.500000
256,1,1,6.000000,0.300000,0.500000
257,1,1,6.000000,0.300000,0.500000
258,1,1,6.000000,0.300000,0.500000
259,1,1,9.000000,0.800000,0.500000
260,1,1,5.000000,0.000000,0.500000
261,0,0,8.000000,0.900000,0.500000
262,1,1,5.000000,0.000000,0.500000
263,1,1,14.000000,0.900000,0.500000
264,1,1,11.000000,0.900000,0.500000
265,1,1,8.000000,0.900000,0.500000
266,1,1,8.000000,0.700000,0.500000
267,1,1,5.000000,0.000000,0.500000
268,1,1,6.000000,0.300000,0.500000
269,1,1,6.000000,0.300000,0.500000
270,1,1,6.000000,0.300000,0.500000
271,1,1,9.000000,0.800000,0.500000
272,1,1,7.000000,0.600000,0.500000
273,1,1,5.000000,0.000000,0.500000
274,1,1,8.000000,0.600000,0.500000
275,0,0,6.000000,0.300000,0.500000
276,1,1,7.000000,0.600000,0.500000
277,1,1,6.000000,0.300000,0.500000
278,0,0,6.000000,0.300000,0.500000
279,1,1,8.000000,0.900000,0.500000
280,1,1,5.000000,0.000000,0.500000
281,1,1,8.000000,0.600000,0.500000
282,1,1,5.000000,0.000000,0.500000
283,1,1,14.000000,0.900000,0.500000
284,1,1,5.000000,0.000000,0.500000
285,0,1,9.000000,0.900000,0.500000
286,1,1,6.000000,0.300000,0.500000
287,1,1,6.000000,0.300000,0.500000
288,0,0,6.000000,0.300000,0.500000
289,1,1,11.000000,0.800000,0.500000
290,1,1,6.000000,0.300000,0.500000
291,1,1,15.000000,0.900000,0.500000
292,1,1,7.000000,0.600000,0.500000
293,1,1,7.000000,0.600000,0.500000
294,1,1,7.000000,0.600000,0.500000
295,0,0,6.000000,0.300000,0.500000
296,1,1,6.000000,0.300000,0.500000
297,1,1,7.000000,0.600000,0.500000
298,1,1,6.000000,0.300000,0.500000
299,1,1,5.000000,0.000000,0.500000
300,0,0,5.000000,0.000000,0.500000
301,1,1,12.000000,0.900000,0.500000
302,1,1,5.000000,0.000000,0.500000
303,1,1,6.000000,0.300000,0.500000
304,1,1,14.000000,0.900000,0.500000
305,1,1,7.000000,0.600000,0.500000
306,1,1,5.000000,0.000000,0.500000
307,1,1,5.000000,0.000000,0.500000
308,1,1,5.000000,0.000000,0.500000
309,1,1,7.000000,0.600000,0.500000
310,1,1,5.000000,0.000000,0.500000
311,1,1,6.000000,0.300000,0.500000
312,1,1,5.000000,0.000000,0.500000
313,1,1,9.000000,0.800000,0.500000
314,1,1,8.000000,0.900000,0.500000
315,1,1,7.000000,0.600000,0.500000
316,0,0,6.000000,0.300000,0.500000
317,1,1,5.000000,0.000000,0.500000
318,1,1,7.000000,0.600000,0.500000
319,1,1,11.000000,0.900000,0.500000
320,1,1,5.000000,0.000000,0.500000
321,1,1,7.000000,0.600000,0.500000
322,1,1,5.000000,0.000000,0.500000
323,1,1,6.000000,0.300000,0.500000
324,1,1,15.000000,0.900000,0.500000
325,1,1,9.000000,0.500000,0.500000
326,1,1,6.000000,0.300000,0.500000
327,0,0,5.000000,0.000000,0.500000
328,1,1,7.000000,0.600000,0.500000
329,1,1,5.000000,0.000000,0.500000
330,1,1,10.000000,0.700000,0.500000
331,1,1,13.000000,0.800000,0.500000
332,1,1,13.000000,1.000000,0.500000
333,1,0,8.000000,0.700000,0.500000
334,1,1,6.000000,0.300000,0.500000
335,1,1,6.000000,0.300000,0.500000
336,1,1,6.000000,0.300000,0.500000
337,1,1,7.000000,0.600000,0.500000
338,1,1,6.000000,0.300000,0.500000
339,1,1,5.000000,0.000000,0.500000
340,1,1,10.000000,0.700000,0.500000
341,0,1,7.000000,0.600000,0.500000
342,1,1,7.000000,0.600000,0.500000
343,1,1,9.000000,0.500000,0.500000
344,1,1,7.000000,0.600000,0.500000
345,1,1,7.000000,0.600000,0.500000
346,0,1,8.000000,0.900000,0.500000
347,0,0,7.000000,0.600000,0.500000
348,1,1,11.000000,0.900000,0.500000
349,1,1,8.000000,0.900000,0.500000
350,1,1,7.000000,0.600000,0.500000
351,1,1,8.000000,0.800000,0.500000
352,1,1,6.000000,0.300000,0.500000
353,1,1,6.000000,0.300000,0.500000
354,0,0,13.000000,0.900000,0.500000
355,1,1,6.000000,0.300000,0.500000
356,1,1,5.000000,0.000000,0.500000
357,1,1,9.000000,0.800000,0.500000
358,1,1,5.000000,0.000000,0.500000
359,1,1,7.000000,0.600000,0.500000
360,1,1,6.000000,0.300000,0.500000
361,1,1,11.000000,1.000000,0.500000
362,1,1,5.000000,0.000000,0.500000
363,1,1,7.000000,0.600000,0.500000
364,1,1,5.000000,0.000000,0.500000
365,1,1,7.000000,0.600000,0.500000
366,0,0,5.000000,0.000000,0.500000
367,1,1,5.000000,0.000000,0.500000
368,1,1,9.000000,0.700000,0.500000
369,1,1,7.000000,0.600000,0.500000
370,1,1,5.000000,0.000000,0.500000
371,1,1,7.000000,0.600000,0.500000
372,1,1,5.000000,0.000000,0.500000
373,1,1,6.000000,0.300000,0.500000
374,1,1,5.000000,0.000000,0.500000
375,1,1,14.000000,0.900000,0.500000
376,1,1,7.000000,0.600000,0.500000
377,1,1,5.000000,0.000000,0.500000
378,1,1,6.000000,0.300000,0.500000
379,1,1,11.000000,0.700000,0.500000
380,1,1,6.000000,0.300000,0.500000
381,1,1,9.000000,0.500000,0.500000
382,1,1,6.000000,0.300000,0.500000
383,0,0,8.000000,0.700000,0.500000
384,1,1,15.000000,0.900000,0.500000
385,1,1,6.000000,0.300000,0.500000
386,1,1,6.000000,0.300000,0.500000
387,1,1,6.000000,0.300000,0.500000
388,1,1,6.000000,0.300000,0.500000
389,1,1,7.000000,0.600000,0.500000
390,1,1,6.000000,0.300000,0.500000
391,1,1,6.000000,0.300000,0.500000
392,1,1,14.000000,0.900000,0.500000
393,1,1,14.000000,0.900000,0.500000
394,1,1,6.000000,0.300000,0.500000
395,1,1,5.000000,0.000000,0.500000
396,1,1,15.000000,1.000000,0.500000
397,1,1,9.000000,0.800000,0.500000
398,0,0,15.000000,0.900000,0.500000
399,1,1,5.000000,0.000000,0.500000
400,1,1,6.000000,0.300000,0.500000
401,1,1,5.000000,0.000000,0.500000
402,1,1,11.000000,0.900000,0.500000
403,1,1,11.000000,0.700000,0.500000
404,1,1,7.000000,0.600000,0.500000
405,1,1,6.000000,0.300000,0.500000
406,1,1,7.000000,0.600000,0.500000
407,1,1,6.000000,0.300000,0.500000
408,1,1,5.000000,0.000000,0.500000
409,1,1,5.000000,0.000000,0.500000
410,1,1,6.000000,0.300000,0.500000
411,1,1,11.000000,0.800000,0.500000
412,1,1,8.000000,0.600000,0.500000
413,1,1,5.000000,0.000000,0.500000
414,0,1,20.000000,1.000000,0.500000
415,1,1,11.000000,0.800000,0.500000
416,1,1,7.000000,0.600000,0.500000
417,1,1,5.000000,0.000000,0.500000
418,1,1,12.000000,0.900000,0.500000
419,1,1,5.000000,0.000000,0.500000
420,1,1,5.000000,0.000000,0.500000
421,1,1,9.000000,0.800000,0.500000
422,1,1,5.000000,0.000000,0.500000
423,1,1,5.000000,0.000000,0.500000
424,1,1,6.000000,0.300000,0.500000
425,1,1,5.000000,0.000000,0.500000
426,1,1,5.000000,0.000000,0.500000
427,1,1,5.000000,0.000000,0.500000
428,1,1,7.000000,0.600000,0.500000
429,1,1,6.000000,0.300000,0.500000
430,0,0,6.000000,0.300000,0.500000
431,1,1,6.000000,0.300000,0.500000
432,1,1,6.000000,0.300000,0.500000
433,1,1,12.000000,0.900000,0.500000
434,1,1,5.000000,0.000000,0.500000
435,0,0,7.000000,0.600000,0.500000
436,1,1,6.000000,0.300000,0.500000
437,1,1,6.000000,0.300000,0.500000
438,1,1,6.000000,0.300000,0.500000
439,1,1,5.000000,0.000000,0.500000
440,1,1,6.000000,0.300000,0.500000
441,1,1,8.000000,0.800000,0.500000
442,1,1,8.000000,0.800000,0.500000
443,1,1,5.000000,0.000000,0.500000
444,1,1,6.000000,0.300000,0.500000
445,0,1,9.000000,0.900000,0.500000
446,1,1,7.000000,0.600000,0.500000
447,1,1,13.000000,0.900000,0.500000
448,1,1,6.000000,0.300000,0.500000
449,1,1,5.000000,0.000000,0.500000
450,1,1,8.000000,0.600000,0.500000
451,1,1,6.000000,0.300000,0.500000
452,1,1,6.000000,0.300000,0.500000
453,1,1,5.000000,0.000000,0.500000
454,1,1,12.000000,0.900000,0.500000
455,1,1,6.000000,0.300000,0.500000
456,1,1,5.000000,0.000000,0.500000
457,1,1,6.000000,0.300000,0.500000
458,0,1,7.000000,0.600000,0.500000
459,1,1,6.000000,0.300000,0.500000
460,1,1,5.000000,0.000000,0.500000
461,0,0,5.000000,0.000000,0.500000
462,1,1,8.000000,0.800000,0.500000
463,0,0,6.000000,0.300000,0.500000
464,1,1,8.000000,0.700000,0.500000
465,1,1,7.000000,0.600000,0.500000
466,1,1,7.000000,0.600000,0.500000
467,0,1,8.000000,0.700000,0.500000
468,1,1,6.000000,0.300000,0.500000
469,1,1,6.000000,0.300000,0.500000
470,1,1,8.000000,0.900000,0.500000
471,1,1,7.000000,0.600000,0.500000
472,1,1,7.000000,0.600000,0.500000
473,1,1,5.000000,0.000000,0.500000
474,1,1,5.000000,0.000000,0.500000
475,0,0,5.000000,0.000000,0.500000
476,0,1,9.000000,0.700000,0.500000
477,1,1,12.000000,0.900000,0.500000
478,1,1,12.000000,0.900000,0.500000
479,0,1,7.000000,0.600000,0.500000
480,1,1,5.000000,0.000000,0.500000
481,1,1,6.000000,0.300000,0.500000
482,1,1,9.000000,0.800000,0.500000
483,1,1,5.000000,0.000000,0.500000
484,1,1,6.000000,0.300000,0.500000
485,1,1,8.000000,0.600000,0.500000
486,1,1,8.000000,0.900000,0.500000
487,1,1,5.000000,0.000000,0.500000
488,1,1,7.000000,0.600000,0.500000
489,1,1,6.000000,0.300000,0.500000
490,0,0,8.000000,0.700000,0.500000
491,1,1,11.000000,0.900000,0.500000
492,0,0,8.000000,0.600000,0.500000
493,1,1,11.000000,0.900000,0.500000
494,1,1,5.000000,0.000000,0.500000
495,1,1,8.000000,0.800000,0.500000
496,0,1,10.000000,0.900000,0.500000
497,1,1,6.000000,0.300000,0.500000
498,1,1,10.000000,0.700000,0.500000
499,0,1,8.000000,0.700000,0.500000
500,1,1,7.000000,0.600000,0.500000
501,1,1,6.000000,0.300000,0.500000
502,1,1,6.000000,0.300000,0.500000
503,1,1,7.000000,0.600000,0.500000
504,1,1,5.000000,0.000000,0.500000
505,1,1,19.000000,0.900000,0.500000
506,0,0,6.000000,0.300000,0.500000
507,1,1,12.000000,0.900000,0.500000
508,1,1,6.000000,0.300000,0.500000
509,1,1,9.000000,0.700000,0.500000
510,1,1,5.000000,0.000000,0.500000
511,1,1,6.000000,0.300000,0.500000
512,1,1,8.000000,0.900000,0.500000
513,1,1,5.000000,0.000000,0.500000
514,1,1,6.000000,0.300000,0.500000
515,1,1,7.000000,0.600000,0.500000
516,1,1,11.000000,0.800000,0.500000
517,1,1,5.000000,0.000000,0.500000
518,1,1,19.000000,1.000000,0.500000
519,1,1,7.000000,0.600000,0.500000
520,1,1,8.000000,0.900000,0.500000
521,1,1,5.000000,0.000000,0.500000
522,1,1,6.000000,0.300000,0.500000
523,1,1,6.000000,0.300000,0.500000
524,1,1,14.000000,0.900000,0.500000
525,1,1,6.000000,0.300000,0.500000
526,1,1,8.000000,0.700000,0.500000
527,0,0,5.000000,0.000000,0.500000
528,1,1,11.000000,0.900000,0.500000
529,0,0,11.000000,0.900000,0.500000
530,1,1,6.000000,0.300000,0.500000
531,1,1,5.000000,0.000000,0.500000
532,1,1,6.000000,0.300000,0.500000
533,0,0,6.000000,0.300000,0.500000
534,1,1,7.000000,0.600000,0.500000
535,1,1,6.000000,0.300000,0.500000
536,1,1,6.000000,0.300000,0.500000
537,1,1,9.000000,0.800000,0.500000
538,1,1,10.000000,0.900000,0.500000
539,1,1,7.000000,0.600000,0.500000
540,0,0,5.000000,0.000000,0.500000
541,1,1,5.000000,0.000000,0.500000
542,1,1,6.000000,0.300000,0.500000
543,1,1,15.000000,1.000000,0.500000
544,1,1,6.000000,0.300000,0.500000
545,1,1,9.000000,0.500000,0.500000
546,1,1,5.000000,0.000000,0.500000
547,1,1,9.000000,0.900000,0.500000
548,1,1,9.000000,0.500000,0.500000
549,0,0,5.000000,0.000000,0.500000
550,1,1,7.000000,0.600000,0.500000
551,1,1,6.000000,0.300000,0.500000
552,1,1,11.000000,0.800000,0.500000
553,1,1,9.000000,0.800000,0.500000
554,1,1,7.000000,0.600000,0.500000
555,1,1,6.000000,0.300000,0.500000
556,1,1,6.000000,0.300000,0.500000
557,0,0,8.000000,0.700000,0.500000
558,1,1,6.000000,0.300000,0.500000
559,1,1,6.000000,0.300000,0.500000
560,0,0,7.000000,0.600000,0.500000
561,1,1,7.000000,0.600000,0.500000
562,1,1,7.000000,0.600000,0.500000
563,1,1,5.000000,0.000000,0.500000
564,1,1,17.000000,0.900000,0.500000
565,1,1,6.000000,0.300000,0.500000
566,1,1,12.000000,0.900000,0.500000
567,1,1,6.000000,0.300000,0.500000
568,0,1,8.000000,0.800000,0.500000
569,1,1,15.000000,1.000000,0.500000
570,0,1,10.000000,0.900000,0.500000
571,1,1,12.000000,0.800000,0.500000
572,1,1,6.000000,0.300000,0.500000
573,1,1,5.000000,0.000000,0.500000
574,1,1,17.000000,1.000000,0.500000
575,1,1,13.000000,0.900000,0.500000
576,1,1,6.000000,0.300000,0.500000
577,1,1,7.000000,0.600000,0.500000
578,1,1,7.000000,0.600000,0.500000
579,1,1,6.000000,0.300000,0.500000
580,1,1,6.000000,0.300000,0.500000
581,1,1,6.000000,0.300000,0.500000
582,1,1,11.000000,0.900000,0.500000
583,1,1,6.000000,0.300000,0.500000
584,1,1,6.000000,0.300000,0.500000
585,1,1,12.000000,1.000000,0.500000
586,1,1,6.000000,0.300000,0.500000
587,1,1,6.000000,0.300000,0.500000
588,1,1,6.000000,0.300000,0.500000
589,1,1,13.000000,0.900000,0.500000
590,1,1,10.000000,0.700000,0.500000
591,1,1,9.000000,0.500000,0.500000
592,1,1,6.000000,0.300000,0.500000
593,1,1,5.000000,0.000000,0.500000
594,1,1,11.000000,0.900000,0.500000
595,1,1,8.000000,0.600000,0.500000
596,1,1,7.000000,0.600000,0.500000
597,1,1,6.000000,0.300000,0.500000
598,1,1,7.000000,0.600000,0.500000
599,1,1,16.000000,0.900000,0.500000
600,1,1,6.000000,0.300000,0.500000
601,0,1,9.000000,1.000000,0.500000
602,1,1,5.000000,0.000000,0.500000
603,1,1,6.000000,0.300000,0.500000
604,1,1,7.000000,0.600000,0.500000
605,1,1,6.000000,0.300000,0.500000
606,1,1,8.000000,0.800000,0.500000
607,1,1,5.000000,0.000000,0.500000
608,1,1,8.000000,0.700000,0.500000
609,1,1,6.000000,0.300000,0.500000
610,1,1,11.000000,0.900000,0.500000
611,1,1,8.000000,0.600000,0.500000
612,1,1,6.000000,0.300000,0.500000
613,0,1,8.000000,0.700000,0.500000
614,1,1,13.000000,0.900000,0.500000
615,0,0,6.000000,0.300000,0.500000
616,1,1,6.000000,0.300000,0.500000
617,1,1,8.000000,0.700000,0.500000
618,1,1,7.000000,0.600000,0.500000
619,1,1,11.000000,0.800000,0.500000
620,1,1,13.000000,0.800000,0.500000
621,1,1,8.000000,0.600000,0.500000
622,1,1,5.000000,0.000000,0.500000
623,1,1,7.000000,0.600000,0.500000
624,1,1,9.000000,0.700000,0.500000
625,1,1,6.000000,0.300000,0.500000
626,1,1,6.000000,0.300000,0.500000
627,1,1,10.000000,0.900000,0.500000
628,1,1,8.000000,0.700000,0.500000
629,1,1,6.000000,0.300000,0.500000
630,1,1,9.000000,0.500000,0.500000
631,1,1,10.000000,0.900000,0.500000
632,1,1,5.000000,0.000000,0.500000
633,1,1,7.000000,0.600000,0.500000
634,0,0,7.000000,0.600000,0.500000
635,1,1,7.000000,0.600000,0.500000
636,1,1,7.000000,0.600000,0.500000
637,1,1,5.000000,0.000000,0.500000
638,1,1,7.000000,0.600000,0.500000
639,1,1,5.000000,0.000000,0.500000
640,1,1,5.000000,0.000000,0.500000
641,0,0,5.000000,0.000000,0.500000
642,0,0,7.000000,0.600000,0.500000
643,1,1,11.000000,0.700000,0.500000
644,0,0,9.000000,0.500000,0.500000
645,1,1,7.000000,0.600000,0.500000
646,1,1,5.000000,0.000000,0.500000
647,1,1,6.000000,0.300000,0.500000
648,1,1,7.000000,0.600000,0.500000
649,1,1,6.000000,0.300000,0.500000
650,1,1,8.000000,0.700000,0.500000
651,1,1,7.000000,0.600000,0.500000
652,1,1,7.000000,0.600000,0.500000
653,1,1,7.000000,0.600000,0.500000
654,1,1,9.000000,0.500000,0.500000
655,1,1,5.000000,0.000000,0.500000
656,1,1,11.000000,0.700000,0.500000
657,0,1,7.000000,0.600000,0.500000
658,1,1,7.000000,0.600000,0.500000
659,1,1,6.000000,0.300000,0.500000
660,1,1,6.000000,0.300000,0.500000
661,1,1,16.000000,1.000000,0.500000
662,1,1,6.000000,0.300000,0.500000
663,1,1,8.000000,0.900000,0.500000
664,1,1,6.000000,0.300000,0.500000
665,1,1,7.000000,0.600000,0.500000
666,1,1,6.000000,0.300000,0.500000
667,1,1,5.000000,0.000000,0.500000
668,1,1,5.000000,0.000000,0.500000
669,1,1,6.000000,0.300000,0.500000
670,1,1,6.000000,0.300000,0.500000
671,1,1,8.000000,0.700000,0.500000
672,1,1,9.000000,0.900000,0.500000
673,1,1,8.000000,0.700000,0.500000
674,1,1,15.000000,0.900000,0.500000
675,0,0,6.000000,0.300000,0.500000
676,1,1,10.000000,0.800000,0.500000
677,1,1,8.000000,0.700000,0.500000
678,0,0,16.000000,0.900000,0.500000
679,1,1,13.000000,0.900000,0.500000
680,1,1,7.000000,0.600000,0.500000
681,1,1,5.000000,0.000000,0.500000
682,0,0,5.000000,0.000000,0.500000
683,0,0,5.000000,0.000000,0.500000
684,1,1,8.000000,0.600000,0.500000
685,1,1,15.000000,1.000000,0.500000
686,1,1,6.000000,0.300000,0.500000
687,0,1,14.000000,0.900000,0.500000
688,1,1,7.000000,0.600000,0.500000
689,1,1,6.000000,0.300000,0.500000
690,0,0,6.000000,0.300000,0.500000
691,1,1,7.000000,0.600000,0.500000
692,1,1,6.000000,0.300000,0.500000
693,1,1,12.000000,0.900000,0.500000
694,1,1,5.000000,0.000000,0.500000
695,1,1,6.000000,0.300000,0.500000
696,0,0,5.000000,0.000000,0.500000
697,1,1,7.000000,0.600000,0.500000
698,1,1,11.000000,1.000000,0.500000
699,1,1,9.000000,0.500000,0.500000
700,1,1,6.000000,0.300000,0.500000
701,1,1,6.000000,0.300000,0.500000
702,1,1,13.000000,0.800000,0.500000
703,1,1,5.000000,0.000000,0.500000
704,1,1,6.000000,0.300000,0.500000
705,1,1,5.000000,0.000000,0.500000
706,0,1,6.000000,0.300000,0.500000
707,1,1,8.000000,0.800000,0.500000
708,1,1,7.000000,0.600000,0.500000
709,1,1,9.000000,0.800000,0.500000
710,0,0,6.000000,0.300000,0.500000
711,1,1,6.000000,0.300000,0.500000
712,1,1,15.000000,0.900000,0.500000
713,1,1,5.000000,0.000000,0.500000
714,1,1,10.000000,0.800000,0.500000
715,1,1,13.000000,0.900000,0.500000
716,1,1,8.000000,0.800000,0.500000
717,1,1,9.000000,0.800000,0.500000
718,0,0,6.000000,0.300000,0.500000
719,1,1,9.000000,0.900000,0.500000
720,1,1,6.000000,0.300000,0.500000
721,0,1,11.000000,0.900000,0.500000
722,1,1,6.000000,0.300000,0.500000
723,1,1,9.000000,0.500000,0.500000
724,1,1,5.000000,0.000000,0.500000
725,0,0,6.000000,0.300000,0.500000
726,1,1,6.000000,0.300000,0.500000
727,1,1,5.000000,0.000000,0.500000
728,1,1,5.000000,0.000000,0.500000
729,1,1,6.000000,0.300000,0.500000
730,1,1,6.000000,0.300000,0.500000
731,1,1,9.000000,0.800000,0.500000
732,1,1,5.000000,0.000000,0.500000
733,1,1,7.000000,0.600000,0.500000
734,1,1,9.000000,0.500000,0.500000
735,1,1,8.000000,0.700000,0.500000
736,1,1,8.000000,0.600000,0.500000
737,1,1,6.000000,0.300000,0.500000
738,1,1,7.000000,0.600000,0.500000
739,1,1,5.000000,0.000000,0.500000
740,0,0,11.000000,0.700000,0.500000
741,0,0,5.000000,0.000000,0.500000
742,1,1,7.000000,0.600000,0.500000
743,1,1,5.000000,0.000000,0.500000
744,1,1,6.000000,0.300000,0.500000
745,1,1,5.000000,0.000000,0.500000
746,1,1,7.000000,0.600000,0.500000
747,1,1,5.000000,0.000000,0.500000
748,1,1,5.000000,0.000000,0.500000
749,1,1,9.000000,0.800000,0.500000
750,1,1,8.000000,0.900000,0.500000
751,1,1,6.000000,0.300000,0.500000
752,1,1,5.000000,0.000000,0.500000
753,1,1,8.000000,0.900000,0.500000
754,1,1,10.000000,0.800000,0.500000
755,1,1,6.000000,0.300000,0.500000
756,1,1,13.000000,0.800000,0.500000
757,1,1,5.000000,0.000000,0.500000
758,1,1,5.000000,0.000000,0.500000
759,1,1,6.000000,0.300000,0.500000
760,1,1,17.000000,0.900000,0.500000
761,1,1,7.000000,0.600000,0.500000
762,1,1,6.000000,0.300000,0.500000
763,1,1,6.000000,0.300000,0.500000
764,1,1,8.000000,0.700000,0.500000
765,1,1,6.000000,0.300000,0.500000
766,1,1,9.000000,0.800000,0.500000
767,1,1,5.000000,0.000000,0.500000
768,1,1,5.000000,0.000000,0.500000
769,1,1,10.000000,0.800000,0.500000
770,0,1,8.000000,0.700000,0.500000
771,1,1,6.000000,0.300000,0.500000
772,1,1,6.000000,0.300000,0.500000
773,1,1,6.000000,0.300000,0.500000
774,1,1,6.000000,0.300000,0.500000
775,1,1,5.000000,0.000000,0.500000
776,1,1,6.000000,0.300000,0.500000
777,1,1,6.000000,0.300000,0.500000
778,1,1,9.000000,0.800000,0.500000
779,1,1,6.000000,0.300000,0.500000
780,1,1,6.000000,0.300000,0.500000
781,1,0,12.000000,0.900000,0.500000
782,1,1,8.000000,0.700000,0.500000
783,1,1,5.000000,0.000000,0.500000
784,1,1,6.000000,0.300000,0.500000
785,1,1,5.000000,0.000000,0.500000
786,1,1,7.000000,0.600000,0.500000
787,1,1,6.000000,0.300000,0.500000
788,1,1,7.000000,0.600000,0.500000
789,1,1,9.000000,0.500000,0.500000
790,1,1,11.000000,0.700000,0.500000
791,1,1,6.000000,0.300000,0.500000
792,1,1,9.000000,0.500000,0.500000
793,1,1,13.000000,0.900000,0.500000
794,0,1,6.000000,0.300000,0.500000
795,1,1,12.000000,0.900000,0.500000
796,1,1,5.000000,0.000000,0.500000
797,1,1,5.000000,0.000000,0.500000
798,1,1,9.000000,0.500000,0.500000
799,1,1,11.000000,0.700000,0.500000
800,1,1,12.000000,0.900000,0.500000
801,1,1,7.000000,0.600000,0.500000
802,1,1,6.000000,0.300000,0.500000
803,0,0,14.000000,0.900000,0.500000
804,0,1,7.000000,0.600000,0.500000
805,1,1,7.000000,0.600000,0.500000
806,1,1,5.000000,0.000000,0.500000
807,1,1,10.000000,0.800000,0.500000
808,1,1,9.000000,0.700000,0.500000
809,1,1,5.000000,0.000000,0.500000
810,1,1,6.000000,0.300000,0.500000
811,0,0,6.000000,0.300000,0.500000
812,1,1,7.000000,0.600000,0.500000
813,1,1,9.000000,0.700000,0.500000
814,1,1,14.000000,0.900000,0.500000
815,1,1,5.000000,0.000000,0.500000
816,1,1,9.000000,0.900000,0.500000
817,1,1,5.000000,0.000000,0.500000
818,1,1,6.000000,0.300000,0.500000
819,1,1,13.000000,0.900000,0.500000
820,1,1,16.000000,1.000000,0.500000
821,1,1,12.000000,0.800000,0.500000
822,1,1,6.000000,0.300000,0.500000
823,1,1,8.000000,0.600000,0.500000
824,1,1,7.000000,0.600000,0.500000
825,1,1,6.000000,0.300000,0.500000
826,1,1,5.000000,0.000000,0.500000
827,1,1,5.000000,0.000000,0.500000
828,1,1,6.000000,0.300000,0.500000
829,1,1,5.000000,0.000000,0.500000
830,1,1,8.000000,0.900000,0.500000
831,1,1,8.000000,0.900000,0.500000
832,1,1,6.000000,0.300000,0.500000
833,1,1,5.000000,0.000000,0.500000
834,0,1,11.000000,0.900000,0.500000
835,1,1,5.000000,0.000000,0.500000
836,1,1,5.000000,0.000000,0.500000
837,1,1,6.000000,0.300000,0.500000
838,0,1,8.000000,0.800000,0.500000
839,1,1,10.000000,0.900000,0.500000
840,1,1,7.000000,0.600000,0.500000
841,1,1,8.000000,0.600000,0.500000
842,1,1,5.000000,0.000000,0.500000
843,1,1,6.000000,0.300000,0.500000
844,1,1,5.000000,0.000000,0.500000
845,1,1,6.000000,0.300000,0.500000
846,0,1,7.000000,0.600000,0.500000
847,1,1,6.000000,0.300000,0.500000
848,1,1,7.000000,0.600000,0.500000
849,1,1,5.000000,0.000000,0.500000
850,0,1,7.000000,0.600000,0.500000
851,1,1,9.000000,0.500000,0.500000
852,1,1,6.000000,0.300000,0.500000
853,1,1,6.000000,0.300000,0.500000
854,1,1,14.000000,0.900000,0.500000
855,1,1,6.000000,0.300000,0.500000
856,1,1,8.000000,0.600000,0.500000
857,1,1,8.000000,0.600000,0.500000
858,1,1,5.000000,0.000000,0.500000
859,0,0,8.000000,0.900000,0.500000
860,1,1,5.000000,0.000000,0.500000
861,1,1,10.000000,0.800000,0.500000
862,1,1,12.000000,0.900000,0.500000
863,1,1,6.000000,0.300000,0.500000
864,1,1,7.000000,0.600000,0.500000
865,1,1,5.000000,0.000000,0.500000
866,1,1,7.000000,0.600000,0.500000
867,1,1,5.000000,0.000000,0.500000
868,1,1,6.000000,0.300000,0.500000
869,1,1,7.000000,0.600000,0.500000
870,1,1,7.000000,0.600000,0.500000
871,1,1,6.000000,0.300000,0.500000
872,1,1,6.000000,0.300000,0.500000
873,1,1,15.000000,1.000000,0.500000
874,1,1,6.000000,0.300000,0.500000
875,0,0,6.000000,0.300000,0.500000
876,1,1,9.000000,0.800000,0.500000
877,1,1,7.000000,0.600000,0.500000
878,1,1,6.000000,0.300000,0.500000
879,1,1,16.000000,1.000000,0.500000
880,1,1,5.000000,0.000000,0.500000
881,1,1,6.000000,0.300000,0.500000
882,1,1,5.000000,0.000000,0.500000
883,1,1,8.000000,0.900000,0.500000
884,1,1,18.000000,1.000000,0.500000
885,1,1,12.000000,1.000000,0.500000
886,1,1,6.000000,0.300000,0.500000
887,1,1,5.000000,0.000000,0.500000
888,1,1,6.000000,0.300000,0.500000
889,1,1,7.000000,0.600000,0.500000
890,1,1,8.000000,0.600000,0.500000
891,1,1,5.000000,0.000000,0.500000
892,1,1,7.000000,0.600000,0.500000
893,1,1,9.000000,0.700000,0.500000
894,1,1,6.000000,0.300000,0.500000
895,1,1,6.000000,0.300000,0.500000
896,1,1,7.000000,0.600000,0.500000
897,0,0,6.000000,0.300000,0.500000
898,1,1,11.000000,0.900000,0.500000
899,1,1,5.000000,0.000000,0.500000
900,1,1,6.000000,0.300000,0.500000
901,1,1,6.000000,0.300000,0.500000
902,1,1,7.000000,0.600000,0.500000
903,0,0,5.000000,0.000000,0.500000
904,1,1,5.000000,0.000000,0.500000
905,1,1,5.000000,0.000000,0.500000
906,0,0,5.000000,0.000000,0.500000
907,1,1,5.000000,0.000000,0.500000
908,1,1,5.000000,0.000000,0.500000
909,1,1,6.000000,0.300000,0.500000
910,1,1,6.000000,0.300000,0.500000
911,1,1,6.000000,0.300000,0.500000
912,1,1,5.000000,0.000000,0.500000
913,1,1,8.000000,0.800000,0.500000
914,1,1,7.000000,0.600000,0.500000
915,0,1,12.000000,0.900000,0.500000
916,1,1,5.000000,0.000000,0.500000
917,1,1,7.000000,0.600000,0.500000
918,1,0,7.000000,0.600000,0.500000
919,1,1,6.000000,0.300000,0.500000
920,1,1,9.000000,0.500000,0.500000
921,1,1,6.000000,0.300000,0.500000
922,1,1,6.000000,0.300000,0.500000
923,1,1,6.000000,0.300000,0.500000
924,1,1,6.000000,0.300000,0.500000
925,1,1,6.000000,0.300000,0.500000
926,1,1,8.000000,0.800000,0.500000
927,0,0,6.000000,0.300000,0.500000
928,1,1,7.000000,0.600000,0.500000
929,1,1,8.000000,0.800000,0.500000
930,0,1,7.000000,0.600000,0.500000
931,1,1,6.000000,0.300000,0.500000
932,1,1,6.000000,0.300000,0.500000
933,1,1,8.000000,0.600000,0.500000
934,1,1,6.000000,0.300000,0.500000
935,1,1,9.000000,0.800000,0.500000
936,1,1,14.000000,0.900000,0.500000
937,1,1,5.000000,0.000000,0.500000
938,1,1,11.000000,0.900000,0.500000
939,1,1,5.000000,0.000000,0.500000
940,1,1,6.000000,0.300000,0.500000
941,1,1,9.000000,0.500000,0.500000
942,1,1,6.000000,0.300000,0.500000
943,1,1,9.000000,0.900000,0.500000
944,1,1,5.000000,0.000000,0.500000
945,1,1,6.000000,0.300000,0.500000
946,1,1,9.000000,0.500000,0.500000
947,1,1,5.000000,0.000000,0.500000
948,1,1,6.000000,0.300000,0.500000
949,1,1,7.000000,0.600000,0.500000
950,1,1,17.000000,1.000000,0.500000
951,1,1,9.000000,0.500000,0.500000
952,1,1,5.000000,0.000000,0.500000
953,1,1,6.000000,0.300000,0.500000
954,1,1,5.000000,0.000000,0.500000
955,1,1,7.000000,0.600000,0.500000
956,1,1,12.000000,0.900000,0.500000
957,1,1,10.000000,0.800000,0.500000
958,0,0,7.000000,0.600000,0.500000
959,1,1,6.000000,0.300000,0.500000
960,1,1,5.000000,0.000000,0.500000
961,0,0,5.000000,0.000000,0.500000
962,0,0,5.000000,0.000000,0.500000
963,1,1,6.000000,0.300000,0.500000
964,1,1,5.000000,0.000000,0.500000
965,1,1,6.000000,0.300000,0.500000
966,1,1,6.000000,0.300000,0.500000
967,1,1,7.000000,0.600000,0.500000
968,1,1,5.000000,0.000000,0.500000
969,1,1,7.000000,0.600000,0.500000
970,1,1,7.000000,0.600000,0.500000
971,1,1,6.000000,0.300000,0.500000
972,0,0,6.000000,0.300000,0.500000
973,1,1,5.000000,0.000000,0.500000
974,1,1,6.000000,0.300000,0.500000
975,1,1,5.000000,0.000000,0.500000
976,1,1,6.000000,0.300000,0.500000
977,1,1,6.000000,0.300000,0.500000
978,1,1,6.000000,0.300000,0.500000
979,1,1,16.000000,1.000000,0.500000
980,1,1,6.000000,0.300000,0.500000
981,1,1,6.000000,0.300000,0.500000
982,1,1,6.000000,0.300000,0.500000
983,1,1,7.000000,0.600000,0.500000
984,1,1,8.000000,0.900000,0.500000
985,1,1,7.000000,0.600000,0.500000
986,1,1,9.000000,0.800000,0.500000
987,0,0,7.000000,0.600000,0.500000
988,1,1,5.000000,0.000000,0.500000
989,1,1,6.000000,0.300000,0.500000
990,1,1,7.000000,0.600000,0.500000
991,0,1,8.000000,0.800000,0.500000
992,1,1,6.000000,0.300000,0.500000
993,1,1,6.000000,0.300000,0.500000
994,1,1,5.000000,0.000000,0.500000
995,1,1,5.000000,0.000000,0.500000
996,1,1,6.000000,0.300000,0.500000
997,0,0,5.000000,0.000000,0.500000
998,1,1,7.000000,0.600000,0.500000
999,1,1,5.000000,0.000000,0.500000
WorkerID,Gamma,TrueGamma
725,0.504346,1.200141
231,0.533308,2.313610
204,0.499367,0.744628
543,0.468584,0.788615
714,0.483942,1.268573
31,0.480335,1.530149
916,0.520306,1.579181
950,0.483833,2.017207
495,0.475195,1.836000
286,0.502763,0.665735
326,0.488148,0.638260
920,0.498776,1.024471
321,0.542317,1.855165
892,0.561598,0.809371
710,0.484474,0.884549
994,0.485672,1.282069
658,0.505007,1.184139
320,0.535666,1.841646
366,0.499030,0.381459
213,0.464863,0.395220
690,0.490662,1.519187
657,0.550717,0.848523
99,0.508977,0.774081
991,0.527240,1.538447
944,0.494755,1.090571
603,0.490092,1.124483
280,0.475720,1.241687
455,0.474858,1.256810
425,0.471142,0.521592
591,0.555388,3.205345
779,0.480902,1.724884
136,0.513141,2.079686
970,0.513125,0.786769
706,0.520076,0.640648
166,0.555568,2.120016
821,0.489226,1.237499
961,0.510405,0.858373
431,0.475466,1.392476
323,0.528958,1.092294
888,0.498520,0.519945
999,0.480605,1.508811
391,0.496833,1.589381
608,0.480437,0.777103
3,0.496403,1.065351
963,0.556920,2.815638
943,0.481860,1.728297
942,0.478893,0.604140
508,0.539223,1.346822
914,0.482444,0.831463
21,0.502704,0.981627
149,0.489374,1.271975
438,0.480561,0.613069
115,0.530531,1.477526
357,0.517361,2.327803
55,0.492420,0.449351
558,0.558507,2.178966
692,0.526051,1.196446
831,0.517689,0.434668
577,0.528170,2.215542
964,0.549494,1.338937
68,0.495925,0.772984
352,0.513252,1.722693
145,0.537606,1.412522
141,0.468531,0.915466
697,0.498110,0.717333
632,0.464802,1.195515
171,0.516849,0.701220
499,0.488734,1.021831
212,0.516316,0.596026
503,0.501897,0.669026
460,0.536791,1.114994
360,0.499207,0.447257
301,0.522562,0.906148
258,0.504819,1.257507
583,0.465158,0.528666
743,0.483406,0.625584
419,0.508205,0.595958
956,0.496135,0.689237
619,0.534725,0.667967
118,0.481267,0.142442
573,0.563569,1.102527
934,0.524935,0.334376
380,0.465128,0.792378
753,0.535171,1.421214
890,0.517612,1.052205
135,0.531594,2.037236
230,0.462719,0.527169
0,0.501499,1.490108
783,0.565576,3.119225
564,0.496373,0.469729
64,0.514999,0.930895
347,0.506034,1.551548
397,0.507490,0.863494
853,0.474808,0.413880
823,0.524831,0.502668
313,0.534781,0.852673
93,0.504784,1.387870
62,0.499148,1.092267
681,0.540754,2.696487
259,0.546254,1.802922
645,0.477311,0.444094
32,0.532073,0.815880
946,0.475145,0.829232
908,0.479559,0.204186
160,0.492154,1.078552
298,0.480064,1.619966
602,0.497864,1.061894
592,0.555095,1.516236
133,0.462685,0.299482
921,0.525866,1.039291
974,0.504269,0.917474
287,0.512012,1.385209
41,0.469210,0.818959
52,0.564350,0.882941
222,0.488186,1.322558
82,0.504445,0.995651
95,0.477578,1.386747
2,0.489099,1.769609
196,0.525081,1.062418
835,0.499834,2.458494
356,0.493049,1.515924
406,0.549696,0.239788
666,0.497187,0.602100
124,0.501864,0.619417
919,0.588589,2.102900
957,0.486711,1.303970
310,0.475650,0.946442
346,0.498719,2.083072
97,0.507162,1.242083
545,0.488599,0.638926
492,0.512933,1.579006
105,0.550950,2.556124
704,0.498319,1.003941
385,0.486702,1.611787
852,0.499796,0.739266
653,0.602971,1.766869
157,0.501493,0.579657
8,0.595834,2.054827
283,0.540771,1.782178
159,0.514262,0.872652
626,0.547269,1.228245
620,0.525171,1.137402
872,0.495062,0.780789
370,0.544732,0.658999
200,0.492107,0.952434
739,0.493189,1.350738
910,0.498482,1.559642
120,0.531472,1.786185
766,0.545635,1.272218
903,0.523276,1.279127
176,0.478063,1.233040
565,0.467323,0.525511
322,0.509106,1.293015
433,0.472156,0.576961
474,0.477972,1.533479
770,0.485823,1.257735
641,0.521993,0.464397
387,0.528816,1.194077
889,0.562299,1.145840
305,0.548867,1.574437
418,0.504823,0.516803
134,0.507083,0.921624
411,0.487085,0.300595
807,0.501292,2.698576
717,0.512301,0.974881
295,0.486420,0.651800
870,0.522703,1.319344
416,0.466035,0.603811
858,0.514235,0.610390
703,0.487840,0.515955
148,0.474398,0.107603
969,0.478241,0.469121
20,0.489284,1.481015
14,0.502532,0.994950
973,0.501239,1.444353
112,0.493288,0.538221
746,0.483629,0.600587
882,0.525014,0.780363
729,0.529059,0.915001
559,0.516234,1.610699
152,0.514674,1.552991
169,0.505907,0.783970
550,0.530497,1.591074
829,0.568314,1.802451
574,0.471658,1.812331
6,0.502406,1.516044
368,0.467818,0.614718
813,0.471408,1.148168
665,0.495903,0.567853
400,0.480888,1.257374
885,0.503710,0.998352
80,0.542068,1.174223
108,0.479731,1.424837
478,0.523836,2.279062
142,0.531439,1.495143
393,0.495909,1.463225
640,0.505470,0.952099
96,0.502687,1.060904
372,0.487019,0.777530
129,0.514567,1.039862
202,0.562283,1.060569
647,0.477457,1.329238
912,0.467953,0.180486
909,0.492694,0.986436
857,0.477655,0.903551
114,0.473953,1.707157
484,0.513813,2.460483
345,0.568629,1.798510
610,0.511494,1.248266
541,0.521020,0.939316
628,0.506838,1.829827
594,0.489964,2.183642
702,0.498499,0.819982
800,0.492165,0.809389
661,0.492526,0.945598
866,0.520149,0.991636
475,0.477330,0.540732
825,0.527486,1.224283
907,0.504301,0.762369
760,0.513271,0.829438
78,0.531202,1.100726
827,0.517351,2.060286
342,0.484566,1.121457
778,0.544692,1.343439
374,0.531015,0.798565
192,0.534948,0.762090
140,0.502176,2.004492
233,0.570000,1.947464
509,0.553183,1.681734
902,0.543534,1.178985
790,0.534473,0.550025
197,0.510508,1.364321
506,0.507641,0.456819
839,0.492102,0.673865
281,0.518024,1.100035
711,0.480393,0.954228
252,0.493734,1.179452
275,0.511554,0.461963
552,0.579834,2.829828
146,0.525006,1.005619
237,0.522466,0.535025
537,0.504580,2.074919
470,0.551918,1.818717
208,0.531043,1.142193
769,0.516105,0.780146
116,0.571752,1.179370
239,0.559933,1.675008
694,0.506479,1.169442
918,0.485784,0.696976
617,0.530979,0.922148
784,0.492446,0.205252
992,0.554299,1.030803
622,0.503409,0.432848
480,0.571838,1.498139
637,0.472589,0.476902
940,0.510067,1.011984
634,0.592616,1.737897
773,0.521705,1.295253
336,0.504469,1.214121
165,0.486430,1.474409
556,0.488534,0.991986
293,0.514537,1.070670
79,0.561754,1.295200
933,0.571089,2.745360
986,0.507824,1.678251
618,0.552002,1.286706
420,0.555490,1.569602
382,0.517259,1.169908
164,0.494805,0.488303
925,0.568540,0.661467
951,0.472523,0.481691
341,0.525006,1.298354
780,0.521260,3.014912
248,0.553642,0.934438
611,0.528067,1.014072
122,0.494503,0.464909
724,0.531702,0.709015
875,0.528375,0.821547
945,0.532169,0.934838
735,0.506904,0.978727
841,0.508992,0.289633
955,0.519097,0.823610
928,0.506877,0.512710
742,0.488367,0.269903
83,0.528981,0.816391
66,0.512877,0.454014
362,0.543605,1.805915
747,0.498330,0.910426
325,0.521192,1.418497
223,0.529321,1.651374
251,0.510015,0.490242
106,0.492570,0.980586
859,0.517414,0.745453
234,0.523434,1.076042
38,0.518241,0.434028
535,0.524082,1.212892
660,0.510624,0.495365
369,0.482960,1.326547
501,0.486601,0.801020
952,0.506333,1.688480
448,0.525654,1.239580
81,0.520245,1.031184
894,0.485945,0.627385
561,0.510433,0.968361
103,0.495389,0.459866
728,0.534363,1.412638
976,0.514681,0.903551
263,0.551926,1.266980
599,0.552920,1.738405
5,0.509984,0.307512
768,0.552422,1.433951
412,0.513010,1.317363
650,0.527168,1.343000
593,0.507996,0.599665
435,0.506527,0.722555
517,0.505735,1.738883
131,0.523502,2.418382
865,0.523766,1.056134
338,0.548856,1.370408
290,0.534246,1.616281
880,0.511774,0.922848
464,0.495511,0.988190
949,0.507175,0.490434
896,0.516646,1.198733
163,0.520027,1.152282
45,0.513440,2.912709
490,0.563086,1.922765
33,0.545307,1.317283
715,0.506676,1.080282
737,0.530023,1.154737
686,0.543788,1.538628
607,0.521876,1.077472
69,0.521505,0.734275
43,0.582858,1.118689
972,0.473460,0.538086
244,0.526538,0.821443
696,0.480473,1.094793
477,0.515228,1.343370
547,0.513301,0.931337
523,0.566470,1.834136
392,0.515535,1.539789
63,0.486055,0.567131
90,0.516681,1.205182
381,0.486865,0.709283
117,0.540240,1.068084
595,0.477076,0.601940
787,0.495840,1.281396
177,0.525988,0.790940
449,0.513840,1.162446
364,0.591742,2.483105
867,0.563799,1.152863
672,0.519730,1.112307
88,0.512666,1.279241
536,0.538135,1.303125
189,0.479989,0.470522
808,0.490390,0.888369
812,0.501781,1.055347
127,0.485674,0.791470
426,0.510379,1.283673
828,0.515613,1.022938
736,0.539382,2.011080
732,0.512731,0.928203
772,0.510492,1.706348
308,0.504935,1.366978
161,0.524573,1.528274
1,0.506105,0.831918
810,0.530779,0.591920
100,0.516293,1.572841
580,0.562938,1.000291
377,0.494808,0.637531
361,0.507430,3.035083
795,0.529266,2.354849
792,0.486756,0.687194
621,0.530348,1.471523
623,0.509962,1.125453
988,0.537376,2.122945
444,0.559051,1.801951
272,0.489167,1.145678
260,0.534189,1.661503
246,0.523238,0.995677
328,0.563406,1.131926
132,0.564887,2.079801
569,0.523567,0.992050
7,0.516557,0.744468
609,0.528029,1.553343
54,0.505017,0.490338
513,0.521075,1.022644
15,0.546037,2.181559
247,0.569378,0.730781
998,0.504263,1.535706
206,0.485809,0.927820
836,0.510964,0.990335
803,0.498249,0.222414
384,0.476297,0.831052
785,0.507349,0.538785
367,0.536171,0.860759
245,0.552990,1.137550
817,0.479103,0.472060
147,0.560229,0.799751
788,0.565919,3.362766
926,0.505993,1.085254
34,0.520347,1.365397
975,0.518813,2.104278
422,0.513471,1.053770
959,0.497114,0.507519
363,0.555375,0.519580
905,0.503920,1.563527
110,0.505515,1.550760
401,0.551786,2.154548
172,0.521073,1.189842
705,0.536851,0.789457
155,0.525494,0.885715
572,0.555802,1.585535
186,0.492329,0.787809
376,0.480402,2.767380
139,0.520945,1.129956
636,0.551807,1.285648
718,0.492308,1.335473
832,0.508900,1.043922
71,0.507256,0.516221
224,0.538698,0.655116
683,0.504314,1.296221
631,0.546225,2.639446
848,0.530331,1.878827
273,0.495861,0.684044
809,0.528404,1.431545
771,0.520705,0.402041
10,0.482401,0.506795
638,0.543190,0.881345
404,0.580260,1.728471
549,0.491612,0.440538
893,0.484668,1.353900
518,0.505558,2.101964
137,0.520115,2.479630
414,0.503946,2.149861
469,0.492063,0.955339
669,0.492029,1.297817
59,0.516836,1.067360
278,0.560083,1.872473
522,0.530396,1.906226
680,0.545470,0.943388
113,0.532728,0.827687
709,0.572695,1.227022
201,0.532679,2.335576
971,0.499222,1.385199
871,0.521386,1.309065
75,0.500424,0.694045
935,0.525699,0.893864
353,0.502703,1.528467
687,0.536119,1.410132
596,0.515838,1.109976
868,0.531195,0.872317
175,0.503005,0.669360
209,0.534433,1.449152
232,0.482542,0.567234
498,0.539168,1.560645
627,0.479933,1.280870
915,0.489649,0.259755
514,0.497935,0.933140
358,0.503517,0.997308
891,0.516457,0.745832
373,0.556800,0.610122
584,0.554022,1.867277
995,0.485792,0.964720
600,0.521803,0.546980
937,0.545052,1.691704
797,0.521076,0.492896
250,0.548943,0.212515
214,0.506308,0.730021
195,0.521312,1.055230
734,0.506700,0.870834
526,0.513477,1.454445
505,0.501780,2.204914
519,0.498025,0.616349
796,0.545817,2.167610
625,0.542475,0.367686
472,0.501876,1.399645
291,0.555494,1.970262
216,0.555785,1.825074
203,0.555479,1.286938
215,0.552428,1.859944
723,0.540859,2.002408
121,0.517620,1.074894
144,0.546292,1.742757
731,0.527443,1.779486
57,0.516393,1.155949
913,0.485701,0.225468
624,0.541630,0.374182
235,0.528594,1.210864
761,0.575051,1.586245
403,0.553600,0.931885
154,0.569264,1.714007
895,0.485184,0.997037
330,0.485060,1.703951
217,0.502980,0.795846
174,0.554209,0.537266
826,0.523245,0.417654
540,0.515250,0.530642
960,0.486161,0.909455
979,0.505040,0.857746
170,0.488326,1.053042
901,0.510130,0.657731
150,0.488876,1.788721
801,0.556021,1.831562
11,0.512304,2.294608
413,0.503782,0.745984
554,0.499548,0.606938
101,0.550154,0.896516
936,0.563530,1.370618
72,0.488312,1.068089
463,0.528340,1.073363
655,0.545546,0.810961
315,0.501292,1.120571
786,0.567429,0.846927
824,0.491632,2.069217
932,0.535017,0.462640
48,0.534634,1.864914
776,0.546562,0.709684
948,0.534713,1.594708
911,0.519187,1.169901
834,0.500084,1.506021
485,0.529082,1.030769
983,0.539745,0.552600
386,0.503433,0.391313
193,0.509761,1.672292
675,0.554125,0.679908
511,0.531889,1.439576
9,0.546468,0.934300
923,0.531834,1.525799
639,0.549541,1.072289
763,0.571219,1.696181
184,0.573707,2.721579
476,0.522691,0.977460
329,0.511942,2.197680
459,0.506824,1.717502
18,0.506670,0.476223
288,0.494278,0.762438
317,0.551517,1.036276
567,0.510591,0.352867
601,0.518021,0.872967
741,0.510182,1.465067
457,0.532999,1.658275
726,0.509799,0.598589
494,0.532886,1.098895
178,0.486018,1.123368
500,0.498376,0.729316
922,0.536341,1.606832
299,0.525344,1.188795
138,0.546140,0.747728
254,0.555659,1.183461
775,0.604560,2.533734
869,0.525895,2.054613
253,0.552278,1.625500
560,0.549353,1.506380
958,0.524520,0.306275
764,0.541812,1.099454
493,0.523090,1.546962
405,0.543720,0.974623
805,0.534799,0.561501
929,0.524717,0.369912
261,0.530556,0.794462
42,0.507277,0.547743
654,0.509898,1.008496
856,0.545448,1.394166
17,0.518709,0.756633
76,0.547799,1.065285
685,0.546137,1.204677
451,0.541590,0.478663
984,0.533111,1.381777
968,0.518271,1.063999
649,0.600015,0.984544
966,0.568240,0.872936
29,0.527097,0.895381
546,0.528128,0.844303
733,0.566422,1.260216
351,0.506011,1.248061
854,0.487669,0.854315
531,0.519033,0.887475
879,0.546810,1.163172
575,0.539501,1.263418
712,0.522217,1.190772
37,0.529408,1.989436
85,0.542181,3.888110
306,0.513002,0.361825
606,0.510800,0.779311
389,0.552457,1.414439
218,0.494714,0.272334
91,0.560548,0.636547
695,0.560113,1.609504
441,0.516627,0.772866
719,0.503364,1.300948
777,0.533198,0.904339
102,0.503732,0.458025
73,0.530319,1.744527
408,0.523092,1.574597
123,0.547076,2.212395
255,0.518517,0.507494
555,0.548554,1.016496
30,0.536739,0.728901
701,0.532898,0.901122
86,0.553908,1.306024
755,0.518924,0.751699
468,0.542971,0.917638
886,0.524983,0.964292
985,0.551071,1.600313
297,0.510585,0.853290
25,0.506910,0.647302
838,0.546434,1.525286
758,0.518060,0.897870
566,0.548234,2.215581
756,0.515329,0.867422
750,0.579284,0.937567
228,0.567895,1.698929
516,0.522152,0.552887
954,0.543922,0.884121
194,0.565840,1.041853
456,0.521750,1.410775
586,0.542054,0.747081
453,0.628658,1.474735
782,0.544462,3.320639
156,0.546216,1.033392
806,0.525374,1.038297
708,0.506383,1.867294
930,0.513160,2.446263
646,0.538517,0.975502
398,0.524005,0.668930
344,0.543048,1.338601
815,0.549402,0.788170
862,0.576872,1.457901
394,0.539482,1.507166
266,0.554724,0.844469
864,0.542562,1.961299
678,0.534931,0.628493
656,0.615142,1.106033
130,0.560589,0.631307
236,0.546324,2.308695
242,0.570535,1.271435
562,0.527160,0.676968
510,0.497571,0.909985
727,0.612377,1.153257
395,0.608687,1.096840
87,0.496049,0.631751
789,0.500668,1.143287
274,0.493776,2.140179
486,0.545070,1.474963
659,0.598091,2.331200
294,0.552863,1.510397
849,0.571223,1.393875
693,0.537314,0.854956
850,0.500736,0.390144
65,0.495503,0.760231
682,0.580028,0.793187
407,0.509272,1.120502
504,0.601060,1.663961
219,0.614683,1.516698
267,0.501233,0.700682
199,0.595346,0.997903
962,0.524423,0.488074
292,0.530322,1.544990
271,0.552025,2.484291
598,0.503822,2.214628
332,0.517745,1.297060
221,0.580849,0.577549
759,0.591073,3.260977
180,0.504398,1.388778
53,0.564231,2.530244
635,0.507307,1.404162
51,0.566950,2.536628
316,0.506527,0.907641
982,0.534383,2.109683
502,0.536781,0.191540
630,0.506973,0.574083
314,0.543291,2.094250
40,0.575112,1.600307
125,0.523397,0.884107
745,0.557951,3.028675
309,0.525950,1.185081
527,0.564250,1.460787
642,0.545207,0.970713
938,0.543171,0.469162
348,0.498313,0.350180
700,0.566189,0.982199
442,0.492215,0.666493
863,0.508947,1.192081
450,0.555139,1.612629
722,0.555652,1.596659
947,0.598063,1.183071
898,0.571812,2.137288
307,0.591697,1.147598
19,0.538775,0.525206
978,0.570381,4.183775
39,0.514472,0.222750
337,0.591605,0.844217
899,0.562161,1.495666
190,0.530556,0.826688
613,0.519328,0.798044
417,0.534271,0.878004
74,0.534978,1.033751
767,0.548678,1.641653
415,0.567296,0.874596
483,0.612434,1.661033
49,0.546856,1.930309
679,0.537805,0.906680
668,0.543970,0.979607
365,0.544262,1.635312
312,0.569412,0.917885
585,0.536561,1.091215
77,0.547888,0.791912
648,0.571531,1.592958
430,0.620595,1.549134
44,0.572382,1.201064
802,0.501902,0.874213
587,0.530744,0.949003
434,0.534238,0.447759
210,0.513386,1.019823
465,0.537417,0.515404
997,0.558016,0.488746
917,0.534875,0.514844
633,0.537353,1.235503
409,0.582382,2.141850
269,0.595943,1.645317
721,0.526846,0.839310
383,0.555186,1.338859
716,0.606750,1.739310
249,0.592384,1.656493
240,0.578278,1.760441
553,0.562491,0.923472
318,0.569208,1.280017
671,0.554819,1.247578
437,0.523428,0.130868
544,0.525975,1.094485
990,0.579142,1.475357
296,0.554049,1.813865
128,0.568506,1.936640
851,0.512299,1.033173
563,0.585242,0.754429
900,0.521478,0.655904
752,0.578338,1.499645
396,0.592311,1.755566
794,0.603767,1.844825
744,0.548511,1.046389
276,0.516200,0.405437
798,0.527693,0.684761
512,0.620715,1.374548
667,0.507817,0.306375
458,0.522250,1.518648
461,0.525303,0.932225
520,0.569827,1.404041
58,0.566276,0.816159
953,0.517850,1.780659
612,0.604408,1.480982
698,0.542848,0.890883
343,0.510272,0.691391
528,0.531462,0.446900
488,0.519191,1.061905
844,0.522855,0.788245
439,0.544300,0.793266
799,0.525583,0.908155
582,0.588014,2.496186
738,0.557621,1.948628
168,0.519031,0.709137
605,0.515955,0.255581
818,0.536837,0.429112
615,0.582401,1.757536
878,0.534385,1.728760
568,0.650595,1.879835
515,0.563311,0.655725
46,0.576479,0.868724
205,0.582048,1.088474
227,0.523479,0.889903
981,0.533896,0.780092
109,0.514273,2.112934
884,0.540880,1.298675
507,0.544552,3.038766
375,0.552580,0.206348
781,0.506846,1.024629
691,0.510024,1.056565
350,0.545749,2.496816
663,0.534204,2.320986
651,0.568401,1.026312
285,0.664386,1.543025
436,0.549786,0.618415
471,0.550055,1.718214
473,0.588863,1.351332
791,0.516650,1.127571
874,0.583535,1.729675
333,0.574524,2.542083
883,0.557917,0.718151
811,0.557246,1.809419
491,0.513257,0.636506
179,0.531332,1.561828
597,0.503053,0.474833
993,0.613927,3.026662
843,0.545053,1.259439
525,0.585924,1.323620
268,0.557629,1.263656
924,0.537837,0.996116
674,0.528397,1.937266
399,0.558275,1.273825
822,0.563218,0.719632
207,0.546878,1.036507
748,0.554360,1.247165
104,0.508400,0.816387
814,0.603882,1.552614
707,0.540354,1.350848
67,0.516129,0.758328
670,0.536727,0.491666
256,0.632756,1.628894
334,0.561934,0.833838
92,0.518153,0.477006
162,0.545918,1.099090
98,0.525674,0.717727
427,0.536393,0.963365
876,0.559910,1.405201
211,0.509698,0.310043
467,0.566341,1.369398
662,0.629207,1.279194
243,0.599160,1.088037
804,0.555454,1.631733
432,0.569979,1.965672
539,0.535855,0.624534
424,0.558467,0.982182
579,0.546480,1.132325
652,0.516899,0.791601
931,0.546277,1.156331
578,0.541199,3.571470
730,0.527768,0.645689
765,0.550203,1.162617
173,0.570913,1.821216
532,0.522026,0.415187
757,0.502610,0.722755
143,0.530480,0.541122
355,0.502059,0.931643
188,0.535803,1.459681
27,0.537852,2.264042
284,0.559261,0.723603
111,0.500585,0.593315
70,0.612784,1.151382
989,0.557583,1.044370
151,0.523154,0.972157
664,0.516930,1.996854
855,0.621899,1.752720
643,0.525263,1.593921
530,0.512993,0.413080
183,0.498898,2.188374
89,0.534716,0.415991
56,0.539945,1.877960
847,0.584102,2.073201
529,0.516546,0.875584
496,0.611277,1.078594
754,0.507088,0.786656
861,0.582160,2.545600
906,0.544656,1.049685
262,0.523158,0.698083
429,0.573981,2.298231
749,0.561668,0.664628
996,0.548958,1.268988
833,0.560298,1.877933
842,0.569860,1.577734
497,0.554096,1.591369
279,0.552243,1.983348
241,0.546094,0.824109
277,0.607960,1.320263
684,0.507962,0.875591
153,0.602565,0.892972
538,0.526025,0.904902
570,0.529342,2.192948
229,0.532904,1.625515
378,0.547935,0.942667
282,0.543661,1.446291
571,0.570374,1.091551
588,0.511562,0.404371
534,0.553467,2.348706
479,0.544731,2.120034
713,0.564978,1.527136
860,0.547529,0.426864
35,0.538066,1.028525
340,0.567745,1.272223
421,0.549292,1.789848
487,0.581569,1.803556
887,0.550998,1.223484
324,0.532385,0.567981
604,0.537062,2.814886
904,0.558082,2.289277
349,0.551326,1.377361
720,0.626612,1.207746
185,0.575106,1.154884
47,0.546742,1.418719
524,0.574114,1.110492
402,0.580660,2.058155
226,0.603382,2.124763
388,0.537153,0.849493
927,0.599648,1.326401
289,0.570520,1.661902
158,0.567307,2.786333
446,0.556745,0.542498
220,0.563992,1.520767
319,0.497665,0.689563
339,0.503094,1.181349
440,0.557607,0.245884
452,0.571853,0.439917
126,0.555051,2.008116
24,0.535438,0.661036
191,0.535914,1.275269
576,0.582937,2.068872
302,0.536821,0.503553
614,0.613382,1.973351
390,0.595381,1.483274
445,0.567437,1.927733
967,0.525695,0.433309
423,0.591178,1.180825
521,0.594228,1.530329
644,0.531879,0.609486
877,0.548467,0.690556
107,0.552607,2.207263
331,0.555525,0.829387
689,0.580308,1.495074
830,0.538782,0.379145
28,0.565767,0.758501
482,0.548281,0.819944
881,0.538549,0.248861
616,0.631209,1.900718
12,0.542191,2.061351
23,0.568728,1.511400
590,0.555104,0.989166
198,0.597938,2.359091
187,0.564951,1.877877
50,0.575944,0.272840
941,0.568675,0.920909
26,0.565873,1.308389
873,0.589125,1.508077
270,0.590238,2.449049
542,0.582739,1.208282
987,0.562832,0.857562
454,0.547149,0.910639
589,0.531041,0.769394
845,0.563277,0.832896
762,0.572583,0.856183
60,0.575017,1.273609
354,0.583595,1.145840
13,0.559380,1.267681
61,0.575948,0.712529
897,0.577044,1.609097
581,0.558324,0.792226
676,0.559732,1.083099
16,0.608034,2.396053
379,0.583207,1.488917
551,0.559393,1.726892
774,0.558746,1.040725
466,0.553170,2.084929
22,0.561608,0.819200
265,0.573402,1.171663
816,0.563422,1.106836
557,0.601847,2.092263
980,0.547334,1.183794
303,0.582595,2.220698
481,0.575397,3.173114
820,0.556807,0.622673
371,0.572469,2.468548
119,0.558878,1.484476
740,0.621859,1.363141
94,0.558757,0.768467
225,0.630764,1.810111
359,0.581511,1.710684
181,0.615083,2.659356
335,0.577443,1.053865
489,0.574986,0.981423
167,0.587990,1.575826
837,0.572155,1.546580
327,0.548920,1.299017
443,0.607274,1.787902
939,0.549389,0.776955
846,0.540148,1.731115
840,0.576976,1.253545
238,0.587753,1.480775
304,0.600863,3.674873
965,0.574510,0.998465
548,0.609051,1.976519
819,0.591194,1.209997
677,0.576659,0.410836
629,0.550206,0.960675
300,0.542588,0.360508
182,0.564010,1.712466
462,0.578731,1.055584
410,0.556240,0.541002
688,0.553487,1.321843
264,0.574374,0.685394
977,0.555785,0.712026
4,0.553216,0.741513
428,0.581244,0.693363
36,0.542498,0.543753
84,0.546889,1.120882
257,0.567394,1.358978
751,0.594092,1.902711
311,0.570757,1.568655
533,0.591225,0.468646
699,0.638719,1.761820
793,0.565472,1.983470
447,0.583718,1.950029
673,0.585837,0.941012
Average Cost: 7.403000
Accuracy: 96.000000
Accuracy 0: 100.000000
Cost 0: 5.000000
Accuracy 1: 100.000000
Cost 1: 5.000000
Accuracy 2: 100.000000
Cost 2: 5.000000
Accuracy 3: 100.000000
Cost 3: 5.000000
Accuracy 4: 100.000000
Cost 4: 5.000000
Accuracy 5: 100.000000
Cost 5: 5.000000
Accuracy 6: 100.000000
Cost 6: 5.000000
Accuracy 7: 100.000000
Cost 7: 5.000000
Accuracy 8: 100.000000
Cost 8: 5.000000
Accuracy 9: 100.000000
Cost 9: 5.000000
