Number of Worker Pools: 1
Number of Workers in Pool 1: 1000
Original mean,standardDev for Pool 1: 4.000000,0.300000
Number of Workers in Pool 2: 1000
Original mean,standardDev for Pool 2: 3.500000,0.200000
Number of Problems: 1000
ProblemNo,Answer,TrueAnswer,Cost,Difficulty,TrueDifficulty
0,0,0,8.000000,0.900000,0.500000
1,1,1,5.000000,0.400000,0.500000
2,1,1,5.000000,0.400000,0.500000
3,1,1,4.000000,0.000000,0.500000
4,0,0,5.000000,0.400000,0.500000
5,1,1,4.000000,0.000000,0.500000
6,1,1,6.000000,0.700000,0.500000
7,1,1,4.000000,0.000000,0.500000
8,1,1,4.000000,0.000000,0.500000
9,0,0,4.000000,0.000000,0.500000
10,0,0,6.000000,0.700000,0.500000
11,0,0,7.000000,0.700000,0.500000
12,0,0,6.000000,0.700000,0.500000
13,0,0,4.000000,0.000000,0.500000
14,0,0,4.000000,0.000000,0.500000
15,1,1,5.000000,0.400000,0.500000
16,0,0,4.000000,0.000000,0.500000
17,1,1,5.000000,0.400000,0.500000
18,0,0,4.000000,0.000000,0.500000
19,0,0,5.000000,0.400000,0.500000
20,0,0,4.000000,0.000000,0.500000
21,0,1,5.000000,0.400000,0.500000
22,0,1,6.000000,0.700000,0.500000
23,1,1,4.000000,0.000000,0.500000
24,1,1,5.000000,0.400000,0.500000
25,1,1,4.000000,0.000000,0.500000
26,1,1,8.000000,0.800000,0.500000
27,0,0,6.000000,0.700000,0.500000
28,0,0,9.000000,0.900000,0.500000
29,0,0,4.000000,0.000000,0.500000
30,0,1,9.000000,0.900000,0.500000
31,1,1,7.000000,0.700000,0.500000
32,0,0,4.000000,0.000000,0.500000
33,1,1,11.000000,0.900000,0.500000
34,0,0,5.000000,0.400000,0.500000
35,0,0,5.000000,0.400000,0.500000
36,1,1,5.000000,0.400000,0.500000
37,1,1,8.000000,0.800000,0.500000
38,0,1,5.000000,0.400000,0.500000
39,0,0,5.000000,0.400000,0.500000
40,1,1,11.000000,0.900000,0.500000
41,0,0,5.000000,0.400000,0.500000
42,0,0,4.000000,0.000000,0.500000
43,1,1,5.000000,0.400000,0.500000
44,0,0,6.000000,0.700000,0.500000
45,0,0,5.000000,0.400000,0.500000
46,1,1,5.000000,0.400000,0.500000
47,0,0,5.000000,0.400000,0.500000
48,0,0,4.000000,0.000000,0.500000
49,1,1,4.000000,0.000000,0.500000
50,1,1,5.000000,0.400000,0.500000
51,0,0,11.000000,0.900000,0.500000
52,1,1,5.000000,0.400000,0.500000
53,1,1,7.000000,0.600000,0.500000
54,1,1,6.000000,0.700000,0.500000
55,1,1,4.000000,0.000000,0.500000
56,1,1,5.000000,0.400000,0.500000
57,1,1,8.000000,0.600000,0.500000
58,1,1,4.000000,0.000000,0.500000
59,0,0,6.000000,0.900000,0.500000
60,0,0,5.000000,0.400000,0.500000
61,1,1,5.000000,0.400000,0.500000
62,0,0,4.000000,0.000000,0.500000
63,0,0,5.000000,0.400000,0.500000
64,1,1,4.000000,0.000000,0.500000
65,1,1,7.000000,0.700000,0.500000
66,0,0,4.000000,0.000000,0.500000
67,1,1,4.000000,0.000000,0.500000
68,0,0,4.000000,0.000000,0.500000
69,1,1,4.000000,0.000000,0.500000
70,0,0,7.000000,0.800000,0.500000
71,1,1,5.000000,0.400000,0.500000
72,0,0,5.000000,0.400000,0.500000
73,1,1,4.000000,0.000000,0.500000
74,0,0,4.000000,0.000000,0.500000
75,1,1,6.000000,0.700000,0.500000
76,1,1,5.000000,0.400000,0.500000
77,1,1,4.000000,0.000000,0.500000
78,1,1,8.000000,0.900000,0.500000
79,0,0,4.000000,0.000000,0.500000
80,0,0,7.000000,0.700000,0.500000
81,0,0,5.000000,0.400000,0.500000
82,1,0,9.000000,0.800000,0.500000
83,1,1,7.000000,0.700000,0.500000
84,1,1,5.000000,0.400000,0.500000
85,1,1,4.000000,0.000000,0.500000
86,0,0,5.000000,0.400000,0.500000
87,0,0,4.000000,0.000000,0.500000
88,0,0,5.000000,0.400000,0.500000
89,1,1,7.000000,0.700000,0.500000
90,0,0,6.000000,0.700000,0.500000
91,0,0,6.000000,0.600000,0.500000
92,1,1,6.000000,0.700000,0.500000
93,0,0,5.000000,0.400000,0.500000
94,0,1,5.000000,0.400000,0.500000
95,1,1,5.000000,0.400000,0.500000
96,0,1,6.000000,0.700000,0.500000
97,1,1,5.000000,0.400000,0.500000
98,1,1,5.000000,0.400000,0.500000
99,0,0,5.000000,0.400000,0.500000
100,0,1,6.000000,0.700000,0.500000
101,1,1,5.000000,0.400000,0.500000
102,1,1,8.000000,0.800000,0.500000
103,0,1,7.000000,0.700000,0.500000
104,0,0,5.000000,0.400000,0.500000
105,0,0,5.000000,0.400000,0.500000
106,1,1,5.000000,0.400000,0.500000
107,0,0,7.000000,0.800000,0.500000
108,1,1,5.000000,0.400000,0.500000
109,0,0,4.000000,0.000000,0.500000
110,1,1,5.000000,0.400000,0.500000
111,0,0,4.000000,0.000000,0.500000
112,0,0,4.000000,0.000000,0.500000
113,1,1,5.000000,0.400000,0.500000
114,0,0,8.000000,0.800000,0.500000
115,1,1,12.000000,0.900000,0.500000
116,0,0,6.000000,0.600000,0.500000
117,1,1,4.000000,0.000000,0.500000
118,0,0,4.000000,0.000000,0.500000
119,0,0,5.000000,0.400000,0.500000
120,1,1,7.000000,0.700000,0.500000
121,1,1,5.000000,0.400000,0.500000
122,0,0,5.000000,0.400000,0.500000
123,1,1,5.000000,0.400000,0.500000
124,0,0,4.000000,0.000000,0.500000
125,1,1,6.000000,0.700000,0.500000
126,0,0,6.000000,0.700000,0.500000
127,0,0,9.000000,0.900000,0.500000
128,1,1,5.000000,0.400000,0.500000
129,0,0,4.000000,0.000000,0.500000
130,1,1,7.000000,0.700000,0.500000
131,1,0,6.000000,0.900000,0.500000
132,1,1,5.000000,0.400000,0.500000
133,0,0,6.000000,0.700000,0.500000
134,1,1,4.000000,0.000000,0.500000
135,1,1,6.000000,0.700000,0.500000
136,0,0,4.000000,0.000000,0.500000
137,0,0,6.000000,0.700000,0.500000
138,1,1,4.000000,0.000000,0.500000
139,0,0,4.000000,0.000000,0.500000
140,0,0,6.000000,0.700000,0.500000
141,0,0,4.000000,0.000000,0.500000
142,1,1,4.000000,0.000000,0.500000
143,1,1,4.000000,0.000000,0.500000
144,0,0,4.000000,0.000000,0.500000
145,0,0,4.000000,0.000000,0.500000
146,0,0,13.000000,1.000000,0.500000
147,0,0,4.000000,0.000000,0.500000
148,1,1,5.000000,0.400000,0.500000
149,0,0,8.000000,0.600000,0.500000
150,0,0,6.000000,0.700000,0.500000
151,0,0,6.000000,0.700000,0.500000
152,0,0,8.000000,0.800000,0.500000
153,0,0,5.000000,0.400000,0.500000
154,1,1,4.000000,0.000000,0.500000
155,0,1,9.000000,0.900000,0.500000
156,0,0,5.000000,0.400000,0.500000
157,0,0,5.000000,0.400000,0.500000
158,0,0,5.000000,0.400000,0.500000
159,1,1,5.000000,0.400000,0.500000
160,1,1,4.000000,0.000000,0.500000
161,0,0,5.000000,0.400000,0.500000
162,1,1,5.000000,0.400000,0.500000
163,1,1,5.000000,0.400000,0.500000
164,1,1,4.000000,0.000000,0.500000
165,1,1,5.000000,0.400000,0.500000
166,0,0,5.000000,0.400000,0.500000
167,1,1,6.000000,0.600000,0.500000
168,1,1,5.000000,0.400000,0.500000
169,1,1,4.000000,0.000000,0.500000
170,0,0,6.000000,0.700000,0.500000
171,1,1,4.000000,0.000000,0.500000
172,1,1,5.000000,0.400000,0.500000
173,1,1,5.000000,0.400000,0.500000
174,1,1,4.000000,0.000000,0.500000
175,0,0,6.000000,0.700000,0.500000
176,0,1,7.000000,0.800000,0.500000
177,0,0,5.000000,0.400000,0.500000
178,1,1,5.000000,0.400000,0.500000
179,0,0,7.000000,0.700000,0.500000
180,0,0,4.000000,0.000000,0.500000
181,0,0,4.000000,0.000000,0.500000
182,0,0,4.000000,0.000000,0.500000
183,1,1,7.000000,0.700000,0.500000
184,1,0,7.000000,0.800000,0.500000
185,0,0,4.000000,0.000000,0.500000
186,0,0,5.000000,0.400000,0.500000
187,1,1,6.000000,0.700000,0.500000
188,0,0,7.000000,0.700000,0.500000
189,1,1,5.000000,0.400000,0.500000
190,1,1,6.000000,0.700000,0.500000
191,0,0,5.000000,0.400000,0.500000
192,1,1,6.000000,0.900000,0.500000
193,1,1,5.000000,0.400000,0.500000
194,1,1,5.000000,0.400000,0.500000
195,1,0,8.000000,0.900000,0.500000
196,1,1,5.000000,0.400000,0.500000
197,0,0,5.000000,0.400000,0.500000
198,1,1,6.000000,0.700000,0.500000
199,1,1,4.000000,0.000000,0.500000
200,1,1,4.000000,0.000000,0.500000
201,1,1,10.000000,0.700000,0.500000
202,0,1,6.000000,0.900000,0.500000
203,1,0,8.000000,0.800000,0.500000
204,1,1,4.000000,0.000000,0.500000
205,1,1,4.000000,0.000000,0.500000
206,1,1,5.000000,0.400000,0.500000
207,1,1,4.000000,0.000000,0.500000
208,0,0,14.000000,1.000000,0.500000
209,0,0,4.000000,0.000000,0.500000
210,0,0,5.000000,0.400000,0.500000
211,0,0,4.000000,0.000000,0.500000
212,1,1,6.000000,0.700000,0.500000
213,1,0,8.000000,0.900000,0.500000
214,0,0,6.000000,0.700000,0.500000
215,0,0,5.000000,0.400000,0.500000
216,1,0,8.000000,0.800000,0.500000
217,1,1,6.000000,0.700000,0.500000
218,0,0,7.000000,0.700000,0.500000
219,0,0,4.000000,0.000000,0.500000
220,1,1,6.000000,0.700000,0.500000
221,0,0,5.000000,0.400000,0.500000
222,1,1,6.000000,0.700000,0.500000
223,0,0,9.000000,0.900000,0.500000
224,0,0,4.000000,0.000000,0.500000
225,1,1,5.000000,0.400000,0.500000
226,0,0,6.000000,0.700000,0.500000
227,0,0,5.000000,0.400000,0.500000
228,0,0,4.000000,0.000000,0.500000
229,0,0,5.000000,0.400000,0.500000
230,1,0,6.000000,0.700000,0.500000
231,1,1,5.000000,0.400000,0.500000
232,0,0,5.000000,0.400000,0.500000
233,0,0,5.000000,0.400000,0.500000
234,0,0,8.000000,0.900000,0.500000
235,1,1,5.000000,0.400000,0.500000
236,1,1,5.000000,0.400000,0.500000
237,1,1,5.000000,0.400000,0.500000
238,0,1,5.000000,0.400000,0.500000
239,0,0,6.000000,0.700000,0.500000
240,0,0,6.000000,0.700000,0.500000
241,0,0,4.000000,0.000000,0.500000
242,1,1,5.000000,0.400000,0.500000
243,1,1,4.000000,0.000000,0.500000
244,1,1,5.000000,0.400000,0.500000
245,1,0,6.000000,0.700000,0.500000
246,1,1,4.000000,0.000000,0.500000
247,1,1,4.000000,0.000000,0.500000
248,0,0,4.000000,0.000000,0.500000
249,0,0,5.000000,0.400000,0.500000
250,0,0,7.000000,0.700000,0.500000
251,1,1,5.000000,0.400000,0.500000
252,0,0,9.000000,0.900000,0.500000
253,1,1,4.000000,0.000000,0.500000
254,1,0,6.000000,0.900000,0.500000
255,0,0,7.000000,0.800000,0.500000
256,0,0,6.000000,0.700000,0.500000
257,0,0,4.000000,0.000000,0.500000
258,0,0,5.000000,0.400000,0.500000
259,0,0,4.000000,0.000000,0.500000
260,1,1,5.000000,0.400000,0.500000
261,0,0,6.000000,0.700000,0.500000
262,0,0,4.000000,0.000000,0.500000
263,0,0,5.000000,0.400000,0.500000
264,1,0,5.000000,0.400000,0.500000
265,0,1,6.000000,0.700000,0.500000
266,0,1,5.000000,0.400000,0.500000
267,0,0,5.000000,0.400000,0.500000
268,1,1,5.000000,0.400000,0.500000
269,1,1,4.000000,0.000000,0.500000
270,1,1,6.000000,0.700000,0.500000
271,0,0,7.000000,0.700000,0.500000
272,0,0,7.000000,0.700000,0.500000
273,0,0,6.000000,0.700000,0.500000
274,1,1,4.000000,0.000000,0.500000
275,1,1,5.000000,0.400000,0.500000
276,1,0,5.000000,0.400000,0.500000
277,1,1,4.000000,0.000000,0.500000
278,0,0,5.000000,0.400000,0.500000
279,1,1,4.000000,0.000000,0.500000
280,1,1,5.000000,0.400000,0.500000
281,1,1,4.000000,0.000000,0.500000
282,1,1,4.000000,0.000000,0.500000
283,0,0,4.000000,0.000000,0.500000
284,0,0,5.000000,0.400000,0.500000
285,0,0,4.000000,0.000000,0.500000
286,1,1,5.000000,0.400000,0.500000
287,1,1,12.000000,1.000000,0.500000
288,0,0,8.000000,0.900000,0.500000
289,0,1,6.000000,0.700000,0.500000
290,1,1,8.000000,0.900000,0.500000
291,1,1,9.000000,0.900000,0.500000
292,1,1,5.000000,0.400000,0.500000
293,0,0,6.000000,0.700000,0.500000
294,1,1,4.000000,0.000000,0.500000
295,0,0,5.000000,0.400000,0.500000
296,1,1,7.000000,0.800000,0.500000
297,0,0,6.000000,0.900000,0.500000
298,0,0,4.000000,0.000000,0.500000
299,1,1,12.000000,0.900000,0.500000
300,0,0,5.000000,0.400000,0.500000
301,1,1,5.000000,0.400000,0.500000
302,1,1,13.000000,0.900000,0.500000
303,1,1,5.000000,0.400000,0.500000
304,1,1,4.000000,0.000000,0.500000
305,1,1,5.000000,0.400000,0.500000
306,1,1,4.000000,0.000000,0.500000
307,0,0,4.000000,0.000000,0.500000
308,1,1,7.000000,0.700000,0.500000
309,1,1,4.000000,0.000000,0.500000
310,1,1,4.000000,0.000000,0.500000
311,0,0,4.000000,0.000000,0.500000
312,1,1,4.000000,0.000000,0.500000
313,0,0,6.000000,0.700000,0.500000
314,0,0,5.000000,0.400000,0.500000
315,0,0,6.000000,0.700000,0.500000
316,0,0,10.000000,0.900000,0.500000
317,0,0,5.000000,0.400000,0.500000
318,0,0,5.000000,0.400000,0.500000
319,0,0,5.000000,0.400000,0.500000
320,1,1,4.000000,0.000000,0.500000
321,1,1,5.000000,0.400000,0.500000
322,1,1,7.000000,0.700000,0.500000
323,1,1,4.000000,0.000000,0.500000
324,0,0,4.000000,0.000000,0.500000
325,1,1,5.000000,0.400000,0.500000
326,1,1,5.000000,0.400000,0.500000
327,0,0,5.000000,0.400000,0.500000
328,0,0,4.000000,0.000000,0.500000
329,1,1,11.000000,0.900000,0.500000
330,1,1,5.000000,0.400000,0.500000
331,1,0,8.000000,0.900000,0.500000
332,0,0,4.000000,0.000000,0.500000
333,1,1,4.000000,0.000000,0.500000
334,0,0,4.000000,0.000000,0.500000
335,0,0,5.000000,0.400000,0.500000
336,0,0,5.000000,0.400000,0.500000
337,1,1,5.000000,0.400000,0.500000
338,0,1,8.000000,0.900000,0.500000
339,1,1,4.000000,0.000000,0.500000
340,0,0,4.000000,0.000000,0.500000
341,1,1,7.000000,0.900000,0.500000
342,1,1,4.000000,0.000000,0.500000
343,0,0,6.000000,0.700000,0.500000
344,1,1,8.000000,0.900000,0.500000
345,0,0,4.000000,0.000000,0.500000
346,0,0,4.000000,0.000000,0.500000
347,0,0,7.000000,0.800000,0.500000
348,0,0,5.000000,0.400000,0.500000
349,1,1,5.000000,0.400000,0.500000
350,1,1,7.000000,0.700000,0.500000
351,1,1,5.000000,0.400000,0.500000
352,0,0,5.000000,0.400000,0.500000
353,0,0,4.000000,0.000000,0.500000
354,1,1,10.000000,0.900000,0.500000
355,0,0,6.000000,0.600000,0.500000
356,1,1,4.000000,0.000000,0.500000
357,0,0,5.000000,0.400000,0.500000
358,0,0,4.000000,0.000000,0.500000
359,1,1,4.000000,0.000000,0.500000
360,1,1,5.000000,0.400000,0.500000
361,1,1,6.000000,0.700000,0.500000
362,1,1,5.000000,0.400000,0.500000
363,1,1,5.000000,0.400000,0.500000
364,1,1,4.000000,0.000000,0.500000
365,1,1,4.000000,0.000000,0.500000
366,0,0,4.000000,0.000000,0.500000
367,1,1,4.000000,0.000000,0.500000
368,1,1,7.000000,0.700000,0.500000
369,1,0,5.000000,0.400000,0.500000
370,1,1,5.000000,0.400000,0.500000
371,0,0,4.000000,0.000000,0.500000
372,1,1,4.000000,0.000000,0.500000
373,0,0,4.000000,0.000000,0.500000
374,1,1,5.000000,0.400000,0.500000
375,0,0,9.000000,0.900000,0.500000
376,1,1,5.000000,0.400000,0.500000
377,0,0,9.000000,0.800000,0.500000
378,0,0,5.000000,0.400000,0.500000
379,0,0,5.000000,0.400000,0.500000
380,0,0,4.000000,0.000000,0.500000
381,1,1,7.000000,0.700000,0.500000
382,0,0,5.000000,0.400000,0.500000
383,0,0,6.000000,0.900000,0.500000
384,1,1,6.000000,0.700000,0.500000
385,1,1,4.000000,0.000000,0.500000
386,1,0,6.000000,0.900000,0.500000
387,0,0,6.000000,0.900000,0.500000
388,0,0,7.000000,0.700000,0.500000
389,1,0,5.000000,0.400000,0.500000
390,0,0,5.000000,0.400000,0.500000
391,1,1,4.000000,0.000000,0.500000
392,0,1,4.000000,0.000000,0.500000
393,0,0,6.000000,0.700000,0.500000
394,1,1,6.000000,0.900000,0.500000
395,0,0,5.000000,0.400000,0.500000
396,1,1,9.000000,0.900000,0.500000
397,1,1,4.000000,0.000000,0.500000
398,0,0,5.000000,0.400000,0.500000
399,0,0,6.000000,0.700000,0.500000
400,0,0,4.000000,0.000000,0.500000
401,0,0,5.000000,0.400000,0.500000
402,1,0,6.000000,0.700000,0.500000
403,1,1,5.000000,0.400000,0.500000
404,0,0,4.000000,0.000000,0.500000
405,1,1,6.000000,0.700000,0.500000
406,0,0,4.000000,0.000000,0.500000
407,0,1,8.000000,0.900000,0.500000
408,1,1,4.000000,0.000000,0.500000
409,1,1,4.000000,0.000000,0.500000
410,0,0,5.000000,0.400000,0.500000
411,0,0,4.000000,0.000000,0.500000
412,1,1,5.000000,0.400000,0.500000
413,0,0,7.000000,0.700000,0.500000
414,1,1,5.000000,0.400000,0.500000
415,0,0,4.000000,0.000000,0.500000
416,1,1,6.000000,0.900000,0.500000
417,0,0,5.000000,0.400000,0.500000
418,0,0,11.000000,0.900000,0.500000
419,1,1,4.000000,0.000000,0.500000
420,0,0,5.000000,0.400000,0.500000
421,0,0,7.000000,0.700000,0.500000
422,1,1,5.000000,0.400000,0.500000
423,1,1,7.000000,0.700000,0.500000
424,0,0,5.000000,0.400000,0.500000
425,1,1,4.000000,0.000000,0.500000
426,1,1,4.000000,0.000000,0.500000
427,0,0,4.000000,0.000000,0.500000
428,0,0,5.000000,0.400000,0.500000
429,0,1,7.000000,0.900000,0.500000
430,0,0,5.000000,0.400000,0.500000
431,0,0,5.000000,0.400000,0.500000
432,0,0,4.000000,0.000000,0.500000
433,1,1,5.000000,0.400000,0.500000
434,0,0,5.000000,0.400000,0.500000
435,0,0,7.000000,0.700000,0.500000
436,1,1,5.000000,0.400000,0.500000
437,0,0,4.000000,0.000000,0.500000
438,1,1,6.000000,0.900000,0.500000
439,0,0,8.000000,0.800000,0.500000
440,0,1,6.000000,0.700000,0.500000
441,0,0,5.000000,0.400000,0.500000
442,1,0,6.000000,0.900000,0.500000
443,1,1,4.000000,0.000000,0.500000
444,1,1,5.000000,0.400000,0.500000
445,0,0,5.000000,0.400000,0.500000
446,1,1,6.000000,0.700000,0.500000
447,1,1,6.000000,0.700000,0.500000
448,1,1,7.000000,0.700000,0.500000
449,0,0,5.000000,0.400000,0.500000
450,0,0,9.000000,0.900000,0.500000
451,1,1,4.000000,0.000000,0.500000
452,1,1,6.000000,0.700000,0.500000
453,1,1,5.000000,0.400000,0.500000
454,0,0,8.000000,0.600000,0.500000
455,0,0,5.000000,0.400000,0.500000
456,0,0,5.000000,0.400000,0.500000
457,1,1,5.000000,0.400000,0.500000
458,0,0,12.000000,0.900000,0.500000
459,1,0,7.000000,0.900000,0.500000
460,0,0,5.000000,0.400000,0.500000
461,1,1,4.000000,0.000000,0.500000
462,0,0,4.000000,0.000000,0.500000
463,1,1,8.000000,0.900000,0.500000
464,1,1,8.000000,0.800000,0.500000
465,1,1,4.000000,0.000000,0.500000
466,1,1,11.000000,0.900000,0.500000
467,0,0,5.000000,0.400000,0.500000
468,0,0,4.000000,0.000000,0.500000
469,1,1,5.000000,0.400000,0.500000
470,1,1,5.000000,0.400000,0.500000
471,0,0,5.000000,0.400000,0.500000
472,0,0,5.000000,0.400000,0.500000
473,1,1,4.000000,0.000000,0.500000
474,0,0,8.000000,0.800000,0.500000
475,0,0,4.000000,0.000000,0.500000
476,1,1,5.000000,0.400000,0.500000
477,0,0,7.000000,0.700000,0.500000
478,1,1,4.000000,0.000000,0.500000
479,0,0,13.000000,0.900000,0.500000
480,0,0,6.000000,0.900000,0.500000
481,1,1,4.000000,0.000000,0.500000
482,0,0,4.000000,0.000000,0.500000
483,1,1,7.000000,0.800000,0.500000
484,0,0,5.000000,0.400000,0.500000
485,0,0,4.000000,0.000000,0.500000
486,1,1,5.000000,0.400000,0.500000
487,0,0,4.000000,0.000000,0.500000
488,1,1,4.000000,0.000000,0.500000
489,1,1,7.000000,0.700000,0.500000
490,1,1,6.000000,0.700000,0.500000
491,0,0,4.000000,0.000000,0.500000
492,0,0,4.000000,0.000000,0.500000
493,0,0,6.000000,0.700000,0.500000
494,1,1,4.000000,0.000000,0.500000
495,1,1,6.000000,0.700000,0.500000
496,0,1,7.000000,0.700000,0.500000
497,1,1,4.000000,0.000000,0.500000
498,1,1,5.000000,0.400000,0.500000
499,1,1,5.000000,0.400000,0.500000
500,0,0,5.000000,0.400000,0.500000
501,1,1,4.000000,0.000000,0.500000
502,0,0,4.000000,0.000000,0.500000
503,0,0,5.000000,0.400000,0.500000
504,0,0,5.000000,0.400000,0.500000
505,1,1,5.000000,0.400000,0.500000
506,0,0,4.000000,0.000000,0.500000
507,0,0,4.000000,0.000000,0.500000
508,0,0,6.000000,0.700000,0.500000
509,0,0,8.000000,0.900000,0.500000
510,0,1,5.000000,0.400000,0.500000
511,0,0,7.000000,0.700000,0.500000
512,1,1,5.000000,0.400000,0.500000
513,1,1,4.000000,0.000000,0.500000
514,1,0,9.000000,0.900000,0.500000
515,0,0,4.000000,0.000000,0.500000
516,1,1,4.000000,0.000000,0.500000
517,1,1,5.000000,0.400000,0.500000
518,0,0,4.000000,0.000000,0.500000
519,0,0,5.000000,0.400000,0.500000
520,1,1,7.000000,0.800000,0.500000
521,0,0,4.000000,0.000000,0.500000
522,1,1,8.000000,0.800000,0.500000
523,1,1,6.000000,0.700000,0.500000
524,0,0,5.000000,0.400000,0.500000
525,1,1,5.000000,0.400000,0.500000
526,1,1,4.000000,0.000000,0.500000
527,1,1,5.000000,0.400000,0.500000
528,1,1,6.000000,0.700000,0.500000
529,1,1,9.000000,0.900000,0.500000
530,1,1,9.000000,0.900000,0.500000
531,0,0,4.000000,0.000000,0.500000
532,0,1,6.000000,0.900000,0.500000
533,1,1,8.000000,0.900000,0.500000
534,0,0,5.000000,0.400000,0.500000
535,0,0,4.000000,0.000000,0.500000
536,1,1,4.000000,0.000000,0.500000
537,1,1,5.000000,0.400000,0.500000
538,1,1,8.000000,0.800000,0.500000
539,1,1,4.000000,0.000000,0.500000
540,1,1,4.000000,0.000000,0.500000
541,1,0,6.000000,0.700000,0.500000
542,1,1,4.000000,0.000000,0.500000
543,1,1,4.000000,0.000000,0.500000
544,1,1,6.000000,0.700000,0.500000
545,0,0,5.000000,0.400000,0.500000
546,0,0,4.000000,0.000000,0.500000
547,0,0,5.000000,0.400000,0.500000
548,0,0,8.000000,0.900000,0.500000
549,0,0,6.000000,0.700000,0.500000
550,0,0,6.000000,0.700000,0.500000
551,1,1,5.000000,0.400000,0.500000
552,1,1,4.000000,0.000000,0.500000
553,0,0,4.000000,0.000000,0.500000
554,0,0,6.000000,0.700000,0.500000
555,0,0,5.000000,0.400000,0.500000
556,1,1,6.000000,0.900000,0.500000
557,0,0,5.000000,0.400000,0.500000
558,0,0,5.000000,0.400000,0.500000
559,0,0,7.000000,0.700000,0.500000
560,1,1,5.000000,0.400000,0.500000
561,0,0,4.000000,0.000000,0.500000
562,0,0,6.000000,0.700000,0.500000
563,0,0,6.000000,0.700000,0.500000
564,0,1,6.000000,0.700000,0.500000
565,0,0,5.000000,0.400000,0.500000
566,1,1,4.000000,0.000000,0.500000
567,1,1,4.000000,0.000000,0.500000
568,1,1,7.000000,0.800000,0.500000
569,1,1,5.000000,0.400000,0.500000
570,1,1,7.000000,0.700000,0.500000
571,0,0,5.000000,0.400000,0.500000
572,1,1,5.000000,0.400000,0.500000
573,1,0,7.000000,0.700000,0.500000
574,0,0,6.000000,0.700000,0.500000
575,1,1,5.000000,0.400000,0.500000
576,0,0,4.000000,0.000000,0.500000
577,0,1,7.000000,0.800000,0.500000
578,0,0,4.000000,0.000000,0.500000
579,1,1,8.000000,0.800000,0.500000
580,1,1,4.000000,0.000000,0.500000
581,1,1,6.000000,0.700000,0.500000
582,1,1,5.000000,0.400000,0.500000
583,1,1,5.000000,0.400000,0.500000
584,1,1,5.000000,0.400000,0.500000
585,0,0,5.000000,0.400000,0.500000
586,0,0,4.000000,0.000000,0.500000
587,1,1,4.000000,0.000000,0.500000
588,0,0,5.000000,0.400000,0.500000
589,0,0,4.000000,0.000000,0.500000
590,0,0,6.000000,0.700000,0.500000
591,0,0,6.000000,0.900000,0.500000
592,0,0,7.000000,0.800000,0.500000
593,0,0,5.000000,0.400000,0.500000
594,0,1,5.000000,0.400000,0.500000
595,1,1,7.000000,0.700000,0.500000
596,0,0,8.000000,0.800000,0.500000
597,1,1,4.000000,0.000000,0.500000
598,0,0,5.000000,0.400000,0.500000
599,1,0,8.000000,0.900000,0.500000
600,1,1,6.000000,0.700000,0.500000
601,1,1,5.000000,0.400000,0.500000
602,1,1,4.000000,0.000000,0.500000
603,1,1,7.000000,0.700000,0.500000
604,0,0,5.000000,0.400000,0.500000
605,0,1,6.000000,0.700000,0.500000
606,0,0,7.000000,0.700000,0.500000
607,1,0,9.000000,0.900000,0.500000
608,1,0,11.000000,0.900000,0.500000
609,1,0,6.000000,0.900000,0.500000
610,1,1,5.000000,0.400000,0.500000
611,0,0,5.000000,0.400000,0.500000
612,0,0,8.000000,0.800000,0.500000
613,1,1,5.000000,0.400000,0.500000
614,1,1,7.000000,0.700000,0.500000
615,1,1,5.000000,0.400000,0.500000
616,0,0,4.000000,0.000000,0.500000
617,0,0,4.000000,0.000000,0.500000
618,0,0,6.000000,0.900000,0.500000
619,1,1,10.000000,0.900000,0.500000
620,1,1,6.000000,0.700000,0.500000
621,1,1,4.000000,0.000000,0.500000
622,0,0,5.000000,0.400000,0.500000
623,0,0,5.000000,0.400000,0.500000
624,0,0,5.000000,0.400000,0.500000
625,1,1,9.000000,0.900000,0.500000
626,1,1,5.000000,0.400000,0.500000
627,0,0,6.000000,0.700000,0.500000
628,0,0,4.000000,0.000000,0.500000
629,0,0,9.000000,0.900000,0.500000
630,0,0,6.000000,0.700000,0.500000
631,0,0,4.000000,0.000000,0.500000
632,1,1,6.000000,0.900000,0.500000
633,1,1,5.000000,0.400000,0.500000
634,0,0,5.000000,0.400000,0.500000
635,0,0,4.000000,0.000000,0.500000
636,0,0,7.000000,0.700000,0.500000
637,0,0,5.000000,0.400000,0.500000
638,0,0,5.000000,0.400000,0.500000
639,1,1,4.000000,0.000000,0.500000
640,1,1,6.000000,0.700000,0.500000
641,1,1,6.000000,0.700000,0.500000
642,1,1,9.000000,0.800000,0.500000
643,1,1,4.000000,0.000000,0.500000
644,1,1,4.000000,0.000000,0.500000
645,0,0,4.000000,0.000000,0.500000
646,1,1,5.000000,0.400000,0.500000
647,0,0,4.000000,0.000000,0.500000
648,1,1,6.000000,0.700000,0.500000
649,0,0,8.000000,0.800000,0.500000
650,0,0,4.000000,0.000000,0.500000
651,0,0,4.000000,0.000000,0.500000
652,0,0,4.000000,0.000000,0.500000
653,1,1,5.000000,0.400000,0.500000
654,0,0,4.000000,0.000000,0.500000
655,1,1,7.000000,0.800000,0.500000
656,1,1,4.000000,0.000000,0.500000
657,0,0,5.000000,0.400000,0.500000
658,1,0,4.000000,0.000000,0.500000
659,1,1,4.000000,0.000000,0.500000
660,0,0,6.000000,0.700000,0.500000
661,0,0,5.000000,0.400000,0.500000
662,0,0,4.000000,0.000000,0.500000
663,1,1,6.000000,0.600000,0.500000
664,1,1,4.000000,0.000000,0.500000
665,1,1,4.000000,0.000000,0.500000
666,0,0,4.000000,0.000000,0.500000
667,1,1,7.000000,0.700000,0.500000
668,0,0,12.000000,0.900000,0.500000
669,0,0,10.000000,0.900000,0.500000
670,0,0,5.000000,0.400000,0.500000
671,0,0,6.000000,0.700000,0.500000
672,1,1,4.000000,0.000000,0.500000
673,1,1,4.000000,0.000000,0.500000
674,0,0,6.000000,0.700000,0.500000
675,0,0,4.000000,0.000000,0.500000
676,0,0,5.000000,0.400000,0.500000
677,1,1,9.000000,1.000000,0.500000
678,0,0,5.000000,0.400000,0.500000
679,0,0,6.000000,0.700000,0.500000
680,1,1,6.000000,0.700000,0.500000
681,1,0,16.000000,1.000000,0.500000
682,0,0,4.000000,0.000000,0.500000
683,1,1,4.000000,0.000000,0.500000
684,1,1,5.000000,0.400000,0.500000
685,0,0,5.000000,0.400000,0.500000
686,0,0,4.000000,0.000000,0.500000
687,1,1,5.000000,0.400000,0.500000
688,0,0,6.000000,0.700000,0.500000
689,1,1,8.000000,0.800000,0.500000
690,1,1,5.000000,0.400000,0.500000
691,0,0,7.000000,0.700000,0.500000
692,0,0,8.000000,0.800000,0.500000
693,1,1,6.000000,0.700000,0.500000
694,0,0,6.000000,0.700000,0.500000
695,0,0,4.000000,0.000000,0.500000
696,1,1,4.000000,0.000000,0.500000
697,0,0,7.000000,0.700000,0.500000
698,1,1,4.000000,0.000000,0.500000
699,0,0,9.000000,0.900000,0.500000
700,1,1,5.000000,0.400000,0.500000
701,0,0,4.000000,0.000000,0.500000
702,0,0,5.000000,0.400000,0.500000
703,0,0,5.000000,0.400000,0.500000
704,0,0,4.000000,0.000000,0.500000
705,0,0,7.000000,0.900000,0.500000
706,1,1,5.000000,0.400000,0.500000
707,1,1,6.000000,0.700000,0.500000
708,1,1,4.000000,0.000000,0.500000
709,0,0,4.000000,0.000000,0.500000
710,1,1,5.000000,0.400000,0.500000
711,1,1,6.000000,0.700000,0.500000
712,1,1,7.000000,0.900000,0.500000
713,0,0,7.000000,0.700000,0.500000
714,0,0,7.000000,0.800000,0.500000
715,0,0,4.000000,0.000000,0.500000
716,1,1,4.000000,0.000000,0.500000
717,0,1,5.000000,0.400000,0.500000
718,1,1,4.000000,0.000000,0.500000
719,0,0,7.000000,0.800000,0.500000
720,0,0,9.000000,0.800000,0.500000
721,1,1,6.000000,0.700000,0.500000
722,0,0,6.000000,0.700000,0.500000
723,1,1,4.000000,0.000000,0.500000
724,1,1,6.000000,0.700000,0.500000
725,0,0,5.000000,0.400000,0.500000
726,0,0,4.000000,0.000000,0.500000
727,0,0,8.000000,0.800000,0.500000
728,0,0,5.000000,0.400000,0.500000
729,0,0,6.000000,0.600000,0.500000
730,0,0,14.000000,1.000000,0.500000
731,0,0,5.000000,0.400000,0.500000
732,1,1,4.000000,0.000000,0.500000
733,0,0,5.000000,0.400000,0.500000
734,1,1,4.000000,0.000000,0.500000
735,0,0,5.000000,0.400000,0.500000
736,0,0,6.000000,0.700000,0.500000
737,1,1,4.000000,0.000000,0.500000
738,0,0,4.000000,0.000000,0.500000
739,1,1,4.000000,0.000000,0.500000
740,1,1,9.000000,0.900000,0.500000
741,0,0,5.000000,0.400000,0.500000
742,0,0,4.000000,0.000000,0.500000
743,0,1,6.000000,0.900000,0.500000
744,0,0,4.000000,0.000000,0.500000
745,1,1,8.000000,0.800000,0.500000
746,1,0,7.000000,0.700000,0.500000
747,0,0,6.000000,0.700000,0.500000
748,0,0,6.000000,0.700000,0.500000
749,1,1,5.000000,0.400000,0.500000
750,1,1,4.000000,0.000000,0.500000
751,0,0,4.000000,0.000000,0.500000
752,0,1,12.000000,1.000000,0.500000
753,1,1,4.000000,0.000000,0.500000
754,1,0,8.000000,0.900000,0.500000
755,0,1,4.000000,0.000000,0.500000
756,0,0,5.000000,0.400000,0.500000
757,1,1,8.000000,0.800000,0.500000
758,1,1,6.000000,0.700000,0.500000
759,0,0,5.000000,0.400000,0.500000
760,0,1,6.000000,0.700000,0.500000
761,1,1,4.000000,0.000000,0.500000
762,1,1,7.000000,0.600000,0.500000
763,0,0,5.000000,0.400000,0.500000
764,0,0,6.000000,0.700000,0.500000
765,0,1,8.000000,0.900000,0.500000
766,1,1,8.000000,0.800000,0.500000
767,1,1,10.000000,0.900000,0.500000
768,0,0,5.000000,0.400000,0.500000
769,1,1,5.000000,0.400000,0.500000
770,1,1,8.000000,0.600000,0.500000
771,0,0,5.000000,0.400000,0.500000
772,1,1,8.000000,0.800000,0.500000
773,1,1,5.000000,0.400000,0.500000
774,0,0,6.000000,0.600000,0.500000
775,0,0,4.000000,0.000000,0.500000
776,0,0,6.000000,0.700000,0.500000
777,0,0,10.000000,0.900000,0.500000
778,0,0,10.000000,0.900000,0.500000
779,1,1,4.000000,0.000000,0.500000
780,1,1,5.000000,0.400000,0.500000
781,0,0,6.000000,0.700000,0.500000
782,1,1,10.000000,0.800000,0.500000
783,0,0,5.000000,0.400000,0.500000
784,1,0,6.000000,0.900000,0.500000
785,1,1,8.000000,0.800000,0.500000
786,1,1,5.000000,0.400000,0.500000
787,0,0,5.000000,0.400000,0.500000
788,1,1,9.000000,0.900000,0.500000
789,1,1,5.000000,0.400000,0.500000
790,0,0,4.000000,0.000000,0.500000
791,0,0,5.000000,0.400000,0.500000
792,0,1,6.000000,0.700000,0.500000
793,0,0,5.000000,0.400000,0.500000
794,0,0,5.000000,0.400000,0.500000
795,0,0,8.000000,0.800000,0.500000
796,1,1,5.000000,0.400000,0.500000
797,1,1,5.000000,0.400000,0.500000
798,0,0,4.000000,0.000000,0.500000
799,1,1,4.000000,0.000000,0.500000
800,1,1,7.000000,0.800000,0.500000
801,0,0,4.000000,0.000000,0.500000
802,0,0,7.000000,0.900000,0.500000
803,0,0,5.000000,0.400000,0.500000
804,0,0,5.000000,0.400000,0.500000
805,0,0,6.000000,0.700000,0.500000
806,0,0,6.000000,0.700000,0.500000
807,0,0,5.000000,0.400000,0.500000
808,0,0,6.000000,0.700000,0.500000
809,1,1,5.000000,0.400000,0.500000
810,1,1,8.000000,0.900000,0.500000
811,0,0,7.000000,0.700000,0.500000
812,1,0,6.000000,0.900000,0.500000
813,0,0,4.000000,0.000000,0.500000
814,1,1,4.000000,0.000000,0.500000
815,0,0,5.000000,0.400000,0.500000
816,1,1,5.000000,0.400000,0.500000
817,1,1,4.000000,0.000000,0.500000
818,1,1,5.000000,0.400000,0.500000
819,1,1,4.000000,0.000000,0.500000
820,1,0,7.000000,0.800000,0.500000
821,0,0,6.000000,0.700000,0.500000
822,0,0,8.000000,0.800000,0.500000
823,0,0,6.000000,0.700000,0.500000
824,0,0,5.000000,0.400000,0.500000
825,0,0,9.000000,0.900000,0.500000
826,0,0,7.000000,0.700000,0.500000
827,0,0,4.000000,0.000000,0.500000
828,1,1,6.000000,0.600000,0.500000
829,1,1,5.000000,0.400000,0.500000
830,0,0,5.000000,0.400000,0.500000
831,0,0,6.000000,0.600000,0.500000
832,0,0,9.000000,0.800000,0.500000
833,1,1,5.000000,0.400000,0.500000
834,0,0,6.000000,0.700000,0.500000
835,0,0,6.000000,0.700000,0.500000
836,1,1,5.000000,0.400000,0.500000
837,0,0,7.000000,0.900000,0.500000
838,0,0,4.000000,0.000000,0.500000
839,1,1,4.000000,0.000000,0.500000
840,0,0,8.000000,0.800000,0.500000
841,1,1,4.000000,0.000000,0.500000
842,0,0,8.000000,0.700000,0.500000
843,0,0,4.000000,0.000000,0.500000
844,0,0,7.000000,0.700000,0.500000
845,1,1,7.000000,0.800000,0.500000
846,0,0,14.000000,1.000000,0.500000
847,1,0,7.000000,0.700000,0.500000
848,0,0,4.000000,0.000000,0.500000
849,1,1,5.000000,0.400000,0.500000
850,0,0,4.000000,0.000000,0.500000
851,1,1,5.000000,0.400000,0.500000
852,0,0,4.000000,0.000000,0.500000
853,0,0,8.000000,0.800000,0.500000
854,0,0,6.000000,0.700000,0.500000
855,1,1,5.000000,0.400000,0.500000
856,1,0,6.000000,0.700000,0.500000
857,1,1,5.000000,0.400000,0.500000
858,0,0,4.000000,0.000000,0.500000
859,1,1,4.000000,0.000000,0.500000
860,1,1,5.000000,0.400000,0.500000
861,1,1,6.000000,0.700000,0.500000
862,1,1,4.000000,0.000000,0.500000
863,0,0,5.000000,0.400000,0.500000
864,1,1,6.000000,0.600000,0.500000
865,1,1,8.000000,0.800000,0.500000
866,0,0,4.000000,0.000000,0.500000
867,0,0,6.000000,0.700000,0.500000
868,1,1,4.000000,0.000000,0.500000
869,0,0,4.000000,0.000000,0.500000
870,1,1,5.000000,0.400000,0.500000
871,1,1,7.000000,0.700000,0.500000
872,1,1,5.000000,0.400000,0.500000
873,0,0,8.000000,0.800000,0.500000
874,0,0,5.000000,0.400000,0.500000
875,1,1,5.000000,0.400000,0.500000
876,1,1,7.000000,0.800000,0.500000
877,1,1,9.000000,0.900000,0.500000
878,0,0,8.000000,0.600000,0.500000
879,0,0,4.000000,0.000000,0.500000
880,0,0,6.000000,0.700000,0.500000
881,0,0,7.000000,0.900000,0.500000
882,1,1,6.000000,0.700000,0.500000
883,0,0,5.000000,0.400000,0.500000
884,1,0,5.000000,0.400000,0.500000
885,1,1,5.000000,0.400000,0.500000
886,0,0,5.000000,0.400000,0.500000
887,0,0,5.000000,0.400000,0.500000
888,0,0,5.000000,0.400000,0.500000
889,0,0,4.000000,0.000000,0.500000
890,1,1,5.000000,0.400000,0.500000
891,1,1,5.000000,0.400000,0.500000
892,0,0,6.000000,0.700000,0.500000
893,1,1,4.000000,0.000000,0.500000
894,0,0,5.000000,0.400000,0.500000
895,1,1,5.000000,0.400000,0.500000
896,0,0,5.000000,0.400000,0.500000
897,0,0,5.000000,0.400000,0.500000
898,0,0,5.000000,0.400000,0.500000
899,1,1,4.000000,0.000000,0.500000
900,1,1,4.000000,0.000000,0.500000
901,1,1,4.000000,0.000000,0.500000
902,0,0,4.000000,0.000000,0.500000
903,0,0,4.000000,0.000000,0.500000
904,1,1,5.000000,0.400000,0.500000
905,1,1,4.000000,0.000000,0.500000
906,1,1,4.000000,0.000000,0.500000
907,0,0,5.000000,0.400000,0.500000
908,1,1,4.000000,0.000000,0.500000
909,0,0,4.000000,0.000000,0.500000
910,1,1,5.000000,0.400000,0.500000
911,1,1,8.000000,0.800000,0.500000
912,1,1,4.000000,0.000000,0.500000
913,1,1,5.000000,0.400000,0.500000
914,0,0,7.000000,0.900000,0.500000
915,0,0,5.000000,0.400000,0.500000
916,0,0,9.000000,1.000000,0.500000
917,1,0,5.000000,0.400000,0.500000
918,0,0,5.000000,0.400000,0.500000
919,0,0,5.000000,0.400000,0.500000
920,0,0,8.000000,0.800000,0.500000
921,0,0,5.000000,0.400000,0.500000
922,0,0,6.000000,0.700000,0.500000
923,1,1,5.000000,0.400000,0.500000
924,0,0,5.000000,0.400000,0.500000
925,1,1,5.000000,0.400000,0.500000
926,1,1,7.000000,0.700000,0.500000
927,0,0,4.000000,0.000000,0.500000
928,0,0,6.000000,0.700000,0.500000
929,0,0,5.000000,0.400000,0.500000
930,1,1,4.000000,0.000000,0.500000
931,0,0,4.000000,0.000000,0.500000
932,1,1,4.000000,0.000000,0.500000
933,0,0,6.000000,0.700000,0.500000
934,0,0,5.000000,0.400000,0.500000
935,0,0,4.000000,0.000000,0.500000
936,0,0,4.000000,0.000000,0.500000
937,0,0,4.000000,0.000000,0.500000
938,0,0,4.000000,0.000000,0.500000
939,1,1,4.000000,0.000000,0.500000
940,1,1,4.000000,0.000000,0.500000
941,0,0,4.000000,0.000000,0.500000
942,0,0,4.000000,0.000000,0.500000
943,0,0,4.000000,0.000000,0.500000
944,1,1,5.000000,0.400000,0.500000
945,0,1,8.000000,0.900000,0.500000
946,1,0,10.000000,0.800000,0.500000
947,0,0,7.000000,0.900000,0.500000
948,0,0,4.000000,0.000000,0.500000
949,1,1,7.000000,0.700000,0.500000
950,0,0,15.000000,1.000000,0.500000
951,0,0,7.000000,0.800000,0.500000
952,1,1,5.000000,0.400000,0.500000
953,0,0,6.000000,0.700000,0.500000
954,1,1,4.000000,0.000000,0.500000
955,1,1,6.000000,0.700000,0.500000
956,1,1,4.000000,0.000000,0.500000
957,1,1,6.000000,0.700000,0.500000
958,1,1,5.000000,0.400000,0.500000
959,1,1,5.000000,0.400000,0.500000
960,0,0,5.000000,0.400000,0.500000
961,1,1,5.000000,0.400000,0.500000
962,1,1,6.000000,0.700000,0.500000
963,1,1,4.000000,0.000000,0.500000
964,1,1,4.000000,0.000000,0.500000
965,1,1,5.000000,0.400000,0.500000
966,1,1,5.000000,0.400000,0.500000
967,1,1,5.000000,0.400000,0.500000
968,1,1,4.000000,0.000000,0.500000
969,0,1,6.000000,0.700000,0.500000
970,0,0,7.000000,0.700000,0.500000
971,0,0,8.000000,0.900000,0.500000
972,0,0,5.000000,0.400000,0.500000
973,0,0,4.000000,0.000000,0.500000
974,0,0,5.000000,0.400000,0.500000
975,1,1,5.000000,0.400000,0.500000
976,1,1,5.000000,0.400000,0.500000
977,0,0,5.000000,0.400000,0.500000
978,0,1,5.000000,0.400000,0.500000
979,1,1,6.000000,0.700000,0.500000
980,0,1,6.000000,0.700000,0.500000
981,0,0,8.000000,0.600000,0.500000
982,1,1,7.000000,0.700000,0.500000
983,1,1,4.000000,0.000000,0.500000
984,1,1,7.000000,0.700000,0.500000
985,1,1,6.000000,0.700000,0.500000
986,1,1,4.000000,0.000000,0.500000
987,1,1,5.000000,0.400000,0.500000
988,1,1,4.000000,0.000000,0.500000
989,0,0,4.000000,0.000000,0.500000
990,1,1,8.000000,0.900000,0.500000
991,1,1,4.000000,0.000000,0.500000
992,1,1,9.000000,0.900000,0.500000
993,0,0,7.000000,0.700000,0.500000
994,1,1,6.000000,0.700000,0.500000
995,1,1,6.000000,0.700000,0.500000
996,0,0,4.000000,0.000000,0.500000
997,1,1,4.000000,0.000000,0.500000
998,0,0,4.000000,0.000000,0.500000
999,0,0,6.000000,0.700000,0.500000
WorkerID,Gamma,TrueGamma
207,0.499795,1.036507
957,0.492129,1.303970
942,0.493060,0.604140
556,0.501436,0.991986
662,0.512647,1.279194
168,0.505915,0.709137
8,0.504635,2.054827
335,0.493036,1.053865
537,0.496216,2.074919
927,0.489905,1.326401
412,0.509408,1.317363
105,0.500731,2.556124
787,0.493070,1.281396
865,0.496422,1.056134
881,0.497111,0.248861
322,0.502607,1.293015
266,0.495642,0.844469
805,0.487100,0.561501
698,0.514848,0.890883
427,0.494019,0.963365
299,0.488589,1.188795
94,0.513688,0.768467
106,0.512106,0.980586
367,0.491720,0.860759
504,0.504775,1.663961
692,0.490628,1.196446
229,0.512179,1.625515
166,0.497715,2.120016
732,0.507405,0.928203
179,0.502035,1.561828
735,0.499642,0.978727
416,0.502039,0.603811
860,0.491926,0.426864
340,0.499648,1.272223
242,0.492496,1.271435
683,0.513776,1.296221
507,0.503562,3.038766
515,0.491751,0.655725
726,0.506126,0.598589
755,0.491987,0.751699
753,0.500927,1.421214
964,0.499840,1.338937
267,0.496214,0.700682
393,0.505796,1.463225
375,0.492996,0.206348
49,0.496976,1.930309
305,0.520758,1.574437
216,0.527484,1.825074
480,0.503866,1.498139
14,0.506084,0.994950
821,0.491231,1.237499
294,0.499014,1.510397
880,0.494312,0.922848
196,0.493113,1.062418
746,0.492903,0.600587
326,0.499623,0.638260
21,0.493768,0.981627
524,0.493095,1.110492
775,0.499782,2.533734
757,0.495153,0.722755
300,0.498673,0.360508
16,0.496459,2.396053
602,0.492341,1.061894
85,0.530178,3.888110
109,0.498474,2.112934
419,0.489894,0.595958
600,0.494167,0.546980
411,0.497358,0.300595
712,0.507462,1.190772
866,0.498136,0.991636
356,0.496284,1.515924
366,0.489909,0.381459
36,0.499984,0.543753
498,0.508590,1.560645
13,0.492710,1.267681
429,0.506271,2.298231
219,0.492893,1.516698
943,0.500120,1.728297
639,0.512103,1.072289
449,0.505407,1.162446
122,0.513062,0.464909
70,0.510885,1.151382
62,0.506463,1.092267
443,0.494205,1.787902
337,0.502804,0.844217
91,0.497013,0.636547
100,0.504035,1.572841
917,0.501806,0.514844
667,0.503543,0.306375
116,0.498512,1.179370
578,0.504646,3.571470
160,0.504661,1.078552
398,0.515929,0.668930
405,0.500166,0.974623
502,0.492916,0.191540
580,0.508540,1.000291
99,0.504964,0.774081
774,0.505159,1.040725
418,0.506582,0.516803
315,0.499350,1.120571
728,0.512128,1.412638
171,0.489716,0.701220
285,0.507059,1.543025
324,0.495648,0.567981
240,0.508119,1.760441
810,0.493084,0.591920
174,0.503714,0.537266
211,0.499397,0.310043
550,0.503532,1.591074
20,0.505538,1.481015
12,0.508218,2.061351
494,0.492892,1.098895
661,0.497753,0.945598
780,0.526950,3.014912
256,0.505168,1.628894
167,0.492910,1.575826
973,0.498450,1.444353
155,0.490573,0.885715
619,0.507244,0.667967
312,0.493258,0.917885
414,0.508902,2.149861
84,0.501846,1.120882
395,0.495134,1.096840
102,0.496567,0.458025
688,0.499424,1.321843
636,0.513265,1.285648
929,0.497524,0.369912
959,0.491518,0.507519
288,0.501103,0.762438
883,0.490570,0.718151
452,0.506333,0.439917
749,0.492928,0.664628
992,0.498478,1.030803
164,0.490817,0.488303
995,0.497109,0.964720
306,0.501865,0.361825
844,0.507047,0.788245
332,0.507081,1.297060
396,0.514055,1.755566
325,0.494581,1.418497
627,0.492916,1.280870
65,0.490646,0.760231
273,0.498260,0.684044
799,0.505171,0.908155
845,0.500882,0.832896
417,0.495495,0.878004
33,0.514738,1.317283
820,0.490634,0.622673
997,0.502624,0.488746
37,0.512299,1.989436
495,0.492347,1.836000
530,0.493470,0.413080
148,0.494407,0.107603
499,0.488797,1.021831
901,0.491942,0.657731
715,0.495837,1.080282
544,0.508382,1.094485
328,0.510744,1.131926
45,0.521722,2.912709
317,0.494024,1.036276
197,0.509127,1.364321
763,0.513930,1.696181
547,0.499806,0.931337
902,0.492865,1.178985
889,0.518400,1.145840
767,0.504771,1.641653
572,0.510570,1.585535
817,0.514451,0.472060
668,0.501876,0.979607
919,0.508181,2.102900
394,0.499585,1.507166
402,0.494024,2.058155
745,0.515088,3.028675
804,0.508131,1.631733
679,0.498093,0.906680
742,0.491940,0.269903
400,0.501456,1.257374
771,0.501837,0.402041
151,0.500537,0.972157
963,0.509347,2.815638
410,0.490632,0.541002
713,0.500893,1.527136
601,0.495890,0.872967
831,0.499545,0.434668
316,0.495137,0.907641
644,0.512575,0.609486
848,0.498853,1.878827
855,0.498498,1.752720
833,0.491723,1.877933
970,0.500545,0.786769
263,0.491748,1.266980
884,0.496929,1.298675
149,0.512264,1.271975
954,0.494499,0.884121
976,0.511656,0.903551
516,0.501251,0.552887
309,0.492891,1.185081
406,0.501847,0.239788
835,0.495353,2.458494
809,0.492894,1.431545
290,0.492005,1.616281
140,0.503131,2.004492
124,0.490657,0.619417
727,0.492350,1.153257
448,0.504474,1.239580
764,0.492904,1.099454
923,0.496253,1.525799
751,0.510461,1.902711
604,0.499421,2.814886
444,0.505372,1.801951
838,0.499225,1.525286
194,0.494548,1.041853
649,0.507929,0.984544
709,0.504078,1.227022
894,0.490994,0.627385
382,0.498660,1.169908
591,0.512499,3.205345
924,0.498457,0.996116
689,0.511904,1.495074
605,0.490837,0.255581
462,0.497903,1.055584
979,0.503469,0.857746
408,0.509089,1.574597
489,0.498993,0.981423
740,0.498473,1.363141
478,0.500744,2.279062
876,0.499813,1.405201
262,0.496806,0.698083
172,0.500599,1.189842
500,0.494544,0.729316
487,0.513165,1.803556
376,0.499959,2.767380
424,0.488342,0.982182
79,0.493478,1.295200
554,0.489891,0.606938
131,0.521754,2.418382
741,0.506750,1.465067
185,0.488571,1.154884
830,0.492906,0.379145
989,0.491024,1.044370
588,0.503116,0.404371
327,0.497711,1.299017
707,0.501076,1.350848
241,0.500744,0.824109
205,0.489146,1.088474
875,0.491753,0.821547
841,0.498641,0.289633
331,0.501899,0.829387
98,0.499617,0.717727
80,0.501846,1.174223
949,0.490057,0.490434
69,0.491941,0.734275
415,0.501683,0.874596
640,0.498687,0.952099
706,0.504985,0.640648
592,0.504017,1.516236
972,0.498484,0.538086
117,0.497373,1.068084
249,0.500943,1.656493
90,0.494564,1.205182
652,0.490614,0.791601
343,0.494033,0.691391
596,0.492905,1.109976
201,0.502351,2.335576
898,0.506356,2.137288
68,0.513015,0.772984
234,0.505205,1.076042
442,0.497548,0.666493
651,0.515278,1.026312
887,0.499343,1.223484
877,0.494569,0.690556
318,0.488774,1.280017
703,0.490836,0.515955
759,0.500147,3.260977
920,0.499601,1.024471
360,0.499960,0.447257
170,0.498711,1.053042
912,0.490573,0.180486
330,0.529014,1.703951
971,0.496837,1.385199
470,0.506325,1.818717
41,0.488391,0.818959
358,0.505357,0.997308
479,0.512998,2.120034
996,0.491941,1.268988
96,0.503718,1.060904
784,0.489918,0.205252
988,0.492897,2.122945
682,0.504929,0.793187
54,0.493411,0.490338
108,0.520692,1.424837
870,0.508594,1.319344
819,0.508536,1.209997
484,0.505201,2.460483
246,0.499594,0.995677
271,0.494511,2.484291
38,0.491725,0.434028
559,0.506965,1.610699
423,0.501680,1.180825
766,0.494025,1.272218
297,0.494235,0.853290
654,0.497964,1.008496
568,0.500986,1.879835
719,0.500679,1.300948
501,0.512167,0.801020
955,0.513500,0.823610
347,0.498427,1.551548
575,0.496925,1.263418
512,0.501795,1.374548
425,0.509920,0.521592
904,0.495780,2.289277
807,0.516990,2.698576
638,0.511027,0.881345
159,0.494492,0.872652
645,0.493886,0.444094
474,0.513943,1.533479
314,0.507899,2.094250
739,0.503257,1.350738
816,0.502304,1.106836
921,0.511456,1.039291
729,0.509030,0.915001
22,0.502480,0.819200
607,0.495388,1.077472
493,0.497847,1.546962
528,0.495613,0.446900
503,0.516677,0.669026
842,0.513688,1.577734
115,0.511271,1.477526
542,0.502537,1.208282
648,0.505697,1.592958
372,0.498984,0.777530
918,0.511068,0.696976
630,0.497842,0.574083
438,0.525722,0.613069
345,0.524283,1.798510
460,0.503407,1.114994
420,0.512569,1.569602
980,0.514441,1.183794
852,0.496715,0.739266
681,0.495960,2.696487
777,0.496744,0.904339
336,0.499193,1.214121
354,0.515677,1.145840
583,0.498959,0.528666
301,0.515752,0.906148
9,0.495044,0.934300
968,0.497461,1.063999
991,0.511964,1.538447
252,0.505075,1.179452
486,0.513317,1.474963
680,0.508496,0.943388
227,0.509185,0.889903
7,0.502681,0.744468
723,0.513306,2.002408
383,0.512386,1.338859
468,0.502354,0.917638
182,0.512380,1.712466
637,0.494859,0.476902
632,0.499886,1.195515
212,0.500254,0.596026
203,0.509939,1.286938
280,0.503853,1.241687
261,0.511446,0.794462
533,0.496736,0.468646
162,0.513698,1.099090
950,0.512189,2.017207
761,0.511304,1.586245
373,0.502482,0.610122
539,0.498382,0.624534
222,0.504914,1.322558
697,0.504733,0.717333
413,0.497607,0.745984
655,0.508462,0.810961
614,0.509229,1.973351
730,0.498938,0.645689
806,0.497085,1.038297
19,0.515498,0.525206
945,0.496917,0.934838
800,0.497875,0.809389
401,0.504748,2.154548
790,0.497855,0.550025
236,0.514577,2.308695
663,0.504537,2.320986
987,0.509917,0.857562
139,0.501742,1.129956
472,0.497675,1.399645
82,0.501188,0.995651
361,0.517824,3.035083
548,0.505693,1.976519
86,0.504398,1.306024
471,0.508278,1.718214
926,0.513609,1.085254
435,0.502480,0.722555
93,0.495997,1.387870
440,0.499125,0.245884
110,0.496939,1.550760
17,0.525402,0.756633
888,0.497497,0.519945
397,0.499353,0.863494
355,0.503248,0.931643
826,0.501391,0.417654
693,0.509788,0.854956
871,0.500098,1.309065
378,0.520132,0.942667
404,0.495751,1.728471
466,0.500098,2.084929
291,0.510137,1.970262
911,0.496945,1.169901
998,0.504724,1.535706
573,0.504067,1.102527
956,0.500620,0.689237
779,0.521324,1.724884
64,0.496744,0.930895
384,0.503449,0.831052
58,0.497848,0.816159
5,0.503600,0.307512
837,0.495589,1.546580
519,0.494684,0.616349
134,0.507367,0.921624
118,0.498567,0.142442
200,0.503247,0.952434
737,0.494637,1.154737
685,0.498960,1.204677
186,0.507677,0.787809
387,0.504384,1.194077
613,0.515340,0.798044
348,0.494662,0.350180
188,0.501376,1.459681
497,0.509186,1.591369
543,0.495994,0.788615
829,0.514054,1.802451
475,0.509596,0.540732
202,0.514065,1.060569
818,0.517605,0.429112
704,0.512036,1.003941
342,0.498599,1.121457
307,0.508812,1.147598
770,0.500608,1.257735
238,0.496167,1.480775
467,0.509043,1.369398
2,0.510136,1.769609
535,0.494657,1.212892
734,0.512216,0.870834
292,0.497104,1.544990
29,0.497839,0.895381
520,0.510179,1.404041
781,0.509817,1.024629
608,0.497500,0.777103
812,0.510305,1.055347
456,0.501564,1.410775
843,0.500848,1.259439
814,0.498788,1.552614
52,0.493518,0.882941
621,0.513109,1.471523
275,0.499479,0.461963
633,0.498992,1.235503
173,0.508078,1.821216
43,0.529059,1.118689
622,0.513181,0.432848
428,0.497858,0.693363
313,0.508091,0.852673
259,0.525625,1.802922
563,0.493735,0.754429
527,0.504761,1.460787
725,0.511105,1.200141
555,0.498991,1.016496
677,0.495573,0.410836
738,0.509167,1.948628
226,0.512157,2.124763
198,0.512017,2.359091
143,0.513495,0.541122
674,0.524246,1.937266
791,0.501246,1.127571
289,0.508519,1.661902
574,0.501243,1.812331
657,0.510139,0.848523
51,0.508495,2.536628
585,0.497111,1.091215
88,0.513312,1.279241
42,0.502442,0.547743
856,0.496900,1.394166
938,0.504564,0.469162
849,0.504611,1.393875
686,0.494505,1.538628
55,0.490529,0.449351
1,0.519678,0.831918
908,0.506940,0.204186
705,0.510164,0.789457
586,0.499566,0.747081
120,0.499173,1.786185
660,0.505120,0.495365
558,0.501786,2.178966
758,0.496903,0.897870
931,0.504359,1.156331
525,0.520726,1.323620
587,0.499508,0.949003
878,0.509939,1.728760
994,0.504524,1.282069
44,0.501420,1.201064
634,0.502341,1.737897
274,0.496913,2.140179
323,0.496170,1.092294
581,0.502512,0.792226
268,0.528019,1.263656
11,0.495782,2.294608
282,0.514423,1.446291
239,0.510920,1.675008
803,0.497839,0.222414
947,0.509014,1.183071
81,0.510144,1.031184
74,0.496930,1.033751
469,0.494483,0.955339
776,0.497110,0.709684
744,0.504739,1.046389
620,0.503405,1.137402
538,0.504724,0.904902
532,0.495025,0.415187
853,0.495808,0.413880
760,0.503480,0.829438
656,0.499119,1.106033
178,0.500668,1.123368
699,0.509963,1.761820
165,0.496678,1.474409
276,0.503394,0.405437
344,0.506783,1.338601
287,0.515695,1.385209
377,0.501958,0.637531
409,0.503455,2.141850
260,0.510926,1.661503
546,0.509157,0.844303
311,0.502108,1.568655
386,0.496930,0.391313
711,0.493522,0.954228
642,0.507547,0.970713
350,0.512033,2.496816
304,0.517250,3.674873
281,0.498937,1.100035
564,0.492807,0.469729
321,0.517784,1.855165
551,0.523182,1.726892
700,0.521516,0.982199
176,0.496761,1.233040
380,0.511082,0.792378
511,0.516821,1.439576
379,0.492634,1.488917
244,0.504346,0.821443
658,0.503655,1.184139
458,0.497832,1.518648
59,0.494866,1.067360
899,0.499511,1.495666
718,0.509208,1.335473
73,0.509215,1.744527
138,0.500641,0.747728
50,0.512572,0.272840
220,0.495989,1.520767
914,0.509257,0.831463
490,0.503422,1.922765
545,0.518923,0.638926
145,0.502287,1.412522
251,0.498973,0.490242
593,0.507177,0.599665
522,0.504788,1.906226
540,0.495957,0.530642
798,0.491891,0.684761
566,0.504569,2.215581
782,0.503641,3.320639
269,0.505849,1.645317
748,0.504573,1.247165
381,0.497849,0.709283
319,0.499549,0.689563
403,0.506408,0.931885
514,0.514427,0.933140
175,0.508817,0.669360
594,0.503471,2.183642
930,0.495820,2.446263
960,0.507159,0.909455
595,0.510164,0.601940
641,0.496915,0.464397
825,0.512983,1.224283
743,0.516272,0.625584
762,0.505666,0.856183
590,0.512233,0.989166
204,0.506034,0.744628
936,0.522244,1.370618
708,0.509201,1.867294
946,0.503274,0.829232
295,0.495616,0.651800
858,0.498050,0.610390
969,0.495985,0.469121
298,0.503967,1.619966
450,0.515742,1.612629
161,0.499528,1.528274
892,0.503635,0.809371
111,0.496743,0.593315
864,0.506107,1.961299
272,0.516828,1.145678
436,0.502857,0.618415
541,0.495608,0.939316
508,0.513265,1.346822
61,0.512214,0.712529
66,0.499181,0.454014
112,0.498051,0.538221
158,0.495807,2.786333
391,0.502320,1.589381
756,0.523137,0.867422
221,0.522966,0.577549
702,0.503266,0.819982
684,0.509040,0.875591
365,0.498405,1.635312
57,0.510343,1.155949
536,0.510719,1.303125
579,0.513072,1.132325
237,0.512577,0.535025
27,0.506244,2.264042
24,0.501793,0.661036
224,0.495055,0.655116
476,0.501617,0.977460
156,0.497875,1.033392
225,0.501199,1.810111
30,0.498053,0.728901
320,0.517805,1.841646
92,0.501955,0.477006
576,0.521258,2.068872
939,0.520041,0.776955
523,0.505510,1.834136
691,0.495995,1.056565
672,0.504583,1.112307
389,0.504586,1.414439
846,0.500086,1.731115
907,0.508516,0.762369
671,0.516357,1.247578
439,0.499968,0.793266
121,0.507592,1.074894
953,0.500901,1.780659
144,0.501853,1.742757
695,0.505752,1.609504
710,0.513280,0.884549
978,0.513149,4.183775
195,0.515652,1.055230
839,0.502029,0.673865
338,0.507284,1.370408
975,0.514249,2.104278
513,0.533803,1.022644
114,0.530314,1.707157
646,0.518253,0.975502
792,0.504270,0.687194
788,0.508572,3.362766
232,0.510022,0.567234
302,0.514637,0.503553
437,0.502203,0.130868
932,0.497731,0.462640
265,0.512949,1.171663
616,0.520662,1.900718
157,0.499797,0.579657
986,0.506125,1.678251
35,0.507631,1.028525
71,0.502929,0.516221
789,0.517101,1.143287
146,0.518487,1.005619
129,0.516185,1.039862
421,0.517347,1.789848
209,0.524859,1.449152
836,0.502003,0.990335
78,0.500932,1.100726
909,0.514348,0.986436
834,0.522874,1.506021
720,0.501822,1.207746
557,0.505577,2.092263
985,0.508358,1.600313
154,0.502210,1.714007
617,0.509666,0.922148
582,0.519459,2.496186
137,0.521900,2.479630
26,0.505577,1.308389
824,0.507250,2.069217
724,0.500910,0.709015
180,0.512277,1.388778
15,0.503484,2.181559
422,0.506475,1.053770
264,0.500509,0.685394
951,0.503553,0.481691
125,0.503714,0.884107
3,0.493100,1.065351
928,0.503096,0.512710
867,0.506314,1.152863
364,0.502962,2.483105
653,0.520481,1.766869
4,0.516442,0.741513
981,0.521295,0.780092
257,0.508897,1.358978
750,0.500931,0.937567
463,0.498509,1.073363
370,0.509665,0.658999
193,0.513192,1.672292
717,0.509941,0.974881
284,0.535349,0.723603
228,0.506930,1.698929
676,0.515122,1.083099
823,0.499058,0.502668
346,0.532009,2.083072
218,0.500931,0.272334
615,0.512001,1.757536
854,0.507497,0.854315
714,0.513977,1.268573
631,0.510818,2.639446
754,0.508560,0.786656
169,0.505563,0.783970
454,0.509684,0.910639
879,0.515609,1.163172
488,0.503174,1.061905
882,0.513779,0.780363
811,0.516199,1.809419
549,0.508384,0.440538
552,0.511943,2.829828
868,0.533597,0.872317
983,0.512836,0.552600
773,0.522697,1.295253
635,0.512651,1.404162
567,0.518079,0.352867
293,0.515416,1.070670
529,0.505595,0.875584
445,0.524730,1.927733
147,0.514160,0.799751
215,0.498117,1.859944
77,0.511839,0.791912
247,0.523153,0.730781
187,0.514520,1.877877
485,0.500934,1.030769
130,0.507642,0.631307
464,0.536577,0.988190
722,0.509723,1.596659
509,0.512478,1.681734
230,0.502994,0.527169
333,0.509501,2.542083
863,0.517489,1.192081
786,0.502984,0.846927
687,0.517093,1.410132
747,0.508746,0.910426
390,0.505788,1.483274
53,0.521971,2.530244
933,0.508515,2.745360
217,0.521014,0.795846
793,0.509655,1.983470
694,0.501878,1.169442
181,0.511428,2.659356
341,0.513038,1.298354
958,0.504636,0.306275
473,0.514329,1.351332
491,0.510788,0.636506
177,0.528917,0.790940
769,0.500770,0.780146
496,0.513275,1.078594
135,0.499047,2.037236
385,0.522265,1.611787
962,0.502996,0.488074
977,0.509345,0.712026
101,0.509117,0.896516
113,0.517097,0.827687
625,0.520057,0.367686
451,0.502833,0.478663
95,0.510269,1.386747
459,0.520469,1.717502
213,0.515068,0.395220
214,0.511546,0.730021
526,0.508577,1.454445
253,0.522151,1.625500
233,0.515122,1.947464
296,0.508519,1.813865
696,0.515281,1.094793
935,0.520673,0.893864
329,0.502992,2.197680
0,0.513789,1.490108
862,0.535167,1.457901
940,0.506309,1.011984
152,0.504667,1.552991
25,0.513995,0.647302
647,0.513573,1.329238
431,0.522888,1.392476
123,0.503566,2.212395
624,0.501130,0.374182
890,0.509739,1.052205
675,0.507449,0.679908
353,0.509509,1.528467
153,0.502994,0.892972
869,0.508943,2.054613
795,0.514342,2.354849
599,0.511718,1.738405
432,0.517130,1.965672
669,0.507474,1.297817
626,0.524681,1.228245
34,0.510808,1.365397
861,0.519704,2.545600
571,0.512584,1.091551
618,0.513302,1.286706
142,0.546674,1.495143
765,0.502319,1.162617
961,0.507729,0.858373
840,0.508865,1.253545
505,0.506924,2.204914
103,0.508793,0.459866
150,0.513333,1.788721
589,0.522407,0.769394
851,0.517748,1.033173
690,0.502124,1.519187
815,0.509196,0.788170
136,0.510523,2.079686
797,0.502157,0.492896
847,0.523950,2.073201
768,0.510040,1.433951
447,0.508840,1.950029
399,0.506435,1.273825
206,0.511081,0.927820
359,0.508830,1.710684
772,0.516489,1.706348
250,0.514246,0.212515
965,0.507742,0.998465
31,0.512783,1.530149
465,0.505089,0.515404
584,0.519102,1.867277
752,0.496925,1.499645
334,0.516460,0.833838
72,0.512779,1.068089
609,0.510525,1.553343
482,0.497122,0.819944
362,0.517593,1.805915
248,0.502893,0.934438
371,0.505097,2.468548
208,0.515178,1.142193
905,0.509971,1.563527
785,0.506246,0.538785
910,0.503277,1.559642
664,0.512945,1.996854
455,0.508830,1.256810
873,0.508845,1.508077
352,0.509630,1.722693
283,0.535798,1.782178
369,0.504531,1.326547
63,0.506242,0.567131
733,0.500096,1.260216
872,0.508664,0.780789
897,0.514055,1.609097
859,0.516823,0.745453
611,0.501975,1.014072
83,0.507920,0.816391
6,0.512381,1.516044
23,0.503448,1.511400
925,0.502353,0.661467
944,0.511446,1.090571
430,0.531873,1.549134
47,0.505918,1.418719
850,0.501210,0.390144
39,0.506449,0.222750
407,0.506237,1.120502
104,0.502134,0.816387
310,0.525201,0.946442
562,0.508082,0.676968
603,0.500093,1.124483
822,0.502339,0.719632
521,0.532131,1.530329
192,0.523504,0.762090
477,0.505663,1.343370
75,0.519460,0.694045
628,0.553027,1.829827
441,0.512721,0.772866
665,0.506619,0.567853
577,0.519439,2.215542
434,0.498972,0.447759
89,0.501018,0.415991
461,0.526493,0.932225
368,0.511806,0.614718
999,0.522102,1.508811
199,0.513650,0.997903
245,0.519431,1.137550
18,0.507907,0.476223
565,0.509223,0.525511
643,0.515211,1.593921
446,0.501373,0.542498
895,0.501032,0.997037
802,0.509616,0.874213
279,0.518230,1.983348
934,0.497105,0.334376
278,0.507236,1.872473
32,0.501425,0.815880
984,0.517580,1.381777
673,0.505752,0.941012
243,0.516577,1.088037
56,0.507376,1.877960
937,0.506686,1.691704
258,0.516831,1.257507
67,0.517622,0.758328
339,0.516077,1.181349
534,0.527321,2.348706
832,0.515065,1.043922
303,0.510318,2.220698
351,0.523266,1.248061
941,0.523698,0.920909
189,0.524292,0.470522
701,0.510497,0.901122
612,0.530776,1.480982
783,0.507251,3.119225
132,0.502539,2.079801
874,0.529016,1.729675
597,0.506293,0.474833
913,0.512130,0.225468
231,0.513290,2.313610
60,0.512270,1.273609
97,0.511433,1.242083
128,0.513044,1.936640
426,0.511436,1.283673
721,0.518954,0.839310
903,0.511693,1.279127
531,0.516034,0.887475
736,0.513938,2.011080
900,0.518039,0.655904
569,0.512650,0.992050
28,0.524557,0.758501
906,0.504057,1.049685
374,0.515494,0.798565
948,0.511430,1.594708
796,0.520815,2.167610
801,0.526362,1.831562
141,0.506110,0.915466
40,0.526191,1.600307
453,0.522291,1.474735
48,0.508131,1.864914
570,0.519700,2.192948
184,0.524308,2.721579
716,0.526094,1.739310
46,0.519324,0.868724
119,0.531673,1.484476
857,0.516544,0.903551
808,0.510382,0.888369
270,0.512625,2.449049
518,0.507188,2.101964
357,0.509823,2.327803
659,0.513773,2.331200
778,0.517022,1.343439
483,0.514954,1.661033
183,0.502376,2.188374
606,0.512816,0.779311
896,0.529065,1.198733
517,0.523528,1.738883
794,0.512154,1.844825
254,0.518871,1.183461
191,0.519809,1.275269
990,0.513279,1.475357
891,0.516820,0.745832
107,0.512005,2.207263
974,0.509712,0.917474
308,0.513102,1.366978
666,0.526847,0.602100
133,0.517925,0.299482
277,0.518474,1.320263
916,0.513074,1.579181
87,0.513281,0.631751
678,0.513061,0.628493
388,0.509384,0.849493
510,0.511628,0.909985
363,0.505428,0.519580
492,0.514024,1.579006
813,0.513101,1.148168
457,0.515371,1.658275
650,0.518318,1.343000
553,0.504296,0.923472
255,0.523580,0.507494
922,0.513270,1.606832
610,0.510492,1.248266
560,0.518530,1.506380
629,0.517000,0.960675
993,0.503813,3.026662
481,0.518728,3.173114
967,0.514750,0.433309
623,0.509439,1.125453
126,0.523776,2.008116
76,0.509615,1.065285
670,0.518240,0.491666
885,0.511490,0.998352
915,0.512398,0.259755
286,0.511439,0.665735
561,0.509697,0.968361
10,0.509529,0.506795
982,0.521823,2.109683
506,0.516065,0.456819
827,0.528546,2.060286
731,0.527842,1.779486
886,0.521271,0.964292
163,0.513683,1.152282
433,0.516500,0.576961
392,0.517411,1.539789
349,0.526751,1.377361
893,0.521363,1.353900
210,0.524447,1.019823
Average Cost: 5.541000
Accuracy: 92.400000
Accuracy 0: 100.000000
Cost 0: 4.000000
Accuracy 1: 100.000000
Cost 1: 4.000000
Accuracy 2: 100.000000
Cost 2: 4.000000
Accuracy 3: 100.000000
Cost 3: 4.000000
Accuracy 4: 100.000000
Cost 4: 4.000000
Accuracy 5: 100.000000
Cost 5: 4.000000
Accuracy 6: 100.000000
Cost 6: 4.000000
Accuracy 7: 100.000000
Cost 7: 4.000000
Accuracy 8: 100.000000
Cost 8: 4.000000
Accuracy 9: 100.000000
Cost 9: 4.000000
