Number of Worker Pools: 2
Number of Workers in Pool 1: 1000
Original mean,standardDev for Pool 1: 4.000000,0.300000
Number of Workers in Pool 2: 1000
Original mean,standardDev for Pool 2: 3.500000,0.200000
Number of Problems: 1000
ProblemNo,Answer,TrueAnswer,Cost,Difficulty,TrueDifficulty
0,1,1,4.000000,0.000000,0.500000
1,1,1,4.000000,0.000000,0.500000
2,0,0,6.000000,0.700000,0.500000
3,0,0,4.000000,0.000000,0.500000
4,1,1,6.000000,0.700000,0.500000
5,1,1,5.000000,0.400000,0.500000
6,1,1,4.000000,0.000000,0.500000
7,1,1,5.000000,0.400000,0.500000
8,1,1,5.000000,0.400000,0.500000
9,1,1,6.000000,0.700000,0.500000
10,1,1,4.000000,0.000000,0.500000
11,1,1,4.000000,0.000000,0.500000
12,0,0,4.000000,0.000000,0.500000
13,0,0,6.000000,0.700000,0.500000
14,0,0,8.000000,0.800000,0.500000
15,1,1,5.000000,0.400000,0.500000
16,0,0,4.000000,0.000000,0.500000
17,0,0,5.000000,0.400000,0.500000
18,0,0,4.000000,0.000000,0.500000
19,1,1,4.000000,0.000000,0.500000
20,0,0,4.000000,0.000000,0.500000
21,1,1,4.000000,0.000000,0.500000
22,0,0,5.000000,0.400000,0.500000
23,0,0,7.000000,0.700000,0.500000
24,0,1,6.000000,0.900000,0.500000
25,0,0,5.000000,0.400000,0.500000
26,1,1,7.000000,0.700000,0.500000
27,1,1,8.000000,0.800000,0.500000
28,0,0,5.000000,0.400000,0.500000
29,1,1,5.000000,0.400000,0.500000
30,1,1,4.000000,0.000000,0.500000
31,1,1,4.000000,0.000000,0.500000
32,1,1,8.000000,0.900000,0.500000
33,0,0,6.000000,0.700000,0.500000
34,1,1,5.000000,0.400000,0.500000
35,0,0,5.000000,0.400000,0.500000
36,1,1,5.000000,0.400000,0.500000
37,1,1,5.000000,0.400000,0.500000
38,0,0,4.000000,0.000000,0.500000
39,0,1,4.000000,0.000000,0.500000
40,1,1,4.000000,0.000000,0.500000
41,0,0,5.000000,0.400000,0.500000
42,1,1,4.000000,0.000000,0.500000
43,1,1,4.000000,0.000000,0.500000
44,1,1,7.000000,0.700000,0.500000
45,0,0,4.000000,0.000000,0.500000
46,0,0,7.000000,0.700000,0.500000
47,0,0,5.000000,0.400000,0.500000
48,1,1,5.000000,0.400000,0.500000
49,0,0,5.000000,0.400000,0.500000
50,0,1,6.000000,0.900000,0.500000
51,1,0,6.000000,0.700000,0.500000
52,1,1,7.000000,0.700000,0.500000
53,0,0,5.000000,0.400000,0.500000
54,0,0,6.000000,0.700000,0.500000
55,0,0,5.000000,0.400000,0.500000
56,0,0,4.000000,0.000000,0.500000
57,1,1,4.000000,0.000000,0.500000
58,1,1,8.000000,0.600000,0.500000
59,0,0,4.000000,0.000000,0.500000
60,1,1,5.000000,0.400000,0.500000
61,1,1,7.000000,0.700000,0.500000
62,0,0,12.000000,0.900000,0.500000
63,1,1,7.000000,0.800000,0.500000
64,0,0,5.000000,0.400000,0.500000
65,0,0,4.000000,0.000000,0.500000
66,0,0,4.000000,0.000000,0.500000
67,0,0,6.000000,0.700000,0.500000
68,0,0,6.000000,0.700000,0.500000
69,0,0,6.000000,0.700000,0.500000
70,0,0,4.000000,0.000000,0.500000
71,0,0,4.000000,0.000000,0.500000
72,0,0,4.000000,0.000000,0.500000
73,1,1,7.000000,0.800000,0.500000
74,1,1,4.000000,0.000000,0.500000
75,0,0,4.000000,0.000000,0.500000
76,0,0,5.000000,0.400000,0.500000
77,0,0,4.000000,0.000000,0.500000
78,0,1,5.000000,0.400000,0.500000
79,0,0,7.000000,0.800000,0.500000
80,0,0,6.000000,0.900000,0.500000
81,1,1,4.000000,0.000000,0.500000
82,0,0,7.000000,0.700000,0.500000
83,1,1,8.000000,0.600000,0.500000
84,0,0,4.000000,0.000000,0.500000
85,0,0,6.000000,0.700000,0.500000
86,1,1,5.000000,0.400000,0.500000
87,1,0,5.000000,0.400000,0.500000
88,1,1,5.000000,0.400000,0.500000
89,1,1,5.000000,0.400000,0.500000
90,0,0,10.000000,0.800000,0.500000
91,0,0,4.000000,0.000000,0.500000
92,0,0,10.000000,0.900000,0.500000
93,0,0,4.000000,0.000000,0.500000
94,0,0,5.000000,0.400000,0.500000
95,1,1,5.000000,0.400000,0.500000
96,0,0,4.000000,0.000000,0.500000
97,1,1,5.000000,0.400000,0.500000
98,1,1,9.000000,1.000000,0.500000
99,1,1,5.000000,0.400000,0.500000
100,0,0,5.000000,0.400000,0.500000
101,0,0,4.000000,0.000000,0.500000
102,1,1,4.000000,0.000000,0.500000
103,0,1,10.000000,0.900000,0.500000
104,0,0,5.000000,0.400000,0.500000
105,0,0,5.000000,0.400000,0.500000
106,1,1,6.000000,0.700000,0.500000
107,1,1,4.000000,0.000000,0.500000
108,0,0,4.000000,0.000000,0.500000
109,0,0,5.000000,0.400000,0.500000
110,0,0,5.000000,0.400000,0.500000
111,0,0,4.000000,0.000000,0.500000
112,0,0,4.000000,0.000000,0.500000
113,0,0,5.000000,0.400000,0.500000
114,1,1,8.000000,0.900000,0.500000
115,1,1,11.000000,1.000000,0.500000
116,1,1,8.000000,0.800000,0.500000
117,0,0,4.000000,0.000000,0.500000
118,0,0,7.000000,0.700000,0.500000
119,0,0,4.000000,0.000000,0.500000
120,1,1,5.000000,0.400000,0.500000
121,0,1,6.000000,0.900000,0.500000
122,1,1,7.000000,0.700000,0.500000
123,0,0,5.000000,0.400000,0.500000
124,0,0,6.000000,0.900000,0.500000
125,0,0,5.000000,0.400000,0.500000
126,1,1,5.000000,0.400000,0.500000
127,0,0,5.000000,0.400000,0.500000
128,0,0,5.000000,0.400000,0.500000
129,0,1,8.000000,0.900000,0.500000
130,0,0,4.000000,0.000000,0.500000
131,0,0,6.000000,0.700000,0.500000
132,0,0,6.000000,0.700000,0.500000
133,1,1,6.000000,0.700000,0.500000
134,1,1,10.000000,1.000000,0.500000
135,0,0,7.000000,0.700000,0.500000
136,0,0,7.000000,0.700000,0.500000
137,0,0,5.000000,0.400000,0.500000
138,0,0,10.000000,0.900000,0.500000
139,1,1,6.000000,0.700000,0.500000
140,0,0,6.000000,0.700000,0.500000
141,1,1,5.000000,0.400000,0.500000
142,1,1,8.000000,0.900000,0.500000
143,1,1,4.000000,0.000000,0.500000
144,1,0,5.000000,0.400000,0.500000
145,1,1,4.000000,0.000000,0.500000
146,0,0,4.000000,0.000000,0.500000
147,0,1,6.000000,0.700000,0.500000
148,1,1,6.000000,0.700000,0.500000
149,1,1,6.000000,0.700000,0.500000
150,1,1,5.000000,0.400000,0.500000
151,1,1,4.000000,0.000000,0.500000
152,0,0,5.000000,0.400000,0.500000
153,0,0,4.000000,0.000000,0.500000
154,0,0,4.000000,0.000000,0.500000
155,1,1,4.000000,0.000000,0.500000
156,1,1,5.000000,0.400000,0.500000
157,0,0,6.000000,0.700000,0.500000
158,0,0,7.000000,0.700000,0.500000
159,0,0,4.000000,0.000000,0.500000
160,0,0,12.000000,1.000000,0.500000
161,0,0,5.000000,0.400000,0.500000
162,0,0,4.000000,0.000000,0.500000
163,0,1,8.000000,0.900000,0.500000
164,0,0,4.000000,0.000000,0.500000
165,1,1,4.000000,0.000000,0.500000
166,1,1,6.000000,0.700000,0.500000
167,1,1,4.000000,0.000000,0.500000
168,1,0,8.000000,0.900000,0.500000
169,0,0,6.000000,0.700000,0.500000
170,0,0,4.000000,0.000000,0.500000
171,0,0,4.000000,0.000000,0.500000
172,0,0,4.000000,0.000000,0.500000
173,0,0,5.000000,0.400000,0.500000
174,0,0,5.000000,0.400000,0.500000
175,0,0,10.000000,0.900000,0.500000
176,1,1,5.000000,0.400000,0.500000
177,1,1,5.000000,0.400000,0.500000
178,1,1,6.000000,0.700000,0.500000
179,0,0,6.000000,0.700000,0.500000
180,1,1,5.000000,0.400000,0.500000
181,0,0,5.000000,0.400000,0.500000
182,1,1,7.000000,0.700000,0.500000
183,0,0,6.000000,0.700000,0.500000
184,0,0,5.000000,0.400000,0.500000
185,0,0,4.000000,0.000000,0.500000
186,0,0,4.000000,0.000000,0.500000
187,0,0,5.000000,0.400000,0.500000
188,1,1,6.000000,0.700000,0.500000
189,1,1,6.000000,0.900000,0.500000
190,0,1,6.000000,0.900000,0.500000
191,0,0,4.000000,0.000000,0.500000
192,1,1,5.000000,0.400000,0.500000
193,0,0,5.000000,0.800000,0.500000
194,1,1,6.000000,0.700000,0.500000
195,0,0,6.000000,0.700000,0.500000
196,1,1,4.000000,0.000000,0.500000
197,0,0,5.000000,0.400000,0.500000
198,0,0,5.000000,0.400000,0.500000
199,1,1,5.000000,0.400000,0.500000
200,0,0,4.000000,0.000000,0.500000
201,1,1,8.000000,0.800000,0.500000
202,1,1,6.000000,0.700000,0.500000
203,1,1,6.000000,0.700000,0.500000
204,1,1,4.000000,0.000000,0.500000
205,0,0,5.000000,0.400000,0.500000
206,0,0,7.000000,0.800000,0.500000
207,0,0,5.000000,0.400000,0.500000
208,0,0,4.000000,0.000000,0.500000
209,1,1,4.000000,0.000000,0.500000
210,0,0,6.000000,0.700000,0.500000
211,1,1,6.000000,0.700000,0.500000
212,0,0,8.000000,0.800000,0.500000
213,1,1,11.000000,1.000000,0.500000
214,1,1,6.000000,0.700000,0.500000
215,1,1,9.000000,0.800000,0.500000
216,0,0,8.000000,0.900000,0.500000
217,1,1,6.000000,0.700000,0.500000
218,0,0,4.000000,0.000000,0.500000
219,1,1,4.000000,0.000000,0.500000
220,1,1,5.000000,0.400000,0.500000
221,1,1,5.000000,0.400000,0.500000
222,1,1,5.000000,0.400000,0.500000
223,0,0,4.000000,0.000000,0.500000
224,1,1,6.000000,0.700000,0.500000
225,1,1,5.000000,0.400000,0.500000
226,0,0,9.000000,0.900000,0.500000
227,1,1,5.000000,0.400000,0.500000
228,1,1,4.000000,0.000000,0.500000
229,1,1,11.000000,1.000000,0.500000
230,0,0,4.000000,0.000000,0.500000
231,0,0,5.000000,0.400000,0.500000
232,0,0,8.000000,0.600000,0.500000
233,0,0,4.000000,0.000000,0.500000
234,1,1,9.000000,1.000000,0.500000
235,0,0,6.000000,0.700000,0.500000
236,0,0,5.000000,0.400000,0.500000
237,0,0,4.000000,0.000000,0.500000
238,0,0,4.000000,0.000000,0.500000
239,0,0,12.000000,0.900000,0.500000
240,0,0,5.000000,0.400000,0.500000
241,1,1,5.000000,0.400000,0.500000
242,0,0,8.000000,0.600000,0.500000
243,0,0,6.000000,0.700000,0.500000
244,1,1,4.000000,0.000000,0.500000
245,1,1,6.000000,0.700000,0.500000
246,1,1,4.000000,0.000000,0.500000
247,1,1,4.000000,0.000000,0.500000
248,1,0,5.000000,0.400000,0.500000
249,0,0,4.000000,0.000000,0.500000
250,1,1,5.000000,0.400000,0.500000
251,1,1,9.000000,0.900000,0.500000
252,0,0,5.000000,0.400000,0.500000
253,0,0,7.000000,0.700000,0.500000
254,1,1,5.000000,0.400000,0.500000
255,0,0,15.000000,1.000000,0.500000
256,1,1,7.000000,0.700000,0.500000
257,0,0,8.000000,0.900000,0.500000
258,0,0,5.000000,0.400000,0.500000
259,0,0,5.000000,0.400000,0.500000
260,1,1,5.000000,0.400000,0.500000
261,1,1,5.000000,0.400000,0.500000
262,1,1,5.000000,0.400000,0.500000
263,1,1,4.000000,0.000000,0.500000
264,1,1,4.000000,0.000000,0.500000
265,0,0,4.000000,0.000000,0.500000
266,0,0,5.000000,0.400000,0.500000
267,0,1,6.000000,0.700000,0.500000
268,1,1,10.000000,1.000000,0.500000
269,0,0,4.000000,0.000000,0.500000
270,1,1,5.000000,0.400000,0.500000
271,1,1,4.000000,0.000000,0.500000
272,1,1,8.000000,0.900000,0.500000
273,0,0,4.000000,0.000000,0.500000
274,1,1,7.000000,0.700000,0.500000
275,1,1,6.000000,0.700000,0.500000
276,1,1,5.000000,0.400000,0.500000
277,0,0,4.000000,0.000000,0.500000
278,0,0,4.000000,0.000000,0.500000
279,1,1,6.000000,0.700000,0.500000
280,1,1,4.000000,0.000000,0.500000
281,0,0,6.000000,0.700000,0.500000
282,0,0,4.000000,0.000000,0.500000
283,0,0,6.000000,0.700000,0.500000
284,0,0,4.000000,0.000000,0.500000
285,1,1,6.000000,0.700000,0.500000
286,0,0,5.000000,0.400000,0.500000
287,1,1,4.000000,0.000000,0.500000
288,0,0,5.000000,0.400000,0.500000
289,1,1,5.000000,0.400000,0.500000
290,1,1,4.000000,0.000000,0.500000
291,0,0,4.000000,0.000000,0.500000
292,1,0,6.000000,0.700000,0.500000
293,0,0,5.000000,0.400000,0.500000
294,0,0,5.000000,0.400000,0.500000
295,1,0,4.000000,0.000000,0.500000
296,0,0,4.000000,0.000000,0.500000
297,1,0,5.000000,0.400000,0.500000
298,0,0,5.000000,0.400000,0.500000
299,1,1,5.000000,0.400000,0.500000
300,0,0,8.000000,0.800000,0.500000
301,0,0,6.000000,0.700000,0.500000
302,0,0,4.000000,0.000000,0.500000
303,1,1,4.000000,0.000000,0.500000
304,0,0,6.000000,0.700000,0.500000
305,0,0,6.000000,0.700000,0.500000
306,1,1,7.000000,0.700000,0.500000
307,1,1,4.000000,0.000000,0.500000
308,1,1,5.000000,0.400000,0.500000
309,0,0,7.000000,0.700000,0.500000
310,1,1,7.000000,0.800000,0.500000
311,0,0,5.000000,0.400000,0.500000
312,0,0,5.000000,0.400000,0.500000
313,1,1,6.000000,0.700000,0.500000
314,0,0,8.000000,0.800000,0.500000
315,1,1,6.000000,0.700000,0.500000
316,0,0,5.000000,0.400000,0.500000
317,0,0,4.000000,0.000000,0.500000
318,1,0,7.000000,0.900000,0.500000
319,0,1,6.000000,0.700000,0.500000
320,0,0,4.000000,0.000000,0.500000
321,1,1,4.000000,0.000000,0.500000
322,0,1,7.000000,0.700000,0.500000
323,0,0,5.000000,0.400000,0.500000
324,1,1,8.000000,0.900000,0.500000
325,0,0,9.000000,0.900000,0.500000
326,0,0,6.000000,0.700000,0.500000
327,1,1,6.000000,0.700000,0.500000
328,1,1,5.000000,0.400000,0.500000
329,1,1,4.000000,0.000000,0.500000
330,1,1,4.000000,0.000000,0.500000
331,1,1,5.000000,0.400000,0.500000
332,1,1,4.000000,0.000000,0.500000
333,0,0,4.000000,0.000000,0.500000
334,1,1,7.000000,0.700000,0.500000
335,0,0,7.000000,0.700000,0.500000
336,1,1,5.000000,0.400000,0.500000
337,0,0,5.000000,0.400000,0.500000
338,0,0,4.000000,0.000000,0.500000
339,1,1,4.000000,0.000000,0.500000
340,0,0,6.000000,0.700000,0.500000
341,0,0,5.000000,0.400000,0.500000
342,1,1,6.000000,0.700000,0.500000
343,1,1,11.000000,1.000000,0.500000
344,1,1,4.000000,0.000000,0.500000
345,1,1,4.000000,0.000000,0.500000
346,1,1,4.000000,0.000000,0.500000
347,1,1,6.000000,0.700000,0.500000
348,0,1,4.000000,0.000000,0.500000
349,1,1,4.000000,0.000000,0.500000
350,0,0,5.000000,0.400000,0.500000
351,0,0,5.000000,0.400000,0.500000
352,0,0,6.000000,0.700000,0.500000
353,0,0,12.000000,1.000000,0.500000
354,1,1,4.000000,0.000000,0.500000
355,0,0,7.000000,0.700000,0.500000
356,0,0,5.000000,0.400000,0.500000
357,0,0,5.000000,0.400000,0.500000
358,0,0,5.000000,0.400000,0.500000
359,1,1,8.000000,0.900000,0.500000
360,0,0,4.000000,0.000000,0.500000
361,0,0,7.000000,0.900000,0.500000
362,1,1,9.000000,0.900000,0.500000
363,1,1,4.000000,0.000000,0.500000
364,1,1,5.000000,0.400000,0.500000
365,1,1,5.000000,0.400000,0.500000
366,1,1,4.000000,0.000000,0.500000
367,1,1,5.000000,0.400000,0.500000
368,1,1,5.000000,0.400000,0.500000
369,1,1,4.000000,0.000000,0.500000
370,1,1,5.000000,0.400000,0.500000
371,1,1,5.000000,0.400000,0.500000
372,0,0,8.000000,0.900000,0.500000
373,0,0,9.000000,1.000000,0.500000
374,0,0,5.000000,0.400000,0.500000
375,1,1,5.000000,0.400000,0.500000
376,0,0,4.000000,0.000000,0.500000
377,1,1,5.000000,0.400000,0.500000
378,0,0,5.000000,0.400000,0.500000
379,0,0,6.000000,0.700000,0.500000
380,0,0,5.000000,0.400000,0.500000
381,1,1,8.000000,0.800000,0.500000
382,0,0,6.000000,0.700000,0.500000
383,0,0,5.000000,0.800000,0.500000
384,0,0,5.000000,0.400000,0.500000
385,0,0,5.000000,0.400000,0.500000
386,1,1,5.000000,0.400000,0.500000
387,0,0,5.000000,0.400000,0.500000
388,0,0,4.000000,0.000000,0.500000
389,0,0,4.000000,0.000000,0.500000
390,1,0,6.000000,0.700000,0.500000
391,1,1,5.000000,0.400000,0.500000
392,1,1,5.000000,0.400000,0.500000
393,1,1,5.000000,0.400000,0.500000
394,1,1,4.000000,0.000000,0.500000
395,1,0,8.000000,0.900000,0.500000
396,1,1,5.000000,0.400000,0.500000
397,0,0,4.000000,0.000000,0.500000
398,0,0,5.000000,0.400000,0.500000
399,1,1,4.000000,0.000000,0.500000
400,1,1,4.000000,0.000000,0.500000
401,0,0,7.000000,0.700000,0.500000
402,0,1,7.000000,0.900000,0.500000
403,1,1,7.000000,0.700000,0.500000
404,1,1,4.000000,0.000000,0.500000
405,0,0,6.000000,0.700000,0.500000
406,1,1,9.000000,0.900000,0.500000
407,0,0,5.000000,0.400000,0.500000
408,1,1,7.000000,0.800000,0.500000
409,0,0,4.000000,0.000000,0.500000
410,0,0,4.000000,0.000000,0.500000
411,0,0,4.000000,0.000000,0.500000
412,1,1,5.000000,0.400000,0.500000
413,1,1,5.000000,0.400000,0.500000
414,0,0,6.000000,0.700000,0.500000
415,1,1,10.000000,1.000000,0.500000
416,0,0,5.000000,0.400000,0.500000
417,1,1,4.000000,0.000000,0.500000
418,1,1,4.000000,0.000000,0.500000
419,1,1,5.000000,0.400000,0.500000
420,1,1,4.000000,0.000000,0.500000
421,0,0,6.000000,0.700000,0.500000
422,0,0,4.000000,0.000000,0.500000
423,0,0,6.000000,0.700000,0.500000
424,0,0,4.000000,0.000000,0.500000
425,1,1,5.000000,0.400000,0.500000
426,1,1,5.000000,0.400000,0.500000
427,1,1,13.000000,1.000000,0.500000
428,1,0,7.000000,0.700000,0.500000
429,0,0,8.000000,0.800000,0.500000
430,0,0,4.000000,0.000000,0.500000
431,1,1,5.000000,0.400000,0.500000
432,1,1,4.000000,0.000000,0.500000
433,0,0,5.000000,0.400000,0.500000
434,0,0,15.000000,1.000000,0.500000
435,0,0,5.000000,0.400000,0.500000
436,0,0,5.000000,0.400000,0.500000
437,1,1,5.000000,0.400000,0.500000
438,0,0,10.000000,0.900000,0.500000
439,1,1,5.000000,0.400000,0.500000
440,0,0,5.000000,0.400000,0.500000
441,1,1,9.000000,0.900000,0.500000
442,0,0,8.000000,0.900000,0.500000
443,0,0,5.000000,0.400000,0.500000
444,0,0,8.000000,0.800000,0.500000
445,1,1,5.000000,0.800000,0.500000
446,1,1,4.000000,0.000000,0.500000
447,0,0,5.000000,0.400000,0.500000
448,0,1,13.000000,1.000000,0.500000
449,1,1,7.000000,0.700000,0.500000
450,1,1,6.000000,0.700000,0.500000
451,0,0,4.000000,0.000000,0.500000
452,1,1,5.000000,0.400000,0.500000
453,1,1,4.000000,0.000000,0.500000
454,0,0,4.000000,0.000000,0.500000
455,0,1,6.000000,0.700000,0.500000
456,1,1,5.000000,0.400000,0.500000
457,1,1,4.000000,0.000000,0.500000
458,0,0,5.000000,0.400000,0.500000
459,0,0,7.000000,0.800000,0.500000
460,1,1,4.000000,0.000000,0.500000
461,1,1,5.000000,0.400000,0.500000
462,0,0,5.000000,0.400000,0.500000
463,0,0,5.000000,0.400000,0.500000
464,1,1,6.000000,0.700000,0.500000
465,0,0,4.000000,0.000000,0.500000
466,0,0,6.000000,0.700000,0.500000
467,0,0,6.000000,0.700000,0.500000
468,1,1,11.000000,0.900000,0.500000
469,1,1,4.000000,0.000000,0.500000
470,1,1,5.000000,0.400000,0.500000
471,0,1,8.000000,0.900000,0.500000
472,1,1,4.000000,0.000000,0.500000
473,0,0,9.000000,1.000000,0.500000
474,1,1,5.000000,0.400000,0.500000
475,1,1,5.000000,0.400000,0.500000
476,1,1,5.000000,0.400000,0.500000
477,1,0,12.000000,1.000000,0.500000
478,0,0,7.000000,0.900000,0.500000
479,0,0,4.000000,0.000000,0.500000
480,1,1,6.000000,0.700000,0.500000
481,1,1,5.000000,0.400000,0.500000
482,0,0,8.000000,0.900000,0.500000
483,1,1,6.000000,0.700000,0.500000
484,0,0,6.000000,0.700000,0.500000
485,1,1,8.000000,0.600000,0.500000
486,0,0,9.000000,0.900000,0.500000
487,1,1,7.000000,0.800000,0.500000
488,0,0,5.000000,0.400000,0.500000
489,1,1,7.000000,0.700000,0.500000
490,1,1,10.000000,0.900000,0.500000
491,0,0,4.000000,0.000000,0.500000
492,1,1,4.000000,0.000000,0.500000
493,1,1,4.000000,0.000000,0.500000
494,1,1,4.000000,0.000000,0.500000
495,1,1,7.000000,0.800000,0.500000
496,1,1,8.000000,0.900000,0.500000
497,1,1,6.000000,0.900000,0.500000
498,0,0,5.000000,0.400000,0.500000
499,0,0,6.000000,0.700000,0.500000
500,1,1,6.000000,0.700000,0.500000
501,1,1,5.000000,0.400000,0.500000
502,0,0,8.000000,0.900000,0.500000
503,1,1,9.000000,0.900000,0.500000
504,1,1,5.000000,0.400000,0.500000
505,1,1,7.000000,0.700000,0.500000
506,1,1,4.000000,0.000000,0.500000
507,0,0,4.000000,0.000000,0.500000
508,0,0,5.000000,0.400000,0.500000
509,0,0,5.000000,0.400000,0.500000
510,0,0,5.000000,0.400000,0.500000
511,1,1,6.000000,0.700000,0.500000
512,1,1,6.000000,0.700000,0.500000
513,1,1,6.000000,0.700000,0.500000
514,0,0,4.000000,0.000000,0.500000
515,1,1,5.000000,0.400000,0.500000
516,1,1,4.000000,0.000000,0.500000
517,1,1,5.000000,0.400000,0.500000
518,1,1,4.000000,0.000000,0.500000
519,1,1,4.000000,0.000000,0.500000
520,1,1,10.000000,0.900000,0.500000
521,0,0,4.000000,0.000000,0.500000
522,0,0,5.000000,0.400000,0.500000
523,1,1,7.000000,0.800000,0.500000
524,1,1,5.000000,0.400000,0.500000
525,0,0,5.000000,0.400000,0.500000
526,1,1,5.000000,0.400000,0.500000
527,0,0,5.000000,0.400000,0.500000
528,1,1,6.000000,0.700000,0.500000
529,0,0,4.000000,0.000000,0.500000
530,0,0,4.000000,0.000000,0.500000
531,0,0,5.000000,0.400000,0.500000
532,0,0,4.000000,0.000000,0.500000
533,0,0,8.000000,0.800000,0.500000
534,1,1,5.000000,0.400000,0.500000
535,0,0,7.000000,0.700000,0.500000
536,0,0,13.000000,1.000000,0.500000
537,1,1,5.000000,0.400000,0.500000
538,0,0,4.000000,0.000000,0.500000
539,0,0,7.000000,0.700000,0.500000
540,0,0,6.000000,0.700000,0.500000
541,1,1,6.000000,0.700000,0.500000
542,0,1,6.000000,0.700000,0.500000
543,1,1,4.000000,0.000000,0.500000
544,0,0,4.000000,0.000000,0.500000
545,0,0,6.000000,0.900000,0.500000
546,0,0,5.000000,0.400000,0.500000
547,0,0,6.000000,0.700000,0.500000
548,1,1,4.000000,0.000000,0.500000
549,1,1,4.000000,0.000000,0.500000
550,1,1,5.000000,0.400000,0.500000
551,1,1,4.000000,0.000000,0.500000
552,1,1,4.000000,0.000000,0.500000
553,1,1,4.000000,0.000000,0.500000
554,0,1,6.000000,0.900000,0.500000
555,1,1,7.000000,0.700000,0.500000
556,1,1,5.000000,0.400000,0.500000
557,1,1,5.000000,0.400000,0.500000
558,0,0,12.000000,1.000000,0.500000
559,0,0,5.000000,0.400000,0.500000
560,0,1,11.000000,0.900000,0.500000
561,1,1,5.000000,0.400000,0.500000
562,1,1,4.000000,0.000000,0.500000
563,1,1,7.000000,0.700000,0.500000
564,0,0,6.000000,0.700000,0.500000
565,1,1,5.000000,0.400000,0.500000
566,1,1,5.000000,0.400000,0.500000
567,1,1,5.000000,0.400000,0.500000
568,1,1,4.000000,0.000000,0.500000
569,1,1,6.000000,0.700000,0.500000
570,1,1,5.000000,0.400000,0.500000
571,0,0,4.000000,0.000000,0.500000
572,1,0,12.000000,1.000000,0.500000
573,1,1,4.000000,0.000000,0.500000
574,0,1,6.000000,0.700000,0.500000
575,1,1,5.000000,0.400000,0.500000
576,0,0,6.000000,0.700000,0.500000
577,0,0,8.000000,0.800000,0.500000
578,0,1,10.000000,0.900000,0.500000
579,0,0,6.000000,0.900000,0.500000
580,1,0,4.000000,0.000000,0.500000
581,1,1,4.000000,0.000000,0.500000
582,1,1,4.000000,0.000000,0.500000
583,0,0,5.000000,0.400000,0.500000
584,1,0,6.000000,0.700000,0.500000
585,1,1,7.000000,0.700000,0.500000
586,1,1,5.000000,0.800000,0.500000
587,1,1,4.000000,0.000000,0.500000
588,1,1,4.000000,0.000000,0.500000
589,0,0,5.000000,0.400000,0.500000
590,0,0,5.000000,0.400000,0.500000
591,1,1,4.000000,0.000000,0.500000
592,1,0,5.000000,0.400000,0.500000
593,1,1,4.000000,0.000000,0.500000
594,0,0,7.000000,0.800000,0.500000
595,1,1,5.000000,0.400000,0.500000
596,0,0,6.000000,0.700000,0.500000
597,0,0,6.000000,0.700000,0.500000
598,0,0,5.000000,0.400000,0.500000
599,0,0,6.000000,0.700000,0.500000
600,1,1,4.000000,0.000000,0.500000
601,0,0,6.000000,0.700000,0.500000
602,1,1,8.000000,0.900000,0.500000
603,1,1,11.000000,1.000000,0.500000
604,1,1,4.000000,0.000000,0.500000
605,1,0,6.000000,0.900000,0.500000
606,1,0,5.000000,0.400000,0.500000
607,0,0,5.000000,0.400000,0.500000
608,0,1,10.000000,0.900000,0.500000
609,0,0,5.000000,0.400000,0.500000
610,1,1,4.000000,0.000000,0.500000
611,0,0,8.000000,0.800000,0.500000
612,0,0,6.000000,0.700000,0.500000
613,0,0,4.000000,0.000000,0.500000
614,1,1,4.000000,0.000000,0.500000
615,1,1,4.000000,0.000000,0.500000
616,1,1,4.000000,0.000000,0.500000
617,0,0,4.000000,0.000000,0.500000
618,0,0,5.000000,0.400000,0.500000
619,1,1,4.000000,0.000000,0.500000
620,0,0,4.000000,0.000000,0.500000
621,1,1,5.000000,0.400000,0.500000
622,1,1,5.000000,0.400000,0.500000
623,0,0,6.000000,0.700000,0.500000
624,0,0,4.000000,0.000000,0.500000
625,0,0,5.000000,0.400000,0.500000
626,0,0,8.000000,0.900000,0.500000
627,1,1,8.000000,0.800000,0.500000
628,1,1,5.000000,0.400000,0.500000
629,1,1,4.000000,0.000000,0.500000
630,0,0,4.000000,0.000000,0.500000
631,0,1,5.000000,0.400000,0.500000
632,0,0,4.000000,0.000000,0.500000
633,1,1,5.000000,0.400000,0.500000
634,1,1,9.000000,0.900000,0.500000
635,1,1,7.000000,0.700000,0.500000
636,0,0,5.000000,0.400000,0.500000
637,1,1,7.000000,0.700000,0.500000
638,0,0,4.000000,0.000000,0.500000
639,0,1,4.000000,0.000000,0.500000
640,0,0,8.000000,0.800000,0.500000
641,0,0,4.000000,0.000000,0.500000
642,0,0,6.000000,0.700000,0.500000
643,0,0,9.000000,0.800000,0.500000
644,1,1,4.000000,0.000000,0.500000
645,0,0,4.000000,0.000000,0.500000
646,1,0,5.000000,0.400000,0.500000
647,1,1,8.000000,0.900000,0.500000
648,1,1,5.000000,0.400000,0.500000
649,0,0,5.000000,0.400000,0.500000
650,0,0,5.000000,0.400000,0.500000
651,0,0,8.000000,0.900000,0.500000
652,1,1,6.000000,0.700000,0.500000
653,0,0,5.000000,0.400000,0.500000
654,0,0,5.000000,0.400000,0.500000
655,0,0,4.000000,0.000000,0.500000
656,1,1,4.000000,0.000000,0.500000
657,0,0,5.000000,0.400000,0.500000
658,1,1,4.000000,0.000000,0.500000
659,1,1,5.000000,0.400000,0.500000
660,0,0,5.000000,0.400000,0.500000
661,1,1,6.000000,0.700000,0.500000
662,0,0,6.000000,0.700000,0.500000
663,0,0,6.000000,0.700000,0.500000
664,0,0,4.000000,0.000000,0.500000
665,1,1,7.000000,0.700000,0.500000
666,1,1,7.000000,0.700000,0.500000
667,1,1,5.000000,0.400000,0.500000
668,0,0,4.000000,0.000000,0.500000
669,1,1,6.000000,0.700000,0.500000
670,1,1,5.000000,0.400000,0.500000
671,1,1,5.000000,0.400000,0.500000
672,1,0,6.000000,0.700000,0.500000
673,0,0,5.000000,0.400000,0.500000
674,1,0,6.000000,0.700000,0.500000
675,0,0,4.000000,0.000000,0.500000
676,0,0,5.000000,0.400000,0.500000
677,1,1,5.000000,0.400000,0.500000
678,0,0,5.000000,0.400000,0.500000
679,1,1,5.000000,0.800000,0.500000
680,0,0,7.000000,0.700000,0.500000
681,1,1,4.000000,0.000000,0.500000
682,0,0,4.000000,0.000000,0.500000
683,0,0,5.000000,0.400000,0.500000
684,1,1,7.000000,0.800000,0.500000
685,0,1,10.000000,0.900000,0.500000
686,0,1,5.000000,0.800000,0.500000
687,1,1,4.000000,0.000000,0.500000
688,0,1,6.000000,0.900000,0.500000
689,1,1,8.000000,0.600000,0.500000
690,1,0,4.000000,0.000000,0.500000
691,1,1,5.000000,0.400000,0.500000
692,0,0,6.000000,0.700000,0.500000
693,0,0,10.000000,0.900000,0.500000
694,0,0,5.000000,0.400000,0.500000
695,0,0,5.000000,0.400000,0.500000
696,1,1,9.000000,1.000000,0.500000
697,1,1,4.000000,0.000000,0.500000
698,0,0,6.000000,0.700000,0.500000
699,1,1,5.000000,0.400000,0.500000
700,0,0,5.000000,0.400000,0.500000
701,1,1,4.000000,0.000000,0.500000
702,0,0,6.000000,0.700000,0.500000
703,1,1,5.000000,0.800000,0.500000
704,0,1,7.000000,0.900000,0.500000
705,1,0,8.000000,0.800000,0.500000
706,0,1,6.000000,0.700000,0.500000
707,1,1,4.000000,0.000000,0.500000
708,0,0,5.000000,0.400000,0.500000
709,0,0,4.000000,0.000000,0.500000
710,1,1,13.000000,1.000000,0.500000
711,0,0,4.000000,0.000000,0.500000
712,0,0,5.000000,0.400000,0.500000
713,0,0,4.000000,0.000000,0.500000
714,0,0,11.000000,0.900000,0.500000
715,1,1,4.000000,0.000000,0.500000
716,1,1,5.000000,0.400000,0.500000
717,1,1,4.000000,0.000000,0.500000
718,1,0,6.000000,0.900000,0.500000
719,0,1,6.000000,0.700000,0.500000
720,1,0,9.000000,0.900000,0.500000
721,1,1,5.000000,0.400000,0.500000
722,1,0,7.000000,0.900000,0.500000
723,1,1,4.000000,0.000000,0.500000
724,0,1,8.000000,0.900000,0.500000
725,0,1,5.000000,0.400000,0.500000
726,1,1,5.000000,0.400000,0.500000
727,0,0,9.000000,0.900000,0.500000
728,1,1,5.000000,0.400000,0.500000
729,0,0,4.000000,0.000000,0.500000
730,1,1,4.000000,0.000000,0.500000
731,0,0,5.000000,0.400000,0.500000
732,1,1,5.000000,0.400000,0.500000
733,0,0,4.000000,0.000000,0.500000
734,0,0,5.000000,0.400000,0.500000
735,1,1,4.000000,0.000000,0.500000
736,0,0,8.000000,0.800000,0.500000
737,1,0,7.000000,0.800000,0.500000
738,1,1,6.000000,0.700000,0.500000
739,0,0,5.000000,0.400000,0.500000
740,0,0,6.000000,0.700000,0.500000
741,0,0,4.000000,0.000000,0.500000
742,0,0,4.000000,0.000000,0.500000
743,1,1,5.000000,0.400000,0.500000
744,0,0,4.000000,0.000000,0.500000
745,1,1,5.000000,0.400000,0.500000
746,1,1,4.000000,0.000000,0.500000
747,1,1,6.000000,0.700000,0.500000
748,1,1,4.000000,0.000000,0.500000
749,0,0,5.000000,0.400000,0.500000
750,1,1,7.000000,0.900000,0.500000
751,1,1,4.000000,0.000000,0.500000
752,1,1,4.000000,0.000000,0.500000
753,1,1,6.000000,0.700000,0.500000
754,1,1,4.000000,0.000000,0.500000
755,1,1,4.000000,0.000000,0.500000
756,0,0,6.000000,0.700000,0.500000
757,1,1,9.000000,0.900000,0.500000
758,1,1,4.000000,0.000000,0.500000
759,1,1,10.000000,0.900000,0.500000
760,1,1,4.000000,0.000000,0.500000
761,1,1,7.000000,0.900000,0.500000
762,1,1,9.000000,0.900000,0.500000
763,0,0,4.000000,0.000000,0.500000
764,1,1,8.000000,0.900000,0.500000
765,0,0,10.000000,0.900000,0.500000
766,0,0,5.000000,0.400000,0.500000
767,0,0,4.000000,0.000000,0.500000
768,1,1,5.000000,0.400000,0.500000
769,0,0,5.000000,0.400000,0.500000
770,1,1,4.000000,0.000000,0.500000
771,1,1,5.000000,0.400000,0.500000
772,0,0,4.000000,0.000000,0.500000
773,1,1,7.000000,0.800000,0.500000
774,0,0,10.000000,0.800000,0.500000
775,1,0,5.000000,0.400000,0.500000
776,1,0,5.000000,0.400000,0.500000
777,1,1,4.000000,0.000000,0.500000
778,0,0,7.000000,0.700000,0.500000
779,1,1,14.000000,1.000000,0.500000
780,1,1,4.000000,0.000000,0.500000
781,0,0,4.000000,0.000000,0.500000
782,0,0,6.000000,0.900000,0.500000
783,1,1,4.000000,0.000000,0.500000
784,1,0,6.000000,0.900000,0.500000
785,1,1,4.000000,0.000000,0.500000
786,0,0,5.000000,0.400000,0.500000
787,1,0,5.000000,0.400000,0.500000
788,1,1,4.000000,0.000000,0.500000
789,1,1,5.000000,0.400000,0.500000
790,1,1,4.000000,0.000000,0.500000
791,1,1,11.000000,0.900000,0.500000
792,0,0,4.000000,0.000000,0.500000
793,0,0,4.000000,0.000000,0.500000
794,1,1,6.000000,0.700000,0.500000
795,1,1,5.000000,0.400000,0.500000
796,0,0,5.000000,0.400000,0.500000
797,0,0,5.000000,0.400000,0.500000
798,0,0,4.000000,0.000000,0.500000
799,0,0,5.000000,0.400000,0.500000
800,0,0,6.000000,0.700000,0.500000
801,1,1,4.000000,0.000000,0.500000
802,0,0,6.000000,0.900000,0.500000
803,0,0,4.000000,0.000000,0.500000
804,1,1,4.000000,0.000000,0.500000
805,1,1,7.000000,0.800000,0.500000
806,0,1,7.000000,0.900000,0.500000
807,1,1,4.000000,0.000000,0.500000
808,1,1,12.000000,1.000000,0.500000
809,0,0,6.000000,0.700000,0.500000
810,1,1,6.000000,0.700000,0.500000
811,1,1,4.000000,0.000000,0.500000
812,1,1,5.000000,0.400000,0.500000
813,0,0,6.000000,0.700000,0.500000
814,0,0,4.000000,0.000000,0.500000
815,1,1,4.000000,0.000000,0.500000
816,0,0,7.000000,0.700000,0.500000
817,0,0,5.000000,0.400000,0.500000
818,1,1,12.000000,0.900000,0.500000
819,1,1,4.000000,0.000000,0.500000
820,1,1,4.000000,0.000000,0.500000
821,0,0,6.000000,0.700000,0.500000
822,1,1,4.000000,0.000000,0.500000
823,0,1,10.000000,0.900000,0.500000
824,1,1,4.000000,0.000000,0.500000
825,1,0,8.000000,0.800000,0.500000
826,0,0,4.000000,0.000000,0.500000
827,0,1,5.000000,0.800000,0.500000
828,1,1,5.000000,0.400000,0.500000
829,1,1,5.000000,0.400000,0.500000
830,1,1,4.000000,0.000000,0.500000
831,0,0,4.000000,0.000000,0.500000
832,1,1,4.000000,0.000000,0.500000
833,0,0,4.000000,0.000000,0.500000
834,1,1,6.000000,0.700000,0.500000
835,0,0,5.000000,0.400000,0.500000
836,1,1,5.000000,0.400000,0.500000
837,1,0,9.000000,0.900000,0.500000
838,1,1,4.000000,0.000000,0.500000
839,1,1,6.000000,0.900000,0.500000
840,1,1,8.000000,0.800000,0.500000
841,0,0,5.000000,0.400000,0.500000
842,1,1,6.000000,0.700000,0.500000
843,1,1,4.000000,0.000000,0.500000
844,1,1,5.000000,0.400000,0.500000
845,1,1,8.000000,0.800000,0.500000
846,0,0,5.000000,0.400000,0.500000
847,0,0,8.000000,0.800000,0.500000
848,0,0,7.000000,0.700000,0.500000
849,1,1,4.000000,0.000000,0.500000
850,0,0,7.000000,0.700000,0.500000
851,1,1,4.000000,0.000000,0.500000
852,1,1,5.000000,0.400000,0.500000
853,1,1,6.000000,0.900000,0.500000
854,1,1,4.000000,0.000000,0.500000
855,1,1,4.000000,0.000000,0.500000
856,1,1,5.000000,0.800000,0.500000
857,1,1,5.000000,0.400000,0.500000
858,0,0,4.000000,0.000000,0.500000
859,1,1,5.000000,0.400000,0.500000
860,1,1,4.000000,0.000000,0.500000
861,1,1,8.000000,0.900000,0.500000
862,1,1,4.000000,0.000000,0.500000
863,1,0,8.000000,0.900000,0.500000
864,1,1,6.000000,0.700000,0.500000
865,0,0,4.000000,0.000000,0.500000
866,1,1,8.000000,0.900000,0.500000
867,0,0,6.000000,0.700000,0.500000
868,1,1,4.000000,0.000000,0.500000
869,0,0,4.000000,0.000000,0.500000
870,0,0,5.000000,0.400000,0.500000
871,1,1,5.000000,0.400000,0.500000
872,0,0,8.000000,0.900000,0.500000
873,1,1,7.000000,0.700000,0.500000
874,1,0,6.000000,0.900000,0.500000
875,0,0,4.000000,0.000000,0.500000
876,0,0,5.000000,0.400000,0.500000
877,1,1,5.000000,0.400000,0.500000
878,1,1,8.000000,0.800000,0.500000
879,0,0,4.000000,0.000000,0.500000
880,0,1,5.000000,0.400000,0.500000
881,0,0,5.000000,0.400000,0.500000
882,0,0,5.000000,0.400000,0.500000
883,1,1,5.000000,0.400000,0.500000
884,0,0,4.000000,0.000000,0.500000
885,1,1,5.000000,0.400000,0.500000
886,1,1,6.000000,0.700000,0.500000
887,0,0,4.000000,0.000000,0.500000
888,0,0,4.000000,0.000000,0.500000
889,0,0,5.000000,0.400000,0.500000
890,1,1,5.000000,0.400000,0.500000
891,0,0,4.000000,0.000000,0.500000
892,1,1,5.000000,0.400000,0.500000
893,1,1,4.000000,0.000000,0.500000
894,1,1,4.000000,0.000000,0.500000
895,0,0,4.000000,0.000000,0.500000
896,1,1,5.000000,0.400000,0.500000
897,1,1,4.000000,0.000000,0.500000
898,1,0,8.000000,0.900000,0.500000
899,1,1,4.000000,0.000000,0.500000
900,1,1,8.000000,0.600000,0.500000
901,0,0,4.000000,0.000000,0.500000
902,1,0,5.000000,0.400000,0.500000
903,1,1,6.000000,0.700000,0.500000
904,1,1,5.000000,0.400000,0.500000
905,0,0,7.000000,0.700000,0.500000
906,1,1,5.000000,0.400000,0.500000
907,0,0,6.000000,0.700000,0.500000
908,1,0,6.000000,0.700000,0.500000
909,0,0,5.000000,0.400000,0.500000
910,0,0,4.000000,0.000000,0.500000
911,0,0,5.000000,0.400000,0.500000
912,0,0,4.000000,0.000000,0.500000
913,1,0,6.000000,0.700000,0.500000
914,1,1,14.000000,1.000000,0.500000
915,0,0,8.000000,0.800000,0.500000
916,0,0,6.000000,0.700000,0.500000
917,0,0,5.000000,0.400000,0.500000
918,0,0,6.000000,0.700000,0.500000
919,0,0,5.000000,0.400000,0.500000
920,0,0,13.000000,1.000000,0.500000
921,0,0,6.000000,0.700000,0.500000
922,1,1,4.000000,0.000000,0.500000
923,1,1,6.000000,0.900000,0.500000
924,0,0,6.000000,0.900000,0.500000
925,0,0,4.000000,0.000000,0.500000
926,0,0,4.000000,0.000000,0.500000
927,1,1,5.000000,0.400000,0.500000
928,0,0,4.000000,0.000000,0.500000
929,1,1,5.000000,0.400000,0.500000
930,0,0,5.000000,0.400000,0.500000
931,0,0,6.000000,0.900000,0.500000
932,0,0,5.000000,0.400000,0.500000
933,0,0,6.000000,0.700000,0.500000
934,0,0,10.000000,0.900000,0.500000
935,1,1,4.000000,0.000000,0.500000
936,0,0,6.000000,0.700000,0.500000
937,1,1,6.000000,0.700000,0.500000
938,0,0,6.000000,0.700000,0.500000
939,1,1,5.000000,0.400000,0.500000
940,0,0,5.000000,0.400000,0.500000
941,0,0,4.000000,0.000000,0.500000
942,1,1,4.000000,0.000000,0.500000
943,1,1,5.000000,0.400000,0.500000
944,1,1,5.000000,0.400000,0.500000
945,1,1,5.000000,0.400000,0.500000
946,1,1,5.000000,0.400000,0.500000
947,1,1,4.000000,0.000000,0.500000
948,0,0,6.000000,0.900000,0.500000
949,1,1,4.000000,0.000000,0.500000
950,0,0,4.000000,0.000000,0.500000
951,1,1,5.000000,0.400000,0.500000
952,1,1,6.000000,0.700000,0.500000
953,1,1,4.000000,0.000000,0.500000
954,0,1,9.000000,0.900000,0.500000
955,1,1,5.000000,0.400000,0.500000
956,0,1,11.000000,0.900000,0.500000
957,0,0,6.000000,0.700000,0.500000
958,0,0,5.000000,0.400000,0.500000
959,0,0,5.000000,0.400000,0.500000
960,1,1,6.000000,0.700000,0.500000
961,1,1,4.000000,0.000000,0.500000
962,1,1,4.000000,0.000000,0.500000
963,0,0,4.000000,0.000000,0.500000
964,1,1,7.000000,0.900000,0.500000
965,0,0,5.000000,0.400000,0.500000
966,0,1,5.000000,0.400000,0.500000
967,0,0,6.000000,0.700000,0.500000
968,1,1,7.000000,0.700000,0.500000
969,0,0,5.000000,0.400000,0.500000
970,0,0,4.000000,0.000000,0.500000
971,1,1,5.000000,0.400000,0.500000
972,1,1,10.000000,0.800000,0.500000
973,0,0,5.000000,0.400000,0.500000
974,1,1,5.000000,0.400000,0.500000
975,1,1,9.000000,0.900000,0.500000
976,1,1,4.000000,0.000000,0.500000
977,1,1,5.000000,0.400000,0.500000
978,0,0,4.000000,0.000000,0.500000
979,0,0,5.000000,0.400000,0.500000
980,1,1,11.000000,0.900000,0.500000
981,0,0,4.000000,0.000000,0.500000
982,1,1,6.000000,0.700000,0.500000
983,0,1,6.000000,0.700000,0.500000
984,0,0,4.000000,0.000000,0.500000
985,1,1,5.000000,0.400000,0.500000
986,1,1,7.000000,0.700000,0.500000
987,1,1,5.000000,0.400000,0.500000
988,1,1,5.000000,0.400000,0.500000
989,1,1,7.000000,0.800000,0.500000
990,0,0,5.000000,0.400000,0.500000
991,0,0,7.000000,0.700000,0.500000
992,0,0,7.000000,0.800000,0.500000
993,1,1,5.000000,0.400000,0.500000
994,1,1,6.000000,0.700000,0.500000
995,1,1,5.000000,0.400000,0.500000
996,0,1,8.000000,0.800000,0.500000
997,0,0,5.000000,0.400000,0.500000
998,1,1,6.000000,0.700000,0.500000
999,1,1,11.000000,1.000000,0.500000
WorkerID,Gamma,TrueGamma
405,0.535162,0.974623
186,0.507824,0.787809
882,0.457267,0.780363
656,0.498223,1.106033
958,0.464128,0.306275
318,0.439218,1.280017
756,0.472456,0.867422
671,0.524580,1.247578
645,0.417631,0.444094
465,0.389503,0.515404
768,0.453534,1.433951
873,0.519277,1.508077
650,0.449979,1.343000
188,0.525698,1.459681
426,0.536573,1.283673
717,0.473738,0.974881
201,0.465971,2.335576
711,0.530506,0.954228
809,0.431293,1.431545
228,0.474724,1.698929
731,0.641377,1.779486
999,0.547665,1.508811
735,0.414494,0.978727
455,0.512220,1.256810
310,0.425120,0.946442
492,0.399734,1.579006
816,0.534300,1.106836
348,0.456396,0.350180
920,0.433780,1.024471
555,0.427380,1.016496
894,0.454337,0.627385
104,0.489469,0.816387
515,0.410832,0.655725
775,0.483614,2.533734
742,0.463223,0.269903
751,0.665550,1.902711
776,0.417127,0.709684
955,0.408984,0.823610
347,0.763901,1.551548
315,0.423427,1.120571
852,0.455552,0.739266
142,0.525672,1.495143
466,0.528690,2.084929
25,0.524211,0.647302
544,0.438642,1.094485
883,0.542611,0.718151
73,0.609358,1.744527
932,0.461352,0.462640
446,0.455486,0.542498
97,0.665797,1.242083
831,0.434479,0.434668
358,0.561899,0.997308
26,0.502573,1.308389
630,0.521158,0.574083
725,0.473098,1.200141
531,0.561949,0.887475
569,0.505393,0.992050
655,0.567382,0.810961
439,0.472084,0.793266
620,0.531652,1.137402
484,0.406666,2.460483
298,0.465004,1.619966
981,0.581765,0.780092
305,0.423186,1.574437
986,0.401118,1.678251
908,0.442590,0.204186
447,0.482788,1.950029
723,0.447005,2.002408
75,0.424013,0.694045
346,0.532526,2.083072
120,0.520481,1.786185
666,0.434065,0.602100
451,0.488483,0.478663
408,0.493874,1.574597
60,0.442275,1.273609
441,0.428385,0.772866
635,0.585027,1.404162
344,0.527978,1.338601
839,0.396667,0.673865
342,0.564188,1.121457
850,0.434375,0.390144
755,0.398873,0.751699
397,0.507656,0.863494
159,0.477216,0.872652
604,0.427650,2.814886
262,0.437182,0.698083
58,0.394804,0.816159
957,0.471912,1.303970
726,0.449093,0.598589
359,0.375540,1.710684
416,0.377972,0.603811
857,0.492823,0.903551
818,0.410874,0.429112
588,0.425969,0.404371
59,0.445079,1.067360
817,0.384111,0.472060
938,0.437236,0.469162
782,0.576713,3.320639
238,0.469222,1.480775
86,0.597634,1.306024
771,0.429189,0.402041
268,0.407571,1.263656
214,0.566332,0.730021
931,0.413718,1.156331
19,0.490968,0.525206
243,0.581459,1.088037
749,0.668266,0.664628
282,0.520085,1.446291
28,0.498400,0.758501
961,0.428448,0.858373
135,0.538439,2.037236
885,0.418473,0.998352
179,0.544525,1.561828
240,0.535271,1.760441
410,0.436857,0.541002
689,0.596212,1.495074
452,0.410511,0.439917
629,0.592376,0.960675
472,0.437672,1.399645
952,0.536231,1.688480
17,0.391953,0.756633
909,0.462951,0.986436
546,0.578798,0.844303
233,0.566903,1.947464
947,0.621121,1.183071
936,0.417215,1.370618
727,0.469845,1.153257
972,0.414319,0.538086
715,0.481335,1.080282
860,0.440793,0.426864
840,0.418797,1.253545
500,0.466526,0.729316
23,0.427181,1.511400
274,0.556776,2.140179
222,0.456883,1.322558
193,0.468449,1.672292
178,0.462311,1.123368
900,0.470889,0.655904
980,0.595029,1.183794
539,0.445862,0.624534
411,0.421838,0.300595
3,0.501979,1.065351
566,0.467267,2.215581
600,0.434090,0.546980
432,0.636422,1.965672
458,0.583286,1.518648
556,0.483088,0.991986
534,0.485165,2.348706
826,0.427075,0.417654
741,0.409666,1.465067
517,0.490907,1.738883
341,0.387471,1.298354
690,0.628274,1.519187
78,0.604044,1.100726
927,0.414375,1.326401
183,0.479654,2.188374
695,0.424214,1.609504
31,0.513369,1.530149
532,0.557585,0.415187
640,0.424520,0.952099
618,0.410816,1.286706
46,0.460076,0.868724
189,0.444664,0.470522
971,0.388731,1.385199
642,0.449216,0.970713
218,0.416292,0.272334
114,0.434759,1.707157
340,0.402314,1.272223
984,0.531997,1.381777
64,0.421678,0.930895
525,0.434937,1.323620
612,0.436175,1.480982
123,0.534856,2.212395
328,0.444424,1.131926
514,0.479864,0.933140
221,0.498384,0.577549
964,0.521677,1.338937
306,0.453039,0.361825
753,0.476988,1.421214
453,0.469052,1.474735
211,0.473091,0.310043
100,0.458426,1.572841
881,0.450541,0.248861
545,0.588620,0.638926
603,0.455550,1.124483
800,0.489825,0.809389
125,0.483256,0.884107
280,0.464579,1.241687
607,0.423769,1.077472
772,0.490707,1.706348
10,0.520444,0.506795
687,0.551342,1.410132
935,0.402718,0.893864
785,0.446402,0.538785
577,0.500637,2.215542
72,0.457889,1.068089
910,0.553291,1.559642
92,0.433561,0.477006
915,0.447808,0.259755
838,0.485146,1.525286
554,0.596246,0.606938
334,0.426594,0.833838
897,0.540810,1.609097
343,0.429619,0.691391
535,0.480988,1.212892
8,0.476975,2.054827
787,0.507053,1.281396
680,0.424052,0.943388
788,0.657549,3.362766
65,0.418458,0.760231
967,0.545237,0.433309
750,0.602387,0.937567
132,0.584297,2.079801
558,0.485982,2.178966
575,0.432550,1.263418
476,0.544743,0.977460
433,0.456571,0.576961
287,0.477143,1.385209
295,0.462319,0.651800
710,0.438087,0.884549
537,0.424048,2.074919
212,0.478752,0.596026
648,0.577134,1.592958
716,0.607596,1.739310
322,0.551183,1.293015
196,0.602345,1.062418
267,0.488099,0.700682
799,0.593865,0.908155
112,0.505751,0.538221
430,0.525122,1.549134
149,0.561177,1.271975
970,0.413611,0.786769
462,0.410092,1.055584
321,0.470183,1.855165
375,0.435816,0.206348
386,0.486768,0.391313
226,0.533710,2.124763
422,0.664132,1.053770
335,0.592530,1.053865
503,0.534533,0.669026
242,0.477875,1.271435
5,0.501025,0.307512
660,0.422680,0.495365
793,0.428828,1.983470
549,0.523684,0.440538
988,0.416004,2.122945
291,0.490133,1.970262
703,0.418687,0.515955
105,0.529711,2.556124
224,0.465447,0.655116
107,0.540219,2.207263
425,0.523390,0.521592
728,0.484862,1.412638
550,0.465972,1.591074
844,0.453235,0.788245
948,0.520176,1.594708
801,0.469948,1.831562
973,0.503626,1.444353
993,0.442202,3.026662
117,0.474899,1.068084
382,0.646807,1.169908
760,0.510301,0.829438
807,0.630432,2.698576
925,0.408295,0.661467
428,0.489613,0.693363
889,0.483263,1.145840
260,0.486729,1.661503
209,0.430416,1.449152
736,0.452689,2.011080
685,0.544099,1.204677
385,0.582482,1.611787
865,0.582862,1.056134
497,0.595404,1.591369
746,0.405313,0.600587
740,0.479937,1.363141
626,0.478700,1.228245
398,0.404038,0.668930
937,0.419359,1.691704
585,0.482561,1.091215
890,0.528040,1.052205
754,0.481989,0.786656
992,0.491262,1.030803
593,0.395959,0.599665
975,0.525187,2.104278
202,0.574725,1.060569
333,0.485003,2.542083
40,0.408459,1.600307
150,0.506907,1.788721
378,0.482601,0.942667
319,0.493593,0.689563
828,0.438209,1.022938
859,0.535199,0.745453
526,0.493916,1.454445
851,0.477595,1.033173
355,0.546067,0.931643
284,0.512852,0.723603
982,0.511106,2.109683
81,0.523873,1.031184
848,0.428848,1.878827
43,0.444636,1.118689
628,0.492376,1.829827
276,0.393589,0.405437
404,0.566176,1.728471
797,0.470644,0.492896
652,0.461175,0.791601
257,0.455642,1.358978
930,0.530229,2.446263
521,0.528401,1.530329
388,0.499159,0.849493
662,0.539227,1.279194
846,0.550040,1.731115
248,0.530854,0.934438
623,0.583753,1.125453
974,0.488444,0.917474
254,0.508676,1.183461
875,0.474497,0.821547
813,0.551862,1.148168
111,0.488281,0.593315
44,0.615909,1.201064
899,0.459488,1.495666
22,0.492515,0.819200
216,0.497466,1.825074
393,0.595822,1.463225
730,0.573227,0.645689
157,0.541441,0.579657
304,0.600430,3.674873
230,0.452308,0.527169
597,0.478412,0.474833
602,0.479851,1.061894
74,0.488197,1.033751
485,0.513465,1.030769
491,0.674043,0.636506
39,0.471068,0.222750
444,0.544913,1.801951
191,0.638956,1.275269
29,0.502077,0.895381
437,0.516589,0.130868
352,0.717004,1.722693
869,0.496182,2.054613
501,0.499482,0.801020
461,0.527334,0.932225
507,0.661027,3.038766
95,0.545911,1.386747
488,0.608348,1.061905
790,0.499223,0.550025
234,0.554901,1.076042
688,0.662550,1.321843
823,0.512544,0.502668
684,0.546976,0.875591
251,0.519508,0.490242
195,0.576269,1.055230
156,0.578192,1.033392
719,0.609654,1.300948
232,0.507508,0.567234
293,0.469979,1.070670
678,0.442302,0.628493
203,0.544072,1.286938
638,0.568226,0.881345
968,0.546469,1.063999
653,0.509015,1.766869
506,0.493105,0.456819
198,0.534181,2.359091
548,0.567772,1.976519
308,0.493690,1.366978
205,0.564602,1.088474
45,0.610960,2.912709
220,0.539467,1.520767
261,0.457240,0.794462
283,0.568259,1.782178
324,0.490463,0.567981
551,0.592972,1.726892
917,0.535032,0.514844
864,0.625904,1.961299
434,0.514699,0.447759
77,0.541348,0.791912
9,0.643957,0.934300
718,0.534327,1.335473
70,0.624351,1.151382
436,0.441405,0.618415
217,0.498558,0.795846
683,0.566664,1.296221
574,0.644008,1.812331
460,0.605952,1.114994
798,0.451422,0.684761
364,0.549473,2.483105
372,0.473626,0.777530
791,0.494909,1.127571
533,0.493887,0.468646
916,0.554641,1.579181
998,0.576733,1.535706
713,0.513225,1.527136
949,0.512874,0.490434
983,0.477758,0.552600
384,0.539489,0.831052
779,0.668791,1.724884
332,0.546650,1.297060
579,0.504732,1.132325
561,0.649635,0.968361
285,0.581201,1.543025
804,0.590869,1.631733
781,0.583602,1.024629
697,0.669259,0.717333
84,0.466267,1.120882
766,0.456733,1.272218
161,0.592858,1.528274
605,0.500006,0.255581
953,0.535940,1.780659
307,0.498344,1.147598
879,0.495638,1.163172
124,0.570597,0.619417
966,0.605682,0.872936
32,0.481144,0.815880
784,0.513175,0.205252
552,0.498355,2.829828
467,0.472500,1.369398
85,0.586871,3.888110
557,0.686638,2.092263
42,0.486642,0.547743
547,0.504919,0.931337
670,0.619141,0.491666
654,0.542898,1.008496
273,0.526952,0.684044
89,0.548262,0.415991
171,0.480916,0.701220
309,0.674610,1.185081
643,0.573578,1.593921
926,0.512310,1.085254
668,0.663843,0.979607
175,0.559350,0.669360
162,0.501115,1.099090
825,0.639257,1.224283
373,0.614596,0.610122
79,0.660973,1.295200
288,0.552560,0.762438
357,0.672844,2.327803
140,0.490201,2.004492
206,0.532327,0.927820
83,0.553246,0.816391
400,0.603503,1.257374
732,0.555027,0.928203
412,0.590087,1.317363
272,0.501517,1.145678
299,0.503634,1.188795
789,0.598714,1.143287
241,0.548545,0.824109
421,0.494414,1.789848
370,0.598253,0.658999
194,0.501811,1.041853
180,0.441722,1.388778
250,0.502722,0.212515
12,0.481546,2.061351
265,0.473656,1.171663
606,0.617970,0.779311
495,0.522969,1.836000
68,0.514215,0.772984
774,0.612638,1.040725
519,0.521294,0.616349
963,0.607005,2.815638
591,0.528767,3.205345
743,0.542899,0.625584
765,0.563148,1.162617
959,0.484096,0.507519
794,0.550593,1.844825
524,0.506695,1.110492
290,0.592100,1.616281
664,0.510236,1.996854
815,0.585029,0.788170
979,0.466761,0.857746
641,0.581623,0.464397
419,0.493106,0.595958
471,0.632779,1.718214
759,0.589003,3.260977
391,0.538380,1.589381
325,0.545722,1.418497
361,0.648591,3.035083
33,0.660614,1.317283
613,0.533856,0.798044
482,0.538811,0.819944
90,0.482649,1.205182
679,0.475145,0.906680
681,0.470463,2.696487
336,0.507470,1.214121
675,0.534308,0.679908
493,0.618708,1.546962
610,0.536046,1.248266
777,0.510777,0.904339
780,0.588640,3.014912
764,0.538084,1.099454
625,0.556444,0.367686
371,0.597031,2.468548
7,0.456160,0.744468
674,0.488002,1.937266
49,0.587149,1.930309
490,0.577730,1.922765
173,0.593349,1.821216
139,0.471516,1.129956
329,0.610750,2.197680
27,0.585803,2.264042
102,0.457281,0.458025
197,0.659503,1.364321
866,0.489663,0.991636
954,0.471960,0.884121
289,0.515679,1.661902
445,0.635429,1.927733
82,0.555208,0.995651
893,0.495191,1.353900
407,0.558641,1.120502
339,0.509323,1.181349
599,0.474615,1.738405
560,0.659534,1.506380
601,0.511683,0.872967
246,0.520111,0.995677
712,0.585105,1.190772
300,0.507579,0.360508
978,0.540668,4.183775
518,0.544217,2.101964
369,0.494994,1.326547
374,0.584584,0.798565
584,0.595357,1.867277
129,0.690141,1.039862
646,0.485967,0.975502
709,0.524787,1.227022
940,0.579322,1.011984
294,0.621589,1.510397
237,0.492468,0.535025
464,0.534733,0.988190
463,0.544662,1.073363
278,0.759321,1.872473
253,0.541459,1.625500
417,0.736423,0.878004
88,0.469786,1.279241
20,0.466698,1.481015
819,0.478276,1.209997
734,0.598598,0.870834
356,0.691454,1.515924
672,0.600868,1.112307
758,0.477028,0.897870
169,0.512523,0.783970
536,0.481305,1.303125
137,0.667110,2.479630
748,0.543228,1.247165
406,0.502356,0.239788
528,0.497176,0.446900
177,0.617239,0.790940
192,0.441291,0.762090
739,0.636671,1.350738
891,0.604412,0.745832
708,0.499416,1.867294
108,0.598627,1.424837
824,0.519690,2.069217
729,0.529269,0.915001
468,0.628535,0.917638
692,0.584357,1.196446
918,0.517663,0.696976
303,0.533933,2.220698
698,0.530494,0.890883
402,0.596344,2.058155
449,0.566585,1.162446
592,0.595359,1.516236
301,0.523151,0.906148
502,0.443177,0.191540
989,0.491539,1.044370
145,0.523543,1.412522
106,0.477508,0.980586
438,0.529868,0.613069
57,0.606150,1.155949
578,0.552768,3.571470
621,0.597054,1.471523
582,0.601247,2.496186
647,0.582979,1.329238
837,0.457747,1.546580
409,0.601497,2.141850
387,0.593611,1.194077
182,0.561151,1.712466
279,0.624424,1.983348
331,0.595055,0.829387
496,0.591073,1.078594
327,0.586120,1.299017
435,0.527502,0.722555
320,0.656024,1.841646
271,0.543738,2.484291
563,0.458877,0.754429
553,0.601613,0.923472
252,0.571638,1.179452
676,0.601116,1.083099
52,0.627345,0.882941
313,0.559620,0.852673
367,0.479718,0.860759
880,0.551654,0.922848
720,0.515302,1.207746
990,0.517998,1.475357
872,0.555924,0.780789
0,0.494327,1.490108
956,0.544108,0.689237
686,0.478693,1.538628
131,0.542134,2.418382
87,0.538169,0.631751
200,0.689919,0.952434
808,0.506792,0.888369
761,0.514514,1.586245
541,0.556547,0.939316
997,0.461518,0.488746
624,0.485729,0.374182
151,0.539537,0.972157
543,0.489321,0.788615
714,0.658920,1.268573
311,0.602792,1.568655
148,0.577007,0.107603
863,0.617347,1.192081
71,0.474043,0.516221
892,0.527181,0.809371
41,0.474002,0.818959
747,0.446268,0.910426
207,0.581875,1.036507
480,0.497672,1.498139
855,0.508140,1.752720
694,0.470774,1.169442
450,0.500133,1.612629
392,0.610738,1.539789
762,0.490268,0.856183
317,0.552551,1.036276
849,0.621050,1.393875
366,0.543783,0.381459
693,0.482281,0.854956
511,0.551743,1.439576
160,0.572434,1.078552
259,0.723886,1.802922
895,0.535190,0.997037
991,0.656007,1.538447
995,0.610418,0.964720
580,0.628669,1.000291
21,0.546553,0.981627
589,0.725915,0.769394
414,0.613012,2.149861
907,0.625725,0.762369
706,0.614802,0.640648
632,0.554940,1.195515
38,0.562681,0.434028
669,0.668162,1.297817
231,0.578208,2.313610
634,0.675695,1.737897
489,0.686238,0.981423
853,0.620075,0.413880
245,0.622511,1.137550
929,0.577392,0.369912
913,0.527016,0.225468
943,0.650039,1.728297
93,0.617979,1.387870
538,0.585156,0.904902
769,0.541025,0.780146
659,0.695051,2.331200
50,0.567277,0.272840
845,0.584543,0.832896
905,0.645932,1.563527
155,0.600971,0.885715
296,0.789412,1.813865
939,0.554882,0.776955
832,0.607225,1.043922
658,0.656187,1.184139
377,0.564872,0.637531
834,0.561628,1.506021
270,0.528416,2.449049
627,0.513810,1.280870
235,0.730840,1.210864
644,0.657229,0.609486
277,0.662924,1.320263
587,0.554610,0.949003
898,0.559386,2.137288
48,0.575513,1.864914
176,0.594093,1.233040
843,0.544601,1.259439
861,0.543920,2.545600
702,0.552758,0.819982
219,0.508342,1.516698
609,0.608892,1.553343
987,0.646720,0.857562
705,0.563786,0.789457
617,0.540674,0.922148
637,0.599359,0.476902
399,0.557598,1.273825
509,0.654962,1.681734
564,0.654180,0.469729
901,0.510815,0.657731
136,0.612153,2.079686
950,0.612666,2.017207
266,0.587534,0.844469
914,0.592161,0.831463
583,0.535355,0.528666
570,0.648318,2.192948
481,0.869255,3.173114
608,0.605679,0.777103
349,0.560351,1.377361
757,0.606620,0.722755
16,0.600739,2.396053
208,0.550184,1.142193
540,0.532435,0.530642
783,0.549062,3.119225
786,0.612863,0.846927
368,0.607869,0.614718
504,0.606847,1.663961
486,0.540023,1.474963
133,0.531679,0.299482
977,0.654279,0.712026
896,0.645747,1.198733
862,0.790227,1.457901
227,0.618255,0.889903
530,0.613441,0.413080
14,0.646644,0.994950
615,0.609133,1.757536
596,0.638396,1.109976
562,0.549823,0.676968
470,0.657891,1.818717
459,0.598921,1.717502
440,0.551724,0.245884
215,0.597209,1.859944
811,0.675315,1.809419
572,0.741563,1.585535
423,0.584323,1.180825
996,0.625870,1.268988
6,0.739955,1.516044
829,0.758256,1.802451
130,0.576040,0.631307
316,0.592944,0.907641
722,0.688315,1.596659
924,0.550384,0.996116
912,0.532498,0.180486
55,0.526029,0.449351
847,0.614574,2.073201
36,0.502048,0.543753
820,0.702324,0.622673
204,0.617546,0.744628
199,0.596978,0.997903
337,0.595095,0.844217
351,0.725413,1.248061
677,0.581798,0.410836
870,0.686031,1.319344
795,0.628635,2.354849
565,0.650531,0.525511
213,0.599031,0.395220
805,0.603774,0.561501
919,0.797010,2.102900
67,0.595755,0.758328
292,0.602072,1.544990
928,0.760866,0.512710
286,0.703663,0.665735
842,0.618818,1.577734
814,0.601356,1.552614
945,0.571752,0.934838
707,0.672622,1.350848
696,0.640526,1.094793
934,0.633477,0.334376
744,0.611207,1.046389
933,0.729361,2.745360
682,0.660018,0.793187
13,0.757516,1.267681
128,0.636895,1.936640
721,0.667383,0.839310
442,0.665876,0.666493
571,0.610099,1.091551
704,0.569103,1.003941
62,0.609291,1.092267
922,0.603246,1.606832
763,0.571832,1.696181
487,0.762518,1.803556
542,0.611757,1.208282
101,0.648743,0.896516
874,0.692037,1.729675
264,0.768606,0.685394
390,0.574138,1.483274
236,0.631684,2.308695
858,0.565429,0.610390
256,0.744528,1.628894
594,0.499020,2.183642
867,0.542108,1.152863
614,0.541226,1.973351
699,0.688740,1.761820
616,0.607109,1.900718
103,0.632282,0.459866
833,0.766812,1.877933
611,0.691655,1.014072
363,0.638730,0.519580
281,0.671660,1.100035
258,0.808381,1.257507
483,0.728182,1.661033
778,0.616070,1.343439
121,0.631917,1.074894
165,0.578624,1.474409
403,0.611478,0.931885
567,0.592613,0.352867
418,0.639662,0.516803
323,0.621451,1.092294
98,0.549145,0.717727
663,0.764411,2.320986
479,0.579750,2.120034
110,0.640610,1.550760
225,0.581992,1.810111
911,0.630547,1.169901
868,0.690094,0.872317
942,0.602518,0.604140
921,0.698632,1.039291
884,0.764022,1.298675
185,0.618939,1.154884
871,0.509228,1.309065
401,0.632252,2.154548
126,0.660392,2.008116
69,0.518665,0.734275
275,0.518902,0.461963
701,0.545581,0.901122
51,0.775527,2.536628
822,0.613746,0.719632
54,0.625768,0.490338
941,0.712436,0.920909
598,0.575974,2.214628
946,0.545905,0.829232
354,0.623548,1.145840
969,0.605053,0.469121
312,0.556557,0.917885
91,0.608837,0.636547
876,0.666984,1.405201
94,0.540648,0.768467
516,0.666831,0.552887
184,0.646279,2.721579
118,0.609354,0.142442
115,0.528056,1.477526
478,0.765648,2.279062
427,0.656090,0.963365
302,0.613444,0.503553
827,0.626655,2.060286
99,0.663855,0.774081
229,0.738145,1.625515
767,0.579746,1.641653
523,0.693279,1.834136
158,0.617491,2.786333
691,0.805087,1.056565
792,0.524094,0.687194
96,0.736187,1.060904
835,0.805253,2.458494
47,0.614135,1.418719
174,0.570993,0.537266
581,0.698691,0.792226
651,0.607934,1.026312
821,0.531491,1.237499
122,0.710126,0.464909
456,0.653678,1.410775
590,0.680932,0.989166
394,0.700412,1.507166
810,0.625660,0.591920
396,0.711510,1.755566
737,0.715252,1.154737
80,0.735227,1.174223
146,0.786636,1.005619
520,0.590318,1.404041
902,0.724657,1.178985
144,0.719781,1.742757
381,0.697998,0.709283
30,0.554322,0.728901
34,0.554867,1.365397
903,0.602664,1.279127
622,0.533586,0.432848
906,0.543854,1.049685
116,0.677288,1.179370
66,0.524689,0.454014
223,0.556334,1.651374
109,0.640668,2.112934
63,0.551639,0.567131
263,0.727635,1.266980
365,0.781174,1.635312
854,0.606620,0.854315
314,0.646438,2.094250
210,0.571046,1.019823
56,0.544161,1.877960
330,0.823298,1.703951
619,0.765272,0.667967
362,0.803569,1.805915
636,0.596093,1.285648
170,0.825162,1.053042
657,0.826488,0.848523
667,0.706097,0.306375
773,0.795032,1.295253
803,0.680532,0.222414
512,0.683595,1.374548
24,0.539260,0.661036
498,0.603808,1.560645
499,0.600170,1.021831
143,0.650688,0.541122
856,0.667497,1.394166
661,0.710827,0.945598
494,0.774582,1.098895
187,0.862723,1.877877
745,0.594766,3.028675
166,0.702112,2.120016
573,0.646584,1.102527
164,0.583148,0.488303
951,0.642556,0.481691
353,0.676277,1.528467
269,0.700263,1.645317
877,0.559603,0.690556
904,0.654067,2.289277
190,0.712775,0.826688
413,0.681680,0.745984
168,0.666239,0.709137
448,0.609210,1.239580
586,0.641537,0.747081
473,0.638444,1.351332
474,0.672469,1.533479
976,0.638154,0.903551
888,0.612604,0.519945
469,0.588405,0.955339
153,0.657132,0.892972
360,0.640164,0.447257
806,0.701131,1.038297
576,0.623204,2.068872
2,0.669125,1.769609
527,0.634350,1.460787
113,0.608645,0.827687
380,0.634398,0.792378
812,0.663229,1.055347
595,0.611150,0.601940
420,0.758986,1.569602
15,0.721217,2.181559
326,0.627388,0.638260
163,0.794327,1.152282
477,0.746603,1.343370
796,0.715181,2.167610
994,0.653055,1.282069
965,0.710673,0.998465
379,0.649178,1.488917
119,0.597000,1.484476
61,0.703018,0.712529
152,0.579480,1.552991
733,0.751977,1.260216
962,0.568577,0.488074
429,0.710136,2.298231
345,0.707610,1.798510
76,0.738449,1.065285
167,0.626162,1.575826
724,0.676606,0.709015
522,0.594983,1.906226
4,0.645957,0.741513
383,0.662085,1.338859
923,0.597753,1.525799
431,0.692706,1.392476
37,0.815915,1.989436
887,0.794027,1.223484
700,0.699818,0.982199
985,0.672631,1.600313
878,0.751059,1.728760
752,0.798802,1.499645
770,0.682397,1.257735
639,0.684785,1.072289
475,0.659471,0.540732
836,0.729479,0.990335
457,0.563392,1.658275
138,0.652241,0.747728
665,0.730441,0.567853
454,0.735009,0.910639
510,0.765583,0.909985
559,0.815186,1.610699
568,0.687811,1.879835
134,0.701958,0.921624
172,0.799144,1.189842
297,0.685835,0.853290
944,0.790759,1.090571
649,0.642005,0.984544
376,0.809921,2.767380
886,0.710674,0.964292
127,0.691863,0.791470
338,0.731796,1.370408
738,0.664238,1.948628
513,0.691234,1.022644
244,0.692559,0.821443
141,0.804970,0.915466
239,0.890881,1.675008
18,0.655475,0.476223
247,0.713759,0.730781
830,0.667799,0.379145
505,0.629313,2.204914
11,0.774205,2.294608
415,0.772588,0.874596
147,0.832368,0.799751
249,0.704049,1.656493
508,0.773219,1.346822
255,0.705084,0.507494
802,0.749350,0.874213
673,0.796956,0.941012
395,0.692184,1.096840
154,0.810199,1.714007
424,0.719293,0.982182
35,0.819595,1.028525
529,0.624769,0.875584
960,0.753685,0.909455
443,0.787224,1.787902
633,0.663175,1.235503
181,0.819670,2.659356
350,0.665903,2.496816
1,0.771346,0.831918
53,0.877689,2.530244
631,0.779269,2.639446
841,0.803606,0.289633
389,0.857745,1.414439
Average Cost: 5.597000
Accuracy: 91.700000
Accuracy 0: 100.000000
Cost 0: 4.000000
Accuracy 1: 100.000000
Cost 1: 4.000000
Accuracy 2: 100.000000
Cost 2: 4.000000
Accuracy 3: 100.000000
Cost 3: 4.000000
Accuracy 4: 100.000000
Cost 4: 4.000000
Accuracy 5: 100.000000
Cost 5: 4.000000
Accuracy 6: 100.000000
Cost 6: 4.000000
Accuracy 7: 100.000000
Cost 7: 4.000000
Accuracy 8: 100.000000
Cost 8: 4.000000
Accuracy 9: 100.000000
Cost 9: 4.000000
