Number of Worker Pools: 2
Number of Workers in Pool 1: 1000
Original mean,standardDev for Pool 1: 4.000000,0.300000
Number of Workers in Pool 2: 1000
Original mean,standardDev for Pool 2: 3.500000,0.200000
Number of Problems: 1000
ProblemNo,Answer,TrueAnswer,Cost,Difficulty,TrueDifficulty
0,0,0,4.000000,0.000000,0.500000
1,0,0,6.000000,0.700000,0.500000
2,1,1,9.000000,0.900000,0.500000
3,1,1,4.000000,0.000000,0.500000
4,0,0,4.000000,0.000000,0.500000
5,0,0,4.000000,0.000000,0.500000
6,0,0,10.000000,0.900000,0.500000
7,0,0,8.000000,0.900000,0.500000
8,1,1,6.000000,0.700000,0.500000
9,0,0,5.000000,0.400000,0.500000
10,0,0,8.000000,0.800000,0.500000
11,0,0,4.000000,0.000000,0.500000
12,1,1,5.000000,0.400000,0.500000
13,0,0,7.000000,0.700000,0.500000
14,1,1,6.000000,0.900000,0.500000
15,1,1,5.000000,0.400000,0.500000
16,1,1,9.000000,0.900000,0.500000
17,0,0,8.000000,0.800000,0.500000
18,0,0,4.000000,0.000000,0.500000
19,0,0,6.000000,0.700000,0.500000
20,0,0,5.000000,0.400000,0.500000
21,0,0,9.000000,0.800000,0.500000
22,1,1,8.000000,0.800000,0.500000
23,0,0,5.000000,0.400000,0.500000
24,0,0,5.000000,0.400000,0.500000
25,0,0,7.000000,0.700000,0.500000
26,1,0,7.000000,0.700000,0.500000
27,0,0,5.000000,0.400000,0.500000
28,0,0,5.000000,0.400000,0.500000
29,1,1,8.000000,0.800000,0.500000
30,0,0,5.000000,0.400000,0.500000
31,0,0,4.000000,0.000000,0.500000
32,0,0,5.000000,0.400000,0.500000
33,1,1,4.000000,0.000000,0.500000
34,0,0,6.000000,0.700000,0.500000
35,1,1,5.000000,0.400000,0.500000
36,1,1,4.000000,0.000000,0.500000
37,0,0,4.000000,0.000000,0.500000
38,1,1,5.000000,0.400000,0.500000
39,0,0,6.000000,0.700000,0.500000
40,0,0,4.000000,0.000000,0.500000
41,0,0,10.000000,0.900000,0.500000
42,1,1,5.000000,0.400000,0.500000
43,1,1,8.000000,0.800000,0.500000
44,0,0,5.000000,0.400000,0.500000
45,0,0,5.000000,0.400000,0.500000
46,0,0,5.000000,0.400000,0.500000
47,1,1,5.000000,0.400000,0.500000
48,1,1,4.000000,0.000000,0.500000
49,1,1,4.000000,0.000000,0.500000
50,1,1,5.000000,0.400000,0.500000
51,1,1,8.000000,0.900000,0.500000
52,0,0,4.000000,0.000000,0.500000
53,0,0,4.000000,0.000000,0.500000
54,0,0,6.000000,0.700000,0.500000
55,0,0,6.000000,0.700000,0.500000
56,1,1,4.000000,0.000000,0.500000
57,1,1,4.000000,0.000000,0.500000
58,1,1,4.000000,0.000000,0.500000
59,0,1,7.000000,0.800000,0.500000
60,0,0,4.000000,0.000000,0.500000
61,1,1,8.000000,0.800000,0.500000
62,1,1,4.000000,0.000000,0.500000
63,0,0,5.000000,0.400000,0.500000
64,0,0,4.000000,0.000000,0.500000
65,1,1,4.000000,0.000000,0.500000
66,0,0,7.000000,0.700000,0.500000
67,1,1,5.000000,0.400000,0.500000
68,1,1,5.000000,0.400000,0.500000
69,0,0,6.000000,0.700000,0.500000
70,1,1,5.000000,0.400000,0.500000
71,1,1,5.000000,0.400000,0.500000
72,0,0,4.000000,0.000000,0.500000
73,0,0,4.000000,0.000000,0.500000
74,0,0,4.000000,0.000000,0.500000
75,1,1,4.000000,0.000000,0.500000
76,0,0,5.000000,0.400000,0.500000
77,0,0,6.000000,0.700000,0.500000
78,1,1,5.000000,0.400000,0.500000
79,0,0,6.000000,0.700000,0.500000
80,0,0,4.000000,0.000000,0.500000
81,0,0,5.000000,0.400000,0.500000
82,0,0,9.000000,0.900000,0.500000
83,0,0,5.000000,0.400000,0.500000
84,0,1,6.000000,0.700000,0.500000
85,1,1,4.000000,0.000000,0.500000
86,1,1,5.000000,0.400000,0.500000
87,0,0,5.000000,0.400000,0.500000
88,0,0,5.000000,0.400000,0.500000
89,1,1,5.000000,0.400000,0.500000
90,1,0,6.000000,0.900000,0.500000
91,1,1,5.000000,0.400000,0.500000
92,0,0,5.000000,0.400000,0.500000
93,0,0,8.000000,0.800000,0.500000
94,0,0,5.000000,0.400000,0.500000
95,0,0,8.000000,0.900000,0.500000
96,0,0,4.000000,0.000000,0.500000
97,1,1,4.000000,0.000000,0.500000
98,0,0,5.000000,0.400000,0.500000
99,1,1,6.000000,0.700000,0.500000
100,1,1,5.000000,0.400000,0.500000
101,0,0,5.000000,0.400000,0.500000
102,1,1,5.000000,0.400000,0.500000
103,0,0,5.000000,0.400000,0.500000
104,1,1,6.000000,0.700000,0.500000
105,0,0,7.000000,0.900000,0.500000
106,0,0,5.000000,0.400000,0.500000
107,1,0,5.000000,0.400000,0.500000
108,1,1,4.000000,0.000000,0.500000
109,0,1,5.000000,0.400000,0.500000
110,0,0,6.000000,0.700000,0.500000
111,0,0,4.000000,0.000000,0.500000
112,1,1,4.000000,0.000000,0.500000
113,0,0,9.000000,1.000000,0.500000
114,1,1,4.000000,0.000000,0.500000
115,1,1,5.000000,0.400000,0.500000
116,0,0,5.000000,0.400000,0.500000
117,1,1,4.000000,0.000000,0.500000
118,0,0,6.000000,0.700000,0.500000
119,1,1,5.000000,0.400000,0.500000
120,0,0,4.000000,0.000000,0.500000
121,0,0,5.000000,0.400000,0.500000
122,0,0,4.000000,0.000000,0.500000
123,1,1,4.000000,0.000000,0.500000
124,1,1,7.000000,0.800000,0.500000
125,0,0,5.000000,0.800000,0.500000
126,0,0,7.000000,0.800000,0.500000
127,0,1,8.000000,0.800000,0.500000
128,1,1,6.000000,0.700000,0.500000
129,1,1,12.000000,1.000000,0.500000
130,1,1,6.000000,0.700000,0.500000
131,1,1,5.000000,0.400000,0.500000
132,0,0,6.000000,0.700000,0.500000
133,1,1,5.000000,0.400000,0.500000
134,0,0,6.000000,0.700000,0.500000
135,0,0,5.000000,0.400000,0.500000
136,0,1,8.000000,0.900000,0.500000
137,0,0,4.000000,0.000000,0.500000
138,0,0,5.000000,0.400000,0.500000
139,1,1,4.000000,0.000000,0.500000
140,1,1,4.000000,0.000000,0.500000
141,1,1,9.000000,0.900000,0.500000
142,0,0,5.000000,0.400000,0.500000
143,0,0,6.000000,0.700000,0.500000
144,1,1,5.000000,0.400000,0.500000
145,0,0,6.000000,0.900000,0.500000
146,0,0,8.000000,0.800000,0.500000
147,0,0,5.000000,0.400000,0.500000
148,1,1,5.000000,0.400000,0.500000
149,0,0,4.000000,0.000000,0.500000
150,1,1,5.000000,0.400000,0.500000
151,0,0,9.000000,0.900000,0.500000
152,1,0,5.000000,0.400000,0.500000
153,1,0,8.000000,0.800000,0.500000
154,0,1,6.000000,0.900000,0.500000
155,0,0,4.000000,0.000000,0.500000
156,0,0,5.000000,0.400000,0.500000
157,0,0,9.000000,0.900000,0.500000
158,0,0,5.000000,0.400000,0.500000
159,1,1,5.000000,0.400000,0.500000
160,1,0,10.000000,0.900000,0.500000
161,1,1,5.000000,0.400000,0.500000
162,0,0,5.000000,0.400000,0.500000
163,1,1,5.000000,0.400000,0.500000
164,1,1,7.000000,0.700000,0.500000
165,1,1,5.000000,0.400000,0.500000
166,1,0,5.000000,0.800000,0.500000
167,0,0,7.000000,1.000000,0.500000
168,0,0,5.000000,0.400000,0.500000
169,0,0,5.000000,0.400000,0.500000
170,1,1,7.000000,0.800000,0.500000
171,1,0,9.000000,0.900000,0.500000
172,0,0,5.000000,0.800000,0.500000
173,0,0,5.000000,0.400000,0.500000
174,0,0,11.000000,0.900000,0.500000
175,0,0,8.000000,0.800000,0.500000
176,0,0,5.000000,0.400000,0.500000
177,1,1,5.000000,0.400000,0.500000
178,1,1,5.000000,0.400000,0.500000
179,1,1,5.000000,0.400000,0.500000
180,1,1,11.000000,1.000000,0.500000
181,1,1,7.000000,0.700000,0.500000
182,1,1,6.000000,0.700000,0.500000
183,1,1,5.000000,0.400000,0.500000
184,1,1,5.000000,0.400000,0.500000
185,0,0,4.000000,0.000000,0.500000
186,1,1,11.000000,1.000000,0.500000
187,0,0,5.000000,0.400000,0.500000
188,1,1,5.000000,0.400000,0.500000
189,1,1,5.000000,0.400000,0.500000
190,1,1,5.000000,0.400000,0.500000
191,1,1,4.000000,0.000000,0.500000
192,0,0,5.000000,0.400000,0.500000
193,0,0,4.000000,0.000000,0.500000
194,1,1,5.000000,0.400000,0.500000
195,0,0,4.000000,0.000000,0.500000
196,1,1,4.000000,0.000000,0.500000
197,1,1,8.000000,0.800000,0.500000
198,0,1,8.000000,0.800000,0.500000
199,1,1,4.000000,0.000000,0.500000
200,0,0,6.000000,0.700000,0.500000
201,1,1,12.000000,0.900000,0.500000
202,0,0,4.000000,0.000000,0.500000
203,0,0,6.000000,0.700000,0.500000
204,1,1,5.000000,0.400000,0.500000
205,1,1,4.000000,0.000000,0.500000
206,1,1,4.000000,0.000000,0.500000
207,1,1,9.000000,0.900000,0.500000
208,1,1,5.000000,0.400000,0.500000
209,1,1,4.000000,0.000000,0.500000
210,0,1,7.000000,0.900000,0.500000
211,0,0,5.000000,0.400000,0.500000
212,1,1,4.000000,0.000000,0.500000
213,1,1,5.000000,0.400000,0.500000
214,1,1,5.000000,0.400000,0.500000
215,1,1,4.000000,0.000000,0.500000
216,1,1,4.000000,0.000000,0.500000
217,1,1,6.000000,0.900000,0.500000
218,0,0,11.000000,1.000000,0.500000
219,0,0,4.000000,0.000000,0.500000
220,0,1,6.000000,0.900000,0.500000
221,1,1,7.000000,0.900000,0.500000
222,0,0,6.000000,0.700000,0.500000
223,1,1,4.000000,0.000000,0.500000
224,1,1,5.000000,0.400000,0.500000
225,0,0,8.000000,0.800000,0.500000
226,0,0,5.000000,0.400000,0.500000
227,1,1,8.000000,0.800000,0.500000
228,1,1,7.000000,0.800000,0.500000
229,0,0,10.000000,0.800000,0.500000
230,1,1,10.000000,0.900000,0.500000
231,0,1,6.000000,0.700000,0.500000
232,0,0,10.000000,0.900000,0.500000
233,1,1,5.000000,0.400000,0.500000
234,1,1,4.000000,0.000000,0.500000
235,1,1,4.000000,0.000000,0.500000
236,0,0,5.000000,0.400000,0.500000
237,0,0,9.000000,0.900000,0.500000
238,0,0,4.000000,0.000000,0.500000
239,0,1,5.000000,0.400000,0.500000
240,0,0,8.000000,0.600000,0.500000
241,1,1,4.000000,0.000000,0.500000
242,1,1,6.000000,0.700000,0.500000
243,0,0,5.000000,0.400000,0.500000
244,1,1,6.000000,0.700000,0.500000
245,0,0,4.000000,0.000000,0.500000
246,1,1,6.000000,0.700000,0.500000
247,0,0,4.000000,0.000000,0.500000
248,1,1,4.000000,0.000000,0.500000
249,0,0,4.000000,0.000000,0.500000
250,0,0,4.000000,0.000000,0.500000
251,0,0,6.000000,0.700000,0.500000
252,0,0,5.000000,0.400000,0.500000
253,0,0,5.000000,0.400000,0.500000
254,0,0,5.000000,0.400000,0.500000
255,1,1,5.000000,0.400000,0.500000
256,0,0,5.000000,0.800000,0.500000
257,0,1,8.000000,0.900000,0.500000
258,1,1,5.000000,0.400000,0.500000
259,0,0,7.000000,0.700000,0.500000
260,0,0,4.000000,0.000000,0.500000
261,1,1,10.000000,1.000000,0.500000
262,1,1,4.000000,0.000000,0.500000
263,0,1,7.000000,0.800000,0.500000
264,0,0,4.000000,0.000000,0.500000
265,0,0,7.000000,0.700000,0.500000
266,0,0,4.000000,0.000000,0.500000
267,1,1,7.000000,0.700000,0.500000
268,1,1,7.000000,0.900000,0.500000
269,0,0,4.000000,0.000000,0.500000
270,1,1,5.000000,0.400000,0.500000
271,0,0,5.000000,0.400000,0.500000
272,1,1,6.000000,0.700000,0.500000
273,0,0,5.000000,0.400000,0.500000
274,0,0,7.000000,0.700000,0.500000
275,0,0,5.000000,0.400000,0.500000
276,1,1,4.000000,0.000000,0.500000
277,1,1,5.000000,0.400000,0.500000
278,0,0,5.000000,0.400000,0.500000
279,1,1,8.000000,0.900000,0.500000
280,1,1,4.000000,0.000000,0.500000
281,1,1,6.000000,0.700000,0.500000
282,0,0,4.000000,0.000000,0.500000
283,0,0,5.000000,0.400000,0.500000
284,1,1,5.000000,0.400000,0.500000
285,0,0,8.000000,0.900000,0.500000
286,0,0,6.000000,0.700000,0.500000
287,1,1,9.000000,0.900000,0.500000
288,1,1,6.000000,0.700000,0.500000
289,0,0,4.000000,0.000000,0.500000
290,1,1,5.000000,0.400000,0.500000
291,1,1,5.000000,0.400000,0.500000
292,1,1,4.000000,0.000000,0.500000
293,0,0,5.000000,0.400000,0.500000
294,0,0,5.000000,0.400000,0.500000
295,1,1,5.000000,0.400000,0.500000
296,1,1,9.000000,0.900000,0.500000
297,1,1,8.000000,0.900000,0.500000
298,1,1,4.000000,0.000000,0.500000
299,1,1,5.000000,0.400000,0.500000
300,0,0,6.000000,0.700000,0.500000
301,1,1,4.000000,0.000000,0.500000
302,0,0,8.000000,0.600000,0.500000
303,1,1,7.000000,0.700000,0.500000
304,0,0,5.000000,0.400000,0.500000
305,1,1,4.000000,0.000000,0.500000
306,0,0,5.000000,0.400000,0.500000
307,0,0,5.000000,0.400000,0.500000
308,1,1,5.000000,0.400000,0.500000
309,0,0,5.000000,0.400000,0.500000
310,1,1,5.000000,0.400000,0.500000
311,1,1,15.000000,0.900000,0.500000
312,1,1,11.000000,1.000000,0.500000
313,0,0,5.000000,0.400000,0.500000
314,1,1,8.000000,0.600000,0.500000
315,1,0,8.000000,0.900000,0.500000
316,1,1,5.000000,0.400000,0.500000
317,0,0,8.000000,0.700000,0.500000
318,1,1,4.000000,0.000000,0.500000
319,0,0,5.000000,0.400000,0.500000
320,1,1,6.000000,0.700000,0.500000
321,0,1,6.000000,0.700000,0.500000
322,0,0,5.000000,0.400000,0.500000
323,0,0,4.000000,0.000000,0.500000
324,1,1,6.000000,0.700000,0.500000
325,0,0,4.000000,0.000000,0.500000
326,0,0,5.000000,0.400000,0.500000
327,1,1,8.000000,0.900000,0.500000
328,0,0,4.000000,0.000000,0.500000
329,0,0,5.000000,0.400000,0.500000
330,0,0,5.000000,0.400000,0.500000
331,0,0,5.000000,0.400000,0.500000
332,1,1,6.000000,0.700000,0.500000
333,0,1,7.000000,0.900000,0.500000
334,0,0,5.000000,0.400000,0.500000
335,0,0,5.000000,0.400000,0.500000
336,1,1,4.000000,0.000000,0.500000
337,1,1,5.000000,0.400000,0.500000
338,1,1,5.000000,0.400000,0.500000
339,0,0,4.000000,0.000000,0.500000
340,0,0,7.000000,0.800000,0.500000
341,1,1,5.000000,0.400000,0.500000
342,0,0,8.000000,0.900000,0.500000
343,0,0,5.000000,0.400000,0.500000
344,0,0,6.000000,0.700000,0.500000
345,1,1,5.000000,0.400000,0.500000
346,1,1,7.000000,1.000000,0.500000
347,1,1,4.000000,0.000000,0.500000
348,0,1,5.000000,0.400000,0.500000
349,0,0,5.000000,0.400000,0.500000
350,1,1,5.000000,0.400000,0.500000
351,0,0,5.000000,0.400000,0.500000
352,0,0,5.000000,0.400000,0.500000
353,0,0,5.000000,0.400000,0.500000
354,1,1,4.000000,0.000000,0.500000
355,0,1,8.000000,0.900000,0.500000
356,1,1,6.000000,0.700000,0.500000
357,1,1,6.000000,0.700000,0.500000
358,1,1,6.000000,0.700000,0.500000
359,1,1,4.000000,0.000000,0.500000
360,1,1,5.000000,0.400000,0.500000
361,0,0,5.000000,0.400000,0.500000
362,1,1,4.000000,0.000000,0.500000
363,0,0,12.000000,0.900000,0.500000
364,1,0,7.000000,0.800000,0.500000
365,1,1,5.000000,0.400000,0.500000
366,1,1,5.000000,0.400000,0.500000
367,0,0,7.000000,0.700000,0.500000
368,0,0,7.000000,0.700000,0.500000
369,0,0,4.000000,0.000000,0.500000
370,1,1,4.000000,0.000000,0.500000
371,0,0,4.000000,0.000000,0.500000
372,1,1,5.000000,0.400000,0.500000
373,0,0,4.000000,0.000000,0.500000
374,1,1,6.000000,0.900000,0.500000
375,1,1,5.000000,0.400000,0.500000
376,0,0,5.000000,0.400000,0.500000
377,1,1,9.000000,0.900000,0.500000
378,1,1,9.000000,0.900000,0.500000
379,1,1,9.000000,0.900000,0.500000
380,0,0,4.000000,0.000000,0.500000
381,0,0,9.000000,0.900000,0.500000
382,1,1,6.000000,0.700000,0.500000
383,0,0,4.000000,0.000000,0.500000
384,0,0,4.000000,0.000000,0.500000
385,1,1,7.000000,0.700000,0.500000
386,1,1,5.000000,0.400000,0.500000
387,0,0,7.000000,0.700000,0.500000
388,0,0,5.000000,0.400000,0.500000
389,0,0,11.000000,1.000000,0.500000
390,0,0,4.000000,0.000000,0.500000
391,0,0,8.000000,0.900000,0.500000
392,0,0,4.000000,0.000000,0.500000
393,0,0,5.000000,0.400000,0.500000
394,1,1,5.000000,0.400000,0.500000
395,0,0,9.000000,0.800000,0.500000
396,1,1,6.000000,0.700000,0.500000
397,1,1,4.000000,0.000000,0.500000
398,0,0,5.000000,0.400000,0.500000
399,0,0,6.000000,0.700000,0.500000
400,0,0,8.000000,0.900000,0.500000
401,0,0,4.000000,0.000000,0.500000
402,0,0,4.000000,0.000000,0.500000
403,1,1,8.000000,0.900000,0.500000
404,0,0,7.000000,0.900000,0.500000
405,0,1,10.000000,0.900000,0.500000
406,1,1,5.000000,0.400000,0.500000
407,1,1,4.000000,0.000000,0.500000
408,0,0,9.000000,1.000000,0.500000
409,1,1,9.000000,0.900000,0.500000
410,1,1,6.000000,0.700000,0.500000
411,0,0,5.000000,0.400000,0.500000
412,1,1,4.000000,0.000000,0.500000
413,1,1,6.000000,0.700000,0.500000
414,0,0,7.000000,0.800000,0.500000
415,1,0,14.000000,1.000000,0.500000
416,1,1,5.000000,0.400000,0.500000
417,1,1,5.000000,0.400000,0.500000
418,0,0,8.000000,0.600000,0.500000
419,0,0,4.000000,0.000000,0.500000
420,0,0,6.000000,0.700000,0.500000
421,1,1,12.000000,1.000000,0.500000
422,1,1,5.000000,0.400000,0.500000
423,0,0,7.000000,0.700000,0.500000
424,0,0,4.000000,0.000000,0.500000
425,1,1,4.000000,0.000000,0.500000
426,0,1,8.000000,0.900000,0.500000
427,1,1,5.000000,0.400000,0.500000
428,0,0,5.000000,0.400000,0.500000
429,1,1,4.000000,0.000000,0.500000
430,1,1,5.000000,0.400000,0.500000
431,0,0,7.000000,0.700000,0.500000
432,0,0,5.000000,0.400000,0.500000
433,1,1,5.000000,0.400000,0.500000
434,0,0,4.000000,0.000000,0.500000
435,1,1,5.000000,0.400000,0.500000
436,0,0,4.000000,0.000000,0.500000
437,0,0,12.000000,1.000000,0.500000
438,0,0,4.000000,0.000000,0.500000
439,1,1,5.000000,0.400000,0.500000
440,1,1,4.000000,0.000000,0.500000
441,1,1,7.000000,0.700000,0.500000
442,1,1,6.000000,0.900000,0.500000
443,1,1,5.000000,0.400000,0.500000
444,0,0,6.000000,0.700000,0.500000
445,1,1,8.000000,0.800000,0.500000
446,1,0,8.000000,0.900000,0.500000
447,0,0,4.000000,0.000000,0.500000
448,0,0,5.000000,0.400000,0.500000
449,1,1,5.000000,0.400000,0.500000
450,1,1,7.000000,0.700000,0.500000
451,0,0,6.000000,0.700000,0.500000
452,1,1,5.000000,0.400000,0.500000
453,0,0,4.000000,0.000000,0.500000
454,1,0,8.000000,0.900000,0.500000
455,1,1,5.000000,0.400000,0.500000
456,1,1,4.000000,0.000000,0.500000
457,1,1,4.000000,0.000000,0.500000
458,1,1,8.000000,0.800000,0.500000
459,0,0,5.000000,0.400000,0.500000
460,0,0,4.000000,0.000000,0.500000
461,1,1,4.000000,0.000000,0.500000
462,0,0,5.000000,0.400000,0.500000
463,1,1,5.000000,0.400000,0.500000
464,1,1,4.000000,0.000000,0.500000
465,1,1,4.000000,0.000000,0.500000
466,0,0,7.000000,0.800000,0.500000
467,1,1,5.000000,0.400000,0.500000
468,1,1,6.000000,0.700000,0.500000
469,1,1,4.000000,0.000000,0.500000
470,1,1,4.000000,0.000000,0.500000
471,1,1,4.000000,0.000000,0.500000
472,1,1,4.000000,0.000000,0.500000
473,1,1,8.000000,0.900000,0.500000
474,1,1,4.000000,0.000000,0.500000
475,0,0,8.000000,0.800000,0.500000
476,0,0,4.000000,0.000000,0.500000
477,0,0,6.000000,0.700000,0.500000
478,0,1,7.000000,0.900000,0.500000
479,1,1,5.000000,0.400000,0.500000
480,0,0,6.000000,0.700000,0.500000
481,1,1,7.000000,0.700000,0.500000
482,0,0,4.000000,0.000000,0.500000
483,0,0,4.000000,0.000000,0.500000
484,1,1,5.000000,0.400000,0.500000
485,1,1,4.000000,0.000000,0.500000
486,0,0,8.000000,0.900000,0.500000
487,1,1,5.000000,0.400000,0.500000
488,0,0,5.000000,0.400000,0.500000
489,1,1,10.000000,0.900000,0.500000
490,0,0,7.000000,0.700000,0.500000
491,1,1,5.000000,0.400000,0.500000
492,1,1,4.000000,0.000000,0.500000
493,0,0,5.000000,0.400000,0.500000
494,0,0,7.000000,0.700000,0.500000
495,0,0,9.000000,0.900000,0.500000
496,1,1,7.000000,0.700000,0.500000
497,0,0,4.000000,0.000000,0.500000
498,0,0,5.000000,0.400000,0.500000
499,1,1,8.000000,0.600000,0.500000
500,1,1,4.000000,0.000000,0.500000
501,1,1,6.000000,0.700000,0.500000
502,1,0,7.000000,0.800000,0.500000
503,1,1,4.000000,0.000000,0.500000
504,1,1,13.000000,0.900000,0.500000
505,1,1,6.000000,0.700000,0.500000
506,0,0,5.000000,0.400000,0.500000
507,1,1,4.000000,0.000000,0.500000
508,0,0,5.000000,0.400000,0.500000
509,1,1,5.000000,0.400000,0.500000
510,0,0,4.000000,0.000000,0.500000
511,1,1,4.000000,0.000000,0.500000
512,0,0,5.000000,0.400000,0.500000
513,1,1,5.000000,0.400000,0.500000
514,1,1,7.000000,0.700000,0.500000
515,0,0,5.000000,0.400000,0.500000
516,0,0,5.000000,0.400000,0.500000
517,0,0,5.000000,0.400000,0.500000
518,1,1,4.000000,0.000000,0.500000
519,1,1,12.000000,1.000000,0.500000
520,1,1,7.000000,0.700000,0.500000
521,0,0,7.000000,0.900000,0.500000
522,1,1,4.000000,0.000000,0.500000
523,1,1,4.000000,0.000000,0.500000
524,1,1,7.000000,0.700000,0.500000
525,1,1,8.000000,0.900000,0.500000
526,1,1,4.000000,0.000000,0.500000
527,1,1,4.000000,0.000000,0.500000
528,0,0,6.000000,0.700000,0.500000
529,1,1,4.000000,0.000000,0.500000
530,0,0,5.000000,0.800000,0.500000
531,0,0,6.000000,0.700000,0.500000
532,0,0,4.000000,0.000000,0.500000
533,1,1,5.000000,0.400000,0.500000
534,1,1,4.000000,0.000000,0.500000
535,1,1,6.000000,0.700000,0.500000
536,1,1,5.000000,0.400000,0.500000
537,0,0,5.000000,0.400000,0.500000
538,1,1,8.000000,0.900000,0.500000
539,1,1,5.000000,0.400000,0.500000
540,0,0,10.000000,0.900000,0.500000
541,1,1,6.000000,0.700000,0.500000
542,0,0,6.000000,0.700000,0.500000
543,0,0,4.000000,0.000000,0.500000
544,1,1,10.000000,1.000000,0.500000
545,0,0,4.000000,0.000000,0.500000
546,1,1,6.000000,0.700000,0.500000
547,0,0,8.000000,0.900000,0.500000
548,0,0,4.000000,0.000000,0.500000
549,1,1,5.000000,0.400000,0.500000
550,1,0,6.000000,0.900000,0.500000
551,0,0,4.000000,0.000000,0.500000
552,1,1,6.000000,0.700000,0.500000
553,1,0,7.000000,0.700000,0.500000
554,1,1,6.000000,0.700000,0.500000
555,1,1,4.000000,0.000000,0.500000
556,1,1,5.000000,0.400000,0.500000
557,1,1,5.000000,0.400000,0.500000
558,1,1,5.000000,0.400000,0.500000
559,0,0,6.000000,0.700000,0.500000
560,0,0,4.000000,0.000000,0.500000
561,1,1,5.000000,0.400000,0.500000
562,1,1,6.000000,0.900000,0.500000
563,0,0,4.000000,0.000000,0.500000
564,0,0,4.000000,0.000000,0.500000
565,1,1,5.000000,0.400000,0.500000
566,0,0,5.000000,0.400000,0.500000
567,0,0,10.000000,0.900000,0.500000
568,1,1,4.000000,0.000000,0.500000
569,1,1,12.000000,1.000000,0.500000
570,1,1,4.000000,0.000000,0.500000
571,1,1,9.000000,1.000000,0.500000
572,0,0,7.000000,0.700000,0.500000
573,0,0,5.000000,0.400000,0.500000
574,0,0,6.000000,0.700000,0.500000
575,0,0,4.000000,0.000000,0.500000
576,1,1,5.000000,0.400000,0.500000
577,1,0,5.000000,0.800000,0.500000
578,0,0,8.000000,0.800000,0.500000
579,1,1,5.000000,0.400000,0.500000
580,1,1,5.000000,0.400000,0.500000
581,1,1,5.000000,0.400000,0.500000
582,1,1,4.000000,0.000000,0.500000
583,0,0,6.000000,0.700000,0.500000
584,1,0,11.000000,0.900000,0.500000
585,1,1,5.000000,0.400000,0.500000
586,0,0,6.000000,0.700000,0.500000
587,0,0,5.000000,0.400000,0.500000
588,1,1,5.000000,0.400000,0.500000
589,0,0,4.000000,0.000000,0.500000
590,0,0,4.000000,0.000000,0.500000
591,0,0,4.000000,0.000000,0.500000
592,0,0,5.000000,0.800000,0.500000
593,1,1,9.000000,0.900000,0.500000
594,0,0,5.000000,0.400000,0.500000
595,0,0,7.000000,0.900000,0.500000
596,0,0,5.000000,0.400000,0.500000
597,0,0,6.000000,0.700000,0.500000
598,0,0,5.000000,0.400000,0.500000
599,0,0,5.000000,0.400000,0.500000
600,1,1,6.000000,0.700000,0.500000
601,1,1,6.000000,0.700000,0.500000
602,1,1,5.000000,0.400000,0.500000
603,1,1,8.000000,0.800000,0.500000
604,0,0,4.000000,0.000000,0.500000
605,1,1,5.000000,0.400000,0.500000
606,1,1,6.000000,0.700000,0.500000
607,1,1,4.000000,0.000000,0.500000
608,1,1,4.000000,0.000000,0.500000
609,0,0,6.000000,0.700000,0.500000
610,1,0,6.000000,0.900000,0.500000
611,0,0,5.000000,0.400000,0.500000
612,1,1,9.000000,0.800000,0.500000
613,1,1,5.000000,0.400000,0.500000
614,1,1,6.000000,0.700000,0.500000
615,0,0,5.000000,0.400000,0.500000
616,0,0,4.000000,0.000000,0.500000
617,1,1,4.000000,0.000000,0.500000
618,0,0,4.000000,0.000000,0.500000
619,1,1,5.000000,0.400000,0.500000
620,1,1,7.000000,0.700000,0.500000
621,0,0,5.000000,0.400000,0.500000
622,1,1,4.000000,0.000000,0.500000
623,1,1,4.000000,0.000000,0.500000
624,0,0,5.000000,0.400000,0.500000
625,1,1,5.000000,0.400000,0.500000
626,0,0,4.000000,0.000000,0.500000
627,0,0,7.000000,0.800000,0.500000
628,1,1,6.000000,0.700000,0.500000
629,0,0,7.000000,0.800000,0.500000
630,1,1,6.000000,0.700000,0.500000
631,0,1,6.000000,0.900000,0.500000
632,1,1,5.000000,0.400000,0.500000
633,0,0,4.000000,0.000000,0.500000
634,1,1,8.000000,0.800000,0.500000
635,0,0,5.000000,0.400000,0.500000
636,0,0,4.000000,0.000000,0.500000
637,1,1,6.000000,0.700000,0.500000
638,1,1,6.000000,0.700000,0.500000
639,0,0,5.000000,0.400000,0.500000
640,1,1,5.000000,0.400000,0.500000
641,0,0,4.000000,0.000000,0.500000
642,0,0,4.000000,0.000000,0.500000
643,1,1,6.000000,0.700000,0.500000
644,0,0,6.000000,0.900000,0.500000
645,1,1,5.000000,0.400000,0.500000
646,0,0,4.000000,0.000000,0.500000
647,0,0,5.000000,0.400000,0.500000
648,1,1,5.000000,0.400000,0.500000
649,1,1,4.000000,0.000000,0.500000
650,0,0,6.000000,0.700000,0.500000
651,1,1,4.000000,0.000000,0.500000
652,0,0,8.000000,0.600000,0.500000
653,1,1,5.000000,0.400000,0.500000
654,1,1,5.000000,0.400000,0.500000
655,0,0,4.000000,0.000000,0.500000
656,0,0,5.000000,0.400000,0.500000
657,0,0,5.000000,0.400000,0.500000
658,1,1,6.000000,0.700000,0.500000
659,0,0,4.000000,0.000000,0.500000
660,0,0,5.000000,0.400000,0.500000
661,1,1,6.000000,0.700000,0.500000
662,0,0,5.000000,0.400000,0.500000
663,1,1,4.000000,0.000000,0.500000
664,0,0,4.000000,0.000000,0.500000
665,0,0,5.000000,0.400000,0.500000
666,1,1,9.000000,0.900000,0.500000
667,1,1,5.000000,0.400000,0.500000
668,1,1,6.000000,0.900000,0.500000
669,1,1,4.000000,0.000000,0.500000
670,0,0,6.000000,0.700000,0.500000
671,0,0,4.000000,0.000000,0.500000
672,0,1,10.000000,0.900000,0.500000
673,0,0,5.000000,0.400000,0.500000
674,0,0,6.000000,0.900000,0.500000
675,1,1,5.000000,0.400000,0.500000
676,1,1,5.000000,0.400000,0.500000
677,1,1,4.000000,0.000000,0.500000
678,1,0,5.000000,0.400000,0.500000
679,1,1,5.000000,0.400000,0.500000
680,0,0,6.000000,0.700000,0.500000
681,0,0,5.000000,0.400000,0.500000
682,0,0,8.000000,0.800000,0.500000
683,1,0,6.000000,0.700000,0.500000
684,0,0,5.000000,0.400000,0.500000
685,1,1,5.000000,0.400000,0.500000
686,1,1,4.000000,0.000000,0.500000
687,1,1,6.000000,0.700000,0.500000
688,1,1,4.000000,0.000000,0.500000
689,0,1,5.000000,0.400000,0.500000
690,0,0,6.000000,0.700000,0.500000
691,0,1,5.000000,0.800000,0.500000
692,0,0,4.000000,0.000000,0.500000
693,0,0,7.000000,0.800000,0.500000
694,1,1,8.000000,0.900000,0.500000
695,0,0,7.000000,0.800000,0.500000
696,1,1,5.000000,0.400000,0.500000
697,0,0,4.000000,0.000000,0.500000
698,1,1,7.000000,0.900000,0.500000
699,1,0,6.000000,0.700000,0.500000
700,1,1,4.000000,0.000000,0.500000
701,1,1,5.000000,0.400000,0.500000
702,1,1,4.000000,0.000000,0.500000
703,1,1,5.000000,0.400000,0.500000
704,0,0,4.000000,0.000000,0.500000
705,1,1,5.000000,0.400000,0.500000
706,0,0,8.000000,0.900000,0.500000
707,0,0,4.000000,0.000000,0.500000
708,0,0,5.000000,0.400000,0.500000
709,0,0,4.000000,0.000000,0.500000
710,1,1,6.000000,0.700000,0.500000
711,0,0,6.000000,0.700000,0.500000
712,1,1,5.000000,0.400000,0.500000
713,0,0,6.000000,0.700000,0.500000
714,0,0,6.000000,0.700000,0.500000
715,1,1,4.000000,0.000000,0.500000
716,1,1,8.000000,0.900000,0.500000
717,1,1,8.000000,0.800000,0.500000
718,0,0,8.000000,0.900000,0.500000
719,0,1,7.000000,0.800000,0.500000
720,1,1,5.000000,0.400000,0.500000
721,0,0,4.000000,0.000000,0.500000
722,0,0,5.000000,0.400000,0.500000
723,0,0,7.000000,0.900000,0.500000
724,1,1,8.000000,0.900000,0.500000
725,0,0,4.000000,0.000000,0.500000
726,0,0,5.000000,0.400000,0.500000
727,1,1,5.000000,0.400000,0.500000
728,1,1,7.000000,0.800000,0.500000
729,0,0,8.000000,0.800000,0.500000
730,0,0,5.000000,0.400000,0.500000
731,0,0,10.000000,0.900000,0.500000
732,1,1,5.000000,0.400000,0.500000
733,0,0,13.000000,1.000000,0.500000
734,0,0,6.000000,0.700000,0.500000
735,0,0,5.000000,0.400000,0.500000
736,0,0,4.000000,0.000000,0.500000
737,0,0,4.000000,0.000000,0.500000
738,1,0,4.000000,0.000000,0.500000
739,0,0,5.000000,0.400000,0.500000
740,0,0,5.000000,0.400000,0.500000
741,1,1,6.000000,0.700000,0.500000
742,0,0,6.000000,0.700000,0.500000
743,1,0,6.000000,0.700000,0.500000
744,1,1,4.000000,0.000000,0.500000
745,1,1,4.000000,0.000000,0.500000
746,1,1,5.000000,0.400000,0.500000
747,1,1,4.000000,0.000000,0.500000
748,1,1,4.000000,0.000000,0.500000
749,0,0,4.000000,0.000000,0.500000
750,1,1,5.000000,0.400000,0.500000
751,1,1,8.000000,0.800000,0.500000
752,1,1,5.000000,0.400000,0.500000
753,1,1,12.000000,1.000000,0.500000
754,0,0,5.000000,0.400000,0.500000
755,0,0,6.000000,0.700000,0.500000
756,0,0,4.000000,0.000000,0.500000
757,0,0,4.000000,0.000000,0.500000
758,1,1,4.000000,0.000000,0.500000
759,1,1,9.000000,1.000000,0.500000
760,0,0,5.000000,0.400000,0.500000
761,0,0,4.000000,0.000000,0.500000
762,0,0,5.000000,0.400000,0.500000
763,0,0,5.000000,0.400000,0.500000
764,0,0,4.000000,0.000000,0.500000
765,0,0,4.000000,0.000000,0.500000
766,0,0,4.000000,0.000000,0.500000
767,0,0,5.000000,0.400000,0.500000
768,1,1,5.000000,0.400000,0.500000
769,1,1,4.000000,0.000000,0.500000
770,1,1,5.000000,0.400000,0.500000
771,1,1,5.000000,0.400000,0.500000
772,1,1,5.000000,0.400000,0.500000
773,1,1,4.000000,0.000000,0.500000
774,1,1,4.000000,0.000000,0.500000
775,1,1,4.000000,0.000000,0.500000
776,0,0,4.000000,0.000000,0.500000
777,1,1,4.000000,0.000000,0.500000
778,0,0,5.000000,0.400000,0.500000
779,1,1,5.000000,0.400000,0.500000
780,0,0,5.000000,0.400000,0.500000
781,1,1,4.000000,0.000000,0.500000
782,1,1,8.000000,0.600000,0.500000
783,1,1,4.000000,0.000000,0.500000
784,0,0,4.000000,0.000000,0.500000
785,1,1,4.000000,0.000000,0.500000
786,1,1,5.000000,0.400000,0.500000
787,0,0,10.000000,0.800000,0.500000
788,0,0,5.000000,0.400000,0.500000
789,1,1,9.000000,0.900000,0.500000
790,0,0,7.000000,0.700000,0.500000
791,0,0,5.000000,0.400000,0.500000
792,1,1,9.000000,1.000000,0.500000
793,1,1,4.000000,0.000000,0.500000
794,0,0,4.000000,0.000000,0.500000
795,1,1,4.000000,0.000000,0.500000
796,0,0,6.000000,0.900000,0.500000
797,0,0,6.000000,0.700000,0.500000
798,0,0,4.000000,0.000000,0.500000
799,0,0,4.000000,0.000000,0.500000
800,0,0,4.000000,0.000000,0.500000
801,0,0,9.000000,0.900000,0.500000
802,0,0,7.000000,0.800000,0.500000
803,0,0,4.000000,0.000000,0.500000
804,0,0,11.000000,1.000000,0.500000
805,1,1,4.000000,0.000000,0.500000
806,0,0,4.000000,0.000000,0.500000
807,0,0,4.000000,0.000000,0.500000
808,0,0,4.000000,0.000000,0.500000
809,0,0,4.000000,0.000000,0.500000
810,0,0,6.000000,0.700000,0.500000
811,0,0,6.000000,0.700000,0.500000
812,1,0,6.000000,0.700000,0.500000
813,0,0,5.000000,0.400000,0.500000
814,0,0,5.000000,0.400000,0.500000
815,1,1,5.000000,0.400000,0.500000
816,1,1,4.000000,0.000000,0.500000
817,0,0,6.000000,0.700000,0.500000
818,1,1,5.000000,0.400000,0.500000
819,0,0,5.000000,0.400000,0.500000
820,1,0,12.000000,0.900000,0.500000
821,0,0,7.000000,0.700000,0.500000
822,1,1,4.000000,0.000000,0.500000
823,0,0,4.000000,0.000000,0.500000
824,1,1,6.000000,0.700000,0.500000
825,1,1,4.000000,0.000000,0.500000
826,0,0,7.000000,0.700000,0.500000
827,0,1,4.000000,0.000000,0.500000
828,1,1,6.000000,0.700000,0.500000
829,0,0,4.000000,0.000000,0.500000
830,1,1,5.000000,0.400000,0.500000
831,1,1,4.000000,0.000000,0.500000
832,1,1,5.000000,0.400000,0.500000
833,0,0,6.000000,0.900000,0.500000
834,0,1,8.000000,0.900000,0.500000
835,1,1,8.000000,0.800000,0.500000
836,1,1,7.000000,0.800000,0.500000
837,0,0,5.000000,0.400000,0.500000
838,1,1,5.000000,0.400000,0.500000
839,1,1,4.000000,0.000000,0.500000
840,0,0,4.000000,0.000000,0.500000
841,0,0,6.000000,0.700000,0.500000
842,1,1,5.000000,0.400000,0.500000
843,0,0,4.000000,0.000000,0.500000
844,0,0,6.000000,0.700000,0.500000
845,0,1,5.000000,0.400000,0.500000
846,1,1,5.000000,0.400000,0.500000
847,1,1,5.000000,0.400000,0.500000
848,0,1,6.000000,0.700000,0.500000
849,0,1,9.000000,0.900000,0.500000
850,1,1,4.000000,0.000000,0.500000
851,0,0,4.000000,0.000000,0.500000
852,1,1,5.000000,0.400000,0.500000
853,1,1,4.000000,0.000000,0.500000
854,1,1,6.000000,0.700000,0.500000
855,1,1,4.000000,0.000000,0.500000
856,0,0,9.000000,0.900000,0.500000
857,0,0,5.000000,0.400000,0.500000
858,1,1,4.000000,0.000000,0.500000
859,1,0,5.000000,0.400000,0.500000
860,1,1,5.000000,0.400000,0.500000
861,0,0,6.000000,0.900000,0.500000
862,1,1,5.000000,0.400000,0.500000
863,1,1,5.000000,0.400000,0.500000
864,1,1,5.000000,0.400000,0.500000
865,0,0,4.000000,0.000000,0.500000
866,0,0,4.000000,0.000000,0.500000
867,0,0,14.000000,1.000000,0.500000
868,1,1,8.000000,0.800000,0.500000
869,1,1,4.000000,0.000000,0.500000
870,0,0,4.000000,0.000000,0.500000
871,0,0,4.000000,0.000000,0.500000
872,0,0,4.000000,0.000000,0.500000
873,1,1,8.000000,0.900000,0.500000
874,0,0,6.000000,0.700000,0.500000
875,0,0,10.000000,0.900000,0.500000
876,1,1,5.000000,0.400000,0.500000
877,1,1,5.000000,0.400000,0.500000
878,1,1,6.000000,0.700000,0.500000
879,1,1,5.000000,0.400000,0.500000
880,0,0,8.000000,0.600000,0.500000
881,1,1,4.000000,0.000000,0.500000
882,0,0,5.000000,0.400000,0.500000
883,1,1,4.000000,0.000000,0.500000
884,0,0,5.000000,0.400000,0.500000
885,1,1,5.000000,0.400000,0.500000
886,0,0,4.000000,0.000000,0.500000
887,1,1,5.000000,0.400000,0.500000
888,1,1,5.000000,0.400000,0.500000
889,0,0,5.000000,0.400000,0.500000
890,1,1,5.000000,0.400000,0.500000
891,1,1,5.000000,0.400000,0.500000
892,1,1,5.000000,0.800000,0.500000
893,1,1,8.000000,0.800000,0.500000
894,0,0,7.000000,0.700000,0.500000
895,0,0,5.000000,0.400000,0.500000
896,1,1,5.000000,0.400000,0.500000
897,1,1,10.000000,0.800000,0.500000
898,0,0,10.000000,0.800000,0.500000
899,1,1,6.000000,0.700000,0.500000
900,0,0,6.000000,0.700000,0.500000
901,1,1,5.000000,0.400000,0.500000
902,0,0,6.000000,0.700000,0.500000
903,0,0,5.000000,0.400000,0.500000
904,0,0,6.000000,0.700000,0.500000
905,1,1,6.000000,0.700000,0.500000
906,1,1,6.000000,0.700000,0.500000
907,1,1,5.000000,0.400000,0.500000
908,0,0,5.000000,0.400000,0.500000
909,1,1,7.000000,0.700000,0.500000
910,0,1,5.000000,0.800000,0.500000
911,0,0,7.000000,0.700000,0.500000
912,0,0,5.000000,0.400000,0.500000
913,1,1,6.000000,0.700000,0.500000
914,1,1,8.000000,0.800000,0.500000
915,0,0,5.000000,0.800000,0.500000
916,0,0,5.000000,0.400000,0.500000
917,1,1,4.000000,0.000000,0.500000
918,0,0,5.000000,0.400000,0.500000
919,0,0,4.000000,0.000000,0.500000
920,1,1,4.000000,0.000000,0.500000
921,1,1,5.000000,0.400000,0.500000
922,0,0,4.000000,0.000000,0.500000
923,0,0,4.000000,0.000000,0.500000
924,0,1,8.000000,0.900000,0.500000
925,0,0,4.000000,0.000000,0.500000
926,1,1,5.000000,0.400000,0.500000
927,1,1,5.000000,0.400000,0.500000
928,0,1,6.000000,0.700000,0.500000
929,1,1,4.000000,0.000000,0.500000
930,1,1,4.000000,0.000000,0.500000
931,1,1,8.000000,0.900000,0.500000
932,0,0,4.000000,0.000000,0.500000
933,0,0,5.000000,0.400000,0.500000
934,1,1,4.000000,0.000000,0.500000
935,1,1,5.000000,0.400000,0.500000
936,1,1,4.000000,0.000000,0.500000
937,0,0,8.000000,0.800000,0.500000
938,0,1,5.000000,0.400000,0.500000
939,0,0,11.000000,1.000000,0.500000
940,0,0,4.000000,0.000000,0.500000
941,1,1,5.000000,0.400000,0.500000
942,0,0,6.000000,0.700000,0.500000
943,1,1,6.000000,0.700000,0.500000
944,1,1,4.000000,0.000000,0.500000
945,0,0,4.000000,0.000000,0.500000
946,1,1,5.000000,0.400000,0.500000
947,0,0,4.000000,0.000000,0.500000
948,1,1,5.000000,0.400000,0.500000
949,0,0,4.000000,0.000000,0.500000
950,1,1,10.000000,0.900000,0.500000
951,1,1,6.000000,0.700000,0.500000
952,1,1,4.000000,0.000000,0.500000
953,1,1,4.000000,0.000000,0.500000
954,1,1,6.000000,0.900000,0.500000
955,0,0,4.000000,0.000000,0.500000
956,1,1,7.000000,0.700000,0.500000
957,0,0,6.000000,0.700000,0.500000
958,1,1,5.000000,0.400000,0.500000
959,0,0,4.000000,0.000000,0.500000
960,0,0,4.000000,0.000000,0.500000
961,0,0,9.000000,1.000000,0.500000
962,1,1,5.000000,0.400000,0.500000
963,1,1,4.000000,0.000000,0.500000
964,1,1,6.000000,0.700000,0.500000
965,1,1,6.000000,0.700000,0.500000
966,0,0,7.000000,0.900000,0.500000
967,1,1,6.000000,0.700000,0.500000
968,0,1,5.000000,0.400000,0.500000
969,0,0,4.000000,0.000000,0.500000
970,1,1,4.000000,0.000000,0.500000
971,1,1,4.000000,0.000000,0.500000
972,1,1,4.000000,0.000000,0.500000
973,1,1,8.000000,0.800000,0.500000
974,0,0,4.000000,0.000000,0.500000
975,0,0,4.000000,0.000000,0.500000
976,1,1,4.000000,0.000000,0.500000
977,1,1,5.000000,0.400000,0.500000
978,0,0,5.000000,0.400000,0.500000
979,0,0,4.000000,0.000000,0.500000
980,0,0,5.000000,0.400000,0.500000
981,1,0,6.000000,0.700000,0.500000
982,1,1,5.000000,0.400000,0.500000
983,0,0,5.000000,0.400000,0.500000
984,1,1,4.000000,0.000000,0.500000
985,0,0,6.000000,0.700000,0.500000
986,0,0,4.000000,0.000000,0.500000
987,0,0,4.000000,0.000000,0.500000
988,1,1,5.000000,0.400000,0.500000
989,0,0,5.000000,0.400000,0.500000
990,1,1,4.000000,0.000000,0.500000
991,1,1,5.000000,0.400000,0.500000
992,0,0,9.000000,0.900000,0.500000
993,1,1,4.000000,0.000000,0.500000
994,1,1,6.000000,0.700000,0.500000
995,0,0,7.000000,0.700000,0.500000
996,0,0,7.000000,0.900000,0.500000
997,0,0,4.000000,0.000000,0.500000
998,0,0,5.000000,0.400000,0.500000
999,1,1,4.000000,0.000000,0.500000
WorkerID,Gamma,TrueGamma
218,0.407856,0.272334
262,0.423358,0.698083
95,0.573946,1.386747
176,0.529459,1.233040
202,0.544106,1.060569
801,0.523088,1.831562
626,0.497010,1.228245
341,0.509562,1.298354
180,0.531717,1.388778
595,0.483602,0.601940
773,0.528760,1.295253
319,0.468148,0.689563
732,0.509800,0.928203
655,0.501504,0.810961
704,0.438564,1.003941
187,0.506180,1.877877
906,0.601233,1.049685
264,0.523503,0.685394
709,0.501851,1.227022
677,0.424359,0.410836
242,0.481384,1.271435
167,0.592475,1.575826
395,0.427911,1.096840
829,0.421484,1.802451
117,0.448758,1.068084
585,0.466141,1.091215
476,0.531703,0.977460
496,0.470292,1.078594
221,0.502987,0.577549
831,0.628136,0.434668
730,0.476590,0.645689
561,0.512981,0.968361
256,0.575067,1.628894
682,0.602806,0.793187
992,0.607562,1.030803
219,0.569432,1.516698
207,0.426628,1.036507
47,0.493661,1.418719
364,0.526712,2.483105
554,0.478977,0.606938
7,0.489973,0.744468
281,0.431917,1.100035
899,0.498977,1.495666
635,0.619736,1.404162
53,0.545236,2.530244
778,0.498845,1.343439
356,0.587118,1.515924
731,0.539329,1.779486
844,0.438891,0.788245
46,0.509116,0.868724
857,0.507562,0.903551
871,0.498157,1.309065
93,0.451644,1.387870
449,0.518089,1.162446
9,0.471598,0.934300
156,0.410312,1.033392
307,0.483066,1.147598
160,0.493535,1.078552
692,0.460198,1.196446
279,0.548573,1.983348
357,0.471003,2.327803
881,0.448263,0.248861
949,0.481391,0.490434
545,0.434241,0.638926
706,0.494723,0.640648
743,0.529009,0.625584
120,0.444161,1.786185
34,0.505407,1.365397
719,0.536725,1.300948
489,0.481570,0.981423
318,0.437450,1.280017
355,0.498310,0.931643
667,0.401417,0.306375
785,0.436758,0.538785
862,0.524112,1.457901
290,0.546576,1.616281
314,0.510863,2.094250
755,0.434079,0.751699
162,0.544447,1.099090
348,0.481940,0.350180
230,0.417784,0.527169
222,0.530320,1.322558
924,0.508381,0.996116
475,0.531250,0.540732
747,0.506935,0.910426
113,0.420650,0.827687
295,0.462612,0.651800
789,0.515207,1.143287
616,0.597344,1.900718
894,0.448774,0.627385
517,0.528525,1.738883
289,0.543755,1.661902
883,0.430424,0.718151
544,0.442167,1.094485
14,0.498104,0.994950
890,0.502033,1.052205
335,0.524711,1.053865
878,0.469914,1.728760
999,0.586100,1.508811
405,0.491716,0.974623
775,0.455912,2.533734
807,0.465751,2.698576
58,0.473251,0.816159
758,0.615942,0.897870
910,0.596457,1.559642
478,0.613235,2.279062
830,0.440307,0.379145
500,0.442610,0.729316
369,0.536697,1.326547
101,0.494868,0.896516
39,0.429768,0.222750
481,0.462361,3.173114
735,0.464286,0.978727
498,0.600211,1.560645
631,0.479954,2.639446
100,0.465645,1.572841
547,0.442115,0.931337
418,0.432611,0.516803
168,0.452833,0.709137
389,0.435679,1.414439
124,0.429607,0.619417
771,0.409136,0.402041
608,0.424709,0.777103
240,0.481118,1.760441
770,0.457997,1.257735
484,0.420022,2.460483
726,0.430447,0.598589
244,0.465953,0.821443
944,0.553056,1.090571
104,0.434286,0.816387
592,0.538019,1.516236
564,0.487429,0.469729
486,0.572410,1.474963
569,0.483271,0.992050
946,0.437381,0.829232
450,0.484349,1.612629
27,0.571457,2.264042
125,0.482761,0.884107
122,0.508666,0.464909
200,0.595014,0.952434
287,0.528911,1.385209
109,0.507063,2.112934
571,0.427033,1.091551
576,0.586432,2.068872
253,0.471936,1.625500
818,0.576658,0.429112
913,0.429143,0.225468
912,0.481140,0.180486
619,0.492416,0.667967
463,0.459227,1.073363
845,0.499946,0.832896
674,0.579899,1.937266
69,0.440368,0.734275
198,0.438982,2.359091
352,0.547716,1.722693
350,0.416499,2.496816
702,0.459439,0.819982
607,0.476960,1.077472
909,0.479883,0.986436
196,0.481271,1.062418
344,0.430513,1.338601
451,0.384720,0.478663
548,0.507865,1.976519
83,0.459306,0.816391
438,0.493738,0.613069
602,0.457734,1.061894
448,0.406642,1.239580
821,0.489442,1.237499
816,0.573907,1.106836
606,0.471420,0.779311
848,0.480302,1.878827
951,0.433270,0.481691
499,0.530474,1.021831
280,0.560374,1.241687
627,0.442249,1.280870
363,0.440409,0.519580
75,0.509099,0.694045
197,0.577402,1.364321
808,0.422053,0.888369
73,0.431141,1.744527
161,0.486748,1.528274
157,0.478592,0.579657
211,0.440186,0.310043
446,0.515311,0.542498
89,0.485824,0.415991
251,0.474443,0.490242
958,0.483519,0.306275
459,0.432554,1.717502
920,0.572967,1.024471
877,0.470876,0.690556
480,0.444541,1.498139
666,0.446324,0.602100
30,0.529459,0.728901
60,0.550511,1.273609
255,0.422643,0.507494
186,0.511786,0.787809
549,0.396044,0.440538
540,0.504502,0.530642
276,0.410646,0.405437
479,0.412942,2.120034
684,0.594176,0.875591
856,0.474402,1.394166
199,0.490343,0.997903
560,0.516894,1.506380
482,0.644623,0.819944
942,0.468302,0.604140
25,0.476791,0.647302
158,0.529167,2.786333
381,0.446726,0.709283
859,0.496564,0.745453
784,0.495634,0.205252
406,0.439607,0.239788
843,0.440865,1.259439
71,0.424622,0.516221
224,0.469874,0.655116
982,0.642107,2.109683
153,0.443985,0.892972
3,0.461102,1.065351
863,0.428112,1.192081
698,0.421623,0.890883
373,0.458882,0.610122
583,0.448504,0.528666
687,0.590860,1.410132
138,0.508848,0.747728
340,0.439484,1.272223
273,0.492405,0.684044
533,0.457415,0.468646
97,0.512369,1.242083
615,0.448063,1.757536
181,0.579038,2.659356
528,0.457002,0.446900
874,0.431642,1.729675
678,0.425388,0.628493
327,0.459103,1.299017
257,0.431586,1.358978
695,0.487600,1.609504
18,0.447831,0.476223
708,0.526182,1.867294
260,0.510265,1.661503
817,0.491851,0.472060
850,0.423120,0.390144
833,0.452470,1.877933
539,0.448918,0.624534
658,0.466577,1.184139
66,0.490334,0.454014
620,0.514100,1.137402
179,0.532014,1.561828
858,0.426962,0.610390
375,0.436784,0.206348
933,0.428960,2.745360
379,0.433449,1.488917
907,0.506183,0.762369
664,0.541179,1.996854
145,0.414744,1.412522
546,0.470839,0.844303
699,0.457912,1.761820
611,0.505327,1.014072
64,0.512445,0.930895
456,0.552835,1.410775
752,0.473974,1.499645
55,0.402191,0.449351
919,0.543143,2.102900
268,0.501481,1.263656
577,0.434747,2.215542
896,0.557680,1.198733
330,0.537417,1.703951
208,0.429825,1.142193
936,0.622452,1.370618
779,0.479014,1.724884
865,0.396168,1.056134
847,0.419062,2.073201
68,0.514130,0.772984
501,0.477449,0.801020
610,0.573679,1.248266
282,0.479149,1.446291
929,0.457471,0.369912
803,0.487509,0.222414
524,0.504333,1.110492
868,0.447283,0.872317
79,0.464950,1.295200
968,0.478476,1.063999
454,0.539845,0.910639
23,0.522350,1.511400
298,0.486895,1.619966
190,0.422480,0.826688
227,0.479108,0.889903
248,0.468931,0.934438
723,0.493251,2.002408
531,0.424977,0.887475
111,0.460117,0.593315
736,0.485826,2.011080
840,0.519292,1.253545
205,0.476934,1.088474
320,0.512077,1.841646
904,0.630240,2.289277
278,0.487134,1.872473
325,0.512668,1.418497
191,0.605328,1.275269
663,0.637475,2.320986
632,0.450717,1.195515
940,0.546927,1.011984
229,0.536478,1.625515
676,0.468172,1.083099
141,0.617062,0.915466
48,0.549873,1.864914
223,0.529166,1.651374
722,0.623757,1.596659
650,0.527466,1.343000
727,0.484306,1.153257
826,0.481784,0.417654
914,0.482623,0.831463
232,0.513269,0.567234
981,0.550311,0.780092
928,0.513980,0.512710
33,0.534484,1.317283
537,0.491140,2.074919
390,0.519106,1.483274
710,0.572178,0.884549
671,0.572050,1.247578
171,0.503511,0.701220
916,0.542723,1.579181
623,0.497497,1.125453
683,0.542302,1.296221
164,0.514717,0.488303
494,0.558754,1.098895
836,0.542213,0.990335
757,0.468712,0.722755
254,0.553697,1.183461
902,0.483581,1.178985
436,0.558737,0.618415
502,0.499366,0.191540
526,0.582430,1.454445
618,0.548223,1.286706
91,0.458695,0.636547
401,0.630050,2.154548
426,0.485533,1.283673
43,0.501337,1.118689
249,0.599258,1.656493
812,0.543022,1.055347
625,0.485598,0.367686
422,0.545104,1.053770
63,0.544035,0.567131
872,0.513317,0.780789
386,0.517778,0.391313
201,0.687594,2.335576
56,0.666321,1.877960
973,0.483596,1.444353
669,0.475534,1.297817
114,0.579381,1.707157
828,0.583774,1.022938
657,0.583641,0.848523
901,0.490174,0.657731
668,0.569605,0.979607
442,0.520386,0.666493
813,0.610685,1.148168
147,0.491368,0.799751
420,0.646092,1.569602
768,0.572383,1.433951
670,0.479977,0.491666
385,0.545178,1.611787
52,0.458527,0.882941
691,0.537944,1.056565
345,0.595390,1.798510
839,0.522284,0.673865
491,0.508140,0.636506
603,0.457888,1.124483
487,0.477271,1.803556
711,0.578324,0.954228
879,0.522370,1.163172
934,0.585559,0.334376
889,0.454607,1.145840
215,0.529112,1.859944
741,0.476663,1.465067
324,0.444139,0.567981
72,0.518525,1.068089
566,0.535872,2.215581
112,0.533558,0.538221
705,0.500396,0.789457
183,0.592206,2.188374
989,0.584548,1.044370
712,0.589260,1.190772
415,0.473409,0.874596
716,0.501598,1.739310
637,0.525418,0.476902
455,0.591856,1.256810
522,0.636357,1.906226
301,0.528021,0.906148
92,0.491130,0.477006
948,0.574121,1.594708
216,0.639610,1.825074
898,0.590327,2.137288
846,0.614561,1.731115
766,0.532152,1.272218
16,0.738331,2.396053
601,0.536585,0.872967
693,0.514164,0.854956
362,0.599837,1.805915
237,0.537323,0.535025
703,0.492659,0.515955
556,0.551629,0.991986
417,0.593851,0.878004
26,0.676549,1.308389
6,0.479301,1.516044
962,0.494636,0.488074
690,0.495581,1.519187
460,0.485032,1.114994
272,0.622200,1.145678
739,0.532100,1.350738
593,0.513773,0.599665
926,0.551042,1.085254
961,0.475601,0.858373
247,0.478281,0.730781
587,0.649695,0.949003
293,0.540609,1.070670
467,0.506330,1.369398
998,0.538293,1.535706
70,0.460311,1.151382
782,0.520174,3.320639
148,0.497728,0.107603
780,0.698490,3.014912
892,0.574637,0.809371
393,0.651545,1.463225
195,0.527227,1.055230
927,0.636527,1.326401
5,0.574330,0.307512
860,0.603280,0.426864
628,0.623085,1.829827
465,0.584025,0.515404
581,0.529375,0.792226
634,0.691713,1.737897
170,0.493417,1.053042
647,0.546694,1.329238
209,0.529726,1.449152
721,0.568507,0.839310
174,0.535512,0.537266
416,0.476062,0.603811
441,0.513819,0.772866
259,0.519375,1.802922
62,0.618931,1.092267
323,0.594303,1.092294
266,0.514747,0.844469
347,0.527638,1.551548
557,0.533954,2.092263
453,0.533091,1.474735
94,0.536392,0.768467
204,0.521432,0.744628
397,0.559988,0.863494
464,0.550655,0.988190
150,0.561746,1.788721
884,0.585727,1.298675
35,0.517697,1.028525
316,0.593533,0.907641
425,0.568688,0.521592
510,0.524299,0.909985
177,0.491192,0.790940
342,0.530619,1.121457
427,0.606667,0.963365
505,0.528003,2.204914
74,0.559616,1.033751
22,0.521800,0.819200
788,0.537901,3.362766
543,0.466751,0.788615
590,0.522226,0.989166
624,0.519206,0.374182
714,0.551470,1.268573
193,0.540145,1.672292
338,0.683860,1.370408
900,0.480102,0.655904
596,0.526089,1.109976
407,0.549335,1.120502
905,0.647103,1.563527
126,0.561443,2.008116
300,0.491117,0.360508
28,0.534012,0.758501
965,0.553832,0.998465
638,0.484522,0.881345
680,0.608143,0.943388
86,0.559992,1.306024
246,0.561797,0.995677
749,0.545066,0.664628
469,0.480528,0.955339
867,0.640414,1.152863
241,0.557451,0.824109
127,0.514753,0.791470
886,0.534034,0.964292
291,0.530651,1.970262
235,0.586856,1.210864
841,0.533128,0.289633
696,0.581060,1.094793
955,0.551029,0.823610
329,0.499487,2.197680
508,0.455893,1.346822
267,0.574242,0.700682
32,0.611007,0.815880
621,0.546365,1.471523
404,0.550088,1.728471
503,0.556693,0.669026
748,0.478269,1.247165
660,0.449821,0.495365
189,0.492059,0.470522
409,0.622589,2.141850
429,0.579249,2.298231
118,0.525348,0.142442
661,0.449686,0.945598
679,0.540583,0.906680
402,0.629812,2.058155
527,0.588612,1.460787
447,0.576909,1.950029
513,0.606834,1.022644
365,0.492123,1.635312
42,0.510804,0.547743
642,0.645239,0.970713
371,0.483097,2.468548
599,0.511804,1.738405
462,0.522405,1.055584
536,0.602085,1.303125
452,0.498827,0.439917
718,0.618369,1.335473
121,0.553093,1.074894
645,0.480994,0.444094
103,0.486637,0.459866
361,0.631134,3.035083
398,0.625871,0.668930
411,0.541306,0.300595
594,0.607781,2.183642
368,0.467400,0.614718
59,0.470590,1.067360
939,0.487113,0.776955
421,0.603932,1.789848
800,0.463519,0.809389
509,0.452728,1.681734
423,0.497009,1.180825
584,0.585232,1.867277
317,0.520622,1.036276
377,0.453546,0.637531
144,0.575327,1.742757
893,0.582912,1.353900
573,0.535139,1.102527
612,0.620732,1.480982
37,0.536674,1.989436
102,0.573747,0.458025
12,0.724950,2.061351
137,0.522937,2.479630
61,0.496698,0.712529
285,0.593190,1.543025
45,0.596581,2.912709
396,0.499837,1.755566
41,0.505189,0.818959
908,0.538438,0.204186
366,0.497121,0.381459
322,0.492618,1.293015
10,0.453484,0.506795
945,0.569762,0.934838
78,0.505858,1.100726
820,0.611860,0.622673
971,0.496506,1.385199
733,0.708338,1.260216
430,0.455153,1.549134
284,0.491563,0.723603
672,0.581012,1.112307
234,0.469802,1.076042
888,0.576349,0.519945
701,0.558104,0.901122
767,0.514881,1.641653
40,0.502485,1.600307
203,0.536750,1.286938
979,0.500747,0.857746
725,0.520329,1.200141
2,0.563051,1.769609
903,0.570403,1.279127
609,0.550552,1.553343
572,0.604343,1.585535
895,0.542278,0.997037
764,0.533738,1.099454
875,0.615982,0.821547
65,0.528337,0.760231
154,0.549080,1.714007
129,0.474000,1.039862
649,0.483803,0.984544
643,0.543079,1.593921
943,0.477315,1.728297
787,0.501473,1.281396
265,0.584375,1.171663
853,0.533194,0.413880
675,0.527297,0.679908
384,0.472326,0.831052
431,0.519810,1.392476
333,0.566356,2.542083
367,0.643549,0.860759
20,0.504320,1.481015
299,0.629486,1.188795
250,0.529184,0.212515
811,0.595368,1.809419
303,0.552525,2.220698
579,0.516983,1.132325
993,0.633934,3.026662
562,0.489149,0.676968
854,0.568858,0.854315
483,0.600907,1.661033
220,0.539296,1.520767
786,0.541137,0.846927
646,0.626374,0.975502
334,0.493059,0.833838
274,0.543261,2.140179
133,0.532904,0.299482
15,0.572364,2.181559
737,0.531330,1.154737
977,0.585356,0.712026
542,0.569141,1.208282
605,0.493106,0.255581
152,0.707401,1.552991
382,0.637772,1.169908
622,0.544951,0.432848
128,0.653495,1.936640
688,0.611052,1.321843
388,0.529275,0.849493
292,0.500285,1.544990
149,0.491660,1.271975
466,0.536005,2.084929
44,0.597799,1.201064
882,0.561098,0.780363
36,0.595152,0.543753
983,0.627808,0.552600
81,0.545850,1.031184
673,0.541322,0.941012
135,0.622828,2.037236
640,0.555967,0.952099
428,0.562788,0.693363
697,0.612933,0.717333
414,0.463808,2.149861
520,0.582943,1.404041
412,0.511439,1.317363
515,0.578624,0.655725
521,0.558190,1.530329
54,0.476304,0.490338
866,0.477619,0.991636
495,0.601867,1.836000
864,0.730826,1.961299
589,0.631782,0.769394
746,0.609773,0.600587
852,0.702728,0.739266
614,0.534804,1.973351
659,0.529687,2.331200
360,0.536222,0.447257
116,0.590459,1.179370
98,0.583637,0.717727
358,0.574101,0.997308
985,0.527720,1.600313
802,0.577651,0.874213
511,0.666908,1.439576
107,0.651734,2.207263
586,0.684579,0.747081
792,0.531830,0.687194
523,0.567633,1.834136
210,0.530235,1.019823
497,0.638694,1.591369
760,0.631118,0.829438
24,0.546189,0.661036
302,0.670153,0.503553
597,0.659372,0.474833
332,0.714479,1.297060
563,0.553089,0.754429
159,0.608686,0.872652
997,0.616510,0.488746
321,0.661855,1.855165
143,0.568712,0.541122
535,0.651845,1.212892
525,0.524604,1.323620
819,0.608703,1.209997
445,0.664661,1.927733
652,0.511527,0.791601
986,0.620737,1.678251
918,0.657126,0.696976
805,0.561897,0.561501
38,0.534968,0.434028
471,0.623383,1.718214
532,0.528656,0.415187
575,0.696793,1.263418
728,0.730954,1.412638
518,0.655757,2.101964
473,0.630112,1.351332
648,0.704336,1.592958
633,0.642062,1.235503
921,0.577142,1.039291
472,0.716648,1.399645
493,0.597218,1.546962
326,0.585785,0.638260
213,0.578563,0.395220
339,0.521562,1.181349
252,0.617256,1.179452
90,0.520861,1.205182
490,0.708017,1.922765
277,0.658904,1.320263
328,0.538976,1.131926
82,0.583245,0.995651
897,0.611846,1.609097
776,0.529891,0.709684
938,0.562921,0.469162
400,0.562916,1.257374
935,0.595444,0.893864
488,0.599588,1.061905
781,0.640890,1.024629
506,0.681538,0.456819
507,0.527259,3.038766
271,0.562959,2.484291
917,0.594387,0.514844
963,0.537723,2.815638
656,0.600356,1.106033
558,0.650240,2.178966
514,0.650809,0.933140
984,0.646784,1.381777
194,0.696519,1.041853
551,0.572221,1.726892
383,0.535174,1.338859
378,0.544094,0.942667
769,0.592289,0.780146
613,0.580065,0.798044
932,0.591667,0.462640
825,0.755720,1.224283
294,0.664296,1.510397
629,0.569036,0.960675
304,0.690792,3.674873
110,0.730825,1.550760
391,0.596195,1.589381
559,0.698489,1.610699
140,0.608537,2.004492
275,0.565105,0.461963
206,0.675081,0.927820
941,0.682454,0.920909
504,0.680240,1.663961
336,0.585610,1.214121
823,0.521594,0.502668
762,0.622212,0.856183
869,0.565776,2.054613
960,0.710915,0.909455
644,0.636574,0.609486
29,0.652052,0.895381
880,0.585917,0.922848
795,0.586587,2.354849
374,0.562616,0.798565
931,0.578278,1.156331
988,0.660690,2.122945
485,0.659971,1.030769
665,0.556607,0.567853
651,0.608810,1.026312
534,0.545294,2.348706
851,0.576055,1.033173
954,0.669580,0.884121
794,0.718784,1.844825
987,0.556673,0.857562
750,0.612385,0.937567
966,0.621433,0.872936
80,0.546271,1.174223
226,0.628488,2.124763
228,0.775282,1.698929
791,0.697923,1.127571
891,0.554996,0.745832
67,0.588185,0.758328
996,0.691577,1.268988
297,0.630726,0.853290
19,0.660595,0.525206
354,0.653472,1.145840
580,0.575172,1.000291
565,0.539634,0.525511
11,0.544219,2.294608
923,0.652776,1.525799
832,0.575167,1.043922
835,0.547286,2.458494
439,0.540970,0.793266
269,0.523814,1.645317
550,0.695429,1.591074
756,0.637047,0.867422
922,0.628169,1.606832
444,0.641008,1.801951
182,0.695411,1.712466
827,0.683275,2.060286
440,0.611985,0.245884
433,0.582342,0.576961
887,0.619132,1.223484
994,0.563767,1.282069
777,0.672803,0.904339
458,0.623349,1.518648
686,0.699795,1.538628
530,0.562634,0.413080
630,0.520065,0.574083
343,0.594279,0.691391
700,0.558340,0.982199
212,0.638914,0.596026
432,0.659848,1.965672
724,0.644395,0.709015
217,0.559109,0.795846
185,0.633746,1.154884
353,0.733793,1.528467
681,0.661206,2.696487
969,0.567949,0.469121
970,0.552363,0.786769
774,0.633765,1.040725
641,0.529161,0.464397
155,0.661187,0.885715
849,0.588230,1.393875
653,0.763618,1.766869
57,0.705515,1.155949
734,0.533467,0.870834
392,0.663015,1.539789
331,0.633773,0.829387
751,0.625093,1.902711
974,0.585129,0.917474
306,0.722347,0.361825
50,0.537525,0.272840
806,0.598492,1.038297
49,0.736254,1.930309
346,0.577738,2.083072
387,0.668593,1.194077
745,0.621028,3.028675
288,0.610373,0.762438
911,0.574605,1.169901
591,0.671143,3.205345
980,0.597121,1.183794
541,0.673301,0.939316
403,0.606773,0.931885
861,0.653670,2.545600
720,0.717714,1.207746
753,0.641499,1.421214
315,0.520957,1.120571
754,0.730621,0.786656
815,0.479599,0.788170
106,0.582432,0.980586
131,0.600135,2.418382
991,0.593987,1.538447
925,0.523510,0.661467
84,0.672951,1.120882
855,0.712369,1.752720
740,0.568849,1.363141
915,0.546583,0.259755
937,0.824552,1.691704
31,0.721150,1.530149
598,0.822555,2.214628
947,0.651811,1.183071
214,0.596026,0.730021
783,0.731334,3.119225
394,0.632218,1.507166
953,0.633017,1.780659
713,0.653279,1.527136
236,0.610357,2.308695
349,0.574754,1.377361
286,0.584386,0.665735
13,0.712412,1.267681
995,0.617064,0.964720
424,0.562451,0.982182
689,0.636844,1.495074
172,0.659232,1.189842
0,0.598264,1.490108
636,0.590281,1.285648
990,0.737597,1.475357
492,0.632037,1.579006
976,0.582197,0.903551
115,0.588732,1.477526
967,0.603184,0.433309
717,0.681370,0.974881
238,0.761692,1.480775
173,0.696414,1.821216
308,0.634678,1.366978
772,0.736243,1.706348
175,0.574626,0.669360
765,0.640931,1.162617
96,0.673789,1.060904
468,0.684902,0.917638
376,0.694533,2.767380
512,0.565613,1.374548
370,0.595318,0.658999
729,0.679546,0.915001
578,0.640564,3.571470
192,0.635399,0.762090
239,0.639885,1.675008
763,0.724803,1.696181
233,0.686584,1.947464
337,0.655372,0.844217
600,0.514055,0.546980
978,0.554034,4.183775
796,0.710931,2.167610
270,0.572813,2.449049
797,0.631484,0.492896
434,0.693927,0.447759
87,0.680991,0.631751
567,0.593216,0.352867
410,0.572563,0.541002
225,0.699876,1.810111
582,0.604810,2.496186
310,0.747176,0.946442
419,0.668274,0.595958
793,0.632225,1.983470
885,0.669186,0.998352
243,0.731044,1.088037
529,0.669623,0.875584
959,0.657348,0.507519
305,0.546163,1.574437
139,0.581550,1.129956
132,0.664540,2.079801
283,0.847651,1.782178
231,0.652985,2.313610
516,0.710475,0.552887
99,0.573087,0.774081
972,0.649708,0.538086
742,0.530350,0.269903
804,0.632066,1.631733
296,0.631442,1.813865
838,0.586801,1.525286
474,0.605691,1.533479
744,0.632922,1.046389
105,0.731957,2.556124
950,0.906093,2.017207
639,0.650912,1.072289
435,0.742984,0.722555
443,0.666661,1.787902
662,0.663432,1.279194
738,0.594433,1.948628
457,0.687306,1.658275
309,0.681774,1.185081
617,0.529632,0.922148
399,0.653032,1.273825
555,0.638717,1.016496
834,0.595212,1.506021
408,0.686179,1.574597
930,0.604965,2.446263
759,0.631051,3.260977
477,0.655570,1.343370
142,0.633562,1.495143
956,0.560663,0.689237
413,0.576126,0.745984
134,0.585826,0.921624
4,0.626203,0.741513
163,0.641415,1.152282
957,0.576508,1.303970
952,0.776238,1.688480
130,0.693703,0.631307
790,0.758284,0.550025
552,0.720323,2.829828
245,0.594744,1.137550
8,0.668478,2.054827
568,0.701330,1.879835
17,0.622961,0.756633
964,0.819849,1.338937
188,0.565126,1.459681
380,0.578775,0.792378
169,0.651031,0.783970
85,0.650226,3.888110
311,0.591058,1.568655
519,0.717843,0.616349
146,0.635648,1.005619
461,0.647676,0.932225
685,0.602167,1.204677
538,0.639466,0.904902
824,0.697108,2.069217
108,0.820281,1.424837
437,0.613761,0.130868
359,0.628633,1.710684
799,0.628676,0.908155
975,0.659785,2.104278
876,0.627908,1.405201
88,0.719311,1.279241
312,0.694079,0.917885
761,0.658956,1.586245
822,0.723642,0.719632
258,0.737002,1.257507
166,0.672600,2.120016
178,0.857001,1.123368
263,0.777617,1.266980
351,0.711004,1.248061
810,0.778091,0.591920
1,0.637446,0.831918
715,0.657796,1.080282
136,0.743099,2.079686
809,0.679271,1.431545
77,0.685624,0.791912
165,0.563297,1.474409
119,0.721398,1.484476
123,0.692644,2.212395
814,0.631498,1.552614
261,0.698581,0.794462
184,0.665248,2.721579
694,0.715534,1.169442
151,0.679390,0.972157
604,0.682155,2.814886
21,0.747928,0.981627
574,0.632594,1.812331
51,0.670976,2.536628
870,0.743932,1.319344
654,0.685597,1.008496
313,0.735986,0.852673
553,0.743246,0.923472
873,0.616044,1.508077
837,0.622967,1.546580
570,0.684893,2.192948
76,0.670723,1.065285
798,0.742616,0.684761
588,0.668290,0.404371
470,0.738550,1.818717
372,0.814115,0.777530
Average Cost: 5.600000
Accuracy: 93.700000
Accuracy 0: 100.000000
Cost 0: 4.000000
Accuracy 1: 100.000000
Cost 1: 4.000000
Accuracy 2: 100.000000
Cost 2: 4.000000
Accuracy 3: 100.000000
Cost 3: 4.000000
Accuracy 4: 100.000000
Cost 4: 4.000000
Accuracy 5: 100.000000
Cost 5: 4.000000
Accuracy 6: 100.000000
Cost 6: 4.000000
Accuracy 7: 100.000000
Cost 7: 4.000000
Accuracy 8: 100.000000
Cost 8: 4.000000
Accuracy 9: 100.000000
Cost 9: 4.000000
