ProblemNo,Answer,TrueAnswer,Cost,Difficulty
0,0,0,5.000000,0.000000
1,0,0,5.000000,0.000000
2,0,1,6.000000,0.900000
3,1,1,6.000000,0.400000
4,0,0,11.000000,0.900000
5,0,0,5.000000,0.000000
6,0,0,5.000000,0.000000
7,1,1,5.000000,0.000000
8,1,1,6.000000,0.800000
9,1,1,6.000000,0.400000
10,1,1,5.000000,0.000000
11,0,0,5.000000,0.000000
12,0,0,5.000000,0.000000
13,0,0,6.000000,0.400000
14,0,0,5.000000,0.000000
15,1,1,5.000000,0.000000
16,1,1,5.000000,0.000000
17,0,0,5.000000,0.000000
18,1,1,5.000000,0.000000
19,0,0,6.000000,0.800000
20,1,1,5.000000,0.000000
21,1,1,5.000000,0.000000
22,1,1,5.000000,0.000000
23,0,0,5.000000,0.000000
24,1,1,6.000000,0.400000
25,1,1,20.000000,1.000000
26,1,1,6.000000,0.400000
27,0,0,5.000000,0.000000
28,1,1,7.000000,0.700000
29,0,0,6.000000,0.900000
30,1,1,6.000000,0.400000
31,1,1,5.000000,0.000000
32,0,0,6.000000,0.800000
33,1,1,5.000000,0.000000
34,1,1,5.000000,0.000000
35,1,1,6.000000,0.400000
36,1,1,6.000000,0.400000
37,1,1,6.000000,0.900000
38,0,0,5.000000,0.000000
39,1,1,6.000000,0.800000
40,1,1,5.000000,0.000000
41,0,0,5.000000,0.000000
42,0,0,6.000000,0.400000
43,1,1,7.000000,0.700000
44,1,1,6.000000,0.400000
45,1,1,5.000000,0.000000
46,0,0,6.000000,0.400000
47,1,1,5.000000,0.000000
48,0,0,6.000000,0.400000
49,0,0,5.000000,0.000000
50,0,0,7.000000,0.700000
51,0,0,6.000000,0.400000
52,1,0,6.000000,0.900000
53,0,0,6.000000,0.400000
54,0,0,6.000000,0.800000
55,0,0,5.000000,0.000000
56,0,0,5.000000,0.000000
57,0,1,7.000000,0.900000
58,0,0,6.000000,0.800000
59,0,0,6.000000,0.400000
60,1,1,7.000000,0.900000
61,1,0,5.000000,0.000000
62,0,1,6.000000,0.900000
63,0,0,6.000000,0.400000
64,0,0,6.000000,0.400000
65,1,1,5.000000,0.000000
66,1,1,6.000000,0.400000
67,0,0,6.000000,0.800000
68,0,0,6.000000,0.400000
69,1,1,5.000000,0.000000
70,0,0,10.000000,0.600000
71,0,0,5.000000,0.000000
72,1,1,5.000000,0.000000
73,1,1,5.000000,0.000000
74,0,0,5.000000,0.000000
75,1,1,5.000000,0.000000
76,0,0,5.000000,0.000000
77,1,1,6.000000,0.400000
78,0,0,5.000000,0.000000
79,0,0,6.000000,0.400000
80,1,1,7.000000,0.900000
81,1,1,6.000000,0.800000
82,1,1,5.000000,0.000000
83,0,0,6.000000,0.400000
84,1,1,5.000000,0.000000
85,0,0,5.000000,0.000000
86,1,1,6.000000,0.400000
87,0,0,6.000000,0.400000
88,0,0,6.000000,0.400000
89,1,1,5.000000,0.000000
90,1,1,6.000000,0.400000
91,0,0,5.000000,0.000000
92,0,0,6.000000,0.800000
93,0,0,5.000000,0.000000
94,1,1,5.000000,0.000000
95,1,1,6.000000,0.900000
96,1,1,5.000000,0.000000
97,1,1,6.000000,0.800000
98,0,0,5.000000,0.000000
99,1,1,5.000000,0.000000
100,1,1,6.000000,0.400000
101,1,1,5.000000,0.000000
102,1,1,5.000000,0.000000
103,1,0,6.000000,0.800000
104,1,1,5.000000,0.000000
105,0,0,6.000000,0.900000
106,0,0,5.000000,0.000000
107,1,1,5.000000,0.000000
108,1,1,5.000000,0.000000
109,1,1,6.000000,0.400000
110,1,0,7.000000,0.900000
111,0,0,6.000000,0.400000
112,1,1,5.000000,0.000000
113,0,0,5.000000,0.000000
114,1,1,5.000000,0.000000
115,1,1,5.000000,0.000000
116,0,0,6.000000,0.400000
117,0,0,6.000000,0.400000
118,0,0,5.000000,0.000000
119,1,1,5.000000,0.000000
120,0,0,5.000000,0.000000
121,1,1,5.000000,0.000000
122,0,0,6.000000,0.400000
123,0,0,6.000000,0.400000
124,1,1,5.000000,0.000000
125,1,1,5.000000,0.000000
126,1,0,6.000000,0.400000
127,0,0,5.000000,0.000000
128,0,0,5.000000,0.000000
129,1,1,5.000000,0.000000
130,0,0,5.000000,0.000000
131,1,1,6.000000,0.400000
132,1,1,6.000000,0.400000
133,1,1,6.000000,0.400000
134,1,1,5.000000,0.000000
135,1,1,5.000000,0.000000
136,1,0,6.000000,0.400000
137,0,0,5.000000,0.000000
138,0,0,5.000000,0.000000
139,1,1,5.000000,0.000000
140,0,1,6.000000,0.800000
141,1,1,6.000000,0.400000
142,0,0,6.000000,0.400000
143,1,1,6.000000,0.400000
144,1,1,5.000000,0.000000
145,1,1,6.000000,0.400000
146,1,1,6.000000,0.400000
147,1,1,6.000000,0.400000
148,0,0,5.000000,0.000000
149,1,1,6.000000,0.400000
WorkerID,Gamma
24,0.444730
25,0.485932
27,0.494388
20,0.768105
21,0.849149
22,0.621856
23,0.583372
28,0.753284
29,0.376315
1,0.329798
0,0.784599
3,0.923328
2,0.490401
5,0.425263
4,0.411858
7,0.148191
6,0.204244
9,0.077756
8,0.308298
11,0.500163
10,0.436836
13,0.522474
12,0.488828
15,0.823963
14,0.358502
17,0.530834
16,0.384673
19,0.778213
18,0.451803
31,0.424998
30,0.454433
34,0.578460
33,0.543074
32,0.396842
Average Cost: 5.693333
Accuracy: 93.333333
