ProblemNo,Answer,TrueAnswer,Cost,Difficulty
0,0,0,5.000000,0.000000
1,0,0,5.000000,0.000000
2,1,1,6.000000,0.400000
3,1,1,6.000000,0.400000
4,0,0,12.000000,1.000000
5,0,0,5.000000,0.000000
6,0,0,5.000000,0.000000
7,1,1,5.000000,0.000000
8,0,1,11.000000,0.900000
9,1,1,5.000000,0.000000
10,1,1,5.000000,0.000000
11,0,0,5.000000,0.000000
12,0,0,5.000000,0.000000
13,0,0,6.000000,0.800000
14,0,0,5.000000,0.000000
15,1,1,5.000000,0.000000
16,1,1,6.000000,0.400000
17,0,0,5.000000,0.000000
18,1,1,6.000000,0.400000
19,0,0,6.000000,0.400000
20,1,1,5.000000,0.000000
21,1,1,5.000000,0.000000
22,1,1,5.000000,0.000000
23,0,0,5.000000,0.000000
24,1,1,6.000000,0.400000
25,0,1,10.000000,1.000000
26,1,1,6.000000,0.400000
27,0,0,5.000000,0.000000
28,1,1,5.000000,0.000000
29,1,0,6.000000,0.400000
30,1,1,5.000000,0.000000
31,1,1,5.000000,0.000000
32,0,0,6.000000,0.400000
33,1,1,5.000000,0.000000
34,1,1,5.000000,0.000000
35,1,1,7.000000,0.900000
36,1,1,6.000000,0.400000
37,1,1,6.000000,0.800000
38,0,0,5.000000,0.000000
39,1,1,9.000000,0.600000
40,1,1,5.000000,0.000000
41,0,0,6.000000,0.400000
42,0,0,6.000000,0.400000
43,1,1,8.000000,1.000000
44,1,1,9.000000,0.900000
45,1,1,5.000000,0.000000
46,0,0,5.000000,0.000000
47,1,1,5.000000,0.000000
48,0,0,5.000000,0.000000
49,0,0,5.000000,0.000000
50,0,0,6.000000,0.400000
51,0,0,6.000000,0.400000
52,0,0,10.000000,1.000000
53,1,0,8.000000,0.900000
54,0,0,8.000000,0.900000
55,0,0,5.000000,0.000000
56,0,0,6.000000,0.400000
57,1,1,6.000000,0.400000
58,0,0,5.000000,0.000000
59,0,0,5.000000,0.000000
60,1,1,7.000000,0.700000
61,1,0,5.000000,0.000000
62,1,1,6.000000,0.400000
63,0,0,5.000000,0.000000
64,0,0,6.000000,0.400000
65,1,1,5.000000,0.000000
66,1,1,8.000000,0.700000
67,0,0,6.000000,0.400000
68,0,0,6.000000,0.400000
69,1,1,5.000000,0.000000
70,0,0,8.000000,0.800000
71,0,0,5.000000,0.000000
72,1,1,5.000000,0.000000
73,1,1,5.000000,0.000000
74,0,0,5.000000,0.000000
75,1,1,5.000000,0.000000
76,0,0,5.000000,0.000000
77,1,1,6.000000,0.400000
78,0,0,7.000000,0.600000
79,0,0,5.000000,0.000000
80,0,1,10.000000,0.900000
81,1,1,8.000000,0.900000
82,1,1,6.000000,0.400000
83,0,0,6.000000,0.400000
84,1,1,5.000000,0.000000
85,0,0,5.000000,0.000000
86,1,1,6.000000,0.400000
87,0,0,5.000000,0.000000
88,0,0,5.000000,0.000000
89,1,1,5.000000,0.000000
90,1,1,5.000000,0.000000
91,0,0,5.000000,0.000000
92,1,0,6.000000,0.400000
93,1,0,6.000000,0.900000
94,1,1,5.000000,0.000000
95,1,1,6.000000,0.400000
96,1,1,5.000000,0.000000
97,1,1,5.000000,0.000000
98,0,0,5.000000,0.000000
99,1,1,5.000000,0.000000
100,1,1,6.000000,0.400000
101,1,1,6.000000,0.400000
102,1,1,5.000000,0.000000
103,0,0,5.000000,0.000000
104,1,1,5.000000,0.000000
105,0,0,7.000000,0.700000
106,0,0,5.000000,0.000000
107,1,1,5.000000,0.000000
108,1,1,5.000000,0.000000
109,1,1,6.000000,0.400000
110,1,0,13.000000,1.000000
111,0,0,6.000000,0.400000
112,1,1,5.000000,0.000000
113,0,0,5.000000,0.000000
114,1,1,5.000000,0.000000
115,1,1,6.000000,0.400000
116,0,0,6.000000,0.400000
117,0,0,5.000000,0.000000
118,0,0,6.000000,0.400000
119,1,1,6.000000,0.400000
120,0,0,5.000000,0.000000
121,1,1,5.000000,0.000000
122,0,0,5.000000,0.000000
123,0,0,7.000000,0.900000
124,1,1,5.000000,0.000000
125,1,1,5.000000,0.000000
126,0,0,10.000000,0.900000
127,0,0,5.000000,0.000000
128,0,0,5.000000,0.000000
129,1,1,5.000000,0.000000
130,1,0,7.000000,0.900000
131,1,1,5.000000,0.000000
132,1,1,7.000000,0.300000
133,0,1,9.000000,1.000000
134,1,1,5.000000,0.000000
135,1,1,6.000000,0.400000
136,0,0,5.000000,0.000000
137,0,0,5.000000,0.000000
138,0,0,6.000000,0.400000
139,1,1,5.000000,0.000000
140,1,1,10.000000,0.900000
141,1,1,6.000000,0.400000
142,0,0,7.000000,0.400000
143,1,1,5.000000,0.000000
144,1,1,5.000000,0.000000
145,1,1,6.000000,0.400000
146,1,1,7.000000,0.700000
147,1,1,19.000000,1.000000
148,0,0,5.000000,0.000000
149,1,1,6.000000,0.400000
WorkerID,Gamma
24,0.468165
25,0.496410
26,0.496410
27,0.528824
20,0.469996
21,0.669580
22,0.510213
23,0.481911
28,0.546324
29,0.535195
1,0.469070
0,0.609086
3,0.558609
2,0.484893
5,0.446698
4,0.464841
7,0.485557
6,0.411570
9,0.398506
8,0.408192
11,0.542738
10,0.502510
13,0.598099
12,0.457504
15,0.602260
14,0.474796
17,0.518764
16,0.441299
19,0.485633
18,0.493337
31,0.517884
30,0.464244
33,0.561292
32,0.534532
Average Cost: 6.000000
Accuracy: 92.666667
