ProblemNo,Answer,TrueAnswer,Cost,Difficulty
0,0,0,5.000000,0.000000
1,0,0,5.000000,0.000000
2,1,1,5.000000,0.000000
3,1,1,6.000000,0.400000
4,0,0,6.000000,0.900000
5,0,0,5.000000,0.000000
6,0,0,5.000000,0.000000
7,1,1,6.000000,0.400000
8,0,1,6.000000,0.800000
9,1,1,10.000000,1.000000
10,1,1,5.000000,0.000000
11,0,0,5.000000,0.000000
12,0,0,5.000000,0.000000
13,0,0,6.000000,0.400000
14,0,0,5.000000,0.000000
15,1,1,5.000000,0.000000
16,1,1,5.000000,0.000000
17,0,0,5.000000,0.000000
18,1,1,5.000000,0.000000
19,0,0,5.000000,0.000000
20,1,1,5.000000,0.000000
21,1,1,5.000000,0.000000
22,1,1,5.000000,0.000000
23,0,0,6.000000,0.400000
24,1,1,5.000000,0.000000
25,1,1,6.000000,0.900000
26,1,1,5.000000,0.000000
27,0,0,5.000000,0.000000
28,1,1,5.000000,0.000000
29,1,0,12.000000,0.900000
30,1,1,5.000000,0.000000
31,1,1,5.000000,0.000000
32,0,0,6.000000,0.800000
33,1,1,5.000000,0.000000
34,1,1,5.000000,0.000000
35,1,1,6.000000,0.400000
36,1,1,8.000000,0.600000
37,1,1,6.000000,0.400000
38,0,0,5.000000,0.000000
39,1,1,6.000000,0.800000
40,1,1,5.000000,0.000000
41,0,0,5.000000,0.000000
42,0,0,6.000000,0.400000
43,1,1,14.000000,1.000000
44,1,1,10.000000,0.600000
45,1,1,5.000000,0.000000
46,0,0,5.000000,0.000000
47,1,1,5.000000,0.000000
48,0,0,5.000000,0.000000
49,0,0,5.000000,0.000000
50,0,0,6.000000,0.800000
51,0,0,10.000000,1.000000
52,0,0,6.000000,0.800000
53,0,0,11.000000,1.000000
54,0,0,6.000000,0.400000
55,0,0,5.000000,0.000000
56,0,0,7.000000,0.300000
57,1,1,7.000000,0.300000
58,0,0,6.000000,0.800000
59,0,0,6.000000,0.400000
60,1,1,10.000000,0.700000
61,1,0,5.000000,0.000000
62,1,1,5.000000,0.000000
63,0,0,6.000000,0.800000
64,0,0,6.000000,0.400000
65,1,1,5.000000,0.000000
66,1,1,6.000000,0.400000
67,0,0,6.000000,0.400000
68,0,0,9.000000,0.600000
69,1,1,5.000000,0.000000
70,0,0,6.000000,0.800000
71,0,0,5.000000,0.000000
72,1,1,7.000000,0.300000
73,1,1,5.000000,0.000000
74,0,0,5.000000,0.000000
75,1,1,5.000000,0.000000
76,0,0,5.000000,0.000000
77,1,1,6.000000,0.400000
78,0,0,5.000000,0.000000
79,0,0,6.000000,0.400000
80,1,1,8.000000,0.900000
81,1,1,6.000000,0.800000
82,1,1,5.000000,0.000000
83,0,0,6.000000,0.400000
84,1,1,5.000000,0.000000
85,0,0,5.000000,0.000000
86,1,1,5.000000,0.000000
87,0,0,6.000000,0.400000
88,0,0,6.000000,0.400000
89,1,1,5.000000,0.000000
90,1,1,5.000000,0.000000
91,0,0,5.000000,0.000000
92,0,0,5.000000,0.000000
93,0,0,7.000000,0.900000
94,1,1,5.000000,0.000000
95,1,1,6.000000,0.800000
96,1,1,5.000000,0.000000
97,1,1,6.000000,0.400000
98,0,0,6.000000,0.800000
99,1,1,5.000000,0.000000
100,1,1,5.000000,0.000000
101,1,1,6.000000,0.400000
102,1,1,5.000000,0.000000
103,0,0,6.000000,0.800000
104,1,1,5.000000,0.000000
105,0,0,5.000000,0.000000
106,0,0,5.000000,0.000000
107,1,1,6.000000,0.800000
108,1,1,5.000000,0.000000
109,1,1,7.000000,0.700000
110,1,0,6.000000,0.800000
111,0,0,5.000000,0.000000
112,1,1,5.000000,0.000000
113,0,0,5.000000,0.000000
114,1,1,5.000000,0.000000
115,1,1,6.000000,0.400000
116,0,0,6.000000,0.400000
117,0,0,6.000000,0.800000
118,0,0,5.000000,0.000000
119,1,1,6.000000,0.400000
120,0,0,5.000000,0.000000
121,1,1,5.000000,0.000000
122,0,0,5.000000,0.000000
123,0,0,5.000000,0.000000
124,1,1,10.000000,0.700000
125,1,1,5.000000,0.000000
126,1,0,6.000000,0.400000
127,0,0,6.000000,0.400000
128,0,0,5.000000,0.000000
129,1,1,5.000000,0.000000
130,0,0,5.000000,0.000000
131,1,1,5.000000,0.000000
132,1,1,6.000000,0.400000
133,1,1,6.000000,0.400000
134,1,1,5.000000,0.000000
135,1,1,6.000000,0.400000
136,0,0,10.000000,0.900000
137,0,0,5.000000,0.000000
138,0,0,5.000000,0.000000
139,1,1,5.000000,0.000000
140,0,1,7.000000,0.900000
141,1,1,5.000000,0.000000
142,0,0,7.000000,0.700000
143,1,1,5.000000,0.000000
144,1,1,5.000000,0.000000
145,1,1,6.000000,0.400000
146,1,1,9.000000,1.000000
147,0,1,6.000000,0.800000
148,0,0,5.000000,0.000000
149,1,1,6.000000,0.400000
WorkerID,Gamma
24,0.412759
25,0.472178
26,0.458409
27,0.346406
20,0.505312
21,0.922345
22,0.517455
23,0.412531
28,0.566810
29,0.464176
1,0.599602
0,0.445277
3,0.612161
2,0.557720
5,0.372986
4,0.604095
7,0.227477
6,0.140401
9,0.341753
8,0.404281
11,0.582849
10,0.403525
13,0.765052
12,0.396314
15,0.501522
14,0.510494
17,0.630399
16,0.372176
19,0.808160
18,0.431038
31,0.532030
30,0.373573
33,0.600375
32,0.369612
Average Cost: 5.846667
Accuracy: 95.333333
