ProblemNo,Answer,TrueAnswer,Cost,Difficulty
0,0,0,5.000000,0.000000
1,0,0,5.000000,0.000000
2,1,1,5.000000,0.000000
3,1,1,6.000000,0.800000
4,0,0,7.000000,0.700000
5,0,0,5.000000,0.000000
6,0,0,5.000000,0.000000
7,1,1,5.000000,0.000000
8,0,1,6.000000,0.800000
9,1,1,6.000000,0.800000
10,1,1,5.000000,0.000000
11,0,0,6.000000,0.400000
12,0,0,5.000000,0.000000
13,0,0,8.000000,0.700000
14,0,0,5.000000,0.000000
15,1,1,5.000000,0.000000
16,1,1,5.000000,0.000000
17,0,0,5.000000,0.000000
18,1,1,5.000000,0.000000
19,0,0,6.000000,0.800000
20,1,1,5.000000,0.000000
21,1,1,5.000000,0.000000
22,1,1,5.000000,0.000000
23,0,0,5.000000,0.000000
24,1,1,7.000000,0.800000
25,1,1,6.000000,0.800000
26,1,1,5.000000,0.000000
27,0,0,5.000000,0.000000
28,1,1,5.000000,0.000000
29,1,0,5.000000,0.000000
30,1,1,5.000000,0.000000
31,1,1,5.000000,0.000000
32,0,0,10.000000,1.000000
33,1,1,5.000000,0.000000
34,1,1,5.000000,0.000000
35,1,1,8.000000,0.700000
36,1,1,5.000000,0.000000
37,1,1,9.000000,0.800000
38,0,0,5.000000,0.000000
39,1,1,6.000000,0.400000
40,1,1,5.000000,0.000000
41,0,0,5.000000,0.000000
42,0,0,5.000000,0.000000
43,1,1,6.000000,0.400000
44,1,1,6.000000,0.400000
45,1,1,5.000000,0.000000
46,0,0,5.000000,0.000000
47,1,1,5.000000,0.000000
48,0,0,5.000000,0.000000
49,0,0,5.000000,0.000000
50,0,0,8.000000,0.600000
51,0,0,5.000000,0.000000
52,0,0,7.000000,0.700000
53,0,0,12.000000,0.900000
54,0,0,5.000000,0.000000
55,0,0,5.000000,0.000000
56,0,0,5.000000,0.000000
57,1,1,6.000000,0.800000
58,0,0,6.000000,0.800000
59,0,0,7.000000,0.300000
60,1,1,7.000000,0.700000
61,1,0,6.000000,0.400000
62,1,1,8.000000,0.700000
63,0,0,6.000000,0.400000
64,0,0,5.000000,0.000000
65,1,1,5.000000,0.000000
66,1,1,7.000000,0.700000
67,0,0,5.000000,0.000000
68,0,0,7.000000,0.700000
69,1,1,5.000000,0.000000
70,0,0,6.000000,0.400000
71,0,0,5.000000,0.000000
72,1,1,7.000000,0.300000
73,1,1,5.000000,0.000000
74,0,0,6.000000,0.400000
75,1,1,5.000000,0.000000
76,0,0,5.000000,0.000000
77,1,1,6.000000,0.400000
78,0,0,6.000000,0.800000
79,0,0,5.000000,0.000000
80,1,1,6.000000,0.800000
81,1,1,8.000000,0.600000
82,1,1,5.000000,0.000000
83,0,0,10.000000,0.600000
84,1,1,5.000000,0.000000
85,0,0,5.000000,0.000000
86,1,1,6.000000,0.400000
87,0,0,7.000000,0.400000
88,0,0,5.000000,0.000000
89,1,1,5.000000,0.000000
90,1,1,6.000000,0.400000
91,0,0,5.000000,0.000000
92,1,0,7.000000,0.700000
93,0,0,7.000000,0.700000
94,1,1,5.000000,0.000000
95,1,1,10.000000,0.900000
96,1,1,5.000000,0.000000
97,1,1,6.000000,0.800000
98,0,0,5.000000,0.000000
99,1,1,5.000000,0.000000
100,1,1,6.000000,0.400000
101,1,1,7.000000,0.300000
102,1,1,5.000000,0.000000
103,0,0,10.000000,0.800000
104,1,1,5.000000,0.000000
105,0,0,5.000000,0.000000
106,0,0,5.000000,0.000000
107,1,1,6.000000,0.400000
108,1,1,5.000000,0.000000
109,1,1,6.000000,0.400000
110,1,0,6.000000,0.800000
111,0,0,6.000000,0.800000
112,1,1,5.000000,0.000000
113,0,0,5.000000,0.000000
114,1,1,5.000000,0.000000
115,1,1,5.000000,0.000000
116,0,0,7.000000,1.000000
117,0,0,5.000000,0.000000
118,0,0,5.000000,0.000000
119,1,1,6.000000,0.400000
120,0,0,5.000000,0.000000
121,1,1,5.000000,0.000000
122,0,0,5.000000,0.000000
123,0,0,10.000000,0.900000
124,1,1,6.000000,0.400000
125,1,1,5.000000,0.000000
126,0,0,7.000000,0.700000
127,0,0,7.000000,0.700000
128,0,0,5.000000,0.000000
129,1,1,6.000000,0.400000
130,0,0,6.000000,0.400000
131,1,1,5.000000,0.000000
132,1,1,8.000000,0.700000
133,1,1,6.000000,0.400000
134,1,1,6.000000,0.400000
135,1,1,5.000000,0.000000
136,1,0,7.000000,0.900000
137,0,0,5.000000,0.000000
138,0,0,5.000000,0.000000
139,1,1,5.000000,0.000000
140,1,1,6.000000,0.400000
141,1,1,5.000000,0.000000
142,0,0,6.000000,0.400000
143,1,1,5.000000,0.000000
144,1,1,5.000000,0.000000
145,1,1,7.000000,0.700000
146,1,1,5.000000,0.000000
147,1,1,7.000000,0.900000
148,0,0,5.000000,0.000000
149,1,1,9.000000,0.600000
WorkerID,Gamma
24,0.410135
25,0.472096
26,0.575432
27,0.301763
20,0.674673
21,0.494762
22,0.648128
23,0.413902
28,0.837989
29,0.716587
1,0.265334
0,0.477864
3,0.706565
2,0.293176
5,0.298521
4,0.358981
7,0.140871
6,0.280646
9,0.447920
8,0.054994
11,0.452248
10,0.599829
13,0.870726
12,0.482022
15,0.972269
14,0.671414
17,0.500992
16,0.298185
19,0.696422
32,0.467014
31,0.751214
30,0.366386
34,0.486027
33,0.715750
18,0.529543
Average Cost: 5.853333
Accuracy: 96.000000
