ProblemNo,Answer,TrueAnswer,Cost,Difficulty
0,0,0,3.000000,0.000000
1,0,0,3.000000,0.000000
2,1,1,4.000000,0.600000
3,0,1,5.000000,0.800000
4,1,0,3.000000,0.000000
5,0,0,3.000000,0.000000
6,0,0,3.000000,0.000000
7,1,1,3.000000,0.000000
8,0,1,6.000000,0.900000
9,1,1,3.000000,0.000000
10,1,1,3.000000,0.000000
11,0,0,3.000000,0.000000
12,0,0,3.000000,0.000000
13,0,0,4.000000,0.900000
14,0,0,3.000000,0.000000
15,1,1,3.000000,0.000000
16,1,1,4.000000,0.700000
17,0,0,3.000000,0.000000
18,1,1,3.000000,0.000000
19,0,0,3.000000,0.000000
20,1,1,3.000000,0.000000
21,1,1,3.000000,0.000000
22,1,1,3.000000,0.000000
23,0,0,3.000000,0.000000
24,1,1,4.000000,0.600000
25,1,1,4.000000,0.900000
26,1,1,3.000000,0.000000
27,0,0,3.000000,0.000000
28,1,1,3.000000,0.000000
29,1,0,4.000000,0.600000
30,1,1,3.000000,0.000000
31,1,1,3.000000,0.000000
32,0,0,6.000000,0.900000
33,1,1,3.000000,0.000000
34,1,1,3.000000,0.000000
35,1,1,4.000000,0.600000
36,1,1,3.000000,0.000000
37,0,1,4.000000,0.600000
38,0,0,3.000000,0.000000
39,1,1,3.000000,0.000000
40,1,1,3.000000,0.000000
41,0,0,3.000000,0.000000
42,0,0,3.000000,0.000000
43,1,1,4.000000,0.600000
44,1,1,5.000000,0.800000
45,1,1,3.000000,0.000000
46,0,0,3.000000,0.000000
47,1,1,3.000000,0.000000
48,0,0,3.000000,0.000000
49,0,0,3.000000,0.000000
50,0,0,3.000000,0.000000
51,0,0,3.000000,0.000000
52,0,0,3.000000,0.000000
53,1,0,4.000000,0.900000
54,0,0,3.000000,0.000000
55,0,0,3.000000,0.000000
56,0,0,3.000000,0.000000
57,1,1,3.000000,0.000000
58,0,0,4.000000,0.600000
59,0,0,4.000000,0.600000
60,1,1,3.000000,0.000000
61,1,0,4.000000,0.600000
62,1,1,3.000000,0.000000
63,0,0,3.000000,0.000000
64,0,0,3.000000,0.000000
65,1,1,3.000000,0.000000
66,1,1,4.000000,0.600000
67,0,0,9.000000,0.900000
68,0,0,3.000000,0.000000
69,1,1,3.000000,0.000000
70,0,0,5.000000,0.800000
71,0,0,3.000000,0.000000
72,1,1,3.000000,0.000000
73,1,1,3.000000,0.000000
74,0,0,3.000000,0.000000
75,1,1,3.000000,0.000000
76,0,0,3.000000,0.000000
77,1,1,4.000000,0.500000
78,0,0,3.000000,0.000000
79,0,0,3.000000,0.000000
80,1,1,4.000000,0.600000
81,0,1,4.000000,0.900000
82,1,1,4.000000,0.600000
83,0,0,3.000000,0.000000
84,1,1,3.000000,0.000000
85,0,0,3.000000,0.000000
86,1,1,3.000000,0.000000
87,0,0,3.000000,0.000000
88,0,0,3.000000,0.000000
89,1,1,3.000000,0.000000
90,1,1,4.000000,0.600000
91,0,0,3.000000,0.000000
92,0,0,4.000000,0.600000
93,0,0,4.000000,0.600000
94,1,1,3.000000,0.000000
95,1,1,3.000000,0.000000
96,1,1,3.000000,0.000000
97,1,1,3.000000,0.000000
98,0,0,3.000000,0.000000
99,1,1,3.000000,0.000000
100,1,1,3.000000,0.000000
101,1,1,4.000000,0.700000
102,1,1,3.000000,0.000000
103,0,0,3.000000,0.000000
104,1,1,3.000000,0.000000
105,0,0,4.000000,0.600000
106,0,0,3.000000,0.000000
107,1,1,3.000000,0.000000
108,1,1,3.000000,0.000000
109,1,1,3.000000,0.000000
110,1,0,4.000000,0.900000
111,0,0,4.000000,0.600000
112,1,1,3.000000,0.000000
113,0,0,3.000000,0.000000
114,1,1,3.000000,0.000000
115,1,1,4.000000,0.500000
116,0,0,3.000000,0.000000
117,1,0,4.000000,0.700000
118,0,0,4.000000,0.600000
119,1,1,3.000000,0.000000
120,0,0,3.000000,0.000000
121,1,1,3.000000,0.000000
122,0,0,3.000000,0.000000
123,0,0,3.000000,0.000000
124,1,1,4.000000,0.600000
125,1,1,3.000000,0.000000
126,1,0,3.000000,0.000000
127,1,0,3.000000,0.000000
128,0,0,3.000000,0.000000
129,1,1,3.000000,0.000000
130,0,0,4.000000,0.600000
131,1,1,4.000000,0.700000
132,1,1,6.000000,1.000000
133,0,1,4.000000,0.600000
134,1,1,3.000000,0.000000
135,1,1,3.000000,0.000000
136,1,0,4.000000,0.900000
137,0,0,3.000000,0.000000
138,0,0,3.000000,0.000000
139,1,1,3.000000,0.000000
140,0,1,4.000000,0.900000
141,1,1,4.000000,0.600000
142,0,0,4.000000,0.600000
143,1,1,3.000000,0.000000
144,1,1,3.000000,0.000000
145,1,1,4.000000,0.600000
146,1,1,3.000000,0.000000
147,1,1,4.000000,0.600000
148,0,0,3.000000,0.000000
149,1,1,3.000000,0.000000
WorkerID,Gamma
24,0.428183
25,0.475983
27,0.486190
20,0.607102
21,1.129190
22,0.791500
23,0.533165
28,0.583200
29,0.492313
1,0.259159
0,0.381021
3,0.737637
2,0.803355
5,0.388728
4,0.496406
7,0.000362
6,0.248038
9,0.289005
8,0.208808
11,0.392856
10,0.340474
13,0.677126
12,0.401252
15,0.489137
14,0.346834
17,0.382005
16,0.300750
19,0.865500
18,0.588470
31,0.475810
30,0.547697
34,0.492449
33,0.514273
32,0.440346
Average Cost: 3.393333
Accuracy: 90.000000
