Number of Worker Pools: 1
Number of Workers in Pool 1: 1000
Original mean,standardDev for Pool 1: 4.000000,0.300000
Number of Workers in Pool 2: 1000
Original mean,standardDev for Pool 2: 3.500000,0.200000
Number of Problems: 1000
ProblemNo,Answer,TrueAnswer,Cost,Difficulty,TrueDifficulty
0,1,1,16.000000,0.700000,0.500000
1,0,0,8.000000,0.000000,0.500000
2,0,0,8.000000,0.000000,0.500000
3,1,1,16.000000,0.700000,0.500000
4,0,0,8.000000,0.000000,0.500000
5,1,0,20.000000,0.900000,0.500000
6,0,0,16.000000,0.700000,0.500000
7,0,0,8.000000,0.000000,0.500000
8,1,1,8.000000,0.000000,0.500000
9,1,0,8.000000,0.000000,0.500000
10,1,1,8.000000,0.000000,0.500000
11,1,1,16.000000,0.700000,0.500000
12,1,1,8.000000,0.000000,0.500000
13,1,1,8.000000,0.000000,0.500000
14,0,0,8.000000,0.000000,0.500000
15,1,1,8.000000,0.000000,0.500000
16,0,0,16.000000,0.700000,0.500000
17,0,0,8.000000,0.000000,0.500000
18,1,1,16.000000,0.700000,0.500000
19,1,1,16.000000,0.700000,0.500000
20,0,0,8.000000,0.000000,0.500000
21,0,0,8.000000,0.000000,0.500000
22,0,0,24.000000,0.900000,0.500000
23,0,0,8.000000,0.000000,0.500000
24,0,0,16.000000,0.700000,0.500000
25,0,0,8.000000,0.000000,0.500000
26,1,1,8.000000,0.000000,0.500000
27,0,0,8.000000,0.000000,0.500000
28,0,0,8.000000,0.000000,0.500000
29,1,1,8.000000,0.000000,0.500000
30,1,1,16.000000,0.700000,0.500000
31,1,1,8.000000,0.000000,0.500000
32,0,0,16.000000,0.700000,0.500000
33,0,0,8.000000,0.000000,0.500000
34,1,1,8.000000,0.000000,0.500000
35,1,1,24.000000,0.900000,0.500000
36,1,1,8.000000,0.000000,0.500000
37,1,1,8.000000,0.000000,0.500000
38,1,1,8.000000,0.000000,0.500000
39,0,0,8.000000,0.000000,0.500000
40,0,0,8.000000,0.000000,0.500000
41,1,1,8.000000,0.000000,0.500000
42,0,0,16.000000,0.700000,0.500000
43,0,1,8.000000,0.000000,0.500000
44,0,0,16.000000,0.700000,0.500000
45,1,1,8.000000,0.000000,0.500000
46,1,1,16.000000,0.700000,0.500000
47,0,0,16.000000,0.700000,0.500000
48,1,1,8.000000,0.000000,0.500000
49,1,1,8.000000,0.000000,0.500000
50,1,1,8.000000,0.000000,0.500000
51,0,0,8.000000,0.000000,0.500000
52,0,0,8.000000,0.000000,0.500000
53,1,1,28.000000,0.900000,0.500000
54,0,0,8.000000,0.000000,0.500000
55,0,0,8.000000,0.000000,0.500000
56,0,0,8.000000,0.000000,0.500000
57,0,0,16.000000,0.700000,0.500000
58,0,0,8.000000,0.000000,0.500000
59,1,1,16.000000,0.700000,0.500000
60,1,1,16.000000,0.700000,0.500000
61,0,1,8.000000,0.000000,0.500000
62,1,1,8.000000,0.000000,0.500000
63,1,1,8.000000,0.000000,0.500000
64,1,0,16.000000,0.700000,0.500000
65,0,0,8.000000,0.000000,0.500000
66,0,0,8.000000,0.000000,0.500000
67,1,1,16.000000,0.700000,0.500000
68,1,1,8.000000,0.000000,0.500000
69,1,1,28.000000,0.900000,0.500000
70,1,1,8.000000,0.000000,0.500000
71,0,0,16.000000,0.700000,0.500000
72,1,1,20.000000,0.900000,0.500000
73,1,1,8.000000,0.000000,0.500000
74,1,1,8.000000,0.000000,0.500000
75,1,1,8.000000,0.000000,0.500000
76,1,1,8.000000,0.000000,0.500000
77,1,1,8.000000,0.000000,0.500000
78,1,1,8.000000,0.000000,0.500000
79,1,1,8.000000,0.000000,0.500000
80,1,1,16.000000,0.700000,0.500000
81,0,0,16.000000,0.700000,0.500000
82,1,1,8.000000,0.000000,0.500000
83,1,1,8.000000,0.000000,0.500000
84,1,1,16.000000,0.700000,0.500000
85,0,0,8.000000,0.000000,0.500000
86,0,1,8.000000,0.000000,0.500000
87,0,0,8.000000,0.000000,0.500000
88,0,0,8.000000,0.000000,0.500000
89,0,0,16.000000,0.700000,0.500000
90,0,0,8.000000,0.000000,0.500000
91,0,0,16.000000,0.700000,0.500000
92,1,1,8.000000,0.000000,0.500000
93,1,1,8.000000,0.000000,0.500000
94,1,1,8.000000,0.000000,0.500000
95,0,0,8.000000,0.000000,0.500000
96,1,1,8.000000,0.000000,0.500000
97,0,0,16.000000,0.700000,0.500000
98,1,1,28.000000,0.900000,0.500000
99,1,1,16.000000,0.700000,0.500000
100,0,1,16.000000,0.700000,0.500000
101,0,0,16.000000,0.700000,0.500000
102,0,0,24.000000,0.900000,0.500000
103,1,1,8.000000,0.000000,0.500000
104,0,0,24.000000,0.900000,0.500000
105,0,0,8.000000,0.000000,0.500000
106,1,1,8.000000,0.000000,0.500000
107,0,0,8.000000,0.000000,0.500000
108,1,1,8.000000,0.000000,0.500000
109,1,1,8.000000,0.000000,0.500000
110,0,0,8.000000,0.000000,0.500000
111,0,0,8.000000,0.000000,0.500000
112,1,1,8.000000,0.000000,0.500000
113,0,0,8.000000,0.000000,0.500000
114,0,0,8.000000,0.000000,0.500000
115,0,0,8.000000,0.000000,0.500000
116,0,1,8.000000,0.000000,0.500000
117,0,0,8.000000,0.000000,0.500000
118,0,0,8.000000,0.000000,0.500000
119,1,1,8.000000,0.000000,0.500000
120,0,0,8.000000,0.000000,0.500000
121,1,1,8.000000,0.000000,0.500000
122,1,1,8.000000,0.000000,0.500000
123,0,0,8.000000,0.000000,0.500000
124,0,0,8.000000,0.000000,0.500000
125,1,1,8.000000,0.000000,0.500000
126,0,0,24.000000,0.900000,0.500000
127,0,0,16.000000,0.700000,0.500000
128,0,0,8.000000,0.000000,0.500000
129,0,0,16.000000,0.700000,0.500000
130,0,0,16.000000,0.700000,0.500000
131,0,0,8.000000,0.000000,0.500000
132,0,0,8.000000,0.000000,0.500000
133,1,1,16.000000,0.700000,0.500000
134,1,1,16.000000,0.700000,0.500000
135,1,1,8.000000,0.000000,0.500000
136,0,0,24.000000,0.900000,0.500000
137,1,1,16.000000,0.700000,0.500000
138,1,0,8.000000,0.000000,0.500000
139,1,1,8.000000,0.000000,0.500000
140,1,1,8.000000,0.000000,0.500000
141,1,1,8.000000,0.000000,0.500000
142,1,1,8.000000,0.000000,0.500000
143,0,0,8.000000,0.000000,0.500000
144,0,0,24.000000,0.900000,0.500000
145,1,1,24.000000,0.900000,0.500000
146,1,1,8.000000,0.000000,0.500000
147,0,0,16.000000,0.700000,0.500000
148,1,1,16.000000,0.700000,0.500000
149,1,1,8.000000,0.000000,0.500000
150,1,1,8.000000,0.000000,0.500000
151,0,1,8.000000,0.000000,0.500000
152,0,0,8.000000,0.000000,0.500000
153,1,1,8.000000,0.000000,0.500000
154,1,1,8.000000,0.000000,0.500000
155,0,0,8.000000,0.000000,0.500000
156,0,0,8.000000,0.000000,0.500000
157,1,1,8.000000,0.000000,0.500000
158,0,0,8.000000,0.000000,0.500000
159,1,1,8.000000,0.000000,0.500000
160,1,1,8.000000,0.000000,0.500000
161,0,0,8.000000,0.000000,0.500000
162,0,0,8.000000,0.000000,0.500000
163,1,1,8.000000,0.000000,0.500000
164,1,1,8.000000,0.000000,0.500000
165,1,1,8.000000,0.000000,0.500000
166,1,1,16.000000,0.700000,0.500000
167,0,0,16.000000,0.700000,0.500000
168,0,0,8.000000,0.000000,0.500000
169,1,1,8.000000,0.000000,0.500000
170,0,0,8.000000,0.000000,0.500000
171,1,0,8.000000,0.000000,0.500000
172,0,0,8.000000,0.000000,0.500000
173,1,1,8.000000,0.000000,0.500000
174,1,1,16.000000,0.700000,0.500000
175,0,0,16.000000,0.700000,0.500000
176,0,0,8.000000,0.000000,0.500000
177,1,1,8.000000,0.000000,0.500000
178,0,0,8.000000,0.000000,0.500000
179,1,1,16.000000,0.700000,0.500000
180,1,1,8.000000,0.000000,0.500000
181,1,1,16.000000,0.700000,0.500000
182,1,1,8.000000,0.000000,0.500000
183,0,0,8.000000,0.000000,0.500000
184,1,1,20.000000,0.900000,0.500000
185,1,1,8.000000,0.000000,0.500000
186,1,1,16.000000,0.700000,0.500000
187,1,1,16.000000,0.700000,0.500000
188,0,0,8.000000,0.000000,0.500000
189,0,0,24.000000,0.900000,0.500000
190,1,1,8.000000,0.000000,0.500000
191,0,0,8.000000,0.000000,0.500000
192,1,1,8.000000,0.000000,0.500000
193,0,0,8.000000,0.000000,0.500000
194,0,0,8.000000,0.000000,0.500000
195,0,0,8.000000,0.000000,0.500000
196,1,1,8.000000,0.000000,0.500000
197,0,0,8.000000,0.000000,0.500000
198,0,0,44.000000,1.000000,0.500000
199,0,0,8.000000,0.000000,0.500000
200,0,0,8.000000,0.000000,0.500000
201,1,1,8.000000,0.000000,0.500000
202,0,0,8.000000,0.000000,0.500000
203,1,1,8.000000,0.000000,0.500000
204,0,0,36.000000,1.000000,0.500000
205,1,1,16.000000,0.700000,0.500000
206,0,0,8.000000,0.000000,0.500000
207,0,0,8.000000,0.000000,0.500000
208,1,1,8.000000,0.000000,0.500000
209,0,0,8.000000,0.000000,0.500000
210,1,1,8.000000,0.000000,0.500000
211,0,0,8.000000,0.000000,0.500000
212,1,1,8.000000,0.000000,0.500000
213,0,0,8.000000,0.000000,0.500000
214,1,1,8.000000,0.000000,0.500000
215,1,1,8.000000,0.000000,0.500000
216,0,1,8.000000,0.000000,0.500000
217,1,1,8.000000,0.000000,0.500000
218,0,0,8.000000,0.000000,0.500000
219,1,1,8.000000,0.000000,0.500000
220,1,1,16.000000,0.700000,0.500000
221,0,0,24.000000,0.900000,0.500000
222,1,1,8.000000,0.000000,0.500000
223,1,0,8.000000,0.000000,0.500000
224,1,1,16.000000,0.700000,0.500000
225,1,1,8.000000,0.000000,0.500000
226,0,0,16.000000,0.700000,0.500000
227,1,1,8.000000,0.000000,0.500000
228,0,0,8.000000,0.000000,0.500000
229,1,1,16.000000,0.700000,0.500000
230,1,1,8.000000,0.000000,0.500000
231,0,0,16.000000,0.700000,0.500000
232,1,1,16.000000,0.700000,0.500000
233,0,0,20.000000,0.900000,0.500000
234,0,0,16.000000,0.700000,0.500000
235,0,1,16.000000,0.700000,0.500000
236,1,1,16.000000,0.700000,0.500000
237,1,1,8.000000,0.000000,0.500000
238,1,1,16.000000,0.700000,0.500000
239,1,1,8.000000,0.000000,0.500000
240,0,0,8.000000,0.000000,0.500000
241,1,1,24.000000,0.900000,0.500000
242,0,0,8.000000,0.000000,0.500000
243,0,0,8.000000,0.000000,0.500000
244,1,1,16.000000,0.700000,0.500000
245,1,1,16.000000,0.700000,0.500000
246,0,0,8.000000,0.000000,0.500000
247,1,1,8.000000,0.000000,0.500000
248,1,1,16.000000,0.700000,0.500000
249,0,0,16.000000,0.700000,0.500000
250,1,1,8.000000,0.000000,0.500000
251,0,0,8.000000,0.000000,0.500000
252,0,0,24.000000,0.900000,0.500000
253,1,0,8.000000,0.000000,0.500000
254,1,1,16.000000,0.700000,0.500000
255,1,1,8.000000,0.000000,0.500000
256,0,0,8.000000,0.000000,0.500000
257,0,1,8.000000,0.000000,0.500000
258,1,1,8.000000,0.000000,0.500000
259,0,0,8.000000,0.000000,0.500000
260,0,0,8.000000,0.000000,0.500000
261,1,1,24.000000,0.900000,0.500000
262,1,1,8.000000,0.000000,0.500000
263,1,1,24.000000,0.900000,0.500000
264,1,1,8.000000,0.000000,0.500000
265,1,1,8.000000,0.000000,0.500000
266,1,1,16.000000,0.700000,0.500000
267,0,0,8.000000,0.000000,0.500000
268,1,1,8.000000,0.000000,0.500000
269,0,0,16.000000,0.700000,0.500000
270,0,0,8.000000,0.000000,0.500000
271,0,0,8.000000,0.000000,0.500000
272,1,1,8.000000,0.000000,0.500000
273,1,1,8.000000,0.000000,0.500000
274,1,1,16.000000,0.700000,0.500000
275,0,0,8.000000,0.000000,0.500000
276,1,1,8.000000,0.000000,0.500000
277,1,1,8.000000,0.000000,0.500000
278,0,0,8.000000,0.000000,0.500000
279,0,0,8.000000,0.000000,0.500000
280,1,1,8.000000,0.000000,0.500000
281,1,1,8.000000,0.000000,0.500000
282,0,0,8.000000,0.000000,0.500000
283,1,1,8.000000,0.000000,0.500000
284,1,1,8.000000,0.000000,0.500000
285,0,0,20.000000,0.900000,0.500000
286,0,0,8.000000,0.000000,0.500000
287,0,0,24.000000,0.900000,0.500000
288,0,0,8.000000,0.000000,0.500000
289,1,1,20.000000,0.900000,0.500000
290,0,1,8.000000,0.000000,0.500000
291,0,0,16.000000,0.700000,0.500000
292,1,1,8.000000,0.000000,0.500000
293,1,1,16.000000,0.700000,0.500000
294,0,0,8.000000,0.000000,0.500000
295,1,1,8.000000,0.000000,0.500000
296,0,0,8.000000,0.000000,0.500000
297,0,0,8.000000,0.000000,0.500000
298,0,0,8.000000,0.000000,0.500000
299,0,0,8.000000,0.000000,0.500000
300,1,1,8.000000,0.000000,0.500000
301,1,1,8.000000,0.000000,0.500000
302,1,1,8.000000,0.000000,0.500000
303,0,0,8.000000,0.000000,0.500000
304,0,0,8.000000,0.000000,0.500000
305,1,1,8.000000,0.000000,0.500000
306,1,1,8.000000,0.000000,0.500000
307,0,0,16.000000,0.700000,0.500000
308,1,1,8.000000,0.000000,0.500000
309,1,1,8.000000,0.000000,0.500000
310,1,0,8.000000,0.000000,0.500000
311,0,0,20.000000,0.900000,0.500000
312,1,1,8.000000,0.000000,0.500000
313,0,0,8.000000,0.000000,0.500000
314,0,0,8.000000,0.000000,0.500000
315,1,1,8.000000,0.000000,0.500000
316,1,1,16.000000,0.700000,0.500000
317,1,1,24.000000,0.900000,0.500000
318,0,0,32.000000,0.900000,0.500000
319,1,1,8.000000,0.000000,0.500000
320,0,0,8.000000,0.000000,0.500000
321,0,0,8.000000,0.000000,0.500000
322,0,0,16.000000,0.700000,0.500000
323,1,0,8.000000,0.000000,0.500000
324,0,0,20.000000,0.900000,0.500000
325,0,0,8.000000,0.000000,0.500000
326,0,0,8.000000,0.000000,0.500000
327,0,0,16.000000,0.700000,0.500000
328,1,1,8.000000,0.000000,0.500000
329,1,1,8.000000,0.000000,0.500000
330,0,0,8.000000,0.000000,0.500000
331,1,1,16.000000,0.700000,0.500000
332,1,1,8.000000,0.000000,0.500000
333,1,1,8.000000,0.000000,0.500000
334,0,0,8.000000,0.000000,0.500000
335,0,0,8.000000,0.000000,0.500000
336,0,0,8.000000,0.000000,0.500000
337,1,1,8.000000,0.000000,0.500000
338,0,0,8.000000,0.000000,0.500000
339,0,0,8.000000,0.000000,0.500000
340,0,0,16.000000,0.700000,0.500000
341,0,0,8.000000,0.000000,0.500000
342,1,1,8.000000,0.000000,0.500000
343,0,0,8.000000,0.000000,0.500000
344,0,0,8.000000,0.000000,0.500000
345,0,1,16.000000,0.700000,0.500000
346,0,0,16.000000,0.700000,0.500000
347,0,0,16.000000,0.700000,0.500000
348,0,0,32.000000,0.900000,0.500000
349,1,1,24.000000,0.900000,0.500000
350,0,0,8.000000,0.000000,0.500000
351,0,0,8.000000,0.000000,0.500000
352,1,1,8.000000,0.000000,0.500000
353,0,0,8.000000,0.000000,0.500000
354,0,0,8.000000,0.000000,0.500000
355,0,0,8.000000,0.000000,0.500000
356,1,1,16.000000,0.700000,0.500000
357,0,1,8.000000,0.000000,0.500000
358,0,0,24.000000,0.900000,0.500000
359,1,1,8.000000,0.000000,0.500000
360,0,0,8.000000,0.000000,0.500000
361,0,0,8.000000,0.000000,0.500000
362,1,1,8.000000,0.000000,0.500000
363,1,1,16.000000,0.700000,0.500000
364,1,1,16.000000,0.700000,0.500000
365,0,0,8.000000,0.000000,0.500000
366,1,1,8.000000,0.000000,0.500000
367,0,0,8.000000,0.000000,0.500000
368,0,0,8.000000,0.000000,0.500000
369,1,1,8.000000,0.000000,0.500000
370,0,0,16.000000,0.700000,0.500000
371,1,1,8.000000,0.000000,0.500000
372,0,0,16.000000,0.700000,0.500000
373,0,0,8.000000,0.000000,0.500000
374,0,0,8.000000,0.000000,0.500000
375,0,0,8.000000,0.000000,0.500000
376,0,0,8.000000,0.000000,0.500000
377,0,0,8.000000,0.000000,0.500000
378,1,1,32.000000,0.900000,0.500000
379,0,0,8.000000,0.000000,0.500000
380,0,0,8.000000,0.000000,0.500000
381,0,0,8.000000,0.000000,0.500000
382,1,1,8.000000,0.000000,0.500000
383,0,0,16.000000,0.700000,0.500000
384,1,1,8.000000,0.000000,0.500000
385,1,1,8.000000,0.000000,0.500000
386,1,1,16.000000,0.700000,0.500000
387,1,1,8.000000,0.000000,0.500000
388,0,0,8.000000,0.000000,0.500000
389,0,0,8.000000,0.000000,0.500000
390,1,1,16.000000,0.700000,0.500000
391,1,1,16.000000,0.700000,0.500000
392,1,1,24.000000,0.900000,0.500000
393,0,0,8.000000,0.000000,0.500000
394,1,1,8.000000,0.000000,0.500000
395,0,1,20.000000,0.900000,0.500000
396,1,1,8.000000,0.000000,0.500000
397,1,1,16.000000,0.700000,0.500000
398,1,1,8.000000,0.000000,0.500000
399,0,0,16.000000,0.700000,0.500000
400,0,0,8.000000,0.000000,0.500000
401,1,1,24.000000,0.900000,0.500000
402,1,1,8.000000,0.000000,0.500000
403,1,1,24.000000,0.900000,0.500000
404,1,1,8.000000,0.000000,0.500000
405,1,1,8.000000,0.000000,0.500000
406,1,1,8.000000,0.000000,0.500000
407,1,1,16.000000,0.700000,0.500000
408,1,1,8.000000,0.000000,0.500000
409,1,1,16.000000,0.700000,0.500000
410,1,1,16.000000,0.700000,0.500000
411,0,0,8.000000,0.000000,0.500000
412,0,0,8.000000,0.000000,0.500000
413,1,1,16.000000,0.700000,0.500000
414,0,0,8.000000,0.000000,0.500000
415,1,1,16.000000,0.700000,0.500000
416,0,0,8.000000,0.000000,0.500000
417,1,1,8.000000,0.000000,0.500000
418,0,1,8.000000,0.000000,0.500000
419,0,0,8.000000,0.000000,0.500000
420,1,1,8.000000,0.000000,0.500000
421,0,0,8.000000,0.000000,0.500000
422,0,0,8.000000,0.000000,0.500000
423,1,1,8.000000,0.000000,0.500000
424,0,0,8.000000,0.000000,0.500000
425,0,0,16.000000,0.700000,0.500000
426,0,1,8.000000,0.000000,0.500000
427,1,1,8.000000,0.000000,0.500000
428,0,0,8.000000,0.000000,0.500000
429,1,1,16.000000,0.700000,0.500000
430,1,1,16.000000,0.700000,0.500000
431,0,0,8.000000,0.000000,0.500000
432,1,1,8.000000,0.000000,0.500000
433,0,0,8.000000,0.000000,0.500000
434,0,0,8.000000,0.000000,0.500000
435,1,1,8.000000,0.000000,0.500000
436,0,0,20.000000,0.900000,0.500000
437,0,0,8.000000,0.000000,0.500000
438,0,0,16.000000,0.700000,0.500000
439,1,1,8.000000,0.000000,0.500000
440,0,0,24.000000,0.900000,0.500000
441,0,1,16.000000,0.700000,0.500000
442,1,1,8.000000,0.000000,0.500000
443,0,0,16.000000,0.700000,0.500000
444,1,1,8.000000,0.000000,0.500000
445,1,1,8.000000,0.000000,0.500000
446,1,1,24.000000,0.900000,0.500000
447,0,0,8.000000,0.000000,0.500000
448,1,1,8.000000,0.000000,0.500000
449,1,1,16.000000,0.700000,0.500000
450,1,1,20.000000,0.900000,0.500000
451,0,0,8.000000,0.000000,0.500000
452,1,1,8.000000,0.000000,0.500000
453,0,0,8.000000,0.000000,0.500000
454,1,1,8.000000,0.000000,0.500000
455,1,1,8.000000,0.000000,0.500000
456,1,0,8.000000,0.000000,0.500000
457,0,0,8.000000,0.000000,0.500000
458,1,1,8.000000,0.000000,0.500000
459,0,0,8.000000,0.000000,0.500000
460,0,0,8.000000,0.000000,0.500000
461,0,0,16.000000,0.700000,0.500000
462,0,0,8.000000,0.000000,0.500000
463,1,1,8.000000,0.000000,0.500000
464,0,0,8.000000,0.000000,0.500000
465,1,1,8.000000,0.000000,0.500000
466,0,0,8.000000,0.000000,0.500000
467,1,1,8.000000,0.000000,0.500000
468,1,0,20.000000,0.900000,0.500000
469,0,0,8.000000,0.000000,0.500000
470,1,1,8.000000,0.000000,0.500000
471,0,0,8.000000,0.000000,0.500000
472,1,1,8.000000,0.000000,0.500000
473,0,0,24.000000,0.900000,0.500000
474,1,1,8.000000,0.000000,0.500000
475,1,1,8.000000,0.000000,0.500000
476,0,0,20.000000,0.900000,0.500000
477,0,0,16.000000,0.700000,0.500000
478,1,1,16.000000,0.700000,0.500000
479,1,1,8.000000,0.000000,0.500000
480,1,1,16.000000,0.700000,0.500000
481,0,0,16.000000,0.700000,0.500000
482,0,0,16.000000,0.700000,0.500000
483,0,0,36.000000,1.000000,0.500000
484,1,1,8.000000,0.000000,0.500000
485,1,1,8.000000,0.000000,0.500000
486,1,1,8.000000,0.000000,0.500000
487,0,0,8.000000,0.000000,0.500000
488,1,0,8.000000,0.000000,0.500000
489,0,0,8.000000,0.000000,0.500000
490,1,1,8.000000,0.000000,0.500000
491,1,1,8.000000,0.000000,0.500000
492,1,1,8.000000,0.000000,0.500000
493,1,1,8.000000,0.000000,0.500000
494,1,1,8.000000,0.000000,0.500000
495,0,0,16.000000,0.700000,0.500000
496,0,0,8.000000,0.000000,0.500000
497,1,1,8.000000,0.000000,0.500000
498,1,1,8.000000,0.000000,0.500000
499,1,1,8.000000,0.000000,0.500000
500,1,1,16.000000,0.700000,0.500000
501,1,1,16.000000,0.700000,0.500000
502,0,0,8.000000,0.000000,0.500000
503,1,1,16.000000,0.700000,0.500000
504,0,0,8.000000,0.000000,0.500000
505,1,1,8.000000,0.000000,0.500000
506,0,0,8.000000,0.000000,0.500000
507,0,0,8.000000,0.000000,0.500000
508,0,0,8.000000,0.000000,0.500000
509,1,1,8.000000,0.000000,0.500000
510,0,0,8.000000,0.000000,0.500000
511,1,1,8.000000,0.000000,0.500000
512,0,0,8.000000,0.000000,0.500000
513,1,1,16.000000,0.700000,0.500000
514,0,1,16.000000,0.700000,0.500000
515,1,1,24.000000,0.900000,0.500000
516,1,1,16.000000,0.700000,0.500000
517,0,0,8.000000,0.000000,0.500000
518,1,1,32.000000,0.900000,0.500000
519,0,0,16.000000,0.700000,0.500000
520,1,1,8.000000,0.000000,0.500000
521,0,0,8.000000,0.000000,0.500000
522,1,0,16.000000,0.700000,0.500000
523,0,0,8.000000,0.000000,0.500000
524,0,0,8.000000,0.000000,0.500000
525,1,1,8.000000,0.000000,0.500000
526,0,0,8.000000,0.000000,0.500000
527,0,0,24.000000,0.900000,0.500000
528,0,0,8.000000,0.000000,0.500000
529,0,0,8.000000,0.000000,0.500000
530,1,1,8.000000,0.000000,0.500000
531,0,0,8.000000,0.000000,0.500000
532,0,0,8.000000,0.000000,0.500000
533,1,1,8.000000,0.000000,0.500000
534,0,0,8.000000,0.000000,0.500000
535,0,0,16.000000,0.700000,0.500000
536,1,1,8.000000,0.000000,0.500000
537,0,0,16.000000,0.700000,0.500000
538,0,1,8.000000,0.000000,0.500000
539,0,0,8.000000,0.000000,0.500000
540,0,0,20.000000,0.900000,0.500000
541,1,1,8.000000,0.000000,0.500000
542,1,1,8.000000,0.000000,0.500000
543,1,1,8.000000,0.000000,0.500000
544,1,1,8.000000,0.000000,0.500000
545,1,1,16.000000,0.700000,0.500000
546,1,1,8.000000,0.000000,0.500000
547,0,0,8.000000,0.000000,0.500000
548,0,0,8.000000,0.000000,0.500000
549,0,0,8.000000,0.000000,0.500000
550,1,1,8.000000,0.000000,0.500000
551,1,1,8.000000,0.000000,0.500000
552,1,1,8.000000,0.000000,0.500000
553,1,1,8.000000,0.000000,0.500000
554,1,1,16.000000,0.700000,0.500000
555,0,1,24.000000,0.900000,0.500000
556,1,1,24.000000,0.900000,0.500000
557,0,0,8.000000,0.000000,0.500000
558,0,0,8.000000,0.000000,0.500000
559,1,1,16.000000,0.700000,0.500000
560,0,0,8.000000,0.000000,0.500000
561,1,0,8.000000,0.000000,0.500000
562,1,1,16.000000,0.700000,0.500000
563,1,0,8.000000,0.000000,0.500000
564,0,0,8.000000,0.000000,0.500000
565,0,0,8.000000,0.000000,0.500000
566,0,0,16.000000,0.700000,0.500000
567,0,0,8.000000,0.000000,0.500000
568,0,0,24.000000,0.900000,0.500000
569,1,1,8.000000,0.000000,0.500000
570,1,1,8.000000,0.000000,0.500000
571,1,1,8.000000,0.000000,0.500000
572,1,1,16.000000,0.700000,0.500000
573,1,1,8.000000,0.000000,0.500000
574,1,1,16.000000,0.700000,0.500000
575,1,1,8.000000,0.000000,0.500000
576,1,1,24.000000,0.900000,0.500000
577,1,1,8.000000,0.000000,0.500000
578,0,0,8.000000,0.000000,0.500000
579,0,0,16.000000,0.700000,0.500000
580,1,1,8.000000,0.000000,0.500000
581,0,0,16.000000,0.700000,0.500000
582,0,0,8.000000,0.000000,0.500000
583,0,0,8.000000,0.000000,0.500000
584,1,1,8.000000,0.000000,0.500000
585,1,1,8.000000,0.000000,0.500000
586,0,0,8.000000,0.000000,0.500000
587,0,0,8.000000,0.000000,0.500000
588,1,1,24.000000,0.900000,0.500000
589,0,0,16.000000,0.700000,0.500000
590,0,0,16.000000,0.700000,0.500000
591,1,1,8.000000,0.000000,0.500000
592,1,1,8.000000,0.000000,0.500000
593,1,1,16.000000,0.700000,0.500000
594,1,1,8.000000,0.000000,0.500000
595,1,1,8.000000,0.000000,0.500000
596,0,0,8.000000,0.000000,0.500000
597,1,1,16.000000,0.700000,0.500000
598,1,1,32.000000,0.900000,0.500000
599,0,0,8.000000,0.000000,0.500000
600,0,0,8.000000,0.000000,0.500000
601,0,0,8.000000,0.000000,0.500000
602,1,1,8.000000,0.000000,0.500000
603,1,1,16.000000,0.700000,0.500000
604,1,1,8.000000,0.000000,0.500000
605,1,1,16.000000,0.700000,0.500000
606,0,1,8.000000,0.000000,0.500000
607,1,1,16.000000,0.700000,0.500000
608,1,1,8.000000,0.000000,0.500000
609,0,0,8.000000,0.000000,0.500000
610,0,0,8.000000,0.000000,0.500000
611,1,1,8.000000,0.000000,0.500000
612,0,0,24.000000,0.900000,0.500000
613,1,1,8.000000,0.000000,0.500000
614,0,0,16.000000,0.700000,0.500000
615,1,1,8.000000,0.000000,0.500000
616,0,0,8.000000,0.000000,0.500000
617,1,1,8.000000,0.000000,0.500000
618,1,1,8.000000,0.000000,0.500000
619,0,0,24.000000,0.900000,0.500000
620,0,0,16.000000,0.700000,0.500000
621,0,0,8.000000,0.000000,0.500000
622,1,1,8.000000,0.000000,0.500000
623,1,1,16.000000,0.700000,0.500000
624,0,0,8.000000,0.000000,0.500000
625,1,0,8.000000,0.000000,0.500000
626,0,0,16.000000,0.700000,0.500000
627,0,0,8.000000,0.000000,0.500000
628,1,1,16.000000,0.700000,0.500000
629,1,1,8.000000,0.000000,0.500000
630,0,0,8.000000,0.000000,0.500000
631,0,0,32.000000,0.900000,0.500000
632,0,0,8.000000,0.000000,0.500000
633,1,1,8.000000,0.000000,0.500000
634,0,0,8.000000,0.000000,0.500000
635,1,1,8.000000,0.000000,0.500000
636,1,1,16.000000,0.700000,0.500000
637,0,0,16.000000,0.700000,0.500000
638,1,1,8.000000,0.000000,0.500000
639,0,0,8.000000,0.000000,0.500000
640,1,1,8.000000,0.000000,0.500000
641,1,1,16.000000,0.700000,0.500000
642,1,1,8.000000,0.000000,0.500000
643,1,1,8.000000,0.000000,0.500000
644,1,1,8.000000,0.000000,0.500000
645,1,1,8.000000,0.000000,0.500000
646,0,0,8.000000,0.000000,0.500000
647,0,1,16.000000,0.700000,0.500000
648,0,0,8.000000,0.000000,0.500000
649,1,1,8.000000,0.000000,0.500000
650,0,0,8.000000,0.000000,0.500000
651,1,1,8.000000,0.000000,0.500000
652,1,1,8.000000,0.000000,0.500000
653,1,1,28.000000,0.900000,0.500000
654,1,1,8.000000,0.000000,0.500000
655,1,1,20.000000,0.900000,0.500000
656,0,0,8.000000,0.000000,0.500000
657,0,0,8.000000,0.000000,0.500000
658,0,1,8.000000,0.000000,0.500000
659,1,1,8.000000,0.000000,0.500000
660,1,1,16.000000,0.700000,0.500000
661,0,0,16.000000,0.700000,0.500000
662,0,0,8.000000,0.000000,0.500000
663,1,1,24.000000,0.900000,0.500000
664,0,0,8.000000,0.000000,0.500000
665,0,0,8.000000,0.000000,0.500000
666,1,1,8.000000,0.000000,0.500000
667,0,1,8.000000,0.000000,0.500000
668,1,1,16.000000,0.700000,0.500000
669,0,0,8.000000,0.000000,0.500000
670,1,1,8.000000,0.000000,0.500000
671,0,0,8.000000,0.000000,0.500000
672,1,1,8.000000,0.000000,0.500000
673,0,0,16.000000,0.700000,0.500000
674,1,1,8.000000,0.000000,0.500000
675,0,0,8.000000,0.000000,0.500000
676,0,0,16.000000,0.700000,0.500000
677,1,1,8.000000,0.000000,0.500000
678,1,1,20.000000,0.900000,0.500000
679,0,0,16.000000,0.700000,0.500000
680,0,0,8.000000,0.000000,0.500000
681,1,1,8.000000,0.000000,0.500000
682,0,0,16.000000,0.700000,0.500000
683,1,1,8.000000,0.000000,0.500000
684,1,1,8.000000,0.000000,0.500000
685,1,1,8.000000,0.000000,0.500000
686,1,1,8.000000,0.000000,0.500000
687,0,0,16.000000,0.700000,0.500000
688,0,0,8.000000,0.000000,0.500000
689,0,0,8.000000,0.000000,0.500000
690,0,0,16.000000,0.700000,0.500000
691,0,1,8.000000,0.000000,0.500000
692,1,1,8.000000,0.000000,0.500000
693,1,1,32.000000,0.900000,0.500000
694,0,0,24.000000,0.900000,0.500000
695,0,0,8.000000,0.000000,0.500000
696,1,1,8.000000,0.000000,0.500000
697,0,1,24.000000,0.900000,0.500000
698,0,0,24.000000,0.900000,0.500000
699,1,1,8.000000,0.000000,0.500000
700,0,0,8.000000,0.000000,0.500000
701,0,0,8.000000,0.000000,0.500000
702,1,1,20.000000,0.900000,0.500000
703,1,1,24.000000,0.900000,0.500000
704,1,1,24.000000,0.900000,0.500000
705,1,1,16.000000,0.700000,0.500000
706,0,0,20.000000,0.900000,0.500000
707,1,1,8.000000,0.000000,0.500000
708,1,1,8.000000,0.000000,0.500000
709,1,1,16.000000,0.700000,0.500000
710,1,1,8.000000,0.000000,0.500000
711,1,1,8.000000,0.000000,0.500000
712,0,0,8.000000,0.000000,0.500000
713,0,0,16.000000,0.700000,0.500000
714,0,0,16.000000,0.700000,0.500000
715,1,1,8.000000,0.000000,0.500000
716,0,0,16.000000,0.700000,0.500000
717,0,0,8.000000,0.000000,0.500000
718,1,1,8.000000,0.000000,0.500000
719,0,0,8.000000,0.000000,0.500000
720,1,1,8.000000,0.000000,0.500000
721,1,1,16.000000,0.700000,0.500000
722,0,0,16.000000,0.700000,0.500000
723,0,0,8.000000,0.000000,0.500000
724,1,1,8.000000,0.000000,0.500000
725,1,1,8.000000,0.000000,0.500000
726,1,1,8.000000,0.000000,0.500000
727,0,1,16.000000,0.700000,0.500000
728,1,1,16.000000,0.700000,0.500000
729,0,0,8.000000,0.000000,0.500000
730,0,0,8.000000,0.000000,0.500000
731,0,0,8.000000,0.000000,0.500000
732,1,1,8.000000,0.000000,0.500000
733,0,0,16.000000,0.700000,0.500000
734,0,0,8.000000,0.000000,0.500000
735,0,0,8.000000,0.000000,0.500000
736,0,0,16.000000,0.700000,0.500000
737,1,1,8.000000,0.000000,0.500000
738,0,0,8.000000,0.000000,0.500000
739,0,0,16.000000,0.700000,0.500000
740,1,1,8.000000,0.000000,0.500000
741,1,1,8.000000,0.000000,0.500000
742,1,1,8.000000,0.000000,0.500000
743,1,1,8.000000,0.000000,0.500000
744,1,1,8.000000,0.000000,0.500000
745,0,0,8.000000,0.000000,0.500000
746,0,0,16.000000,0.700000,0.500000
747,1,1,8.000000,0.000000,0.500000
748,1,1,8.000000,0.000000,0.500000
749,1,1,16.000000,0.700000,0.500000
750,1,1,24.000000,0.900000,0.500000
751,1,1,8.000000,0.000000,0.500000
752,1,1,8.000000,0.000000,0.500000
753,1,1,8.000000,0.000000,0.500000
754,1,1,8.000000,0.000000,0.500000
755,1,1,8.000000,0.000000,0.500000
756,1,1,8.000000,0.000000,0.500000
757,1,1,16.000000,0.700000,0.500000
758,1,1,8.000000,0.000000,0.500000
759,0,0,8.000000,0.000000,0.500000
760,1,1,8.000000,0.000000,0.500000
761,0,0,8.000000,0.000000,0.500000
762,0,0,8.000000,0.000000,0.500000
763,0,0,24.000000,0.900000,0.500000
764,0,0,16.000000,0.700000,0.500000
765,1,1,8.000000,0.000000,0.500000
766,1,1,8.000000,0.000000,0.500000
767,1,1,8.000000,0.000000,0.500000
768,0,0,8.000000,0.000000,0.500000
769,0,0,8.000000,0.000000,0.500000
770,0,0,8.000000,0.000000,0.500000
771,1,1,8.000000,0.000000,0.500000
772,0,0,8.000000,0.000000,0.500000
773,0,0,16.000000,0.700000,0.500000
774,0,0,8.000000,0.000000,0.500000
775,0,0,8.000000,0.000000,0.500000
776,1,1,8.000000,0.000000,0.500000
777,0,0,8.000000,0.000000,0.500000
778,1,1,8.000000,0.000000,0.500000
779,1,1,8.000000,0.000000,0.500000
780,1,1,16.000000,0.700000,0.500000
781,1,1,16.000000,0.700000,0.500000
782,1,1,8.000000,0.000000,0.500000
783,1,0,8.000000,0.000000,0.500000
784,1,1,8.000000,0.000000,0.500000
785,0,0,8.000000,0.000000,0.500000
786,1,1,8.000000,0.000000,0.500000
787,1,1,16.000000,0.700000,0.500000
788,1,1,8.000000,0.000000,0.500000
789,1,1,8.000000,0.000000,0.500000
790,0,0,8.000000,0.000000,0.500000
791,0,0,8.000000,0.000000,0.500000
792,0,0,8.000000,0.000000,0.500000
793,0,0,8.000000,0.000000,0.500000
794,0,0,8.000000,0.000000,0.500000
795,0,0,8.000000,0.000000,0.500000
796,1,1,8.000000,0.000000,0.500000
797,0,0,8.000000,0.000000,0.500000
798,0,0,8.000000,0.000000,0.500000
799,0,0,8.000000,0.000000,0.500000
800,0,0,16.000000,0.700000,0.500000
801,0,0,8.000000,0.000000,0.500000
802,1,1,8.000000,0.000000,0.500000
803,1,1,8.000000,0.000000,0.500000
804,1,1,8.000000,0.000000,0.500000
805,1,1,8.000000,0.000000,0.500000
806,0,0,24.000000,0.900000,0.500000
807,0,0,20.000000,0.900000,0.500000
808,1,1,8.000000,0.000000,0.500000
809,0,0,8.000000,0.000000,0.500000
810,1,1,8.000000,0.000000,0.500000
811,1,1,8.000000,0.000000,0.500000
812,1,1,8.000000,0.000000,0.500000
813,1,0,8.000000,0.000000,0.500000
814,1,1,8.000000,0.000000,0.500000
815,0,0,8.000000,0.000000,0.500000
816,0,0,8.000000,0.000000,0.500000
817,1,1,8.000000,0.000000,0.500000
818,0,0,8.000000,0.000000,0.500000
819,1,1,8.000000,0.000000,0.500000
820,1,1,8.000000,0.000000,0.500000
821,0,0,8.000000,0.000000,0.500000
822,1,1,8.000000,0.000000,0.500000
823,1,1,52.000000,1.000000,0.500000
824,0,0,8.000000,0.000000,0.500000
825,1,1,8.000000,0.000000,0.500000
826,1,1,8.000000,0.000000,0.500000
827,1,1,8.000000,0.000000,0.500000
828,0,0,8.000000,0.000000,0.500000
829,1,1,8.000000,0.000000,0.500000
830,1,1,8.000000,0.000000,0.500000
831,1,1,24.000000,0.900000,0.500000
832,0,0,8.000000,0.000000,0.500000
833,0,0,16.000000,0.700000,0.500000
834,0,0,16.000000,0.700000,0.500000
835,1,1,8.000000,0.000000,0.500000
836,0,0,24.000000,0.900000,0.500000
837,0,0,8.000000,0.000000,0.500000
838,0,0,8.000000,0.000000,0.500000
839,0,0,8.000000,0.000000,0.500000
840,0,0,24.000000,0.900000,0.500000
841,0,0,16.000000,0.700000,0.500000
842,0,0,16.000000,0.700000,0.500000
843,1,1,8.000000,0.000000,0.500000
844,0,0,8.000000,0.000000,0.500000
845,1,1,8.000000,0.000000,0.500000
846,1,1,16.000000,0.700000,0.500000
847,1,1,8.000000,0.000000,0.500000
848,0,0,8.000000,0.000000,0.500000
849,0,0,8.000000,0.000000,0.500000
850,0,0,8.000000,0.000000,0.500000
851,1,1,16.000000,0.700000,0.500000
852,1,1,20.000000,0.900000,0.500000
853,1,1,8.000000,0.000000,0.500000
854,1,1,8.000000,0.000000,0.500000
855,1,1,8.000000,0.000000,0.500000
856,0,0,32.000000,0.900000,0.500000
857,1,1,8.000000,0.000000,0.500000
858,0,0,8.000000,0.000000,0.500000
859,1,1,16.000000,0.700000,0.500000
860,1,1,16.000000,0.700000,0.500000
861,1,1,16.000000,0.700000,0.500000
862,1,1,8.000000,0.000000,0.500000
863,1,1,8.000000,0.000000,0.500000
864,0,0,8.000000,0.000000,0.500000
865,0,0,16.000000,0.700000,0.500000
866,1,1,16.000000,0.700000,0.500000
867,0,0,8.000000,0.000000,0.500000
868,0,0,16.000000,0.700000,0.500000
869,0,1,24.000000,0.900000,0.500000
870,0,0,8.000000,0.000000,0.500000
871,0,0,8.000000,0.000000,0.500000
872,0,0,8.000000,0.000000,0.500000
873,0,0,8.000000,0.000000,0.500000
874,0,0,16.000000,0.700000,0.500000
875,1,1,8.000000,0.000000,0.500000
876,0,0,8.000000,0.000000,0.500000
877,1,1,8.000000,0.000000,0.500000
878,1,1,8.000000,0.000000,0.500000
879,0,0,32.000000,1.000000,0.500000
880,1,1,8.000000,0.000000,0.500000
881,1,1,8.000000,0.000000,0.500000
882,0,0,8.000000,0.000000,0.500000
883,1,1,16.000000,0.700000,0.500000
884,0,0,8.000000,0.000000,0.500000
885,1,1,24.000000,0.900000,0.500000
886,0,1,8.000000,0.000000,0.500000
887,1,1,8.000000,0.000000,0.500000
888,1,1,8.000000,0.000000,0.500000
889,0,0,8.000000,0.000000,0.500000
890,0,0,8.000000,0.000000,0.500000
891,0,0,24.000000,0.900000,0.500000
892,0,0,8.000000,0.000000,0.500000
893,0,0,8.000000,0.000000,0.500000
894,0,0,16.000000,0.700000,0.500000
895,0,0,8.000000,0.000000,0.500000
896,1,1,8.000000,0.000000,0.500000
897,1,0,24.000000,0.900000,0.500000
898,1,1,16.000000,0.700000,0.500000
899,0,0,8.000000,0.000000,0.500000
900,1,1,8.000000,0.000000,0.500000
901,1,1,8.000000,0.000000,0.500000
902,0,1,16.000000,0.700000,0.500000
903,1,1,8.000000,0.000000,0.500000
904,0,0,8.000000,0.000000,0.500000
905,1,1,8.000000,0.000000,0.500000
906,0,0,8.000000,0.000000,0.500000
907,0,0,8.000000,0.000000,0.500000
908,0,0,8.000000,0.000000,0.500000
909,0,0,24.000000,0.900000,0.500000
910,1,1,8.000000,0.000000,0.500000
911,0,0,8.000000,0.000000,0.500000
912,0,0,8.000000,0.000000,0.500000
913,0,0,8.000000,0.000000,0.500000
914,1,1,16.000000,0.700000,0.500000
915,0,0,16.000000,0.700000,0.500000
916,0,0,16.000000,0.700000,0.500000
917,1,1,8.000000,0.000000,0.500000
918,0,0,16.000000,0.700000,0.500000
919,0,1,8.000000,0.000000,0.500000
920,0,0,16.000000,0.700000,0.500000
921,1,1,8.000000,0.000000,0.500000
922,1,1,8.000000,0.000000,0.500000
923,0,0,8.000000,0.000000,0.500000
924,1,1,8.000000,0.000000,0.500000
925,0,0,8.000000,0.000000,0.500000
926,0,0,16.000000,0.700000,0.500000
927,0,0,8.000000,0.000000,0.500000
928,1,1,8.000000,0.000000,0.500000
929,0,0,8.000000,0.000000,0.500000
930,1,1,8.000000,0.000000,0.500000
931,1,1,8.000000,0.000000,0.500000
932,1,1,8.000000,0.000000,0.500000
933,0,0,8.000000,0.000000,0.500000
934,1,1,8.000000,0.000000,0.500000
935,1,1,8.000000,0.000000,0.500000
936,0,1,8.000000,0.000000,0.500000
937,1,1,16.000000,0.700000,0.500000
938,0,0,8.000000,0.000000,0.500000
939,0,0,8.000000,0.000000,0.500000
940,1,1,8.000000,0.000000,0.500000
941,0,0,8.000000,0.000000,0.500000
942,1,0,20.000000,0.900000,0.500000
943,0,0,8.000000,0.000000,0.500000
944,0,0,8.000000,0.000000,0.500000
945,1,1,8.000000,0.000000,0.500000
946,1,1,24.000000,0.900000,0.500000
947,1,1,8.000000,0.000000,0.500000
948,0,0,16.000000,0.700000,0.500000
949,1,1,8.000000,0.000000,0.500000
950,0,0,8.000000,0.000000,0.500000
951,1,1,8.000000,0.000000,0.500000
952,0,0,8.000000,0.000000,0.500000
953,1,1,8.000000,0.000000,0.500000
954,1,1,8.000000,0.000000,0.500000
955,0,0,8.000000,0.000000,0.500000
956,0,0,8.000000,0.000000,0.500000
957,0,0,8.000000,0.000000,0.500000
958,1,1,8.000000,0.000000,0.500000
959,1,0,8.000000,0.000000,0.500000
960,1,1,16.000000,0.700000,0.500000
961,1,1,8.000000,0.000000,0.500000
962,1,1,16.000000,0.700000,0.500000
963,0,0,8.000000,0.000000,0.500000
964,1,1,16.000000,0.700000,0.500000
965,1,1,16.000000,0.700000,0.500000
966,0,0,8.000000,0.000000,0.500000
967,1,1,8.000000,0.000000,0.500000
968,1,1,8.000000,0.000000,0.500000
969,1,1,8.000000,0.000000,0.500000
970,1,1,8.000000,0.000000,0.500000
971,0,0,8.000000,0.000000,0.500000
972,1,1,8.000000,0.000000,0.500000
973,1,0,16.000000,0.700000,0.500000
974,0,0,8.000000,0.000000,0.500000
975,1,1,8.000000,0.000000,0.500000
976,1,1,8.000000,0.000000,0.500000
977,1,1,16.000000,0.700000,0.500000
978,0,0,16.000000,0.700000,0.500000
979,0,0,16.000000,0.700000,0.500000
980,0,0,8.000000,0.000000,0.500000
981,0,0,16.000000,0.700000,0.500000
982,0,0,8.000000,0.000000,0.500000
983,0,0,8.000000,0.000000,0.500000
984,1,1,8.000000,0.000000,0.500000
985,0,0,8.000000,0.000000,0.500000
986,0,0,8.000000,0.000000,0.500000
987,1,1,8.000000,0.000000,0.500000
988,0,0,16.000000,0.700000,0.500000
989,0,1,16.000000,0.700000,0.500000
990,1,1,8.000000,0.000000,0.500000
991,1,1,8.000000,0.000000,0.500000
992,0,0,8.000000,0.000000,0.500000
993,0,0,28.000000,0.900000,0.500000
994,1,1,8.000000,0.000000,0.500000
995,0,0,8.000000,0.000000,0.500000
996,1,1,8.000000,0.000000,0.500000
997,1,1,24.000000,0.900000,0.500000
998,1,1,20.000000,0.900000,0.500000
999,0,0,8.000000,0.000000,0.500000
WorkerID,Gamma,TrueGamma
1032,0.497676,0.492844
1356,0.490713,0.359492
1992,0.509370,0.817476
1296,0.497676,0.687645
1990,0.528013,0.937697
1854,0.507019,0.773134
1705,0.488347,0.307350
1562,0.507016,0.830793
1282,0.492926,0.680534
1874,0.490660,0.524489
1657,0.525747,0.922190
1473,0.525687,0.552086
1971,0.486033,0.113346
1507,0.511685,0.725604
1071,0.509338,1.011702
1607,0.497676,0.133218
1511,0.518570,0.841476
1935,0.495355,0.292507
1109,0.504672,1.034417
1891,0.493008,0.564676
1938,0.486003,0.363017
1283,0.486009,0.287074
1962,0.488319,1.036842
1084,0.492956,0.531765
1588,0.495354,0.747646
1882,0.511688,0.506970
1486,0.504608,0.890699
1178,0.509393,0.430380
1741,0.497676,1.012126
1572,0.502356,0.848394
1455,0.488369,0.452734
1715,0.488369,0.282479
1152,0.495326,0.233922
1147,0.492981,0.726817
1018,0.509473,0.381546
1350,0.492957,0.446511
1043,0.497676,1.283093
1786,0.493033,0.655722
1141,0.499992,0.267013
1067,0.523314,0.485034
1418,0.490713,0.387860
1576,0.495327,0.380942
1633,0.507086,0.283113
1662,0.488349,0.416364
1192,0.497676,0.400220
1571,0.495355,0.211942
1747,0.488293,0.365861
1057,0.481371,0.644655
1298,0.495353,0.381990
1025,0.490660,0.520364
1559,0.525584,1.337239
1074,0.490663,0.465153
1810,0.544170,1.506773
1549,0.492879,0.288644
1407,0.493032,0.511091
1045,0.495355,0.960691
1832,0.490659,0.459093
1837,0.493009,0.165910
1527,0.490660,2.666362
1881,0.493006,0.669587
1582,0.497676,0.735791
1029,0.490714,0.808046
1374,0.509417,0.233866
1835,0.507072,0.480066
1194,0.507043,0.360415
1554,0.511715,0.925256
1983,0.493007,0.702087
1478,0.488199,1.139900
1291,0.509340,0.921083
1711,0.493006,0.426923
1980,0.506994,0.324687
1329,0.495354,0.537706
1364,0.492902,0.500562
1975,0.507053,0.418329
1245,0.507074,0.416354
1428,0.492975,0.552725
1541,0.493008,0.481754
1062,0.495353,0.362134
1526,0.490691,1.126638
1793,0.479014,0.565575
1397,0.492979,0.525523
1460,0.488372,0.278901
1346,0.497676,0.707811
1738,0.497676,0.234254
1288,0.504703,0.787682
1423,0.511739,1.314022
1148,0.514067,1.030920
1613,0.523289,0.496605
1745,0.497651,0.177660
1667,0.514010,0.518514
1336,0.523462,1.086139
1430,0.495298,0.596638
1173,0.511685,0.659888
1305,0.504715,0.764292
1825,0.492981,0.639530
1221,0.492983,0.760625
1972,0.490659,0.575666
1489,0.486053,0.420223
1740,0.493006,0.845994
1811,0.490687,0.396416
1924,0.511714,0.769896
1871,0.493007,0.535803
1372,0.493033,0.896986
1379,0.495353,1.240278
1506,0.506966,0.535263
1054,0.490690,1.027200
1517,0.490638,0.915128
1254,0.523339,0.370848
1746,0.509331,0.718318
1239,0.509339,1.252713
1545,0.509382,0.482416
1166,0.490716,0.467607
1933,0.530283,0.862806
1866,0.495353,0.209735
1198,0.495327,0.963164
1207,0.507151,0.322981
1886,0.495354,0.301754
1691,0.490662,0.920620
1255,0.514009,0.977057
1431,0.495354,1.044495
1563,0.490687,0.374231
1257,0.497675,0.810700
1681,0.486053,1.269226
1065,0.483740,0.477088
1895,0.493002,0.991852
1680,0.493033,0.308333
1902,0.490637,0.490215
1471,0.507103,1.239962
1867,0.492952,0.383082
1650,0.493033,0.812186
1463,0.485874,0.551037
1337,0.493007,1.290696
1528,0.488344,0.647972
1108,0.502463,0.901300
1539,0.492981,0.929789
1433,0.495353,0.365332
1472,0.490664,0.378233
1622,0.485906,0.764194
1856,0.488278,0.582886
1945,0.490637,1.041706
1804,0.495301,0.775168
1537,0.495354,0.304786
1393,0.493006,0.380112
1233,0.493006,1.286825
1060,0.525583,0.809298
1727,0.490713,0.563505
1750,0.493002,0.588320
1193,0.495326,0.804929
1353,0.486001,0.565731
1251,0.495353,1.405386
1683,0.504676,0.408263
1359,0.495354,0.358841
1544,0.497676,1.096622
1450,0.495353,0.063012
1900,0.495329,0.327615
1408,0.490660,1.170600
1420,0.525589,0.976990
1444,0.495354,0.303084
1164,0.493009,0.612930
1223,0.497676,0.396923
1318,0.490662,0.454669
1051,0.495353,0.759418
1819,0.495302,0.531409
1103,0.523317,1.052281
1749,0.509417,1.172635
1635,0.488370,0.320069
1078,0.495300,1.056581
1580,0.506994,0.526072
1624,0.525583,1.092131
1876,0.488373,1.384014
1354,0.527935,0.374397
1801,0.497676,0.373374
1694,0.490689,0.827193
1627,0.490714,0.356739
1631,0.488320,0.657010
1932,0.493033,0.730618
1646,0.490688,0.835405
1996,0.490689,0.200878
1083,0.497677,0.464979
1921,0.525791,0.559702
1248,0.509366,1.022979
1424,0.509337,0.486473
1236,0.541874,1.224646
1739,0.492984,0.577497
1153,0.527986,0.794130
1577,0.504744,0.705901
1274,0.492984,0.287294
1798,0.525661,0.626224
1145,0.514013,1.004721
1899,0.541776,0.969032
1457,0.493008,0.371373
1294,0.507100,0.261026
1931,0.527920,0.737195
1429,0.523413,2.291517
1958,0.507087,0.560420
1186,0.495329,0.279666
1200,0.490662,0.273842
1685,0.490637,0.356927
1604,0.509390,0.791890
1342,0.502386,1.314487
1889,0.492956,0.195263
1369,0.532623,0.590341
1836,0.485883,0.323632
1180,0.509419,0.913217
1800,0.493033,0.344290
1016,0.493033,0.772231
1561,0.495353,1.108524
1887,0.495354,0.518941
1573,0.509434,0.689280
1126,0.493032,1.472823
1888,0.492914,0.472281
1454,0.493033,1.036806
1160,0.511688,0.668424
1465,0.488368,0.276177
1731,0.509339,0.916503
1803,0.528067,1.188665
1050,0.528037,1.078639
1514,0.493006,0.607908
1645,0.497676,0.761860
1421,0.506990,0.320905
1394,0.523286,0.529705
1733,0.492981,0.357645
1538,0.509391,0.677906
1345,0.506997,0.354597
1048,0.495355,0.471078
1591,0.495353,0.640226
1896,0.490659,0.317268
1998,0.495328,1.114993
1286,0.495353,0.461815
1195,0.497676,0.599801
1499,0.495353,0.937223
1610,0.488346,0.806149
1687,0.509358,0.220785
1770,0.486009,0.397135
1094,0.495353,0.361646
1092,0.495354,0.908741
1409,0.492974,0.871457
1240,0.495353,0.990370
1466,0.493007,0.379905
1476,0.497676,0.458280
1970,0.527960,0.905782
1080,0.511793,0.551718
1907,0.495353,0.491138
1716,0.490715,0.674334
1270,0.514063,0.446560
1911,0.493033,0.914851
1620,0.495354,1.217354
1690,0.497676,0.138724
1696,0.507010,1.038126
1642,0.493034,0.630302
1568,0.497676,0.451883
1699,0.495354,0.296350
1383,0.488368,0.181426
1385,0.493007,1.043166
1952,0.490608,0.495626
1821,0.488341,0.245531
1434,0.497676,0.902142
1106,0.490687,1.103775
1484,0.509392,0.945655
1574,0.495353,0.551583
1035,0.483635,0.380087
1066,0.490608,0.518110
1566,0.495354,0.622366
1614,0.511792,1.134055
1865,0.497676,0.468453
1015,0.490688,0.371112
1197,0.497676,0.310238
1634,0.490714,0.685506
1232,0.528062,0.912490
1936,0.506993,0.551464
1340,0.520942,0.610266
1504,0.509394,1.020876
1556,0.495329,0.762429
1768,0.502576,0.252510
1302,0.492951,0.230324
1869,0.490611,1.044362
1855,0.518908,0.359230
1204,0.492983,1.091615
1203,0.528010,0.597651
1872,0.490662,1.231099
1400,0.495353,0.803398
1375,0.490688,0.886274
1783,0.493034,0.675636
1121,0.507019,0.720595
1706,0.493009,0.322532
1602,0.504715,0.268816
1406,0.493006,0.602524
1119,0.490689,0.971301
1154,0.493034,0.650487
1416,0.495355,0.566358
1167,0.493009,0.566068
1788,0.492976,0.844267
1771,0.490716,0.400275
1212,0.488345,1.334818
1165,0.495328,0.609737
1678,0.495353,0.409078
1922,0.497676,0.244819
1919,0.492984,0.914240
1638,0.493007,0.500770
1950,0.525710,1.042659
1306,0.490646,1.294307
1196,0.492957,0.503306
1775,0.492978,0.845792
1726,0.485977,1.184239
1534,0.492980,0.861069
1593,0.495291,0.363641
1776,0.490713,0.749168
1278,0.488321,0.490402
1908,0.492964,0.882252
1623,0.497676,0.821333
1845,0.495354,0.504610
1654,0.492984,1.057690
1292,0.493007,0.397144
1890,0.495327,0.672273
1979,0.504715,0.485467
1310,0.495302,1.738625
1709,0.507018,0.725675
1762,0.500102,0.656423
1721,0.511689,0.350036
1488,0.483662,0.690517
1377,0.493033,0.344711
1087,0.492992,0.207501
1963,0.509287,0.369478
1906,0.504652,0.241766
1235,0.509341,0.416953
1994,0.511632,0.849291
1583,0.525612,1.313448
1608,0.495329,0.741042
1168,0.497676,1.246622
1118,0.504676,0.836787
1592,0.518690,0.716069
1230,0.530283,0.416564
1600,0.490596,1.088815
1728,0.495353,0.450680
1782,0.490663,0.217749
1410,0.509364,0.469799
1059,0.492981,0.434257
1046,0.488368,1.377080
1227,0.504702,0.682699
1189,0.525747,1.235363
1693,0.495354,0.367010
1432,0.509402,1.059569
1831,0.490611,0.160407
1743,0.490590,0.399203
1503,0.493007,0.669925
1183,0.514117,0.690947
1413,0.495353,0.269531
1113,0.495273,1.102052
1128,0.490634,1.127530
1099,0.488318,0.104026
1621,0.488316,0.566387
1380,0.514010,0.918585
1169,0.497676,0.661154
1995,0.492952,0.636692
1176,0.492913,1.121856
1158,0.497676,1.035147
1403,0.495301,0.574852
1058,0.530284,1.288381
1085,0.495356,0.780338
1149,0.509341,0.318564
1702,0.511663,0.280618
1724,0.490663,0.471760
1387,0.509367,1.769756
1452,0.541922,0.932987
1923,0.509418,0.406291
1191,0.490712,0.468281
1313,0.497676,0.855265
1510,0.490663,1.032582
1028,0.514010,0.821773
1395,0.492935,0.548840
1809,0.490662,0.554403
1491,0.497676,0.654671
1163,0.544218,1.836646
1004,0.495304,1.152617
1001,0.492903,0.712313
1546,0.541919,1.374952
1725,0.497675,1.108192
1056,0.493008,0.493098
1883,0.539622,0.868610
1852,0.495327,0.624368
1140,0.495297,0.986751
1021,0.495275,0.815164
1202,0.506966,0.947223
1521,0.497676,0.680752
1997,0.490661,0.397154
1242,0.495353,0.385451
1956,0.495354,0.349967
1398,0.490712,0.489577
1477,0.493032,0.998155
1063,0.492928,0.404161
1370,0.493006,0.713288
1892,0.492956,0.353216
1960,0.514011,0.274774
1927,0.490637,0.462348
1663,0.497676,0.232301
1445,0.492984,0.396100
1509,0.497676,0.334124
1182,0.502492,0.734967
1287,0.497676,0.434847
1246,0.497676,0.035728
1448,0.492932,0.490828
1955,0.511634,0.767737
1898,0.495327,0.633021
1249,0.497676,0.148464
1897,0.495354,1.112431
1625,0.509418,0.537689
1136,0.495301,0.400710
1069,0.495328,0.950980
1641,0.483665,0.419052
1343,0.511631,1.119376
1910,0.493009,0.436060
1275,0.525665,1.489319
1833,0.495353,0.909143
1601,0.495353,0.654811
1659,0.509386,0.361986
1190,0.493032,1.062405
1502,0.495300,0.772618
1531,0.511635,0.992173
1479,0.497611,0.778874
1671,0.507045,0.906692
1629,0.495353,1.431504
1177,0.493012,0.089124
1325,0.528112,0.809312
1525,0.497676,0.704714
1415,0.497676,0.186564
1264,0.514011,0.334343
1339,0.490713,0.982003
1076,0.497676,0.718083
1303,0.507074,0.930322
1653,0.511685,0.420817
1414,0.495269,0.875221
1222,0.490639,0.475826
1079,0.495322,0.653976
1386,0.495353,0.740799
1390,0.493008,0.378104
1138,0.493006,0.876464
1482,0.492980,0.279224
1684,0.495355,0.197527
1942,0.490547,0.509907
1031,0.546547,1.277981
1806,0.495329,0.227701
1735,0.523236,0.760483
1849,0.488342,0.665619
1030,0.509339,1.401151
1366,0.495354,0.569697
1857,0.492955,0.459604
1055,0.495353,1.337576
1462,0.492956,0.923331
1088,0.497676,1.184528
1017,0.485971,0.429257
1595,0.492955,0.236461
1244,0.495302,0.272551
1941,0.497647,0.637538
1967,0.497676,0.220804
1014,0.497676,0.947145
1435,0.493006,0.740919
1868,0.488345,0.465615
1295,0.497676,0.503350
1265,0.497676,0.435286
1790,0.493009,0.667965
1371,0.525816,1.391459
1061,0.511741,1.010414
1953,0.493013,1.307033
1024,0.495302,0.231821
1519,0.511636,0.735629
1734,0.495355,0.593777
1392,0.523312,1.259747
1516,0.509337,1.152090
1422,0.490690,0.810318
1438,0.488318,0.671311
1612,0.493007,0.293292
1914,0.490687,0.844646
1129,0.509313,0.239688
1116,0.495281,0.473118
1676,0.506995,0.332448
1880,0.495327,0.724601
1661,0.507076,0.681388
1023,0.495299,1.101762
1843,0.525686,0.878871
1134,0.495354,0.849036
1481,0.493006,0.726933
1648,0.495310,0.708254
1877,0.514011,1.141512
1785,0.492982,0.963683
1133,0.495327,0.261721
1939,0.493032,0.594783
1557,0.490635,0.448312
1123,0.490715,0.218478
1231,0.493007,1.138113
1041,0.493008,0.509352
1522,0.525662,0.796662
1293,0.490608,0.367291
1161,0.509487,0.344882
1698,0.495327,0.427246
1382,0.488292,0.612105
1036,0.504741,0.712486
1495,0.492956,0.288853
1968,0.495353,0.541660
1188,0.492981,0.457678
1533,0.511687,0.873832
1948,0.495326,0.450983
1596,0.495328,1.155946
1579,0.490661,0.418727
1879,0.488283,0.656546
1791,0.506941,0.559279
1637,0.493032,0.645627
1009,0.495353,0.650632
1644,0.495354,0.552226
1098,0.497676,0.423671
1308,0.497676,0.671782
1259,0.490610,0.319054
1442,0.495327,0.833987
1469,0.488321,0.981978
1090,0.497611,0.967817
1769,0.495354,0.673688
1858,0.506902,0.436819
1666,0.495354,0.203836
1238,0.492980,0.372842
1618,0.504620,1.224937
1139,0.490608,0.954119
1095,0.493007,0.500610
1425,0.497646,0.820936
1695,0.495327,0.917113
1453,0.497676,0.272314
1700,0.511741,1.466724
1555,0.511686,0.580718
1844,0.492955,0.727358
1419,0.509386,0.864858
1917,0.493008,0.683470
1826,0.497676,0.556566
1982,0.507062,0.592395
1299,0.492955,0.562705
1834,0.497676,0.504330
1365,0.492960,0.889657
1606,0.490659,0.870213
1101,0.509342,0.615961
1304,0.488345,0.537630
1172,0.509392,0.499069
1005,0.493033,0.700533
1401,0.495353,0.245337
1847,0.497676,0.636324
1012,0.511737,0.513529
1964,0.490636,0.969669
1674,0.528113,0.685138
1490,0.495302,0.596522
1903,0.495302,0.387037
1330,0.495353,0.576220
1467,0.495327,0.578882
1262,0.495329,0.829380
1011,0.490555,0.632441
1019,0.523456,0.626136
1091,0.497676,0.901263
1636,0.493007,0.285508
1814,0.495355,0.940212
1253,0.495353,0.329584
1277,0.509338,0.249082
1542,0.511636,1.259617
1480,0.495327,0.934403
1508,0.495355,0.202592
1314,0.511620,1.113644
1267,0.495354,0.270467
1564,0.490687,0.384155
1487,0.504758,1.415932
1268,0.492956,0.883934
1006,0.497676,0.609449
1049,0.495353,0.364507
1679,0.493008,0.555641
1722,0.497632,0.450539
1570,0.495328,0.348860
1686,0.490663,0.189608
1904,0.490641,0.541402
1736,0.492953,1.002523
1146,0.492873,0.359834
1093,0.509392,0.565115
1587,0.509533,0.515486
1368,0.509339,0.947245
1175,0.492983,0.392818
1461,0.509374,0.202802
1551,0.492979,1.078396
1647,0.514010,0.745660
1532,0.492981,1.012667
1842,0.493031,0.822629
1754,0.530282,0.835027
1426,0.509285,1.629846
1220,0.495304,0.490591
1862,0.490689,0.606308
1300,0.523347,0.459910
1619,0.490611,0.947410
1730,0.497676,1.063364
1210,0.495354,0.455575
1501,0.544170,0.420432
1316,0.507010,0.629537
1751,0.495353,0.720587
1518,0.493007,0.327505
1812,0.506998,0.899864
1007,0.492981,0.305594
1485,0.514064,1.373502
1780,0.504675,0.689567
1756,0.511687,0.293708
1034,0.495275,0.307767
1072,0.511662,1.124355
1360,0.497676,0.897047
1150,0.492982,0.465199
1710,0.495354,0.198101
1550,0.507149,1.071719
1934,0.497676,1.094261
1144,0.507016,1.074373
1829,0.497677,0.289322
1404,0.495354,0.217599
1247,0.497676,0.398957
1362,0.495353,0.143071
1355,0.511770,0.807877
1040,0.495354,0.688258
1850,0.514066,1.919632
1515,0.521017,1.367038
1143,0.497551,0.504253
1597,0.527957,0.617917
1863,0.497676,0.379425
1632,0.495275,0.486304
1755,0.497676,0.457791
1840,0.495327,0.639473
1820,0.495354,0.787509
1228,0.530283,0.702741
1130,0.509410,1.200188
1535,0.523318,0.539092
1773,0.495277,0.293990
1470,0.495327,0.609502
1492,0.490640,0.642919
1002,0.490608,0.799288
1617,0.493007,0.329503
1307,0.514011,0.741869
1713,0.509311,0.810833
1796,0.509447,0.426017
1737,0.495302,0.273675
1660,0.490661,0.640928
1901,0.509314,0.683394
1714,0.492930,1.124521
1260,0.495330,2.305019
1732,0.530387,0.641325
1451,0.525709,1.772778
1643,0.488274,0.327126
1928,0.509388,0.244080
1219,0.495354,0.853641
1033,0.495353,0.264983
1437,0.492925,0.573445
1321,0.497675,0.653662
1170,0.492956,0.763647
1127,0.509293,0.558776
1616,0.497676,0.670862
1361,0.495353,0.465507
1077,0.492953,0.060441
1319,0.497658,0.581262
1086,0.490613,0.537580
1214,0.511740,0.364274
1873,0.495328,0.659626
1828,0.497676,0.258360
1215,0.509445,1.306106
1225,0.514011,1.239654
1137,0.495273,0.742936
1334,0.495281,0.188766
1052,0.490583,0.303322
1792,0.497676,0.408091
1075,0.495300,0.647061
1217,0.495326,0.369378
1818,0.497676,0.363833
1381,0.493006,1.032004
1447,0.495354,0.399169
1640,0.495329,0.511043
1226,0.497676,0.552589
1443,0.511687,1.026756
1053,0.492928,1.311953
1468,0.497676,1.232470
1070,0.514010,1.884433
1581,0.495353,0.415992
1878,0.555767,1.149637
1986,0.492956,0.904917
1348,0.492980,0.166827
1104,0.507060,0.508167
1957,0.495354,0.549204
1712,0.497676,1.200972
1122,0.497676,1.091060
1352,0.497676,0.705885
1096,0.497676,0.431506
1446,0.497676,0.459618
1311,0.492979,0.702406
1976,0.495303,1.054065
1089,0.497676,0.315390
1777,0.514009,0.680040
1817,0.509405,0.872496
1155,0.511660,0.699554
1839,0.492955,0.748073
1761,0.523288,1.146301
1271,0.497676,0.453477
1258,0.497676,0.501876
1719,0.492980,0.908673
1748,0.495302,0.352940
1524,0.514116,0.826781
1586,0.495329,0.845609
1281,0.511715,0.817688
1376,0.527934,0.457829
1744,0.495327,1.245239
1285,0.492984,1.033588
1357,0.492928,1.093707
1358,0.490612,0.480927
1536,0.509390,0.978469
1276,0.530388,0.965187
1328,0.495327,0.481913
1498,0.513972,0.709597
1584,0.492956,0.101760
1218,0.490690,0.384335
1949,0.541918,0.642284
1752,0.495328,0.241367
1905,0.497676,0.471533
1548,0.495328,0.174719
1789,0.509444,0.757963
1229,0.497676,0.376728
1323,0.495327,0.726290
1703,0.492982,0.847136
1985,0.497676,0.771524
1989,0.497676,1.164616
1594,0.492956,0.744872
1799,0.497676,0.340178
1373,0.497676,0.493837
1682,0.495328,0.679178
1965,0.525645,0.495683
1125,0.528058,0.817549
1552,0.492957,0.434893
1760,0.490635,0.791800
1439,0.504654,0.980128
1405,0.495328,0.330625
1669,0.497677,0.752721
1954,0.497677,0.472143
1864,0.514063,0.880488
1630,0.495303,2.043035
1943,0.495303,0.519077
1269,0.511632,0.641362
1097,0.511850,0.673965
1912,0.492951,0.580654
1853,0.514011,0.566894
1114,0.509360,0.577204
1449,0.506969,0.695845
1885,0.497676,0.396178
1458,0.497632,0.486222
1677,0.497676,0.254060
1675,0.511612,0.831962
1697,0.497654,0.648639
1441,0.548873,0.921861
1044,0.516335,0.706244
1585,0.495303,0.640343
1918,0.513984,0.786688
1767,0.495277,0.941094
1280,0.530258,1.054956
1689,0.509348,0.825111
1805,0.495302,0.591599
1132,0.492955,0.608892
1961,0.546521,1.875357
1456,0.497649,0.660268
1808,0.511638,0.644785
1565,0.495274,0.716013
1859,0.497651,1.799728
1540,0.532609,1.091120
1388,0.497651,0.708412
1665,0.514039,0.666139
1723,0.532662,0.617248
1772,0.497650,0.852785
1411,0.497650,0.364929
1827,0.511559,1.045794
1757,0.497650,0.489770
1978,0.548923,0.705427
1926,0.495277,1.005780
1110,0.514037,0.346304
1389,0.495276,1.380212
1312,0.516337,1.234205
1378,0.511791,1.714156
1598,0.532659,0.744602
1940,0.495275,0.353735
1135,0.495274,0.504847
1841,0.511711,0.984740
1977,0.495303,0.640289
1341,0.511606,0.385144
1787,0.497649,0.799944
1603,0.513982,1.214914
1494,0.495231,0.697004
1100,0.497652,1.289719
1496,0.514036,0.273414
1947,0.495303,1.135175
1742,0.530261,0.885797
1038,0.490608,0.382892
1209,0.495216,0.892742
1704,0.495302,1.184467
1417,0.492931,0.516719
1778,0.497562,0.691298
1111,0.530345,0.964099
1609,0.497649,0.852420
1279,0.492954,0.366521
1658,0.497651,1.253794
1384,0.516336,0.788041
1440,0.495302,0.496379
1575,0.497610,0.512515
1216,0.495301,0.168114
1309,0.497650,0.673365
1102,0.495278,0.244749
1925,0.497650,0.609426
1131,0.495302,0.867708
1332,0.497650,0.471619
1324,0.516335,0.607880
1241,0.495275,0.777058
1142,0.509434,0.648534
1763,0.492931,0.239721
1199,0.509354,1.360756
1234,0.497649,0.220780
1013,0.495303,1.417441
1547,0.497651,0.490626
1930,0.511709,0.281696
1327,0.530282,0.775869
1475,0.516335,0.604655
1764,0.495277,0.427361
1567,0.495302,0.322227
1272,0.513933,1.056274
1363,0.497650,0.449332
1326,0.495276,2.147078
1187,0.495302,0.782519
1708,0.513893,1.159429
1201,0.497652,0.549290
1117,0.516335,0.764033
1174,0.495301,0.692451
1320,0.532610,0.520501
1047,0.495302,1.123302
1205,0.516336,0.657851
1993,0.495276,0.499945
1920,0.511689,0.991824
1120,0.495303,0.915043
1037,0.497650,0.331197
1807,0.511687,0.673671
1026,0.497650,0.458997
1171,0.528013,0.398154
1893,0.513985,0.852856
1513,0.544271,1.022671
1652,0.497650,1.160317
1493,0.509507,0.641826
1273,0.516334,0.571915
1569,0.511710,1.008282
1243,0.497652,0.504024
1784,0.497649,0.702835
1317,0.516334,0.865672
1256,0.506864,1.193463
1124,0.497649,0.301526
1909,0.514090,1.453193
1969,0.516335,0.610008
1984,0.497652,0.322586
1605,0.497651,0.455407
1959,0.497651,0.430376
1529,0.497650,0.606146
1999,0.497651,0.301068
1301,0.497649,0.423722
1224,0.495301,0.730166
1391,0.516335,0.319752
1073,0.511794,0.688052
1759,0.497650,1.555676
1068,0.497649,1.458968
1284,0.497649,0.387252
1884,0.497649,0.450228
1794,0.495269,0.475685
1589,0.516298,1.812246
1611,0.511582,0.247407
1766,0.497650,0.445310
1664,0.497649,0.196870
1578,0.492927,0.743725
1560,0.497651,0.998274
1497,0.492906,0.853478
1151,0.513984,1.255660
1399,0.497651,0.667081
1626,0.497651,0.894729
1156,0.497650,0.561016
1237,0.513957,1.374288
1185,0.548922,0.990922
1670,0.516336,0.907246
1651,0.513958,0.761762
1261,0.497652,0.584766
1779,0.509293,1.693685
1672,0.516335,0.719316
1206,0.516335,1.338745
1331,0.497651,0.838752
1838,0.497651,0.673247
1951,0.495277,0.820091
1615,0.497650,0.588290
1628,0.492901,0.378335
1159,0.514037,0.710162
1105,0.497649,0.330357
1112,0.497650,0.267669
1335,0.516335,0.525695
1649,0.497650,0.801129
1181,0.499973,1.044594
1688,0.511679,0.376960
1081,0.514065,0.740543
1184,0.499972,0.276278
1263,0.499972,0.779570
1505,0.499970,1.118942
1599,0.514068,0.895735
1668,0.497536,0.724878
1701,0.495246,0.613368
1718,0.532710,1.200579
1289,0.516390,0.348736
1673,0.497624,0.546508
1824,0.495218,0.892677
1412,0.516389,0.688185
1823,0.497624,0.486982
1781,0.497625,0.419614
1064,0.497625,0.226580
1297,0.497624,0.273740
1830,0.497625,1.570972
1758,0.514012,1.242129
1729,0.497623,0.538180
1367,0.511639,0.448951
1107,0.497625,0.735803
1347,0.495212,1.427087
1315,0.497624,0.617055
1915,0.514063,0.886760
1929,0.516388,2.228255
1266,0.495223,0.364165
1822,0.514012,0.425672
1042,0.497626,0.216815
1944,0.497625,1.131254
1349,0.497625,1.348767
1157,0.514009,0.289188
1692,0.497622,0.266369
1639,0.497625,0.779573
1815,0.497625,1.065027
1003,0.497625,0.640461
1208,0.497625,0.565506
1987,0.514098,0.848962
1720,0.499955,0.510627
1553,0.499955,1.229094
1000,0.495197,0.592825
1179,0.516438,1.375753
1656,0.497600,0.589971
1344,0.497597,1.303681
1946,0.532816,0.776463
1991,0.516440,0.542029
1655,0.499941,0.660727
1211,0.514142,0.320742
1846,0.514173,0.746947
1322,0.499924,1.192183
1022,0.514205,0.998482
Average Cost: 11.196000
Accuracy: 94.600000
Accuracy 0: 100.000000
Cost 0: 8.000000
Accuracy 1: 100.000000
Cost 1: 8.000000
Accuracy 2: 100.000000
Cost 2: 8.000000
Accuracy 3: 100.000000
Cost 3: 8.000000
Accuracy 4: 100.000000
Cost 4: 8.000000
Accuracy 5: 100.000000
Cost 5: 8.000000
Accuracy 6: 100.000000
Cost 6: 8.000000
Accuracy 7: 100.000000
Cost 7: 8.000000
Accuracy 8: 100.000000
Cost 8: 8.000000
Accuracy 9: 100.000000
Cost 9: 8.000000
