Number of Worker Pools: 2
Number of Workers in Pool 1: 1000
Original mean,standardDev for Pool 1: 4.000000,0.300000
Number of Workers in Pool 2: 1000
Original mean,standardDev for Pool 2: 3.500000,0.200000
Number of Problems: 1000
ProblemNo,Answer,TrueAnswer,Cost,Difficulty,TrueDifficulty
0,1,1,10.000000,0.600000,0.500000
1,0,0,6.000000,0.000000,0.500000
2,0,0,6.000000,0.000000,0.500000
3,1,1,14.000000,0.800000,0.500000
4,0,0,6.000000,0.000000,0.500000
5,0,0,16.000000,0.900000,0.500000
6,0,0,10.000000,0.600000,0.500000
7,0,0,6.000000,0.000000,0.500000
8,1,1,6.000000,0.000000,0.500000
9,0,0,16.000000,0.900000,0.500000
10,1,1,10.000000,0.600000,0.500000
11,1,1,10.000000,0.600000,0.500000
12,1,1,6.000000,0.000000,0.500000
13,1,1,10.000000,0.600000,0.500000
14,0,0,6.000000,0.000000,0.500000
15,1,1,6.000000,0.000000,0.500000
16,0,0,10.000000,0.600000,0.500000
17,0,0,6.000000,0.000000,0.500000
18,1,1,10.000000,0.600000,0.500000
19,1,1,10.000000,0.600000,0.500000
20,0,0,6.000000,0.000000,0.500000
21,0,0,6.000000,0.000000,0.500000
22,0,0,12.000000,0.800000,0.500000
23,0,0,6.000000,0.000000,0.500000
24,0,0,10.000000,0.600000,0.500000
25,0,0,6.000000,0.000000,0.500000
26,1,1,14.000000,0.800000,0.500000
27,0,0,6.000000,0.000000,0.500000
28,0,0,6.000000,0.000000,0.500000
29,1,1,14.000000,0.800000,0.500000
30,1,1,10.000000,0.600000,0.500000
31,1,1,6.000000,0.000000,0.500000
32,0,0,10.000000,0.600000,0.500000
33,0,0,6.000000,0.000000,0.500000
34,1,1,10.000000,0.600000,0.500000
35,1,1,12.000000,0.800000,0.500000
36,1,1,6.000000,0.000000,0.500000
37,1,1,6.000000,0.000000,0.500000
38,1,1,14.000000,0.800000,0.500000
39,0,0,10.000000,0.600000,0.500000
40,0,0,6.000000,0.000000,0.500000
41,1,1,6.000000,0.000000,0.500000
42,0,0,14.000000,0.800000,0.500000
43,1,1,12.000000,0.800000,0.500000
44,0,0,14.000000,0.800000,0.500000
45,1,1,6.000000,0.000000,0.500000
46,1,1,10.000000,0.600000,0.500000
47,0,0,10.000000,0.600000,0.500000
48,1,1,6.000000,0.000000,0.500000
49,1,1,14.000000,0.800000,0.500000
50,1,1,6.000000,0.000000,0.500000
51,0,0,6.000000,0.000000,0.500000
52,0,0,6.000000,0.000000,0.500000
53,1,1,16.000000,0.900000,0.500000
54,0,0,6.000000,0.000000,0.500000
55,0,0,6.000000,0.000000,0.500000
56,0,0,14.000000,0.800000,0.500000
57,0,0,10.000000,0.600000,0.500000
58,0,0,6.000000,0.000000,0.500000
59,1,1,10.000000,0.600000,0.500000
60,1,1,16.000000,0.900000,0.500000
61,1,1,12.000000,0.800000,0.500000
62,1,1,6.000000,0.000000,0.500000
63,1,1,6.000000,0.000000,0.500000
64,0,0,16.000000,0.900000,0.500000
65,0,0,10.000000,0.600000,0.500000
66,0,0,6.000000,0.000000,0.500000
67,1,1,10.000000,0.600000,0.500000
68,1,1,6.000000,0.000000,0.500000
69,0,1,24.000000,0.900000,0.500000
70,1,1,6.000000,0.000000,0.500000
71,0,0,10.000000,0.600000,0.500000
72,1,1,14.000000,0.800000,0.500000
73,1,1,6.000000,0.000000,0.500000
74,1,1,6.000000,0.000000,0.500000
75,1,1,10.000000,0.600000,0.500000
76,1,1,6.000000,0.000000,0.500000
77,1,1,6.000000,0.000000,0.500000
78,1,1,6.000000,0.000000,0.500000
79,1,1,10.000000,0.600000,0.500000
80,1,1,10.000000,0.600000,0.500000
81,0,0,10.000000,0.600000,0.500000
82,1,1,10.000000,0.600000,0.500000
83,1,1,6.000000,0.000000,0.500000
84,1,1,10.000000,0.600000,0.500000
85,0,0,6.000000,0.000000,0.500000
86,1,1,22.000000,0.900000,0.500000
87,0,0,6.000000,0.000000,0.500000
88,0,0,10.000000,0.600000,0.500000
89,0,0,10.000000,0.600000,0.500000
90,0,0,6.000000,0.000000,0.500000
91,0,0,24.000000,1.000000,0.500000
92,1,1,6.000000,0.000000,0.500000
93,1,1,6.000000,0.000000,0.500000
94,1,1,6.000000,0.000000,0.500000
95,0,0,6.000000,0.000000,0.500000
96,1,1,6.000000,0.000000,0.500000
97,0,0,10.000000,0.600000,0.500000
98,1,1,16.000000,0.900000,0.500000
99,1,1,10.000000,0.600000,0.500000
100,1,1,16.000000,0.900000,0.500000
101,0,0,10.000000,0.600000,0.500000
102,0,0,14.000000,0.800000,0.500000
103,1,1,6.000000,0.000000,0.500000
104,0,0,12.000000,0.800000,0.500000
105,0,0,6.000000,0.000000,0.500000
106,1,1,6.000000,0.000000,0.500000
107,0,0,6.000000,0.000000,0.500000
108,1,1,6.000000,0.000000,0.500000
109,1,1,6.000000,0.000000,0.500000
110,0,0,6.000000,0.000000,0.500000
111,0,0,6.000000,0.000000,0.500000
112,1,1,6.000000,0.000000,0.500000
113,0,0,14.000000,0.800000,0.500000
114,0,0,6.000000,0.000000,0.500000
115,0,0,6.000000,0.000000,0.500000
116,0,1,14.000000,0.800000,0.500000
117,0,0,6.000000,0.000000,0.500000
118,0,0,6.000000,0.000000,0.500000
119,1,1,6.000000,0.000000,0.500000
120,0,0,6.000000,0.000000,0.500000
121,1,1,6.000000,0.000000,0.500000
122,1,1,14.000000,0.800000,0.500000
123,0,0,6.000000,0.000000,0.500000
124,0,0,6.000000,0.000000,0.500000
125,1,1,6.000000,0.000000,0.500000
126,0,0,12.000000,0.800000,0.500000
127,0,0,10.000000,0.600000,0.500000
128,0,0,6.000000,0.000000,0.500000
129,0,0,10.000000,0.600000,0.500000
130,0,0,10.000000,0.600000,0.500000
131,0,0,6.000000,0.000000,0.500000
132,0,0,6.000000,0.000000,0.500000
133,1,1,10.000000,0.600000,0.500000
134,1,1,10.000000,0.600000,0.500000
135,1,1,6.000000,0.000000,0.500000
136,0,0,12.000000,0.800000,0.500000
137,1,1,10.000000,0.600000,0.500000
138,0,0,22.000000,0.900000,0.500000
139,1,1,6.000000,0.000000,0.500000
140,1,1,6.000000,0.000000,0.500000
141,1,1,6.000000,0.000000,0.500000
142,1,1,6.000000,0.000000,0.500000
143,0,0,6.000000,0.000000,0.500000
144,0,0,12.000000,0.800000,0.500000
145,1,1,14.000000,0.800000,0.500000
146,1,1,6.000000,0.000000,0.500000
147,0,0,10.000000,0.600000,0.500000
148,1,1,10.000000,0.600000,0.500000
149,1,1,6.000000,0.000000,0.500000
150,1,1,14.000000,0.800000,0.500000
151,1,1,12.000000,0.800000,0.500000
152,0,0,6.000000,0.000000,0.500000
153,1,1,6.000000,0.000000,0.500000
154,1,1,6.000000,0.000000,0.500000
155,0,0,6.000000,0.000000,0.500000
156,0,0,6.000000,0.000000,0.500000
157,1,1,6.000000,0.000000,0.500000
158,0,0,6.000000,0.000000,0.500000
159,1,1,10.000000,0.600000,0.500000
160,1,1,6.000000,0.000000,0.500000
161,0,0,10.000000,0.600000,0.500000
162,0,0,6.000000,0.000000,0.500000
163,1,1,6.000000,0.000000,0.500000
164,1,1,6.000000,0.000000,0.500000
165,1,1,6.000000,0.000000,0.500000
166,1,1,10.000000,0.600000,0.500000
167,0,0,10.000000,0.600000,0.500000
168,0,0,6.000000,0.000000,0.500000
169,1,1,14.000000,0.800000,0.500000
170,0,0,6.000000,0.000000,0.500000
171,0,0,16.000000,0.900000,0.500000
172,0,0,6.000000,0.000000,0.500000
173,1,1,6.000000,0.000000,0.500000
174,1,1,10.000000,0.600000,0.500000
175,0,0,10.000000,0.600000,0.500000
176,0,0,6.000000,0.000000,0.500000
177,1,1,6.000000,0.000000,0.500000
178,0,0,10.000000,0.600000,0.500000
179,1,1,10.000000,0.600000,0.500000
180,1,1,10.000000,0.600000,0.500000
181,1,1,10.000000,0.600000,0.500000
182,1,1,6.000000,0.000000,0.500000
183,0,0,6.000000,0.000000,0.500000
184,1,1,14.000000,0.800000,0.500000
185,1,1,14.000000,0.800000,0.500000
186,1,1,10.000000,0.600000,0.500000
187,1,1,10.000000,0.600000,0.500000
188,0,0,6.000000,0.000000,0.500000
189,0,0,14.000000,0.800000,0.500000
190,1,1,14.000000,0.800000,0.500000
191,0,0,14.000000,0.800000,0.500000
192,1,1,10.000000,0.600000,0.500000
193,0,0,6.000000,0.000000,0.500000
194,0,0,6.000000,0.000000,0.500000
195,0,0,6.000000,0.000000,0.500000
196,1,1,6.000000,0.000000,0.500000
197,0,0,14.000000,0.800000,0.500000
198,0,0,20.000000,1.000000,0.500000
199,0,0,6.000000,0.000000,0.500000
200,0,0,6.000000,0.000000,0.500000
201,1,1,6.000000,0.000000,0.500000
202,0,0,6.000000,0.000000,0.500000
203,1,1,6.000000,0.000000,0.500000
204,0,0,24.000000,0.900000,0.500000
205,1,1,16.000000,0.900000,0.500000
206,0,0,6.000000,0.000000,0.500000
207,0,0,6.000000,0.000000,0.500000
208,1,1,6.000000,0.000000,0.500000
209,0,0,6.000000,0.000000,0.500000
210,1,1,6.000000,0.000000,0.500000
211,0,0,10.000000,0.600000,0.500000
212,1,1,6.000000,0.000000,0.500000
213,0,0,6.000000,0.000000,0.500000
214,1,1,6.000000,0.000000,0.500000
215,1,1,6.000000,0.000000,0.500000
216,1,1,22.000000,0.900000,0.500000
217,1,1,6.000000,0.000000,0.500000
218,0,0,10.000000,0.600000,0.500000
219,1,1,6.000000,0.000000,0.500000
220,1,1,14.000000,0.800000,0.500000
221,0,0,14.000000,0.800000,0.500000
222,1,1,10.000000,0.600000,0.500000
223,0,0,16.000000,0.900000,0.500000
224,1,1,14.000000,0.800000,0.500000
225,1,1,6.000000,0.000000,0.500000
226,0,0,10.000000,0.600000,0.500000
227,1,1,6.000000,0.000000,0.500000
228,0,0,6.000000,0.000000,0.500000
229,1,1,10.000000,0.600000,0.500000
230,1,1,6.000000,0.000000,0.500000
231,0,0,10.000000,0.600000,0.500000
232,1,1,10.000000,0.600000,0.500000
233,0,0,14.000000,0.800000,0.500000
234,0,0,16.000000,0.900000,0.500000
235,1,1,16.000000,0.900000,0.500000
236,1,1,10.000000,0.600000,0.500000
237,1,1,6.000000,0.000000,0.500000
238,1,1,10.000000,0.600000,0.500000
239,1,1,6.000000,0.000000,0.500000
240,0,0,14.000000,0.800000,0.500000
241,1,1,14.000000,0.800000,0.500000
242,0,0,6.000000,0.000000,0.500000
243,0,0,6.000000,0.000000,0.500000
244,1,1,10.000000,0.600000,0.500000
245,1,1,10.000000,0.600000,0.500000
246,0,0,10.000000,0.600000,0.500000
247,1,1,10.000000,0.600000,0.500000
248,1,1,10.000000,0.600000,0.500000
249,0,0,10.000000,0.600000,0.500000
250,1,1,10.000000,0.600000,0.500000
251,0,0,6.000000,0.000000,0.500000
252,0,0,14.000000,0.800000,0.500000
253,0,0,12.000000,0.800000,0.500000
254,1,1,10.000000,0.600000,0.500000
255,1,1,6.000000,0.000000,0.500000
256,0,0,6.000000,0.000000,0.500000
257,1,1,12.000000,0.800000,0.500000
258,1,1,6.000000,0.000000,0.500000
259,0,0,6.000000,0.000000,0.500000
260,0,0,14.000000,0.800000,0.500000
261,1,1,14.000000,0.800000,0.500000
262,1,1,6.000000,0.000000,0.500000
263,1,1,12.000000,0.800000,0.500000
264,1,1,6.000000,0.000000,0.500000
265,1,1,10.000000,0.600000,0.500000
266,1,1,10.000000,0.600000,0.500000
267,0,0,10.000000,0.600000,0.500000
268,1,1,6.000000,0.000000,0.500000
269,0,0,14.000000,0.800000,0.500000
270,0,0,6.000000,0.000000,0.500000
271,0,0,6.000000,0.000000,0.500000
272,1,1,6.000000,0.000000,0.500000
273,1,1,6.000000,0.000000,0.500000
274,1,1,10.000000,0.600000,0.500000
275,0,0,6.000000,0.000000,0.500000
276,1,1,6.000000,0.000000,0.500000
277,1,1,6.000000,0.000000,0.500000
278,0,0,6.000000,0.000000,0.500000
279,0,0,6.000000,0.000000,0.500000
280,1,1,6.000000,0.000000,0.500000
281,0,1,26.000000,0.900000,0.500000
282,0,0,6.000000,0.000000,0.500000
283,1,1,10.000000,0.600000,0.500000
284,1,1,6.000000,0.000000,0.500000
285,0,0,16.000000,0.900000,0.500000
286,0,0,6.000000,0.000000,0.500000
287,0,0,14.000000,0.800000,0.500000
288,0,0,6.000000,0.000000,0.500000
289,1,1,14.000000,0.800000,0.500000
290,1,1,16.000000,0.900000,0.500000
291,0,0,10.000000,0.600000,0.500000
292,1,1,6.000000,0.000000,0.500000
293,1,1,10.000000,0.600000,0.500000
294,0,0,6.000000,0.000000,0.500000
295,1,1,6.000000,0.000000,0.500000
296,0,0,6.000000,0.000000,0.500000
297,0,0,6.000000,0.000000,0.500000
298,0,0,6.000000,0.000000,0.500000
299,0,0,6.000000,0.000000,0.500000
300,1,1,6.000000,0.000000,0.500000
301,1,1,6.000000,0.000000,0.500000
302,1,1,6.000000,0.000000,0.500000
303,0,0,6.000000,0.000000,0.500000
304,0,0,6.000000,0.000000,0.500000
305,1,1,6.000000,0.000000,0.500000
306,1,1,6.000000,0.000000,0.500000
307,0,0,10.000000,0.600000,0.500000
308,1,1,6.000000,0.000000,0.500000
309,1,1,6.000000,0.000000,0.500000
310,0,0,18.000000,0.900000,0.500000
311,0,0,12.000000,0.800000,0.500000
312,1,1,6.000000,0.000000,0.500000
313,0,0,6.000000,0.000000,0.500000
314,0,0,6.000000,0.000000,0.500000
315,1,1,6.000000,0.000000,0.500000
316,1,1,10.000000,0.600000,0.500000
317,1,1,22.000000,0.900000,0.500000
318,0,0,18.000000,0.900000,0.500000
319,1,1,6.000000,0.000000,0.500000
320,0,0,6.000000,0.000000,0.500000
321,0,0,6.000000,0.000000,0.500000
322,0,0,10.000000,0.600000,0.500000
323,0,0,12.000000,0.800000,0.500000
324,0,0,16.000000,0.900000,0.500000
325,0,0,6.000000,0.000000,0.500000
326,0,0,6.000000,0.000000,0.500000
327,0,0,10.000000,0.600000,0.500000
328,1,1,6.000000,0.000000,0.500000
329,1,1,6.000000,0.000000,0.500000
330,0,0,6.000000,0.000000,0.500000
331,1,1,20.000000,0.900000,0.500000
332,1,1,6.000000,0.000000,0.500000
333,1,1,10.000000,0.600000,0.500000
334,0,0,6.000000,0.000000,0.500000
335,0,0,6.000000,0.000000,0.500000
336,0,0,6.000000,0.000000,0.500000
337,1,1,6.000000,0.000000,0.500000
338,0,0,14.000000,0.800000,0.500000
339,0,0,6.000000,0.000000,0.500000
340,0,0,10.000000,0.600000,0.500000
341,0,0,6.000000,0.000000,0.500000
342,1,1,10.000000,0.600000,0.500000
343,0,0,6.000000,0.000000,0.500000
344,0,0,6.000000,0.000000,0.500000
345,1,1,16.000000,0.900000,0.500000
346,0,0,10.000000,0.600000,0.500000
347,0,0,18.000000,0.900000,0.500000
348,0,0,16.000000,0.900000,0.500000
349,1,1,14.000000,0.800000,0.500000
350,0,0,6.000000,0.000000,0.500000
351,0,0,6.000000,0.000000,0.500000
352,1,1,6.000000,0.000000,0.500000
353,0,0,6.000000,0.000000,0.500000
354,0,0,6.000000,0.000000,0.500000
355,0,0,6.000000,0.000000,0.500000
356,1,1,10.000000,0.600000,0.500000
357,1,1,12.000000,0.800000,0.500000
358,0,0,14.000000,0.800000,0.500000
359,1,1,14.000000,0.800000,0.500000
360,0,0,16.000000,0.900000,0.500000
361,0,0,6.000000,0.000000,0.500000
362,1,1,10.000000,0.600000,0.500000
363,1,1,10.000000,0.600000,0.500000
364,1,1,14.000000,0.800000,0.500000
365,0,0,6.000000,0.000000,0.500000
366,1,1,14.000000,0.800000,0.500000
367,0,0,6.000000,0.000000,0.500000
368,0,0,6.000000,0.000000,0.500000
369,1,1,6.000000,0.000000,0.500000
370,0,0,10.000000,0.600000,0.500000
371,1,1,6.000000,0.000000,0.500000
372,0,0,10.000000,0.600000,0.500000
373,0,0,6.000000,0.000000,0.500000
374,0,0,6.000000,0.000000,0.500000
375,0,0,6.000000,0.000000,0.500000
376,0,0,6.000000,0.000000,0.500000
377,0,0,6.000000,0.000000,0.500000
378,1,1,16.000000,0.900000,0.500000
379,0,0,6.000000,0.000000,0.500000
380,0,0,6.000000,0.000000,0.500000
381,0,0,6.000000,0.000000,0.500000
382,1,1,6.000000,0.000000,0.500000
383,0,0,10.000000,0.600000,0.500000
384,1,1,6.000000,0.000000,0.500000
385,1,1,6.000000,0.000000,0.500000
386,1,1,10.000000,0.600000,0.500000
387,1,1,6.000000,0.000000,0.500000
388,0,0,6.000000,0.000000,0.500000
389,0,0,6.000000,0.000000,0.500000
390,1,1,10.000000,0.600000,0.500000
391,1,1,10.000000,0.600000,0.500000
392,1,1,12.000000,0.800000,0.500000
393,0,0,6.000000,0.000000,0.500000
394,1,1,14.000000,0.800000,0.500000
395,1,1,18.000000,0.900000,0.500000
396,1,1,6.000000,0.000000,0.500000
397,1,1,10.000000,0.600000,0.500000
398,1,1,6.000000,0.000000,0.500000
399,0,0,10.000000,0.600000,0.500000
400,0,0,6.000000,0.000000,0.500000
401,1,1,16.000000,0.900000,0.500000
402,1,1,6.000000,0.000000,0.500000
403,1,1,12.000000,0.800000,0.500000
404,1,1,6.000000,0.000000,0.500000
405,1,1,6.000000,0.000000,0.500000
406,1,1,6.000000,0.000000,0.500000
407,1,1,10.000000,0.600000,0.500000
408,1,1,6.000000,0.000000,0.500000
409,1,1,14.000000,0.800000,0.500000
410,1,1,10.000000,0.600000,0.500000
411,0,0,6.000000,0.000000,0.500000
412,0,0,6.000000,0.000000,0.500000
413,1,1,10.000000,0.600000,0.500000
414,0,0,6.000000,0.000000,0.500000
415,1,1,10.000000,0.600000,0.500000
416,0,0,6.000000,0.000000,0.500000
417,1,1,6.000000,0.000000,0.500000
418,1,1,16.000000,0.900000,0.500000
419,0,0,6.000000,0.000000,0.500000
420,1,1,6.000000,0.000000,0.500000
421,0,0,6.000000,0.000000,0.500000
422,0,0,6.000000,0.000000,0.500000
423,1,1,10.000000,0.600000,0.500000
424,0,0,6.000000,0.000000,0.500000
425,0,0,10.000000,0.600000,0.500000
426,1,1,16.000000,0.900000,0.500000
427,1,1,6.000000,0.000000,0.500000
428,0,0,6.000000,0.000000,0.500000
429,1,1,14.000000,0.800000,0.500000
430,1,1,10.000000,0.600000,0.500000
431,0,0,6.000000,0.000000,0.500000
432,1,1,6.000000,0.000000,0.500000
433,0,0,6.000000,0.000000,0.500000
434,0,0,6.000000,0.000000,0.500000
435,1,1,6.000000,0.000000,0.500000
436,0,0,14.000000,0.800000,0.500000
437,0,0,14.000000,0.800000,0.500000
438,0,0,10.000000,0.600000,0.500000
439,1,1,6.000000,0.000000,0.500000
440,0,0,14.000000,0.800000,0.500000
441,1,1,20.000000,0.900000,0.500000
442,1,1,6.000000,0.000000,0.500000
443,0,0,10.000000,0.600000,0.500000
444,1,1,6.000000,0.000000,0.500000
445,1,1,6.000000,0.000000,0.500000
446,1,1,14.000000,0.800000,0.500000
447,0,0,10.000000,0.600000,0.500000
448,1,1,6.000000,0.000000,0.500000
449,1,1,10.000000,0.600000,0.500000
450,1,1,14.000000,0.800000,0.500000
451,0,0,6.000000,0.000000,0.500000
452,1,1,6.000000,0.000000,0.500000
453,0,0,6.000000,0.000000,0.500000
454,1,1,6.000000,0.000000,0.500000
455,1,1,6.000000,0.000000,0.500000
456,0,0,12.000000,0.800000,0.500000
457,0,0,6.000000,0.000000,0.500000
458,0,1,20.000000,0.900000,0.500000
459,0,0,6.000000,0.000000,0.500000
460,0,0,6.000000,0.000000,0.500000
461,0,0,10.000000,0.600000,0.500000
462,0,0,6.000000,0.000000,0.500000
463,1,1,6.000000,0.000000,0.500000
464,0,0,6.000000,0.000000,0.500000
465,1,1,6.000000,0.000000,0.500000
466,0,0,6.000000,0.000000,0.500000
467,1,1,6.000000,0.000000,0.500000
468,0,0,16.000000,0.900000,0.500000
469,0,0,6.000000,0.000000,0.500000
470,1,1,6.000000,0.000000,0.500000
471,0,0,6.000000,0.000000,0.500000
472,1,1,6.000000,0.000000,0.500000
473,0,0,14.000000,0.800000,0.500000
474,1,1,6.000000,0.000000,0.500000
475,1,1,6.000000,0.000000,0.500000
476,0,0,12.000000,0.800000,0.500000
477,0,0,10.000000,0.600000,0.500000
478,1,1,10.000000,0.600000,0.500000
479,1,1,6.000000,0.000000,0.500000
480,1,1,10.000000,0.600000,0.500000
481,0,0,10.000000,0.600000,0.500000
482,0,0,10.000000,0.600000,0.500000
483,0,0,22.000000,0.900000,0.500000
484,1,1,6.000000,0.000000,0.500000
485,1,1,6.000000,0.000000,0.500000
486,1,1,6.000000,0.000000,0.500000
487,0,0,6.000000,0.000000,0.500000
488,0,0,16.000000,0.900000,0.500000
489,0,0,6.000000,0.000000,0.500000
490,1,1,6.000000,0.000000,0.500000
491,1,1,6.000000,0.000000,0.500000
492,1,1,6.000000,0.000000,0.500000
493,1,1,6.000000,0.000000,0.500000
494,1,1,6.000000,0.000000,0.500000
495,0,0,10.000000,0.600000,0.500000
496,0,0,6.000000,0.000000,0.500000
497,1,1,6.000000,0.000000,0.500000
498,1,1,6.000000,0.000000,0.500000
499,1,1,10.000000,0.600000,0.500000
500,1,1,10.000000,0.600000,0.500000
501,1,1,10.000000,0.600000,0.500000
502,0,0,6.000000,0.000000,0.500000
503,1,1,10.000000,0.600000,0.500000
504,0,0,6.000000,0.000000,0.500000
505,1,1,6.000000,0.000000,0.500000
506,0,0,6.000000,0.000000,0.500000
507,0,0,10.000000,0.600000,0.500000
508,0,0,6.000000,0.000000,0.500000
509,1,1,6.000000,0.000000,0.500000
510,0,0,10.000000,0.600000,0.500000
511,1,1,6.000000,0.000000,0.500000
512,0,0,6.000000,0.000000,0.500000
513,1,1,20.000000,0.900000,0.500000
514,0,1,10.000000,0.600000,0.500000
515,1,1,12.000000,0.800000,0.500000
516,1,1,14.000000,0.800000,0.500000
517,0,0,6.000000,0.000000,0.500000
518,1,1,16.000000,0.900000,0.500000
519,0,0,16.000000,0.900000,0.500000
520,1,1,10.000000,0.600000,0.500000
521,0,0,6.000000,0.000000,0.500000
522,0,0,16.000000,0.900000,0.500000
523,0,0,6.000000,0.000000,0.500000
524,0,0,26.000000,1.000000,0.500000
525,1,1,6.000000,0.000000,0.500000
526,0,0,6.000000,0.000000,0.500000
527,0,0,12.000000,0.800000,0.500000
528,0,0,6.000000,0.000000,0.500000
529,0,0,6.000000,0.000000,0.500000
530,1,1,10.000000,0.600000,0.500000
531,0,0,10.000000,0.600000,0.500000
532,0,0,6.000000,0.000000,0.500000
533,1,1,10.000000,0.600000,0.500000
534,0,0,10.000000,0.600000,0.500000
535,0,0,10.000000,0.600000,0.500000
536,1,1,6.000000,0.000000,0.500000
537,0,0,10.000000,0.600000,0.500000
538,1,1,16.000000,0.900000,0.500000
539,0,0,6.000000,0.000000,0.500000
540,0,0,12.000000,0.800000,0.500000
541,1,1,6.000000,0.000000,0.500000
542,1,1,6.000000,0.000000,0.500000
543,1,1,6.000000,0.000000,0.500000
544,0,1,12.000000,0.800000,0.500000
545,1,1,10.000000,0.600000,0.500000
546,1,1,6.000000,0.000000,0.500000
547,0,0,6.000000,0.000000,0.500000
548,0,0,6.000000,0.000000,0.500000
549,0,0,6.000000,0.000000,0.500000
550,1,1,6.000000,0.000000,0.500000
551,1,1,6.000000,0.000000,0.500000
552,1,1,6.000000,0.000000,0.500000
553,1,1,6.000000,0.000000,0.500000
554,1,1,10.000000,0.600000,0.500000
555,0,1,12.000000,0.800000,0.500000
556,1,1,20.000000,0.900000,0.500000
557,0,0,6.000000,0.000000,0.500000
558,0,0,6.000000,0.000000,0.500000
559,1,1,14.000000,0.800000,0.500000
560,0,0,6.000000,0.000000,0.500000
561,0,0,16.000000,0.900000,0.500000
562,1,1,10.000000,0.600000,0.500000
563,0,0,12.000000,0.800000,0.500000
564,0,0,10.000000,0.600000,0.500000
565,0,0,6.000000,0.000000,0.500000
566,0,0,10.000000,0.600000,0.500000
567,0,0,6.000000,0.000000,0.500000
568,0,0,14.000000,0.800000,0.500000
569,1,1,6.000000,0.000000,0.500000
570,1,1,6.000000,0.000000,0.500000
571,1,1,6.000000,0.000000,0.500000
572,1,1,10.000000,0.600000,0.500000
573,1,1,6.000000,0.000000,0.500000
574,1,1,10.000000,0.600000,0.500000
575,1,1,6.000000,0.000000,0.500000
576,1,1,14.000000,0.800000,0.500000
577,1,1,10.000000,0.600000,0.500000
578,0,0,6.000000,0.000000,0.500000
579,0,0,14.000000,0.800000,0.500000
580,1,1,6.000000,0.000000,0.500000
581,0,0,10.000000,0.600000,0.500000
582,0,0,10.000000,0.600000,0.500000
583,0,0,6.000000,0.000000,0.500000
584,1,1,6.000000,0.000000,0.500000
585,1,1,6.000000,0.000000,0.500000
586,0,0,6.000000,0.000000,0.500000
587,0,0,6.000000,0.000000,0.500000
588,1,1,12.000000,0.800000,0.500000
589,0,0,10.000000,0.600000,0.500000
590,0,0,10.000000,0.600000,0.500000
591,1,1,6.000000,0.000000,0.500000
592,1,1,10.000000,0.600000,0.500000
593,1,1,10.000000,0.600000,0.500000
594,1,1,6.000000,0.000000,0.500000
595,1,1,10.000000,0.600000,0.500000
596,0,0,6.000000,0.000000,0.500000
597,1,1,10.000000,0.600000,0.500000
598,1,1,16.000000,0.900000,0.500000
599,0,0,6.000000,0.000000,0.500000
600,0,0,16.000000,0.900000,0.500000
601,0,0,6.000000,0.000000,0.500000
602,1,1,6.000000,0.000000,0.500000
603,1,1,10.000000,0.600000,0.500000
604,1,1,14.000000,0.800000,0.500000
605,1,1,10.000000,0.600000,0.500000
606,1,1,12.000000,0.800000,0.500000
607,1,1,10.000000,0.600000,0.500000
608,1,1,10.000000,0.600000,0.500000
609,0,0,6.000000,0.000000,0.500000
610,0,0,6.000000,0.000000,0.500000
611,1,1,6.000000,0.000000,0.500000
612,0,0,12.000000,0.800000,0.500000
613,1,1,6.000000,0.000000,0.500000
614,0,0,10.000000,0.600000,0.500000
615,1,1,6.000000,0.000000,0.500000
616,0,0,6.000000,0.000000,0.500000
617,1,1,6.000000,0.000000,0.500000
618,1,1,6.000000,0.000000,0.500000
619,0,0,20.000000,0.900000,0.500000
620,0,0,10.000000,0.600000,0.500000
621,0,0,6.000000,0.000000,0.500000
622,1,1,6.000000,0.000000,0.500000
623,1,1,10.000000,0.600000,0.500000
624,0,0,6.000000,0.000000,0.500000
625,0,0,18.000000,0.900000,0.500000
626,0,0,10.000000,0.600000,0.500000
627,0,0,6.000000,0.000000,0.500000
628,1,1,14.000000,0.800000,0.500000
629,1,1,6.000000,0.000000,0.500000
630,0,0,10.000000,0.600000,0.500000
631,0,0,16.000000,0.900000,0.500000
632,0,0,6.000000,0.000000,0.500000
633,1,1,10.000000,0.600000,0.500000
634,0,0,10.000000,0.600000,0.500000
635,1,1,14.000000,0.800000,0.500000
636,1,1,20.000000,0.900000,0.500000
637,0,0,10.000000,0.600000,0.500000
638,1,1,6.000000,0.000000,0.500000
639,0,0,6.000000,0.000000,0.500000
640,1,1,6.000000,0.000000,0.500000
641,1,1,10.000000,0.600000,0.500000
642,1,1,6.000000,0.000000,0.500000
643,1,1,10.000000,0.600000,0.500000
644,1,1,6.000000,0.000000,0.500000
645,1,1,6.000000,0.000000,0.500000
646,0,0,6.000000,0.000000,0.500000
647,1,1,16.000000,0.900000,0.500000
648,0,0,6.000000,0.000000,0.500000
649,1,1,6.000000,0.000000,0.500000
650,0,0,6.000000,0.000000,0.500000
651,1,1,6.000000,0.000000,0.500000
652,1,1,6.000000,0.000000,0.500000
653,1,1,18.000000,0.900000,0.500000
654,1,1,6.000000,0.000000,0.500000
655,1,1,14.000000,0.800000,0.500000
656,0,0,6.000000,0.000000,0.500000
657,0,0,6.000000,0.000000,0.500000
658,1,1,12.000000,0.800000,0.500000
659,1,1,6.000000,0.000000,0.500000
660,1,1,10.000000,0.600000,0.500000
661,0,0,10.000000,0.600000,0.500000
662,0,0,6.000000,0.000000,0.500000
663,1,1,14.000000,0.800000,0.500000
664,0,0,6.000000,0.000000,0.500000
665,0,0,6.000000,0.000000,0.500000
666,1,1,10.000000,0.600000,0.500000
667,1,1,12.000000,0.800000,0.500000
668,1,1,10.000000,0.600000,0.500000
669,0,0,6.000000,0.000000,0.500000
670,1,1,10.000000,0.600000,0.500000
671,0,0,10.000000,0.600000,0.500000
672,1,1,6.000000,0.000000,0.500000
673,0,0,10.000000,0.600000,0.500000
674,1,1,6.000000,0.000000,0.500000
675,0,0,6.000000,0.000000,0.500000
676,0,0,10.000000,0.600000,0.500000
677,1,1,6.000000,0.000000,0.500000
678,1,1,14.000000,0.800000,0.500000
679,0,0,10.000000,0.600000,0.500000
680,0,0,6.000000,0.000000,0.500000
681,1,1,6.000000,0.000000,0.500000
682,0,0,10.000000,0.600000,0.500000
683,1,1,6.000000,0.000000,0.500000
684,1,1,10.000000,0.600000,0.500000
685,1,1,6.000000,0.000000,0.500000
686,1,1,6.000000,0.000000,0.500000
687,0,0,14.000000,0.800000,0.500000
688,0,0,6.000000,0.000000,0.500000
689,0,0,6.000000,0.000000,0.500000
690,0,0,10.000000,0.600000,0.500000
691,1,1,12.000000,0.800000,0.500000
692,1,1,6.000000,0.000000,0.500000
693,1,1,16.000000,0.900000,0.500000
694,0,0,12.000000,0.800000,0.500000
695,0,0,16.000000,0.900000,0.500000
696,1,1,6.000000,0.000000,0.500000
697,1,1,30.000000,1.000000,0.500000
698,0,0,22.000000,0.900000,0.500000
699,1,1,6.000000,0.000000,0.500000
700,0,0,6.000000,0.000000,0.500000
701,0,0,6.000000,0.000000,0.500000
702,1,1,14.000000,0.800000,0.500000
703,1,1,14.000000,0.800000,0.500000
704,1,1,12.000000,0.800000,0.500000
705,1,1,10.000000,0.600000,0.500000
706,0,0,16.000000,0.900000,0.500000
707,1,1,6.000000,0.000000,0.500000
708,1,1,6.000000,0.000000,0.500000
709,1,1,10.000000,0.600000,0.500000
710,1,1,6.000000,0.000000,0.500000
711,1,1,10.000000,0.600000,0.500000
712,0,0,6.000000,0.000000,0.500000
713,0,0,10.000000,0.600000,0.500000
714,0,0,10.000000,0.600000,0.500000
715,1,1,6.000000,0.000000,0.500000
716,0,0,10.000000,0.600000,0.500000
717,0,0,6.000000,0.000000,0.500000
718,1,1,6.000000,0.000000,0.500000
719,0,0,6.000000,0.000000,0.500000
720,1,1,6.000000,0.000000,0.500000
721,1,1,10.000000,0.600000,0.500000
722,0,0,10.000000,0.600000,0.500000
723,0,0,6.000000,0.000000,0.500000
724,1,1,6.000000,0.000000,0.500000
725,1,1,6.000000,0.000000,0.500000
726,1,1,6.000000,0.000000,0.500000
727,0,1,10.000000,0.600000,0.500000
728,1,1,10.000000,0.600000,0.500000
729,0,0,6.000000,0.000000,0.500000
730,0,0,10.000000,0.600000,0.500000
731,0,0,10.000000,0.600000,0.500000
732,1,1,6.000000,0.000000,0.500000
733,0,0,10.000000,0.600000,0.500000
734,0,0,6.000000,0.000000,0.500000
735,0,0,6.000000,0.000000,0.500000
736,0,0,16.000000,0.900000,0.500000
737,1,1,10.000000,0.600000,0.500000
738,0,0,10.000000,0.600000,0.500000
739,0,0,10.000000,0.600000,0.500000
740,1,1,6.000000,0.000000,0.500000
741,1,1,6.000000,0.000000,0.500000
742,1,1,20.000000,0.900000,0.500000
743,1,1,6.000000,0.000000,0.500000
744,1,1,6.000000,0.000000,0.500000
745,0,0,6.000000,0.000000,0.500000
746,0,0,14.000000,0.800000,0.500000
747,1,1,6.000000,0.000000,0.500000
748,1,1,10.000000,0.600000,0.500000
749,1,1,10.000000,0.600000,0.500000
750,1,1,14.000000,0.800000,0.500000
751,1,1,10.000000,0.600000,0.500000
752,1,1,6.000000,0.000000,0.500000
753,1,1,24.000000,0.900000,0.500000
754,1,1,6.000000,0.000000,0.500000
755,1,1,14.000000,0.800000,0.500000
756,1,1,6.000000,0.000000,0.500000
757,1,1,10.000000,0.600000,0.500000
758,1,1,6.000000,0.000000,0.500000
759,0,0,10.000000,0.600000,0.500000
760,1,1,6.000000,0.000000,0.500000
761,0,0,6.000000,0.000000,0.500000
762,0,0,6.000000,0.000000,0.500000
763,0,0,14.000000,0.800000,0.500000
764,0,0,10.000000,0.600000,0.500000
765,1,1,6.000000,0.000000,0.500000
766,1,1,6.000000,0.000000,0.500000
767,1,1,6.000000,0.000000,0.500000
768,0,0,6.000000,0.000000,0.500000
769,0,0,6.000000,0.000000,0.500000
770,0,0,6.000000,0.000000,0.500000
771,1,1,6.000000,0.000000,0.500000
772,0,0,6.000000,0.000000,0.500000
773,0,0,10.000000,0.600000,0.500000
774,0,0,14.000000,0.800000,0.500000
775,0,0,6.000000,0.000000,0.500000
776,1,1,6.000000,0.000000,0.500000
777,0,0,6.000000,0.000000,0.500000
778,1,1,10.000000,0.600000,0.500000
779,1,1,6.000000,0.000000,0.500000
780,1,1,10.000000,0.600000,0.500000
781,1,1,10.000000,0.600000,0.500000
782,1,1,6.000000,0.000000,0.500000
783,0,0,16.000000,0.900000,0.500000
784,1,1,6.000000,0.000000,0.500000
785,0,0,6.000000,0.000000,0.500000
786,1,1,6.000000,0.000000,0.500000
787,1,1,10.000000,0.600000,0.500000
788,1,1,6.000000,0.000000,0.500000
789,1,1,6.000000,0.000000,0.500000
790,0,0,6.000000,0.000000,0.500000
791,0,0,6.000000,0.000000,0.500000
792,0,0,6.000000,0.000000,0.500000
793,0,0,6.000000,0.000000,0.500000
794,0,0,6.000000,0.000000,0.500000
795,0,0,14.000000,0.800000,0.500000
796,1,1,6.000000,0.000000,0.500000
797,0,0,6.000000,0.000000,0.500000
798,0,0,6.000000,0.000000,0.500000
799,0,0,6.000000,0.000000,0.500000
800,0,0,10.000000,0.600000,0.500000
801,0,0,6.000000,0.000000,0.500000
802,1,1,6.000000,0.000000,0.500000
803,1,1,6.000000,0.000000,0.500000
804,1,1,6.000000,0.000000,0.500000
805,1,1,6.000000,0.000000,0.500000
806,0,0,18.000000,0.900000,0.500000
807,0,0,14.000000,0.800000,0.500000
808,1,1,6.000000,0.000000,0.500000
809,0,0,14.000000,0.800000,0.500000
810,1,1,18.000000,0.900000,0.500000
811,1,1,6.000000,0.000000,0.500000
812,1,1,10.000000,0.600000,0.500000
813,0,0,16.000000,0.900000,0.500000
814,1,1,14.000000,0.800000,0.500000
815,0,0,6.000000,0.000000,0.500000
816,0,0,6.000000,0.000000,0.500000
817,1,1,6.000000,0.000000,0.500000
818,0,0,6.000000,0.000000,0.500000
819,1,1,6.000000,0.000000,0.500000
820,1,1,6.000000,0.000000,0.500000
821,0,0,6.000000,0.000000,0.500000
822,1,1,6.000000,0.000000,0.500000
823,1,1,28.000000,0.900000,0.500000
824,0,0,6.000000,0.000000,0.500000
825,1,1,6.000000,0.000000,0.500000
826,1,1,6.000000,0.000000,0.500000
827,1,1,6.000000,0.000000,0.500000
828,0,0,6.000000,0.000000,0.500000
829,1,1,6.000000,0.000000,0.500000
830,1,1,6.000000,0.000000,0.500000
831,1,1,12.000000,0.800000,0.500000
832,0,0,6.000000,0.000000,0.500000
833,0,0,10.000000,0.600000,0.500000
834,0,0,10.000000,0.600000,0.500000
835,1,1,6.000000,0.000000,0.500000
836,0,0,12.000000,0.800000,0.500000
837,0,0,10.000000,0.600000,0.500000
838,0,0,6.000000,0.000000,0.500000
839,0,0,6.000000,0.000000,0.500000
840,0,0,12.000000,0.800000,0.500000
841,0,0,14.000000,0.800000,0.500000
842,0,0,10.000000,0.600000,0.500000
843,1,1,16.000000,0.900000,0.500000
844,0,0,6.000000,0.000000,0.500000
845,1,1,6.000000,0.000000,0.500000
846,1,1,10.000000,0.600000,0.500000
847,1,1,6.000000,0.000000,0.500000
848,0,0,6.000000,0.000000,0.500000
849,0,0,6.000000,0.000000,0.500000
850,0,0,6.000000,0.000000,0.500000
851,1,1,10.000000,0.600000,0.500000
852,1,1,12.000000,0.800000,0.500000
853,1,1,6.000000,0.000000,0.500000
854,1,1,6.000000,0.000000,0.500000
855,1,1,6.000000,0.000000,0.500000
856,0,0,18.000000,0.900000,0.500000
857,1,1,6.000000,0.000000,0.500000
858,0,0,6.000000,0.000000,0.500000
859,1,1,10.000000,0.600000,0.500000
860,1,1,10.000000,0.600000,0.500000
861,1,1,10.000000,0.600000,0.500000
862,1,1,6.000000,0.000000,0.500000
863,1,1,6.000000,0.000000,0.500000
864,0,0,6.000000,0.000000,0.500000
865,0,0,22.000000,0.900000,0.500000
866,1,1,10.000000,0.600000,0.500000
867,0,0,6.000000,0.000000,0.500000
868,0,0,10.000000,0.600000,0.500000
869,0,1,12.000000,0.800000,0.500000
870,0,0,6.000000,0.000000,0.500000
871,0,0,6.000000,0.000000,0.500000
872,0,0,10.000000,0.600000,0.500000
873,0,0,6.000000,0.000000,0.500000
874,0,0,10.000000,0.600000,0.500000
875,1,1,6.000000,0.000000,0.500000
876,0,0,6.000000,0.000000,0.500000
877,1,1,6.000000,0.000000,0.500000
878,1,1,6.000000,0.000000,0.500000
879,0,0,18.000000,0.900000,0.500000
880,1,1,14.000000,0.800000,0.500000
881,1,1,14.000000,0.800000,0.500000
882,0,0,10.000000,0.600000,0.500000
883,1,1,10.000000,0.600000,0.500000
884,0,0,6.000000,0.000000,0.500000
885,1,1,12.000000,0.800000,0.500000
886,0,1,6.000000,0.000000,0.500000
887,1,1,6.000000,0.000000,0.500000
888,1,1,10.000000,0.600000,0.500000
889,0,0,6.000000,0.000000,0.500000
890,0,0,6.000000,0.000000,0.500000
891,0,0,12.000000,0.800000,0.500000
892,0,0,6.000000,0.000000,0.500000
893,0,0,6.000000,0.000000,0.500000
894,0,0,10.000000,0.600000,0.500000
895,0,0,14.000000,0.800000,0.500000
896,1,1,6.000000,0.000000,0.500000
897,1,0,12.000000,0.800000,0.500000
898,1,1,10.000000,0.600000,0.500000
899,0,0,6.000000,0.000000,0.500000
900,1,1,6.000000,0.000000,0.500000
901,1,1,6.000000,0.000000,0.500000
902,0,1,10.000000,0.600000,0.500000
903,1,1,10.000000,0.600000,0.500000
904,0,0,6.000000,0.000000,0.500000
905,1,1,6.000000,0.000000,0.500000
906,0,0,6.000000,0.000000,0.500000
907,0,0,6.000000,0.000000,0.500000
908,0,0,6.000000,0.000000,0.500000
909,0,0,14.000000,0.800000,0.500000
910,1,1,6.000000,0.000000,0.500000
911,0,0,6.000000,0.000000,0.500000
912,0,0,6.000000,0.000000,0.500000
913,0,0,10.000000,0.600000,0.500000
914,1,1,14.000000,0.800000,0.500000
915,0,0,10.000000,0.600000,0.500000
916,0,0,10.000000,0.600000,0.500000
917,1,1,6.000000,0.000000,0.500000
918,0,0,10.000000,0.600000,0.500000
919,0,1,6.000000,0.000000,0.500000
920,0,0,10.000000,0.600000,0.500000
921,1,1,6.000000,0.000000,0.500000
922,1,1,6.000000,0.000000,0.500000
923,0,0,10.000000,0.600000,0.500000
924,1,1,6.000000,0.000000,0.500000
925,0,0,6.000000,0.000000,0.500000
926,0,0,10.000000,0.600000,0.500000
927,0,0,10.000000,0.600000,0.500000
928,1,1,6.000000,0.000000,0.500000
929,0,0,6.000000,0.000000,0.500000
930,1,1,6.000000,0.000000,0.500000
931,1,1,6.000000,0.000000,0.500000
932,1,1,10.000000,0.600000,0.500000
933,0,0,6.000000,0.000000,0.500000
934,1,1,6.000000,0.000000,0.500000
935,1,1,6.000000,0.000000,0.500000
936,1,1,12.000000,0.800000,0.500000
937,1,1,10.000000,0.600000,0.500000
938,0,0,6.000000,0.000000,0.500000
939,0,0,6.000000,0.000000,0.500000
940,1,1,6.000000,0.000000,0.500000
941,0,0,6.000000,0.000000,0.500000
942,0,0,16.000000,0.900000,0.500000
943,0,0,6.000000,0.000000,0.500000
944,0,0,6.000000,0.000000,0.500000
945,1,1,6.000000,0.000000,0.500000
946,1,1,12.000000,0.800000,0.500000
947,1,1,6.000000,0.000000,0.500000
948,0,0,10.000000,0.600000,0.500000
949,1,1,6.000000,0.000000,0.500000
950,0,0,6.000000,0.000000,0.500000
951,1,1,6.000000,0.000000,0.500000
952,0,0,6.000000,0.000000,0.500000
953,1,1,6.000000,0.000000,0.500000
954,1,1,6.000000,0.000000,0.500000
955,0,0,6.000000,0.000000,0.500000
956,0,0,6.000000,0.000000,0.500000
957,0,0,6.000000,0.000000,0.500000
958,1,1,6.000000,0.000000,0.500000
959,0,0,16.000000,0.900000,0.500000
960,1,1,10.000000,0.600000,0.500000
961,1,1,6.000000,0.000000,0.500000
962,1,1,10.000000,0.600000,0.500000
963,0,0,6.000000,0.000000,0.500000
964,1,1,10.000000,0.600000,0.500000
965,1,1,16.000000,0.900000,0.500000
966,0,0,6.000000,0.000000,0.500000
967,1,1,6.000000,0.000000,0.500000
968,1,1,6.000000,0.000000,0.500000
969,1,1,6.000000,0.000000,0.500000
970,1,1,6.000000,0.000000,0.500000
971,0,0,6.000000,0.000000,0.500000
972,1,1,6.000000,0.000000,0.500000
973,1,0,10.000000,0.600000,0.500000
974,0,0,6.000000,0.000000,0.500000
975,1,1,6.000000,0.000000,0.500000
976,1,1,6.000000,0.000000,0.500000
977,1,1,10.000000,0.600000,0.500000
978,0,0,10.000000,0.600000,0.500000
979,0,0,14.000000,0.800000,0.500000
980,0,0,6.000000,0.000000,0.500000
981,0,0,10.000000,0.600000,0.500000
982,0,0,6.000000,0.000000,0.500000
983,0,0,6.000000,0.000000,0.500000
984,1,1,6.000000,0.000000,0.500000
985,0,0,6.000000,0.000000,0.500000
986,0,0,6.000000,0.000000,0.500000
987,1,1,6.000000,0.000000,0.500000
988,0,0,10.000000,0.600000,0.500000
989,1,1,16.000000,0.900000,0.500000
990,1,1,10.000000,0.600000,0.500000
991,1,1,6.000000,0.000000,0.500000
992,0,0,6.000000,0.000000,0.500000
993,0,0,16.000000,0.900000,0.500000
994,1,1,6.000000,0.000000,0.500000
995,0,0,6.000000,0.000000,0.500000
996,1,1,6.000000,0.000000,0.500000
997,1,1,14.000000,0.800000,0.500000
998,1,1,20.000000,0.900000,0.500000
999,0,0,6.000000,0.000000,0.500000
WorkerID,Gamma,TrueGamma
1032,0.454555,0.492844
1356,0.458459,0.359492
1359,0.401853,0.358841
1992,0.489177,0.817476
1296,0.431540,0.687645
1399,0.425922,0.667081
1990,0.574627,0.937697
1854,0.461837,0.773134
1386,0.402790,0.740799
1705,0.413906,0.307350
1562,0.476569,0.830793
1377,0.417407,0.344711
1282,0.571647,0.680534
1874,0.458454,0.524489
1728,0.399713,0.450680
1071,0.474540,1.011702
1607,0.453917,0.133218
1167,0.488635,0.566068
1109,0.497656,1.034417
1891,0.430418,0.564676
1881,0.486707,0.669587
1938,0.377156,0.363017
1283,0.456994,0.287074
1234,0.410745,0.220780
1962,0.487742,1.036842
1084,0.494724,0.531765
1139,0.446176,0.954119
1588,0.444949,0.747646
1882,0.499947,0.506970
1757,0.411439,0.489770
1486,0.526039,0.890699
1178,0.486804,0.430380
1658,0.426516,1.253794
1741,0.444134,1.012126
1572,0.522112,0.848394
1724,0.414633,0.471760
1455,0.467201,0.452734
1715,0.523063,0.282479
1987,0.596766,0.848962
1018,0.497657,0.381546
1350,0.418102,0.446511
1972,0.410769,0.575666
1043,0.442412,1.283093
1786,0.388382,0.655722
1439,0.665030,0.980128
1418,0.398589,0.387860
1576,0.443817,0.380942
1354,0.522936,0.374397
1633,0.492191,0.283113
1662,0.410915,0.416364
1747,0.397683,0.365861
1057,0.373280,0.644655
1298,0.433738,0.381990
1025,0.386123,0.520364
1690,0.430378,0.138724
1407,0.434232,0.511091
1045,0.583881,0.960691
1838,0.433092,0.673247
1832,0.473234,0.459093
1837,0.433114,0.165910
1737,0.410700,0.273675
1582,0.431383,0.735791
1473,0.642768,0.552086
1029,0.482110,0.808046
1374,0.501756,0.233866
1976,0.419780,1.054065
1554,0.556223,0.925256
1983,0.488230,0.702087
1797,0.443581,0.466343
1478,0.373311,1.139900
1291,0.486623,0.921083
1595,0.416524,0.236461
1711,0.410190,0.426923
1980,0.486612,0.324687
1740,0.560566,0.845994
1329,0.422785,0.537706
1364,0.550210,0.500562
1975,0.375760,0.418329
1245,0.488431,0.416354
1706,0.420348,0.322532
1062,0.507140,0.362134
1526,0.424019,1.126638
1460,0.402897,0.278901
1346,0.443827,0.707811
1505,0.431413,1.118942
1738,0.433539,0.234254
1148,0.493232,1.030920
1613,0.536883,0.496605
1314,0.471341,1.113644
1745,0.416354,0.177660
1667,0.552098,0.518514
1550,0.459679,1.071719
1336,0.481131,1.086139
1430,0.460177,0.596638
1152,0.392860,0.233922
1173,0.508171,0.659888
1229,0.433012,0.376728
1305,0.479729,0.764292
1825,0.421214,0.639530
1773,0.388111,0.293990
1489,0.381041,0.420223
1811,0.421236,0.396416
1924,0.490488,0.769896
1871,0.497366,0.535803
1565,0.429225,0.716013
1517,0.418030,0.915128
1254,0.549009,0.370848
1915,0.553351,0.886760
1746,0.584592,0.718318
1239,0.497291,1.252713
1476,0.402692,0.458280
1166,0.400340,0.467607
1933,0.608645,0.862806
1237,0.608435,1.374288
1207,0.438183,0.322981
1886,0.443238,0.301754
1140,0.419969,0.986751
1691,0.442526,0.920620
1330,0.433115,0.576220
1255,0.516407,0.977057
1431,0.407811,1.044495
1701,0.406699,0.613368
1563,0.421944,0.374231
1206,0.567982,1.338745
1257,0.424395,0.810700
1681,0.466527,1.269226
1610,0.399345,0.806149
1065,0.372657,0.477088
1778,0.425100,0.691298
1895,0.420040,0.991852
1680,0.384587,0.308333
1069,0.431921,0.950980
1423,0.487651,1.314022
1902,0.402065,0.490215
1189,0.619240,1.235363
1471,0.576847,1.239962
1867,0.422524,0.383082
1198,0.422982,0.963164
1650,0.492898,0.812186
1141,0.428276,0.267013
1870,0.434945,0.345543
1463,0.382752,0.551037
1337,0.430707,1.290696
1131,0.484217,0.867708
1528,0.399995,0.647972
1108,0.614144,0.901300
1128,0.401892,1.127530
1539,0.475395,0.929789
1982,0.490573,0.592395
1433,0.422543,0.365332
1472,0.464108,0.378233
1622,0.358002,0.764194
1856,0.450525,0.582886
1926,0.416111,1.005780
1537,0.433382,0.304786
1393,0.432251,0.380112
1647,0.484395,0.745660
1233,0.531736,1.286825
1060,0.545157,0.809298
1193,0.422959,0.804929
1353,0.530562,0.565731
1744,0.408036,1.245239
1251,0.578184,1.405386
1683,0.540442,0.408263
1906,0.366053,0.241766
1544,0.505913,1.096622
1731,0.476761,0.916503
1450,0.407413,0.063012
1900,0.426001,0.327615
1385,0.409258,1.043166
1408,0.482869,1.170600
1328,0.398772,0.481913
1164,0.392183,0.612930
1223,0.452453,0.396923
1115,0.414823,0.509278
1318,0.355073,0.454669
1051,0.426203,0.759418
1819,0.422243,0.531409
1522,0.538136,0.796662
1103,0.587342,1.052281
1749,0.479109,1.172635
1635,0.378911,0.320069
1078,0.495327,1.056581
1592,0.529926,0.716069
1580,0.539269,0.526072
1624,0.545242,1.092131
1876,0.393654,1.384014
1672,0.517599,0.719316
1627,0.422160,0.356739
1631,0.463162,0.657010
1041,0.404781,0.509352
1932,0.479907,0.730618
1646,0.385638,0.835405
1527,0.488529,2.666362
1996,0.412755,0.200878
1525,0.443880,0.704714
1083,0.453726,0.464979
1921,0.557731,0.559702
1380,0.476827,0.918585
1248,0.481436,1.022979
1424,0.485203,0.486473
1236,0.700570,1.224646
1739,0.430358,0.577497
1153,0.551790,0.794130
1577,0.545100,0.705901
1064,0.406722,0.226580
1457,0.395711,0.371373
1524,0.476589,0.826781
1294,0.480765,0.261026
1931,0.594543,0.737195
1394,0.592519,0.529705
1429,0.675505,2.291517
1958,0.459497,0.560420
1230,0.561936,0.416564
1186,0.424134,0.279666
1200,0.422782,0.273842
1654,0.412384,1.057690
1685,0.386863,0.356927
1659,0.486048,0.361986
1604,0.463851,0.791890
1342,0.491225,1.314487
1695,0.419043,0.917113
1889,0.430836,0.195263
1369,0.546310,0.590341
1068,0.433199,1.458968
1800,0.421880,0.344290
1016,0.476360,0.772231
1578,0.398793,0.743725
1887,0.444402,0.518941
1573,0.623449,0.689280
1126,0.496529,1.472823
1888,0.402515,0.472281
1454,0.480907,1.036806
1863,0.432783,0.379425
1160,0.471577,0.668424
1465,0.374497,0.276177
1993,0.390034,0.499945
1514,0.419679,0.607908
1668,0.418718,0.724878
1074,0.525426,0.465153
1810,0.653149,1.506773
1372,0.412025,0.896986
1421,0.473410,0.320905
1733,0.423512,0.357645
1449,0.533836,0.695845
1538,0.489247,0.677906
1615,0.441421,0.588290
1896,0.423032,0.317268
1210,0.414003,0.455575
1998,0.507409,1.114993
1286,0.422282,0.461815
1796,0.487365,0.426017
1625,0.482769,0.537689
1466,0.504014,0.379905
1970,0.537213,0.905782
1080,0.497643,0.551718
1907,0.443662,0.491138
1770,0.366727,0.397135
1873,0.477513,0.659626
1270,0.509613,0.446560
1911,0.421999,0.914851
1620,0.433000,1.217354
1358,0.397325,0.480927
1935,0.441850,0.292507
1442,0.433746,0.833987
1696,0.473609,1.038126
1642,0.431897,0.630302
1568,0.438227,0.451883
1699,0.420514,0.296350
1214,0.629337,0.364274
1383,0.399972,0.181426
1494,0.468906,0.697004
1952,0.534497,0.495626
1743,0.385186,0.399203
1821,0.485993,0.245531
1434,0.522485,0.902142
1464,0.442531,0.857543
1106,0.496040,1.103775
1656,0.482402,0.589971
1971,0.457923,0.113346
1484,0.499027,0.945655
1523,0.494564,0.320264
1574,0.491980,0.551583
1686,0.394543,0.189608
1035,0.458504,0.380087
1066,0.419106,0.518110
1026,0.422639,0.458997
1614,0.570249,1.134055
1753,0.431758,0.480372
1506,0.547063,0.535263
1197,0.452931,0.310238
1787,0.410533,0.799944
1504,0.489475,1.020876
1063,0.499097,0.404161
1556,0.432026,0.762429
1768,0.514053,0.252510
1015,0.488975,0.371112
1302,0.405828,0.230324
1869,0.420387,1.044362
1072,0.608068,1.124355
1855,0.543732,0.359230
1669,0.570863,0.752721
1204,0.423652,1.091615
1203,0.560467,0.597651
1955,0.409885,0.767737
1375,0.526092,0.886274
1783,0.488311,0.675636
1121,0.478563,0.720595
1416,0.443922,0.566358
1798,0.558798,0.626224
1559,0.515445,1.337239
1788,0.407468,0.844267
1583,0.536586,1.313448
1499,0.440345,0.937223
1419,0.538160,0.864858
1165,0.428941,0.609737
1678,0.432996,0.409078
1922,0.453936,0.244819
1950,0.545574,1.042659
1196,0.396622,0.503306
1872,0.408671,1.231099
1138,0.420910,0.876464
1534,0.392797,0.861069
1593,0.415245,0.363641
1776,0.422674,0.749168
1278,0.410137,0.490402
1908,0.466181,0.882252
1081,0.508560,0.740543
1623,0.442159,0.821333
1845,0.442817,0.504610
1772,0.411715,0.852785
1591,0.485843,0.640226
1714,0.462512,1.124521
1292,0.430925,0.397144
1890,0.431243,0.672273
1750,0.390146,0.588320
1979,0.400292,0.485467
1310,0.444204,1.738625
1709,0.537048,0.725675
1762,0.589304,0.656423
1509,0.422081,0.334124
1721,0.484200,0.350036
1521,0.501501,0.680752
1488,0.372969,0.690517
1446,0.420549,0.459618
1766,0.476180,0.445310
1732,0.562440,0.641325
1963,0.527385,0.369478
1605,0.443443,0.455407
1235,0.486107,0.416953
1965,0.498724,0.495683
1994,0.499469,0.849291
1707,0.440141,1.327803
1608,0.422999,0.741042
1168,0.498327,1.246622
1054,0.420543,1.027200
1373,0.434559,0.493837
1118,0.460328,0.836787
1092,0.427022,0.908741
1600,0.509926,1.088815
1335,0.517210,0.525695
1782,0.417618,0.217749
1269,0.482707,0.641362
1410,0.497950,0.469799
1147,0.403501,0.726817
1059,0.422806,0.434257
1046,0.470489,1.377080
1850,0.510564,1.919632
1227,0.452231,0.682699
1693,0.432499,0.367010
1247,0.433913,0.398957
1432,0.622698,1.059569
1261,0.476853,0.584766
1831,0.408802,0.160407
1319,0.494463,0.581262
1503,0.478206,0.669925
1013,0.413755,1.417441
1413,0.500348,0.269531
1113,0.429655,1.102052
1180,0.524248,0.913217
1677,0.429337,0.254060
1759,0.499892,1.555676
1099,0.389634,0.104026
1779,0.473510,1.693685
1621,0.377739,0.566387
1169,0.441948,0.661154
1641,0.370795,0.419052
1158,0.442061,1.035147
1403,0.432360,0.574852
1619,0.475859,0.947410
1058,0.564264,1.288381
1085,0.411222,0.780338
1808,0.485024,0.644785
1149,0.560696,0.318564
1702,0.463511,0.280618
1909,0.486126,1.453193
1387,0.559374,1.769756
1452,0.680471,0.932987
1357,0.408163,1.093707
1923,0.489338,0.406291
1082,0.453947,0.623545
1510,0.484480,1.032582
1028,0.568461,0.821773
1102,0.417781,0.244749
1395,0.444134,0.548840
1428,0.408389,0.552725
1809,0.405793,0.554403
1491,0.418843,0.654671
1001,0.418482,0.712313
1546,0.607278,1.374952
1545,0.549047,0.482416
1807,0.496041,0.673671
1056,0.407938,0.493098
1883,0.563476,0.868610
1009,0.416103,0.650632
1852,0.419079,0.624368
1021,0.498279,0.815164
1508,0.433679,0.202592
1202,0.538464,0.947223
1221,0.421791,0.760625
1997,0.409558,0.397154
1692,0.411905,0.266369
1242,0.423094,0.385451
1639,0.433455,0.779573
1370,0.472574,0.713288
1927,0.405102,0.462348
1445,0.496115,0.396100
1012,0.445908,0.513529
1182,0.424266,0.734967
1287,0.453676,0.434847
1086,0.444365,0.537580
1246,0.441455,0.035728
1448,0.388218,0.490828
1174,0.427591,0.692451
1816,0.485538,0.574258
1898,0.501245,0.633021
1281,0.478092,0.817688
1249,0.440496,0.148464
1936,0.532390,0.551464
1897,0.442797,1.112431
1136,0.421575,0.400710
1343,0.494558,1.119376
1910,0.472709,0.436060
1275,0.559355,1.489319
1389,0.428750,1.380212
1833,0.422362,0.909143
1002,0.383919,0.799288
1087,0.395676,0.207501
1601,0.417669,0.654811
1670,0.500686,0.907246
1939,0.422838,0.594783
1190,0.430324,1.062405
1502,0.430327,0.772618
1892,0.418747,0.353216
1561,0.430122,1.108524
1531,0.494458,0.992173
1055,0.431581,1.337576
1629,0.419389,1.431504
1398,0.409893,0.489577
1177,0.410325,0.089124
1325,0.575257,0.809312
1415,0.415788,0.186564
1264,0.428403,0.334343
1339,0.496867,0.982003
1076,0.439531,0.718083
1303,0.554702,0.930322
1603,0.556820,1.214914
1653,0.454456,0.420817
1414,0.430415,0.875221
1232,0.549248,0.912490
1042,0.492266,0.216815
1981,0.453085,0.787250
1222,0.399303,0.475826
1652,0.409044,1.160317
1894,0.430588,0.227270
1657,0.581478,0.922190
1390,0.417832,0.378104
1477,0.499528,0.998155
1684,0.443086,0.197527
1031,0.796684,1.277981
1612,0.389844,0.293292
1806,0.428701,0.227701
1735,0.595981,0.760483
1849,0.399466,0.665619
1033,0.424062,0.264983
1030,0.486938,1.401151
1366,0.491074,0.569697
1857,0.410156,0.459604
1664,0.479815,0.196870
1462,0.430835,0.923331
1088,0.511756,1.184528
1587,0.562747,0.515486
1244,0.487342,0.272551
1941,0.495460,0.637538
1967,0.508207,0.220804
1014,0.422688,0.947145
1435,0.428868,0.740919
1868,0.383078,0.465615
1265,0.429984,0.435286
1790,0.405670,0.667965
1371,0.548408,1.391459
1061,0.476428,1.010414
1493,0.484039,0.641826
1694,0.485153,0.827193
1443,0.480025,1.026756
1953,0.490353,1.307033
1904,0.454048,0.541402
1024,0.433571,0.231821
1519,0.484965,0.735629
1516,0.494669,1.152090
1422,0.424510,0.810318
1400,0.432199,0.803398
1194,0.546654,0.360415
1438,0.463340,0.671311
1973,0.453446,0.193648
1671,0.537913,0.906692
1914,0.560848,0.844646
1985,0.441341,0.771524
1163,0.627285,1.836646
1382,0.394411,0.612105
1726,0.476773,1.184239
1129,0.491223,0.239688
1949,0.610388,0.642284
1116,0.444168,0.473118
1295,0.422563,0.503350
1676,0.473728,0.332448
1880,0.429197,0.724601
1661,0.553396,0.681388
1917,0.453252,0.683470
1023,0.430835,1.101762
1843,0.563273,0.878871
1618,0.433818,1.224937
1134,0.493546,0.849036
1481,0.413744,0.726933
1228,0.629162,0.702741
1648,0.409747,0.708254
1877,0.506578,1.141512
1785,0.411040,0.963683
1133,0.428426,0.261721
1156,0.417870,0.561016
1557,0.390686,0.448312
1123,0.399832,0.218478
1231,0.613427,1.138113
1840,0.419410,0.639473
1293,0.484308,0.367291
1161,0.494541,0.344882
1698,0.417156,0.427246
1634,0.407460,0.685506
1637,0.403561,0.645627
1968,0.419184,0.541660
1188,0.499428,0.457678
1533,0.557277,0.873832
1391,0.492637,0.319752
1948,0.429458,0.450983
1596,0.442639,1.155946
1655,0.428952,0.660727
1791,0.487709,0.559279
1308,0.443952,0.671782
1602,0.394425,0.268816
1406,0.466675,0.602524
1469,0.529279,0.981978
1351,0.504179,0.470233
1858,0.496027,0.436819
1208,0.476339,0.565506
1666,0.486325,0.203836
1238,0.493506,0.372842
1409,0.474837,0.871457
1425,0.504508,0.820936
1844,0.546445,0.727358
1688,0.572743,0.376960
1771,0.523853,0.400275
1039,0.565992,0.976818
1826,0.517596,0.556566
1299,0.486609,0.562705
1988,0.515739,0.443349
1834,0.523373,0.504330
1365,0.478270,0.889657
1928,0.565235,0.244080
1606,0.549362,0.870213
1020,0.504918,0.846200
1101,0.562624,0.615961
1304,0.478230,0.537630
1884,0.543114,0.450228
1172,0.604797,0.499069
1005,0.490098,0.700533
1617,0.480099,0.329503
1401,0.492567,0.245337
1288,0.590655,0.787682
1266,0.491595,0.364165
1847,0.480625,0.636324
1467,0.478933,0.578882
1964,0.610812,0.969669
1458,0.485670,0.486222
1555,0.568559,0.580718
1536,0.539699,0.978469
1340,0.643991,0.610266
1262,0.570651,0.829380
1079,0.555179,0.653976
1011,0.458089,0.632441
1019,0.592839,0.626136
1110,0.559902,0.346304
1127,0.525711,0.558776
1091,0.579016,0.901263
1636,0.557073,0.285508
1814,0.507831,0.940212
1277,0.476104,0.249082
1004,0.479591,1.152617
1480,0.495414,0.934403
1267,0.489139,0.270467
1564,0.472980,0.384155
1487,0.551690,1.415932
1268,0.542867,0.883934
1846,0.539174,0.746947
1006,0.513370,0.609449
1049,0.631690,0.364507
1713,0.517291,0.810833
1722,0.547940,0.450539
1570,0.495512,0.348860
1736,0.570775,1.002523
1687,0.556773,0.220785
1368,0.527813,0.947245
1875,0.571763,0.666655
1175,0.551062,0.392818
1461,0.466330,0.202802
1551,0.485169,1.078396
1114,0.535533,0.577204
1199,0.618244,1.360756
1566,0.566255,0.622366
1532,0.490413,1.012667
1842,0.553434,0.822629
1754,0.617395,0.835027
1067,0.572554,0.485034
1220,0.508834,0.490591
1157,0.676635,0.289188
1730,0.572916,1.063364
1501,0.788777,0.420432
1751,0.502433,0.720587
1518,0.487736,0.327505
1769,0.488506,0.673688
1812,0.556916,0.899864
1007,0.470847,0.305594
1159,0.606668,0.710162
1036,0.637619,0.712486
1485,0.580190,1.373502
1212,0.536589,1.334818
1899,0.712013,0.969032
1017,0.445120,0.429257
1780,0.601873,0.689567
1154,0.473213,0.650487
1756,0.551129,0.293708
1444,0.566733,0.303084
1034,0.497982,0.307767
1986,0.481564,0.904917
1865,0.488421,0.468453
1256,0.656703,1.193463
1360,0.619421,0.897047
1934,0.517453,1.094261
1761,0.521215,1.146301
1274,0.534714,0.287294
1793,0.482003,0.565575
1404,0.507279,0.217599
1376,0.691921,0.457829
1094,0.495838,0.361646
1362,0.491950,0.143071
1835,0.583987,0.480066
1355,0.558061,0.807877
1192,0.503601,0.400220
1866,0.479954,0.209735
1191,0.465046,0.468281
1515,0.639912,1.367038
1675,0.558295,0.831962
1597,0.590347,0.617917
1824,0.492822,0.892677
1632,0.477523,0.486304
1755,0.503562,0.457791
1022,0.624759,0.998482
1130,0.678082,1.200188
1535,0.607722,0.539092
1456,0.493186,0.660268
1470,0.498892,0.609502
1345,0.535340,0.354597
1040,0.484766,0.688258
1492,0.476083,0.642919
1916,0.510686,0.727049
1307,0.604385,0.741869
1717,0.515039,0.386261
1547,0.500145,0.490626
1708,0.548163,1.159429
1253,0.505724,0.329584
1820,0.495029,0.787509
1585,0.486911,0.640343
1901,0.558106,0.683394
1219,0.564717,0.853641
1710,0.570868,0.198101
1827,0.575278,1.045794
1437,0.589592,0.573445
1300,0.545723,0.459910
1070,0.616128,1.884433
1836,0.475447,0.323632
1321,0.568102,0.653662
1784,0.492421,0.702835
1170,0.557463,0.763647
1259,0.474497,0.319054
1616,0.512087,0.670862
1885,0.494583,0.396178
1077,0.463782,0.060441
1176,0.529262,1.121856
1959,0.505570,0.430376
1945,0.524259,1.041706
1956,0.554414,0.349967
1828,0.514293,0.258360
1215,0.615199,1.306106
1225,0.570545,1.239654
1644,0.547558,0.552226
1334,0.472029,0.188766
1311,0.471701,0.702406
1052,0.477320,0.303322
1792,0.565559,0.408091
1075,0.495044,0.647061
1217,0.491376,0.369378
1999,0.550179,0.301068
1679,0.478978,0.555641
1379,0.477277,1.240278
1727,0.483545,0.563505
1818,0.512621,0.363833
1381,0.484974,1.032004
1447,0.530459,0.399169
1567,0.545002,0.322227
1640,0.491084,0.511043
1974,0.466321,0.344325
1468,0.502276,1.232470
1581,0.486531,0.415992
1120,0.481717,0.915043
1700,0.689950,1.466724
1333,0.513088,0.838311
1878,0.728355,1.149637
1132,0.549564,0.608892
1348,0.487673,0.166827
1104,0.463264,0.508167
1957,0.502037,0.549204
1712,0.485887,1.200972
1122,0.515227,1.091060
1352,0.568033,0.705885
1096,0.496028,0.431506
1240,0.493165,0.990370
1181,0.493095,1.044594
1089,0.507904,0.315390
1879,0.506630,0.656546
1453,0.492282,0.272314
1777,0.632187,0.680040
1817,0.571783,0.872496
1155,0.557337,0.699554
1674,0.696373,0.685138
1048,0.509793,0.471078
1839,0.552366,0.748073
1306,0.580236,1.294307
1734,0.556848,0.593777
1271,0.493023,0.453477
1258,0.516473,0.501876
1719,0.496027,0.908673
1748,0.495314,0.352940
1047,0.486475,1.123302
1571,0.485216,0.211942
1716,0.607374,0.674334
1529,0.510898,0.606146
1285,0.473608,1.033588
1512,0.508311,0.652469
1279,0.467452,0.366521
1392,0.724548,1.259747
1507,0.546870,0.725604
1541,0.558865,0.481754
1276,0.688714,0.965187
1498,0.569240,0.709597
1584,0.478723,0.101760
1752,0.493484,0.241367
1905,0.542146,0.471533
1643,0.587596,0.327126
1388,0.507459,0.708412
1789,0.559024,0.757963
1323,0.504756,0.726290
1703,0.609172,0.847136
1989,0.514325,1.164616
1594,0.497321,0.744872
1579,0.481166,0.418727
1483,0.571004,0.445621
1799,0.506634,0.340178
1682,0.493376,0.679178
1575,0.533451,0.512515
1862,0.518968,0.606308
1218,0.474868,0.384335
1125,0.630560,0.817549
1552,0.674191,0.434893
1760,0.470176,0.791800
1150,0.479658,0.465199
1803,0.625870,1.188665
1638,0.464176,0.500770
1954,0.469823,0.472143
1864,0.665024,0.880488
1143,0.562016,0.504253
1630,0.562435,2.043035
1774,0.595124,0.944803
1943,0.549031,0.519077
1093,0.643996,0.565115
1984,0.643481,0.322586
1361,0.649251,0.465507
1097,0.612431,0.673965
1912,0.735441,0.580654
1853,0.706723,0.566894
1073,0.713141,0.688052
1660,0.525262,0.640928
1341,0.632385,0.385144
1860,0.599127,0.960588
1697,0.574981,0.648639
1441,0.816216,0.921861
1829,0.585784,0.289322
1511,0.797311,0.841476
1142,0.695092,0.648534
1111,0.764627,0.964099
1044,0.730707,0.706244
1918,0.657393,0.786688
1767,0.630734,0.941094
1280,0.714526,1.054956
1689,0.635245,0.825111
1805,0.585304,0.591599
1050,0.695546,1.078639
1961,0.835068,1.875357
1226,0.571559,0.552589
1420,0.669774,0.976990
1549,0.545960,0.288644
1859,0.637576,1.799728
1326,0.568604,2.147078
1540,0.704230,1.091120
1946,0.712370,0.776463
1665,0.658084,0.666139
1723,0.728303,0.617248
1978,0.843887,0.705427
1107,0.704502,0.735803
1893,0.697410,0.852856
1913,0.594150,0.697204
1312,0.728375,1.234205
1628,0.549169,0.378335
1378,0.699566,1.714156
1482,0.529264,0.279224
1942,0.596545,0.509907
1841,0.629995,0.984740
1977,0.626032,0.640289
1187,0.616337,0.782519
1645,0.628135,0.761860
1548,0.554493,0.174719
1100,0.571271,1.289719
1105,0.540024,0.330357
1427,0.654534,0.536600
1542,0.670284,1.259617
1586,0.547654,0.845609
1316,0.540518,0.629537
1496,0.633584,0.273414
1947,0.566912,1.135175
1440,0.533017,0.496379
1742,0.692202,0.885797
1038,0.528293,0.382892
1209,0.535963,0.892742
1704,0.565156,1.184467
1417,0.554721,0.516719
1598,0.684960,0.744602
1250,0.810180,1.868713
1804,0.555588,0.775168
1937,0.580831,0.926526
1000,0.549843,0.592825
1813,0.576289,1.174411
1117,0.640072,0.764033
1569,0.629902,1.008282
1609,0.583014,0.852420
1384,0.639182,0.788041
1216,0.551752,0.168114
1919,0.599114,0.914240
1119,0.533664,0.971301
1273,0.705464,0.571915
1309,0.575982,0.673365
1405,0.702179,0.330625
1925,0.567318,0.609426
1095,0.543937,0.500610
1145,0.710972,1.004721
1332,0.565722,0.471619
1960,0.677209,0.274774
1397,0.682673,0.525523
1775,0.607428,0.845792
1324,0.627366,0.607880
1241,0.554930,0.777058
1995,0.625952,0.636692
1763,0.544960,0.239721
1313,0.538929,0.855265
1725,0.573691,1.108192
1124,0.567694,0.301526
1260,0.609499,2.305019
1008,0.643322,0.335507
1027,0.632741,0.732443
1930,0.635317,0.281696
1327,0.683346,0.775869
1475,0.656703,0.604655
1764,0.562559,0.427361
1272,0.703370,1.056274
1363,0.554843,0.449332
1201,0.574175,0.549290
1320,0.699190,0.520501
1205,0.624205,0.657851
1037,0.577442,0.331197
1171,0.617922,0.398154
1495,0.554103,0.288853
1513,0.850966,1.022671
1098,0.639325,0.423671
1263,0.625680,0.779570
1243,0.581316,0.504024
1903,0.557245,0.387037
1673,0.640267,0.546508
1317,0.655966,0.865672
1969,0.624179,0.610008
1729,0.563737,0.538180
1626,0.569319,0.894729
1144,0.595570,1.074373
1184,0.624686,0.276278
1284,0.645660,0.387252
1794,0.639277,0.475685
1589,0.849953,1.812246
1224,0.779583,0.730166
1611,0.696897,0.247407
1781,0.640364,0.419614
1331,0.647047,0.838752
1560,0.687285,0.998274
1497,0.633780,0.853478
1151,0.834824,1.255660
1185,0.889303,0.990922
1367,0.700585,0.448951
1651,0.710954,0.761762
1951,0.634033,0.820091
1146,0.750821,0.359834
1426,0.743785,1.629846
1112,0.647434,0.267669
1649,0.651330,0.801129
1553,0.749373,1.229094
1718,0.777468,1.200579
1135,0.703728,0.504847
1289,0.729880,0.348736
1940,0.685653,0.353735
1315,0.648274,0.617055
1758,0.718620,1.242129
1490,0.756656,0.596522
1991,0.720777,0.542029
1822,0.705317,0.425672
1451,0.768790,1.772778
1003,0.645573,0.640461
1347,0.624414,1.427087
1830,0.630629,1.570972
1848,0.720263,0.456531
1195,0.721634,0.599801
1412,0.706088,0.688185
1823,0.662378,0.486982
1920,0.836631,0.991824
1663,0.632145,0.232301
1479,0.642749,0.778874
1301,0.724264,0.423722
1137,0.632646,0.742936
1500,0.734289,0.556741
1929,0.732549,2.228255
1801,0.712550,0.373374
1944,0.708407,1.131254
1349,0.745472,1.348767
1402,0.751872,0.700546
1338,0.632376,0.476376
1053,0.604805,1.311953
1815,0.747189,1.065027
1411,0.628920,0.364929
1802,0.624207,0.719721
1211,0.703061,0.320742
1213,0.637555,0.196650
1861,0.705312,1.079581
1183,0.935193,0.690947
1297,0.718658,0.273740
1179,0.792150,1.375753
1290,0.722125,0.621431
1344,0.765812,1.303681
1599,0.838352,0.895735
1322,0.757864,1.192183
1010,0.789774,0.680745
1252,0.722740,0.286784
1090,0.704827,0.967817
1795,0.804101,0.323472
1720,0.841805,0.510627
Average Cost: 8.830000
Accuracy: 98.600000
Accuracy 0: 100.000000
Cost 0: 6.000000
Accuracy 1: 100.000000
Cost 1: 6.000000
Accuracy 2: 100.000000
Cost 2: 6.000000
Accuracy 3: 100.000000
Cost 3: 6.000000
Accuracy 4: 100.000000
Cost 4: 6.000000
Accuracy 5: 100.000000
Cost 5: 6.000000
Accuracy 6: 100.000000
Cost 6: 6.000000
Accuracy 7: 100.000000
Cost 7: 6.000000
Accuracy 8: 100.000000
Cost 8: 6.000000
Accuracy 9: 100.000000
Cost 9: 6.000000
