ProblemNo,Answer,TrueAnswer,Cost,Difficulty
0,0,0,3.000000,0.000000
1,0,0,3.000000,0.000000
2,1,1,4.000000,0.500000
3,0,1,5.000000,0.800000
4,1,0,3.000000,0.000000
5,0,0,3.000000,0.000000
6,0,0,3.000000,0.000000
7,1,1,3.000000,0.000000
8,0,1,6.000000,0.800000
9,1,1,3.000000,0.000000
10,1,1,3.000000,0.000000
11,0,0,3.000000,0.000000
12,0,0,3.000000,0.000000
13,1,0,5.000000,0.900000
14,0,0,3.000000,0.000000
15,1,1,3.000000,0.000000
16,1,1,4.000000,0.500000
17,0,0,3.000000,0.000000
18,1,1,3.000000,0.000000
19,0,0,3.000000,0.000000
20,1,1,3.000000,0.000000
21,1,1,3.000000,0.000000
22,1,1,3.000000,0.000000
23,0,0,3.000000,0.000000
24,1,1,4.000000,0.500000
25,1,1,5.000000,0.900000
26,1,1,3.000000,0.000000
27,0,0,3.000000,0.000000
28,1,1,3.000000,0.000000
29,1,0,4.000000,0.500000
30,1,1,3.000000,0.000000
31,1,1,3.000000,0.000000
32,0,0,6.000000,0.800000
33,1,1,3.000000,0.000000
34,1,1,3.000000,0.000000
35,1,1,4.000000,0.500000
36,1,1,3.000000,0.000000
37,0,1,4.000000,0.500000
38,0,0,3.000000,0.000000
39,1,1,3.000000,0.000000
40,1,1,3.000000,0.000000
41,0,0,3.000000,0.000000
42,0,0,3.000000,0.000000
43,1,1,4.000000,0.500000
44,1,1,6.000000,0.700000
45,1,1,3.000000,0.000000
46,0,0,3.000000,0.000000
47,1,1,3.000000,0.000000
48,0,0,3.000000,0.000000
49,0,0,3.000000,0.000000
50,0,0,3.000000,0.000000
51,0,0,3.000000,0.000000
52,0,0,3.000000,0.000000
53,0,0,6.000000,0.800000
54,0,0,3.000000,0.000000
55,0,0,3.000000,0.000000
56,0,0,3.000000,0.000000
57,1,1,3.000000,0.000000
58,0,0,4.000000,0.500000
59,0,0,4.000000,0.500000
60,1,1,3.000000,0.000000
61,1,0,4.000000,0.500000
62,1,1,3.000000,0.000000
63,0,0,3.000000,0.000000
64,0,0,3.000000,0.000000
65,1,1,3.000000,0.000000
66,1,1,4.000000,0.500000
67,0,0,8.000000,0.900000
68,0,0,3.000000,0.000000
69,1,1,3.000000,0.000000
70,0,0,5.000000,0.900000
71,0,0,3.000000,0.000000
72,1,1,3.000000,0.000000
73,1,1,3.000000,0.000000
74,0,0,3.000000,0.000000
75,1,1,3.000000,0.000000
76,0,0,3.000000,0.000000
77,1,1,4.000000,0.500000
78,0,0,3.000000,0.000000
79,0,0,3.000000,0.000000
80,1,1,4.000000,0.500000
81,0,1,5.000000,0.800000
82,1,1,4.000000,0.500000
83,0,0,3.000000,0.000000
84,1,1,3.000000,0.000000
85,0,0,3.000000,0.000000
86,1,1,3.000000,0.000000
87,0,0,3.000000,0.000000
88,0,0,3.000000,0.000000
89,1,1,3.000000,0.000000
90,1,1,4.000000,0.500000
91,0,0,3.000000,0.000000
92,0,0,4.000000,0.500000
93,0,0,4.000000,0.500000
94,1,1,3.000000,0.000000
95,1,1,3.000000,0.000000
96,1,1,3.000000,0.000000
97,1,1,3.000000,0.000000
98,0,0,3.000000,0.000000
99,1,1,3.000000,0.000000
100,1,1,3.000000,0.000000
101,1,1,4.000000,0.500000
102,1,1,3.000000,0.000000
103,0,0,3.000000,0.000000
104,1,1,3.000000,0.000000
105,0,0,4.000000,0.500000
106,0,0,3.000000,0.000000
107,1,1,3.000000,0.000000
108,1,1,3.000000,0.000000
109,1,1,3.000000,0.000000
110,1,0,5.000000,0.800000
111,0,0,4.000000,0.500000
112,1,1,3.000000,0.000000
113,0,0,3.000000,0.000000
114,1,1,3.000000,0.000000
115,1,1,4.000000,0.500000
116,0,0,3.000000,0.000000
117,1,0,4.000000,0.500000
118,0,0,4.000000,0.500000
119,1,1,3.000000,0.000000
120,0,0,3.000000,0.000000
121,1,1,3.000000,0.000000
122,0,0,3.000000,0.000000
123,0,0,3.000000,0.000000
124,1,1,4.000000,0.500000
125,1,1,3.000000,0.000000
126,1,0,3.000000,0.000000
127,1,0,3.000000,0.000000
128,0,0,3.000000,0.000000
129,1,1,3.000000,0.000000
130,0,0,4.000000,0.500000
131,1,1,4.000000,0.500000
132,1,1,6.000000,0.800000
133,0,1,4.000000,0.500000
134,1,1,3.000000,0.000000
135,1,1,3.000000,0.000000
136,1,0,6.000000,0.800000
137,0,0,3.000000,0.000000
138,0,0,3.000000,0.000000
139,1,1,3.000000,0.000000
140,0,1,5.000000,0.900000
141,1,1,4.000000,0.500000
142,0,0,4.000000,0.500000
143,1,1,3.000000,0.000000
144,1,1,3.000000,0.000000
145,1,1,4.000000,0.500000
146,1,1,3.000000,0.000000
147,1,1,4.000000,0.500000
148,0,0,3.000000,0.000000
149,1,1,3.000000,0.000000
WorkerID,Gamma
24,0.450410
25,0.483470
27,0.546581
20,0.572483
21,0.948897
22,0.685956
23,0.462550
28,0.596868
29,0.506440
1,0.465603
0,0.477633
3,0.639478
2,0.634700
5,0.386950
4,0.521067
7,0.302025
6,0.265590
9,0.264720
8,0.284303
11,0.479617
10,0.290179
13,0.585562
12,0.316315
15,0.506839
14,0.368136
17,0.424766
16,0.356118
19,0.783265
18,0.562239
31,0.483311
30,0.460814
34,0.483009
33,0.517382
32,0.460179
Average Cost: 3.453333
Accuracy: 90.000000
