ProblemNo,Answer,TrueAnswer,Cost,Difficulty
0,0,0,4.000000,0.000000
1,0,0,4.000000,0.000000
2,1,1,4.000000,0.000000
3,1,1,4.000000,0.000000
4,0,0,4.000000,0.000000
5,0,0,4.000000,0.000000
6,0,0,4.000000,0.000000
7,1,1,4.000000,0.000000
8,1,1,6.000000,0.800000
9,1,1,6.000000,0.800000
10,1,1,6.000000,0.800000
11,0,0,4.000000,0.000000
12,0,0,4.000000,0.000000
13,0,0,6.000000,0.800000
14,0,0,4.000000,0.000000
15,1,1,4.000000,0.000000
16,1,1,4.000000,0.000000
17,0,0,4.000000,0.000000
18,1,1,4.000000,0.000000
19,0,0,4.000000,0.000000
20,1,1,6.000000,0.900000
21,1,1,6.000000,0.800000
22,1,1,4.000000,0.000000
23,0,0,4.000000,0.000000
24,1,1,4.000000,0.000000
25,1,1,6.000000,0.900000
26,1,1,4.000000,0.000000
27,0,0,4.000000,0.000000
28,1,1,4.000000,0.000000
29,1,0,4.000000,0.000000
30,1,1,4.000000,0.000000
31,1,1,4.000000,0.000000
32,0,0,4.000000,0.000000
33,1,1,4.000000,0.000000
34,1,1,6.000000,0.900000
35,0,1,4.000000,0.000000
36,0,1,6.000000,0.900000
37,0,1,4.000000,0.000000
38,0,0,4.000000,0.000000
39,0,1,4.000000,0.000000
40,1,1,4.000000,0.000000
41,0,0,6.000000,0.800000
42,1,0,4.000000,0.000000
43,1,1,6.000000,0.900000
44,1,1,6.000000,0.800000
45,1,1,4.000000,0.000000
46,0,0,6.000000,0.900000
47,1,1,4.000000,0.000000
48,0,0,6.000000,0.800000
49,0,0,4.000000,0.000000
50,0,0,4.000000,0.000000
51,0,0,4.000000,0.000000
52,1,0,6.000000,0.800000
53,0,0,4.000000,0.000000
54,0,0,4.000000,0.000000
55,0,0,4.000000,0.000000
56,0,0,4.000000,0.000000
57,1,1,4.000000,0.000000
58,0,0,4.000000,0.000000
59,0,0,4.000000,0.000000
60,1,1,6.000000,0.900000
61,1,0,6.000000,0.900000
62,1,1,6.000000,0.900000
63,0,0,4.000000,0.000000
64,0,0,4.000000,0.000000
65,1,1,4.000000,0.000000
66,1,1,4.000000,0.000000
67,0,0,4.000000,0.000000
68,0,0,4.000000,0.000000
69,1,1,4.000000,0.000000
70,1,0,4.000000,0.000000
71,0,0,4.000000,0.000000
72,1,1,4.000000,0.000000
73,1,1,4.000000,0.000000
74,0,0,4.000000,0.000000
75,1,1,4.000000,0.000000
76,0,0,4.000000,0.000000
77,1,1,6.000000,0.800000
78,1,0,4.000000,0.000000
79,0,0,4.000000,0.000000
80,0,1,4.000000,0.000000
81,1,1,4.000000,0.000000
82,1,1,4.000000,0.000000
83,0,0,4.000000,0.000000
84,1,1,4.000000,0.000000
85,0,0,4.000000,0.000000
86,1,1,4.000000,0.000000
87,0,0,4.000000,0.000000
88,0,0,6.000000,0.900000
89,1,1,4.000000,0.000000
90,1,1,6.000000,0.800000
91,0,0,4.000000,0.000000
92,0,0,6.000000,0.800000
93,1,0,6.000000,0.800000
94,1,1,6.000000,0.800000
95,0,1,4.000000,0.000000
96,1,1,4.000000,0.000000
97,1,1,4.000000,0.000000
98,0,0,4.000000,0.000000
99,1,1,4.000000,0.000000
100,1,1,4.000000,0.000000
101,1,1,4.000000,0.000000
102,1,1,4.000000,0.000000
103,0,0,6.000000,0.800000
104,1,1,4.000000,0.000000
105,0,0,6.000000,0.800000
106,0,0,4.000000,0.000000
107,0,1,4.000000,0.000000
108,1,1,6.000000,0.900000
109,1,1,4.000000,0.000000
110,0,0,4.000000,0.000000
111,0,0,4.000000,0.000000
112,1,1,4.000000,0.000000
113,0,0,4.000000,0.000000
114,1,1,4.000000,0.000000
115,1,1,4.000000,0.000000
116,0,0,6.000000,0.900000
117,0,0,4.000000,0.000000
118,0,0,4.000000,0.000000
119,1,1,4.000000,0.000000
120,0,0,4.000000,0.000000
121,1,1,4.000000,0.000000
122,0,0,4.000000,0.000000
123,0,0,4.000000,0.000000
124,1,1,4.000000,0.000000
125,1,1,4.000000,0.000000
126,0,0,4.000000,0.000000
127,0,0,4.000000,0.000000
128,0,0,4.000000,0.000000
129,1,1,4.000000,0.000000
130,0,0,4.000000,0.000000
131,1,1,4.000000,0.000000
132,1,1,4.000000,0.000000
133,1,1,6.000000,0.900000
134,1,1,4.000000,0.000000
135,1,1,4.000000,0.000000
136,0,0,6.000000,0.800000
137,0,0,4.000000,0.000000
138,0,0,4.000000,0.000000
139,1,1,4.000000,0.000000
140,1,1,4.000000,0.000000
141,1,1,4.000000,0.000000
142,0,0,4.000000,0.000000
143,1,1,4.000000,0.000000
144,1,1,6.000000,0.900000
145,1,1,4.000000,0.000000
146,1,1,4.000000,0.000000
147,1,1,4.000000,0.000000
148,0,0,4.000000,0.000000
149,1,1,6.000000,0.900000
WorkerID,Gamma
37,0.090245
36,0.336709
60,0.460121
82,0.429279
62,0.448293
63,0.472186
64,0.401164
35,0.554912
66,0.421608
67,0.404575
68,0.460121
69,0.397581
81,0.430735
86,0.463634
84,0.463725
48,0.010117
49,0.405388
46,0.329842
47,0.800512
44,0.094647
45,0.586757
42,0.046621
43,0.436520
40,0.322157
41,0.515727
83,0.469177
77,0.709126
76,0.738879
75,0.320890
71,0.428150
70,0.448597
78,0.466238
39,0.473019
38,0.591626
59,0.450966
58,0.738852
55,0.189320
54,0.411975
51,1.554650
50,0.533311
53,0.825141
52,0.288386
65,0.465453
Average Cost: 4.426667
Accuracy: 90.666667
