ProblemNo,Answer,TrueAnswer,Cost,Difficulty
0,0,0,4.000000,0.000000
1,0,0,4.000000,0.000000
2,1,1,4.000000,0.000000
3,0,1,4.000000,0.000000
4,0,0,4.000000,0.000000
5,0,0,4.000000,0.000000
6,0,0,4.000000,0.000000
7,1,1,4.000000,0.000000
8,1,1,6.000000,0.800000
9,0,1,6.000000,0.800000
10,1,1,4.000000,0.000000
11,0,0,6.000000,0.800000
12,0,0,4.000000,0.000000
13,0,0,4.000000,0.000000
14,0,0,4.000000,0.000000
15,1,1,4.000000,0.000000
16,1,1,4.000000,0.000000
17,0,0,6.000000,0.800000
18,1,1,4.000000,0.000000
19,0,0,6.000000,0.800000
20,1,1,6.000000,0.800000
21,1,1,4.000000,0.000000
22,1,1,4.000000,0.000000
23,0,0,4.000000,0.000000
24,1,1,6.000000,0.900000
25,1,1,6.000000,0.800000
26,1,1,4.000000,0.000000
27,0,0,4.000000,0.000000
28,1,1,4.000000,0.000000
29,1,0,4.000000,0.000000
30,1,1,4.000000,0.000000
31,1,1,4.000000,0.000000
32,0,0,4.000000,0.000000
33,1,1,4.000000,0.000000
34,1,1,6.000000,0.800000
35,1,1,6.000000,0.800000
36,1,1,4.000000,0.000000
37,1,1,4.000000,0.000000
38,0,0,4.000000,0.000000
39,0,1,6.000000,0.900000
40,1,1,6.000000,0.800000
41,0,0,4.000000,0.000000
42,1,0,6.000000,0.800000
43,1,1,6.000000,0.900000
44,1,1,6.000000,0.800000
45,1,1,4.000000,0.000000
46,0,0,4.000000,0.000000
47,1,1,4.000000,0.000000
48,0,0,4.000000,0.000000
49,0,0,4.000000,0.000000
50,0,0,4.000000,0.000000
51,0,0,4.000000,0.000000
52,1,0,6.000000,0.800000
53,1,0,6.000000,0.800000
54,0,0,4.000000,0.000000
55,0,0,4.000000,0.000000
56,0,0,4.000000,0.000000
57,1,1,4.000000,0.000000
58,0,0,6.000000,0.800000
59,0,0,4.000000,0.000000
60,1,1,4.000000,0.000000
61,0,0,4.000000,0.000000
62,1,1,6.000000,0.800000
63,0,0,4.000000,0.000000
64,0,0,4.000000,0.000000
65,1,1,4.000000,0.000000
66,1,1,4.000000,0.000000
67,0,0,4.000000,0.000000
68,0,0,6.000000,0.900000
69,1,1,4.000000,0.000000
70,0,0,4.000000,0.000000
71,0,0,4.000000,0.000000
72,1,1,4.000000,0.000000
73,1,1,6.000000,0.800000
74,0,0,4.000000,0.000000
75,1,1,4.000000,0.000000
76,0,0,4.000000,0.000000
77,1,1,6.000000,0.900000
78,1,0,6.000000,0.900000
79,0,0,4.000000,0.000000
80,1,1,6.000000,0.800000
81,1,1,4.000000,0.000000
82,1,1,4.000000,0.000000
83,0,0,4.000000,0.000000
84,1,1,4.000000,0.000000
85,0,0,4.000000,0.000000
86,1,1,4.000000,0.000000
87,0,0,4.000000,0.000000
88,1,0,6.000000,0.800000
89,1,1,4.000000,0.000000
90,0,1,6.000000,0.800000
91,0,0,4.000000,0.000000
92,0,0,6.000000,0.800000
93,1,0,4.000000,0.000000
94,0,1,4.000000,0.000000
95,1,1,4.000000,0.000000
96,1,1,4.000000,0.000000
97,1,1,4.000000,0.000000
98,0,0,4.000000,0.000000
99,1,1,4.000000,0.000000
100,0,1,6.000000,0.800000
101,1,1,6.000000,0.800000
102,1,1,4.000000,0.000000
103,0,0,4.000000,0.000000
104,1,1,4.000000,0.000000
105,1,0,6.000000,0.900000
106,0,0,4.000000,0.000000
107,0,1,4.000000,0.000000
108,1,1,4.000000,0.000000
109,1,1,4.000000,0.000000
110,0,0,6.000000,0.800000
111,0,0,4.000000,0.000000
112,1,1,4.000000,0.000000
113,0,0,4.000000,0.000000
114,1,1,4.000000,0.000000
115,1,1,4.000000,0.000000
116,0,0,4.000000,0.000000
117,0,0,4.000000,0.000000
118,0,0,4.000000,0.000000
119,1,1,6.000000,0.900000
120,0,0,4.000000,0.000000
121,0,1,6.000000,0.800000
122,0,0,4.000000,0.000000
123,0,0,4.000000,0.000000
124,0,1,4.000000,0.000000
125,1,1,4.000000,0.000000
126,0,0,6.000000,0.900000
127,0,0,4.000000,0.000000
128,0,0,4.000000,0.000000
129,1,1,6.000000,0.800000
130,0,0,6.000000,0.800000
131,1,1,6.000000,0.800000
132,1,1,4.000000,0.000000
133,0,1,6.000000,0.800000
134,1,1,4.000000,0.000000
135,1,1,4.000000,0.000000
136,1,0,6.000000,0.800000
137,0,0,4.000000,0.000000
138,0,0,4.000000,0.000000
139,1,1,4.000000,0.000000
140,1,1,6.000000,0.900000
141,1,1,4.000000,0.000000
142,0,0,4.000000,0.000000
143,1,1,4.000000,0.000000
144,1,1,4.000000,0.000000
145,1,1,6.000000,0.800000
146,1,1,4.000000,0.000000
147,0,1,4.000000,0.000000
148,0,0,4.000000,0.000000
149,1,1,4.000000,0.000000
WorkerID,Gamma
37,0.566334
50,0.581766
62,0.465923
63,0.468471
64,0.297941
53,0.570768
66,0.405891
67,0.459083
82,0.465923
69,0.437032
81,0.834189
84,0.468103
85,0.733084
48,0.371655
49,0.765636
46,0.354610
47,0.611170
44,0.633018
45,0.803714
42,0.818128
43,0.535011
40,0.517923
41,0.410609
83,0.467950
75,0.942902
73,0.404698
71,0.434787
70,0.466109
78,0.406564
39,0.668815
38,0.588685
59,0.330803
58,0.659705
55,0.426249
54,0.419886
57,0.401640
51,1.407439
36,0.001158
35,0.028581
52,0.465379
65,0.462823
Average Cost: 4.546667
Accuracy: 86.666667
