Number of Worker Pools: 1
Number of Workers in Pool 1: 1000
Original mean,standardDev for Pool 1: 4.000000,0.300000
Number of Workers in Pool 2: 1000
Original mean,standardDev for Pool 2: 3.500000,0.200000
Number of Problems: 1000
ProblemNo,Answer,TrueAnswer,Cost,Difficulty,TrueDifficulty
0,1,1,8.000000,0.000000,0.500000
1,0,0,18.000000,0.900000,0.500000
2,1,1,24.000000,0.900000,0.500000
3,1,1,8.000000,0.000000,0.500000
4,1,1,12.000000,0.500000,0.500000
5,1,1,34.000000,1.000000,0.500000
6,1,1,22.000000,0.800000,0.500000
7,1,1,20.000000,0.800000,0.500000
8,0,0,8.000000,0.000000,0.500000
9,1,1,12.000000,0.500000,0.500000
10,1,1,8.000000,0.000000,0.500000
11,1,1,12.000000,0.500000,0.500000
12,0,0,8.000000,0.000000,0.500000
13,0,0,8.000000,0.000000,0.500000
14,1,1,8.000000,0.000000,0.500000
15,1,1,8.000000,0.000000,0.500000
16,1,1,8.000000,0.000000,0.500000
17,1,1,8.000000,0.000000,0.500000
18,0,0,8.000000,0.000000,0.500000
19,0,0,8.000000,0.000000,0.500000
20,1,1,16.000000,0.700000,0.500000
21,0,0,16.000000,0.700000,0.500000
22,0,0,18.000000,0.700000,0.500000
23,0,0,12.000000,0.500000,0.500000
24,1,1,12.000000,0.500000,0.500000
25,0,0,12.000000,0.500000,0.500000
26,0,0,20.000000,0.900000,0.500000
27,1,1,8.000000,0.000000,0.500000
28,0,0,16.000000,0.800000,0.500000
29,0,0,8.000000,0.000000,0.500000
30,0,0,10.000000,0.600000,0.500000
31,1,1,18.000000,0.700000,0.500000
32,1,1,12.000000,0.500000,0.500000
33,0,0,8.000000,0.000000,0.500000
34,1,1,8.000000,0.000000,0.500000
35,0,0,18.000000,0.700000,0.500000
36,1,1,12.000000,0.500000,0.500000
37,1,1,18.000000,0.600000,0.500000
38,1,1,8.000000,0.000000,0.500000
39,1,1,12.000000,0.500000,0.500000
40,0,0,12.000000,0.500000,0.500000
41,1,1,8.000000,0.000000,0.500000
42,1,1,12.000000,0.500000,0.500000
43,0,0,28.000000,0.900000,0.500000
44,0,0,12.000000,0.500000,0.500000
45,0,0,8.000000,0.000000,0.500000
46,1,1,8.000000,0.000000,0.500000
47,0,0,8.000000,0.000000,0.500000
48,1,1,24.000000,0.900000,0.500000
49,1,1,8.000000,0.000000,0.500000
50,0,0,8.000000,0.000000,0.500000
51,0,0,12.000000,0.500000,0.500000
52,0,0,8.000000,0.000000,0.500000
53,0,0,14.000000,0.800000,0.500000
54,0,0,12.000000,0.500000,0.500000
55,0,0,8.000000,0.000000,0.500000
56,0,0,14.000000,0.800000,0.500000
57,0,0,12.000000,0.500000,0.500000
58,0,0,8.000000,0.000000,0.500000
59,1,1,8.000000,0.000000,0.500000
60,0,0,8.000000,0.000000,0.500000
61,1,1,8.000000,0.000000,0.500000
62,1,1,22.000000,0.900000,0.500000
63,1,1,8.000000,0.000000,0.500000
64,1,1,8.000000,0.000000,0.500000
65,1,1,12.000000,0.500000,0.500000
66,1,1,12.000000,0.500000,0.500000
67,1,1,8.000000,0.000000,0.500000
68,1,1,8.000000,0.000000,0.500000
69,0,0,8.000000,0.000000,0.500000
70,0,0,8.000000,0.000000,0.500000
71,0,0,12.000000,0.500000,0.500000
72,0,0,10.000000,0.600000,0.500000
73,1,1,8.000000,0.000000,0.500000
74,1,1,12.000000,0.500000,0.500000
75,0,0,12.000000,0.500000,0.500000
76,1,1,12.000000,0.500000,0.500000
77,0,0,16.000000,0.700000,0.500000
78,0,0,26.000000,0.900000,0.500000
79,1,1,12.000000,0.500000,0.500000
80,0,0,22.000000,0.900000,0.500000
81,0,0,12.000000,0.500000,0.500000
82,0,0,8.000000,0.000000,0.500000
83,1,1,12.000000,0.500000,0.500000
84,1,1,16.000000,0.700000,0.500000
85,1,1,8.000000,0.000000,0.500000
86,1,1,8.000000,0.000000,0.500000
87,0,0,8.000000,0.000000,0.500000
88,1,1,26.000000,0.900000,0.500000
89,1,1,8.000000,0.000000,0.500000
90,1,1,8.000000,0.000000,0.500000
91,0,0,16.000000,0.700000,0.500000
92,0,0,24.000000,0.900000,0.500000
93,0,0,18.000000,0.800000,0.500000
94,0,0,16.000000,0.700000,0.500000
95,1,1,16.000000,0.700000,0.500000
96,0,0,8.000000,0.000000,0.500000
97,1,1,8.000000,0.000000,0.500000
98,0,0,8.000000,0.000000,0.500000
99,0,0,16.000000,0.700000,0.500000
100,1,1,8.000000,0.000000,0.500000
101,1,1,8.000000,0.000000,0.500000
102,1,1,8.000000,0.000000,0.500000
103,0,0,36.000000,0.900000,0.500000
104,1,1,18.000000,0.900000,0.500000
105,0,0,12.000000,0.500000,0.500000
106,1,1,12.000000,0.900000,0.500000
107,1,1,26.000000,0.800000,0.500000
108,0,0,12.000000,0.500000,0.500000
109,1,1,8.000000,0.000000,0.500000
110,0,0,8.000000,0.000000,0.500000
111,0,0,12.000000,0.500000,0.500000
112,1,1,16.000000,0.800000,0.500000
113,1,1,8.000000,0.000000,0.500000
114,1,1,14.000000,0.800000,0.500000
115,0,0,8.000000,0.000000,0.500000
116,1,1,12.000000,0.500000,0.500000
117,0,0,8.000000,0.000000,0.500000
118,0,0,14.000000,0.800000,0.500000
119,1,1,8.000000,0.000000,0.500000
120,1,1,12.000000,0.500000,0.500000
121,0,0,12.000000,0.500000,0.500000
122,0,0,8.000000,0.000000,0.500000
123,0,0,12.000000,0.500000,0.500000
124,1,1,16.000000,0.700000,0.500000
125,1,1,8.000000,0.000000,0.500000
126,1,0,12.000000,0.900000,0.500000
127,1,1,8.000000,0.000000,0.500000
128,0,0,8.000000,0.000000,0.500000
129,1,1,8.000000,0.000000,0.500000
130,1,1,8.000000,0.000000,0.500000
131,0,0,12.000000,0.500000,0.500000
132,0,0,14.000000,0.800000,0.500000
133,1,1,12.000000,0.500000,0.500000
134,1,1,8.000000,0.000000,0.500000
135,1,1,8.000000,0.000000,0.500000
136,0,0,12.000000,0.500000,0.500000
137,0,0,12.000000,0.500000,0.500000
138,0,0,8.000000,0.000000,0.500000
139,1,1,16.000000,0.900000,0.500000
140,1,1,8.000000,0.000000,0.500000
141,1,1,8.000000,0.000000,0.500000
142,1,1,26.000000,0.800000,0.500000
143,0,0,18.000000,0.900000,0.500000
144,1,1,16.000000,0.700000,0.500000
145,0,0,12.000000,0.500000,0.500000
146,0,0,12.000000,0.500000,0.500000
147,1,1,8.000000,0.000000,0.500000
148,0,0,12.000000,0.500000,0.500000
149,1,1,8.000000,0.000000,0.500000
150,1,1,18.000000,0.900000,0.500000
151,0,0,16.000000,0.700000,0.500000
152,1,1,14.000000,0.800000,0.500000
153,0,0,8.000000,0.000000,0.500000
154,0,0,26.000000,0.900000,0.500000
155,1,1,16.000000,0.700000,0.500000
156,0,0,8.000000,0.000000,0.500000
157,0,0,8.000000,0.000000,0.500000
158,1,1,8.000000,0.000000,0.500000
159,1,1,8.000000,0.000000,0.500000
160,1,1,12.000000,0.500000,0.500000
161,0,0,12.000000,0.500000,0.500000
162,0,0,8.000000,0.000000,0.500000
163,0,0,8.000000,0.000000,0.500000
164,0,0,14.000000,0.800000,0.500000
165,1,1,8.000000,0.000000,0.500000
166,1,1,8.000000,0.000000,0.500000
167,1,1,12.000000,0.500000,0.500000
168,0,0,12.000000,0.500000,0.500000
169,1,1,8.000000,0.000000,0.500000
170,1,1,8.000000,0.000000,0.500000
171,1,1,18.000000,0.900000,0.500000
172,1,1,8.000000,0.000000,0.500000
173,0,0,34.000000,0.900000,0.500000
174,0,0,12.000000,0.500000,0.500000
175,1,1,18.000000,0.800000,0.500000
176,1,1,12.000000,0.500000,0.500000
177,1,1,16.000000,0.700000,0.500000
178,1,1,8.000000,0.000000,0.500000
179,1,1,8.000000,0.000000,0.500000
180,0,0,8.000000,0.000000,0.500000
181,0,0,12.000000,0.500000,0.500000
182,0,0,8.000000,0.000000,0.500000
183,0,0,8.000000,0.000000,0.500000
184,1,1,8.000000,0.000000,0.500000
185,1,1,8.000000,0.000000,0.500000
186,1,1,20.000000,0.900000,0.500000
187,0,0,8.000000,0.000000,0.500000
188,1,1,8.000000,0.000000,0.500000
189,0,0,12.000000,0.500000,0.500000
190,0,0,12.000000,0.500000,0.500000
191,0,0,16.000000,0.700000,0.500000
192,1,1,24.000000,0.900000,0.500000
193,1,1,16.000000,0.700000,0.500000
194,0,0,16.000000,0.700000,0.500000
195,0,0,12.000000,0.500000,0.500000
196,1,1,8.000000,0.000000,0.500000
197,0,0,12.000000,0.500000,0.500000
198,0,0,14.000000,0.800000,0.500000
199,0,0,26.000000,0.900000,0.500000
200,1,1,8.000000,0.000000,0.500000
201,0,0,12.000000,0.500000,0.500000
202,1,1,8.000000,0.000000,0.500000
203,0,0,8.000000,0.000000,0.500000
204,0,0,16.000000,0.700000,0.500000
205,0,0,12.000000,0.900000,0.500000
206,1,1,12.000000,0.500000,0.500000
207,0,0,8.000000,0.000000,0.500000
208,1,1,8.000000,0.000000,0.500000
209,0,0,12.000000,0.500000,0.500000
210,1,1,8.000000,0.000000,0.500000
211,1,1,8.000000,0.000000,0.500000
212,1,1,14.000000,0.800000,0.500000
213,0,0,20.000000,0.900000,0.500000
214,0,0,12.000000,0.500000,0.500000
215,0,0,12.000000,0.500000,0.500000
216,1,1,12.000000,0.500000,0.500000
217,0,0,8.000000,0.000000,0.500000
218,1,1,8.000000,0.000000,0.500000
219,0,0,12.000000,0.500000,0.500000
220,1,1,8.000000,0.000000,0.500000
221,0,0,14.000000,0.800000,0.500000
222,0,0,8.000000,0.000000,0.500000
223,0,0,8.000000,0.000000,0.500000
224,1,1,18.000000,0.700000,0.500000
225,1,1,12.000000,0.500000,0.500000
226,0,0,8.000000,0.000000,0.500000
227,0,0,8.000000,0.000000,0.500000
228,0,0,16.000000,0.700000,0.500000
229,1,1,8.000000,0.000000,0.500000
230,0,0,12.000000,0.500000,0.500000
231,0,0,12.000000,0.500000,0.500000
232,1,1,12.000000,0.500000,0.500000
233,1,1,8.000000,0.000000,0.500000
234,0,0,14.000000,0.800000,0.500000
235,0,0,8.000000,0.000000,0.500000
236,0,0,12.000000,0.500000,0.500000
237,0,0,8.000000,0.000000,0.500000
238,1,1,8.000000,0.000000,0.500000
239,1,1,16.000000,0.700000,0.500000
240,0,0,30.000000,1.000000,0.500000
241,1,1,8.000000,0.000000,0.500000
242,1,1,26.000000,0.900000,0.500000
243,0,1,18.000000,0.800000,0.500000
244,1,1,14.000000,0.800000,0.500000
245,1,1,8.000000,0.000000,0.500000
246,1,1,8.000000,0.000000,0.500000
247,0,0,8.000000,0.000000,0.500000
248,0,0,8.000000,0.000000,0.500000
249,0,0,12.000000,0.500000,0.500000
250,0,0,8.000000,0.000000,0.500000
251,0,0,24.000000,0.900000,0.500000
252,1,1,8.000000,0.000000,0.500000
253,1,1,12.000000,0.500000,0.500000
254,0,0,12.000000,0.500000,0.500000
255,0,0,8.000000,0.000000,0.500000
256,0,0,8.000000,0.000000,0.500000
257,1,1,16.000000,0.700000,0.500000
258,0,0,8.000000,0.000000,0.500000
259,0,0,8.000000,0.000000,0.500000
260,1,1,12.000000,0.500000,0.500000
261,0,0,8.000000,0.000000,0.500000
262,1,1,8.000000,0.000000,0.500000
263,1,1,12.000000,0.500000,0.500000
264,0,0,8.000000,0.000000,0.500000
265,1,1,16.000000,0.800000,0.500000
266,0,0,16.000000,0.700000,0.500000
267,1,1,12.000000,0.500000,0.500000
268,0,0,22.000000,0.800000,0.500000
269,0,0,12.000000,0.500000,0.500000
270,0,0,14.000000,0.800000,0.500000
271,1,1,12.000000,0.500000,0.500000
272,1,1,12.000000,0.500000,0.500000
273,0,0,16.000000,0.700000,0.500000
274,1,1,16.000000,0.700000,0.500000
275,0,0,22.000000,0.800000,0.500000
276,1,1,12.000000,0.500000,0.500000
277,1,1,8.000000,0.000000,0.500000
278,1,1,14.000000,0.800000,0.500000
279,1,1,8.000000,0.000000,0.500000
280,1,1,8.000000,0.000000,0.500000
281,0,0,24.000000,0.900000,0.500000
282,1,1,8.000000,0.000000,0.500000
283,0,0,8.000000,0.000000,0.500000
284,0,0,8.000000,0.000000,0.500000
285,1,1,18.000000,0.700000,0.500000
286,0,0,8.000000,0.000000,0.500000
287,1,1,16.000000,0.700000,0.500000
288,1,1,12.000000,0.500000,0.500000
289,0,0,16.000000,0.900000,0.500000
290,1,1,8.000000,0.000000,0.500000
291,1,1,14.000000,0.800000,0.500000
292,0,0,8.000000,0.000000,0.500000
293,0,0,12.000000,0.500000,0.500000
294,0,0,8.000000,0.000000,0.500000
295,1,1,8.000000,0.000000,0.500000
296,1,1,8.000000,0.000000,0.500000
297,0,0,12.000000,0.500000,0.500000
298,0,0,8.000000,0.000000,0.500000
299,0,0,8.000000,0.000000,0.500000
300,0,0,26.000000,0.900000,0.500000
301,0,0,12.000000,0.500000,0.500000
302,1,1,8.000000,0.000000,0.500000
303,0,0,8.000000,0.000000,0.500000
304,0,0,16.000000,0.700000,0.500000
305,1,1,8.000000,0.000000,0.500000
306,1,1,12.000000,0.500000,0.500000
307,0,0,8.000000,0.000000,0.500000
308,1,1,8.000000,0.000000,0.500000
309,1,1,8.000000,0.000000,0.500000
310,1,1,12.000000,0.900000,0.500000
311,0,0,16.000000,0.700000,0.500000
312,0,0,14.000000,0.800000,0.500000
313,1,1,20.000000,0.800000,0.500000
314,1,1,12.000000,0.900000,0.500000
315,1,1,20.000000,1.000000,0.500000
316,0,0,8.000000,0.000000,0.500000
317,1,1,12.000000,0.500000,0.500000
318,0,0,8.000000,0.000000,0.500000
319,0,0,8.000000,0.000000,0.500000
320,1,1,20.000000,0.800000,0.500000
321,0,0,12.000000,0.500000,0.500000
322,0,0,18.000000,0.600000,0.500000
323,1,1,16.000000,0.700000,0.500000
324,0,0,8.000000,0.000000,0.500000
325,0,0,8.000000,0.000000,0.500000
326,0,0,12.000000,0.500000,0.500000
327,1,1,8.000000,0.000000,0.500000
328,1,1,12.000000,0.500000,0.500000
329,1,1,8.000000,0.000000,0.500000
330,0,0,18.000000,0.700000,0.500000
331,1,1,50.000000,1.000000,0.500000
332,0,0,12.000000,0.500000,0.500000
333,0,0,12.000000,0.500000,0.500000
334,1,1,12.000000,0.500000,0.500000
335,1,1,12.000000,0.500000,0.500000
336,0,0,8.000000,0.000000,0.500000
337,1,1,8.000000,0.000000,0.500000
338,1,1,12.000000,0.500000,0.500000
339,0,0,16.000000,0.700000,0.500000
340,1,1,8.000000,0.000000,0.500000
341,1,1,8.000000,0.000000,0.500000
342,0,0,16.000000,0.800000,0.500000
343,0,0,8.000000,0.000000,0.500000
344,0,0,18.000000,0.700000,0.500000
345,0,0,12.000000,0.500000,0.500000
346,0,0,8.000000,0.000000,0.500000
347,1,1,16.000000,0.700000,0.500000
348,1,1,14.000000,0.800000,0.500000
349,1,1,8.000000,0.000000,0.500000
350,1,1,18.000000,0.700000,0.500000
351,0,0,8.000000,0.000000,0.500000
352,0,0,8.000000,0.000000,0.500000
353,1,1,26.000000,0.900000,0.500000
354,0,0,12.000000,0.500000,0.500000
355,0,0,18.000000,0.700000,0.500000
356,0,0,8.000000,0.000000,0.500000
357,1,1,8.000000,0.000000,0.500000
358,1,1,8.000000,0.000000,0.500000
359,1,1,8.000000,0.000000,0.500000
360,0,0,8.000000,0.000000,0.500000
361,0,0,8.000000,0.000000,0.500000
362,0,0,8.000000,0.000000,0.500000
363,0,0,14.000000,0.800000,0.500000
364,0,0,12.000000,0.500000,0.500000
365,0,0,16.000000,0.700000,0.500000
366,1,1,8.000000,0.000000,0.500000
367,1,1,16.000000,0.700000,0.500000
368,0,0,14.000000,0.800000,0.500000
369,0,0,24.000000,0.900000,0.500000
370,0,0,16.000000,0.700000,0.500000
371,1,1,12.000000,0.500000,0.500000
372,1,1,18.000000,0.900000,0.500000
373,0,0,16.000000,0.700000,0.500000
374,1,1,12.000000,0.500000,0.500000
375,0,0,8.000000,0.000000,0.500000
376,0,0,8.000000,0.000000,0.500000
377,0,0,8.000000,0.000000,0.500000
378,0,0,12.000000,0.500000,0.500000
379,0,0,8.000000,0.000000,0.500000
380,0,0,22.000000,0.700000,0.500000
381,0,0,8.000000,0.000000,0.500000
382,1,1,8.000000,0.000000,0.500000
383,0,0,8.000000,0.000000,0.500000
384,0,0,8.000000,0.000000,0.500000
385,0,0,18.000000,0.700000,0.500000
386,0,0,16.000000,0.700000,0.500000
387,0,0,8.000000,0.000000,0.500000
388,1,1,12.000000,0.500000,0.500000
389,1,1,8.000000,0.000000,0.500000
390,1,1,18.000000,0.700000,0.500000
391,0,0,8.000000,0.000000,0.500000
392,1,1,8.000000,0.000000,0.500000
393,0,0,8.000000,0.000000,0.500000
394,0,0,12.000000,0.500000,0.500000
395,0,0,8.000000,0.000000,0.500000
396,0,0,12.000000,0.500000,0.500000
397,1,1,12.000000,0.500000,0.500000
398,0,0,8.000000,0.000000,0.500000
399,0,0,22.000000,0.800000,0.500000
400,0,0,12.000000,0.500000,0.500000
401,0,0,8.000000,0.000000,0.500000
402,1,1,8.000000,0.000000,0.500000
403,0,0,20.000000,0.800000,0.500000
404,1,1,12.000000,0.500000,0.500000
405,0,0,16.000000,0.700000,0.500000
406,1,1,8.000000,0.000000,0.500000
407,0,0,8.000000,0.000000,0.500000
408,1,1,16.000000,0.700000,0.500000
409,1,1,8.000000,0.000000,0.500000
410,0,0,8.000000,0.000000,0.500000
411,0,0,12.000000,0.500000,0.500000
412,0,0,12.000000,0.500000,0.500000
413,0,0,14.000000,0.800000,0.500000
414,1,1,12.000000,0.500000,0.500000
415,0,0,12.000000,0.500000,0.500000
416,1,1,8.000000,0.000000,0.500000
417,0,0,20.000000,0.800000,0.500000
418,0,0,20.000000,0.800000,0.500000
419,0,0,8.000000,0.000000,0.500000
420,0,0,8.000000,0.000000,0.500000
421,1,1,12.000000,0.500000,0.500000
422,0,0,16.000000,0.700000,0.500000
423,1,1,8.000000,0.000000,0.500000
424,0,0,8.000000,0.000000,0.500000
425,1,1,8.000000,0.000000,0.500000
426,1,1,12.000000,0.500000,0.500000
427,1,1,8.000000,0.000000,0.500000
428,0,0,16.000000,0.700000,0.500000
429,1,1,8.000000,0.000000,0.500000
430,1,1,12.000000,0.500000,0.500000
431,0,0,12.000000,0.500000,0.500000
432,1,1,16.000000,0.700000,0.500000
433,1,1,8.000000,0.000000,0.500000
434,1,1,8.000000,0.000000,0.500000
435,0,0,8.000000,0.000000,0.500000
436,1,1,8.000000,0.000000,0.500000
437,1,1,8.000000,0.000000,0.500000
438,1,1,8.000000,0.000000,0.500000
439,0,0,12.000000,0.500000,0.500000
440,0,0,8.000000,0.000000,0.500000
441,1,1,8.000000,0.000000,0.500000
442,0,0,16.000000,0.700000,0.500000
443,1,1,12.000000,0.500000,0.500000
444,0,0,12.000000,0.500000,0.500000
445,1,1,12.000000,0.500000,0.500000
446,1,1,12.000000,0.500000,0.500000
447,0,0,8.000000,0.000000,0.500000
448,1,1,8.000000,0.000000,0.500000
449,1,1,20.000000,0.900000,0.500000
450,0,0,12.000000,0.500000,0.500000
451,0,0,8.000000,0.000000,0.500000
452,0,0,12.000000,0.500000,0.500000
453,1,1,42.000000,1.000000,0.500000
454,1,1,8.000000,0.000000,0.500000
455,0,0,14.000000,0.800000,0.500000
456,1,1,14.000000,0.800000,0.500000
457,1,1,8.000000,0.000000,0.500000
458,0,0,12.000000,0.500000,0.500000
459,1,1,8.000000,0.000000,0.500000
460,0,0,8.000000,0.000000,0.500000
461,1,1,8.000000,0.000000,0.500000
462,1,1,12.000000,0.500000,0.500000
463,1,1,16.000000,0.700000,0.500000
464,1,1,8.000000,0.000000,0.500000
465,0,0,16.000000,0.700000,0.500000
466,1,1,14.000000,0.800000,0.500000
467,0,0,8.000000,0.000000,0.500000
468,1,1,8.000000,0.000000,0.500000
469,1,1,14.000000,0.800000,0.500000
470,0,0,8.000000,0.000000,0.500000
471,0,0,8.000000,0.000000,0.500000
472,0,0,8.000000,0.000000,0.500000
473,1,1,8.000000,0.000000,0.500000
474,1,1,12.000000,0.500000,0.500000
475,1,1,20.000000,0.800000,0.500000
476,1,1,8.000000,0.000000,0.500000
477,1,1,12.000000,0.500000,0.500000
478,1,1,12.000000,0.500000,0.500000
479,0,0,16.000000,0.800000,0.500000
480,1,1,8.000000,0.000000,0.500000
481,0,0,8.000000,0.000000,0.500000
482,1,1,12.000000,0.500000,0.500000
483,1,1,8.000000,0.000000,0.500000
484,1,1,12.000000,0.500000,0.500000
485,1,1,20.000000,0.800000,0.500000
486,1,1,12.000000,0.500000,0.500000
487,0,0,8.000000,0.000000,0.500000
488,0,0,8.000000,0.000000,0.500000
489,1,1,8.000000,0.000000,0.500000
490,0,0,8.000000,0.000000,0.500000
491,1,1,8.000000,0.000000,0.500000
492,0,0,12.000000,0.500000,0.500000
493,1,1,8.000000,0.000000,0.500000
494,1,1,8.000000,0.000000,0.500000
495,0,0,12.000000,0.500000,0.500000
496,0,0,8.000000,0.000000,0.500000
497,0,0,8.000000,0.000000,0.500000
498,0,0,8.000000,0.000000,0.500000
499,1,1,20.000000,0.900000,0.500000
500,0,0,12.000000,0.500000,0.500000
501,1,1,22.000000,0.800000,0.500000
502,1,1,12.000000,0.500000,0.500000
503,0,0,8.000000,0.000000,0.500000
504,1,1,16.000000,0.700000,0.500000
505,1,1,12.000000,0.500000,0.500000
506,0,0,8.000000,0.000000,0.500000
507,0,0,12.000000,0.500000,0.500000
508,0,0,8.000000,0.000000,0.500000
509,1,1,8.000000,0.000000,0.500000
510,1,1,20.000000,0.800000,0.500000
511,1,1,8.000000,0.000000,0.500000
512,1,1,16.000000,0.700000,0.500000
513,1,1,12.000000,0.500000,0.500000
514,0,0,24.000000,0.900000,0.500000
515,0,0,12.000000,0.500000,0.500000
516,0,0,12.000000,0.500000,0.500000
517,1,1,12.000000,0.500000,0.500000
518,0,0,8.000000,0.000000,0.500000
519,1,1,14.000000,0.800000,0.500000
520,0,0,18.000000,0.900000,0.500000
521,0,0,8.000000,0.000000,0.500000
522,0,0,8.000000,0.000000,0.500000
523,0,0,8.000000,0.000000,0.500000
524,1,1,8.000000,0.000000,0.500000
525,0,0,8.000000,0.000000,0.500000
526,1,1,12.000000,0.500000,0.500000
527,0,0,16.000000,0.700000,0.500000
528,0,0,8.000000,0.000000,0.500000
529,1,1,8.000000,0.000000,0.500000
530,1,1,18.000000,0.900000,0.500000
531,1,1,32.000000,0.900000,0.500000
532,1,1,8.000000,0.000000,0.500000
533,0,0,18.000000,0.700000,0.500000
534,1,1,8.000000,0.000000,0.500000
535,1,1,8.000000,0.000000,0.500000
536,1,1,12.000000,0.500000,0.500000
537,1,1,14.000000,0.400000,0.500000
538,1,1,18.000000,0.900000,0.500000
539,0,0,8.000000,0.000000,0.500000
540,1,1,12.000000,0.500000,0.500000
541,0,0,8.000000,0.000000,0.500000
542,1,1,12.000000,0.500000,0.500000
543,0,0,14.000000,0.800000,0.500000
544,0,0,18.000000,0.800000,0.500000
545,0,0,8.000000,0.000000,0.500000
546,1,1,12.000000,0.500000,0.500000
547,0,0,8.000000,0.000000,0.500000
548,0,0,8.000000,0.000000,0.500000
549,1,1,8.000000,0.000000,0.500000
550,1,1,14.000000,0.800000,0.500000
551,0,0,8.000000,0.000000,0.500000
552,1,1,8.000000,0.000000,0.500000
553,0,0,24.000000,0.900000,0.500000
554,0,0,16.000000,0.700000,0.500000
555,0,0,8.000000,0.000000,0.500000
556,1,1,8.000000,0.000000,0.500000
557,1,1,18.000000,0.900000,0.500000
558,0,0,18.000000,0.600000,0.500000
559,0,0,20.000000,0.900000,0.500000
560,1,1,10.000000,0.600000,0.500000
561,0,0,12.000000,0.500000,0.500000
562,0,0,12.000000,0.500000,0.500000
563,0,0,16.000000,0.700000,0.500000
564,1,1,8.000000,0.000000,0.500000
565,0,0,8.000000,0.000000,0.500000
566,1,1,16.000000,0.700000,0.500000
567,0,0,8.000000,0.000000,0.500000
568,1,1,12.000000,0.500000,0.500000
569,1,1,34.000000,0.900000,0.500000
570,0,0,8.000000,0.000000,0.500000
571,1,1,8.000000,0.000000,0.500000
572,1,1,8.000000,0.000000,0.500000
573,1,1,8.000000,0.000000,0.500000
574,1,1,8.000000,0.000000,0.500000
575,1,1,8.000000,0.000000,0.500000
576,1,1,12.000000,0.500000,0.500000
577,1,1,8.000000,0.000000,0.500000
578,1,1,8.000000,0.000000,0.500000
579,0,0,8.000000,0.000000,0.500000
580,0,0,20.000000,0.800000,0.500000
581,0,0,12.000000,0.500000,0.500000
582,0,0,8.000000,0.000000,0.500000
583,0,0,12.000000,0.500000,0.500000
584,1,1,12.000000,0.500000,0.500000
585,1,1,8.000000,0.000000,0.500000
586,1,1,8.000000,0.000000,0.500000
587,0,0,8.000000,0.000000,0.500000
588,0,0,8.000000,0.000000,0.500000
589,0,0,12.000000,0.500000,0.500000
590,0,0,8.000000,0.000000,0.500000
591,0,0,8.000000,0.000000,0.500000
592,0,0,12.000000,0.500000,0.500000
593,0,0,28.000000,0.900000,0.500000
594,0,0,8.000000,0.000000,0.500000
595,1,1,8.000000,0.000000,0.500000
596,0,0,8.000000,0.000000,0.500000
597,1,1,8.000000,0.000000,0.500000
598,0,0,14.000000,0.800000,0.500000
599,0,0,14.000000,0.800000,0.500000
600,1,1,20.000000,0.800000,0.500000
601,0,0,12.000000,0.500000,0.500000
602,1,1,8.000000,0.000000,0.500000
603,0,0,12.000000,0.500000,0.500000
604,1,1,12.000000,0.500000,0.500000
605,0,0,16.000000,0.700000,0.500000
606,0,0,12.000000,0.900000,0.500000
607,1,1,12.000000,0.500000,0.500000
608,1,1,12.000000,0.500000,0.500000
609,1,1,12.000000,0.500000,0.500000
610,0,0,22.000000,0.800000,0.500000
611,1,1,8.000000,0.000000,0.500000
612,0,0,14.000000,0.800000,0.500000
613,1,1,12.000000,0.500000,0.500000
614,0,1,8.000000,0.000000,0.500000
615,0,0,12.000000,0.500000,0.500000
616,0,0,8.000000,0.000000,0.500000
617,0,0,16.000000,0.700000,0.500000
618,1,1,8.000000,0.000000,0.500000
619,1,1,14.000000,0.800000,0.500000
620,0,0,8.000000,0.000000,0.500000
621,1,1,12.000000,0.500000,0.500000
622,1,1,8.000000,0.000000,0.500000
623,1,1,10.000000,0.600000,0.500000
624,0,0,20.000000,0.900000,0.500000
625,1,1,12.000000,0.500000,0.500000
626,0,0,12.000000,0.500000,0.500000
627,1,1,8.000000,0.000000,0.500000
628,1,1,12.000000,0.500000,0.500000
629,1,1,12.000000,0.500000,0.500000
630,0,0,12.000000,0.500000,0.500000
631,0,0,16.000000,0.700000,0.500000
632,1,1,22.000000,0.900000,0.500000
633,1,1,16.000000,0.700000,0.500000
634,0,0,12.000000,0.500000,0.500000
635,1,1,8.000000,0.000000,0.500000
636,1,1,16.000000,0.800000,0.500000
637,0,0,12.000000,0.500000,0.500000
638,0,0,26.000000,1.000000,0.500000
639,0,0,8.000000,0.000000,0.500000
640,0,0,8.000000,0.000000,0.500000
641,1,1,12.000000,0.500000,0.500000
642,1,1,14.000000,0.800000,0.500000
643,0,0,24.000000,0.800000,0.500000
644,1,1,8.000000,0.000000,0.500000
645,1,1,12.000000,0.500000,0.500000
646,1,1,8.000000,0.000000,0.500000
647,1,1,22.000000,0.800000,0.500000
648,0,0,12.000000,0.500000,0.500000
649,1,1,8.000000,0.000000,0.500000
650,1,1,16.000000,0.700000,0.500000
651,0,0,8.000000,0.000000,0.500000
652,0,0,8.000000,0.000000,0.500000
653,0,0,8.000000,0.000000,0.500000
654,1,1,8.000000,0.000000,0.500000
655,0,0,44.000000,1.000000,0.500000
656,0,0,8.000000,0.000000,0.500000
657,1,1,12.000000,0.500000,0.500000
658,1,1,16.000000,0.700000,0.500000
659,1,1,8.000000,0.000000,0.500000
660,0,0,8.000000,0.000000,0.500000
661,0,0,12.000000,0.500000,0.500000
662,1,1,12.000000,0.500000,0.500000
663,1,1,16.000000,0.700000,0.500000
664,0,0,12.000000,0.500000,0.500000
665,1,1,18.000000,0.900000,0.500000
666,0,0,12.000000,0.900000,0.500000
667,1,1,8.000000,0.000000,0.500000
668,0,0,28.000000,0.900000,0.500000
669,1,1,8.000000,0.000000,0.500000
670,1,1,12.000000,0.500000,0.500000
671,1,1,12.000000,0.500000,0.500000
672,1,1,22.000000,0.800000,0.500000
673,1,1,20.000000,0.800000,0.500000
674,0,0,8.000000,0.000000,0.500000
675,0,0,8.000000,0.000000,0.500000
676,1,1,10.000000,0.900000,0.500000
677,0,0,12.000000,0.500000,0.500000
678,1,1,8.000000,0.000000,0.500000
679,1,1,12.000000,0.500000,0.500000
680,0,0,14.000000,0.800000,0.500000
681,0,0,22.000000,0.900000,0.500000
682,1,1,28.000000,0.900000,0.500000
683,1,1,8.000000,0.000000,0.500000
684,0,0,8.000000,0.000000,0.500000
685,1,1,8.000000,0.000000,0.500000
686,1,1,8.000000,0.000000,0.500000
687,1,1,24.000000,0.900000,0.500000
688,0,0,12.000000,0.500000,0.500000
689,1,1,16.000000,0.700000,0.500000
690,0,0,8.000000,0.000000,0.500000
691,0,0,8.000000,0.000000,0.500000
692,1,1,8.000000,0.000000,0.500000
693,1,1,26.000000,0.800000,0.500000
694,0,0,8.000000,0.000000,0.500000
695,0,0,8.000000,0.000000,0.500000
696,1,1,22.000000,0.900000,0.500000
697,1,1,22.000000,0.900000,0.500000
698,1,1,16.000000,0.700000,0.500000
699,0,0,12.000000,0.500000,0.500000
700,1,1,8.000000,0.000000,0.500000
701,0,0,8.000000,0.000000,0.500000
702,1,1,8.000000,0.000000,0.500000
703,0,0,12.000000,0.500000,0.500000
704,0,0,12.000000,0.500000,0.500000
705,0,0,8.000000,0.000000,0.500000
706,0,0,8.000000,0.000000,0.500000
707,0,0,8.000000,0.000000,0.500000
708,1,1,8.000000,0.000000,0.500000
709,1,1,8.000000,0.000000,0.500000
710,0,0,12.000000,0.500000,0.500000
711,0,0,8.000000,0.000000,0.500000
712,1,1,20.000000,0.800000,0.500000
713,0,0,8.000000,0.000000,0.500000
714,1,1,16.000000,0.900000,0.500000
715,0,0,8.000000,0.000000,0.500000
716,1,1,16.000000,0.700000,0.500000
717,0,0,8.000000,0.000000,0.500000
718,1,1,8.000000,0.000000,0.500000
719,0,0,12.000000,0.500000,0.500000
720,1,1,16.000000,0.700000,0.500000
721,0,0,8.000000,0.000000,0.500000
722,1,1,8.000000,0.000000,0.500000
723,0,0,8.000000,0.000000,0.500000
724,1,1,8.000000,0.000000,0.500000
725,0,0,8.000000,0.000000,0.500000
726,0,0,16.000000,0.700000,0.500000
727,0,0,12.000000,0.500000,0.500000
728,1,1,12.000000,0.500000,0.500000
729,0,0,8.000000,0.000000,0.500000
730,0,0,16.000000,0.700000,0.500000
731,1,1,18.000000,0.600000,0.500000
732,0,0,8.000000,0.000000,0.500000
733,1,1,20.000000,0.800000,0.500000
734,1,1,12.000000,0.500000,0.500000
735,0,0,8.000000,0.000000,0.500000
736,0,0,8.000000,0.000000,0.500000
737,0,0,8.000000,0.000000,0.500000
738,1,1,8.000000,0.000000,0.500000
739,0,0,8.000000,0.000000,0.500000
740,0,0,8.000000,0.000000,0.500000
741,0,0,12.000000,0.500000,0.500000
742,0,0,8.000000,0.000000,0.500000
743,0,0,12.000000,0.500000,0.500000
744,1,1,8.000000,0.000000,0.500000
745,0,0,12.000000,0.500000,0.500000
746,1,1,26.000000,0.900000,0.500000
747,0,0,12.000000,0.500000,0.500000
748,1,1,8.000000,0.000000,0.500000
749,1,1,24.000000,0.900000,0.500000
750,1,1,8.000000,0.000000,0.500000
751,1,1,8.000000,0.000000,0.500000
752,0,0,26.000000,0.900000,0.500000
753,1,1,8.000000,0.000000,0.500000
754,0,0,14.000000,0.800000,0.500000
755,0,0,8.000000,0.000000,0.500000
756,1,1,30.000000,0.900000,0.500000
757,0,0,12.000000,0.500000,0.500000
758,1,1,12.000000,0.500000,0.500000
759,1,1,8.000000,0.000000,0.500000
760,1,1,18.000000,0.800000,0.500000
761,0,0,8.000000,0.000000,0.500000
762,0,0,26.000000,0.900000,0.500000
763,0,0,12.000000,0.500000,0.500000
764,0,0,20.000000,0.800000,0.500000
765,0,0,14.000000,0.800000,0.500000
766,0,0,8.000000,0.000000,0.500000
767,1,1,12.000000,0.500000,0.500000
768,1,1,34.000000,0.900000,0.500000
769,0,0,16.000000,0.800000,0.500000
770,0,0,12.000000,0.500000,0.500000
771,1,1,8.000000,0.000000,0.500000
772,0,0,8.000000,0.000000,0.500000
773,0,0,12.000000,0.500000,0.500000
774,0,0,8.000000,0.000000,0.500000
775,0,0,16.000000,0.700000,0.500000
776,1,1,12.000000,0.500000,0.500000
777,0,0,28.000000,0.900000,0.500000
778,0,0,8.000000,0.000000,0.500000
779,0,0,8.000000,0.000000,0.500000
780,1,1,8.000000,0.000000,0.500000
781,0,0,8.000000,0.000000,0.500000
782,0,0,8.000000,0.000000,0.500000
783,1,1,20.000000,0.800000,0.500000
784,1,1,8.000000,0.000000,0.500000
785,0,0,12.000000,0.500000,0.500000
786,1,1,14.000000,0.800000,0.500000
787,0,0,16.000000,0.700000,0.500000
788,0,0,16.000000,0.700000,0.500000
789,1,1,12.000000,0.500000,0.500000
790,1,1,8.000000,0.000000,0.500000
791,1,1,12.000000,0.500000,0.500000
792,0,0,8.000000,0.000000,0.500000
793,0,0,12.000000,0.500000,0.500000
794,1,1,12.000000,0.500000,0.500000
795,0,0,14.000000,0.800000,0.500000
796,0,0,8.000000,0.000000,0.500000
797,0,0,8.000000,0.000000,0.500000
798,0,0,8.000000,0.000000,0.500000
799,0,0,8.000000,0.000000,0.500000
800,1,1,18.000000,0.600000,0.500000
801,0,0,16.000000,0.700000,0.500000
802,1,1,8.000000,0.000000,0.500000
803,1,1,8.000000,0.000000,0.500000
804,1,1,12.000000,0.500000,0.500000
805,1,1,8.000000,0.000000,0.500000
806,0,0,12.000000,0.500000,0.500000
807,0,0,12.000000,0.500000,0.500000
808,1,1,16.000000,0.700000,0.500000
809,1,1,14.000000,0.800000,0.500000
810,1,1,8.000000,0.000000,0.500000
811,0,0,8.000000,0.000000,0.500000
812,0,0,12.000000,0.500000,0.500000
813,1,1,8.000000,0.000000,0.500000
814,0,0,8.000000,0.000000,0.500000
815,0,0,8.000000,0.000000,0.500000
816,1,1,18.000000,0.800000,0.500000
817,0,0,8.000000,0.000000,0.500000
818,1,1,12.000000,0.500000,0.500000
819,1,1,8.000000,0.000000,0.500000
820,0,0,8.000000,0.000000,0.500000
821,0,1,16.000000,0.700000,0.500000
822,0,0,8.000000,0.000000,0.500000
823,1,1,12.000000,0.500000,0.500000
824,1,1,8.000000,0.000000,0.500000
825,0,0,16.000000,0.800000,0.500000
826,1,1,12.000000,0.500000,0.500000
827,0,0,8.000000,0.000000,0.500000
828,0,0,12.000000,0.500000,0.500000
829,1,1,8.000000,0.000000,0.500000
830,0,0,8.000000,0.000000,0.500000
831,0,0,8.000000,0.000000,0.500000
832,1,1,12.000000,0.500000,0.500000
833,0,0,8.000000,0.000000,0.500000
834,0,0,8.000000,0.000000,0.500000
835,1,1,22.000000,0.900000,0.500000
836,1,1,12.000000,0.500000,0.500000
837,0,0,12.000000,0.500000,0.500000
838,0,0,16.000000,0.800000,0.500000
839,1,1,8.000000,0.000000,0.500000
840,0,0,18.000000,0.900000,0.500000
841,0,0,8.000000,0.000000,0.500000
842,1,1,8.000000,0.000000,0.500000
843,0,0,12.000000,0.500000,0.500000
844,1,1,8.000000,0.000000,0.500000
845,0,0,8.000000,0.000000,0.500000
846,0,0,12.000000,0.500000,0.500000
847,1,1,8.000000,0.000000,0.500000
848,0,0,24.000000,0.900000,0.500000
849,1,1,8.000000,0.000000,0.500000
850,1,1,12.000000,0.500000,0.500000
851,0,0,16.000000,0.700000,0.500000
852,1,1,8.000000,0.000000,0.500000
853,1,1,8.000000,0.000000,0.500000
854,0,0,18.000000,0.600000,0.500000
855,1,1,8.000000,0.000000,0.500000
856,0,0,8.000000,0.000000,0.500000
857,1,1,14.000000,0.800000,0.500000
858,0,0,24.000000,0.900000,0.500000
859,0,0,12.000000,0.500000,0.500000
860,1,1,22.000000,0.900000,0.500000
861,1,1,12.000000,0.500000,0.500000
862,1,1,8.000000,0.000000,0.500000
863,0,0,16.000000,0.700000,0.500000
864,0,0,8.000000,0.000000,0.500000
865,0,0,8.000000,0.000000,0.500000
866,0,0,12.000000,0.500000,0.500000
867,1,1,8.000000,0.000000,0.500000
868,1,1,12.000000,0.500000,0.500000
869,0,0,42.000000,1.000000,0.500000
870,0,0,16.000000,0.700000,0.500000
871,0,0,12.000000,0.500000,0.500000
872,0,0,14.000000,0.800000,0.500000
873,0,0,8.000000,0.000000,0.500000
874,1,1,28.000000,0.900000,0.500000
875,1,1,8.000000,0.000000,0.500000
876,0,0,16.000000,0.700000,0.500000
877,0,0,8.000000,0.000000,0.500000
878,1,1,8.000000,0.000000,0.500000
879,1,1,8.000000,0.000000,0.500000
880,1,1,14.000000,0.800000,0.500000
881,1,1,8.000000,0.000000,0.500000
882,0,0,8.000000,0.000000,0.500000
883,1,1,20.000000,0.800000,0.500000
884,0,0,8.000000,0.000000,0.500000
885,0,0,8.000000,0.000000,0.500000
886,0,0,12.000000,0.500000,0.500000
887,1,1,24.000000,0.900000,0.500000
888,1,1,32.000000,0.900000,0.500000
889,0,0,16.000000,0.800000,0.500000
890,0,0,8.000000,0.000000,0.500000
891,0,0,8.000000,0.000000,0.500000
892,0,0,12.000000,0.500000,0.500000
893,1,1,8.000000,0.000000,0.500000
894,0,0,12.000000,0.500000,0.500000
895,1,1,8.000000,0.000000,0.500000
896,1,1,8.000000,0.000000,0.500000
897,1,1,20.000000,0.900000,0.500000
898,0,0,8.000000,0.000000,0.500000
899,0,0,20.000000,0.800000,0.500000
900,1,1,8.000000,0.000000,0.500000
901,0,0,18.000000,0.900000,0.500000
902,0,0,8.000000,0.000000,0.500000
903,1,1,20.000000,0.900000,0.500000
904,0,0,8.000000,0.000000,0.500000
905,0,0,8.000000,0.000000,0.500000
906,1,1,8.000000,0.000000,0.500000
907,0,0,8.000000,0.000000,0.500000
908,0,0,20.000000,0.800000,0.500000
909,0,0,12.000000,0.500000,0.500000
910,1,1,12.000000,0.500000,0.500000
911,1,1,12.000000,0.500000,0.500000
912,1,1,8.000000,0.000000,0.500000
913,0,0,12.000000,0.500000,0.500000
914,0,0,8.000000,0.000000,0.500000
915,1,1,12.000000,0.500000,0.500000
916,0,0,12.000000,0.500000,0.500000
917,0,0,8.000000,0.000000,0.500000
918,1,1,8.000000,0.000000,0.500000
919,0,0,8.000000,0.000000,0.500000
920,0,0,12.000000,0.500000,0.500000
921,1,1,16.000000,0.700000,0.500000
922,0,0,12.000000,0.500000,0.500000
923,0,0,8.000000,0.000000,0.500000
924,0,0,8.000000,0.000000,0.500000
925,0,0,22.000000,0.800000,0.500000
926,0,0,8.000000,0.000000,0.500000
927,0,0,12.000000,0.900000,0.500000
928,0,0,8.000000,0.000000,0.500000
929,1,1,8.000000,0.000000,0.500000
930,0,0,8.000000,0.000000,0.500000
931,1,1,8.000000,0.000000,0.500000
932,0,0,24.000000,0.800000,0.500000
933,1,1,16.000000,0.700000,0.500000
934,0,0,16.000000,0.700000,0.500000
935,1,1,8.000000,0.000000,0.500000
936,1,1,8.000000,0.000000,0.500000
937,0,0,18.000000,0.900000,0.500000
938,1,1,8.000000,0.000000,0.500000
939,1,1,12.000000,0.500000,0.500000
940,0,0,12.000000,0.500000,0.500000
941,1,1,8.000000,0.000000,0.500000
942,0,0,8.000000,0.000000,0.500000
943,0,0,16.000000,0.900000,0.500000
944,1,1,8.000000,0.000000,0.500000
945,0,0,12.000000,0.500000,0.500000
946,0,0,12.000000,0.500000,0.500000
947,1,1,12.000000,0.500000,0.500000
948,0,0,24.000000,0.900000,0.500000
949,0,0,8.000000,0.000000,0.500000
950,1,1,8.000000,0.000000,0.500000
951,1,1,24.000000,0.900000,0.500000
952,1,1,8.000000,0.000000,0.500000
953,0,0,24.000000,0.900000,0.500000
954,0,0,8.000000,0.000000,0.500000
955,1,1,12.000000,0.900000,0.500000
956,0,0,8.000000,0.000000,0.500000
957,0,0,12.000000,0.500000,0.500000
958,0,0,12.000000,0.500000,0.500000
959,0,0,12.000000,0.500000,0.500000
960,1,1,8.000000,0.000000,0.500000
961,1,1,18.000000,0.700000,0.500000
962,0,0,20.000000,0.800000,0.500000
963,0,0,8.000000,0.000000,0.500000
964,1,1,8.000000,0.000000,0.500000
965,0,0,16.000000,0.700000,0.500000
966,0,0,30.000000,0.900000,0.500000
967,1,1,30.000000,1.000000,0.500000
968,0,0,8.000000,0.000000,0.500000
969,0,0,12.000000,0.500000,0.500000
970,1,1,16.000000,0.800000,0.500000
971,0,0,12.000000,0.500000,0.500000
972,1,1,18.000000,0.900000,0.500000
973,0,0,18.000000,0.900000,0.500000
974,1,1,8.000000,0.000000,0.500000
975,0,0,8.000000,0.000000,0.500000
976,1,1,8.000000,0.000000,0.500000
977,1,1,12.000000,0.500000,0.500000
978,0,0,8.000000,0.000000,0.500000
979,1,1,8.000000,0.000000,0.500000
980,1,1,12.000000,0.500000,0.500000
981,1,1,22.000000,0.800000,0.500000
982,1,1,12.000000,0.500000,0.500000
983,0,0,12.000000,0.500000,0.500000
984,0,0,12.000000,0.500000,0.500000
985,1,1,8.000000,0.000000,0.500000
986,0,0,14.000000,0.800000,0.500000
987,1,1,16.000000,0.700000,0.500000
988,0,0,12.000000,0.500000,0.500000
989,1,1,8.000000,0.000000,0.500000
990,1,1,8.000000,0.000000,0.500000
991,1,1,8.000000,0.000000,0.500000
992,0,0,8.000000,0.000000,0.500000
993,0,0,12.000000,0.500000,0.500000
994,0,0,8.000000,0.000000,0.500000
995,0,0,8.000000,0.000000,0.500000
996,1,1,16.000000,0.700000,0.500000
997,1,1,12.000000,0.500000,0.500000
998,1,1,20.000000,0.800000,0.500000
999,1,1,8.000000,0.000000,0.500000
WorkerID,Gamma,TrueGamma
1706,0.439179,0.322532
1121,0.471440,0.720595
1461,0.484045,0.202802
1269,0.481210,0.641362
1405,0.484938,0.330625
1557,0.531218,0.448312
1239,0.503715,1.252713
1152,0.435065,0.233922
1916,0.428168,0.727049
1381,0.524903,1.032004
1075,0.438287,0.647061
1659,0.475659,0.361986
1716,0.530605,0.674334
1162,0.459407,1.456375
1790,0.516870,0.667965
1511,0.455812,0.841476
1333,0.440399,0.838311
1632,0.443641,0.486304
1442,0.584098,0.833987
1309,0.461903,0.673365
1623,0.454447,0.821333
1138,0.576198,0.876464
1756,0.421050,0.293708
1955,0.461732,0.767737
1868,0.405848,0.465615
1150,0.453343,0.465199
1549,0.467470,0.288644
1831,0.506056,0.160407
1069,0.520467,0.950980
1747,0.433312,0.365861
1500,0.509056,0.556741
1789,0.489177,0.757963
1097,0.455720,0.673965
1862,0.545183,0.606308
1176,0.524452,1.121856
1002,0.437691,0.799288
1978,0.428554,0.705427
1637,0.484499,0.645627
1598,0.459028,0.744602
1428,0.503995,0.552725
1424,0.443823,0.486473
1975,0.437726,0.418329
1390,0.510082,0.378104
1684,0.441379,0.197527
1311,0.433020,0.702406
1983,0.546899,0.702087
1364,0.454512,0.500562
1026,0.443249,0.458997
1116,0.489523,0.473118
1370,0.530513,0.713288
1101,0.444655,0.615961
1062,0.448170,0.362134
1586,0.484057,0.845609
1770,0.478023,0.397135
1391,0.467725,0.319752
1371,0.603611,1.391459
1828,0.409029,0.258360
1544,0.575339,1.096622
1346,0.488863,0.707811
1030,0.523014,1.401151
1249,0.413794,0.148464
1952,0.506214,0.495626
1727,0.484612,0.563505
1389,0.467504,1.380212
1161,0.437317,0.344882
1171,0.410791,0.398154
1641,0.417222,0.419052
1769,0.498601,0.673688
1248,0.408376,1.022979
1149,0.419749,0.318564
1940,0.441656,0.353735
1537,0.425253,0.304786
1326,0.553988,2.147078
1483,0.479192,0.445621
1994,0.437014,0.849291
1864,0.511847,0.880488
1077,0.455958,0.060441
1552,0.556660,0.434893
1624,0.483584,1.092131
1336,0.523521,1.086139
1524,0.425808,0.826781
1400,0.571726,0.803398
1421,0.428957,0.320905
1853,0.509820,0.566894
1343,0.501630,1.119376
1492,0.548804,0.642919
1974,0.498129,0.344325
1538,0.477528,0.677906
1259,0.503678,0.319054
1074,0.477824,0.465153
1226,0.494463,0.552589
1799,0.461691,0.340178
1216,0.443205,0.168114
1183,0.444799,0.690947
1532,0.596183,1.012667
1608,0.462305,0.741042
1467,0.475262,0.578882
1967,0.470065,0.220804
1977,0.510533,0.640289
1102,0.476118,0.244749
1748,0.449143,0.352940
1943,0.472159,0.519077
1016,0.541168,0.772231
1263,0.527974,0.779570
1233,0.523340,1.286825
1224,0.485558,0.730166
1078,0.548661,1.056581
1674,0.566730,0.685138
1402,0.449581,0.700546
1844,0.451387,0.727358
1125,0.432490,0.817549
1049,0.515619,0.364507
1004,0.504278,1.152617
1011,0.460799,0.632441
1958,0.432433,0.560420
1705,0.477335,0.307350
1234,0.457289,0.220780
1618,0.467338,1.224937
1459,0.513478,0.507546
1699,0.436079,0.296350
1159,0.474674,0.710162
1913,0.471147,0.697204
1208,0.500751,0.565506
1214,0.528780,0.364274
1193,0.448989,0.804929
1550,0.491564,1.071719
1123,0.551504,0.218478
1035,0.472745,0.380087
1671,0.492326,0.906692
1680,0.444014,0.308333
1112,0.411492,0.267669
1255,0.510829,0.977057
1881,0.482121,0.669587
1449,0.503306,0.695845
1335,0.465243,0.525695
1560,0.485298,0.998274
1866,0.437744,0.209735
1579,0.442922,0.418727
1771,0.461285,0.400275
1613,0.585083,0.496605
1211,0.457754,0.320742
1587,0.456179,0.515486
1905,0.460610,0.471533
1222,0.417146,0.475826
1362,0.431309,0.143071
1212,0.519244,1.334818
1383,0.436047,0.181426
1252,0.433890,0.286784
1083,0.460430,0.464979
1683,0.450518,0.408263
1645,0.453419,0.761860
1812,0.513076,0.899864
1227,0.502960,0.682699
1029,0.440266,0.808046
1644,0.455605,0.552226
1203,0.451081,0.597651
1896,0.504412,0.317268
1715,0.466072,0.282479
1128,0.522827,1.127530
1384,0.439841,0.788041
1741,0.596580,1.012126
1784,0.479045,0.702835
1817,0.487780,0.872496
1505,0.496354,1.118942
1057,0.497789,0.644655
1088,0.571077,1.184528
1218,0.443157,0.384335
1707,0.472578,1.327803
1890,0.489328,0.672273
1012,0.487594,0.513529
1714,0.492478,1.124521
1931,0.462530,0.737195
1284,0.461475,0.387252
1497,0.563790,0.853478
1316,0.468751,0.629537
1805,0.507014,0.591599
1578,0.449704,0.743725
1701,0.527384,0.613368
1570,0.478095,0.348860
1056,0.524786,0.493098
1380,0.525705,0.918585
1282,0.485907,0.680534
1257,0.519659,0.810700
1678,0.416272,0.409078
1426,0.556908,1.629846
1601,0.446552,0.654811
1636,0.482809,0.285508
1434,0.471723,0.902142
1490,0.514144,0.596522
1893,0.412414,0.852856
1332,0.438398,0.471619
1522,0.446262,0.796662
1283,0.449519,0.287074
1166,0.501095,0.467607
1666,0.454096,0.203836
1303,0.494483,0.930322
1564,0.483691,0.384155
1059,0.461418,0.434257
1988,0.424661,0.443349
1984,0.456772,0.322586
1592,0.502327,0.716069
1945,0.423953,1.041706
1936,0.469811,0.551464
1911,0.439667,0.914851
1299,0.456054,0.562705
1189,0.597386,1.235363
1572,0.618667,0.848394
1323,0.441241,0.726290
1821,0.426324,0.245531
1133,0.465623,0.261721
1693,0.494707,0.367010
1922,0.522286,0.244819
1972,0.447395,0.575666
1297,0.448342,0.273740
1354,0.438493,0.374397
1681,0.426490,1.269226
1584,0.462572,0.101760
1200,0.450168,0.273842
1734,0.483946,0.593777
1998,0.448999,1.114993
1757,0.504643,0.489770
1902,0.466905,0.490215
1142,0.490533,0.648534
1691,0.495762,0.920620
1782,0.428387,0.217749
1794,0.449061,0.475685
1022,0.485964,0.998482
1206,0.448193,1.338745
1487,0.511510,1.415932
1777,0.432170,0.680040
1519,0.557250,0.735629
1848,0.480719,0.456531
1129,0.457539,0.239688
1418,0.449732,0.387860
1989,0.488475,1.164616
1755,0.472108,0.457791
1089,0.431502,0.315390
1005,0.525613,0.700533
1477,0.514953,0.998155
1990,0.477335,0.937697
1966,0.513582,0.793641
1324,0.495979,0.607880
1446,0.454726,0.459618
1094,0.449459,0.361646
1840,0.466262,0.639473
1508,0.437824,0.202592
1729,0.461434,0.538180
1867,0.474998,0.383082
1879,0.440278,0.656546
1147,0.555860,0.726817
1229,0.503814,0.376728
1937,0.489523,0.926526
1145,0.553948,1.004721
1313,0.509352,0.855265
1689,0.482081,0.825111
1973,0.431024,0.193648
1050,0.449315,1.078639
1535,0.461036,0.539092
1826,0.482968,0.556566
1015,0.449553,0.371112
1340,0.527864,0.610266
1558,0.530812,1.176136
1611,0.510993,0.247407
1872,0.483515,1.231099
1169,0.517348,0.661154
1065,0.475196,0.477088
1551,0.485725,1.078396
1616,0.497118,0.670862
1612,0.496948,0.293292
1843,0.483145,0.878871
1752,0.436895,0.241367
1321,0.466869,0.653662
1197,0.441007,0.310238
1068,0.485695,1.458968
1230,0.443077,0.416564
1810,0.433955,1.506773
1621,0.416213,0.566387
1806,0.456966,0.227701
1869,0.457065,1.044362
1431,0.537524,1.044495
1663,0.462939,0.232301
1215,0.478207,1.306106
1019,0.490175,0.626136
1209,0.483248,0.892742
1144,0.507781,1.074373
1627,0.471389,0.356739
1543,0.497158,0.935111
1154,0.467424,0.650487
1918,0.437176,0.786688
1894,0.449755,0.227270
1006,0.444750,0.609449
1141,0.430630,0.267013
1345,0.467249,0.354597
1801,0.454853,0.373374
1478,0.497743,1.139900
1722,0.471449,0.450539
1876,0.560043,1.384014
1113,0.448027,1.102052
1865,0.446061,0.468453
1452,0.461804,0.932987
1285,0.526068,1.033588
1997,0.504856,0.397154
1728,0.461538,0.450680
1730,0.490296,1.063364
1292,0.464882,0.397144
1199,0.594576,1.360756
1498,0.492872,0.709597
1417,0.450019,0.516719
1670,0.501714,0.907246
1800,0.432183,0.344290
1935,0.479923,0.292507
1802,0.537276,0.719721
1717,0.479283,0.386261
1329,0.493751,0.537706
1595,0.452889,0.236461
1949,0.455039,0.642284
1694,0.491367,0.827193
1225,0.515911,1.239654
1254,0.455324,0.370848
1320,0.517037,0.520501
1545,0.456743,0.482416
1047,0.498242,1.123302
1660,0.560464,0.640928
1751,0.494125,0.720587
1971,0.483583,0.113346
1622,0.433588,0.764194
1277,0.436138,0.249082
1020,0.445935,0.846200
1466,0.536879,0.379905
1950,0.442849,1.042659
1986,0.558423,0.904917
1087,0.449770,0.207501
1740,0.473801,0.845994
1960,0.462530,0.274774
1686,0.504421,0.189608
1300,0.460474,0.459910
1122,0.502721,1.091060
1301,0.470137,0.423722
1838,0.484687,0.673247
1180,0.447602,0.913217
1539,0.517505,0.929789
1515,0.507045,1.367038
1555,0.477927,0.580718
1471,0.477699,1.239962
1096,0.485998,0.431506
1472,0.504857,0.378233
1192,0.511924,0.400220
1186,0.513075,0.279666
1479,0.478820,0.778874
1765,0.424160,0.106012
1051,0.468607,0.759418
1808,0.471296,0.644785
1034,0.476076,0.307767
1008,0.485439,0.335507
1337,0.501481,1.290696
1760,0.524137,0.791800
1910,0.430605,0.436060
1334,0.478655,0.188766
1167,0.469202,0.566068
1045,0.495944,0.960691
1342,0.489288,1.314487
1503,0.453720,0.669925
1654,0.474716,1.057690
1484,0.488069,0.945655
1134,0.476446,0.849036
1594,0.503463,0.744872
1884,0.418913,0.450228
1196,0.431688,0.503306
1289,0.442457,0.348736
1286,0.461766,0.461815
1350,0.446645,0.446511
1338,0.449043,0.476376
1553,0.523410,1.229094
1758,0.550073,1.242129
1411,0.509563,0.364929
1037,0.479141,0.331197
1999,0.460528,0.301068
1857,0.467701,0.459604
1382,0.512252,0.612105
1768,0.439892,0.252510
1448,0.506515,0.490828
1590,0.517109,0.568194
1401,0.418228,0.245337
1115,0.472000,0.509278
1726,0.449484,1.184239
1403,0.406905,0.574852
1679,0.461719,0.555641
1241,0.497286,0.777058
1980,0.459065,0.324687
1359,0.430990,0.358841
1207,0.447821,0.322981
1566,0.503764,0.622366
1839,0.504281,0.748073
1875,0.488722,0.666655
1961,0.538535,1.875357
1013,0.454914,1.417441
1885,0.433652,0.396178
1841,0.463815,0.984740
1210,0.519301,0.455575
1361,0.477335,0.465507
1849,0.470900,0.665619
1915,0.485339,0.886760
1072,0.637776,1.124355
1429,0.579971,2.291517
1772,0.515504,0.852785
1845,0.490092,0.504610
1504,0.523290,1.020876
1816,0.454774,0.574258
1615,0.495995,0.588290
1941,0.459695,0.637538
1746,0.485918,0.718318
1779,0.483189,1.693685
1946,0.509780,0.776463
1281,0.479390,0.817688
1677,0.424874,0.254060
1655,0.531667,0.660727
1339,0.470051,0.982003
1202,0.456121,0.947223
1649,0.442654,0.801129
1433,0.447602,0.365332
1953,0.501158,1.307033
1003,0.519550,0.640461
1775,0.480463,0.845792
1245,0.422626,0.416354
1927,0.455264,0.462348
1880,0.539947,0.724601
1859,0.507323,1.799728
1846,0.515138,0.746947
1373,0.498741,0.493837
1253,0.483446,0.329584
1237,0.512554,1.374288
1315,0.456733,0.617055
1687,0.539752,0.220785
1160,0.458535,0.668424
1895,0.453745,0.991852
1708,0.518612,1.159429
1533,0.556302,0.873832
1028,0.472871,0.821773
1886,0.447918,0.301754
1589,0.562923,1.812246
1396,0.528112,0.502128
1773,0.442002,0.293990
1427,0.479468,0.536600
1959,0.454640,0.430376
1419,0.471036,0.864858
1646,0.480546,0.835405
1926,0.467984,1.005780
1347,0.459815,1.427087
1025,0.487909,0.520364
1118,0.528417,0.836787
1060,0.478503,0.809298
1951,0.521506,0.820091
1750,0.485224,0.588320
1792,0.469063,0.408091
1261,0.541635,0.584766
1287,0.455562,0.434847
1968,0.489834,0.541660
1454,0.489210,1.036806
1981,0.545343,0.787250
1501,0.435135,0.420432
1547,0.457907,0.490626
1073,0.516721,0.688052
1556,0.553851,0.762429
1814,0.518293,0.940212
1690,0.478447,0.138724
1410,0.484876,0.469799
1450,0.509194,0.063012
1626,0.524783,0.894729
1163,0.564553,1.836646
1267,0.504312,0.270467
1158,0.500093,1.035147
1079,0.506846,0.653976
1262,0.454266,0.829380
1643,0.480675,0.327126
1767,0.561541,0.941094
1610,0.573282,0.806149
1377,0.528654,0.344711
1104,0.515892,0.508167
1630,0.552974,2.043035
1130,0.506344,1.200188
1376,0.499921,0.457829
1052,0.469084,0.303322
1464,0.493944,0.857543
1565,0.472651,0.716013
1540,0.502991,1.091120
1923,0.475305,0.406291
1462,0.519976,0.923331
1954,0.496886,0.472143
1040,0.536845,0.688258
1153,0.510788,0.794130
1111,0.465166,0.964099
1179,0.510303,1.375753
1445,0.597899,0.396100
1481,0.511258,0.726933
1682,0.481957,0.679178
1076,0.514253,0.718083
1934,0.531544,1.094261
1232,0.507468,0.912490
1256,0.507659,1.193463
1090,0.568769,0.967817
1432,0.541568,1.059569
1444,0.465666,0.303084
1561,0.481554,1.108524
1372,0.575341,0.896986
1184,0.543530,0.276278
1082,0.488368,0.623545
1851,0.475182,0.674253
1302,0.529334,0.230324
1710,0.476559,0.198101
1995,0.491918,0.636692
1243,0.514026,0.504024
1135,0.451131,0.504847
1912,0.445668,0.580654
1629,0.485962,1.431504
1996,0.470354,0.200878
1956,0.468200,0.349967
1126,0.581453,1.472823
1198,0.472993,0.963164
1788,0.454936,0.844267
1294,0.521635,0.261026
1270,0.510139,0.446560
1606,0.540390,0.870213
1352,0.469214,0.705885
1310,0.548992,1.738625
1404,0.451473,0.217599
1117,0.564550,0.764033
1021,0.538246,0.815164
1168,0.513729,1.246622
1970,0.656689,0.905782
1195,0.493996,0.599801
1619,0.541851,0.947410
1360,0.529384,0.897047
1822,0.448566,0.425672
1293,0.526831,0.367291
1386,0.515570,0.740799
1834,0.496404,0.504330
1588,0.487208,0.747646
1665,0.565188,0.666139
1733,0.471908,0.357645
1398,0.516766,0.489577
1567,0.455177,0.322227
1620,0.575188,1.217354
1042,0.474442,0.216815
1355,0.571330,0.807877
1485,0.570412,1.373502
1662,0.457158,0.416364
1458,0.541114,0.486222
1489,0.595941,0.420223
1581,0.468474,0.415992
1327,0.534491,0.775869
1563,0.487191,0.374231
1124,0.466354,0.301526
1031,0.556183,1.277981
1107,0.579325,0.735803
1593,0.469776,0.363641
1650,0.461356,0.812186
1054,0.453241,1.027200
1306,0.513810,1.294307
1250,0.574159,1.868713
1071,0.469206,1.011702
1393,0.480201,0.380112
1827,0.515232,1.045794
1435,0.536702,0.740919
1388,0.455821,0.708412
1969,0.481051,0.610008
1164,0.481190,0.612930
1290,0.545499,0.621431
1921,0.515362,0.559702
1573,0.496366,0.689280
1928,0.456875,0.244080
1231,0.521635,1.138113
1985,0.497896,0.771524
1439,0.575171,0.980128
1914,0.602071,0.844646
1095,0.506672,0.500610
1781,0.501247,0.419614
1365,0.515628,0.889657
1700,0.597721,1.466724
1889,0.474400,0.195263
1205,0.514748,0.657851
1155,0.538518,0.699554
1394,0.582246,0.529705
1438,0.510300,0.671311
1247,0.500477,0.398957
1098,0.509106,0.423671
1512,0.509552,0.652469
1240,0.528166,0.990370
1635,0.487079,0.320069
1172,0.493023,0.499069
1919,0.593777,0.914240
1375,0.575228,0.886274
1685,0.506155,0.356927
1597,0.504966,0.617917
1173,0.495633,0.659888
1763,0.469716,0.239721
1908,0.572010,0.882252
1987,0.468999,0.848962
1317,0.540010,0.865672
1480,0.489519,0.934403
1055,0.584756,1.337576
1312,0.551662,1.234205
1191,0.569390,0.468281
1007,0.470618,0.305594
1836,0.477834,0.323632
1296,0.526546,0.687645
1656,0.570490,0.589971
1739,0.465572,0.577497
1174,0.467604,0.692451
1764,0.480074,0.427361
1625,0.482842,0.537689
1460,0.521198,0.278901
1526,0.502661,1.126638
1738,0.469906,0.234254
1236,0.519103,1.224646
1837,0.475736,0.165910
1631,0.556228,0.657010
1265,0.474512,0.435286
1668,0.544590,0.724878
1833,0.634344,0.909143
1423,0.534046,1.314022
1493,0.473753,0.641826
1379,0.516580,1.240278
1486,0.547399,0.890699
1807,0.521992,0.673671
1108,0.543837,0.901300
1378,0.508488,1.714156
1638,0.474518,0.500770
1723,0.517737,0.617248
1520,0.612448,2.083096
1906,0.494113,0.241766
1562,0.494800,0.830793
1187,0.549556,0.782519
1143,0.512890,0.504253
1086,0.442761,0.537580
1929,0.532524,2.228255
1009,0.541545,0.650632
1331,0.503455,0.838752
1965,0.455424,0.495683
1531,0.545723,0.992173
1330,0.504619,0.576220
1633,0.514105,0.283113
1725,0.590089,1.108192
1443,0.597685,1.026756
1392,0.582453,1.259747
1204,0.641658,1.091615
1440,0.510295,0.496379
1264,0.508182,0.334343
1854,0.509267,0.773134
1356,0.508428,0.359492
1600,0.492595,1.088815
1820,0.508855,0.787509
1713,0.526157,0.810833
1585,0.521622,0.640343
1363,0.480230,0.449332
1979,0.472295,0.485467
1903,0.509891,0.387037
1495,0.485866,0.288853
1276,0.499053,0.965187
1219,0.556322,0.853641
1698,0.516431,0.427246
1528,0.528343,0.647972
1081,0.500247,0.740543
1709,0.547885,0.725675
1737,0.518045,0.273675
1043,0.500548,1.283093
1468,0.503871,1.232470
1891,0.468325,0.564676
1571,0.508525,0.211942
1603,0.536189,1.214914
1667,0.546219,0.518514
1898,0.539438,0.633021
1642,0.495995,0.630302
1842,0.569206,0.822629
1832,0.462187,0.459093
1753,0.522519,0.480372
1318,0.516070,0.454669
1661,0.513239,0.681388
1672,0.478785,0.719316
1235,0.518955,0.416953
1780,0.457846,0.689567
1488,0.487454,0.690517
1917,0.529790,0.683470
1017,0.536118,0.429257
1258,0.538896,0.501876
1416,0.528223,0.566358
1105,0.493291,0.330357
1796,0.481479,0.426017
1648,0.585738,0.708254
1103,0.481173,1.052281
1223,0.460975,0.396923
1221,0.480035,0.760625
1883,0.618193,0.868610
1397,0.533787,0.525523
1811,0.504160,0.396416
1451,0.544783,1.772778
1046,0.545122,1.377080
1813,0.570296,1.174411
1582,0.518274,0.735791
1541,0.555495,0.481754
1238,0.464375,0.372842
1576,0.478074,0.380942
1455,0.456599,0.452734
1482,0.461940,0.279224
1932,0.529010,0.730618
1743,0.502376,0.399203
1778,0.536598,0.691298
1669,0.549860,0.752721
1766,0.496143,0.445310
1114,0.513355,0.577204
1804,0.552295,0.775168
1523,0.520762,0.320264
1272,0.570709,1.056274
1344,0.482962,1.303681
1413,0.479976,0.269531
1165,0.580399,0.609737
1044,0.475818,0.706244
1061,0.492723,1.010414
1430,0.528017,0.596638
1521,0.555322,0.680752
1992,0.515904,0.817476
1119,0.524012,0.971301
1288,0.513678,0.787682
1514,0.584687,0.607908
1554,0.559914,0.925256
1653,0.526474,0.420817
1795,0.556433,0.323472
1882,0.505123,0.506970
1387,0.544345,1.769756
1930,0.558684,0.281696
1213,0.504758,0.196650
1131,0.575922,0.867708
1275,0.568641,1.489319
1798,0.514232,0.626224
1341,0.478687,0.385144
1476,0.512733,0.458280
1023,0.598530,1.101762
1353,0.593812,0.565731
1577,0.555416,0.705901
1178,0.549131,0.430380
1244,0.528081,0.272551
1140,0.560092,0.986751
1948,0.526412,0.450983
1491,0.602719,0.654671
1260,0.592590,2.305019
1325,0.586740,0.809312
1900,0.510503,0.327615
1367,0.552648,0.448951
1157,0.550245,0.289188
1273,0.496907,0.571915
1496,0.528897,0.273414
1242,0.526042,0.385451
1861,0.582663,1.079581
1322,0.589761,1.192183
1673,0.514079,0.546508
1456,0.545079,0.660268
1731,0.614968,0.916503
1014,0.527413,0.947145
1569,0.531509,1.008282
1412,0.581793,0.688185
1499,0.588158,0.937223
1675,0.547949,0.831962
1474,0.579879,0.960269
1907,0.513022,0.491138
1605,0.598350,0.455407
1574,0.513294,0.551583
1858,0.577436,0.436819
1942,0.494419,0.509907
1177,0.513202,0.089124
1408,0.512492,1.170600
1825,0.539111,0.639530
1328,0.498971,0.481913
1732,0.577224,0.641325
1000,0.558965,0.592825
1374,0.481243,0.233866
1591,0.632727,0.640226
1100,0.512230,1.289719
1024,0.501567,0.231821
1453,0.500289,0.272314
1465,0.512331,0.276177
1856,0.521596,0.582886
1652,0.610142,1.160317
1268,0.491941,0.883934
1414,0.512626,0.875221
1137,0.550818,0.742936
1228,0.558787,0.702741
1776,0.509219,0.749168
1274,0.516381,0.287294
1064,0.494197,0.226580
1494,0.600685,0.697004
1066,0.524379,0.518110
1712,0.599025,1.200972
1409,0.528102,0.871457
1803,0.650659,1.188665
1658,0.519069,1.253794
1517,0.582646,0.915128
1696,0.574708,1.038126
1688,0.489588,0.376960
1818,0.518243,0.363833
1080,0.511307,0.551718
1724,0.518183,0.471760
1109,0.546223,1.034417
1676,0.478232,0.332448
1251,0.552901,1.405386
1546,0.549116,1.374952
1892,0.538869,0.353216
1692,0.519249,0.266369
1785,0.495422,0.963683
1957,0.500280,0.549204
1188,0.540076,0.457678
1855,0.543475,0.359230
1559,0.509211,1.337239
1457,0.501111,0.371373
1664,0.520816,0.196870
1702,0.493808,0.280618
1067,0.522578,0.485034
1146,0.491821,0.359834
1058,0.542892,1.288381
1651,0.526855,0.761762
1874,0.526580,0.524489
1583,0.625456,1.313448
1502,0.553652,0.772618
1580,0.514943,0.526072
1369,0.598081,0.590341
1568,0.471375,0.451883
1614,0.534395,1.134055
1897,0.575657,1.112431
1217,0.624103,0.369378
1744,0.538863,1.245239
1279,0.547879,0.366521
1634,0.575406,0.685506
1038,0.551852,0.382892
1063,0.515248,0.404161
1348,0.492661,0.166827
1599,0.546464,0.895735
1736,0.512816,1.002523
1761,0.555870,1.146301
1529,0.504803,0.606146
1010,0.536185,0.680745
1156,0.553142,0.561016
1609,0.615094,0.852420
1510,0.552182,1.032582
1305,0.554952,0.764292
1525,0.500674,0.704714
1018,0.487452,0.381546
1749,0.613398,1.172635
1920,0.626853,0.991824
1982,0.529713,0.592395
1181,0.540727,1.044594
1863,0.541487,0.379425
1447,0.518201,0.399169
1830,0.696870,1.570972
1878,0.593818,1.149637
1947,0.540963,1.135175
1091,0.568301,0.901263
1314,0.631449,1.113644
1319,0.560583,0.581262
1518,0.546685,0.327505
1298,0.531487,0.381990
1530,0.543551,1.092440
1027,0.590247,0.732443
1797,0.570016,0.466343
1475,0.570360,0.604655
1847,0.580793,0.636324
1415,0.551986,0.186564
1991,0.609384,0.542029
1824,0.584599,0.892677
1607,0.512075,0.133218
1871,0.544070,0.535803
1783,0.617339,0.675636
1170,0.520418,0.763647
1791,0.492505,0.559279
1507,0.621330,0.725604
1596,0.558827,1.155946
1441,0.611479,0.921861
1925,0.568735,0.609426
1136,0.503709,0.400710
1151,0.667609,1.255660
1106,0.540528,1.103775
1548,0.567795,0.174719
1703,0.555691,0.847136
1639,0.596560,0.779573
1628,0.571866,0.378335
1092,0.560075,0.908741
1873,0.535500,0.659626
1719,0.680707,0.908673
1246,0.500277,0.035728
1704,0.588848,1.184467
1823,0.608708,0.486982
1516,0.570624,1.152090
1349,0.670523,1.348767
1395,0.529644,0.548840
1536,0.588870,0.978469
1407,0.578737,0.511091
1542,0.511628,1.259617
1185,0.632753,0.990922
1617,0.618627,0.329503
1721,0.538006,0.350036
1307,0.560847,0.741869
1368,0.547629,0.947245
1787,0.519164,0.799944
1860,0.614822,0.960588
1754,0.568657,0.835027
1888,0.542054,0.472281
1938,0.569612,0.363017
1053,0.647211,1.311953
1425,0.612711,0.820936
1473,0.608278,0.552086
1190,0.568184,1.062405
1385,0.607936,1.043166
1084,0.564995,0.531765
1093,0.586938,0.565115
1039,0.656082,0.976818
1278,0.529887,0.490402
1647,0.607160,0.745660
1420,0.678521,0.976990
1148,0.612737,1.030920
1120,0.647386,0.915043
1697,0.578816,0.648639
1406,0.561784,0.602524
1110,0.532770,0.346304
1469,0.650316,0.981978
1085,0.574435,0.780338
1762,0.562645,0.656423
1793,0.532906,0.565575
1351,0.562883,0.470233
1266,0.607666,0.364165
1194,0.540015,0.360415
1815,0.536783,1.065027
1735,0.609908,0.760483
1220,0.553846,0.490591
1899,0.550036,0.969032
1399,0.543929,0.667081
1032,0.531121,0.492844
1308,0.607108,0.671782
1835,0.566568,0.480066
1527,0.530110,2.666362
1963,0.611007,0.369478
1001,0.525613,0.712313
1901,0.539671,0.683394
1422,0.571529,0.810318
1436,0.711985,0.969955
1366,0.578451,0.569697
1271,0.623931,0.453477
1280,0.632210,1.054956
1127,0.566496,0.558776
1139,0.589093,0.954119
1070,0.578837,1.884433
1291,0.566122,0.921083
1295,0.598020,0.503350
1358,0.613749,0.480927
1745,0.597310,0.177660
1575,0.614021,0.512515
1718,0.644396,1.200579
1695,0.694779,0.917113
1304,0.564441,0.537630
1201,0.562274,0.549290
1742,0.640422,0.885797
1470,0.591589,0.609502
1463,0.637052,0.551037
1036,0.563757,0.712486
1924,0.728553,0.769896
1041,0.605102,0.509352
1904,0.570582,0.541402
1604,0.603657,0.791890
1852,0.562276,0.624368
1819,0.538775,0.531409
1534,0.614783,0.861069
1993,0.605888,0.499945
1182,0.584502,0.734967
1506,0.562196,0.535263
1829,0.594579,0.289322
1976,0.657775,1.054065
1962,0.589082,1.036842
1786,0.643198,0.655722
1720,0.574534,0.510627
1870,0.626759,0.345543
1850,0.738620,1.919632
1509,0.588746,0.334124
1933,0.618481,0.862806
1357,0.629407,1.093707
1175,0.624090,0.392818
1132,0.669453,0.608892
1711,0.603480,0.426923
1887,0.704016,0.518941
1944,0.589620,1.131254
1048,0.712270,0.471078
1033,0.670330,0.264983
1602,0.597283,0.268816
1877,0.666289,1.141512
1909,0.757314,1.453193
1437,0.697534,0.573445
1939,0.620371,0.594783
1774,0.620014,0.944803
1640,0.688287,0.511043
1513,0.735628,1.022671
1657,0.679172,0.922190
1759,0.709708,1.555676
1964,0.797144,0.969669
1099,0.698038,0.104026
Average Cost: 12.154000
Accuracy: 99.600000
Accuracy 0: 100.000000
Cost 0: 8.000000
Accuracy 1: 100.000000
Cost 1: 8.000000
Accuracy 2: 100.000000
Cost 2: 8.000000
Accuracy 3: 100.000000
Cost 3: 8.000000
Accuracy 4: 100.000000
Cost 4: 8.000000
Accuracy 5: 100.000000
Cost 5: 8.000000
Accuracy 6: 100.000000
Cost 6: 8.000000
Accuracy 7: 100.000000
Cost 7: 8.000000
Accuracy 8: 100.000000
Cost 8: 8.000000
Accuracy 9: 100.000000
Cost 9: 8.000000
