Number of Worker Pools: 1
Number of Workers in Pool 1: 17
Original mean,standardDev for Pool 1: 4.000000,0.500000
Number of Workers in Pool 2: 17
Original mean,standardDev for Pool 2: 4.000000,0.500000
Number of Problems: 160
ProblemNo,Answer,TrueAnswer,Cost,Difficulty,TrueDifficulty
0,1,1,12.000000,0.400000,0.500000
1,1,1,11.000000,0.700000,0.500000
2,0,0,9.000000,0.100000,0.500000
3,0,0,10.000000,0.300000,0.500000
4,0,1,25.000000,0.700000,0.500000
5,1,1,10.000000,0.300000,0.500000
6,1,1,12.000000,0.400000,0.500000
7,0,0,9.000000,0.100000,0.500000
8,0,0,16.000000,0.400000,0.500000
9,1,1,21.000000,0.600000,0.500000
10,0,0,9.000000,0.100000,0.500000
11,0,0,18.000000,0.900000,0.500000
12,1,1,15.000000,0.700000,0.500000
13,1,1,15.000000,0.500000,0.500000
14,1,1,17.000000,0.600000,0.500000
15,1,0,10.000000,0.900000,0.500000
16,1,1,10.000000,0.300000,0.500000
17,0,0,10.000000,0.800000,0.500000
18,1,1,16.000000,0.900000,0.500000
19,0,0,10.000000,0.600000,0.500000
20,0,1,16.000000,0.900000,0.500000
21,1,1,11.000000,0.600000,0.500000
22,1,1,8.000000,0.000000,0.500000
23,0,0,10.000000,0.400000,0.500000
24,0,0,10.000000,0.400000,0.500000
25,1,1,10.000000,0.300000,0.500000
26,0,1,16.000000,0.900000,0.500000
27,1,0,32.000000,0.500000,0.500000
28,1,1,10.000000,0.300000,0.500000
29,1,1,14.000000,0.500000,0.500000
30,0,0,16.000000,0.800000,0.500000
31,0,0,10.000000,0.300000,0.500000
32,1,1,10.000000,0.300000,0.500000
33,1,0,22.000000,0.900000,0.500000
34,0,0,23.000000,0.700000,0.500000
35,0,0,9.000000,0.100000,0.500000
36,1,1,10.000000,0.500000,0.500000
37,1,0,19.000000,0.900000,0.500000
38,1,1,9.000000,0.100000,0.500000
39,0,0,10.000000,0.600000,0.500000
40,1,1,10.000000,0.600000,0.500000
41,0,1,10.000000,0.400000,0.500000
42,0,0,13.000000,0.600000,0.500000
43,0,0,10.000000,0.300000,0.500000
44,1,0,10.000000,0.600000,0.500000
45,0,0,17.000000,0.800000,0.500000
46,1,1,9.000000,0.100000,0.500000
47,1,1,10.000000,0.900000,0.500000
48,1,1,16.000000,0.600000,0.500000
49,1,1,11.000000,0.600000,0.500000
50,0,0,9.000000,0.100000,0.500000
51,1,1,11.000000,0.700000,0.500000
52,0,0,10.000000,0.300000,0.500000
53,1,1,9.000000,0.100000,0.500000
54,1,1,10.000000,0.400000,0.500000
55,1,1,8.000000,0.000000,0.500000
56,1,1,18.000000,0.500000,0.500000
57,1,1,13.000000,0.600000,0.500000
58,1,1,8.000000,0.000000,0.500000
59,0,1,10.000000,0.500000,0.500000
60,0,0,10.000000,0.600000,0.500000
61,1,1,16.000000,0.500000,0.500000
62,0,0,12.000000,0.400000,0.500000
63,0,0,23.000000,0.400000,0.500000
64,1,1,11.000000,0.800000,0.500000
65,0,1,31.000000,0.500000,0.500000
66,0,0,10.000000,0.400000,0.500000
67,0,0,10.000000,0.300000,0.500000
68,0,0,21.000000,0.900000,0.500000
69,0,0,10.000000,0.800000,0.500000
70,0,0,10.000000,0.700000,0.500000
71,1,1,10.000000,0.500000,0.500000
72,0,0,11.000000,0.600000,0.500000
73,1,1,10.000000,0.400000,0.500000
74,0,0,10.000000,0.300000,0.500000
75,1,1,11.000000,0.600000,0.500000
76,0,0,10.000000,0.300000,0.500000
77,0,0,8.000000,0.000000,0.500000
78,0,0,12.000000,0.400000,0.500000
79,1,1,13.000000,0.500000,0.500000
80,1,1,10.000000,0.400000,0.500000
81,1,1,10.000000,0.900000,0.500000
82,0,0,16.000000,0.600000,0.500000
83,0,0,14.000000,0.400000,0.500000
84,1,1,13.000000,0.400000,0.500000
85,1,0,24.000000,0.500000,0.500000
86,1,1,10.000000,0.600000,0.500000
87,1,1,8.000000,0.000000,0.500000
88,0,0,10.000000,0.300000,0.500000
89,0,0,10.000000,0.300000,0.500000
90,0,1,13.000000,0.900000,0.500000
91,1,1,11.000000,0.600000,0.500000
92,0,0,12.000000,0.700000,0.500000
93,1,1,12.000000,0.600000,0.500000
94,1,1,16.000000,0.600000,0.500000
95,1,1,21.000000,0.400000,0.500000
96,0,0,10.000000,0.400000,0.500000
97,0,0,10.000000,0.400000,0.500000
98,1,0,16.000000,0.800000,0.500000
99,0,0,10.000000,0.300000,0.500000
100,1,1,11.000000,0.600000,0.500000
101,1,1,19.000000,0.900000,0.500000
102,1,1,10.000000,0.400000,0.500000
103,0,1,14.000000,0.800000,0.500000
104,1,1,11.000000,0.700000,0.500000
105,0,0,10.000000,0.700000,0.500000
106,0,0,10.000000,0.500000,0.500000
107,1,1,24.000000,0.600000,0.500000
108,0,0,10.000000,0.800000,0.500000
109,1,1,14.000000,0.600000,0.500000
110,1,1,22.000000,0.400000,0.500000
111,1,1,10.000000,0.300000,0.500000
112,0,0,10.000000,0.600000,0.500000
113,0,0,10.000000,0.300000,0.500000
114,0,0,26.000000,0.600000,0.500000
115,0,0,13.000000,0.200000,0.500000
116,1,1,19.000000,0.600000,0.500000
117,1,1,13.000000,0.800000,0.500000
118,0,1,10.000000,0.600000,0.500000
119,0,1,32.000000,0.500000,0.500000
120,1,1,10.000000,0.900000,0.500000
121,0,1,27.000000,0.500000,0.500000
122,1,1,10.000000,0.600000,0.500000
123,0,1,11.000000,0.300000,0.500000
124,1,1,9.000000,0.100000,0.500000
125,1,1,10.000000,0.700000,0.500000
126,1,1,19.000000,0.900000,0.500000
127,1,1,23.000000,0.500000,0.500000
128,0,0,18.000000,0.900000,0.500000
129,1,0,12.000000,0.900000,0.500000
130,0,0,8.000000,0.000000,0.500000
131,1,0,16.000000,0.900000,0.500000
132,0,1,21.000000,0.900000,0.500000
133,0,0,10.000000,0.600000,0.500000
134,1,1,8.000000,0.000000,0.500000
135,0,1,11.000000,0.900000,0.500000
136,1,1,12.000000,0.400000,0.500000
137,1,1,12.000000,0.400000,0.500000
138,0,0,10.000000,0.300000,0.500000
139,1,1,19.000000,0.700000,0.500000
140,1,1,10.000000,0.300000,0.500000
141,0,0,10.000000,0.600000,0.500000
142,0,0,10.000000,0.900000,0.500000
143,0,1,11.000000,0.900000,0.500000
144,0,0,10.000000,0.400000,0.500000
145,1,1,15.000000,0.600000,0.500000
146,0,0,10.000000,0.300000,0.500000
147,0,0,10.000000,0.600000,0.500000
148,0,0,12.000000,0.700000,0.500000
149,0,0,10.000000,0.300000,0.500000
150,1,0,10.000000,0.900000,0.500000
151,1,1,11.000000,0.600000,0.500000
152,1,1,16.000000,0.700000,0.500000
153,0,0,13.000000,0.900000,0.500000
154,1,1,10.000000,0.300000,0.500000
155,1,0,21.000000,0.900000,0.500000
156,1,1,9.000000,0.100000,0.500000
157,1,1,9.000000,0.100000,0.500000
158,1,1,11.000000,0.300000,0.500000
159,1,1,23.000000,0.500000,0.500000
WorkerID,Gamma,TrueGamma
15,1.005298,3.635932
9,0.741335,1.557166
5,0.698728,0.512519
0,1.038693,2.483514
1,0.977331,1.386529
14,0.803839,1.658249
11,1.112978,3.824346
10,0.513276,0.844658
13,1.004611,2.112802
3,0.849363,1.775586
4,0.950954,1.235856
16,1.125573,3.993421
12,1.056799,3.435585
6,0.821678,2.526740
2,1.036402,2.949348
7,0.816930,1.240780
8,1.042271,3.424711
Average Cost: 13.075000
Accuracy: 83.750000
Accuracy 0: 100.000000
Cost 0: 8.300000
Accuracy 1: 100.000000
Cost 1: 9.200000
Accuracy 2: 100.000000
Cost 2: 10.000000
Accuracy 3: 100.000000
Cost 3: 10.000000
Accuracy 4: 100.000000
Cost 4: 10.000000
Accuracy 5: 100.000000
Cost 5: 10.000000
Accuracy 6: 100.000000
Cost 6: 10.000000
Accuracy 7: 100.000000
Cost 7: 10.100000
Accuracy 8: 100.000000
Cost 8: 11.000000
Accuracy 9: 100.000000
Cost 9: 11.600000
