Number of Worker Pools: 2
Number of Workers in Pool 1: 1000
Original mean,standardDev for Pool 1: 4.000000,0.300000
Number of Workers in Pool 2: 1000
Original mean,standardDev for Pool 2: 3.500000,0.200000
Number of Problems: 1000
ProblemNo,Answer,TrueAnswer,Cost,Difficulty,TrueDifficulty
0,0,0,6.000000,0.000000,0.500000
1,1,1,9.000000,0.500000,0.500000
2,0,0,9.000000,0.500000,0.500000
3,1,1,6.000000,0.000000,0.500000
4,0,0,6.000000,0.000000,0.500000
5,1,1,9.000000,0.500000,0.500000
6,1,1,6.000000,0.000000,0.500000
7,0,0,6.000000,0.000000,0.500000
8,1,1,6.000000,0.000000,0.500000
9,0,0,6.000000,0.000000,0.500000
10,1,1,6.000000,0.000000,0.500000
11,1,1,12.000000,0.800000,0.500000
12,1,1,10.000000,0.600000,0.500000
13,1,1,8.000000,0.700000,0.500000
14,1,1,6.000000,0.000000,0.500000
15,0,0,8.000000,0.700000,0.500000
16,0,0,6.000000,0.000000,0.500000
17,1,1,14.000000,0.800000,0.500000
18,1,1,6.000000,0.000000,0.500000
19,1,1,8.000000,0.700000,0.500000
20,0,0,6.000000,0.000000,0.500000
21,1,1,6.000000,0.000000,0.500000
22,1,1,8.000000,0.700000,0.500000
23,0,0,6.000000,0.000000,0.500000
24,0,0,12.000000,0.800000,0.500000
25,1,1,9.000000,0.500000,0.500000
26,1,1,8.000000,0.700000,0.500000
27,0,0,6.000000,0.000000,0.500000
28,1,1,8.000000,0.700000,0.500000
29,0,0,8.000000,0.700000,0.500000
30,1,1,6.000000,0.000000,0.500000
31,1,1,6.000000,0.000000,0.500000
32,1,1,8.000000,0.700000,0.500000
33,0,0,8.000000,0.700000,0.500000
34,0,0,6.000000,0.000000,0.500000
35,0,0,6.000000,0.000000,0.500000
36,0,0,12.000000,0.800000,0.500000
37,0,0,8.000000,0.700000,0.500000
38,0,0,6.000000,0.000000,0.500000
39,0,0,6.000000,0.000000,0.500000
40,1,1,6.000000,0.000000,0.500000
41,0,0,9.000000,0.500000,0.500000
42,1,1,6.000000,0.000000,0.500000
43,1,1,8.000000,0.700000,0.500000
44,0,0,8.000000,0.700000,0.500000
45,0,0,6.000000,0.000000,0.500000
46,0,0,8.000000,0.700000,0.500000
47,0,0,6.000000,0.000000,0.500000
48,1,1,8.000000,0.700000,0.500000
49,0,0,18.000000,0.900000,0.500000
50,1,1,8.000000,0.700000,0.500000
51,1,1,8.000000,0.700000,0.500000
52,1,1,8.000000,0.700000,0.500000
53,0,0,6.000000,0.000000,0.500000
54,1,1,6.000000,0.000000,0.500000
55,0,0,12.000000,0.800000,0.500000
56,1,1,6.000000,0.000000,0.500000
57,1,1,6.000000,0.000000,0.500000
58,0,0,12.000000,0.800000,0.500000
59,0,0,8.000000,0.700000,0.500000
60,1,1,16.000000,0.900000,0.500000
61,1,1,6.000000,0.000000,0.500000
62,0,0,6.000000,0.000000,0.500000
63,0,0,6.000000,0.000000,0.500000
64,0,0,14.000000,0.800000,0.500000
65,0,0,18.000000,0.900000,0.500000
66,0,0,6.000000,0.000000,0.500000
67,0,0,9.000000,0.500000,0.500000
68,0,0,6.000000,0.000000,0.500000
69,0,0,6.000000,0.000000,0.500000
70,1,1,8.000000,0.700000,0.500000
71,0,0,8.000000,0.700000,0.500000
72,1,1,6.000000,0.000000,0.500000
73,1,1,6.000000,0.000000,0.500000
74,1,1,8.000000,0.700000,0.500000
75,1,1,6.000000,0.000000,0.500000
76,0,0,8.000000,0.700000,0.500000
77,0,0,9.000000,0.500000,0.500000
78,1,1,8.000000,0.700000,0.500000
79,1,1,6.000000,0.000000,0.500000
80,1,1,6.000000,0.000000,0.500000
81,0,0,6.000000,0.000000,0.500000
82,0,0,9.000000,0.500000,0.500000
83,1,1,6.000000,0.000000,0.500000
84,0,0,8.000000,0.700000,0.500000
85,1,1,6.000000,0.000000,0.500000
86,0,0,6.000000,0.000000,0.500000
87,0,1,6.000000,0.000000,0.500000
88,1,1,6.000000,0.000000,0.500000
89,1,1,9.000000,0.500000,0.500000
90,1,1,6.000000,0.000000,0.500000
91,1,1,8.000000,0.700000,0.500000
92,0,0,12.000000,0.800000,0.500000
93,0,0,6.000000,0.000000,0.500000
94,0,0,8.000000,0.700000,0.500000
95,1,1,22.000000,0.900000,0.500000
96,1,1,8.000000,0.700000,0.500000
97,0,0,8.000000,0.700000,0.500000
98,0,0,6.000000,0.000000,0.500000
99,0,0,6.000000,0.000000,0.500000
100,1,1,6.000000,0.000000,0.500000
101,0,0,14.000000,0.800000,0.500000
102,1,1,6.000000,0.000000,0.500000
103,0,0,14.000000,0.800000,0.500000
104,1,1,6.000000,0.000000,0.500000
105,1,1,6.000000,0.000000,0.500000
106,1,1,6.000000,0.000000,0.500000
107,0,0,6.000000,0.000000,0.500000
108,1,1,8.000000,0.700000,0.500000
109,1,1,6.000000,0.000000,0.500000
110,0,0,12.000000,0.800000,0.500000
111,1,1,17.000000,0.900000,0.500000
112,0,0,6.000000,0.000000,0.500000
113,1,1,6.000000,0.000000,0.500000
114,1,1,6.000000,0.000000,0.500000
115,0,0,6.000000,0.000000,0.500000
116,0,0,8.000000,0.700000,0.500000
117,0,0,6.000000,0.000000,0.500000
118,0,0,6.000000,0.000000,0.500000
119,1,1,6.000000,0.000000,0.500000
120,1,1,9.000000,0.500000,0.500000
121,0,0,6.000000,0.000000,0.500000
122,1,1,6.000000,0.000000,0.500000
123,0,0,9.000000,0.500000,0.500000
124,1,1,6.000000,0.000000,0.500000
125,0,0,8.000000,0.700000,0.500000
126,0,0,6.000000,0.000000,0.500000
127,1,1,8.000000,0.700000,0.500000
128,0,0,8.000000,0.700000,0.500000
129,1,1,12.000000,0.800000,0.500000
130,0,0,8.000000,0.700000,0.500000
131,0,0,6.000000,0.000000,0.500000
132,0,0,6.000000,0.000000,0.500000
133,1,1,6.000000,0.000000,0.500000
134,1,1,6.000000,0.000000,0.500000
135,0,0,8.000000,0.700000,0.500000
136,1,1,6.000000,0.000000,0.500000
137,1,1,6.000000,0.000000,0.500000
138,0,0,6.000000,0.000000,0.500000
139,0,0,6.000000,0.000000,0.500000
140,0,0,6.000000,0.000000,0.500000
141,1,1,6.000000,0.000000,0.500000
142,0,0,6.000000,0.000000,0.500000
143,1,1,6.000000,0.000000,0.500000
144,0,0,6.000000,0.000000,0.500000
145,0,0,12.000000,0.800000,0.500000
146,0,0,9.000000,0.500000,0.500000
147,0,0,6.000000,0.000000,0.500000
148,1,1,6.000000,0.000000,0.500000
149,0,0,6.000000,0.000000,0.500000
150,0,0,9.000000,0.500000,0.500000
151,1,1,8.000000,0.700000,0.500000
152,1,1,10.000000,0.600000,0.500000
153,1,1,6.000000,0.000000,0.500000
154,0,0,6.000000,0.000000,0.500000
155,1,1,6.000000,0.000000,0.500000
156,1,1,6.000000,0.000000,0.500000
157,1,1,6.000000,0.000000,0.500000
158,0,0,6.000000,0.000000,0.500000
159,0,0,6.000000,0.000000,0.500000
160,0,0,6.000000,0.000000,0.500000
161,1,1,9.000000,0.500000,0.500000
162,1,1,6.000000,0.000000,0.500000
163,0,0,12.000000,0.800000,0.500000
164,1,1,18.000000,0.900000,0.500000
165,0,0,6.000000,0.000000,0.500000
166,0,0,8.000000,0.700000,0.500000
167,0,0,6.000000,0.000000,0.500000
168,0,0,6.000000,0.000000,0.500000
169,0,0,8.000000,0.700000,0.500000
170,1,1,6.000000,0.000000,0.500000
171,0,0,8.000000,0.700000,0.500000
172,0,0,6.000000,0.000000,0.500000
173,0,0,8.000000,0.700000,0.500000
174,0,0,11.000000,0.800000,0.500000
175,1,1,8.000000,0.700000,0.500000
176,0,0,6.000000,0.000000,0.500000
177,1,1,8.000000,0.700000,0.500000
178,0,0,6.000000,0.000000,0.500000
179,0,0,6.000000,0.000000,0.500000
180,1,1,6.000000,0.000000,0.500000
181,0,0,8.000000,0.700000,0.500000
182,0,0,16.000000,0.900000,0.500000
183,0,0,6.000000,0.000000,0.500000
184,0,0,14.000000,0.800000,0.500000
185,0,0,6.000000,0.000000,0.500000
186,0,0,8.000000,0.700000,0.500000
187,0,0,9.000000,0.500000,0.500000
188,1,1,6.000000,0.000000,0.500000
189,1,1,6.000000,0.000000,0.500000
190,1,1,8.000000,0.700000,0.500000
191,1,1,6.000000,0.000000,0.500000
192,0,0,6.000000,0.000000,0.500000
193,1,1,8.000000,0.700000,0.500000
194,0,0,8.000000,0.700000,0.500000
195,1,1,6.000000,0.000000,0.500000
196,1,1,6.000000,0.000000,0.500000
197,0,0,6.000000,0.000000,0.500000
198,0,0,22.000000,0.900000,0.500000
199,1,1,9.000000,0.500000,0.500000
200,1,1,14.000000,0.900000,0.500000
201,1,1,8.000000,0.700000,0.500000
202,0,0,8.000000,0.700000,0.500000
203,0,0,6.000000,0.000000,0.500000
204,0,0,6.000000,0.000000,0.500000
205,0,0,11.000000,0.700000,0.500000
206,0,0,8.000000,0.700000,0.500000
207,1,1,9.000000,0.500000,0.500000
208,0,0,6.000000,0.000000,0.500000
209,1,1,12.000000,0.800000,0.500000
210,1,1,18.000000,0.900000,0.500000
211,1,1,10.000000,0.600000,0.500000
212,1,1,12.000000,0.800000,0.500000
213,1,1,6.000000,0.000000,0.500000
214,1,1,6.000000,0.000000,0.500000
215,1,1,6.000000,0.000000,0.500000
216,1,1,6.000000,0.000000,0.500000
217,1,1,6.000000,0.000000,0.500000
218,0,0,6.000000,0.000000,0.500000
219,1,1,8.000000,0.700000,0.500000
220,1,1,8.000000,0.700000,0.500000
221,0,0,6.000000,0.000000,0.500000
222,1,1,6.000000,0.000000,0.500000
223,1,1,6.000000,0.000000,0.500000
224,1,1,8.000000,0.700000,0.500000
225,0,0,16.000000,0.900000,0.500000
226,0,0,6.000000,0.000000,0.500000
227,1,1,6.000000,0.000000,0.500000
228,1,1,11.000000,0.700000,0.500000
229,1,1,6.000000,0.000000,0.500000
230,0,0,6.000000,0.000000,0.500000
231,1,1,6.000000,0.000000,0.500000
232,1,1,6.000000,0.000000,0.500000
233,1,1,6.000000,0.000000,0.500000
234,0,0,6.000000,0.000000,0.500000
235,1,1,8.000000,0.700000,0.500000
236,0,0,6.000000,0.000000,0.500000
237,0,0,6.000000,0.000000,0.500000
238,0,0,8.000000,0.700000,0.500000
239,0,0,8.000000,0.700000,0.500000
240,0,0,8.000000,0.700000,0.500000
241,0,0,12.000000,0.800000,0.500000
242,1,1,8.000000,0.700000,0.500000
243,0,0,6.000000,0.000000,0.500000
244,0,0,14.000000,0.800000,0.500000
245,1,1,6.000000,0.000000,0.500000
246,1,1,6.000000,0.000000,0.500000
247,0,0,8.000000,0.700000,0.500000
248,1,1,16.000000,0.900000,0.500000
249,1,1,14.000000,0.800000,0.500000
250,0,0,12.000000,0.800000,0.500000
251,1,1,9.000000,0.500000,0.500000
252,1,1,6.000000,0.000000,0.500000
253,0,0,6.000000,0.000000,0.500000
254,1,1,8.000000,0.700000,0.500000
255,0,0,6.000000,0.000000,0.500000
256,1,1,8.000000,0.700000,0.500000
257,1,1,6.000000,0.000000,0.500000
258,1,1,6.000000,0.000000,0.500000
259,1,1,6.000000,0.000000,0.500000
260,0,0,8.000000,0.700000,0.500000
261,0,0,10.000000,0.900000,0.500000
262,1,1,6.000000,0.000000,0.500000
263,0,0,9.000000,0.500000,0.500000
264,0,0,9.000000,0.500000,0.500000
265,0,0,8.000000,0.700000,0.500000
266,1,1,6.000000,0.000000,0.500000
267,0,0,6.000000,0.000000,0.500000
268,1,1,6.000000,0.000000,0.500000
269,1,0,8.000000,0.700000,0.500000
270,1,1,6.000000,0.000000,0.500000
271,1,1,8.000000,0.700000,0.500000
272,0,0,14.000000,0.800000,0.500000
273,1,1,6.000000,0.000000,0.500000
274,1,1,8.000000,0.700000,0.500000
275,1,1,6.000000,0.000000,0.500000
276,1,1,8.000000,0.700000,0.500000
277,0,0,8.000000,0.700000,0.500000
278,1,1,6.000000,0.000000,0.500000
279,1,1,6.000000,0.000000,0.500000
280,1,1,6.000000,0.000000,0.500000
281,0,0,6.000000,0.000000,0.500000
282,1,1,6.000000,0.000000,0.500000
283,1,1,6.000000,0.000000,0.500000
284,1,1,6.000000,0.000000,0.500000
285,1,1,6.000000,0.000000,0.500000
286,0,0,6.000000,0.000000,0.500000
287,1,1,6.000000,0.000000,0.500000
288,0,0,8.000000,0.700000,0.500000
289,1,1,6.000000,0.000000,0.500000
290,1,1,6.000000,0.000000,0.500000
291,1,1,6.000000,0.000000,0.500000
292,1,1,6.000000,0.000000,0.500000
293,1,1,8.000000,0.700000,0.500000
294,1,1,9.000000,0.500000,0.500000
295,1,1,20.000000,0.900000,0.500000
296,1,1,10.000000,0.600000,0.500000
297,0,0,6.000000,0.000000,0.500000
298,0,0,6.000000,0.000000,0.500000
299,1,1,6.000000,0.000000,0.500000
300,1,1,14.000000,0.800000,0.500000
301,0,0,9.000000,0.500000,0.500000
302,1,1,8.000000,0.700000,0.500000
303,1,1,6.000000,0.000000,0.500000
304,0,0,10.000000,0.900000,0.500000
305,0,0,8.000000,0.700000,0.500000
306,0,0,8.000000,0.700000,0.500000
307,1,1,6.000000,0.000000,0.500000
308,1,1,8.000000,0.700000,0.500000
309,0,0,8.000000,0.700000,0.500000
310,0,0,8.000000,0.700000,0.500000
311,1,1,6.000000,0.000000,0.500000
312,1,1,9.000000,0.500000,0.500000
313,1,1,6.000000,0.000000,0.500000
314,1,1,6.000000,0.000000,0.500000
315,1,1,6.000000,0.000000,0.500000
316,1,1,16.000000,0.900000,0.500000
317,0,0,12.000000,0.800000,0.500000
318,1,1,6.000000,0.000000,0.500000
319,1,1,6.000000,0.000000,0.500000
320,1,1,6.000000,0.000000,0.500000
321,1,1,8.000000,0.700000,0.500000
322,1,1,6.000000,0.000000,0.500000
323,1,1,6.000000,0.000000,0.500000
324,0,0,9.000000,0.500000,0.500000
325,1,1,6.000000,0.000000,0.500000
326,1,1,8.000000,0.700000,0.500000
327,0,0,14.000000,1.000000,0.500000
328,1,1,6.000000,0.000000,0.500000
329,1,1,8.000000,0.700000,0.500000
330,0,0,8.000000,0.700000,0.500000
331,1,1,8.000000,0.700000,0.500000
332,0,0,9.000000,0.500000,0.500000
333,1,1,8.000000,0.700000,0.500000
334,0,0,8.000000,0.700000,0.500000
335,1,1,6.000000,0.000000,0.500000
336,1,1,16.000000,0.800000,0.500000
337,0,0,8.000000,0.700000,0.500000
338,1,1,8.000000,0.800000,0.500000
339,1,1,8.000000,0.700000,0.500000
340,0,0,9.000000,0.500000,0.500000
341,1,1,6.000000,0.000000,0.500000
342,1,1,9.000000,0.500000,0.500000
343,0,0,6.000000,0.000000,0.500000
344,1,1,8.000000,0.700000,0.500000
345,1,1,6.000000,0.000000,0.500000
346,0,0,12.000000,0.800000,0.500000
347,1,1,8.000000,0.700000,0.500000
348,0,0,6.000000,0.000000,0.500000
349,1,1,6.000000,0.000000,0.500000
350,1,1,8.000000,0.700000,0.500000
351,0,0,6.000000,0.000000,0.500000
352,1,1,20.000000,0.900000,0.500000
353,0,0,6.000000,0.000000,0.500000
354,0,0,6.000000,0.000000,0.500000
355,1,0,6.000000,0.000000,0.500000
356,0,0,6.000000,0.000000,0.500000
357,1,1,6.000000,0.000000,0.500000
358,0,0,6.000000,0.000000,0.500000
359,1,1,12.000000,0.800000,0.500000
360,1,1,9.000000,0.500000,0.500000
361,0,0,6.000000,0.000000,0.500000
362,0,0,8.000000,0.700000,0.500000
363,1,1,8.000000,0.700000,0.500000
364,1,1,6.000000,0.000000,0.500000
365,1,1,6.000000,0.000000,0.500000
366,0,0,6.000000,0.000000,0.500000
367,0,0,16.000000,0.900000,0.500000
368,1,1,8.000000,0.700000,0.500000
369,1,1,6.000000,0.000000,0.500000
370,1,1,9.000000,0.500000,0.500000
371,1,0,10.000000,0.900000,0.500000
372,1,1,8.000000,0.700000,0.500000
373,1,1,8.000000,0.700000,0.500000
374,0,0,6.000000,0.000000,0.500000
375,0,0,14.000000,0.800000,0.500000
376,0,0,6.000000,0.000000,0.500000
377,0,0,6.000000,0.000000,0.500000
378,1,1,6.000000,0.000000,0.500000
379,0,0,6.000000,0.000000,0.500000
380,1,1,8.000000,0.700000,0.500000
381,1,1,10.000000,0.600000,0.500000
382,0,0,8.000000,0.700000,0.500000
383,1,1,6.000000,0.000000,0.500000
384,0,0,8.000000,0.700000,0.500000
385,0,0,6.000000,0.000000,0.500000
386,0,0,18.000000,0.900000,0.500000
387,0,0,6.000000,0.000000,0.500000
388,0,0,6.000000,0.000000,0.500000
389,1,1,11.000000,0.800000,0.500000
390,0,0,6.000000,0.000000,0.500000
391,1,1,6.000000,0.000000,0.500000
392,0,0,6.000000,0.000000,0.500000
393,0,0,6.000000,0.000000,0.500000
394,0,0,6.000000,0.000000,0.500000
395,1,1,12.000000,0.800000,0.500000
396,0,0,6.000000,0.000000,0.500000
397,0,0,14.000000,1.000000,0.500000
398,1,1,6.000000,0.000000,0.500000
399,0,0,6.000000,0.000000,0.500000
400,0,0,9.000000,0.500000,0.500000
401,1,1,6.000000,0.000000,0.500000
402,0,0,14.000000,0.800000,0.500000
403,1,1,6.000000,0.000000,0.500000
404,0,0,6.000000,0.000000,0.500000
405,1,1,6.000000,0.000000,0.500000
406,1,1,14.000000,0.800000,0.500000
407,0,0,8.000000,0.700000,0.500000
408,0,0,6.000000,0.000000,0.500000
409,1,1,9.000000,0.500000,0.500000
410,0,0,6.000000,0.000000,0.500000
411,1,1,8.000000,0.700000,0.500000
412,1,1,6.000000,0.000000,0.500000
413,0,0,8.000000,0.700000,0.500000
414,1,1,18.000000,0.900000,0.500000
415,1,1,8.000000,0.700000,0.500000
416,1,1,6.000000,0.000000,0.500000
417,0,0,8.000000,0.700000,0.500000
418,1,1,6.000000,0.000000,0.500000
419,1,1,9.000000,0.500000,0.500000
420,1,1,6.000000,0.000000,0.500000
421,0,0,6.000000,0.000000,0.500000
422,1,1,6.000000,0.000000,0.500000
423,1,1,8.000000,0.700000,0.500000
424,0,0,6.000000,0.000000,0.500000
425,0,1,15.000000,0.900000,0.500000
426,1,1,6.000000,0.000000,0.500000
427,0,0,6.000000,0.000000,0.500000
428,1,1,8.000000,0.700000,0.500000
429,1,1,14.000000,0.800000,0.500000
430,1,1,8.000000,0.700000,0.500000
431,1,1,6.000000,0.000000,0.500000
432,1,1,6.000000,0.000000,0.500000
433,0,0,16.000000,0.900000,0.500000
434,1,1,6.000000,0.000000,0.500000
435,1,1,9.000000,0.500000,0.500000
436,1,1,6.000000,0.000000,0.500000
437,0,1,12.000000,0.800000,0.500000
438,0,0,6.000000,0.000000,0.500000
439,0,0,8.000000,0.700000,0.500000
440,0,0,6.000000,0.000000,0.500000
441,1,1,6.000000,0.000000,0.500000
442,1,1,6.000000,0.000000,0.500000
443,1,1,9.000000,0.500000,0.500000
444,0,0,12.000000,0.800000,0.500000
445,1,1,6.000000,0.000000,0.500000
446,0,0,6.000000,0.000000,0.500000
447,0,0,6.000000,0.000000,0.500000
448,1,1,18.000000,0.900000,0.500000
449,1,1,8.000000,0.700000,0.500000
450,1,1,8.000000,0.700000,0.500000
451,1,1,6.000000,0.000000,0.500000
452,0,0,6.000000,0.000000,0.500000
453,1,1,8.000000,0.700000,0.500000
454,0,0,12.000000,0.800000,0.500000
455,1,1,6.000000,0.000000,0.500000
456,0,0,6.000000,0.000000,0.500000
457,0,0,6.000000,0.000000,0.500000
458,1,1,12.000000,0.800000,0.500000
459,0,1,14.000000,0.800000,0.500000
460,1,1,6.000000,0.000000,0.500000
461,0,1,8.000000,0.700000,0.500000
462,0,0,6.000000,0.000000,0.500000
463,0,0,6.000000,0.000000,0.500000
464,1,1,22.000000,0.900000,0.500000
465,0,0,6.000000,0.000000,0.500000
466,0,0,6.000000,0.000000,0.500000
467,0,0,10.000000,0.600000,0.500000
468,1,1,6.000000,0.000000,0.500000
469,0,0,6.000000,0.000000,0.500000
470,0,0,6.000000,0.000000,0.500000
471,0,0,8.000000,0.700000,0.500000
472,1,1,6.000000,0.000000,0.500000
473,1,1,10.000000,0.600000,0.500000
474,1,1,6.000000,0.000000,0.500000
475,0,0,6.000000,0.000000,0.500000
476,1,1,6.000000,0.000000,0.500000
477,0,0,8.000000,0.700000,0.500000
478,0,0,6.000000,0.000000,0.500000
479,1,1,9.000000,0.500000,0.500000
480,0,0,6.000000,0.000000,0.500000
481,1,1,8.000000,0.700000,0.500000
482,1,1,8.000000,0.700000,0.500000
483,0,0,6.000000,0.000000,0.500000
484,0,0,6.000000,0.000000,0.500000
485,0,0,6.000000,0.000000,0.500000
486,0,0,6.000000,0.000000,0.500000
487,0,0,8.000000,0.700000,0.500000
488,1,1,6.000000,0.000000,0.500000
489,1,1,6.000000,0.000000,0.500000
490,0,0,6.000000,0.000000,0.500000
491,1,1,6.000000,0.000000,0.500000
492,1,1,12.000000,0.800000,0.500000
493,0,0,6.000000,0.000000,0.500000
494,0,0,8.000000,0.700000,0.500000
495,1,1,6.000000,0.000000,0.500000
496,1,1,6.000000,0.000000,0.500000
497,0,0,6.000000,0.000000,0.500000
498,1,1,6.000000,0.000000,0.500000
499,1,1,6.000000,0.000000,0.500000
500,0,0,6.000000,0.000000,0.500000
501,0,0,6.000000,0.000000,0.500000
502,1,1,6.000000,0.000000,0.500000
503,1,0,16.000000,0.900000,0.500000
504,0,0,6.000000,0.000000,0.500000
505,0,0,6.000000,0.000000,0.500000
506,0,0,6.000000,0.000000,0.500000
507,0,0,6.000000,0.000000,0.500000
508,1,1,6.000000,0.000000,0.500000
509,0,0,8.000000,0.700000,0.500000
510,1,1,8.000000,0.700000,0.500000
511,0,0,6.000000,0.000000,0.500000
512,1,1,8.000000,0.700000,0.500000
513,0,0,6.000000,0.000000,0.500000
514,0,0,6.000000,0.000000,0.500000
515,1,1,6.000000,0.000000,0.500000
516,1,1,6.000000,0.000000,0.500000
517,0,0,6.000000,0.000000,0.500000
518,0,0,6.000000,0.000000,0.500000
519,1,1,8.000000,0.700000,0.500000
520,0,0,6.000000,0.000000,0.500000
521,0,0,8.000000,0.700000,0.500000
522,0,0,6.000000,0.000000,0.500000
523,1,1,9.000000,0.500000,0.500000
524,1,1,6.000000,0.000000,0.500000
525,0,0,22.000000,0.900000,0.500000
526,1,1,8.000000,0.700000,0.500000
527,1,1,6.000000,0.000000,0.500000
528,1,1,9.000000,0.500000,0.500000
529,1,1,6.000000,0.000000,0.500000
530,0,0,14.000000,0.800000,0.500000
531,1,1,9.000000,0.500000,0.500000
532,1,1,11.000000,0.800000,0.500000
533,0,0,8.000000,0.700000,0.500000
534,0,0,6.000000,0.000000,0.500000
535,0,0,8.000000,0.700000,0.500000
536,0,0,6.000000,0.000000,0.500000
537,1,1,9.000000,0.500000,0.500000
538,0,0,6.000000,0.000000,0.500000
539,0,0,6.000000,0.000000,0.500000
540,0,0,6.000000,0.000000,0.500000
541,1,1,6.000000,0.000000,0.500000
542,1,1,6.000000,0.000000,0.500000
543,0,1,8.000000,0.700000,0.500000
544,0,0,6.000000,0.000000,0.500000
545,1,1,6.000000,0.000000,0.500000
546,1,0,6.000000,0.000000,0.500000
547,1,1,6.000000,0.000000,0.500000
548,0,0,8.000000,0.700000,0.500000
549,0,0,12.000000,0.800000,0.500000
550,1,1,6.000000,0.000000,0.500000
551,0,0,6.000000,0.000000,0.500000
552,1,1,6.000000,0.000000,0.500000
553,0,0,6.000000,0.000000,0.500000
554,1,1,6.000000,0.000000,0.500000
555,0,0,6.000000,0.000000,0.500000
556,1,1,6.000000,0.000000,0.500000
557,1,1,6.000000,0.000000,0.500000
558,1,1,6.000000,0.000000,0.500000
559,1,1,8.000000,0.700000,0.500000
560,1,1,8.000000,0.700000,0.500000
561,0,0,6.000000,0.000000,0.500000
562,1,1,6.000000,0.000000,0.500000
563,0,0,12.000000,0.800000,0.500000
564,0,1,6.000000,0.000000,0.500000
565,0,0,12.000000,0.800000,0.500000
566,0,0,8.000000,0.700000,0.500000
567,0,0,8.000000,0.700000,0.500000
568,1,1,6.000000,0.000000,0.500000
569,0,0,6.000000,0.000000,0.500000
570,1,1,8.000000,0.700000,0.500000
571,0,0,6.000000,0.000000,0.500000
572,0,0,6.000000,0.000000,0.500000
573,1,1,17.000000,0.900000,0.500000
574,0,0,6.000000,0.000000,0.500000
575,0,0,22.000000,0.900000,0.500000
576,1,1,6.000000,0.000000,0.500000
577,1,1,8.000000,0.700000,0.500000
578,0,0,8.000000,0.700000,0.500000
579,0,0,6.000000,0.000000,0.500000
580,0,0,14.000000,0.800000,0.500000
581,0,0,8.000000,0.700000,0.500000
582,1,0,6.000000,0.000000,0.500000
583,0,0,9.000000,0.500000,0.500000
584,1,1,6.000000,0.000000,0.500000
585,0,0,14.000000,0.800000,0.500000
586,0,0,6.000000,0.000000,0.500000
587,1,1,8.000000,0.700000,0.500000
588,0,0,6.000000,0.000000,0.500000
589,0,0,6.000000,0.000000,0.500000
590,0,0,14.000000,0.800000,0.500000
591,0,0,14.000000,0.900000,0.500000
592,1,1,6.000000,0.000000,0.500000
593,0,0,11.000000,0.800000,0.500000
594,0,0,6.000000,0.000000,0.500000
595,0,0,8.000000,0.700000,0.500000
596,1,1,8.000000,0.700000,0.500000
597,0,0,6.000000,0.000000,0.500000
598,1,1,8.000000,0.700000,0.500000
599,0,0,6.000000,0.000000,0.500000
600,1,1,8.000000,0.700000,0.500000
601,0,0,8.000000,0.700000,0.500000
602,0,0,8.000000,0.700000,0.500000
603,0,0,6.000000,0.000000,0.500000
604,0,0,6.000000,0.000000,0.500000
605,0,0,6.000000,0.000000,0.500000
606,1,1,8.000000,0.700000,0.500000
607,1,1,8.000000,0.700000,0.500000
608,0,0,6.000000,0.000000,0.500000
609,1,1,6.000000,0.000000,0.500000
610,0,0,6.000000,0.000000,0.500000
611,1,1,6.000000,0.000000,0.500000
612,0,0,6.000000,0.000000,0.500000
613,0,0,6.000000,0.000000,0.500000
614,1,1,6.000000,0.000000,0.500000
615,1,1,6.000000,0.000000,0.500000
616,1,1,8.000000,0.700000,0.500000
617,0,0,6.000000,0.000000,0.500000
618,0,0,6.000000,0.000000,0.500000
619,0,0,6.000000,0.000000,0.500000
620,1,1,6.000000,0.000000,0.500000
621,1,0,6.000000,0.000000,0.500000
622,1,1,8.000000,0.700000,0.500000
623,1,1,6.000000,0.000000,0.500000
624,1,1,10.000000,0.600000,0.500000
625,0,0,8.000000,0.700000,0.500000
626,1,1,6.000000,0.000000,0.500000
627,0,0,16.000000,0.900000,0.500000
628,1,1,6.000000,0.000000,0.500000
629,0,0,8.000000,0.700000,0.500000
630,0,0,8.000000,0.700000,0.500000
631,1,1,14.000000,0.800000,0.500000
632,1,1,6.000000,0.000000,0.500000
633,0,0,8.000000,0.700000,0.500000
634,0,0,6.000000,0.000000,0.500000
635,1,1,8.000000,0.700000,0.500000
636,1,1,6.000000,0.000000,0.500000
637,0,1,14.000000,0.900000,0.500000
638,1,0,8.000000,0.700000,0.500000
639,1,1,6.000000,0.000000,0.500000
640,1,1,6.000000,0.000000,0.500000
641,0,0,8.000000,0.700000,0.500000
642,1,1,8.000000,0.700000,0.500000
643,0,0,14.000000,0.800000,0.500000
644,0,0,8.000000,0.700000,0.500000
645,1,1,6.000000,0.000000,0.500000
646,0,0,6.000000,0.000000,0.500000
647,1,1,6.000000,0.000000,0.500000
648,1,1,6.000000,0.000000,0.500000
649,0,0,6.000000,0.000000,0.500000
650,0,0,6.000000,0.000000,0.500000
651,0,0,16.000000,0.900000,0.500000
652,0,0,6.000000,0.000000,0.500000
653,1,1,6.000000,0.000000,0.500000
654,0,0,8.000000,0.700000,0.500000
655,0,0,16.000000,1.000000,0.500000
656,1,1,8.000000,0.700000,0.500000
657,0,0,8.000000,0.700000,0.500000
658,1,1,6.000000,0.000000,0.500000
659,0,0,6.000000,0.000000,0.500000
660,0,0,6.000000,0.000000,0.500000
661,1,1,6.000000,0.000000,0.500000
662,0,1,10.000000,0.900000,0.500000
663,1,1,8.000000,0.700000,0.500000
664,0,0,6.000000,0.000000,0.500000
665,0,0,8.000000,0.700000,0.500000
666,0,0,14.000000,0.900000,0.500000
667,1,1,9.000000,0.500000,0.500000
668,1,1,8.000000,0.700000,0.500000
669,1,1,6.000000,0.000000,0.500000
670,1,1,6.000000,0.000000,0.500000
671,0,0,6.000000,0.000000,0.500000
672,0,0,14.000000,0.800000,0.500000
673,0,0,14.000000,0.800000,0.500000
674,1,1,6.000000,0.000000,0.500000
675,1,1,6.000000,0.000000,0.500000
676,0,0,6.000000,0.000000,0.500000
677,0,0,8.000000,0.700000,0.500000
678,1,1,6.000000,0.000000,0.500000
679,1,1,6.000000,0.000000,0.500000
680,0,1,8.000000,0.700000,0.500000
681,1,0,6.000000,0.000000,0.500000
682,0,0,8.000000,0.700000,0.500000
683,1,1,6.000000,0.000000,0.500000
684,0,0,9.000000,0.500000,0.500000
685,1,1,16.000000,0.900000,0.500000
686,1,1,8.000000,0.700000,0.500000
687,1,1,6.000000,0.000000,0.500000
688,1,1,6.000000,0.000000,0.500000
689,0,0,8.000000,0.700000,0.500000
690,0,0,6.000000,0.000000,0.500000
691,0,0,11.000000,0.800000,0.500000
692,1,1,8.000000,0.700000,0.500000
693,0,0,6.000000,0.000000,0.500000
694,1,1,6.000000,0.000000,0.500000
695,0,0,12.000000,0.800000,0.500000
696,0,0,8.000000,0.700000,0.500000
697,1,1,8.000000,0.700000,0.500000
698,1,1,6.000000,0.000000,0.500000
699,1,1,6.000000,0.000000,0.500000
700,1,1,6.000000,0.000000,0.500000
701,0,0,8.000000,0.700000,0.500000
702,1,1,12.000000,0.800000,0.500000
703,1,1,18.000000,0.900000,0.500000
704,1,1,20.000000,0.900000,0.500000
705,1,1,8.000000,0.700000,0.500000
706,1,1,6.000000,0.000000,0.500000
707,1,1,6.000000,0.000000,0.500000
708,1,1,8.000000,0.700000,0.500000
709,1,1,6.000000,0.000000,0.500000
710,1,1,8.000000,0.700000,0.500000
711,1,1,8.000000,0.700000,0.500000
712,1,1,6.000000,0.000000,0.500000
713,1,1,18.000000,0.900000,0.500000
714,0,0,6.000000,0.000000,0.500000
715,0,0,8.000000,0.700000,0.500000
716,0,0,6.000000,0.000000,0.500000
717,1,1,6.000000,0.000000,0.500000
718,1,1,6.000000,0.000000,0.500000
719,1,1,8.000000,0.700000,0.500000
720,0,0,6.000000,0.000000,0.500000
721,0,0,12.000000,0.800000,0.500000
722,0,0,6.000000,0.000000,0.500000
723,0,0,6.000000,0.000000,0.500000
724,1,1,6.000000,0.000000,0.500000
725,1,1,6.000000,0.000000,0.500000
726,0,0,8.000000,0.700000,0.500000
727,1,1,6.000000,0.000000,0.500000
728,1,1,8.000000,0.700000,0.500000
729,0,0,6.000000,0.000000,0.500000
730,1,1,16.000000,0.900000,0.500000
731,1,1,14.000000,0.800000,0.500000
732,0,0,6.000000,0.000000,0.500000
733,1,1,10.000000,0.600000,0.500000
734,0,0,6.000000,0.000000,0.500000
735,0,0,6.000000,0.000000,0.500000
736,0,0,8.000000,0.700000,0.500000
737,1,1,8.000000,0.700000,0.500000
738,1,1,6.000000,0.000000,0.500000
739,1,1,6.000000,0.000000,0.500000
740,0,0,6.000000,0.000000,0.500000
741,0,0,6.000000,0.000000,0.500000
742,1,1,8.000000,0.700000,0.500000
743,0,0,8.000000,0.700000,0.500000
744,0,0,6.000000,0.000000,0.500000
745,1,1,6.000000,0.000000,0.500000
746,1,1,6.000000,0.000000,0.500000
747,1,1,12.000000,0.800000,0.500000
748,1,1,12.000000,0.800000,0.500000
749,0,0,6.000000,0.000000,0.500000
750,0,0,11.000000,0.800000,0.500000
751,0,0,6.000000,0.000000,0.500000
752,1,1,6.000000,0.000000,0.500000
753,1,1,8.000000,0.700000,0.500000
754,0,0,8.000000,0.700000,0.500000
755,0,0,6.000000,0.000000,0.500000
756,0,0,6.000000,0.000000,0.500000
757,1,1,18.000000,0.900000,0.500000
758,0,0,6.000000,0.000000,0.500000
759,0,0,9.000000,0.500000,0.500000
760,1,1,6.000000,0.000000,0.500000
761,0,0,8.000000,0.700000,0.500000
762,1,1,6.000000,0.000000,0.500000
763,0,0,6.000000,0.000000,0.500000
764,0,0,6.000000,0.000000,0.500000
765,1,1,6.000000,0.000000,0.500000
766,1,1,6.000000,0.000000,0.500000
767,0,0,8.000000,0.700000,0.500000
768,0,0,6.000000,0.000000,0.500000
769,1,1,6.000000,0.000000,0.500000
770,1,1,6.000000,0.000000,0.500000
771,1,1,8.000000,0.700000,0.500000
772,0,0,9.000000,0.500000,0.500000
773,0,0,8.000000,0.700000,0.500000
774,0,0,8.000000,0.700000,0.500000
775,0,0,14.000000,0.800000,0.500000
776,1,1,8.000000,0.700000,0.500000
777,0,0,6.000000,0.000000,0.500000
778,1,1,6.000000,0.000000,0.500000
779,0,0,22.000000,0.900000,0.500000
780,0,0,12.000000,0.800000,0.500000
781,1,1,6.000000,0.000000,0.500000
782,1,1,11.000000,0.800000,0.500000
783,0,0,8.000000,0.700000,0.500000
784,0,0,8.000000,0.700000,0.500000
785,0,0,8.000000,0.700000,0.500000
786,0,0,9.000000,0.500000,0.500000
787,0,0,9.000000,0.500000,0.500000
788,0,0,8.000000,0.700000,0.500000
789,0,0,6.000000,0.000000,0.500000
790,1,1,6.000000,0.000000,0.500000
791,1,1,16.000000,0.900000,0.500000
792,0,0,6.000000,0.000000,0.500000
793,0,0,6.000000,0.000000,0.500000
794,1,1,8.000000,0.700000,0.500000
795,1,1,9.000000,0.500000,0.500000
796,0,1,6.000000,0.000000,0.500000
797,1,1,6.000000,0.000000,0.500000
798,0,0,9.000000,0.500000,0.500000
799,0,0,6.000000,0.000000,0.500000
800,1,1,14.000000,0.900000,0.500000
801,1,1,8.000000,0.700000,0.500000
802,0,0,18.000000,0.900000,0.500000
803,0,0,8.000000,0.700000,0.500000
804,1,1,6.000000,0.000000,0.500000
805,1,1,8.000000,0.700000,0.500000
806,1,1,6.000000,0.000000,0.500000
807,1,1,6.000000,0.000000,0.500000
808,1,1,6.000000,0.000000,0.500000
809,0,0,6.000000,0.000000,0.500000
810,1,1,6.000000,0.000000,0.500000
811,0,0,6.000000,0.000000,0.500000
812,1,1,8.000000,0.700000,0.500000
813,0,0,21.000000,0.900000,0.500000
814,1,1,6.000000,0.000000,0.500000
815,1,1,14.000000,0.800000,0.500000
816,1,1,14.000000,0.800000,0.500000
817,1,1,8.000000,0.700000,0.500000
818,0,0,6.000000,0.000000,0.500000
819,0,0,6.000000,0.000000,0.500000
820,1,1,6.000000,0.000000,0.500000
821,0,0,6.000000,0.000000,0.500000
822,0,0,6.000000,0.000000,0.500000
823,1,1,8.000000,0.700000,0.500000
824,1,1,20.000000,0.900000,0.500000
825,1,0,8.000000,0.700000,0.500000
826,1,1,8.000000,0.700000,0.500000
827,0,0,9.000000,0.500000,0.500000
828,1,1,6.000000,0.000000,0.500000
829,0,0,6.000000,0.000000,0.500000
830,1,1,6.000000,0.000000,0.500000
831,1,1,6.000000,0.000000,0.500000
832,1,1,14.000000,0.800000,0.500000
833,0,0,8.000000,0.700000,0.500000
834,0,0,6.000000,0.000000,0.500000
835,1,0,6.000000,0.000000,0.500000
836,0,0,11.000000,0.700000,0.500000
837,1,1,6.000000,0.000000,0.500000
838,1,1,14.000000,0.800000,0.500000
839,1,1,6.000000,0.000000,0.500000
840,0,0,8.000000,0.700000,0.500000
841,0,0,9.000000,0.500000,0.500000
842,0,0,6.000000,0.000000,0.500000
843,0,0,8.000000,0.700000,0.500000
844,0,0,6.000000,0.000000,0.500000
845,1,1,6.000000,0.000000,0.500000
846,0,0,6.000000,0.000000,0.500000
847,1,1,8.000000,0.700000,0.500000
848,1,1,6.000000,0.000000,0.500000
849,1,1,6.000000,0.000000,0.500000
850,0,0,6.000000,0.000000,0.500000
851,0,0,18.000000,0.900000,0.500000
852,1,1,6.000000,0.000000,0.500000
853,0,0,8.000000,0.700000,0.500000
854,0,0,6.000000,0.000000,0.500000
855,0,0,8.000000,0.700000,0.500000
856,1,1,6.000000,0.000000,0.500000
857,0,0,8.000000,0.700000,0.500000
858,0,0,6.000000,0.000000,0.500000
859,1,1,6.000000,0.000000,0.500000
860,0,0,8.000000,0.700000,0.500000
861,1,1,8.000000,0.700000,0.500000
862,1,1,6.000000,0.000000,0.500000
863,0,0,6.000000,0.000000,0.500000
864,0,0,6.000000,0.000000,0.500000
865,0,0,18.000000,0.900000,0.500000
866,0,0,6.000000,0.000000,0.500000
867,0,0,9.000000,0.500000,0.500000
868,1,1,8.000000,0.700000,0.500000
869,0,0,8.000000,0.700000,0.500000
870,1,1,6.000000,0.000000,0.500000
871,1,1,6.000000,0.000000,0.500000
872,1,1,6.000000,0.000000,0.500000
873,0,0,6.000000,0.000000,0.500000
874,0,0,8.000000,0.700000,0.500000
875,0,0,9.000000,0.500000,0.500000
876,0,0,12.000000,0.800000,0.500000
877,1,1,6.000000,0.000000,0.500000
878,0,0,8.000000,0.700000,0.500000
879,1,1,21.000000,0.900000,0.500000
880,1,1,6.000000,0.000000,0.500000
881,0,0,6.000000,0.000000,0.500000
882,0,0,12.000000,0.800000,0.500000
883,1,1,6.000000,0.000000,0.500000
884,0,0,8.000000,0.700000,0.500000
885,0,0,6.000000,0.000000,0.500000
886,1,1,8.000000,0.700000,0.500000
887,0,0,6.000000,0.000000,0.500000
888,1,1,19.000000,0.900000,0.500000
889,1,1,6.000000,0.000000,0.500000
890,0,0,10.000000,0.900000,0.500000
891,1,1,8.000000,0.700000,0.500000
892,1,1,6.000000,0.000000,0.500000
893,1,1,6.000000,0.000000,0.500000
894,0,0,6.000000,0.000000,0.500000
895,0,0,6.000000,0.000000,0.500000
896,0,0,6.000000,0.000000,0.500000
897,0,0,6.000000,0.000000,0.500000
898,1,1,8.000000,0.700000,0.500000
899,0,0,6.000000,0.000000,0.500000
900,0,0,6.000000,0.000000,0.500000
901,0,0,8.000000,0.700000,0.500000
902,1,1,14.000000,0.800000,0.500000
903,1,1,6.000000,0.000000,0.500000
904,1,1,6.000000,0.000000,0.500000
905,0,0,8.000000,0.700000,0.500000
906,1,1,6.000000,0.000000,0.500000
907,1,1,18.000000,0.900000,0.500000
908,1,1,6.000000,0.000000,0.500000
909,0,0,9.000000,0.500000,0.500000
910,0,0,6.000000,0.000000,0.500000
911,0,0,9.000000,0.500000,0.500000
912,0,0,8.000000,0.700000,0.500000
913,1,1,8.000000,0.700000,0.500000
914,1,1,6.000000,0.000000,0.500000
915,1,1,11.000000,0.800000,0.500000
916,0,0,18.000000,0.900000,0.500000
917,0,0,6.000000,0.000000,0.500000
918,1,1,8.000000,0.700000,0.500000
919,0,0,6.000000,0.000000,0.500000
920,1,1,6.000000,0.000000,0.500000
921,1,1,8.000000,0.700000,0.500000
922,0,0,10.000000,0.900000,0.500000
923,1,1,6.000000,0.000000,0.500000
924,1,1,8.000000,0.700000,0.500000
925,0,0,8.000000,0.700000,0.500000
926,0,0,6.000000,0.000000,0.500000
927,0,0,6.000000,0.000000,0.500000
928,0,0,8.000000,0.700000,0.500000
929,0,0,8.000000,0.700000,0.500000
930,1,1,6.000000,0.000000,0.500000
931,0,0,8.000000,0.700000,0.500000
932,1,1,8.000000,0.700000,0.500000
933,1,1,6.000000,0.000000,0.500000
934,0,0,6.000000,0.000000,0.500000
935,1,1,14.000000,0.800000,0.500000
936,1,1,6.000000,0.000000,0.500000
937,0,0,11.000000,0.800000,0.500000
938,0,0,6.000000,0.000000,0.500000
939,0,1,8.000000,0.700000,0.500000
940,0,0,9.000000,0.500000,0.500000
941,0,0,8.000000,0.700000,0.500000
942,1,1,6.000000,0.000000,0.500000
943,0,0,9.000000,0.500000,0.500000
944,0,0,6.000000,0.000000,0.500000
945,0,0,9.000000,0.500000,0.500000
946,1,1,12.000000,0.800000,0.500000
947,1,1,8.000000,0.800000,0.500000
948,0,0,11.000000,0.800000,0.500000
949,0,0,6.000000,0.000000,0.500000
950,1,1,6.000000,0.000000,0.500000
951,0,0,8.000000,0.700000,0.500000
952,1,1,6.000000,0.000000,0.500000
953,0,0,8.000000,0.700000,0.500000
954,1,1,6.000000,0.000000,0.500000
955,0,0,6.000000,0.000000,0.500000
956,1,1,6.000000,0.000000,0.500000
957,1,1,6.000000,0.000000,0.500000
958,1,1,8.000000,0.700000,0.500000
959,1,1,8.000000,0.700000,0.500000
960,0,0,6.000000,0.000000,0.500000
961,0,0,6.000000,0.000000,0.500000
962,0,0,6.000000,0.000000,0.500000
963,0,0,14.000000,1.000000,0.500000
964,1,1,6.000000,0.000000,0.500000
965,0,0,6.000000,0.000000,0.500000
966,0,0,18.000000,0.900000,0.500000
967,0,0,6.000000,0.000000,0.500000
968,1,1,6.000000,0.000000,0.500000
969,0,0,8.000000,0.700000,0.500000
970,0,1,6.000000,0.000000,0.500000
971,0,0,8.000000,0.700000,0.500000
972,0,0,6.000000,0.000000,0.500000
973,1,1,6.000000,0.000000,0.500000
974,1,1,12.000000,0.800000,0.500000
975,0,0,6.000000,0.000000,0.500000
976,1,1,6.000000,0.000000,0.500000
977,0,0,9.000000,0.500000,0.500000
978,1,1,6.000000,0.000000,0.500000
979,0,0,6.000000,0.000000,0.500000
980,1,1,8.000000,0.700000,0.500000
981,1,1,6.000000,0.000000,0.500000
982,0,0,6.000000,0.000000,0.500000
983,0,0,6.000000,0.000000,0.500000
984,1,1,6.000000,0.000000,0.500000
985,0,0,6.000000,0.000000,0.500000
986,1,1,6.000000,0.000000,0.500000
987,0,0,6.000000,0.000000,0.500000
988,0,0,8.000000,0.700000,0.500000
989,1,1,6.000000,0.000000,0.500000
990,0,0,6.000000,0.000000,0.500000
991,1,1,8.000000,0.700000,0.500000
992,1,1,6.000000,0.000000,0.500000
993,1,1,6.000000,0.000000,0.500000
994,1,1,8.000000,0.700000,0.500000
995,1,0,8.000000,0.700000,0.500000
996,1,1,9.000000,0.500000,0.500000
997,0,0,6.000000,0.000000,0.500000
998,1,1,6.000000,0.000000,0.500000
999,0,0,6.000000,0.000000,0.500000
WorkerID,Gamma,TrueGamma
266,0.484964,0.844469
125,0.485056,0.884107
863,0.484918,1.192081
247,0.484894,0.730781
589,0.485061,0.769394
533,0.485031,0.468646
621,0.484913,1.471523
278,0.484852,1.872473
951,0.484895,0.481691
833,0.484983,1.877933
744,0.484971,1.046389
570,0.485049,2.192948
616,0.485023,1.900718
887,0.484904,1.223484
8,0.484913,2.054827
158,0.484958,2.786333
947,0.485157,1.183071
32,0.484942,0.815880
718,0.484857,1.335473
736,0.484920,2.011080
136,0.484982,2.079686
299,0.484958,1.188795
528,0.484945,0.446900
446,0.484882,0.542498
42,0.484866,0.547743
35,0.485119,1.028525
165,0.484904,1.474409
715,0.485025,1.080282
76,0.484932,1.065285
422,0.484908,1.053770
409,0.485121,2.141850
36,0.484836,0.543753
211,0.484954,0.310043
183,0.485040,2.188374
610,0.484864,1.248266
737,0.484914,1.154737
709,0.485027,1.227022
357,0.484967,2.327803
856,0.470080,1.394166
813,0.485120,1.148168
213,0.484811,0.395220
500,0.484979,0.729316
509,0.484974,1.681734
324,0.484929,0.567981
970,0.484900,0.786769
181,0.484920,2.659356
329,0.485024,2.197680
115,0.484902,1.477526
508,0.484942,1.346822
212,0.485011,0.596026
636,0.484965,1.285648
646,0.484992,0.975502
890,0.484949,1.052205
43,0.484838,1.118689
936,0.485128,1.370618
441,0.484934,0.772866
341,0.484881,1.298354
129,0.484904,1.039862
747,0.585981,0.910426
449,0.585650,1.162446
457,0.585359,1.658275
198,0.585791,2.359091
286,0.585994,0.665735
910,0.667849,1.559642
807,0.586340,2.698576
383,0.586362,1.338859
912,0.586237,0.180486
199,0.585701,0.997903
704,0.585898,1.003941
14,0.586164,0.994950
840,0.586566,1.253545
440,0.481195,0.245884
346,0.573616,2.083072
93,0.587057,1.387870
9,0.479106,0.934300
68,0.479287,0.772984
1461,0.479717,0.202802
1872,0.544834,1.231099
1208,0.486309,0.565506
1812,0.691403,0.899864
1348,0.441248,0.166827
1504,0.544076,1.020876
1716,0.416068,0.674334
1747,0.532991,0.365861
1067,0.511835,0.485034
1678,0.494355,0.409078
1703,0.495154,0.847136
1991,0.460456,0.542029
1395,0.459834,0.548840
1734,0.421550,0.593777
1540,0.459855,1.091120
1502,0.486543,0.772618
1668,0.544249,0.724878
1215,0.486543,1.306106
1322,0.535411,1.192183
1782,0.520857,0.217749
1946,0.472572,0.776463
1587,0.411936,0.515486
1367,0.452532,0.448951
1891,0.434524,0.564676
1596,0.536126,1.155946
1471,0.521315,1.239962
1391,0.570668,0.319752
1237,0.460391,1.374288
1576,0.443412,0.380942
1175,0.429130,0.392818
1982,0.625883,0.592395
1987,0.444778,0.848962
1788,0.532797,0.844267
1255,0.771841,0.977057
1483,0.544770,0.445621
1802,0.431129,0.719721
1800,0.437223,0.344290
1999,0.434196,0.301068
1468,0.622786,1.232470
1808,0.453206,0.644785
1232,0.767751,0.912490
1486,0.593085,0.890699
1428,0.544549,0.552725
1401,0.422058,0.245337
1478,0.792308,1.139900
1838,0.409215,0.673247
1085,0.524178,0.780338
1715,0.471612,0.282479
1581,0.443545,0.415992
1820,0.497319,0.787509
1026,0.531313,0.458997
1628,0.486577,0.378335
1443,0.625011,1.026756
1755,0.486514,0.457791
1670,0.459877,0.907246
1430,0.459912,0.596638
1948,0.434079,0.450983
1045,0.643336,0.960691
1495,0.447953,0.288853
1664,0.454702,0.196870
1905,0.434117,0.471533
1252,0.493014,0.286784
1184,0.443103,0.276278
1810,0.559700,1.506773
1358,0.390380,0.480927
1679,0.473322,0.555641
1921,0.549858,0.559702
1385,0.502115,1.043166
1100,0.457598,1.289719
1882,0.473701,0.506970
1089,0.480281,0.315390
1148,0.548740,1.030920
1954,0.456482,0.472143
1629,0.516996,1.431504
1868,0.479448,0.465615
1683,0.570250,0.408263
1465,0.441831,0.276177
1765,0.446967,0.106012
1702,0.393485,0.280618
1929,0.456175,2.228255
1394,0.471375,0.529705
1479,0.522345,0.778874
1649,0.653370,0.801129
1732,0.486593,0.641325
1988,0.560927,0.443349
1490,0.441841,0.596522
1518,0.537344,0.327505
1060,0.516534,0.809298
1274,0.421467,0.287294
1613,0.446635,0.496605
1211,0.430354,0.320742
1984,0.442022,0.322586
1516,0.544259,1.152090
1165,0.559620,0.609737
1582,0.417200,0.735791
1940,0.457014,0.353735
1611,0.492949,0.247407
1470,0.778449,0.609502
1020,0.540726,0.846200
1290,0.527806,0.621431
1845,0.441754,0.504610
1968,0.546574,0.541660
1835,0.446712,0.480066
1195,0.447207,0.599801
1658,0.459975,1.253794
1325,0.542392,0.809312
1046,0.391822,1.377080
1561,0.427569,1.108524
1473,0.459918,0.552086
1947,0.535666,1.135175
1406,0.493380,0.602524
1327,0.431018,0.775869
1047,0.735748,1.123302
1267,0.517848,0.270467
1667,0.528960,0.518514
1444,0.526935,0.303084
1416,0.555815,0.566358
1612,0.461107,0.293292
1813,0.540512,1.174411
1959,0.447226,0.430376
1546,0.447719,1.374952
1543,0.433541,0.935111
1548,0.433584,0.174719
1861,0.715757,1.079581
1498,0.447576,0.709597
1898,0.498995,0.633021
1764,0.473107,0.427361
1244,0.473115,0.272551
1619,0.405153,0.947410
1718,0.624798,1.200579
1335,0.532568,0.525695
1269,0.472696,0.641362
1015,0.542530,0.371112
1653,0.396443,0.420817
1366,0.431854,0.569697
1523,0.393429,0.320264
1956,0.532793,0.349967
1799,0.420428,0.340178
1254,0.530385,0.370848
1673,0.473136,0.546508
1512,0.460809,0.652469
1239,0.506635,1.252713
1063,0.473158,0.404161
1183,0.416277,0.690947
1932,0.433617,0.730618
1958,0.434740,0.560420
1291,0.421612,0.921083
1620,0.547156,1.217354
1347,0.456520,1.427087
1140,0.611428,0.986751
1201,0.460498,0.549290
1919,0.404892,0.914240
1863,0.428273,0.379425
1506,0.390867,0.535263
1160,0.528598,0.668424
1594,0.500041,0.744872
1007,0.536966,0.305594
1760,0.555699,0.791800
1330,0.454857,0.576220
1950,0.653526,1.042659
1092,0.615266,0.908741
1455,0.726011,0.452734
1445,0.561095,0.396100
1522,0.561980,0.796662
1218,0.483121,0.384335
1364,0.563776,0.500562
1717,0.443506,0.386261
1610,0.447499,0.806149
1689,0.423936,0.825111
1751,0.445144,0.720587
1152,0.410441,0.233922
1450,0.457477,0.063012
1004,0.535296,1.152617
1196,0.572372,0.503306
1575,0.535568,0.512515
1086,0.455261,0.537580
1736,0.606335,1.002523
1426,0.543077,1.629846
1080,0.392720,0.551718
1339,0.473173,0.982003
1856,0.446062,0.582886
1507,0.476285,0.725604
1456,0.665917,0.660268
1266,0.513120,0.364165
1631,0.676213,0.657010
1605,0.447195,0.455407
1901,0.435809,0.683394
1452,0.524808,0.932987
1077,0.445419,0.060441
1632,0.430000,0.486304
1169,0.627123,0.661154
1508,0.459885,0.202592
1434,0.458339,0.902142
1565,0.433503,0.716013
1091,0.640634,0.901263
1559,0.472395,1.337239
1833,0.460508,0.909143
1920,0.613922,0.991824
1981,0.531218,0.787250
1365,0.457255,0.889657
1229,0.432493,0.376728
1010,0.531535,0.680745
1739,0.460323,0.577497
1002,0.517550,0.799288
1914,0.498629,0.844646
1879,0.531221,0.656546
1016,0.532016,0.772231
1491,0.574799,0.654671
1690,0.456560,0.138724
1178,0.519915,0.430380
1005,0.557310,0.700533
1096,0.460665,0.431506
1288,0.454907,0.787682
1159,0.545832,0.710162
1012,0.432946,0.513529
1623,0.520561,0.821333
1294,0.401563,0.261026
1777,0.502361,0.680040
1123,0.471526,0.218478
1019,0.626875,0.626136
1253,0.446754,0.329584
1687,0.442688,0.220785
1855,0.548969,0.359230
1970,0.539794,0.905782
1146,0.558543,0.359834
1329,0.548443,0.537706
1567,0.417393,0.322227
1593,0.531485,0.363641
1318,0.447153,0.454669
1851,0.471974,0.674253
1949,0.654552,0.642284
1598,0.459910,0.744602
1821,0.559904,0.245531
1583,0.641460,1.313448
1129,0.559928,0.239688
1191,0.627065,0.468281
1480,0.600398,0.934403
1352,0.557736,0.705885
1071,0.418698,1.011702
1185,0.473156,0.990922
1966,0.516953,0.793641
1460,0.461002,0.278901
1448,0.460274,0.490828
1345,0.408791,0.354597
1082,0.548283,0.623545
1098,0.512522,0.423671
1837,0.459423,0.165910
1363,0.572422,0.449332
1602,0.538199,0.268816
1780,0.418275,0.689567
1033,0.603064,0.264983
1402,0.486574,0.700546
1608,0.544465,0.741042
1413,0.505243,0.269531
1731,0.445184,0.916503
1311,0.472376,0.702406
1457,0.460416,0.371373
1315,0.535984,0.617055
1113,0.460402,1.102052
1361,0.486534,0.465507
1733,0.486523,0.357645
1431,0.453179,1.044495
1893,0.652515,0.852856
1894,0.427657,0.227270
1682,0.416518,0.679178
1205,0.443978,0.657851
1286,0.590182,0.461815
1350,0.460984,0.446511
1726,0.447190,1.184239
1517,0.508473,0.915128
1681,0.433997,1.269226
1238,0.473404,0.372842
1221,0.507066,0.760625
1592,0.534576,0.716069
1773,0.529666,0.293990
1083,0.443824,0.464979
1650,0.459885,0.812186
1505,0.456747,1.118942
1660,0.482538,0.640928
1497,0.535958,0.853478
1745,0.460312,0.177660
1589,0.441716,1.812246
1173,0.481688,0.659888
1850,0.486529,1.919632
1281,0.486529,0.817688
1537,0.473188,0.304786
1296,0.447098,0.687645
1636,0.447309,0.285508
1227,0.433166,0.682699
1353,0.459964,0.565731
1028,0.551780,0.821773
1770,0.546217,0.397135
1945,0.456539,1.041706
1115,0.366311,0.509278
1485,0.446382,1.373502
1794,0.477674,0.475685
1224,0.433248,0.730166
1692,0.518734,0.266369
1022,0.563769,0.998482
1070,0.638242,1.884433
1336,0.626987,1.086139
1870,0.487954,0.345543
1960,0.446761,0.274774
1440,0.473381,0.496379
1245,0.486515,0.416354
1858,0.469128,0.436819
1900,0.443889,0.327615
1584,0.548413,0.101760
1484,0.680382,0.945655
1053,0.572442,1.311953
1168,0.433862,1.246622
1192,0.542130,0.400220
1834,0.655374,0.504330
1489,0.414853,0.420223
1624,0.459925,1.092131
1542,0.600932,1.259617
1477,0.514596,0.998155
1574,0.433160,0.551583
1743,0.517037,0.399203
1389,0.441533,1.380212
1685,0.461099,0.356927
1297,0.460453,0.273740
1372,0.486535,0.896986
1357,0.557126,1.093707
1059,0.447278,0.434257
1918,0.706074,0.786688
1058,0.557511,1.288381
1695,0.545270,0.917113
1626,0.688163,0.894729
1064,0.415494,0.226580
1803,0.517639,1.188665
1686,0.531187,0.189608
1370,0.441715,0.713288
1453,0.426049,0.272314
1579,0.510318,0.418727
1908,0.719514,0.882252
1643,0.394431,0.327126
1110,0.421838,0.346304
1250,0.559663,1.868713
1066,0.572446,0.518110
1953,0.584785,1.307033
1725,0.514295,1.108192
1831,0.554739,0.160407
1630,0.634268,2.043035
1874,0.530679,0.524489
1578,0.486580,0.743725
1552,0.447735,0.434893
1119,0.530076,0.971301
1867,0.486558,0.383082
1806,0.443409,0.227701
1748,0.502530,0.352940
1342,0.624144,1.314487
1103,0.540858,1.052281
1207,0.500078,0.322981
1171,0.676173,0.398154
1698,0.447470,0.427246
1549,0.434721,0.288644
1951,0.439162,0.820091
1031,0.530964,1.277981
1292,0.537455,0.397144
1617,0.508610,0.329503
1853,0.559536,0.566894
1699,0.469983,0.296350
1860,0.548981,0.960588
1181,0.570303,1.044594
1142,0.454597,0.648534
1264,0.425919,0.334343
1037,0.507839,0.331197
1041,0.546060,0.509352
1162,0.656965,1.456375
1590,0.491696,0.568194
1243,0.504547,0.504024
1826,0.495569,0.556566
1410,0.500729,0.469799
1707,0.510418,1.327803
1750,0.459928,0.588320
1906,0.473090,0.241766
1752,0.447059,0.241367
1118,0.635944,0.836787
1301,0.400419,0.423722
1665,0.542429,0.666139
1809,0.443556,0.554403
1832,0.486545,0.459093
1805,0.443392,0.591599
1713,0.458126,0.810833
1884,0.446511,0.450228
1390,0.491809,0.378104
1166,0.564460,0.467607
1220,0.544999,0.490591
1163,0.711199,1.836646
1965,0.458988,0.495683
1880,0.529863,0.724601
1986,0.423491,0.904917
1533,0.510310,0.873832
1926,0.507380,1.005780
1011,0.459911,0.632441
1145,0.458821,1.004721
1791,0.434744,0.559279
1154,0.532520,0.650487
1369,0.447236,0.590341
1102,0.473814,0.244749
1849,0.444140,0.665619
1902,0.441391,0.490215
1492,0.523116,0.642919
1661,0.540892,0.681388
1141,0.447143,0.267013
1538,0.467705,0.677906
1321,0.415415,0.653662
1174,0.428619,0.692451
1704,0.447894,1.184467
1531,0.594498,0.992173
1842,0.531324,0.822629
1399,0.557160,0.667081
1975,0.439612,0.418329
1621,0.559796,0.566387
1320,0.443784,0.520501
1551,0.517207,1.078396
1425,0.553412,0.820936
1155,0.556915,0.699554
1303,0.469785,0.930322
1404,0.468990,0.217599
1258,0.486539,0.501876
1246,0.444289,0.035728
1876,0.473135,1.384014
1233,0.547841,1.286825
1379,0.486529,1.240278
1513,0.429822,1.022671
1319,0.486505,0.581262
1871,0.417910,0.535803
1304,0.469551,0.537630
1084,0.440854,0.531765
1937,0.597817,0.926526
1368,0.442329,0.947245
1008,0.456595,0.335507
1795,0.443882,0.323472
1844,0.555559,0.727358
1730,0.678049,1.063364
1108,0.486584,0.901300
1680,0.618331,0.308333
1541,0.482823,0.481754
1866,0.385638,0.209735
1847,0.458930,0.636324
1710,0.486543,0.198101
1528,0.570605,0.647972
1744,0.582400,1.245239
1787,0.447367,0.799944
1231,0.559584,1.138113
1466,0.432672,0.379905
1822,0.473682,0.425672
1029,0.546942,0.808046
1614,0.560391,1.134055
1843,0.486556,0.878871
1314,0.517690,1.113644
1995,0.522169,0.636692
1790,0.548586,0.667965
1355,0.557326,0.807877
1819,0.555959,0.531409
1864,0.447844,0.880488
1265,0.615465,0.435286
1099,0.433154,0.104026
1836,0.441534,0.323632
1638,0.426953,0.500770
1343,0.531313,1.119376
1488,0.405570,0.690517
1412,0.548248,0.688185
1729,0.559506,0.538180
1560,0.460321,0.998274
1127,0.471598,0.558776
1421,0.546166,0.320905
1373,0.596480,0.493837
1388,0.460425,0.708412
1459,0.454599,0.507546
1051,0.509424,0.759418
1463,0.560479,0.551037
1903,0.446078,0.387037
1825,0.433309,0.639530
1915,0.444407,0.886760
1889,0.570832,0.195263
1189,0.536911,1.235363
1344,0.525451,1.303681
1295,0.456381,0.503350
1062,0.540716,0.362134
1228,0.519660,0.702741
1514,0.456679,0.607908
1573,0.676148,0.689280
1377,0.519207,0.344711
1407,0.432863,0.511091
1969,0.514969,0.610008
1989,0.541229,1.164616
1807,0.600444,0.673671
1635,0.597521,0.320069
1952,0.585535,0.495626
1740,0.609385,0.845994
1916,0.471526,0.727049
1859,0.459855,1.799728
1021,0.472290,0.815164
1706,0.459181,0.322532
1530,0.504259,1.092440
1655,0.440193,0.660727
1209,0.459851,0.892742
1669,0.438427,0.752721
1307,0.615266,0.741869
1065,0.471765,0.477088
1199,0.559958,1.360756
1340,0.430928,0.610266
1873,0.459857,0.659626
1895,0.624353,0.991852
1214,0.458312,0.364274
1924,0.417979,0.769896
1438,0.434487,0.671311
1419,0.459033,0.864858
1566,0.409039,0.622366
1607,0.453486,0.133218
1994,0.460255,0.849291
1586,0.543274,0.845609
1962,0.628687,1.036842
1126,0.473163,1.472823
1597,0.563534,0.617917
1476,0.460360,0.458280
1097,0.528082,0.673965
1749,0.513852,1.172635
1534,0.506106,0.861069
1857,0.605833,0.459604
1035,0.509510,0.380087
1139,0.572426,0.954119
1909,0.557758,1.453193
1939,0.473503,0.594783
1885,0.441683,0.396178
1309,0.471507,0.673365
1524,0.410850,0.826781
1081,0.543697,0.740543
1839,0.486526,0.748073
1331,0.704745,0.838752
1616,0.433694,0.670862
1072,0.833813,1.124355
1535,0.445993,0.539092
1677,0.473895,0.254060
1554,0.432664,0.925256
1482,0.599033,0.279224
1737,0.471535,0.273675
1572,0.525997,0.848394
1801,0.433077,0.373374
1957,0.531385,0.549204
1420,0.471648,0.976990
1676,0.546854,0.332448
1284,0.548836,0.387252
1109,0.460651,1.034417
1272,0.574849,1.056274
1569,0.457727,1.008282
1128,0.520866,1.127530
1615,0.434630,0.588290
1014,0.454379,0.947145
1380,0.445172,0.918585
1131,0.473730,0.867708
1766,0.460576,0.445310
1278,0.547377,0.490402
1122,0.431225,1.091060
1268,0.517344,0.883934
1727,0.486543,0.563505
1886,0.473655,0.301754
1684,0.459934,0.197527
1180,0.533708,0.913217
1038,0.447252,0.382892
1101,0.473115,0.615961
1386,0.447494,0.740799
1547,0.442880,0.490626
1978,0.513852,0.705427
1708,0.651216,1.159429
1161,0.516556,0.344882
1722,0.531125,0.450539
1890,0.471529,0.672273
1068,0.460380,1.458968
1775,0.576367,0.845792
1555,0.429765,0.580718
1204,0.559617,1.091615
1701,0.651066,0.613368
1720,0.460399,0.510627
1116,0.445172,0.473118
1356,0.460461,0.359492
1202,0.623032,0.947223
1568,0.445954,0.451883
1767,0.445673,0.941094
1570,0.380269,0.348860
1222,0.441560,0.475826
1150,0.452709,0.465199
1637,0.459612,0.645627
1149,0.432530,0.318564
1248,0.473750,1.022979
1074,0.511127,0.465153
1923,0.404921,0.406291
1219,0.446932,0.853641
1144,0.603952,1.074373
1136,0.392170,0.400710
1711,0.458873,0.426923
1877,0.584428,1.141512
1190,0.517770,1.062405
1341,0.548470,0.385144
1881,0.458340,0.669587
1648,0.473149,0.708254
1147,0.542028,0.726817
1285,0.557367,1.033588
1270,0.459240,0.446560
1983,0.429410,0.702087
1774,0.681115,0.944803
1036,0.471474,0.712486
1193,0.456941,0.804929
1723,0.526213,0.617248
1056,0.471597,0.493098
1259,0.560637,0.319054
1411,0.547080,0.364929
1408,0.546497,1.170600
1913,0.427317,0.697204
1203,0.530708,0.597651
1414,0.545391,0.875221
1976,0.424979,1.054065
1663,0.456610,0.232301
1595,0.456922,0.236461
1564,0.556415,0.384155
1040,0.512571,0.688258
1789,0.637599,0.757963
1515,0.598061,1.367038
1442,0.498153,0.833987
1961,0.639611,1.875357
1762,0.643735,0.656423
1235,0.473790,0.416953
1494,0.624835,0.697004
1997,0.411704,0.397154
1887,0.544353,0.518941
1130,0.447549,1.200188
1230,0.473159,0.416564
1625,0.574889,0.537689
1436,0.522356,0.969955
1511,0.532879,0.841476
1057,0.544893,0.644655
1862,0.543781,0.606308
1815,0.530004,1.065027
1768,0.535182,0.252510
1409,0.469157,0.871457
1963,0.472642,0.369478
1111,0.557410,0.964099
1654,0.557536,1.057690
1641,0.469725,0.419052
1604,0.526430,0.791890
1852,0.515451,0.624368
1627,0.557445,0.356739
1055,0.534406,1.337576
1700,0.519941,1.466724
1422,0.471663,0.810318
1013,0.573378,1.417441
1446,0.473162,0.459618
1429,0.645901,2.291517
1105,0.549937,0.330357
1226,0.527030,0.552589
1972,0.544556,0.575666
1721,0.434438,0.350036
1454,0.442280,1.036806
1907,0.403491,0.491138
1087,0.436610,0.207501
1526,0.424739,1.126638
1362,0.407442,0.143071
1781,0.574646,0.419614
1591,0.635794,0.640226
1157,0.390268,0.289188
1911,0.533565,0.914851
1156,0.468750,0.561016
1910,0.459425,0.436060
1588,0.456489,0.747646
1763,0.443953,0.239721
1277,0.544235,0.249082
1124,0.545730,0.301526
1996,0.545568,0.200878
1424,0.671622,0.486473
1797,0.421499,0.466343
1009,0.514447,0.650632
1556,0.546057,0.762429
1694,0.460282,0.827193
1816,0.459903,0.574258
1279,0.486512,0.366521
1657,0.502094,0.922190
1323,0.486530,0.726290
1814,0.549159,0.940212
1742,0.612363,0.885797
1848,0.510111,0.456531
1198,0.472084,0.963164
1188,0.473373,0.457678
1644,0.473165,0.552226
1580,0.473545,0.526072
1043,0.471531,1.283093
1133,0.471542,0.261721
1609,0.486492,0.852420
1287,0.528797,0.434847
1500,0.447639,0.556741
1236,0.612276,1.224646
1757,0.423402,0.489770
1398,0.458831,0.489577
1213,0.431325,0.196650
1599,0.456720,0.895735
1769,0.419717,0.673688
1741,0.635455,1.012126
1052,0.473667,0.303322
1397,0.554988,0.525523
1316,0.486562,0.629537
1955,0.611338,0.767737
1688,0.545000,0.376960
1418,0.486518,0.387860
1094,0.444121,0.361646
1828,0.459526,0.258360
1134,0.627225,0.849036
1393,0.443377,0.380112
1811,0.432139,0.396416
1496,0.471534,0.273414
1351,0.471669,0.470233
1818,0.486498,0.363833
1756,0.471585,0.293708
1990,0.473478,0.937697
1776,0.473573,0.749168
1049,0.440145,0.364507
1034,0.486538,0.307767
1738,0.486505,0.234254
1656,0.557875,0.589971
1241,0.455122,0.777058
1527,0.552031,2.666362
1439,0.471598,0.980128
1938,0.533115,0.363017
1823,0.446481,0.486982
1481,0.460388,0.726933
1197,0.447783,0.310238
1158,0.560530,1.035147
1671,0.443075,0.906692
1493,0.542993,0.641826
1469,0.614535,0.981978
1501,0.442379,0.420432
1529,0.550247,0.606146
1691,0.544587,0.920620
1212,0.705020,1.334818
1697,0.461173,0.648639
1337,0.457702,1.290696
1942,0.486518,0.509907
1798,0.544735,0.626224
1904,0.445415,0.541402
1693,0.558627,0.367010
1349,0.651300,1.348767
1223,0.473666,0.396923
1622,0.661994,0.764194
1093,0.486498,0.565115
1985,0.653042,0.771524
1563,0.459994,0.374231
1771,0.486537,0.400275
1104,0.572936,0.508167
1521,0.508219,0.680752
1121,0.537680,0.720595
1167,0.631606,0.566068
1276,0.706675,0.965187
1941,0.473180,0.637538
1841,0.447864,0.984740
1645,0.558223,0.761860
1585,0.443936,0.640343
1088,0.608615,1.184528
1606,0.459387,0.870213
1936,0.439244,0.551464
1216,0.486512,0.168114
1039,0.556973,0.976818
1030,0.642019,1.401151
1933,0.549121,0.862806
1557,0.396833,0.448312
1417,0.473172,0.516719
1992,0.502176,0.817476
1275,0.486527,1.489319
1263,0.460491,0.779570
1387,0.548770,1.769756
1633,0.485531,0.283113
1646,0.527462,0.835405
1069,0.573827,0.950980
1934,0.430062,1.094261
1242,0.472380,0.385451
1194,0.530157,0.360415
1600,0.572290,1.088815
1251,0.515570,1.405386
1382,0.455755,0.612105
1943,0.453745,0.519077
1672,0.533847,0.719316
1334,0.469752,0.188766
1883,0.708446,0.868610
1634,0.484051,0.685506
1283,0.460649,0.287074
1359,0.557391,0.358841
1400,0.443498,0.803398
1499,0.486549,0.937223
1705,0.469678,0.307350
1435,0.448896,0.740919
1151,0.446351,1.255660
1974,0.486520,0.344325
1971,0.517917,0.113346
1935,0.458853,0.292507
1427,0.486522,0.536600
1441,0.543423,0.921861
1525,0.870263,0.704714
1977,0.457077,0.640289
1449,0.410991,0.695845
1282,0.599321,0.680534
1928,0.423875,0.244080
1371,0.468229,1.391459
1176,0.446695,1.121856
1306,0.649312,1.294307
1824,0.535163,0.892677
1143,0.570872,0.504253
1545,0.554136,0.482416
1761,0.487313,1.146301
1073,0.664310,0.688052
1753,0.523434,0.480372
1931,0.486866,0.737195
1117,0.453644,0.764033
1405,0.487214,0.330625
1827,0.746719,1.045794
1544,0.649949,1.096622
1423,0.719586,1.314022
1432,0.655641,1.059569
1048,0.650510,0.471078
1922,0.474190,0.244819
1869,0.513361,1.044362
1550,0.730957,1.071719
1659,0.433397,0.361986
1234,0.436768,0.220780
1376,0.567460,0.457829
1017,0.438982,0.429257
1090,0.457116,0.967817
1324,0.486961,0.607880
1392,0.653287,1.259747
1662,0.731013,0.416364
1210,0.470719,0.455575
1917,0.558331,0.683470
1912,0.655841,0.580654
1897,0.486974,1.112431
1666,0.473368,0.203836
1132,0.542438,0.608892
1333,0.511114,0.838311
1714,0.637337,1.124521
1930,0.473797,0.281696
1520,0.725800,2.083096
1300,0.565669,0.459910
1925,0.658435,0.609426
1464,0.471220,0.857543
1075,0.487441,0.647061
1044,0.584231,0.706244
1674,0.529414,0.685138
1618,0.574028,1.224937
1778,0.628236,0.691298
1558,0.473551,1.176136
1746,0.558132,0.718318
1003,0.572302,0.640461
1759,0.583430,1.555676
1786,0.473968,0.655722
1326,0.543757,2.147078
1179,0.419412,1.375753
1027,0.554551,0.732443
1200,0.469983,0.273842
1846,0.448038,0.746947
1095,0.440943,0.500610
1112,0.440577,0.267669
1817,0.568870,0.872496
1135,0.559820,0.504847
1032,0.453254,0.492844
1302,0.453398,0.230324
1378,0.538266,1.714156
1967,0.473884,0.220804
1261,0.444944,0.584766
1262,0.582648,0.829380
1462,0.470822,0.923331
1804,0.471913,0.775168
1186,0.474081,0.279666
1709,0.572851,0.725675
1964,0.550772,0.969669
1784,0.732331,0.702835
1025,0.560880,0.520364
1503,0.487108,0.669925
1225,0.540465,1.239654
1696,0.387549,1.038126
1273,0.621519,0.571915
1289,0.456861,0.348736
1177,0.487089,0.089124
1532,0.487058,1.012667
1000,0.471976,0.592825
1437,0.449689,0.573445
1172,0.487040,0.499069
1553,0.559671,1.229094
1305,0.487280,0.764292
1892,0.480644,0.353216
1293,0.470632,0.367291
1050,0.457133,1.078639
1018,0.472195,0.381546
1381,0.567780,1.032004
1137,0.486900,0.742936
1328,0.636858,0.481913
1758,0.486674,1.242129
1458,0.646579,0.486222
1451,0.584126,1.772778
1374,0.456215,0.233866
1076,0.652215,0.718083
1042,0.486944,0.216815
1510,0.473004,1.032582
1023,0.790109,1.101762
1944,0.487048,1.131254
1182,0.567599,0.734967
1125,0.542683,0.817549
1487,0.664626,1.415932
1562,0.474453,0.830793
1878,0.474124,1.149637
1298,0.483282,0.381990
1998,0.570069,1.114993
1647,0.558293,0.745660
1006,0.545863,0.609449
1403,0.470364,0.574852
1875,0.474125,0.666655
1260,0.745205,2.305019
1829,0.474429,0.289322
1980,0.473257,0.324687
1571,0.570984,0.211942
1054,0.453673,1.027200
1153,0.487196,0.794130
1433,0.456115,0.365332
1299,0.486659,0.562705
1792,0.472739,0.408091
1519,0.561548,0.735629
1280,0.472354,1.054956
1317,0.472011,0.865672
1539,0.671440,0.929789
1107,0.637164,0.735803
1187,0.585721,0.782519
1754,0.558223,0.835027
1106,0.585841,1.103775
1651,0.605617,0.761762
1383,0.585227,0.181426
1865,0.573308,0.468453
1313,0.450548,0.855265
1927,0.470405,0.462348
1256,0.437641,1.193463
1796,0.557863,0.426017
1310,0.668038,1.738625
1896,0.484974,0.317268
1061,0.556605,1.010414
1217,0.468141,0.369378
1642,0.455395,0.630302
1338,0.466633,0.476376
1640,0.585614,0.511043
1354,0.485959,0.374397
1603,0.485532,1.214914
1652,0.467510,1.160317
1360,0.667567,0.897047
1312,0.468528,1.234205
1577,0.551065,0.705901
1509,0.485633,0.334124
1024,0.478917,0.231821
1728,0.731223,0.450680
1332,0.468667,0.471619
1138,0.485252,0.876464
1735,0.799506,0.760483
1472,0.673483,0.378233
1719,0.483269,0.908673
1001,0.570124,0.712313
1384,0.570476,0.788041
1415,0.556934,0.186564
1170,0.588131,0.763647
1249,0.553543,0.148464
1675,0.462561,0.831962
1840,0.484087,0.639473
1079,0.587529,0.653976
1779,0.483759,1.693685
1793,0.483629,0.565575
1240,0.587285,0.990370
1830,0.587103,1.570972
1783,0.566835,0.675636
1467,0.552569,0.578882
1601,0.481000,0.654811
1206,0.481001,1.338745
1993,0.555827,0.499945
1120,0.482801,0.915043
1346,0.572985,0.707811
1536,0.493676,0.978469
1396,0.493725,0.502128
1271,0.590793,0.453477
Average Cost: 7.880000
Accuracy: 97.500000
Accuracy 0: 100.000000
Cost 0: 6.000000
Accuracy 1: 100.000000
Cost 1: 6.000000
Accuracy 2: 100.000000
Cost 2: 6.000000
Accuracy 3: 100.000000
Cost 3: 6.000000
Accuracy 4: 100.000000
Cost 4: 6.000000
Accuracy 5: 100.000000
Cost 5: 6.000000
Accuracy 6: 100.000000
Cost 6: 6.000000
Accuracy 7: 100.000000
Cost 7: 6.000000
Accuracy 8: 100.000000
Cost 8: 6.000000
Accuracy 9: 100.000000
Cost 9: 6.000000
