Number of Worker Pools: 1
Number of Workers in Pool 1: 1000
Original mean,standardDev for Pool 1: 4.000000,0.300000
Number of Workers in Pool 2: 1000
Original mean,standardDev for Pool 2: 3.500000,0.200000
Number of Problems: 1000
ProblemNo,Answer,TrueAnswer,Cost,Difficulty,TrueDifficulty
0,1,1,4.000000,0.500000,0.500000
1,0,0,5.000000,0.800000,0.500000
2,1,1,5.000000,0.800000,0.500000
3,1,1,4.000000,0.500000,0.500000
4,1,1,3.000000,0.000000,0.500000
5,0,0,3.000000,0.000000,0.500000
6,1,1,3.000000,0.000000,0.500000
7,1,1,4.000000,0.500000,0.500000
8,1,1,3.000000,0.000000,0.500000
9,1,1,4.000000,0.500000,0.500000
10,1,1,6.000000,1.000000,0.500000
11,1,1,3.000000,0.000000,0.500000
12,1,1,4.000000,0.500000,0.500000
13,1,1,3.000000,0.000000,0.500000
14,1,1,3.000000,0.000000,0.500000
15,1,1,3.000000,0.000000,0.500000
16,1,1,3.000000,0.000000,0.500000
17,1,1,3.000000,0.000000,0.500000
18,1,0,4.000000,0.500000,0.500000
19,1,1,4.000000,0.500000,0.500000
20,0,0,6.000000,1.000000,0.500000
21,1,1,3.000000,0.000000,0.500000
22,1,1,3.000000,0.000000,0.500000
23,1,1,4.000000,0.500000,0.500000
24,1,1,3.000000,0.000000,0.500000
25,1,1,3.000000,0.000000,0.500000
26,1,1,3.000000,0.000000,0.500000
27,1,1,6.000000,0.800000,0.500000
28,1,1,6.000000,0.900000,0.500000
29,1,1,5.000000,0.800000,0.500000
30,0,0,4.000000,0.500000,0.500000
31,0,1,5.000000,0.800000,0.500000
32,1,1,4.000000,0.500000,0.500000
33,1,1,4.000000,0.500000,0.500000
34,0,0,4.000000,0.500000,0.500000
35,0,1,5.000000,0.800000,0.500000
36,1,1,4.000000,0.500000,0.500000
37,1,1,4.000000,0.500000,0.500000
38,1,1,6.000000,0.800000,0.500000
39,1,1,3.000000,0.000000,0.500000
40,1,1,3.000000,0.000000,0.500000
41,1,1,4.000000,0.500000,0.500000
42,1,1,7.000000,0.700000,0.500000
43,1,1,3.000000,0.000000,0.500000
44,1,1,3.000000,0.000000,0.500000
45,1,1,4.000000,0.500000,0.500000
46,1,1,4.000000,0.500000,0.500000
47,1,1,3.000000,0.000000,0.500000
48,1,1,3.000000,0.000000,0.500000
49,1,1,3.000000,0.000000,0.500000
50,1,1,3.000000,0.000000,0.500000
51,1,1,3.000000,0.000000,0.500000
52,1,1,3.000000,0.000000,0.500000
53,1,1,3.000000,0.000000,0.500000
54,1,1,3.000000,0.000000,0.500000
55,0,0,4.000000,0.500000,0.500000
56,1,1,3.000000,0.000000,0.500000
57,1,1,3.000000,0.000000,0.500000
58,1,1,3.000000,0.000000,0.500000
59,1,1,4.000000,0.500000,0.500000
60,1,1,4.000000,0.500000,0.500000
61,0,1,5.000000,0.800000,0.500000
62,0,1,5.000000,0.800000,0.500000
63,1,1,9.000000,0.900000,0.500000
64,1,1,4.000000,0.500000,0.500000
65,1,1,5.000000,0.800000,0.500000
66,1,1,4.000000,0.500000,0.500000
67,0,1,5.000000,0.800000,0.500000
68,1,1,3.000000,0.000000,0.500000
69,1,1,3.000000,0.000000,0.500000
70,1,1,3.000000,0.000000,0.500000
71,1,1,6.000000,0.800000,0.500000
72,1,1,3.000000,0.000000,0.500000
73,1,1,4.000000,0.500000,0.500000
74,0,0,3.000000,0.000000,0.500000
75,1,1,4.000000,0.500000,0.500000
76,1,1,3.000000,0.000000,0.500000
77,1,1,5.000000,0.800000,0.500000
78,1,1,4.000000,0.500000,0.500000
79,1,1,4.000000,0.500000,0.500000
80,1,1,5.000000,0.800000,0.500000
81,1,1,5.000000,0.800000,0.500000
82,1,1,3.000000,0.000000,0.500000
83,1,1,4.000000,0.500000,0.500000
84,1,1,3.000000,0.000000,0.500000
85,0,0,3.000000,0.000000,0.500000
86,1,1,4.000000,0.500000,0.500000
87,1,1,3.000000,0.000000,0.500000
88,1,1,3.000000,0.000000,0.500000
89,1,1,4.000000,0.500000,0.500000
90,1,1,3.000000,0.000000,0.500000
91,0,0,3.000000,0.000000,0.500000
92,0,1,5.000000,0.800000,0.500000
93,1,1,4.000000,0.500000,0.500000
94,1,1,6.000000,0.900000,0.500000
95,1,1,4.000000,0.500000,0.500000
96,1,1,4.000000,0.500000,0.500000
97,0,0,3.000000,0.000000,0.500000
98,1,1,3.000000,0.000000,0.500000
99,1,1,4.000000,0.500000,0.500000
100,1,1,5.000000,0.800000,0.500000
101,1,1,3.000000,0.000000,0.500000
102,1,1,3.000000,0.000000,0.500000
103,1,1,4.000000,0.500000,0.500000
104,1,1,3.000000,0.000000,0.500000
105,1,1,4.000000,0.900000,0.500000
106,1,1,4.000000,0.500000,0.500000
107,1,1,4.000000,0.500000,0.500000
108,1,1,4.000000,0.500000,0.500000
109,1,1,3.000000,0.000000,0.500000
110,1,1,3.000000,0.000000,0.500000
111,1,1,3.000000,0.000000,0.500000
112,1,1,3.000000,0.000000,0.500000
113,1,1,3.000000,0.000000,0.500000
114,1,1,5.000000,0.800000,0.500000
115,1,1,4.000000,0.500000,0.500000
116,1,1,5.000000,0.800000,0.500000
117,1,1,4.000000,0.500000,0.500000
118,1,1,10.000000,1.000000,0.500000
119,1,1,6.000000,0.800000,0.500000
120,1,1,3.000000,0.000000,0.500000
121,1,1,3.000000,0.000000,0.500000
122,1,1,3.000000,0.000000,0.500000
123,1,1,3.000000,0.000000,0.500000
124,1,0,4.000000,0.900000,0.500000
125,1,1,3.000000,0.000000,0.500000
126,1,1,4.000000,0.500000,0.500000
127,1,1,7.000000,0.700000,0.500000
128,1,1,3.000000,0.000000,0.500000
129,1,1,6.000000,1.000000,0.500000
130,0,1,4.000000,0.900000,0.500000
131,1,1,3.000000,0.000000,0.500000
132,1,1,3.000000,0.000000,0.500000
133,1,1,5.000000,0.800000,0.500000
134,0,0,3.000000,0.000000,0.500000
135,1,1,3.000000,0.000000,0.500000
136,1,1,4.000000,0.500000,0.500000
137,1,1,3.000000,0.000000,0.500000
138,1,0,4.000000,0.500000,0.500000
139,1,1,3.000000,0.000000,0.500000
140,1,1,3.000000,0.000000,0.500000
141,1,1,5.000000,0.800000,0.500000
142,1,1,3.000000,0.000000,0.500000
143,1,1,4.000000,0.500000,0.500000
144,1,1,3.000000,0.000000,0.500000
145,1,1,3.000000,0.000000,0.500000
146,0,1,4.000000,0.900000,0.500000
147,1,1,3.000000,0.000000,0.500000
148,1,1,5.000000,0.800000,0.500000
149,1,1,3.000000,0.000000,0.500000
150,0,0,3.000000,0.000000,0.500000
151,0,0,3.000000,0.000000,0.500000
152,1,1,5.000000,0.800000,0.500000
153,1,1,4.000000,0.500000,0.500000
154,1,1,3.000000,0.000000,0.500000
155,1,1,4.000000,0.500000,0.500000
156,0,1,4.000000,0.500000,0.500000
157,1,1,5.000000,0.800000,0.500000
158,0,0,4.000000,0.500000,0.500000
159,1,1,4.000000,0.500000,0.500000
160,1,1,3.000000,0.000000,0.500000
161,1,1,4.000000,0.500000,0.500000
162,1,1,3.000000,0.000000,0.500000
163,0,1,5.000000,0.800000,0.500000
164,0,1,6.000000,0.900000,0.500000
165,1,0,4.000000,0.500000,0.500000
166,1,1,4.000000,0.500000,0.500000
167,1,1,3.000000,0.000000,0.500000
168,1,1,3.000000,0.000000,0.500000
169,1,1,4.000000,0.500000,0.500000
170,0,1,8.000000,0.900000,0.500000
171,0,1,4.000000,0.900000,0.500000
172,1,1,4.000000,0.500000,0.500000
173,1,1,3.000000,0.000000,0.500000
174,1,1,3.000000,0.000000,0.500000
175,0,0,3.000000,0.000000,0.500000
176,1,1,6.000000,0.800000,0.500000
177,0,1,4.000000,0.500000,0.500000
178,1,1,4.000000,0.500000,0.500000
179,1,1,3.000000,0.000000,0.500000
180,1,1,3.000000,0.000000,0.500000
181,1,1,3.000000,0.000000,0.500000
182,1,1,4.000000,0.500000,0.500000
183,1,1,4.000000,0.500000,0.500000
184,1,1,4.000000,0.500000,0.500000
185,0,1,6.000000,0.900000,0.500000
186,0,1,3.000000,0.000000,0.500000
187,1,1,5.000000,0.800000,0.500000
188,1,1,4.000000,0.500000,0.500000
189,1,1,3.000000,0.000000,0.500000
190,1,1,3.000000,0.000000,0.500000
191,1,1,3.000000,0.000000,0.500000
192,1,1,3.000000,0.000000,0.500000
193,1,1,5.000000,0.800000,0.500000
194,1,1,6.000000,0.800000,0.500000
195,1,1,5.000000,0.800000,0.500000
196,1,1,5.000000,0.800000,0.500000
197,0,1,5.000000,0.800000,0.500000
198,0,0,4.000000,0.500000,0.500000
199,1,1,3.000000,0.000000,0.500000
200,1,1,4.000000,0.500000,0.500000
201,1,1,3.000000,0.000000,0.500000
202,1,1,4.000000,0.500000,0.500000
203,1,1,4.000000,0.500000,0.500000
204,0,1,8.000000,0.900000,0.500000
205,1,1,6.000000,0.900000,0.500000
206,1,1,6.000000,1.000000,0.500000
207,1,1,4.000000,0.500000,0.500000
208,0,0,3.000000,0.000000,0.500000
209,1,1,3.000000,0.000000,0.500000
210,1,1,6.000000,0.800000,0.500000
211,0,1,3.000000,0.000000,0.500000
212,1,1,4.000000,0.500000,0.500000
213,1,1,4.000000,0.500000,0.500000
214,0,0,3.000000,0.000000,0.500000
215,1,1,3.000000,0.000000,0.500000
216,1,1,6.000000,0.800000,0.500000
217,1,1,3.000000,0.000000,0.500000
218,1,1,5.000000,0.800000,0.500000
219,1,1,3.000000,0.000000,0.500000
220,1,1,4.000000,0.500000,0.500000
221,0,1,3.000000,0.000000,0.500000
222,1,1,3.000000,0.000000,0.500000
223,1,1,4.000000,0.500000,0.500000
224,1,1,5.000000,0.800000,0.500000
225,1,1,3.000000,0.000000,0.500000
226,1,0,4.000000,0.500000,0.500000
227,0,0,4.000000,0.500000,0.500000
228,1,1,4.000000,0.600000,0.500000
229,1,1,6.000000,1.000000,0.500000
230,1,1,5.000000,0.800000,0.500000
231,1,1,5.000000,0.800000,0.500000
232,1,1,3.000000,0.000000,0.500000
233,1,1,3.000000,0.000000,0.500000
234,1,1,3.000000,0.000000,0.500000
235,1,1,3.000000,0.000000,0.500000
236,1,1,3.000000,0.000000,0.500000
237,0,0,3.000000,0.000000,0.500000
238,1,1,5.000000,0.800000,0.500000
239,1,1,4.000000,0.500000,0.500000
240,0,1,4.000000,0.900000,0.500000
241,1,1,3.000000,0.000000,0.500000
242,0,0,3.000000,0.000000,0.500000
243,0,1,4.000000,0.500000,0.500000
244,1,1,4.000000,0.500000,0.500000
245,1,1,4.000000,0.500000,0.500000
246,1,1,4.000000,0.500000,0.500000
247,1,1,4.000000,0.600000,0.500000
248,1,1,3.000000,0.000000,0.500000
249,1,1,3.000000,0.000000,0.500000
250,1,1,3.000000,0.000000,0.500000
251,1,0,4.000000,0.500000,0.500000
252,1,1,3.000000,0.000000,0.500000
253,1,1,4.000000,0.500000,0.500000
254,1,1,4.000000,0.500000,0.500000
255,1,1,3.000000,0.000000,0.500000
256,0,0,3.000000,0.000000,0.500000
257,1,1,3.000000,0.000000,0.500000
258,1,1,3.000000,0.000000,0.500000
259,1,1,3.000000,0.000000,0.500000
260,1,1,4.000000,0.500000,0.500000
261,0,1,4.000000,0.500000,0.500000
262,1,1,5.000000,0.800000,0.500000
263,1,1,4.000000,0.500000,0.500000
264,1,1,4.000000,0.500000,0.500000
265,1,1,7.000000,0.700000,0.500000
266,1,1,5.000000,0.800000,0.500000
267,1,1,3.000000,0.000000,0.500000
268,1,1,3.000000,0.000000,0.500000
269,1,1,3.000000,0.000000,0.500000
270,0,0,4.000000,0.500000,0.500000
271,0,1,4.000000,0.500000,0.500000
272,0,0,3.000000,0.000000,0.500000
273,1,1,3.000000,0.000000,0.500000
274,1,1,4.000000,0.500000,0.500000
275,0,0,7.000000,0.900000,0.500000
276,1,1,4.000000,0.500000,0.500000
277,1,1,3.000000,0.000000,0.500000
278,1,1,4.000000,0.500000,0.500000
279,1,1,3.000000,0.000000,0.500000
280,1,1,3.000000,0.000000,0.500000
281,1,1,3.000000,0.000000,0.500000
282,1,1,4.000000,0.500000,0.500000
283,1,1,3.000000,0.000000,0.500000
284,1,1,4.000000,0.500000,0.500000
285,1,1,6.000000,1.000000,0.500000
286,1,1,3.000000,0.000000,0.500000
287,0,0,3.000000,0.000000,0.500000
288,1,1,3.000000,0.000000,0.500000
289,1,1,3.000000,0.000000,0.500000
290,1,1,5.000000,0.800000,0.500000
291,0,0,4.000000,0.500000,0.500000
292,0,1,6.000000,1.000000,0.500000
293,1,1,6.000000,0.900000,0.500000
294,1,1,3.000000,0.000000,0.500000
295,1,1,6.000000,0.900000,0.500000
296,1,1,3.000000,0.000000,0.500000
297,1,1,3.000000,0.000000,0.500000
298,1,1,3.000000,0.000000,0.500000
299,0,1,4.000000,0.500000,0.500000
300,1,1,3.000000,0.000000,0.500000
301,1,1,4.000000,0.600000,0.500000
302,0,1,5.000000,0.800000,0.500000
303,1,1,4.000000,0.500000,0.500000
304,1,1,4.000000,0.500000,0.500000
305,1,1,4.000000,0.500000,0.500000
306,1,1,3.000000,0.000000,0.500000
307,1,1,3.000000,0.000000,0.500000
308,1,1,5.000000,0.800000,0.500000
309,1,1,3.000000,0.000000,0.500000
310,1,1,3.000000,0.000000,0.500000
311,1,1,5.000000,0.800000,0.500000
312,1,1,4.000000,0.500000,0.500000
313,1,1,3.000000,0.000000,0.500000
314,1,1,3.000000,0.000000,0.500000
315,1,1,4.000000,0.500000,0.500000
316,1,1,3.000000,0.000000,0.500000
317,1,1,3.000000,0.000000,0.500000
318,0,0,3.000000,0.000000,0.500000
319,1,1,3.000000,0.000000,0.500000
320,1,1,4.000000,0.500000,0.500000
321,1,1,4.000000,0.500000,0.500000
322,1,1,4.000000,0.500000,0.500000
323,0,1,4.000000,0.500000,0.500000
324,1,1,3.000000,0.000000,0.500000
325,0,0,3.000000,0.000000,0.500000
326,1,1,3.000000,0.000000,0.500000
327,1,1,3.000000,0.000000,0.500000
328,1,1,4.000000,0.500000,0.500000
329,0,0,3.000000,0.000000,0.500000
330,1,1,3.000000,0.000000,0.500000
331,1,1,3.000000,0.000000,0.500000
332,1,1,3.000000,0.000000,0.500000
333,1,1,4.000000,0.500000,0.500000
334,1,1,5.000000,0.800000,0.500000
335,1,1,3.000000,0.000000,0.500000
336,1,1,3.000000,0.000000,0.500000
337,1,1,4.000000,0.500000,0.500000
338,1,1,4.000000,0.500000,0.500000
339,1,1,4.000000,0.500000,0.500000
340,1,1,4.000000,0.500000,0.500000
341,1,1,3.000000,0.000000,0.500000
342,1,1,4.000000,0.500000,0.500000
343,1,1,4.000000,0.600000,0.500000
344,1,1,4.000000,0.500000,0.500000
345,1,1,4.000000,0.500000,0.500000
346,1,1,3.000000,0.000000,0.500000
347,1,1,4.000000,0.500000,0.500000
348,1,1,4.000000,0.500000,0.500000
349,1,1,6.000000,0.900000,0.500000
350,1,1,3.000000,0.000000,0.500000
351,1,1,3.000000,0.000000,0.500000
352,1,1,3.000000,0.000000,0.500000
353,0,1,4.000000,0.500000,0.500000
354,1,1,4.000000,0.500000,0.500000
355,1,1,3.000000,0.000000,0.500000
356,1,1,4.000000,0.500000,0.500000
357,1,1,5.000000,0.800000,0.500000
358,1,1,3.000000,0.000000,0.500000
359,0,1,5.000000,0.800000,0.500000
360,1,1,3.000000,0.000000,0.500000
361,1,1,3.000000,0.000000,0.500000
362,1,1,6.000000,0.800000,0.500000
363,0,0,3.000000,0.000000,0.500000
364,1,1,3.000000,0.000000,0.500000
365,1,1,4.000000,0.500000,0.500000
366,1,1,3.000000,0.000000,0.500000
367,1,1,6.000000,0.900000,0.500000
368,0,1,6.000000,0.800000,0.500000
369,1,1,3.000000,0.000000,0.500000
370,1,1,4.000000,0.500000,0.500000
371,1,1,3.000000,0.000000,0.500000
372,1,1,3.000000,0.000000,0.500000
373,1,1,7.000000,0.700000,0.500000
374,1,1,8.000000,1.000000,0.500000
375,0,1,3.000000,0.000000,0.500000
376,1,1,4.000000,0.500000,0.500000
377,0,1,4.000000,0.500000,0.500000
378,1,1,3.000000,0.000000,0.500000
379,1,1,3.000000,0.000000,0.500000
380,1,1,6.000000,0.800000,0.500000
381,1,1,3.000000,0.000000,0.500000
382,1,1,3.000000,0.000000,0.500000
383,1,1,4.000000,0.500000,0.500000
384,1,1,3.000000,0.000000,0.500000
385,1,1,4.000000,0.500000,0.500000
386,1,1,3.000000,0.000000,0.500000
387,1,1,3.000000,0.000000,0.500000
388,1,1,3.000000,0.000000,0.500000
389,1,1,8.000000,0.900000,0.500000
390,1,1,4.000000,0.500000,0.500000
391,1,1,6.000000,0.800000,0.500000
392,1,1,3.000000,0.000000,0.500000
393,1,1,4.000000,0.500000,0.500000
394,1,1,3.000000,0.000000,0.500000
395,1,1,4.000000,0.500000,0.500000
396,1,1,3.000000,0.000000,0.500000
397,1,1,4.000000,0.500000,0.500000
398,1,1,3.000000,0.000000,0.500000
399,1,1,4.000000,0.500000,0.500000
400,1,1,4.000000,0.500000,0.500000
401,0,1,4.000000,0.500000,0.500000
402,1,1,4.000000,0.500000,0.500000
403,1,1,6.000000,0.900000,0.500000
404,1,1,4.000000,0.500000,0.500000
405,1,1,3.000000,0.000000,0.500000
406,1,1,3.000000,0.000000,0.500000
407,1,1,3.000000,0.000000,0.500000
408,1,1,4.000000,0.500000,0.500000
409,1,1,4.000000,0.500000,0.500000
410,1,1,3.000000,0.000000,0.500000
411,1,1,6.000000,0.800000,0.500000
412,1,1,7.000000,0.700000,0.500000
413,1,1,3.000000,0.000000,0.500000
414,1,1,4.000000,0.500000,0.500000
415,1,1,3.000000,0.000000,0.500000
416,1,1,3.000000,0.000000,0.500000
417,1,1,4.000000,0.500000,0.500000
418,1,1,4.000000,0.500000,0.500000
419,0,1,3.000000,0.000000,0.500000
420,1,1,5.000000,0.800000,0.500000
421,0,1,4.000000,0.500000,0.500000
422,1,1,3.000000,0.000000,0.500000
423,0,1,5.000000,0.800000,0.500000
424,1,1,3.000000,0.000000,0.500000
425,0,1,4.000000,0.500000,0.500000
426,1,1,5.000000,0.800000,0.500000
427,0,1,5.000000,0.800000,0.500000
428,1,1,3.000000,0.000000,0.500000
429,1,1,4.000000,0.500000,0.500000
430,1,1,4.000000,0.500000,0.500000
431,1,0,6.000000,0.900000,0.500000
432,0,1,4.000000,0.500000,0.500000
433,0,0,3.000000,0.000000,0.500000
434,1,1,3.000000,0.000000,0.500000
435,1,1,4.000000,0.500000,0.500000
436,1,1,3.000000,0.000000,0.500000
437,1,1,7.000000,0.900000,0.500000
438,1,1,3.000000,0.000000,0.500000
439,1,1,3.000000,0.000000,0.500000
440,1,1,3.000000,0.000000,0.500000
441,1,1,7.000000,0.700000,0.500000
442,1,1,3.000000,0.000000,0.500000
443,1,1,6.000000,0.900000,0.500000
444,1,1,4.000000,0.500000,0.500000
445,1,1,4.000000,0.500000,0.500000
446,0,1,6.000000,0.900000,0.500000
447,1,1,3.000000,0.000000,0.500000
448,1,1,4.000000,0.500000,0.500000
449,0,1,4.000000,0.900000,0.500000
450,0,1,4.000000,0.500000,0.500000
451,1,1,3.000000,0.000000,0.500000
452,1,1,3.000000,0.000000,0.500000
453,1,1,5.000000,0.800000,0.500000
454,0,0,4.000000,0.500000,0.500000
455,1,1,3.000000,0.000000,0.500000
456,0,0,4.000000,0.500000,0.500000
457,1,1,3.000000,0.000000,0.500000
458,1,1,4.000000,0.500000,0.500000
459,1,1,4.000000,0.500000,0.500000
460,1,1,4.000000,0.500000,0.500000
461,1,1,4.000000,0.500000,0.500000
462,1,1,4.000000,0.500000,0.500000
463,0,0,6.000000,1.000000,0.500000
464,1,1,7.000000,0.700000,0.500000
465,1,1,4.000000,0.500000,0.500000
466,1,1,3.000000,0.000000,0.500000
467,1,1,3.000000,0.000000,0.500000
468,1,1,3.000000,0.000000,0.500000
469,1,1,4.000000,0.500000,0.500000
470,1,1,4.000000,0.500000,0.500000
471,1,1,4.000000,0.500000,0.500000
472,1,1,4.000000,0.900000,0.500000
473,1,1,4.000000,0.500000,0.500000
474,0,1,5.000000,0.800000,0.500000
475,1,1,3.000000,0.000000,0.500000
476,1,1,3.000000,0.000000,0.500000
477,1,1,3.000000,0.000000,0.500000
478,1,1,6.000000,0.900000,0.500000
479,1,1,3.000000,0.000000,0.500000
480,1,1,3.000000,0.000000,0.500000
481,1,1,3.000000,0.000000,0.500000
482,1,1,3.000000,0.000000,0.500000
483,1,1,4.000000,0.500000,0.500000
484,0,1,5.000000,0.800000,0.500000
485,0,1,5.000000,0.800000,0.500000
486,1,1,9.000000,1.000000,0.500000
487,1,1,3.000000,0.000000,0.500000
488,1,1,3.000000,0.000000,0.500000
489,1,1,3.000000,0.000000,0.500000
490,1,1,3.000000,0.000000,0.500000
491,1,1,4.000000,0.500000,0.500000
492,1,1,4.000000,0.500000,0.500000
493,1,1,4.000000,0.600000,0.500000
494,1,1,5.000000,0.800000,0.500000
495,1,1,3.000000,0.000000,0.500000
496,1,1,6.000000,0.900000,0.500000
497,1,1,4.000000,0.500000,0.500000
498,1,1,4.000000,0.500000,0.500000
499,1,1,5.000000,0.800000,0.500000
500,1,1,4.000000,0.500000,0.500000
501,1,1,4.000000,0.500000,0.500000
502,1,1,3.000000,0.000000,0.500000
503,1,1,3.000000,0.000000,0.500000
504,0,0,4.000000,0.500000,0.500000
505,1,1,6.000000,0.800000,0.500000
506,0,1,5.000000,0.800000,0.500000
507,1,1,4.000000,0.500000,0.500000
508,1,1,5.000000,0.800000,0.500000
509,1,1,4.000000,0.500000,0.500000
510,1,1,4.000000,0.500000,0.500000
511,1,1,3.000000,0.000000,0.500000
512,1,1,3.000000,0.000000,0.500000
513,1,1,4.000000,0.500000,0.500000
514,1,1,3.000000,0.000000,0.500000
515,1,1,3.000000,0.000000,0.500000
516,0,1,5.000000,0.800000,0.500000
517,1,1,5.000000,0.800000,0.500000
518,1,1,3.000000,0.000000,0.500000
519,0,0,5.000000,0.800000,0.500000
520,1,1,3.000000,0.000000,0.500000
521,1,1,3.000000,0.000000,0.500000
522,1,1,3.000000,0.000000,0.500000
523,1,1,3.000000,0.000000,0.500000
524,1,1,4.000000,0.500000,0.500000
525,0,0,4.000000,0.500000,0.500000
526,1,1,4.000000,0.500000,0.500000
527,0,0,4.000000,0.500000,0.500000
528,1,1,5.000000,0.800000,0.500000
529,0,0,4.000000,0.500000,0.500000
530,1,1,4.000000,0.500000,0.500000
531,0,0,6.000000,0.800000,0.500000
532,1,1,3.000000,0.000000,0.500000
533,1,1,4.000000,0.500000,0.500000
534,1,1,3.000000,0.000000,0.500000
535,1,1,4.000000,0.500000,0.500000
536,1,1,5.000000,0.800000,0.500000
537,1,1,3.000000,0.000000,0.500000
538,1,1,3.000000,0.000000,0.500000
539,0,1,4.000000,0.500000,0.500000
540,0,0,4.000000,0.500000,0.500000
541,1,1,3.000000,0.000000,0.500000
542,1,1,5.000000,0.800000,0.500000
543,0,1,4.000000,0.500000,0.500000
544,1,1,3.000000,0.000000,0.500000
545,1,1,5.000000,0.800000,0.500000
546,1,1,4.000000,0.500000,0.500000
547,1,1,3.000000,0.000000,0.500000
548,1,1,3.000000,0.000000,0.500000
549,1,0,5.000000,0.800000,0.500000
550,1,1,5.000000,0.800000,0.500000
551,1,1,4.000000,0.500000,0.500000
552,1,1,4.000000,0.500000,0.500000
553,1,1,3.000000,0.000000,0.500000
554,0,0,4.000000,0.500000,0.500000
555,1,1,4.000000,0.600000,0.500000
556,1,1,7.000000,0.900000,0.500000
557,1,1,4.000000,0.500000,0.500000
558,1,1,4.000000,0.500000,0.500000
559,0,1,6.000000,0.900000,0.500000
560,1,1,3.000000,0.000000,0.500000
561,1,1,4.000000,0.500000,0.500000
562,1,1,3.000000,0.000000,0.500000
563,1,1,3.000000,0.000000,0.500000
564,1,1,7.000000,0.900000,0.500000
565,0,1,4.000000,0.500000,0.500000
566,0,1,3.000000,0.000000,0.500000
567,1,1,3.000000,0.000000,0.500000
568,1,1,3.000000,0.000000,0.500000
569,1,1,4.000000,0.500000,0.500000
570,1,1,4.000000,0.500000,0.500000
571,1,1,3.000000,0.000000,0.500000
572,1,1,3.000000,0.000000,0.500000
573,1,1,4.000000,0.500000,0.500000
574,0,0,3.000000,0.000000,0.500000
575,1,1,4.000000,0.500000,0.500000
576,1,1,4.000000,0.500000,0.500000
577,1,1,4.000000,0.500000,0.500000
578,1,1,6.000000,1.000000,0.500000
579,1,1,4.000000,0.500000,0.500000
580,0,0,3.000000,0.000000,0.500000
581,1,1,4.000000,0.500000,0.500000
582,1,1,3.000000,0.000000,0.500000
583,0,0,4.000000,0.500000,0.500000
584,1,1,4.000000,0.500000,0.500000
585,1,1,3.000000,0.000000,0.500000
586,1,1,4.000000,0.500000,0.500000
587,1,1,4.000000,0.500000,0.500000
588,0,1,5.000000,0.800000,0.500000
589,1,1,4.000000,0.500000,0.500000
590,1,1,4.000000,0.500000,0.500000
591,1,1,4.000000,0.500000,0.500000
592,0,1,4.000000,0.500000,0.500000
593,1,1,3.000000,0.000000,0.500000
594,1,1,3.000000,0.000000,0.500000
595,1,1,3.000000,0.000000,0.500000
596,1,1,6.000000,0.900000,0.500000
597,1,1,3.000000,0.000000,0.500000
598,1,1,4.000000,0.500000,0.500000
599,1,1,4.000000,0.500000,0.500000
600,1,1,4.000000,0.500000,0.500000
601,1,1,3.000000,0.000000,0.500000
602,1,1,7.000000,0.700000,0.500000
603,1,1,3.000000,0.000000,0.500000
604,1,1,4.000000,0.500000,0.500000
605,1,1,3.000000,0.000000,0.500000
606,0,0,4.000000,0.500000,0.500000
607,1,1,4.000000,0.500000,0.500000
608,1,1,5.000000,0.800000,0.500000
609,1,1,5.000000,0.800000,0.500000
610,1,1,3.000000,0.000000,0.500000
611,1,1,4.000000,0.500000,0.500000
612,1,1,3.000000,0.000000,0.500000
613,0,1,3.000000,0.000000,0.500000
614,1,1,6.000000,0.900000,0.500000
615,1,1,5.000000,0.800000,0.500000
616,1,1,4.000000,0.500000,0.500000
617,1,1,4.000000,0.500000,0.500000
618,0,0,3.000000,0.000000,0.500000
619,1,1,3.000000,0.000000,0.500000
620,1,1,4.000000,0.500000,0.500000
621,0,0,4.000000,0.500000,0.500000
622,1,1,4.000000,0.900000,0.500000
623,1,1,3.000000,0.000000,0.500000
624,1,1,3.000000,0.000000,0.500000
625,1,1,3.000000,0.000000,0.500000
626,1,1,3.000000,0.000000,0.500000
627,1,1,6.000000,0.900000,0.500000
628,1,1,3.000000,0.000000,0.500000
629,1,1,5.000000,0.800000,0.500000
630,0,0,5.000000,0.800000,0.500000
631,0,1,3.000000,0.000000,0.500000
632,0,0,4.000000,0.500000,0.500000
633,0,1,5.000000,0.800000,0.500000
634,1,1,3.000000,0.000000,0.500000
635,1,1,3.000000,0.000000,0.500000
636,1,1,3.000000,0.000000,0.500000
637,1,1,3.000000,0.000000,0.500000
638,1,1,4.000000,0.500000,0.500000
639,0,1,5.000000,0.800000,0.500000
640,0,0,3.000000,0.000000,0.500000
641,1,1,6.000000,0.800000,0.500000
642,1,1,6.000000,0.900000,0.500000
643,1,1,4.000000,0.500000,0.500000
644,1,1,5.000000,0.800000,0.500000
645,1,1,5.000000,0.800000,0.500000
646,1,1,3.000000,0.000000,0.500000
647,1,1,4.000000,0.600000,0.500000
648,0,0,4.000000,0.500000,0.500000
649,1,1,3.000000,0.000000,0.500000
650,1,1,4.000000,0.500000,0.500000
651,1,1,8.000000,1.000000,0.500000
652,1,1,4.000000,0.500000,0.500000
653,1,1,3.000000,0.000000,0.500000
654,0,1,5.000000,0.800000,0.500000
655,1,1,3.000000,0.000000,0.500000
656,0,0,4.000000,0.500000,0.500000
657,1,1,4.000000,0.500000,0.500000
658,1,1,3.000000,0.000000,0.500000
659,1,1,6.000000,1.000000,0.500000
660,0,1,4.000000,0.500000,0.500000
661,1,1,3.000000,0.000000,0.500000
662,0,0,3.000000,0.000000,0.500000
663,0,0,3.000000,0.000000,0.500000
664,1,1,3.000000,0.000000,0.500000
665,0,0,4.000000,0.500000,0.500000
666,1,1,3.000000,0.000000,0.500000
667,1,1,3.000000,0.000000,0.500000
668,1,1,3.000000,0.000000,0.500000
669,1,1,4.000000,0.500000,0.500000
670,1,1,4.000000,0.500000,0.500000
671,1,1,4.000000,0.500000,0.500000
672,1,1,5.000000,0.800000,0.500000
673,1,1,5.000000,0.800000,0.500000
674,1,1,4.000000,0.500000,0.500000
675,1,1,3.000000,0.000000,0.500000
676,1,1,4.000000,0.500000,0.500000
677,1,1,3.000000,0.000000,0.500000
678,1,1,3.000000,0.000000,0.500000
679,1,1,3.000000,0.000000,0.500000
680,1,1,3.000000,0.000000,0.500000
681,0,0,6.000000,0.800000,0.500000
682,0,1,3.000000,0.000000,0.500000
683,0,0,6.000000,0.900000,0.500000
684,1,1,3.000000,0.000000,0.500000
685,1,0,4.000000,0.500000,0.500000
686,1,1,5.000000,0.800000,0.500000
687,0,1,3.000000,0.000000,0.500000
688,1,1,6.000000,1.000000,0.500000
689,1,1,3.000000,0.000000,0.500000
690,1,1,3.000000,0.000000,0.500000
691,1,1,3.000000,0.000000,0.500000
692,1,1,4.000000,0.500000,0.500000
693,1,1,3.000000,0.000000,0.500000
694,1,1,4.000000,0.500000,0.500000
695,1,1,3.000000,0.000000,0.500000
696,1,1,3.000000,0.000000,0.500000
697,1,1,3.000000,0.000000,0.500000
698,1,1,3.000000,0.000000,0.500000
699,1,1,4.000000,0.500000,0.500000
700,1,1,4.000000,0.500000,0.500000
701,1,1,4.000000,0.500000,0.500000
702,0,1,4.000000,0.500000,0.500000
703,1,1,8.000000,0.900000,0.500000
704,0,1,5.000000,0.800000,0.500000
705,1,1,3.000000,0.000000,0.500000
706,0,0,4.000000,0.500000,0.500000
707,0,0,4.000000,0.500000,0.500000
708,1,1,3.000000,0.000000,0.500000
709,1,1,7.000000,0.700000,0.500000
710,1,1,4.000000,0.500000,0.500000
711,1,1,3.000000,0.000000,0.500000
712,1,1,3.000000,0.000000,0.500000
713,1,1,3.000000,0.000000,0.500000
714,1,1,4.000000,0.500000,0.500000
715,1,1,4.000000,0.500000,0.500000
716,1,0,5.000000,0.800000,0.500000
717,1,1,3.000000,0.000000,0.500000
718,1,1,3.000000,0.000000,0.500000
719,1,1,6.000000,0.800000,0.500000
720,1,1,4.000000,0.500000,0.500000
721,1,1,3.000000,0.000000,0.500000
722,1,1,3.000000,0.000000,0.500000
723,1,1,3.000000,0.000000,0.500000
724,1,1,4.000000,0.500000,0.500000
725,1,1,3.000000,0.000000,0.500000
726,1,1,4.000000,0.500000,0.500000
727,1,1,4.000000,0.500000,0.500000
728,1,1,3.000000,0.000000,0.500000
729,1,1,4.000000,0.500000,0.500000
730,0,1,4.000000,0.900000,0.500000
731,1,1,4.000000,0.500000,0.500000
732,1,1,4.000000,0.500000,0.500000
733,1,1,4.000000,0.900000,0.500000
734,1,1,3.000000,0.000000,0.500000
735,1,1,4.000000,0.500000,0.500000
736,1,1,6.000000,0.900000,0.500000
737,1,1,6.000000,0.900000,0.500000
738,1,1,4.000000,0.500000,0.500000
739,1,1,4.000000,0.500000,0.500000
740,1,1,3.000000,0.000000,0.500000
741,1,1,4.000000,0.500000,0.500000
742,1,1,3.000000,0.000000,0.500000
743,1,1,3.000000,0.000000,0.500000
744,1,1,4.000000,0.500000,0.500000
745,1,1,4.000000,0.500000,0.500000
746,1,1,5.000000,0.800000,0.500000
747,1,1,4.000000,0.500000,0.500000
748,1,1,4.000000,0.500000,0.500000
749,1,1,3.000000,0.000000,0.500000
750,1,1,4.000000,0.500000,0.500000
751,1,1,3.000000,0.000000,0.500000
752,1,1,3.000000,0.000000,0.500000
753,0,0,3.000000,0.000000,0.500000
754,1,1,4.000000,0.500000,0.500000
755,1,1,4.000000,0.500000,0.500000
756,0,0,4.000000,0.500000,0.500000
757,1,1,3.000000,0.000000,0.500000
758,0,0,4.000000,0.500000,0.500000
759,1,1,3.000000,0.000000,0.500000
760,0,1,3.000000,0.000000,0.500000
761,1,1,4.000000,0.500000,0.500000
762,1,1,4.000000,0.500000,0.500000
763,1,1,5.000000,0.800000,0.500000
764,1,1,4.000000,0.500000,0.500000
765,1,1,3.000000,0.000000,0.500000
766,1,1,4.000000,0.500000,0.500000
767,1,1,3.000000,0.000000,0.500000
768,1,1,3.000000,0.000000,0.500000
769,0,0,3.000000,0.000000,0.500000
770,0,1,5.000000,0.800000,0.500000
771,0,0,3.000000,0.000000,0.500000
772,1,1,3.000000,0.000000,0.500000
773,1,1,4.000000,0.500000,0.500000
774,1,1,4.000000,0.500000,0.500000
775,1,1,5.000000,0.800000,0.500000
776,1,1,4.000000,0.500000,0.500000
777,1,1,3.000000,0.000000,0.500000
778,1,1,3.000000,0.000000,0.500000
779,1,1,3.000000,0.000000,0.500000
780,1,1,4.000000,0.500000,0.500000
781,1,1,3.000000,0.000000,0.500000
782,0,1,4.000000,0.500000,0.500000
783,1,1,4.000000,0.500000,0.500000
784,1,1,6.000000,0.900000,0.500000
785,1,1,3.000000,0.000000,0.500000
786,1,1,3.000000,0.000000,0.500000
787,1,1,4.000000,0.500000,0.500000
788,1,1,4.000000,0.500000,0.500000
789,1,1,4.000000,0.500000,0.500000
790,0,1,5.000000,0.800000,0.500000
791,1,1,3.000000,0.000000,0.500000
792,1,1,3.000000,0.000000,0.500000
793,1,1,6.000000,0.900000,0.500000
794,0,1,5.000000,0.800000,0.500000
795,1,1,6.000000,1.000000,0.500000
796,1,1,4.000000,0.500000,0.500000
797,1,1,4.000000,0.500000,0.500000
798,1,1,4.000000,0.500000,0.500000
799,1,1,7.000000,0.800000,0.500000
800,0,1,7.000000,0.900000,0.500000
801,0,1,3.000000,0.000000,0.500000
802,1,1,3.000000,0.000000,0.500000
803,1,1,3.000000,0.000000,0.500000
804,1,1,3.000000,0.000000,0.500000
805,1,1,4.000000,0.500000,0.500000
806,0,0,6.000000,0.900000,0.500000
807,1,1,4.000000,0.500000,0.500000
808,1,1,3.000000,0.000000,0.500000
809,1,1,4.000000,0.500000,0.500000
810,1,1,4.000000,0.500000,0.500000
811,1,1,3.000000,0.000000,0.500000
812,0,1,4.000000,0.500000,0.500000
813,1,1,10.000000,0.900000,0.500000
814,1,1,3.000000,0.000000,0.500000
815,1,1,4.000000,0.500000,0.500000
816,0,0,7.000000,0.900000,0.500000
817,1,1,6.000000,0.900000,0.500000
818,1,1,4.000000,0.500000,0.500000
819,1,1,3.000000,0.000000,0.500000
820,1,1,3.000000,0.000000,0.500000
821,1,1,6.000000,0.900000,0.500000
822,0,1,3.000000,0.000000,0.500000
823,1,1,5.000000,0.800000,0.500000
824,1,1,7.000000,0.800000,0.500000
825,1,1,6.000000,1.000000,0.500000
826,1,1,3.000000,0.000000,0.500000
827,1,1,3.000000,0.000000,0.500000
828,1,1,3.000000,0.000000,0.500000
829,1,1,3.000000,0.000000,0.500000
830,1,1,3.000000,0.000000,0.500000
831,1,1,4.000000,0.500000,0.500000
832,1,1,4.000000,0.500000,0.500000
833,1,1,4.000000,0.600000,0.500000
834,1,1,3.000000,0.000000,0.500000
835,1,1,3.000000,0.000000,0.500000
836,1,1,3.000000,0.000000,0.500000
837,1,1,4.000000,0.500000,0.500000
838,1,1,3.000000,0.000000,0.500000
839,1,1,3.000000,0.000000,0.500000
840,1,1,3.000000,0.000000,0.500000
841,1,1,4.000000,0.500000,0.500000
842,1,1,5.000000,0.800000,0.500000
843,1,1,4.000000,0.500000,0.500000
844,1,1,3.000000,0.000000,0.500000
845,1,1,3.000000,0.000000,0.500000
846,1,1,4.000000,0.500000,0.500000
847,1,1,3.000000,0.000000,0.500000
848,1,1,6.000000,0.900000,0.500000
849,1,1,3.000000,0.000000,0.500000
850,1,1,4.000000,0.500000,0.500000
851,1,1,6.000000,0.900000,0.500000
852,1,1,3.000000,0.000000,0.500000
853,0,1,5.000000,0.800000,0.500000
854,1,1,4.000000,0.500000,0.500000
855,1,1,4.000000,0.500000,0.500000
856,1,1,4.000000,0.500000,0.500000
857,1,1,5.000000,0.800000,0.500000
858,0,1,4.000000,0.500000,0.500000
859,1,1,5.000000,0.800000,0.500000
860,1,1,3.000000,0.000000,0.500000
861,0,1,8.000000,0.900000,0.500000
862,1,1,4.000000,0.900000,0.500000
863,1,1,7.000000,0.700000,0.500000
864,1,1,4.000000,0.500000,0.500000
865,0,1,4.000000,0.500000,0.500000
866,1,1,3.000000,0.000000,0.500000
867,1,1,3.000000,0.000000,0.500000
868,0,0,6.000000,0.900000,0.500000
869,1,1,3.000000,0.000000,0.500000
870,1,1,4.000000,0.500000,0.500000
871,1,1,4.000000,0.500000,0.500000
872,0,1,4.000000,0.500000,0.500000
873,1,1,3.000000,0.000000,0.500000
874,1,1,3.000000,0.000000,0.500000
875,1,1,3.000000,0.000000,0.500000
876,1,1,4.000000,0.500000,0.500000
877,1,1,3.000000,0.000000,0.500000
878,0,0,5.000000,0.800000,0.500000
879,1,1,4.000000,0.500000,0.500000
880,1,1,4.000000,0.500000,0.500000
881,1,1,3.000000,0.000000,0.500000
882,1,1,5.000000,0.800000,0.500000
883,1,1,6.000000,1.000000,0.500000
884,0,1,5.000000,0.800000,0.500000
885,1,1,4.000000,0.500000,0.500000
886,1,1,3.000000,0.000000,0.500000
887,1,1,3.000000,0.000000,0.500000
888,1,1,4.000000,0.500000,0.500000
889,1,1,4.000000,0.500000,0.500000
890,1,1,3.000000,0.000000,0.500000
891,1,1,4.000000,0.500000,0.500000
892,1,1,4.000000,0.500000,0.500000
893,0,0,5.000000,0.800000,0.500000
894,1,1,3.000000,0.000000,0.500000
895,1,1,3.000000,0.000000,0.500000
896,1,1,5.000000,0.800000,0.500000
897,1,1,6.000000,0.900000,0.500000
898,1,1,3.000000,0.000000,0.500000
899,1,1,4.000000,0.500000,0.500000
900,1,1,4.000000,0.500000,0.500000
901,1,0,6.000000,0.900000,0.500000
902,1,1,4.000000,0.500000,0.500000
903,1,1,3.000000,0.000000,0.500000
904,1,1,4.000000,0.500000,0.500000
905,1,1,3.000000,0.000000,0.500000
906,1,0,7.000000,0.900000,0.500000
907,1,1,3.000000,0.000000,0.500000
908,0,1,3.000000,0.000000,0.500000
909,0,1,4.000000,0.500000,0.500000
910,1,1,5.000000,0.800000,0.500000
911,1,1,3.000000,0.000000,0.500000
912,1,1,3.000000,0.000000,0.500000
913,0,0,3.000000,0.000000,0.500000
914,1,1,7.000000,0.900000,0.500000
915,1,1,3.000000,0.000000,0.500000
916,1,1,4.000000,0.500000,0.500000
917,1,1,5.000000,0.800000,0.500000
918,1,1,4.000000,0.500000,0.500000
919,1,1,3.000000,0.000000,0.500000
920,1,1,5.000000,0.800000,0.500000
921,1,1,4.000000,0.500000,0.500000
922,1,1,3.000000,0.000000,0.500000
923,1,1,4.000000,0.500000,0.500000
924,0,1,3.000000,0.000000,0.500000
925,1,1,3.000000,0.000000,0.500000
926,1,1,6.000000,0.800000,0.500000
927,1,1,4.000000,0.600000,0.500000
928,1,1,3.000000,0.000000,0.500000
929,1,1,4.000000,0.500000,0.500000
930,0,1,4.000000,0.500000,0.500000
931,1,1,3.000000,0.000000,0.500000
932,0,0,3.000000,0.000000,0.500000
933,0,1,5.000000,0.800000,0.500000
934,1,1,7.000000,0.700000,0.500000
935,1,1,3.000000,0.000000,0.500000
936,1,1,3.000000,0.000000,0.500000
937,1,1,9.000000,0.900000,0.500000
938,1,1,3.000000,0.000000,0.500000
939,0,1,4.000000,0.500000,0.500000
940,1,1,3.000000,0.000000,0.500000
941,0,0,3.000000,0.000000,0.500000
942,1,1,4.000000,0.500000,0.500000
943,1,1,3.000000,0.000000,0.500000
944,1,1,4.000000,0.500000,0.500000
945,1,1,3.000000,0.000000,0.500000
946,1,1,3.000000,0.000000,0.500000
947,1,1,3.000000,0.000000,0.500000
948,1,1,4.000000,0.500000,0.500000
949,0,1,6.000000,0.900000,0.500000
950,0,1,3.000000,0.000000,0.500000
951,1,1,6.000000,1.000000,0.500000
952,1,1,3.000000,0.000000,0.500000
953,1,1,6.000000,0.800000,0.500000
954,1,1,3.000000,0.000000,0.500000
955,1,1,3.000000,0.000000,0.500000
956,0,0,3.000000,0.000000,0.500000
957,1,1,5.000000,0.800000,0.500000
958,1,1,3.000000,0.000000,0.500000
959,1,1,3.000000,0.000000,0.500000
960,1,1,5.000000,0.800000,0.500000
961,1,1,4.000000,0.500000,0.500000
962,0,1,5.000000,0.800000,0.500000
963,0,1,7.000000,0.900000,0.500000
964,0,1,5.000000,0.800000,0.500000
965,1,1,3.000000,0.000000,0.500000
966,1,1,3.000000,0.000000,0.500000
967,1,1,3.000000,0.000000,0.500000
968,1,1,3.000000,0.000000,0.500000
969,1,1,4.000000,0.500000,0.500000
970,1,1,4.000000,0.500000,0.500000
971,1,1,3.000000,0.000000,0.500000
972,0,0,3.000000,0.000000,0.500000
973,1,1,4.000000,0.500000,0.500000
974,1,1,4.000000,0.900000,0.500000
975,1,1,3.000000,0.000000,0.500000
976,1,1,3.000000,0.000000,0.500000
977,1,1,4.000000,0.500000,0.500000
978,0,1,5.000000,0.800000,0.500000
979,1,1,3.000000,0.000000,0.500000
980,1,1,3.000000,0.000000,0.500000
981,1,1,3.000000,0.000000,0.500000
982,0,0,3.000000,0.000000,0.500000
983,0,0,4.000000,0.500000,0.500000
984,0,1,4.000000,0.500000,0.500000
985,1,1,3.000000,0.000000,0.500000
986,1,1,4.000000,0.500000,0.500000
987,1,1,3.000000,0.000000,0.500000
988,0,0,3.000000,0.000000,0.500000
989,1,1,4.000000,0.500000,0.500000
990,1,0,4.000000,0.500000,0.500000
991,1,1,4.000000,0.500000,0.500000
992,1,1,4.000000,0.500000,0.500000
993,1,1,4.000000,0.500000,0.500000
994,0,0,3.000000,0.000000,0.500000
995,1,1,4.000000,0.500000,0.500000
996,0,1,4.000000,0.500000,0.500000
997,1,1,4.000000,0.900000,0.500000
998,1,1,4.000000,0.500000,0.500000
999,0,0,4.000000,0.500000,0.500000
WorkerID,Gamma,TrueGamma
416,0.490196,0.603811
726,0.495055,0.598589
585,0.487847,1.091215
509,0.500810,1.681734
531,0.489838,0.887475
569,0.484512,0.992050
500,0.503205,0.729316
911,0.507960,1.169901
577,0.505810,2.215542
66,0.492807,0.454014
529,0.508037,0.875584
904,0.506222,2.289277
479,0.487548,2.120034
165,0.490583,1.474409
406,0.485283,0.239788
595,0.496531,0.601940
539,0.528151,0.624534
836,0.503729,0.990335
434,0.489774,0.447759
295,0.509697,0.651800
237,0.492318,0.535025
750,0.494209,0.937567
593,0.507741,0.599665
68,0.483349,0.772984
651,0.508432,1.026312
316,0.484866,0.907641
809,0.490568,1.431545
385,0.496934,1.611787
733,0.519267,1.260216
649,0.487866,0.984544
901,0.501087,0.657731
169,0.515122,0.783970
951,0.503007,0.481691
914,0.505764,0.831463
688,0.492326,1.321843
643,0.523956,1.593921
778,0.505689,1.343439
860,0.495031,0.426864
619,0.501292,0.667967
159,0.495065,0.872652
896,0.492768,1.198733
335,0.483002,1.053865
367,0.505800,0.860759
277,0.505872,1.320263
454,0.487869,0.910639
7,0.502990,0.744468
41,0.496563,0.818959
879,0.489838,1.163172
180,0.505784,1.388778
900,0.503545,0.655904
847,0.510809,2.073201
721,0.491902,0.839310
715,0.482703,1.080282
732,0.489846,0.928203
810,0.500867,0.591920
927,0.492706,1.326401
409,0.503469,2.141850
47,0.492252,1.418719
355,0.501317,0.931643
478,0.492445,2.279062
69,0.503122,0.734275
140,0.520830,2.004492
412,0.506205,1.317363
725,0.492784,1.200141
366,0.492766,0.381459
113,0.495031,0.827687
943,0.487534,1.728297
625,0.505037,0.367686
549,0.487710,0.440538
851,0.525667,1.033173
764,0.518756,1.099454
646,0.487882,0.975502
946,0.492773,0.829232
556,0.495071,0.991986
221,0.484542,0.577549
177,0.508391,0.790940
876,0.487889,1.405201
38,0.510591,0.434028
906,0.489409,1.049685
273,0.485263,0.684044
400,0.508671,1.257374
306,0.501820,0.361825
43,0.490524,1.118689
705,0.523881,0.789457
741,0.523220,1.465067
206,0.503489,0.927820
668,0.487832,0.979607
842,0.518999,1.577734
631,0.485158,2.639446
773,0.503688,1.295253
338,0.500918,1.370408
388,0.492283,0.849493
843,0.490597,1.259439
854,0.501287,0.854315
15,0.521960,2.181559
149,0.485323,1.271975
923,0.482580,1.525799
667,0.492448,0.306375
25,0.485322,0.647302
287,0.522546,1.385209
612,0.525265,1.480982
805,0.487887,0.561501
318,0.494698,1.280017
639,0.505804,1.072289
844,0.510597,0.788245
417,0.505462,0.878004
957,0.510300,1.303970
988,0.521399,2.122945
857,0.492301,0.903551
746,0.475622,0.600587
89,0.510142,0.415991
251,0.503618,0.490242
997,0.508425,0.488746
690,0.487826,1.519187
131,0.496790,2.418382
340,0.492822,1.272223
601,0.499656,0.872967
767,0.494809,1.641653
256,0.496478,1.628894
361,0.503706,3.035083
884,0.508349,1.298675
564,0.482996,0.469729
929,0.508074,0.369912
21,0.497048,0.981627
568,0.510987,1.879835
276,0.505906,0.405437
786,0.492707,0.846927
627,0.492403,1.280870
815,0.529442,0.788170
99,0.503991,0.774081
435,0.518330,0.722555
432,0.526067,1.965672
757,0.517938,0.722755
54,0.490510,0.490338
630,0.490118,0.574083
608,0.482651,0.777103
350,0.512242,2.496816
824,0.494371,2.069217
560,0.489825,1.506380
40,0.495038,1.600307
998,0.505444,1.535706
233,0.485337,1.947464
386,0.503150,0.391313
657,0.494126,0.848523
821,0.489837,1.237499
950,0.492784,2.017207
973,0.505809,1.444353
975,0.487479,2.104278
414,0.492793,2.149861
779,0.490499,1.724884
543,0.490171,0.788615
680,0.484790,0.943388
368,0.480341,0.614718
717,0.495035,0.974881
9,0.512491,0.934300
452,0.499539,0.439917
700,0.506233,0.982199
755,0.524059,0.751699
641,0.519125,0.464397
698,0.540827,0.890883
267,0.492770,0.700682
830,0.487552,0.379145
91,0.492117,0.636547
937,0.523239,1.691704
637,0.517041,0.476902
613,0.505825,0.798044
160,0.487464,1.078552
94,0.485255,0.768467
138,0.501070,0.747728
375,0.496797,0.206348
18,0.483303,0.476223
236,0.492725,2.308695
547,0.523449,0.931337
783,0.515105,3.119225
379,0.541371,1.488917
891,0.512514,0.745832
614,0.514597,1.973351
544,0.504002,1.094485
648,0.501366,1.592958
915,0.524075,0.259755
482,0.512905,0.819944
151,0.487402,0.972157
396,0.485661,1.755566
590,0.508801,0.989166
506,0.490141,0.456819
168,0.536640,0.709137
768,0.498389,1.433951
622,0.490187,0.432848
497,0.518742,1.591369
84,0.523526,1.120882
976,0.490139,0.903551
266,0.484581,0.844469
179,0.490123,1.561828
475,0.494901,0.540732
298,0.521239,1.619966
620,0.501718,1.137402
109,0.503517,2.112934
166,0.528697,2.120016
342,0.514227,1.121457
527,0.490444,1.460787
215,0.508177,1.859944
523,0.501437,1.834136
290,0.485159,1.616281
710,0.503665,0.884549
188,0.495114,1.459681
415,0.495061,0.874596
521,0.496445,1.530329
418,0.505835,0.516803
33,0.501256,1.317283
225,0.507848,1.810111
203,0.489817,1.286938
127,0.512609,0.791470
774,0.490213,1.040725
199,0.519452,0.997903
727,0.490039,1.153257
782,0.532733,3.320639
548,0.526158,1.976519
600,0.495549,0.546980
134,0.518710,0.921624
14,0.483254,0.994950
519,0.508453,0.616349
986,0.556029,1.678251
941,0.495060,0.920909
351,0.490562,1.248061
984,0.505536,1.381777
78,0.514678,1.100726
157,0.487730,0.579657
886,0.499557,0.964292
820,0.480054,0.622673
142,0.497736,1.495143
141,0.512020,0.915466
856,0.501860,1.394166
443,0.530888,1.787902
629,0.503694,0.960675
458,0.487603,1.518648
737,0.508494,1.154737
57,0.492761,1.155949
662,0.494409,1.279194
910,0.524174,1.559642
230,0.503572,0.527169
108,0.523574,1.424837
922,0.490215,1.606832
85,0.490601,3.888110
839,0.494556,0.673865
339,0.495995,1.181349
17,0.492779,0.756633
201,0.485990,2.335576
632,0.487945,1.195515
402,0.523527,2.058155
673,0.528479,0.941012
77,0.496364,0.791912
952,0.487460,1.688480
173,0.519410,1.821216
308,0.492658,1.366978
421,0.513209,1.789848
655,0.503752,0.810961
558,0.503403,2.178966
960,0.488231,0.909455
495,0.522665,1.836000
3,0.490189,1.065351
393,0.519131,1.463225
793,0.490167,1.983470
758,0.501671,0.897870
111,0.492249,0.593315
994,0.506322,1.282069
241,0.487196,0.824109
571,0.508427,1.091551
455,0.503572,1.256810
112,0.487426,0.538221
345,0.490045,1.798510
795,0.517260,2.354849
916,0.497811,1.579181
776,0.484203,0.709684
16,0.503855,2.396053
987,0.504045,0.857562
1,0.483404,0.831918
332,0.490390,1.297060
344,0.506126,1.338601
271,0.503240,2.484291
305,0.521810,1.574437
147,0.492661,0.799751
770,0.499487,1.257735
107,0.494421,2.207263
155,0.514883,0.885715
193,0.490382,1.672292
242,0.487828,1.271435
580,0.537035,1.000291
259,0.482916,1.802922
11,0.490185,2.294608
491,0.519475,0.636506
822,0.506273,0.719632
559,0.478565,1.610699
153,0.503914,0.892972
323,0.517018,1.092294
664,0.517173,1.996854
838,0.526193,1.525286
274,0.505863,2.140179
728,0.490585,1.412638
354,0.492727,1.145840
428,0.487896,0.693363
442,0.521980,0.666493
398,0.480706,0.668930
977,0.503967,0.712026
713,0.496529,1.527136
877,0.503237,0.690556
703,0.505688,0.515955
880,0.495039,0.922848
60,0.506205,1.273609
754,0.519853,0.786656
525,0.492845,1.323620
46,0.516699,0.868724
213,0.508293,0.395220
537,0.504027,2.074919
524,0.518670,1.110492
413,0.487182,0.745984
347,0.505893,1.551548
955,0.499601,0.823610
403,0.479666,0.931885
870,0.501321,1.319344
672,0.487931,1.112307
488,0.508439,1.061905
42,0.503914,0.547743
161,0.519180,1.528274
62,0.510727,1.092267
268,0.510373,1.263656
343,0.491832,0.691391
785,0.487827,0.538785
362,0.502911,1.805915
490,0.508557,1.922765
494,0.508048,1.098895
246,0.521847,0.995677
227,0.487936,0.889903
992,0.488210,1.030803
606,0.487936,0.779311
315,0.521467,1.120571
260,0.521778,1.661503
300,0.501146,0.360508
269,0.532297,1.645317
552,0.505448,2.829828
540,0.503053,0.530642
990,0.525887,1.475357
186,0.510712,0.787809
575,0.516746,1.263418
874,0.512443,1.729675
101,0.491506,0.896516
763,0.487515,1.696181
837,0.492825,1.546580
431,0.503240,1.392476
380,0.485297,0.792378
118,0.487813,0.142442
887,0.505790,1.223484
121,0.486012,1.074894
502,0.483062,0.191540
27,0.503174,2.264042
76,0.503993,1.065285
422,0.500937,1.053770
954,0.503568,0.884121
87,0.492396,0.631751
816,0.537453,1.106836
615,0.496810,1.757536
759,0.526854,3.260977
253,0.508398,1.625500
200,0.485635,0.952434
694,0.492443,1.169442
581,0.487385,0.792226
65,0.512470,0.760231
669,0.503627,1.297817
103,0.496455,0.459866
146,0.487526,1.005619
840,0.511223,1.253545
890,0.482275,1.052205
885,0.512896,0.998352
410,0.487848,0.541002
647,0.492421,1.329238
477,0.507997,1.343370
514,0.493722,0.933140
328,0.527917,1.131926
319,0.506258,0.689563
79,0.490533,1.295200
996,0.501269,1.268988
591,0.510699,3.205345
404,0.487895,1.728471
541,0.530774,0.939316
425,0.517240,0.521592
850,0.526106,0.390144
892,0.490541,0.809371
546,0.487568,0.844303
83,0.492555,0.816391
716,0.499367,1.739310
919,0.485342,2.102900
999,0.506126,1.508811
74,0.505626,1.033751
961,0.500971,0.858373
202,0.501830,1.060569
689,0.492309,1.495074
676,0.539322,1.083099
709,0.496750,1.227022
291,0.501770,1.970262
464,0.490150,0.988190
128,0.508578,1.936640
222,0.495054,1.322558
411,0.490165,0.300595
211,0.492438,0.310043
678,0.487525,0.628493
363,0.503520,0.519580
730,0.490560,0.645689
392,0.503236,1.539789
238,0.485595,1.480775
114,0.487480,1.707157
196,0.521487,1.062418
39,0.492043,0.222750
407,0.511298,1.120502
766,0.487111,1.272218
352,0.518784,1.722693
232,0.506211,0.567234
967,0.495071,0.433309
198,0.505959,2.359091
636,0.501915,1.285648
314,0.526725,2.094250
691,0.512385,1.056565
624,0.499159,0.374182
702,0.489743,0.819982
980,0.505734,1.183794
371,0.510720,2.468548
122,0.534286,0.464909
769,0.510837,0.780146
26,0.521384,1.308389
226,0.490154,2.124763
312,0.508158,0.917885
13,0.497197,1.267681
244,0.492158,0.821443
983,0.497318,0.552600
359,0.497705,1.710684
972,0.503632,0.538086
965,0.521935,0.998465
708,0.508551,1.867294
616,0.499941,1.900718
685,0.526255,1.204677
278,0.497315,1.872473
719,0.515694,1.300948
395,0.508539,1.096840
283,0.497708,1.782178
498,0.499970,1.560645
317,0.526556,1.036276
800,0.497591,0.809389
408,0.510622,1.574597
802,0.499215,0.874213
106,0.499988,0.980586
817,0.524235,0.472060
449,0.528270,1.162446
869,0.495409,2.054613
372,0.519910,0.777530
50,0.490588,0.272840
553,0.511151,0.923472
507,0.519152,3.038766
369,0.520201,1.326547
280,0.496274,1.241687
10,0.490218,0.506795
867,0.494694,1.152863
948,0.495414,1.594708
666,0.516046,0.602100
302,0.490061,0.503553
790,0.515580,0.550025
116,0.513377,1.179370
789,0.497553,1.143287
873,0.502859,1.508077
28,0.499949,0.758501
261,0.502136,0.794462
939,0.508011,0.776955
493,0.493179,1.546962
962,0.485272,0.488074
949,0.500125,0.490434
550,0.510724,1.591074
866,0.516425,0.991636
573,0.499970,1.102527
671,0.494898,1.247578
294,0.490512,1.510397
80,0.515970,1.174223
37,0.517516,1.989436
602,0.510709,1.061894
381,0.506696,0.709283
31,0.508795,1.530149
133,0.499761,0.299482
940,0.499920,1.011984
902,0.508444,1.178985
855,0.492749,1.752720
6,0.511193,1.516044
139,0.495758,1.129956
516,0.493146,0.552887
828,0.490114,1.022938
883,0.515575,0.718151
570,0.519903,2.192948
104,0.526315,0.816387
181,0.545720,2.659356
692,0.504214,1.196446
279,0.528980,1.983348
92,0.490594,0.477006
587,0.493273,0.949003
582,0.499964,2.496186
158,0.495038,2.786333
484,0.517345,2.460483
473,0.508288,1.351332
545,0.494738,0.638926
714,0.513184,1.268573
148,0.495415,0.107603
804,0.501761,1.631733
334,0.513325,0.833838
456,0.492408,1.410775
683,0.502839,1.296221
125,0.492366,0.884107
658,0.508935,1.184139
51,0.492442,2.536628
289,0.492746,1.661902
71,0.517765,0.516221
903,0.513391,1.279127
645,0.494707,0.444094
574,0.495447,1.812331
661,0.490098,0.945598
982,0.522119,2.109683
665,0.495051,0.567853
899,0.495457,1.495666
55,0.487827,0.449351
48,0.500032,1.864914
336,0.502125,1.214121
105,0.505338,2.556124
212,0.497712,0.596026
22,0.522521,0.819200
150,0.504370,1.788721
327,0.492197,1.299017
130,0.513295,0.631307
968,0.513263,1.063999
528,0.485645,0.446900
814,0.537505,1.552614
760,0.497337,0.829438
635,0.510771,1.404162
503,0.514614,0.669026
293,0.508797,1.070670
686,0.510302,1.538628
784,0.506594,0.205252
938,0.510296,0.469162
555,0.508426,1.016496
787,0.497724,1.281396
610,0.513550,1.248266
936,0.515558,1.370618
499,0.497588,1.021831
466,0.503921,2.084929
461,0.502017,0.932225
775,0.495441,2.533734
401,0.510996,2.154548
59,0.517484,1.067360
945,0.497303,0.934838
373,0.492036,0.610122
628,0.529556,1.829827
481,0.497662,3.173114
679,0.504327,0.906680
217,0.508500,0.795846
894,0.511155,0.627385
696,0.513807,1.094793
474,0.508912,1.533479
535,0.511167,1.212892
423,0.523873,1.180825
376,0.544987,2.767380
214,0.497659,0.730021
463,0.495349,1.073363
812,0.511679,1.055347
510,0.490541,0.909985
799,0.510695,0.908155
365,0.531544,1.635312
426,0.495317,1.283673
868,0.495048,0.872317
871,0.528928,1.309065
255,0.510657,0.507494
174,0.497769,0.537266
286,0.494922,0.665735
517,0.515733,1.738883
863,0.499818,1.192081
753,0.495387,1.421214
991,0.524431,1.538447
304,0.542114,3.674873
660,0.497697,0.495365
634,0.506616,1.737897
405,0.497674,0.974623
501,0.499931,0.801020
791,0.504553,1.127571
621,0.518100,1.471523
803,0.488301,0.222414
526,0.549004,1.454445
889,0.497662,1.145840
908,0.508294,0.204186
56,0.511086,1.877960
981,0.511193,0.780092
898,0.492043,2.137288
185,0.516174,1.154884
684,0.546515,0.875591
748,0.493188,1.247165
235,0.499973,1.210864
588,0.508781,0.404371
164,0.502892,0.488303
67,0.497664,0.758328
859,0.503604,0.745453
184,0.513332,2.721579
208,0.495446,1.142193
374,0.494972,0.798565
124,0.514471,0.619417
191,0.502088,1.275269
102,0.499931,0.458025
137,0.501634,2.479630
178,0.510882,1.123368
492,0.497698,1.579006
460,0.499992,1.114994
284,0.499921,0.723603
935,0.493150,0.893864
723,0.512855,2.002408
285,0.511076,1.543025
699,0.490865,1.761820
34,0.515669,1.365397
934,0.511058,0.334376
742,0.497738,0.269903
73,0.526252,1.744527
310,0.505099,0.946442
58,0.492625,0.816159
826,0.512932,0.417654
348,0.499953,0.350180
30,0.497195,0.728901
567,0.499971,0.352867
171,0.542337,0.701220
745,0.549086,3.028675
969,0.515596,0.469121
736,0.499929,2.011080
905,0.511126,1.563527
522,0.515480,1.906226
788,0.528876,3.362766
325,0.495058,1.418497
119,0.513304,1.484476
163,0.495013,1.152282
462,0.497710,1.055584
231,0.531594,2.313610
823,0.499891,0.502668
583,0.524671,0.528666
542,0.513766,1.208282
480,0.508901,1.498139
487,0.495397,1.803556
695,0.521977,1.609504
979,0.529233,0.857746
607,0.504317,1.077472
272,0.499996,1.145678
219,0.497692,1.516698
579,0.515256,1.132325
19,0.499877,0.525206
659,0.524310,2.331200
447,0.528805,1.950029
861,0.517147,2.545600
209,0.508722,1.449152
12,0.497308,2.061351
450,0.497722,1.612629
808,0.497614,0.888369
446,0.490582,0.542498
829,0.504585,1.802451
8,0.499967,2.054827
311,0.505145,1.568655
956,0.508340,0.689237
2,0.492813,1.769609
989,0.506797,1.044370
470,0.506675,1.818717
370,0.499976,0.658999
86,0.499974,1.306024
330,0.497508,1.703951
958,0.506134,0.306275
729,0.497145,0.915001
445,0.528504,1.927733
638,0.492794,0.881345
292,0.515582,1.544990
743,0.499924,0.625584
811,0.524082,1.809419
807,0.517934,2.698576
576,0.522242,2.068872
744,0.495062,1.046389
985,0.506754,1.600313
701,0.500002,0.901122
735,0.524789,0.978727
508,0.510952,1.346822
605,0.490527,0.255581
377,0.497628,0.637531
819,0.528413,1.209997
483,0.497711,1.661033
20,0.508951,1.481015
511,0.493151,1.439576
485,0.506643,1.030769
798,0.497573,0.684761
98,0.495452,0.717727
825,0.497689,1.224283
175,0.499948,0.669360
262,0.504239,0.698083
565,0.502908,0.525511
250,0.495333,0.212515
90,0.512823,1.205182
309,0.546792,1.185081
827,0.520029,2.060286
467,0.497690,1.369398
604,0.539940,2.814886
597,0.499944,0.474833
24,0.511083,0.661036
832,0.497594,1.043922
681,0.513336,2.696487
397,0.503756,0.863494
801,0.541619,1.831562
533,0.512804,0.468646
731,0.524438,1.779486
841,0.499941,0.289633
644,0.499941,0.609486
872,0.511288,0.780789
384,0.528932,0.831052
739,0.506591,1.350738
252,0.513540,1.179452
387,0.511123,1.194077
275,0.497668,0.461963
765,0.500002,1.162617
288,0.497690,0.762438
433,0.492703,0.576961
918,0.497586,0.696976
917,0.497651,0.514844
457,0.513396,1.658275
875,0.517621,0.821547
707,0.513283,1.350848
189,0.502024,0.470522
448,0.524554,1.239580
424,0.497679,0.982182
907,0.528692,0.762369
674,0.533763,1.937266
145,0.522451,1.412522
512,0.526336,1.374548
322,0.513608,1.293015
675,0.544272,0.679908
329,0.506861,2.197680
389,0.520504,1.414439
626,0.544964,1.228245
848,0.562279,1.878827
849,0.498103,1.393875
391,0.491233,1.589381
135,0.529273,2.037236
974,0.500325,0.917474
578,0.515911,3.571470
154,0.495905,1.714007
865,0.502520,1.056134
747,0.518246,0.910426
29,0.500488,0.895381
176,0.498165,1.233040
333,0.515958,2.542083
437,0.497525,0.130868
971,0.497921,1.385199
36,0.495817,0.543753
192,0.498053,0.762090
264,0.495776,0.685394
263,0.526689,1.266980
126,0.506669,2.008116
598,0.515962,2.214628
566,0.531342,2.215581
239,0.504623,1.675008
313,0.511379,0.852673
933,0.515925,2.745360
882,0.498015,0.780363
959,0.504300,0.507519
430,0.515983,1.549134
722,0.493459,1.596659
303,0.528728,2.220698
197,0.507034,1.364321
831,0.522655,0.434668
930,0.491258,2.446263
218,0.500344,0.272334
356,0.498088,1.515924
123,0.495638,2.212395
182,0.533709,1.712466
913,0.495819,0.225468
538,0.498017,0.904902
162,0.529239,1.099090
557,0.513686,2.092263
711,0.500299,0.954228
852,0.497454,0.739266
427,0.524744,0.963365
346,0.541266,2.083072
806,0.538142,1.038297
862,0.500344,1.457901
751,0.533675,1.902711
720,0.500237,1.207746
650,0.544800,1.343000
794,0.513205,1.844825
82,0.518263,0.995651
706,0.498034,0.640648
210,0.531564,1.019823
740,0.529381,1.363141
249,0.564061,1.656493
117,0.512140,1.068084
257,0.516534,1.358978
353,0.513800,1.528467
970,0.534388,0.786769
187,0.503322,1.877877
504,0.514455,1.663961
777,0.498228,0.904339
589,0.523417,0.769394
331,0.500896,0.829387
96,0.516727,1.060904
53,0.521143,2.530244
963,0.536781,2.815638
515,0.505575,0.655725
518,0.584357,2.101964
718,0.503166,1.335473
70,0.496389,1.151382
978,0.516687,4.183775
265,0.503272,1.171663
436,0.523421,0.618415
247,0.512274,0.730781
240,0.532348,1.760441
834,0.518901,1.506021
194,0.527993,1.041853
599,0.503287,1.738405
383,0.532357,1.338859
399,0.551712,1.273825
5,0.498216,0.307512
357,0.556394,2.327803
677,0.531713,0.410836
307,0.503277,1.147598
944,0.530112,1.090571
324,0.514373,0.567981
864,0.505524,1.961299
75,0.510039,0.694045
505,0.543849,2.204914
563,0.503337,0.754429
888,0.505523,0.519945
143,0.516821,0.541122
780,0.550036,3.014912
394,0.503282,1.507166
378,0.500985,0.942667
663,0.521175,2.320986
420,0.505517,1.569602
224,0.494097,0.655116
190,0.500983,0.826688
52,0.526787,0.882941
390,0.519019,1.483274
136,0.545705,2.079686
633,0.503334,1.235503
32,0.532197,0.815880
813,0.556787,1.148168
617,0.521245,0.922148
653,0.536698,1.766869
670,0.503223,0.491666
144,0.513999,1.742757
170,0.505504,1.053042
656,0.505514,1.106033
594,0.505543,2.183642
45,0.530711,2.912709
693,0.536662,0.854956
223,0.527928,1.651374
216,0.516797,1.825074
592,0.552257,1.516236
220,0.505513,1.520767
207,0.505474,1.036507
618,0.518861,1.286706
297,0.505508,0.853290
337,0.521294,0.844217
797,0.518800,0.492896
61,0.516609,0.712529
687,0.523416,1.410132
471,0.523455,1.718214
562,0.505527,0.676968
909,0.518925,0.986436
44,0.532352,1.201064
204,0.521200,0.744628
623,0.518982,1.125453
536,0.549936,1.303125
752,0.534024,1.499645
183,0.518930,2.188374
321,0.527211,1.855165
472,0.521070,1.399645
734,0.503274,0.870834
897,0.510073,1.609097
654,0.520624,1.008496
926,0.518953,1.085254
441,0.503272,0.772866
489,0.527839,0.981423
931,0.525661,1.156331
532,0.512286,0.415187
245,0.499921,1.137550
921,0.509557,1.039291
792,0.521099,0.687194
100,0.539182,1.572841
81,0.519018,1.031184
110,0.503211,1.550760
749,0.523383,0.664628
97,0.503311,1.242083
704,0.500959,1.003941
496,0.516567,1.078594
928,0.527867,0.512710
63,0.509979,0.567131
360,0.500967,0.447257
652,0.516054,0.791601
258,0.505536,1.257507
341,0.509969,1.298354
451,0.519861,0.478663
833,0.504305,1.877933
846,0.506418,1.731115
95,0.528748,1.386747
611,0.537611,1.014072
64,0.534802,0.930895
853,0.501862,0.413880
444,0.510895,1.801951
35,0.504114,1.028525
712,0.507118,1.190772
878,0.504208,1.728760
554,0.518501,0.606938
966,0.519810,0.872936
23,0.531006,1.511400
468,0.501910,0.917638
561,0.522228,0.968361
530,0.504214,0.413080
486,0.517537,1.474963
296,0.538002,1.813865
228,0.504212,1.698929
234,0.527268,1.076042
895,0.555439,0.997037
796,0.533798,2.167610
248,0.517565,0.934438
299,0.504230,1.188795
534,0.520023,2.348706
72,0.528836,1.068089
132,0.504101,2.079801
762,0.513856,0.856183
281,0.533746,1.100035
924,0.522176,0.996116
49,0.504220,1.930309
301,0.509384,0.906148
932,0.519270,0.462640
419,0.527303,0.595958
270,0.551880,2.449049
156,0.506423,1.033392
243,0.506484,1.088037
947,0.517631,1.183071
453,0.506536,1.474735
738,0.519939,1.948628
439,0.509281,0.793266
881,0.515303,0.248861
995,0.535553,0.964720
993,0.525159,3.026662
756,0.514318,0.867422
772,0.506384,1.706348
761,0.538613,1.586245
642,0.506344,0.970713
835,0.519932,2.458494
115,0.519855,1.477526
893,0.519934,1.353900
167,0.522264,1.575826
586,0.533612,0.747081
88,0.533325,1.279241
920,0.536139,1.024471
4,0.511615,0.741513
584,0.506375,1.867277
195,0.520433,1.055230
469,0.506388,0.955339
152,0.525128,1.552991
724,0.525205,0.709015
382,0.519810,1.169908
349,0.504152,1.377361
320,0.525212,1.841646
0,0.548774,1.490108
358,0.509349,0.997308
93,0.504091,1.387870
440,0.536113,0.245884
925,0.503146,0.661467
229,0.521055,1.625515
120,0.503082,1.786185
520,0.509372,1.404041
129,0.549968,1.039862
603,0.503081,1.124483
912,0.509386,0.180486
818,0.503044,0.429112
465,0.512044,0.515404
205,0.527401,1.088474
172,0.520116,1.189842
254,0.503016,1.183461
609,0.535162,1.553343
551,0.518949,1.726892
640,0.509320,0.952099
845,0.509297,0.832896
Average Cost: 3.931000
Accuracy: 89.200000
Accuracy 0: 100.000000
Cost 0: 3.000000
Accuracy 1: 100.000000
Cost 1: 3.000000
Accuracy 2: 100.000000
Cost 2: 3.000000
Accuracy 3: 100.000000
Cost 3: 3.000000
Accuracy 4: 100.000000
Cost 4: 3.000000
Accuracy 5: 100.000000
Cost 5: 3.000000
Accuracy 6: 100.000000
Cost 6: 3.000000
Accuracy 7: 100.000000
Cost 7: 3.000000
Accuracy 8: 100.000000
Cost 8: 3.000000
Accuracy 9: 100.000000
Cost 9: 3.000000
