Number of Worker Pools: 1
Number of Workers in Pool 1: 1000
Original mean,standardDev for Pool 1: 4.000000,0.300000
Number of Workers in Pool 2: 1000
Original mean,standardDev for Pool 2: 3.500000,0.200000
Number of Problems: 1000
ProblemNo,Answer,TrueAnswer,Cost,Difficulty,TrueDifficulty
0,1,1,6.000000,0.800000,0.500000
1,0,1,5.000000,0.800000,0.500000
2,1,1,4.000000,0.500000,0.500000
3,1,1,5.000000,0.800000,0.500000
4,1,1,3.000000,0.000000,0.500000
5,0,0,4.000000,0.500000,0.500000
6,1,1,4.000000,0.500000,0.500000
7,0,1,5.000000,0.800000,0.500000
8,1,1,3.000000,0.000000,0.500000
9,1,1,3.000000,0.000000,0.500000
10,1,1,3.000000,0.000000,0.500000
11,1,1,5.000000,0.800000,0.500000
12,1,1,3.000000,0.000000,0.500000
13,1,1,3.000000,0.000000,0.500000
14,1,1,4.000000,0.500000,0.500000
15,1,1,3.000000,0.000000,0.500000
16,1,1,7.000000,0.700000,0.500000
17,1,1,3.000000,0.000000,0.500000
18,1,1,4.000000,0.500000,0.500000
19,1,1,6.000000,0.800000,0.500000
20,0,0,3.000000,0.000000,0.500000
21,1,1,6.000000,0.900000,0.500000
22,0,0,4.000000,0.500000,0.500000
23,1,1,3.000000,0.000000,0.500000
24,1,1,3.000000,0.000000,0.500000
25,1,1,6.000000,0.800000,0.500000
26,1,1,5.000000,0.800000,0.500000
27,1,1,3.000000,0.000000,0.500000
28,1,1,3.000000,0.000000,0.500000
29,1,1,3.000000,0.000000,0.500000
30,1,1,3.000000,0.000000,0.500000
31,1,1,4.000000,0.500000,0.500000
32,1,1,4.000000,0.500000,0.500000
33,1,1,3.000000,0.000000,0.500000
34,1,1,4.000000,0.500000,0.500000
35,1,1,4.000000,0.500000,0.500000
36,1,1,3.000000,0.000000,0.500000
37,1,1,4.000000,0.500000,0.500000
38,1,1,3.000000,0.000000,0.500000
39,1,1,3.000000,0.000000,0.500000
40,1,1,3.000000,0.000000,0.500000
41,1,1,3.000000,0.000000,0.500000
42,1,1,3.000000,0.000000,0.500000
43,1,1,6.000000,0.800000,0.500000
44,1,1,6.000000,0.800000,0.500000
45,1,1,3.000000,0.000000,0.500000
46,0,0,4.000000,0.500000,0.500000
47,1,1,5.000000,0.800000,0.500000
48,1,1,5.000000,0.800000,0.500000
49,1,1,4.000000,0.500000,0.500000
50,1,1,4.000000,0.500000,0.500000
51,1,1,6.000000,0.800000,0.500000
52,1,1,3.000000,0.000000,0.500000
53,1,1,4.000000,0.500000,0.500000
54,0,1,7.000000,0.800000,0.500000
55,0,1,4.000000,0.500000,0.500000
56,0,0,6.000000,0.800000,0.500000
57,1,1,6.000000,0.800000,0.500000
58,1,1,4.000000,0.500000,0.500000
59,0,1,4.000000,0.500000,0.500000
60,1,1,7.000000,0.900000,0.500000
61,0,0,3.000000,0.000000,0.500000
62,1,1,4.000000,0.500000,0.500000
63,1,1,4.000000,0.500000,0.500000
64,1,1,4.000000,0.500000,0.500000
65,0,0,3.000000,0.000000,0.500000
66,1,1,3.000000,0.000000,0.500000
67,1,1,3.000000,0.000000,0.500000
68,1,1,4.000000,0.500000,0.500000
69,1,1,3.000000,0.000000,0.500000
70,1,1,3.000000,0.000000,0.500000
71,1,1,5.000000,0.800000,0.500000
72,1,1,4.000000,0.500000,0.500000
73,1,1,3.000000,0.000000,0.500000
74,1,1,4.000000,0.500000,0.500000
75,1,1,3.000000,0.000000,0.500000
76,0,0,5.000000,0.800000,0.500000
77,1,1,4.000000,0.500000,0.500000
78,0,0,4.000000,0.500000,0.500000
79,1,1,4.000000,0.500000,0.500000
80,1,1,4.000000,0.500000,0.500000
81,1,1,4.000000,0.500000,0.500000
82,1,1,3.000000,0.000000,0.500000
83,1,1,3.000000,0.000000,0.500000
84,1,1,3.000000,0.000000,0.500000
85,1,1,5.000000,0.800000,0.500000
86,1,1,6.000000,0.800000,0.500000
87,1,1,4.000000,0.500000,0.500000
88,1,1,4.000000,0.500000,0.500000
89,1,1,4.000000,0.500000,0.500000
90,1,1,8.000000,0.900000,0.500000
91,1,1,3.000000,0.000000,0.500000
92,1,1,3.000000,0.000000,0.500000
93,0,0,4.000000,0.500000,0.500000
94,0,0,3.000000,0.000000,0.500000
95,1,1,3.000000,0.000000,0.500000
96,1,1,4.000000,0.500000,0.500000
97,1,1,6.000000,0.800000,0.500000
98,1,1,4.000000,0.500000,0.500000
99,1,1,3.000000,0.000000,0.500000
100,1,1,9.000000,0.800000,0.500000
101,1,1,3.000000,0.000000,0.500000
102,1,1,5.000000,0.800000,0.500000
103,1,1,4.000000,0.500000,0.500000
104,1,1,6.000000,0.800000,0.500000
105,0,0,3.000000,0.000000,0.500000
106,1,1,4.000000,0.500000,0.500000
107,1,1,4.000000,0.500000,0.500000
108,1,1,3.000000,0.000000,0.500000
109,1,0,3.000000,0.000000,0.500000
110,1,1,3.000000,0.000000,0.500000
111,1,1,4.000000,0.500000,0.500000
112,1,1,4.000000,0.500000,0.500000
113,1,1,3.000000,0.000000,0.500000
114,1,1,5.000000,0.800000,0.500000
115,1,1,4.000000,0.500000,0.500000
116,0,1,8.000000,0.900000,0.500000
117,1,1,3.000000,0.000000,0.500000
118,1,1,3.000000,0.000000,0.500000
119,1,1,3.000000,0.000000,0.500000
120,1,1,4.000000,0.500000,0.500000
121,1,1,4.000000,0.500000,0.500000
122,1,1,4.000000,0.500000,0.500000
123,1,1,3.000000,0.000000,0.500000
124,1,1,4.000000,0.500000,0.500000
125,1,1,3.000000,0.000000,0.500000
126,1,1,3.000000,0.000000,0.500000
127,0,1,6.000000,0.900000,0.500000
128,1,1,3.000000,0.000000,0.500000
129,1,1,3.000000,0.000000,0.500000
130,0,0,3.000000,0.000000,0.500000
131,1,1,3.000000,0.000000,0.500000
132,1,1,3.000000,0.000000,0.500000
133,1,1,4.000000,0.500000,0.500000
134,1,1,4.000000,0.500000,0.500000
135,1,1,6.000000,0.800000,0.500000
136,1,1,7.000000,0.700000,0.500000
137,0,0,4.000000,0.500000,0.500000
138,1,1,4.000000,0.500000,0.500000
139,1,1,3.000000,0.000000,0.500000
140,1,1,4.000000,0.500000,0.500000
141,1,1,3.000000,0.000000,0.500000
142,1,1,6.000000,0.900000,0.500000
143,1,1,4.000000,0.500000,0.500000
144,1,1,4.000000,0.500000,0.500000
145,1,1,3.000000,0.000000,0.500000
146,1,1,4.000000,0.500000,0.500000
147,0,0,5.000000,0.800000,0.500000
148,0,0,3.000000,0.000000,0.500000
149,1,1,4.000000,0.500000,0.500000
150,1,1,3.000000,0.000000,0.500000
151,1,1,4.000000,0.500000,0.500000
152,1,1,3.000000,0.000000,0.500000
153,1,1,4.000000,0.500000,0.500000
154,1,1,3.000000,0.000000,0.500000
155,1,1,4.000000,0.500000,0.500000
156,0,0,3.000000,0.000000,0.500000
157,1,1,4.000000,0.500000,0.500000
158,1,1,3.000000,0.000000,0.500000
159,0,1,6.000000,0.800000,0.500000
160,1,1,6.000000,0.900000,0.500000
161,1,1,5.000000,0.800000,0.500000
162,1,1,3.000000,0.000000,0.500000
163,0,1,4.000000,0.500000,0.500000
164,0,0,5.000000,0.800000,0.500000
165,1,1,4.000000,0.500000,0.500000
166,1,1,3.000000,0.000000,0.500000
167,1,1,3.000000,0.000000,0.500000
168,0,0,4.000000,0.500000,0.500000
169,1,1,4.000000,0.500000,0.500000
170,1,1,3.000000,0.000000,0.500000
171,1,1,3.000000,0.000000,0.500000
172,1,1,4.000000,0.500000,0.500000
173,1,1,4.000000,0.500000,0.500000
174,1,1,4.000000,0.500000,0.500000
175,1,1,3.000000,0.000000,0.500000
176,1,0,4.000000,0.500000,0.500000
177,1,1,5.000000,0.800000,0.500000
178,0,0,4.000000,0.500000,0.500000
179,0,0,4.000000,0.500000,0.500000
180,1,1,4.000000,0.500000,0.500000
181,1,1,3.000000,0.000000,0.500000
182,0,1,3.000000,0.000000,0.500000
183,1,1,3.000000,0.000000,0.500000
184,1,1,3.000000,0.000000,0.500000
185,1,1,4.000000,0.500000,0.500000
186,1,1,4.000000,0.500000,0.500000
187,0,0,5.000000,0.800000,0.500000
188,1,1,5.000000,0.800000,0.500000
189,1,1,5.000000,0.800000,0.500000
190,1,1,3.000000,0.000000,0.500000
191,1,1,3.000000,0.000000,0.500000
192,1,1,3.000000,0.000000,0.500000
193,0,0,3.000000,0.000000,0.500000
194,0,1,5.000000,0.800000,0.500000
195,0,0,3.000000,0.000000,0.500000
196,1,1,4.000000,0.500000,0.500000
197,1,1,3.000000,0.000000,0.500000
198,1,1,3.000000,0.000000,0.500000
199,1,1,3.000000,0.000000,0.500000
200,0,0,4.000000,0.500000,0.500000
201,1,1,5.000000,0.800000,0.500000
202,1,1,5.000000,0.800000,0.500000
203,1,1,6.000000,0.800000,0.500000
204,1,1,7.000000,0.900000,0.500000
205,1,1,3.000000,0.000000,0.500000
206,1,1,3.000000,0.000000,0.500000
207,1,1,4.000000,0.500000,0.500000
208,0,1,3.000000,0.000000,0.500000
209,0,1,5.000000,0.800000,0.500000
210,1,1,3.000000,0.000000,0.500000
211,1,1,3.000000,0.000000,0.500000
212,1,1,3.000000,0.000000,0.500000
213,1,1,4.000000,0.500000,0.500000
214,1,1,4.000000,0.500000,0.500000
215,1,1,4.000000,0.500000,0.500000
216,1,1,4.000000,0.500000,0.500000
217,1,1,3.000000,0.000000,0.500000
218,1,1,3.000000,0.000000,0.500000
219,1,1,4.000000,0.500000,0.500000
220,1,1,3.000000,0.000000,0.500000
221,1,1,4.000000,0.500000,0.500000
222,1,1,3.000000,0.000000,0.500000
223,1,1,3.000000,0.000000,0.500000
224,1,1,7.000000,1.000000,0.500000
225,1,1,5.000000,0.800000,0.500000
226,1,1,3.000000,0.000000,0.500000
227,1,1,3.000000,0.000000,0.500000
228,1,1,7.000000,0.800000,0.500000
229,1,1,4.000000,0.500000,0.500000
230,1,1,6.000000,0.800000,0.500000
231,0,1,3.000000,0.000000,0.500000
232,1,1,6.000000,0.800000,0.500000
233,1,1,3.000000,0.000000,0.500000
234,1,1,3.000000,0.000000,0.500000
235,0,1,5.000000,0.800000,0.500000
236,0,0,3.000000,0.000000,0.500000
237,1,1,3.000000,0.000000,0.500000
238,1,1,4.000000,0.500000,0.500000
239,1,1,3.000000,0.000000,0.500000
240,1,1,3.000000,0.000000,0.500000
241,0,1,4.000000,0.500000,0.500000
242,1,1,4.000000,0.500000,0.500000
243,1,1,3.000000,0.000000,0.500000
244,1,1,4.000000,0.500000,0.500000
245,0,1,5.000000,0.800000,0.500000
246,1,1,6.000000,0.800000,0.500000
247,1,1,4.000000,0.500000,0.500000
248,0,0,4.000000,0.500000,0.500000
249,1,1,3.000000,0.000000,0.500000
250,1,1,4.000000,0.500000,0.500000
251,1,1,5.000000,0.800000,0.500000
252,0,0,3.000000,0.000000,0.500000
253,1,1,4.000000,0.500000,0.500000
254,1,1,5.000000,0.800000,0.500000
255,1,1,4.000000,0.500000,0.500000
256,1,1,3.000000,0.000000,0.500000
257,1,1,3.000000,0.000000,0.500000
258,0,1,4.000000,0.500000,0.500000
259,1,1,4.000000,0.500000,0.500000
260,1,1,3.000000,0.000000,0.500000
261,1,1,4.000000,0.500000,0.500000
262,1,1,5.000000,0.900000,0.500000
263,1,1,3.000000,0.000000,0.500000
264,1,1,4.000000,0.500000,0.500000
265,1,1,4.000000,0.500000,0.500000
266,0,0,4.000000,0.500000,0.500000
267,1,1,4.000000,0.500000,0.500000
268,1,1,4.000000,0.500000,0.500000
269,0,1,3.000000,0.000000,0.500000
270,0,0,6.000000,0.800000,0.500000
271,0,0,4.000000,0.500000,0.500000
272,1,1,4.000000,0.500000,0.500000
273,1,1,4.000000,0.500000,0.500000
274,1,1,5.000000,0.800000,0.500000
275,1,1,4.000000,0.500000,0.500000
276,1,1,3.000000,0.000000,0.500000
277,1,1,5.000000,0.800000,0.500000
278,1,1,3.000000,0.000000,0.500000
279,0,1,6.000000,0.800000,0.500000
280,0,1,7.000000,0.900000,0.500000
281,1,1,3.000000,0.000000,0.500000
282,1,1,4.000000,0.500000,0.500000
283,1,0,6.000000,0.800000,0.500000
284,0,1,4.000000,0.500000,0.500000
285,1,1,6.000000,0.800000,0.500000
286,0,1,6.000000,0.800000,0.500000
287,0,0,5.000000,0.800000,0.500000
288,0,0,4.000000,0.500000,0.500000
289,0,1,5.000000,0.800000,0.500000
290,0,1,3.000000,0.000000,0.500000
291,0,0,4.000000,0.500000,0.500000
292,0,1,4.000000,0.500000,0.500000
293,0,1,4.000000,0.500000,0.500000
294,1,1,4.000000,0.500000,0.500000
295,1,1,3.000000,0.000000,0.500000
296,1,1,8.000000,0.900000,0.500000
297,0,0,4.000000,0.500000,0.500000
298,1,1,5.000000,0.800000,0.500000
299,1,1,5.000000,0.800000,0.500000
300,1,1,3.000000,0.000000,0.500000
301,1,1,3.000000,0.000000,0.500000
302,1,1,3.000000,0.000000,0.500000
303,1,1,3.000000,0.000000,0.500000
304,1,1,3.000000,0.000000,0.500000
305,1,1,3.000000,0.000000,0.500000
306,1,1,3.000000,0.000000,0.500000
307,0,0,3.000000,0.000000,0.500000
308,1,1,3.000000,0.000000,0.500000
309,1,1,4.000000,0.500000,0.500000
310,1,1,5.000000,0.800000,0.500000
311,0,1,4.000000,0.500000,0.500000
312,1,1,4.000000,0.500000,0.500000
313,1,1,4.000000,0.500000,0.500000
314,0,1,7.000000,0.700000,0.500000
315,1,1,5.000000,0.800000,0.500000
316,0,0,3.000000,0.000000,0.500000
317,1,1,4.000000,0.500000,0.500000
318,1,1,4.000000,0.500000,0.500000
319,1,1,3.000000,0.000000,0.500000
320,1,1,4.000000,0.500000,0.500000
321,1,1,3.000000,0.000000,0.500000
322,1,1,3.000000,0.000000,0.500000
323,1,1,4.000000,0.500000,0.500000
324,1,1,4.000000,0.500000,0.500000
325,1,1,4.000000,0.500000,0.500000
326,1,1,3.000000,0.000000,0.500000
327,0,0,4.000000,0.500000,0.500000
328,1,1,5.000000,0.900000,0.500000
329,0,0,4.000000,0.500000,0.500000
330,1,1,7.000000,0.700000,0.500000
331,1,1,4.000000,0.500000,0.500000
332,1,1,3.000000,0.000000,0.500000
333,1,1,5.000000,0.800000,0.500000
334,1,1,3.000000,0.000000,0.500000
335,1,1,4.000000,0.500000,0.500000
336,1,1,4.000000,0.500000,0.500000
337,0,0,4.000000,0.500000,0.500000
338,1,1,6.000000,0.800000,0.500000
339,1,1,3.000000,0.000000,0.500000
340,1,0,5.000000,0.900000,0.500000
341,1,1,3.000000,0.000000,0.500000
342,1,1,4.000000,0.500000,0.500000
343,0,1,5.000000,0.800000,0.500000
344,1,1,4.000000,0.500000,0.500000
345,1,1,4.000000,0.500000,0.500000
346,0,1,5.000000,0.800000,0.500000
347,1,1,3.000000,0.000000,0.500000
348,1,1,5.000000,0.800000,0.500000
349,1,1,3.000000,0.000000,0.500000
350,1,1,3.000000,0.000000,0.500000
351,1,1,4.000000,0.500000,0.500000
352,0,1,5.000000,0.800000,0.500000
353,1,1,3.000000,0.000000,0.500000
354,1,1,4.000000,0.500000,0.500000
355,1,1,5.000000,0.800000,0.500000
356,0,0,4.000000,0.500000,0.500000
357,1,1,3.000000,0.000000,0.500000
358,1,1,5.000000,0.800000,0.500000
359,1,1,3.000000,0.000000,0.500000
360,0,0,3.000000,0.000000,0.500000
361,0,1,6.000000,0.800000,0.500000
362,1,1,4.000000,0.500000,0.500000
363,1,1,4.000000,0.500000,0.500000
364,1,1,3.000000,0.000000,0.500000
365,1,1,4.000000,0.500000,0.500000
366,1,1,4.000000,0.500000,0.500000
367,1,1,4.000000,0.500000,0.500000
368,1,1,5.000000,0.800000,0.500000
369,1,1,3.000000,0.000000,0.500000
370,1,1,3.000000,0.000000,0.500000
371,1,1,3.000000,0.000000,0.500000
372,1,1,4.000000,0.500000,0.500000
373,1,1,3.000000,0.000000,0.500000
374,1,1,3.000000,0.000000,0.500000
375,1,1,7.000000,0.900000,0.500000
376,1,1,3.000000,0.000000,0.500000
377,1,1,4.000000,0.500000,0.500000
378,1,1,4.000000,0.500000,0.500000
379,1,1,8.000000,0.900000,0.500000
380,1,1,4.000000,0.500000,0.500000
381,1,1,3.000000,0.000000,0.500000
382,1,1,4.000000,0.500000,0.500000
383,1,1,4.000000,0.500000,0.500000
384,1,1,3.000000,0.000000,0.500000
385,1,0,4.000000,0.500000,0.500000
386,1,1,4.000000,0.500000,0.500000
387,1,1,3.000000,0.000000,0.500000
388,1,1,3.000000,0.000000,0.500000
389,0,0,5.000000,0.800000,0.500000
390,1,1,3.000000,0.000000,0.500000
391,1,1,4.000000,0.500000,0.500000
392,1,1,4.000000,0.500000,0.500000
393,1,1,3.000000,0.000000,0.500000
394,1,1,4.000000,0.500000,0.500000
395,1,0,7.000000,0.900000,0.500000
396,0,1,6.000000,0.800000,0.500000
397,1,1,3.000000,0.000000,0.500000
398,1,1,3.000000,0.000000,0.500000
399,1,1,6.000000,0.800000,0.500000
400,1,1,4.000000,0.500000,0.500000
401,1,1,3.000000,0.000000,0.500000
402,1,1,4.000000,0.500000,0.500000
403,0,0,4.000000,0.500000,0.500000
404,0,1,4.000000,0.500000,0.500000
405,1,1,5.000000,0.800000,0.500000
406,0,0,3.000000,0.000000,0.500000
407,1,1,3.000000,0.000000,0.500000
408,1,1,4.000000,0.500000,0.500000
409,1,1,4.000000,0.500000,0.500000
410,1,1,4.000000,0.500000,0.500000
411,0,0,4.000000,0.500000,0.500000
412,1,1,3.000000,0.000000,0.500000
413,1,1,5.000000,0.800000,0.500000
414,1,1,3.000000,0.000000,0.500000
415,1,1,4.000000,0.500000,0.500000
416,1,1,4.000000,0.500000,0.500000
417,1,1,4.000000,0.500000,0.500000
418,1,1,4.000000,0.500000,0.500000
419,1,1,7.000000,0.700000,0.500000
420,1,1,4.000000,0.500000,0.500000
421,0,0,5.000000,0.800000,0.500000
422,1,1,4.000000,0.500000,0.500000
423,1,1,4.000000,0.500000,0.500000
424,1,1,3.000000,0.000000,0.500000
425,1,1,3.000000,0.000000,0.500000
426,1,1,6.000000,0.800000,0.500000
427,1,1,3.000000,0.000000,0.500000
428,1,1,3.000000,0.000000,0.500000
429,0,1,5.000000,0.800000,0.500000
430,1,1,3.000000,0.000000,0.500000
431,1,1,3.000000,0.000000,0.500000
432,0,0,4.000000,0.500000,0.500000
433,1,1,4.000000,0.500000,0.500000
434,1,1,3.000000,0.000000,0.500000
435,1,1,4.000000,0.500000,0.500000
436,1,1,5.000000,0.800000,0.500000
437,1,1,3.000000,0.000000,0.500000
438,1,1,4.000000,0.500000,0.500000
439,1,1,3.000000,0.000000,0.500000
440,1,1,4.000000,0.500000,0.500000
441,1,1,9.000000,0.900000,0.500000
442,0,1,4.000000,0.500000,0.500000
443,1,1,4.000000,0.500000,0.500000
444,1,1,3.000000,0.000000,0.500000
445,1,1,3.000000,0.000000,0.500000
446,0,1,3.000000,0.000000,0.500000
447,1,1,5.000000,0.800000,0.500000
448,1,1,3.000000,0.000000,0.500000
449,0,1,5.000000,0.800000,0.500000
450,1,1,3.000000,0.000000,0.500000
451,1,1,4.000000,0.500000,0.500000
452,1,1,6.000000,0.800000,0.500000
453,1,1,4.000000,0.500000,0.500000
454,1,1,3.000000,0.000000,0.500000
455,1,1,3.000000,0.000000,0.500000
456,1,1,3.000000,0.000000,0.500000
457,1,1,3.000000,0.000000,0.500000
458,1,0,4.000000,0.500000,0.500000
459,1,1,6.000000,0.800000,0.500000
460,1,1,4.000000,0.500000,0.500000
461,0,0,4.000000,0.500000,0.500000
462,1,1,4.000000,0.500000,0.500000
463,1,1,3.000000,0.000000,0.500000
464,1,1,3.000000,0.000000,0.500000
465,1,1,5.000000,0.800000,0.500000
466,1,1,3.000000,0.000000,0.500000
467,1,1,5.000000,0.800000,0.500000
468,1,1,3.000000,0.000000,0.500000
469,1,1,4.000000,0.500000,0.500000
470,1,1,9.000000,0.800000,0.500000
471,1,1,3.000000,0.000000,0.500000
472,1,1,3.000000,0.000000,0.500000
473,1,1,3.000000,0.000000,0.500000
474,1,1,3.000000,0.000000,0.500000
475,1,1,4.000000,0.500000,0.500000
476,1,1,3.000000,0.000000,0.500000
477,1,1,3.000000,0.000000,0.500000
478,1,1,4.000000,0.500000,0.500000
479,1,1,3.000000,0.000000,0.500000
480,1,1,4.000000,0.500000,0.500000
481,1,1,5.000000,0.800000,0.500000
482,1,1,4.000000,0.500000,0.500000
483,1,1,4.000000,0.500000,0.500000
484,1,1,6.000000,0.900000,0.500000
485,1,1,4.000000,0.500000,0.500000
486,1,1,5.000000,0.800000,0.500000
487,0,0,3.000000,0.000000,0.500000
488,1,1,7.000000,0.900000,0.500000
489,1,1,4.000000,0.500000,0.500000
490,1,1,3.000000,0.000000,0.500000
491,0,1,5.000000,0.800000,0.500000
492,1,1,5.000000,0.800000,0.500000
493,1,1,7.000000,0.900000,0.500000
494,1,1,5.000000,0.800000,0.500000
495,1,1,3.000000,0.000000,0.500000
496,1,1,6.000000,0.900000,0.500000
497,0,0,3.000000,0.000000,0.500000
498,1,1,4.000000,0.500000,0.500000
499,0,0,4.000000,0.500000,0.500000
500,1,1,4.000000,0.500000,0.500000
501,0,0,4.000000,0.500000,0.500000
502,1,1,5.000000,0.800000,0.500000
503,1,1,3.000000,0.000000,0.500000
504,1,1,3.000000,0.000000,0.500000
505,1,1,5.000000,0.800000,0.500000
506,1,1,3.000000,0.000000,0.500000
507,1,1,3.000000,0.000000,0.500000
508,0,0,4.000000,0.500000,0.500000
509,1,1,5.000000,0.800000,0.500000
510,1,1,6.000000,0.900000,0.500000
511,1,1,3.000000,0.000000,0.500000
512,0,1,4.000000,0.500000,0.500000
513,1,1,3.000000,0.000000,0.500000
514,1,1,3.000000,0.000000,0.500000
515,1,1,3.000000,0.000000,0.500000
516,0,1,5.000000,0.900000,0.500000
517,1,1,6.000000,0.700000,0.500000
518,1,1,4.000000,0.500000,0.500000
519,1,1,4.000000,0.500000,0.500000
520,1,1,3.000000,0.000000,0.500000
521,1,1,4.000000,0.500000,0.500000
522,1,1,3.000000,0.000000,0.500000
523,1,1,6.000000,0.800000,0.500000
524,1,1,3.000000,0.000000,0.500000
525,1,1,4.000000,0.500000,0.500000
526,0,0,6.000000,0.800000,0.500000
527,1,1,6.000000,0.800000,0.500000
528,1,1,3.000000,0.000000,0.500000
529,1,1,3.000000,0.000000,0.500000
530,1,1,4.000000,0.500000,0.500000
531,1,1,3.000000,0.000000,0.500000
532,1,1,4.000000,0.500000,0.500000
533,1,1,4.000000,0.500000,0.500000
534,1,1,5.000000,0.800000,0.500000
535,0,0,3.000000,0.000000,0.500000
536,1,1,3.000000,0.000000,0.500000
537,0,1,5.000000,0.800000,0.500000
538,1,1,4.000000,0.500000,0.500000
539,1,1,4.000000,0.500000,0.500000
540,1,1,3.000000,0.000000,0.500000
541,0,0,4.000000,0.500000,0.500000
542,1,0,5.000000,0.800000,0.500000
543,1,1,3.000000,0.000000,0.500000
544,1,1,3.000000,0.000000,0.500000
545,1,1,3.000000,0.000000,0.500000
546,1,1,3.000000,0.000000,0.500000
547,1,1,3.000000,0.000000,0.500000
548,1,1,4.000000,0.500000,0.500000
549,1,1,4.000000,0.500000,0.500000
550,1,1,4.000000,0.500000,0.500000
551,1,0,7.000000,0.900000,0.500000
552,1,1,3.000000,0.000000,0.500000
553,1,1,5.000000,0.800000,0.500000
554,1,1,3.000000,0.000000,0.500000
555,1,1,4.000000,0.500000,0.500000
556,1,1,3.000000,0.000000,0.500000
557,0,0,3.000000,0.000000,0.500000
558,1,1,3.000000,0.000000,0.500000
559,0,0,4.000000,0.500000,0.500000
560,1,1,4.000000,0.500000,0.500000
561,0,0,6.000000,0.800000,0.500000
562,1,1,7.000000,0.900000,0.500000
563,1,1,3.000000,0.000000,0.500000
564,1,1,3.000000,0.000000,0.500000
565,1,1,3.000000,0.000000,0.500000
566,1,1,3.000000,0.000000,0.500000
567,0,1,5.000000,0.800000,0.500000
568,1,1,3.000000,0.000000,0.500000
569,1,1,4.000000,0.500000,0.500000
570,1,1,3.000000,0.000000,0.500000
571,1,1,4.000000,0.500000,0.500000
572,1,1,7.000000,0.900000,0.500000
573,1,1,4.000000,0.500000,0.500000
574,1,1,8.000000,0.800000,0.500000
575,1,1,4.000000,0.500000,0.500000
576,1,1,3.000000,0.000000,0.500000
577,0,0,4.000000,0.500000,0.500000
578,0,1,5.000000,0.800000,0.500000
579,1,1,3.000000,0.000000,0.500000
580,1,1,4.000000,0.500000,0.500000
581,1,1,3.000000,0.000000,0.500000
582,1,1,4.000000,0.500000,0.500000
583,1,1,4.000000,0.500000,0.500000
584,1,1,4.000000,0.500000,0.500000
585,1,1,3.000000,0.000000,0.500000
586,1,1,3.000000,0.000000,0.500000
587,1,1,5.000000,0.800000,0.500000
588,1,1,4.000000,0.500000,0.500000
589,1,1,4.000000,0.500000,0.500000
590,1,1,3.000000,0.000000,0.500000
591,1,1,3.000000,0.000000,0.500000
592,1,1,4.000000,0.500000,0.500000
593,1,1,3.000000,0.000000,0.500000
594,1,1,3.000000,0.000000,0.500000
595,1,1,4.000000,0.500000,0.500000
596,1,1,3.000000,0.000000,0.500000
597,1,1,8.000000,0.900000,0.500000
598,0,1,5.000000,0.800000,0.500000
599,0,1,5.000000,0.800000,0.500000
600,1,1,3.000000,0.000000,0.500000
601,1,1,3.000000,0.000000,0.500000
602,1,1,3.000000,0.000000,0.500000
603,1,1,3.000000,0.000000,0.500000
604,1,1,3.000000,0.000000,0.500000
605,1,1,12.000000,0.900000,0.500000
606,1,1,3.000000,0.000000,0.500000
607,0,1,5.000000,0.800000,0.500000
608,1,1,5.000000,0.800000,0.500000
609,1,1,3.000000,0.000000,0.500000
610,1,1,4.000000,0.500000,0.500000
611,1,1,5.000000,0.800000,0.500000
612,1,1,4.000000,0.500000,0.500000
613,0,1,8.000000,1.000000,0.500000
614,1,1,3.000000,0.000000,0.500000
615,1,1,3.000000,0.000000,0.500000
616,1,1,3.000000,0.000000,0.500000
617,1,1,4.000000,0.500000,0.500000
618,0,0,4.000000,0.500000,0.500000
619,1,1,5.000000,0.800000,0.500000
620,1,1,4.000000,0.500000,0.500000
621,1,1,4.000000,0.500000,0.500000
622,1,1,3.000000,0.000000,0.500000
623,1,1,3.000000,0.000000,0.500000
624,1,1,4.000000,0.500000,0.500000
625,1,0,4.000000,0.500000,0.500000
626,1,1,4.000000,0.500000,0.500000
627,0,0,4.000000,0.500000,0.500000
628,1,1,4.000000,0.500000,0.500000
629,1,1,3.000000,0.000000,0.500000
630,1,1,6.000000,0.800000,0.500000
631,1,1,3.000000,0.000000,0.500000
632,1,1,4.000000,0.500000,0.500000
633,0,0,6.000000,0.800000,0.500000
634,1,1,4.000000,0.500000,0.500000
635,1,1,4.000000,0.500000,0.500000
636,0,1,4.000000,0.500000,0.500000
637,1,1,4.000000,0.500000,0.500000
638,1,1,5.000000,0.800000,0.500000
639,0,1,7.000000,0.900000,0.500000
640,1,1,3.000000,0.000000,0.500000
641,1,1,3.000000,0.000000,0.500000
642,1,1,3.000000,0.000000,0.500000
643,1,1,4.000000,0.500000,0.500000
644,1,1,3.000000,0.000000,0.500000
645,1,1,4.000000,0.500000,0.500000
646,1,1,6.000000,0.800000,0.500000
647,1,1,3.000000,0.000000,0.500000
648,1,1,3.000000,0.000000,0.500000
649,1,1,3.000000,0.000000,0.500000
650,1,1,4.000000,0.500000,0.500000
651,0,1,5.000000,0.800000,0.500000
652,0,1,4.000000,0.500000,0.500000
653,1,1,3.000000,0.000000,0.500000
654,0,1,4.000000,0.500000,0.500000
655,1,1,6.000000,0.800000,0.500000
656,0,1,5.000000,0.800000,0.500000
657,1,1,7.000000,0.900000,0.500000
658,0,1,3.000000,0.000000,0.500000
659,1,1,3.000000,0.000000,0.500000
660,0,0,3.000000,0.000000,0.500000
661,1,1,4.000000,0.500000,0.500000
662,1,1,5.000000,0.800000,0.500000
663,1,1,3.000000,0.000000,0.500000
664,1,1,5.000000,0.800000,0.500000
665,0,1,4.000000,0.500000,0.500000
666,1,1,3.000000,0.000000,0.500000
667,1,1,3.000000,0.000000,0.500000
668,1,1,4.000000,0.500000,0.500000
669,0,0,4.000000,0.500000,0.500000
670,1,1,6.000000,0.800000,0.500000
671,1,1,4.000000,0.500000,0.500000
672,1,1,3.000000,0.000000,0.500000
673,1,1,5.000000,0.800000,0.500000
674,1,1,3.000000,0.000000,0.500000
675,1,1,3.000000,0.000000,0.500000
676,1,1,4.000000,0.500000,0.500000
677,1,1,4.000000,0.500000,0.500000
678,1,1,3.000000,0.000000,0.500000
679,1,1,3.000000,0.000000,0.500000
680,1,1,4.000000,0.500000,0.500000
681,1,0,4.000000,0.500000,0.500000
682,1,1,3.000000,0.000000,0.500000
683,1,1,5.000000,0.800000,0.500000
684,1,1,3.000000,0.000000,0.500000
685,1,0,3.000000,0.000000,0.500000
686,1,1,3.000000,0.000000,0.500000
687,1,1,3.000000,0.000000,0.500000
688,1,1,3.000000,0.000000,0.500000
689,1,1,4.000000,0.500000,0.500000
690,1,1,5.000000,0.800000,0.500000
691,1,1,4.000000,0.500000,0.500000
692,0,0,4.000000,0.500000,0.500000
693,1,1,4.000000,0.500000,0.500000
694,1,1,4.000000,0.500000,0.500000
695,1,1,4.000000,0.500000,0.500000
696,1,1,3.000000,0.000000,0.500000
697,1,1,6.000000,0.900000,0.500000
698,1,1,3.000000,0.000000,0.500000
699,1,1,6.000000,0.800000,0.500000
700,1,1,4.000000,0.500000,0.500000
701,1,1,5.000000,0.800000,0.500000
702,1,1,4.000000,0.500000,0.500000
703,1,1,6.000000,0.800000,0.500000
704,1,1,4.000000,0.500000,0.500000
705,1,1,5.000000,0.800000,0.500000
706,1,1,3.000000,0.000000,0.500000
707,0,1,5.000000,0.800000,0.500000
708,0,1,3.000000,0.000000,0.500000
709,1,1,4.000000,0.500000,0.500000
710,1,1,4.000000,0.500000,0.500000
711,1,1,3.000000,0.000000,0.500000
712,1,1,5.000000,0.800000,0.500000
713,1,1,3.000000,0.000000,0.500000
714,1,1,4.000000,0.500000,0.500000
715,1,1,3.000000,0.000000,0.500000
716,1,1,5.000000,0.800000,0.500000
717,1,1,6.000000,0.800000,0.500000
718,1,1,4.000000,0.500000,0.500000
719,1,1,5.000000,0.800000,0.500000
720,1,1,3.000000,0.000000,0.500000
721,1,1,4.000000,0.500000,0.500000
722,1,1,4.000000,0.500000,0.500000
723,1,1,4.000000,0.500000,0.500000
724,1,1,6.000000,0.800000,0.500000
725,1,1,3.000000,0.000000,0.500000
726,0,1,6.000000,0.900000,0.500000
727,1,1,3.000000,0.000000,0.500000
728,0,0,3.000000,0.000000,0.500000
729,1,1,4.000000,0.500000,0.500000
730,0,0,4.000000,0.500000,0.500000
731,1,1,4.000000,0.500000,0.500000
732,1,1,4.000000,0.500000,0.500000
733,1,1,8.000000,0.900000,0.500000
734,1,1,5.000000,0.800000,0.500000
735,0,1,5.000000,0.800000,0.500000
736,0,1,6.000000,0.900000,0.500000
737,1,1,8.000000,1.000000,0.500000
738,1,1,3.000000,0.000000,0.500000
739,1,1,4.000000,0.500000,0.500000
740,1,1,3.000000,0.000000,0.500000
741,1,1,5.000000,0.800000,0.500000
742,1,1,4.000000,0.500000,0.500000
743,1,1,5.000000,0.800000,0.500000
744,1,1,3.000000,0.000000,0.500000
745,0,0,4.000000,0.500000,0.500000
746,1,0,5.000000,0.800000,0.500000
747,1,1,3.000000,0.000000,0.500000
748,1,1,4.000000,0.500000,0.500000
749,1,1,4.000000,0.500000,0.500000
750,1,1,3.000000,0.000000,0.500000
751,1,1,3.000000,0.000000,0.500000
752,1,1,3.000000,0.000000,0.500000
753,1,1,3.000000,0.000000,0.500000
754,1,1,4.000000,0.500000,0.500000
755,1,1,5.000000,0.800000,0.500000
756,1,1,9.000000,0.900000,0.500000
757,1,1,4.000000,0.500000,0.500000
758,0,1,6.000000,0.800000,0.500000
759,1,1,3.000000,0.000000,0.500000
760,1,1,4.000000,0.500000,0.500000
761,1,1,4.000000,0.500000,0.500000
762,1,1,4.000000,0.500000,0.500000
763,1,1,3.000000,0.000000,0.500000
764,1,1,6.000000,0.800000,0.500000
765,1,1,3.000000,0.000000,0.500000
766,1,1,7.000000,0.900000,0.500000
767,1,1,3.000000,0.000000,0.500000
768,1,1,3.000000,0.000000,0.500000
769,1,1,3.000000,0.000000,0.500000
770,0,1,3.000000,0.000000,0.500000
771,1,1,3.000000,0.000000,0.500000
772,0,1,5.000000,0.800000,0.500000
773,1,1,4.000000,0.500000,0.500000
774,1,1,4.000000,0.500000,0.500000
775,1,1,4.000000,0.500000,0.500000
776,1,1,3.000000,0.000000,0.500000
777,1,1,5.000000,0.900000,0.500000
778,1,1,3.000000,0.000000,0.500000
779,1,1,4.000000,0.500000,0.500000
780,1,1,7.000000,0.900000,0.500000
781,0,1,4.000000,0.500000,0.500000
782,1,1,4.000000,0.500000,0.500000
783,1,1,8.000000,0.900000,0.500000
784,0,1,3.000000,0.000000,0.500000
785,1,1,3.000000,0.000000,0.500000
786,1,1,8.000000,0.900000,0.500000
787,0,1,4.000000,0.500000,0.500000
788,1,1,3.000000,0.000000,0.500000
789,1,1,3.000000,0.000000,0.500000
790,1,1,6.000000,0.800000,0.500000
791,1,1,3.000000,0.000000,0.500000
792,1,1,3.000000,0.000000,0.500000
793,1,1,3.000000,0.000000,0.500000
794,1,1,3.000000,0.000000,0.500000
795,1,1,3.000000,0.000000,0.500000
796,0,1,6.000000,0.900000,0.500000
797,0,1,3.000000,0.000000,0.500000
798,0,1,5.000000,0.800000,0.500000
799,1,1,5.000000,0.800000,0.500000
800,1,1,4.000000,0.500000,0.500000
801,1,1,4.000000,0.500000,0.500000
802,1,1,3.000000,0.000000,0.500000
803,1,1,9.000000,1.000000,0.500000
804,1,1,4.000000,0.500000,0.500000
805,0,1,6.000000,0.800000,0.500000
806,1,1,3.000000,0.000000,0.500000
807,0,1,4.000000,0.500000,0.500000
808,1,1,3.000000,0.000000,0.500000
809,1,1,4.000000,0.500000,0.500000
810,1,1,4.000000,0.500000,0.500000
811,0,1,5.000000,0.800000,0.500000
812,1,1,3.000000,0.000000,0.500000
813,1,1,4.000000,0.500000,0.500000
814,1,1,5.000000,0.800000,0.500000
815,1,1,3.000000,0.000000,0.500000
816,1,1,6.000000,0.800000,0.500000
817,1,1,4.000000,0.500000,0.500000
818,1,1,4.000000,0.500000,0.500000
819,1,1,4.000000,0.500000,0.500000
820,1,1,3.000000,0.000000,0.500000
821,1,1,7.000000,0.900000,0.500000
822,1,1,4.000000,0.500000,0.500000
823,0,1,4.000000,0.500000,0.500000
824,1,1,3.000000,0.000000,0.500000
825,0,1,3.000000,0.000000,0.500000
826,1,1,4.000000,0.500000,0.500000
827,1,1,4.000000,0.500000,0.500000
828,1,1,3.000000,0.000000,0.500000
829,1,1,4.000000,0.500000,0.500000
830,1,1,7.000000,0.800000,0.500000
831,1,1,3.000000,0.000000,0.500000
832,1,1,4.000000,0.500000,0.500000
833,1,1,3.000000,0.000000,0.500000
834,1,1,4.000000,0.500000,0.500000
835,1,1,4.000000,0.500000,0.500000
836,1,1,4.000000,0.500000,0.500000
837,1,1,4.000000,0.500000,0.500000
838,1,1,3.000000,0.000000,0.500000
839,1,1,4.000000,0.500000,0.500000
840,0,1,5.000000,0.800000,0.500000
841,1,1,5.000000,0.800000,0.500000
842,1,1,5.000000,0.800000,0.500000
843,1,1,4.000000,0.500000,0.500000
844,1,1,3.000000,0.000000,0.500000
845,1,1,3.000000,0.000000,0.500000
846,1,1,4.000000,0.500000,0.500000
847,1,1,3.000000,0.000000,0.500000
848,1,1,3.000000,0.000000,0.500000
849,1,1,3.000000,0.000000,0.500000
850,1,1,4.000000,0.500000,0.500000
851,1,1,7.000000,0.700000,0.500000
852,1,1,4.000000,0.500000,0.500000
853,1,1,4.000000,0.500000,0.500000
854,1,1,3.000000,0.000000,0.500000
855,1,1,3.000000,0.000000,0.500000
856,0,0,5.000000,0.800000,0.500000
857,1,1,4.000000,0.500000,0.500000
858,1,1,3.000000,0.000000,0.500000
859,1,1,4.000000,0.500000,0.500000
860,1,1,4.000000,0.500000,0.500000
861,1,1,4.000000,0.500000,0.500000
862,0,0,3.000000,0.000000,0.500000
863,0,1,6.000000,0.800000,0.500000
864,1,1,5.000000,0.900000,0.500000
865,1,1,5.000000,0.900000,0.500000
866,0,0,6.000000,0.800000,0.500000
867,1,1,3.000000,0.000000,0.500000
868,1,1,3.000000,0.000000,0.500000
869,1,1,3.000000,0.000000,0.500000
870,0,1,4.000000,0.500000,0.500000
871,1,1,3.000000,0.000000,0.500000
872,1,1,3.000000,0.000000,0.500000
873,1,1,3.000000,0.000000,0.500000
874,0,0,8.000000,0.900000,0.500000
875,1,1,4.000000,0.500000,0.500000
876,1,1,4.000000,0.500000,0.500000
877,1,1,4.000000,0.500000,0.500000
878,0,1,4.000000,0.500000,0.500000
879,1,1,4.000000,0.500000,0.500000
880,1,1,3.000000,0.000000,0.500000
881,1,1,4.000000,0.500000,0.500000
882,1,1,4.000000,0.500000,0.500000
883,1,1,7.000000,0.900000,0.500000
884,1,1,8.000000,0.900000,0.500000
885,0,1,5.000000,0.800000,0.500000
886,0,1,3.000000,0.000000,0.500000
887,0,0,4.000000,0.500000,0.500000
888,1,1,6.000000,0.800000,0.500000
889,1,1,3.000000,0.000000,0.500000
890,1,1,7.000000,0.900000,0.500000
891,1,1,4.000000,0.500000,0.500000
892,1,1,3.000000,0.000000,0.500000
893,0,0,3.000000,0.000000,0.500000
894,1,1,5.000000,0.800000,0.500000
895,1,1,7.000000,0.700000,0.500000
896,1,1,6.000000,0.800000,0.500000
897,1,1,4.000000,0.500000,0.500000
898,0,0,6.000000,0.800000,0.500000
899,1,1,4.000000,0.500000,0.500000
900,1,1,3.000000,0.000000,0.500000
901,1,1,4.000000,0.500000,0.500000
902,1,1,5.000000,0.800000,0.500000
903,1,1,4.000000,0.500000,0.500000
904,0,1,9.000000,0.900000,0.500000
905,1,1,3.000000,0.000000,0.500000
906,1,1,4.000000,0.500000,0.500000
907,1,1,3.000000,0.000000,0.500000
908,1,1,3.000000,0.000000,0.500000
909,1,1,3.000000,0.000000,0.500000
910,1,1,6.000000,0.800000,0.500000
911,0,1,3.000000,0.000000,0.500000
912,1,1,4.000000,0.500000,0.500000
913,1,1,3.000000,0.000000,0.500000
914,1,1,4.000000,0.500000,0.500000
915,1,1,3.000000,0.000000,0.500000
916,1,1,5.000000,0.800000,0.500000
917,1,1,3.000000,0.000000,0.500000
918,0,1,8.000000,1.000000,0.500000
919,1,1,3.000000,0.000000,0.500000
920,1,1,3.000000,0.000000,0.500000
921,1,1,4.000000,0.500000,0.500000
922,1,1,3.000000,0.000000,0.500000
923,1,1,3.000000,0.000000,0.500000
924,0,1,4.000000,0.500000,0.500000
925,1,1,5.000000,0.800000,0.500000
926,1,1,4.000000,0.500000,0.500000
927,1,1,4.000000,0.500000,0.500000
928,0,0,3.000000,0.000000,0.500000
929,1,1,4.000000,0.500000,0.500000
930,1,1,4.000000,0.500000,0.500000
931,0,1,5.000000,0.800000,0.500000
932,1,1,4.000000,0.500000,0.500000
933,1,1,4.000000,0.500000,0.500000
934,1,1,4.000000,0.500000,0.500000
935,1,1,4.000000,0.500000,0.500000
936,1,1,3.000000,0.000000,0.500000
937,1,1,6.000000,0.900000,0.500000
938,1,1,9.000000,0.900000,0.500000
939,1,1,5.000000,0.800000,0.500000
940,1,1,3.000000,0.000000,0.500000
941,1,1,3.000000,0.000000,0.500000
942,1,1,4.000000,0.500000,0.500000
943,1,1,3.000000,0.000000,0.500000
944,1,1,3.000000,0.000000,0.500000
945,1,1,4.000000,0.500000,0.500000
946,0,1,7.000000,0.900000,0.500000
947,1,1,4.000000,0.500000,0.500000
948,0,0,4.000000,0.500000,0.500000
949,1,1,3.000000,0.000000,0.500000
950,1,1,4.000000,0.500000,0.500000
951,1,1,4.000000,0.500000,0.500000
952,1,1,3.000000,0.000000,0.500000
953,0,0,4.000000,0.500000,0.500000
954,1,1,3.000000,0.000000,0.500000
955,0,1,5.000000,0.800000,0.500000
956,0,1,3.000000,0.000000,0.500000
957,1,1,4.000000,0.500000,0.500000
958,1,1,3.000000,0.000000,0.500000
959,1,1,4.000000,0.500000,0.500000
960,0,0,5.000000,0.800000,0.500000
961,1,1,5.000000,0.800000,0.500000
962,0,1,10.000000,0.900000,0.500000
963,0,1,4.000000,0.500000,0.500000
964,1,1,3.000000,0.000000,0.500000
965,1,1,7.000000,0.900000,0.500000
966,1,1,3.000000,0.000000,0.500000
967,0,0,4.000000,0.500000,0.500000
968,1,1,3.000000,0.000000,0.500000
969,1,1,3.000000,0.000000,0.500000
970,1,1,3.000000,0.000000,0.500000
971,0,1,5.000000,0.800000,0.500000
972,1,1,4.000000,0.500000,0.500000
973,1,1,3.000000,0.000000,0.500000
974,1,1,3.000000,0.000000,0.500000
975,1,1,6.000000,0.900000,0.500000
976,0,1,6.000000,0.900000,0.500000
977,1,1,3.000000,0.000000,0.500000
978,1,1,4.000000,0.500000,0.500000
979,1,1,4.000000,0.500000,0.500000
980,1,1,3.000000,0.000000,0.500000
981,1,1,4.000000,0.500000,0.500000
982,1,1,4.000000,0.500000,0.500000
983,1,1,4.000000,0.500000,0.500000
984,1,1,3.000000,0.000000,0.500000
985,0,1,4.000000,0.500000,0.500000
986,1,1,3.000000,0.000000,0.500000
987,1,1,4.000000,0.500000,0.500000
988,1,1,3.000000,0.000000,0.500000
989,1,0,4.000000,0.500000,0.500000
990,0,1,4.000000,0.500000,0.500000
991,1,1,3.000000,0.000000,0.500000
992,1,1,3.000000,0.000000,0.500000
993,1,1,4.000000,0.500000,0.500000
994,1,1,6.000000,0.900000,0.500000
995,1,1,4.000000,0.500000,0.500000
996,1,1,3.000000,0.000000,0.500000
997,1,1,3.000000,0.000000,0.500000
998,0,0,4.000000,0.500000,0.500000
999,1,0,6.000000,0.800000,0.500000
WorkerID,Gamma,TrueGamma
439,0.384248,0.793266
78,0.453498,1.100726
799,0.503131,0.908155
170,0.514978,1.053042
755,0.465643,0.751699
519,0.394755,0.616349
203,0.448928,1.286938
495,0.431247,1.836000
527,0.580579,1.460787
496,0.484044,1.078594
535,0.481740,1.212892
11,0.402616,2.294608
661,0.565189,0.945598
185,0.404926,1.154884
267,0.433090,0.700682
936,0.459315,1.370618
637,0.492819,0.476902
715,0.432900,1.080282
529,0.418061,0.875584
521,0.375396,1.530329
892,0.387008,0.809371
319,0.390078,0.689563
479,0.512004,2.120034
256,0.524635,1.628894
381,0.615137,0.709283
697,0.470656,0.717333
620,0.529771,1.137402
992,0.448368,1.030803
353,0.490540,1.528467
40,0.602722,1.600307
857,0.590528,0.903551
863,0.489361,1.192081
629,0.515107,0.960675
771,0.485354,0.402041
572,0.527610,1.585535
130,0.417938,0.631307
284,0.595860,0.723603
875,0.480095,0.821547
871,0.419854,1.309065
657,0.522555,0.848523
964,0.396965,1.338937
59,0.422414,1.067360
754,0.428253,0.786656
817,0.445031,0.472060
611,0.499132,1.014072
899,0.726830,1.495666
16,0.463429,2.396053
638,0.424281,0.881345
965,0.447655,0.998465
297,0.476182,0.853290
469,0.370760,0.955339
708,0.403981,1.867294
90,0.518859,1.205182
172,0.561573,1.189842
802,0.447217,0.874213
724,0.407285,0.709015
743,0.430499,0.625584
881,0.473869,0.248861
693,0.476114,0.854956
15,0.585925,2.181559
746,0.381056,0.600587
531,0.430552,0.887475
440,0.468215,0.245884
413,0.399647,0.745984
212,0.530312,0.596026
118,0.410514,0.142442
560,0.539865,1.506380
5,0.407224,0.307512
1,0.505819,0.831918
220,0.610668,1.520767
624,0.503660,0.374182
63,0.408392,0.567131
124,0.375733,0.619417
207,0.482021,1.036507
184,0.567212,2.721579
412,0.582588,1.317363
726,0.420001,0.598589
679,0.624115,0.906680
852,0.419640,0.739266
606,0.399867,0.779311
830,0.477786,0.379145
232,0.378909,0.567234
390,0.528091,1.483274
31,0.503765,1.530149
812,0.414387,1.055347
700,0.413117,0.982199
907,0.391144,0.762369
922,0.519057,1.606832
749,0.415805,0.664628
464,0.443327,0.988190
215,0.505736,1.859944
500,0.392053,0.729316
271,0.594301,2.484291
108,0.508357,1.424837
79,0.402463,1.295200
112,0.493587,0.538221
476,0.402785,0.977460
343,0.386930,0.691391
142,0.405193,1.495143
882,0.433687,0.780363
359,0.548488,1.710684
653,0.421475,1.766869
730,0.519041,0.645689
828,0.404879,1.022938
607,0.407681,1.077472
100,0.416654,1.572841
247,0.484180,0.730781
756,0.410925,0.867422
436,0.429105,0.618415
660,0.469029,0.495365
187,0.509252,1.877877
751,0.366973,1.902711
717,0.415348,0.974881
358,0.475378,0.997308
28,0.391180,0.758501
655,0.420533,0.810961
360,0.435451,0.447257
779,0.377819,1.724884
549,0.509311,0.440538
249,0.570393,1.656493
211,0.495356,0.310043
290,0.390027,1.616281
259,0.398648,1.802922
62,0.435971,1.092267
468,0.400550,0.917638
640,0.433626,0.952099
690,0.589105,1.519187
157,0.576884,0.579657
999,0.453523,1.508811
428,0.429946,0.693363
918,0.556143,0.696976
927,0.431261,1.326401
280,0.446033,1.241687
548,0.804401,1.976519
200,0.554228,0.952434
304,0.503938,3.674873
74,0.486990,1.033751
4,0.649878,0.741513
431,0.445656,1.392476
154,0.394138,1.714007
262,0.508676,0.698083
935,0.724821,0.893864
929,0.445142,0.369912
694,0.506315,1.169442
395,0.562552,1.096840
539,0.428287,0.624534
307,0.506145,1.147598
889,0.414713,1.145840
868,0.475443,0.872317
946,0.534926,0.829232
709,0.433945,1.227022
445,0.640001,1.927733
664,0.414921,1.996854
161,0.555983,1.528274
778,0.578101,1.343439
276,0.409151,0.405437
480,0.497375,1.498139
528,0.475092,0.446900
735,0.571942,0.978727
763,0.488638,1.696181
831,0.407541,0.434668
961,0.421255,0.858373
453,0.415284,1.474735
126,0.637719,2.008116
127,0.463060,0.791470
52,0.395714,0.882941
511,0.635854,1.439576
508,0.507042,1.346822
993,0.516259,3.026662
599,0.431728,1.738405
377,0.442197,0.637531
181,0.460985,2.659356
608,0.611343,0.777103
625,0.513764,0.367686
574,0.635953,1.812331
222,0.416169,1.322558
598,0.549982,2.214628
801,0.554002,1.831562
300,0.384669,0.360508
666,0.470704,0.602100
182,0.411013,1.712466
854,0.780915,0.854315
109,0.511944,2.112934
77,0.608010,0.791912
230,0.546602,0.527169
285,0.390721,1.543025
446,0.426273,0.542498
34,0.399723,1.365397
447,0.601945,1.950029
542,0.359371,1.208282
722,0.659412,1.596659
867,0.478204,1.152863
977,0.381213,0.712026
370,0.500095,0.658999
242,0.513251,1.271435
239,0.442205,1.675008
177,0.448488,0.790940
457,0.416077,1.658275
797,0.408779,0.492896
57,0.436731,1.155949
658,0.640046,1.184139
396,0.413032,1.755566
623,0.511392,1.125453
383,0.561491,1.338859
615,0.612392,1.757536
678,0.402723,0.628493
39,0.398858,0.222750
497,0.535892,1.591369
872,0.427281,0.780789
149,0.509330,1.271975
470,0.446616,1.818717
10,0.396520,0.506795
994,0.487212,1.282069
920,0.582847,1.024471
104,0.578483,0.816387
853,0.447947,0.413880
81,0.427453,1.031184
680,0.397374,0.943388
792,0.391841,0.687194
685,0.461032,1.204677
8,0.430136,2.054827
371,0.504482,2.468548
593,0.521359,0.599665
465,0.362589,0.515404
904,0.583410,2.289277
672,0.502560,1.112307
315,0.504008,1.120571
790,0.394553,0.550025
710,0.494751,0.884549
742,0.435440,0.269903
208,0.531263,1.142193
973,0.358027,1.444353
502,0.415777,0.191540
944,0.626580,1.090571
845,0.561206,0.832896
583,0.419137,0.528666
361,0.442264,3.035083
951,0.420447,0.481691
789,0.493027,1.143287
837,0.592281,1.546580
306,0.507343,0.361825
435,0.471375,0.722555
702,0.418163,0.819982
989,0.515387,1.044370
827,0.395666,2.060286
294,0.500894,1.510397
915,0.499632,0.259755
919,0.389870,2.102900
834,0.503612,1.506021
733,0.581292,1.260216
565,0.459318,0.525511
199,0.536354,0.997903
901,0.412166,0.657731
855,0.555802,1.752720
348,0.413868,0.350180
354,0.414971,1.145840
425,0.496756,0.521592
405,0.413345,0.974623
879,0.503344,1.163172
159,0.593422,0.872652
486,0.572921,1.474963
269,0.388791,1.645317
503,0.584340,0.669026
421,0.387827,1.789848
556,0.425670,0.991986
776,0.472382,0.709684
364,0.427743,2.483105
956,0.595138,0.689237
604,0.570794,2.814886
650,0.509081,1.343000
627,0.601311,1.280870
97,0.584705,1.242083
984,0.518078,1.381777
101,0.400395,0.896516
43,0.387843,1.118689
612,0.393235,1.480982
821,0.478782,1.237499
966,0.415669,0.872936
784,0.416790,0.205252
732,0.432058,0.928203
155,0.426800,0.885715
237,0.388580,0.535025
861,0.427441,2.545600
947,0.515351,1.183071
530,0.403621,0.413080
747,0.582836,0.910426
811,0.507560,1.809419
780,0.502718,3.014912
44,0.389440,1.201064
313,0.399008,0.852673
552,0.500634,2.829828
760,0.404643,0.829438
409,0.434947,2.141850
795,0.487839,2.354849
689,0.431745,1.495074
12,0.515311,2.061351
759,0.524380,3.260977
656,0.444751,1.106033
391,0.476654,1.589381
880,0.418117,0.922848
902,0.414319,1.178985
938,0.518279,0.469162
14,0.428985,0.994950
316,0.418381,0.907641
426,0.707780,1.283673
473,0.426700,1.351332
53,0.500033,2.530244
323,0.406254,1.092294
910,0.501353,1.559642
71,0.399569,0.516221
588,0.473938,0.404371
18,0.465773,0.476223
160,0.565627,1.078552
590,0.505537,0.989166
251,0.339111,0.490242
216,0.508520,1.825074
169,0.503322,0.783970
982,0.412018,2.109683
866,0.468131,0.991636
768,0.494148,1.433951
322,0.681431,1.293015
619,0.421105,0.667967
87,0.388360,0.631751
985,0.589942,1.600313
448,0.394429,1.239580
540,0.396318,0.530642
917,0.507729,0.514844
75,0.463458,0.694045
110,0.430254,1.550760
65,0.420078,0.760231
485,0.429618,1.030769
646,0.463272,0.975502
883,0.362486,0.718151
50,0.391301,0.272840
788,0.559684,3.362766
342,0.482509,1.121457
243,0.410823,1.088037
366,0.400707,0.381459
344,0.399471,1.338601
475,0.428407,0.540732
651,0.439181,1.026312
151,0.457968,0.972157
102,0.468173,0.458025
387,0.566371,1.194077
846,0.661025,1.731115
841,0.401968,0.289633
688,0.482196,1.321843
962,0.410728,0.488074
900,0.394135,0.655904
80,0.565049,1.174223
862,0.641040,1.457901
158,0.684649,2.786333
876,0.505808,1.405201
644,0.399386,0.609486
143,0.444696,0.541122
163,0.494327,1.152282
32,0.412272,0.815880
512,0.549043,1.374548
423,0.507001,1.180825
885,0.555759,0.998352
703,0.523303,0.515955
156,0.495110,1.033392
589,0.654755,0.769394
403,0.477992,0.931885
349,0.415519,1.377361
279,0.442265,1.983348
147,0.516610,0.799751
887,0.384431,1.223484
103,0.406119,0.459866
614,0.576122,1.973351
561,0.503863,0.968361
13,0.583817,1.267681
133,0.596715,0.299482
244,0.506695,0.821443
610,0.526618,1.248266
684,0.494448,0.875591
310,0.494421,0.946442
972,0.470096,0.538086
683,0.397693,1.296221
617,0.432580,0.922148
463,0.492296,1.073363
91,0.595773,0.636547
940,0.463758,1.011984
626,0.524992,1.228245
92,0.482115,0.477006
603,0.404706,1.124483
45,0.570724,2.912709
443,0.632377,1.787902
731,0.743540,1.779486
20,0.523841,1.481015
506,0.597180,0.456819
704,0.580055,1.003941
424,0.605123,0.982182
459,0.547944,1.717502
969,0.577119,0.469121
245,0.621488,1.137550
296,0.558822,1.813865
83,0.672012,0.816391
729,0.465437,0.915001
461,0.611396,0.932225
597,0.680797,0.474833
483,0.728833,1.661033
705,0.596191,0.789457
970,0.624727,0.786769
721,0.651100,0.839310
139,0.520090,1.129956
369,0.670466,1.326547
959,0.559731,0.507519
41,0.610884,0.818959
88,0.683866,1.279241
633,0.509511,1.235503
890,0.516532,1.052205
513,0.775358,1.022644
925,0.695429,0.661467
438,0.639718,0.613069
979,0.638672,0.857746
714,0.707754,1.268573
384,0.536857,0.831052
677,0.611372,0.410836
25,0.440537,0.647302
822,0.540364,0.719632
175,0.662230,0.669360
952,0.758025,1.688480
380,0.518006,0.792378
35,0.689383,1.028525
258,0.483515,1.257507
968,0.598412,1.063999
42,0.598456,0.547743
82,0.603506,0.995651
602,0.603915,1.061894
545,0.612142,0.638926
800,0.452500,0.809389
339,0.515342,1.181349
564,0.578769,0.469729
727,0.734925,1.153257
386,0.588114,0.391313
850,0.518603,0.390144
152,0.605383,1.552991
66,0.667758,0.454014
891,0.537910,0.745832
422,0.674537,1.053770
265,0.676830,1.171663
193,0.498945,1.672292
686,0.615329,1.538628
415,0.561985,0.874596
517,0.548873,1.738883
89,0.542808,0.415991
559,0.884189,1.610699
329,0.608617,2.197680
893,0.570030,1.353900
282,0.499780,1.446291
29,0.515246,0.895381
695,0.726279,1.609504
137,0.601006,2.479630
135,0.500278,2.037236
745,0.780025,3.028675
498,0.517096,1.560645
450,0.542754,1.612629
628,0.543091,1.829827
575,0.607955,1.263418
22,0.525722,0.819200
998,0.668391,1.535706
346,0.599481,2.083072
987,0.497687,0.857562
394,0.693498,1.507166
176,0.589996,1.233040
268,0.754729,1.263656
707,0.636757,1.350848
210,0.706079,1.019823
372,0.489920,0.777530
967,0.504915,0.433309
584,0.634650,1.867277
317,0.580331,1.036276
478,0.581561,2.279062
180,0.649459,1.388778
988,0.517489,2.122945
983,0.486862,0.552600
178,0.532275,1.123368
870,0.721231,1.319344
581,0.523255,0.792226
487,0.502590,1.803556
931,0.572867,1.156331
61,0.628583,0.712529
173,0.599176,1.821216
115,0.670427,1.477526
510,0.594968,0.909985
753,0.581463,1.421214
0,0.512206,1.490108
810,0.686275,0.591920
27,0.518589,2.264042
974,0.533574,0.917474
586,0.522324,0.747081
825,0.520553,1.224283
773,0.610046,1.295253
698,0.501237,0.890883
174,0.611350,0.537266
250,0.485752,0.212515
123,0.613049,2.212395
202,0.766160,1.060569
72,0.573400,1.068089
930,0.829773,2.446263
264,0.532494,0.685394
305,0.557956,1.574437
676,0.600521,1.083099
720,0.581623,1.207746
338,0.584405,1.370408
518,0.541696,2.101964
488,0.505640,1.061905
718,0.624758,1.335473
976,0.625000,0.903551
255,0.574820,0.507494
98,0.585340,0.717727
94,0.498595,0.768467
330,0.532873,1.703951
911,0.623462,1.169901
257,0.764997,1.358978
399,0.490401,1.273825
36,0.529054,0.543753
504,0.616331,1.663961
941,0.521505,0.920909
314,0.696451,2.094250
794,0.728034,1.844825
274,0.608037,2.140179
499,0.626647,1.021831
410,0.540866,0.541002
832,0.603952,1.043922
219,0.605515,1.516698
107,0.754813,2.207263
824,0.615096,2.069217
356,0.597436,1.515924
622,0.526661,0.432848
839,0.509152,0.673865
189,0.491491,0.470522
335,0.496524,1.053865
320,0.480249,1.841646
444,0.522815,1.801951
201,0.778733,2.335576
263,0.606159,1.266980
19,0.530261,0.525206
26,0.513391,1.308389
138,0.624644,0.747728
46,0.581448,0.868724
836,0.599461,0.990335
579,0.595290,1.132325
806,0.674482,1.038297
309,0.483587,1.185081
647,0.592492,1.329238
642,0.469008,0.970713
803,0.541262,0.222414
345,0.481339,1.798510
270,0.528166,2.449049
145,0.594970,1.412522
980,0.524523,1.183794
150,0.681755,1.788721
914,0.543007,0.831463
462,0.605095,1.055584
594,0.544845,2.183642
218,0.505241,0.272334
568,0.627764,1.879835
905,0.580889,1.563527
308,0.621151,1.366978
76,0.566514,1.065285
820,0.592690,0.622673
654,0.507159,1.008496
550,0.571186,1.591074
458,0.761955,1.518648
197,0.625275,1.364321
376,0.513798,2.767380
30,0.610990,0.728901
221,0.485098,0.577549
295,0.518096,0.651800
515,0.537852,0.655725
896,0.543330,1.198733
949,0.616747,0.490434
85,0.620049,3.888110
96,0.528108,1.060904
429,0.797705,2.298231
818,0.524200,0.429112
106,0.527151,0.980586
195,0.487321,1.055230
494,0.608204,1.098895
573,0.667647,1.102527
960,0.564139,0.909455
652,0.534475,0.791601
558,0.763172,2.178966
945,0.515893,0.934838
141,0.507119,0.915466
477,0.519671,1.343370
260,0.511802,1.661503
168,0.584653,0.709137
95,0.588639,1.386747
939,0.615593,0.776955
884,0.709494,1.298675
164,0.570871,0.488303
298,0.633436,1.619966
291,0.615209,1.970262
117,0.688557,1.068084
808,0.554832,0.888369
378,0.525629,0.942667
578,0.594329,3.571470
416,0.553910,0.603811
928,0.523896,0.512710
318,0.644912,1.280017
213,0.524655,0.395220
333,0.552412,2.542083
303,0.507063,2.220698
23,0.589733,1.511400
525,0.574660,1.323620
932,0.661810,0.462640
554,0.510458,0.606938
667,0.527754,0.306375
555,0.739302,1.016496
379,0.514808,1.488917
54,0.540117,0.490338
146,0.510405,1.005619
986,0.612848,1.678251
595,0.530904,0.601940
696,0.695626,1.094793
744,0.637107,1.046389
21,0.611606,0.981627
332,0.614447,1.297060
491,0.606628,0.636506
111,0.616695,0.593315
3,0.588498,1.065351
958,0.588643,0.306275
541,0.492084,0.939316
766,0.535376,1.272218
748,0.711438,1.247165
774,0.611504,1.040725
991,0.602333,1.538447
621,0.772583,1.471523
916,0.518234,1.579181
393,0.695348,1.463225
567,0.531225,0.352867
352,0.637150,1.722693
924,0.758192,0.996116
785,0.501033,0.538785
636,0.732221,1.285648
454,0.575624,0.910639
225,0.607242,1.810111
957,0.590367,1.303970
430,0.530709,1.549134
240,0.534998,1.760441
630,0.621082,0.574083
670,0.514627,0.491666
728,0.635405,1.412638
681,0.543902,2.696487
449,0.532924,1.162446
873,0.575065,1.508077
288,0.505778,0.762438
937,0.511040,1.691704
505,0.592518,2.204914
665,0.694692,0.567853
281,0.503668,1.100035
894,0.627881,0.627385
452,0.524745,0.439917
777,0.582522,0.904339
906,0.686725,1.049685
587,0.554377,0.949003
402,0.662990,2.058155
682,0.614333,0.793187
204,0.500709,0.744628
266,0.597195,0.844469
467,0.664127,1.369398
571,0.628071,1.091551
324,0.517577,0.567981
84,0.529315,1.120882
368,0.683446,0.614718
995,0.495577,0.964720
340,0.677945,1.272223
171,0.496650,0.701220
860,0.613466,0.426864
522,0.672650,1.906226
819,0.543771,1.209997
365,0.539981,1.635312
757,0.712310,0.722755
327,0.521942,1.299017
909,0.672667,0.986436
641,0.529710,0.464397
9,0.583647,0.934300
635,0.584334,1.404162
414,0.736474,2.149861
835,0.672744,2.458494
474,0.760292,1.533479
188,0.680608,1.459681
471,0.563459,1.718214
136,0.602515,2.079686
427,0.915310,0.963365
526,0.513471,1.454445
321,0.602392,1.855165
482,0.512630,0.819944
351,0.604736,1.248061
923,0.516636,1.525799
326,0.637278,0.638260
299,0.720902,1.188795
261,0.574619,0.794462
764,0.599211,1.099454
350,0.488823,2.496816
997,0.615862,0.488746
334,0.672273,0.833838
55,0.516095,0.449351
849,0.616278,1.393875
701,0.531138,0.901122
48,0.586956,1.864914
673,0.544109,0.941012
357,0.822380,2.327803
687,0.605713,1.410132
456,0.488871,1.410775
144,0.619034,1.742757
786,0.516147,0.846927
325,0.492807,1.418497
761,0.703520,1.586245
501,0.532661,0.801020
877,0.635459,0.690556
913,0.499494,0.225468
140,0.787223,2.004492
375,0.512109,0.206348
592,0.598661,1.516236
190,0.549561,0.826688
553,0.857990,0.923472
532,0.524566,0.415187
758,0.683641,0.897870
60,0.528405,1.273609
649,0.618017,0.984544
183,0.609688,2.188374
576,0.705729,2.068872
953,0.564408,1.780659
912,0.530422,0.180486
397,0.637823,0.863494
869,0.761035,2.054613
99,0.547199,0.774081
301,0.648306,0.906148
252,0.513459,1.179452
534,0.735055,2.348706
737,0.634577,1.154737
699,0.603128,1.761820
408,0.761196,1.574597
537,0.779119,2.074919
796,0.754156,2.167610
311,0.548634,1.568655
233,0.614056,1.947464
842,0.613731,1.577734
897,0.648088,1.609097
840,0.545646,1.253545
570,0.713373,2.192948
864,0.543268,1.961299
419,0.543023,0.595958
278,0.607407,1.872473
950,0.673222,2.017207
933,0.615938,2.745360
490,0.514658,1.922765
813,0.642516,1.148168
272,0.603834,1.145678
516,0.500261,0.552887
238,0.526298,1.480775
484,0.849968,2.460483
639,0.736312,1.072289
248,0.641422,0.934438
838,0.723956,1.525286
125,0.841187,0.884107
809,0.719148,1.431545
546,0.714694,0.844303
711,0.581660,0.954228
235,0.653814,1.210864
844,0.633755,0.788245
826,0.643305,0.417654
56,0.695000,1.877960
128,0.748119,1.936640
287,0.706418,1.385209
978,0.795021,4.183775
194,0.759565,1.041853
859,0.793783,0.745453
162,0.731900,1.099090
781,0.639594,1.024629
814,0.795068,1.552614
223,0.632385,1.651374
712,0.678769,1.190772
49,0.786544,1.930309
120,0.640915,1.786185
7,0.723149,0.744468
47,0.864896,1.418719
791,0.607532,1.127571
226,0.852241,2.124763
996,0.719025,1.268988
990,0.798871,1.475357
433,0.692647,0.576961
385,0.830682,1.611787
389,0.654571,1.414439
246,0.784524,0.995677
241,0.638420,0.824109
460,0.748610,1.114994
382,0.714044,1.169908
739,0.826323,1.350738
253,0.788018,1.625500
69,0.731853,0.734275
563,0.634596,0.754429
544,0.636902,1.094485
616,0.824939,1.900718
605,0.709458,0.255581
404,0.704898,1.728471
132,0.635645,2.079801
286,0.774290,0.665735
618,0.775350,1.286706
420,0.724470,1.569602
692,0.793182,1.196446
167,0.815392,1.575826
648,0.635122,1.592958
903,0.862977,1.279127
434,0.638103,0.447759
662,0.624830,1.279194
829,0.911718,1.802451
674,0.651210,1.937266
643,0.626850,1.593921
793,0.796924,1.983470
122,0.656988,0.464909
858,0.594091,0.610390
292,0.743956,1.544990
455,0.817330,1.256810
289,0.651810,1.661902
848,0.873719,1.878827
196,0.731266,1.062418
807,0.880922,2.698576
418,0.652438,0.516803
134,0.618352,0.921624
547,0.655477,0.931337
114,0.718438,1.707157
209,0.695604,1.449152
214,0.739027,0.730021
767,0.725141,1.641653
492,0.680410,1.579006
186,0.653426,0.787809
600,0.653938,0.546980
373,0.793348,0.610122
577,0.706820,2.215542
336,0.722751,1.214121
585,0.736934,1.091215
388,0.716795,0.849493
64,0.734410,0.930895
981,0.639058,0.780092
33,0.733877,1.317283
524,0.637007,1.110492
129,0.791697,1.039862
86,0.699894,1.306024
765,0.771508,1.162617
691,0.579463,1.056565
723,0.734141,2.002408
955,0.795137,0.823610
400,0.649277,1.257374
417,0.686593,0.878004
569,0.655856,0.992050
783,0.685619,3.119225
51,0.852260,2.536628
441,0.755020,0.772866
908,0.655144,0.204186
543,0.734352,0.788615
734,0.788255,0.870834
302,0.734953,0.503553
865,0.791191,1.056134
582,0.664525,2.496186
668,0.836812,0.979607
198,0.653235,2.359091
716,0.748587,1.739310
874,0.633771,1.729675
851,0.653267,1.033173
17,0.648388,0.756633
520,0.707921,1.404041
206,0.879729,0.927820
93,0.770743,1.387870
227,0.733682,0.889903
451,0.753838,0.478663
769,0.653894,0.780146
165,0.693735,1.474409
782,0.793754,3.320639
671,0.783126,1.247578
772,0.618829,1.706348
116,0.717694,1.179370
787,0.785510,1.281396
770,0.620926,1.257735
337,0.771206,0.844217
192,0.607951,0.762090
942,0.592881,0.604140
401,0.684937,2.154548
411,0.569738,0.300595
374,0.628662,0.798565
888,0.661078,0.519945
37,0.698653,1.989436
217,0.703248,0.795846
293,0.699275,1.070670
312,0.793467,0.917885
70,0.775714,1.151382
669,0.605787,1.297817
843,0.795421,1.259439
562,0.761824,0.676968
775,0.798228,2.533734
975,0.732809,2.104278
472,0.625153,1.399645
58,0.950823,0.816159
738,0.627215,1.948628
347,0.675864,1.551548
153,0.600370,0.892972
363,0.653534,0.519580
105,0.695934,2.556124
362,0.758258,1.805915
392,0.817364,1.539789
466,0.631038,2.084929
407,0.621184,1.120502
719,0.628692,1.300948
119,0.753019,1.484476
24,0.707233,0.661036
804,0.607119,1.631733
551,0.884221,1.726892
166,0.624255,2.120016
663,0.781714,2.320986
489,0.615364,0.981423
740,0.622511,1.363141
38,0.625178,0.434028
926,0.621638,1.085254
725,0.620600,1.200141
816,0.628605,1.106836
331,0.623300,0.829387
234,0.661574,1.076042
442,0.628346,0.666493
934,0.625975,0.334376
762,0.779266,0.856183
895,0.617269,0.997037
538,0.714789,0.904902
113,0.624844,0.827687
580,0.615735,1.000291
67,0.797769,0.758328
509,0.795061,1.681734
659,0.818380,2.331200
121,0.636418,1.074894
596,0.695447,1.109976
752,0.791454,1.499645
437,0.690786,0.130868
798,0.648814,0.684761
283,0.702659,1.782178
878,0.700151,1.728760
823,0.633683,0.502668
736,0.705256,2.011080
536,0.618008,1.303125
514,0.636252,0.933140
236,0.636958,2.308695
954,0.837253,0.884121
273,0.770555,0.684044
815,0.771589,0.788170
706,0.748827,0.640648
73,0.636594,1.744527
229,0.739462,1.625515
713,0.824954,1.527136
231,0.773632,2.313610
398,0.814937,0.668930
833,0.783627,1.877933
341,0.745559,1.298354
191,0.810257,1.275269
148,0.628320,0.107603
601,0.589571,0.872967
328,0.727777,1.131926
948,0.873515,1.594708
943,0.678446,1.728297
507,0.804921,3.038766
645,0.815062,0.444094
557,0.724981,2.092263
367,0.862164,0.860759
609,0.775036,1.553343
898,0.783443,2.137288
355,0.726752,0.931643
847,0.822105,2.073201
179,0.840474,1.561828
675,0.710050,0.679908
2,0.820598,1.769609
275,0.592709,0.461963
68,0.712314,0.772984
432,0.826073,1.965672
523,0.631913,1.834136
228,0.823623,1.698929
6,0.740934,1.516044
481,0.714032,3.173114
750,0.775023,0.937567
921,0.772202,1.039291
131,0.781685,2.418382
886,0.746473,0.964292
254,0.836898,1.183461
741,0.780935,1.465067
Average Cost: 4.069000
Accuracy: 88.900000
Accuracy 0: 100.000000
Cost 0: 3.000000
Accuracy 1: 100.000000
Cost 1: 3.000000
Accuracy 2: 100.000000
Cost 2: 3.000000
Accuracy 3: 100.000000
Cost 3: 3.000000
Accuracy 4: 100.000000
Cost 4: 3.000000
Accuracy 5: 100.000000
Cost 5: 3.000000
Accuracy 6: 100.000000
Cost 6: 3.000000
Accuracy 7: 100.000000
Cost 7: 3.000000
Accuracy 8: 100.000000
Cost 8: 3.000000
Accuracy 9: 100.000000
Cost 9: 3.000000
