ProblemNo,Answer,TrueAnswer,Cost,Difficulty
0,0,0,20.000000,0.000000
1,0,0,20.000000,0.000000
2,1,1,25.000000,0.500000
3,1,1,20.000000,0.000000
4,0,0,25.000000,0.500000
5,0,0,20.000000,0.000000
6,0,0,20.000000,0.000000
7,1,1,20.000000,0.000000
8,1,1,35.000000,0.900000
9,0,1,30.000000,0.800000
10,1,1,20.000000,0.000000
11,0,0,20.000000,0.000000
12,0,0,20.000000,0.000000
13,0,0,25.000000,0.900000
14,0,0,25.000000,0.500000
15,1,1,20.000000,0.000000
16,1,1,20.000000,0.000000
17,0,0,25.000000,0.500000
18,1,1,25.000000,0.500000
19,0,0,25.000000,0.500000
20,1,1,20.000000,0.000000
21,1,1,20.000000,0.000000
22,1,1,20.000000,0.000000
23,0,0,30.000000,0.800000
24,1,1,25.000000,0.500000
25,1,1,25.000000,0.900000
26,1,1,35.000000,0.800000
27,0,0,20.000000,0.000000
28,1,1,25.000000,0.500000
29,0,0,30.000000,0.800000
30,1,1,20.000000,0.000000
31,1,1,25.000000,0.500000
32,0,0,20.000000,0.000000
33,1,1,20.000000,0.000000
34,1,1,25.000000,0.500000
35,1,1,25.000000,0.900000
36,0,1,25.000000,0.900000
37,1,1,45.000000,1.000000
38,0,0,25.000000,0.500000
39,1,1,30.000000,0.900000
40,1,1,25.000000,0.500000
41,0,0,20.000000,0.000000
42,0,0,25.000000,0.900000
43,1,1,20.000000,0.000000
44,1,1,25.000000,0.500000
45,1,1,25.000000,0.500000
46,0,0,25.000000,0.500000
47,1,1,20.000000,0.000000
48,0,0,20.000000,0.000000
49,0,0,20.000000,0.000000
50,0,0,20.000000,0.000000
51,0,0,20.000000,0.000000
52,0,0,20.000000,0.000000
53,1,0,25.000000,0.500000
54,0,0,20.000000,0.000000
55,0,0,20.000000,0.000000
56,0,0,20.000000,0.000000
57,1,1,25.000000,0.500000
58,1,0,25.000000,0.900000
59,0,0,25.000000,0.500000
60,1,1,25.000000,0.500000
61,1,0,25.000000,0.500000
62,0,1,25.000000,0.900000
63,0,0,20.000000,0.000000
64,0,0,20.000000,0.000000
65,1,1,20.000000,0.000000
66,1,1,25.000000,0.500000
67,0,0,25.000000,0.500000
68,0,0,25.000000,0.500000
69,1,1,20.000000,0.000000
70,0,0,25.000000,0.500000
71,0,0,20.000000,0.000000
72,1,1,25.000000,0.500000
73,1,1,25.000000,0.500000
74,0,0,20.000000,0.000000
75,1,1,20.000000,0.000000
76,0,0,25.000000,0.500000
77,1,1,25.000000,0.500000
78,1,0,60.000000,0.900000
79,0,0,25.000000,0.500000
80,1,1,25.000000,0.900000
81,0,1,25.000000,0.900000
82,1,1,20.000000,0.000000
83,0,0,20.000000,0.000000
84,1,1,20.000000,0.000000
85,0,0,20.000000,0.000000
86,1,1,20.000000,0.000000
87,0,0,20.000000,0.000000
88,0,0,20.000000,0.000000
89,1,1,25.000000,0.500000
90,1,1,20.000000,0.000000
91,0,0,20.000000,0.000000
92,1,0,25.000000,0.900000
93,0,0,20.000000,0.000000
94,1,1,25.000000,0.500000
95,1,1,25.000000,0.500000
96,1,1,20.000000,0.000000
97,1,1,20.000000,0.000000
98,0,0,20.000000,0.000000
99,1,1,25.000000,0.900000
100,0,1,25.000000,0.900000
101,1,1,25.000000,0.500000
102,1,1,25.000000,0.500000
103,0,0,25.000000,0.900000
104,1,1,25.000000,0.500000
105,0,0,20.000000,0.000000
106,0,0,20.000000,0.000000
107,0,1,30.000000,0.800000
108,1,1,25.000000,0.500000
109,1,1,35.000000,0.900000
110,0,0,20.000000,0.000000
111,0,0,25.000000,0.500000
112,1,1,25.000000,0.500000
113,0,0,20.000000,0.000000
114,1,1,25.000000,0.500000
115,1,1,20.000000,0.000000
116,0,0,25.000000,0.500000
117,1,0,55.000000,0.900000
118,0,0,20.000000,0.000000
119,1,1,20.000000,0.000000
120,0,0,25.000000,0.500000
121,1,1,20.000000,0.000000
122,0,0,20.000000,0.000000
123,0,0,20.000000,0.000000
124,0,1,30.000000,0.800000
125,1,1,20.000000,0.000000
126,1,0,30.000000,0.800000
127,0,0,20.000000,0.000000
128,0,0,20.000000,0.000000
129,1,1,20.000000,0.000000
130,0,0,20.000000,0.000000
131,1,1,20.000000,0.000000
132,1,1,20.000000,0.000000
133,1,1,45.000000,0.900000
134,1,1,25.000000,0.500000
135,1,1,25.000000,0.500000
136,0,0,20.000000,0.000000
137,0,0,20.000000,0.000000
138,0,0,20.000000,0.000000
139,1,1,20.000000,0.000000
140,1,1,20.000000,0.000000
141,1,1,20.000000,0.000000
142,0,0,20.000000,0.000000
143,1,1,20.000000,0.000000
144,1,1,20.000000,0.000000
145,1,1,25.000000,0.500000
146,1,1,20.000000,0.000000
147,1,1,25.000000,0.900000
148,0,0,25.000000,0.500000
149,1,1,20.000000,0.000000
WorkerID,Gamma
37,0.432162
36,0.570061
60,0.485860
88,0.495305
63,0.518886
64,0.491360
35,0.498067
66,0.490696
67,0.481186
82,0.476319
69,0.505796
80,0.510407
81,0.555817
86,0.490509
87,0.495063
84,0.547299
48,0.428267
49,0.511023
46,0.498337
47,0.737697
44,0.618273
45,0.510519
42,0.468865
43,0.463888
40,0.458858
41,0.480316
83,0.499736
77,0.523457
76,0.494872
75,0.510919
74,0.519375
73,0.528979
72,0.490988
71,0.481189
70,0.495332
79,0.495304
78,0.490622
39,0.520657
38,0.495965
59,0.453780
58,0.495785
55,0.450523
54,0.546016
57,0.476189
56,0.490912
51,1.043535
50,0.499891
53,0.662392
52,0.478682
65,0.567357
Average Cost: 23.566667
Accuracy: 90.666667
