Number of Worker Pools: 1
Number of Workers in Pool 1: 1000
Original mean,standardDev for Pool 1: 4.000000,0.300000
Number of Workers in Pool 2: 1000
Original mean,standardDev for Pool 2: 3.500000,0.200000
Number of Problems: 1000
ProblemNo,Answer,TrueAnswer,Cost,Difficulty,TrueDifficulty
0,1,1,8.000000,0.000000,0.500000
1,0,0,8.000000,0.000000,0.500000
2,1,1,8.000000,0.000000,0.500000
3,0,0,8.000000,0.000000,0.500000
4,1,1,12.000000,0.500000,0.500000
5,1,1,8.000000,0.000000,0.500000
6,0,0,10.000000,0.600000,0.500000
7,0,0,8.000000,0.000000,0.500000
8,0,0,28.000000,0.900000,0.500000
9,1,1,16.000000,0.700000,0.500000
10,0,0,18.000000,0.900000,0.500000
11,1,1,8.000000,0.000000,0.500000
12,1,1,22.000000,0.800000,0.500000
13,1,1,12.000000,0.500000,0.500000
14,1,1,12.000000,0.500000,0.500000
15,0,0,12.000000,0.500000,0.500000
16,0,0,8.000000,0.000000,0.500000
17,0,0,8.000000,0.000000,0.500000
18,0,0,16.000000,0.700000,0.500000
19,1,1,16.000000,0.700000,0.500000
20,0,0,16.000000,0.700000,0.500000
21,1,1,16.000000,0.700000,0.500000
22,1,1,8.000000,0.000000,0.500000
23,0,0,8.000000,0.000000,0.500000
24,1,1,8.000000,0.000000,0.500000
25,0,0,12.000000,0.500000,0.500000
26,0,0,8.000000,0.000000,0.500000
27,0,0,8.000000,0.000000,0.500000
28,0,0,12.000000,0.500000,0.500000
29,1,1,12.000000,0.500000,0.500000
30,0,0,10.000000,0.600000,0.500000
31,0,0,12.000000,0.500000,0.500000
32,1,1,8.000000,0.000000,0.500000
33,1,1,8.000000,0.000000,0.500000
34,1,1,12.000000,0.500000,0.500000
35,0,0,12.000000,0.500000,0.500000
36,0,0,36.000000,0.900000,0.500000
37,1,1,18.000000,0.800000,0.500000
38,1,1,16.000000,0.700000,0.500000
39,0,0,12.000000,0.500000,0.500000
40,1,1,8.000000,0.000000,0.500000
41,0,0,8.000000,0.000000,0.500000
42,0,0,12.000000,0.500000,0.500000
43,0,0,22.000000,0.900000,0.500000
44,0,0,12.000000,0.500000,0.500000
45,1,1,8.000000,0.000000,0.500000
46,1,1,12.000000,0.500000,0.500000
47,0,0,8.000000,0.000000,0.500000
48,0,0,16.000000,0.700000,0.500000
49,0,0,16.000000,0.700000,0.500000
50,0,0,8.000000,0.000000,0.500000
51,0,0,16.000000,0.700000,0.500000
52,1,1,20.000000,0.800000,0.500000
53,0,0,12.000000,0.500000,0.500000
54,0,0,16.000000,0.700000,0.500000
55,0,0,12.000000,0.500000,0.500000
56,0,0,8.000000,0.000000,0.500000
57,0,0,8.000000,0.000000,0.500000
58,1,1,12.000000,0.500000,0.500000
59,1,1,24.000000,0.900000,0.500000
60,0,0,8.000000,0.000000,0.500000
61,1,1,16.000000,0.700000,0.500000
62,1,1,8.000000,0.000000,0.500000
63,0,0,16.000000,0.700000,0.500000
64,0,0,8.000000,0.000000,0.500000
65,0,0,12.000000,0.500000,0.500000
66,0,0,8.000000,0.000000,0.500000
67,1,1,12.000000,0.500000,0.500000
68,0,0,20.000000,0.800000,0.500000
69,0,0,22.000000,0.900000,0.500000
70,0,0,12.000000,0.500000,0.500000
71,0,0,12.000000,0.500000,0.500000
72,0,0,8.000000,0.000000,0.500000
73,1,1,16.000000,0.700000,0.500000
74,0,0,8.000000,0.000000,0.500000
75,0,0,8.000000,0.000000,0.500000
76,0,0,24.000000,0.900000,0.500000
77,1,1,16.000000,0.700000,0.500000
78,1,1,22.000000,0.800000,0.500000
79,0,0,12.000000,0.500000,0.500000
80,1,1,8.000000,0.000000,0.500000
81,0,0,12.000000,0.500000,0.500000
82,0,0,16.000000,0.700000,0.500000
83,1,1,24.000000,0.900000,0.500000
84,1,1,8.000000,0.000000,0.500000
85,1,1,8.000000,0.000000,0.500000
86,0,0,8.000000,0.000000,0.500000
87,0,0,8.000000,0.000000,0.500000
88,0,0,32.000000,0.900000,0.500000
89,1,1,8.000000,0.000000,0.500000
90,1,1,28.000000,0.900000,0.500000
91,1,1,16.000000,0.700000,0.500000
92,1,1,26.000000,0.800000,0.500000
93,1,1,8.000000,0.000000,0.500000
94,0,0,20.000000,0.800000,0.500000
95,0,0,26.000000,0.900000,0.500000
96,1,1,8.000000,0.000000,0.500000
97,0,0,8.000000,0.000000,0.500000
98,0,0,8.000000,0.000000,0.500000
99,1,1,24.000000,0.900000,0.500000
100,1,1,8.000000,0.000000,0.500000
101,0,0,16.000000,0.700000,0.500000
102,0,0,16.000000,0.700000,0.500000
103,0,0,8.000000,0.000000,0.500000
104,1,1,8.000000,0.000000,0.500000
105,1,1,12.000000,0.500000,0.500000
106,0,0,8.000000,0.000000,0.500000
107,1,1,20.000000,0.800000,0.500000
108,0,0,8.000000,0.000000,0.500000
109,1,1,8.000000,0.000000,0.500000
110,0,0,16.000000,0.700000,0.500000
111,0,0,8.000000,0.000000,0.500000
112,0,0,12.000000,0.500000,0.500000
113,0,0,12.000000,0.500000,0.500000
114,1,1,12.000000,0.500000,0.500000
115,1,1,20.000000,0.800000,0.500000
116,0,0,14.000000,0.800000,0.500000
117,0,0,8.000000,0.000000,0.500000
118,0,0,8.000000,0.000000,0.500000
119,0,0,12.000000,0.500000,0.500000
120,0,0,10.000000,0.600000,0.500000
121,0,0,8.000000,0.000000,0.500000
122,1,1,8.000000,0.000000,0.500000
123,1,1,12.000000,0.500000,0.500000
124,1,1,16.000000,0.700000,0.500000
125,1,1,12.000000,0.500000,0.500000
126,0,0,12.000000,0.500000,0.500000
127,1,1,8.000000,0.000000,0.500000
128,1,1,20.000000,0.900000,0.500000
129,1,1,8.000000,0.000000,0.500000
130,1,1,8.000000,0.000000,0.500000
131,0,0,8.000000,0.000000,0.500000
132,0,0,8.000000,0.000000,0.500000
133,0,0,12.000000,0.500000,0.500000
134,0,0,8.000000,0.000000,0.500000
135,1,1,20.000000,0.800000,0.500000
136,0,0,8.000000,0.000000,0.500000
137,1,1,8.000000,0.000000,0.500000
138,0,0,12.000000,0.500000,0.500000
139,1,1,8.000000,0.000000,0.500000
140,1,1,8.000000,0.000000,0.500000
141,1,1,26.000000,0.900000,0.500000
142,0,0,8.000000,0.000000,0.500000
143,0,0,8.000000,0.000000,0.500000
144,0,0,8.000000,0.000000,0.500000
145,0,0,14.000000,0.800000,0.500000
146,0,0,12.000000,0.500000,0.500000
147,0,0,8.000000,0.000000,0.500000
148,1,1,12.000000,0.500000,0.500000
149,0,0,8.000000,0.000000,0.500000
150,1,1,8.000000,0.000000,0.500000
151,0,0,8.000000,0.000000,0.500000
152,1,1,16.000000,0.700000,0.500000
153,0,0,8.000000,0.000000,0.500000
154,0,0,12.000000,0.500000,0.500000
155,1,1,24.000000,0.800000,0.500000
156,1,1,16.000000,0.700000,0.500000
157,1,1,8.000000,0.000000,0.500000
158,1,1,18.000000,0.600000,0.500000
159,1,1,8.000000,0.000000,0.500000
160,0,0,22.000000,0.900000,0.500000
161,1,1,12.000000,0.500000,0.500000
162,1,1,12.000000,0.500000,0.500000
163,1,1,12.000000,0.500000,0.500000
164,1,1,16.000000,0.700000,0.500000
165,0,0,16.000000,0.700000,0.500000
166,1,1,8.000000,0.000000,0.500000
167,1,1,8.000000,0.000000,0.500000
168,1,1,16.000000,0.800000,0.500000
169,0,0,30.000000,0.900000,0.500000
170,1,1,8.000000,0.000000,0.500000
171,1,1,8.000000,0.000000,0.500000
172,0,0,12.000000,0.500000,0.500000
173,1,1,8.000000,0.000000,0.500000
174,1,1,12.000000,0.500000,0.500000
175,0,0,8.000000,0.000000,0.500000
176,0,0,8.000000,0.000000,0.500000
177,1,1,12.000000,0.500000,0.500000
178,0,0,16.000000,0.700000,0.500000
179,0,0,18.000000,0.700000,0.500000
180,1,1,8.000000,0.000000,0.500000
181,0,0,12.000000,0.500000,0.500000
182,1,1,12.000000,0.500000,0.500000
183,0,0,30.000000,0.900000,0.500000
184,0,0,8.000000,0.000000,0.500000
185,1,1,8.000000,0.000000,0.500000
186,1,1,8.000000,0.000000,0.500000
187,0,0,16.000000,0.700000,0.500000
188,1,1,12.000000,0.500000,0.500000
189,0,0,12.000000,0.500000,0.500000
190,0,0,12.000000,0.500000,0.500000
191,1,1,12.000000,0.500000,0.500000
192,1,1,12.000000,0.500000,0.500000
193,1,1,22.000000,0.800000,0.500000
194,1,1,12.000000,0.500000,0.500000
195,1,1,8.000000,0.000000,0.500000
196,1,1,8.000000,0.000000,0.500000
197,0,0,12.000000,0.500000,0.500000
198,0,0,16.000000,0.700000,0.500000
199,1,1,12.000000,0.500000,0.500000
200,0,0,14.000000,0.800000,0.500000
201,0,0,12.000000,0.500000,0.500000
202,1,1,12.000000,0.500000,0.500000
203,0,0,26.000000,0.900000,0.500000
204,0,0,12.000000,0.500000,0.500000
205,1,1,8.000000,0.000000,0.500000
206,1,1,12.000000,0.500000,0.500000
207,0,0,8.000000,0.000000,0.500000
208,1,1,16.000000,0.700000,0.500000
209,0,0,8.000000,0.000000,0.500000
210,1,1,8.000000,0.000000,0.500000
211,0,0,14.000000,0.800000,0.500000
212,0,0,8.000000,0.000000,0.500000
213,0,0,12.000000,0.500000,0.500000
214,0,0,14.000000,0.800000,0.500000
215,1,1,12.000000,0.500000,0.500000
216,1,1,12.000000,0.500000,0.500000
217,0,0,22.000000,0.900000,0.500000
218,0,0,16.000000,0.700000,0.500000
219,0,0,12.000000,0.500000,0.500000
220,1,1,12.000000,0.500000,0.500000
221,1,1,12.000000,0.500000,0.500000
222,0,0,12.000000,0.500000,0.500000
223,0,0,12.000000,0.500000,0.500000
224,1,1,12.000000,0.500000,0.500000
225,0,0,8.000000,0.000000,0.500000
226,1,1,8.000000,0.000000,0.500000
227,1,1,8.000000,0.000000,0.500000
228,0,0,12.000000,0.500000,0.500000
229,1,1,12.000000,0.500000,0.500000
230,0,0,12.000000,0.500000,0.500000
231,1,1,16.000000,0.700000,0.500000
232,0,0,8.000000,0.000000,0.500000
233,0,0,8.000000,0.000000,0.500000
234,1,1,8.000000,0.000000,0.500000
235,1,1,8.000000,0.000000,0.500000
236,1,1,8.000000,0.000000,0.500000
237,1,1,32.000000,0.900000,0.500000
238,1,1,12.000000,0.500000,0.500000
239,0,0,8.000000,0.000000,0.500000
240,0,0,8.000000,0.000000,0.500000
241,0,0,8.000000,0.000000,0.500000
242,1,1,12.000000,0.500000,0.500000
243,1,1,16.000000,0.800000,0.500000
244,1,1,20.000000,0.800000,0.500000
245,0,0,8.000000,0.000000,0.500000
246,1,1,8.000000,0.000000,0.500000
247,1,1,8.000000,0.000000,0.500000
248,1,1,12.000000,0.500000,0.500000
249,0,0,22.000000,0.900000,0.500000
250,1,1,8.000000,0.000000,0.500000
251,1,1,12.000000,0.500000,0.500000
252,1,1,12.000000,0.500000,0.500000
253,1,1,8.000000,0.000000,0.500000
254,0,0,16.000000,0.700000,0.500000
255,0,0,8.000000,0.000000,0.500000
256,0,0,12.000000,0.500000,0.500000
257,1,1,12.000000,0.500000,0.500000
258,1,1,8.000000,0.000000,0.500000
259,0,0,8.000000,0.000000,0.500000
260,0,0,8.000000,0.000000,0.500000
261,1,1,8.000000,0.000000,0.500000
262,1,1,8.000000,0.000000,0.500000
263,0,0,8.000000,0.000000,0.500000
264,1,1,16.000000,0.700000,0.500000
265,1,1,8.000000,0.000000,0.500000
266,0,0,12.000000,0.500000,0.500000
267,0,0,8.000000,0.000000,0.500000
268,1,1,12.000000,0.500000,0.500000
269,1,1,8.000000,0.000000,0.500000
270,0,0,16.000000,0.700000,0.500000
271,0,0,12.000000,0.500000,0.500000
272,1,1,8.000000,0.000000,0.500000
273,1,1,8.000000,0.000000,0.500000
274,1,1,8.000000,0.000000,0.500000
275,0,0,16.000000,0.700000,0.500000
276,0,0,8.000000,0.000000,0.500000
277,0,0,8.000000,0.000000,0.500000
278,0,0,8.000000,0.000000,0.500000
279,0,0,12.000000,0.500000,0.500000
280,1,1,14.000000,0.800000,0.500000
281,1,1,8.000000,0.000000,0.500000
282,0,0,12.000000,0.500000,0.500000
283,1,1,22.000000,0.900000,0.500000
284,0,0,8.000000,0.000000,0.500000
285,1,1,16.000000,0.700000,0.500000
286,0,0,8.000000,0.000000,0.500000
287,1,1,8.000000,0.000000,0.500000
288,0,0,8.000000,0.000000,0.500000
289,1,1,14.000000,0.800000,0.500000
290,0,0,8.000000,0.000000,0.500000
291,1,1,12.000000,0.500000,0.500000
292,1,1,12.000000,0.500000,0.500000
293,1,1,12.000000,0.500000,0.500000
294,1,1,8.000000,0.000000,0.500000
295,0,0,8.000000,0.000000,0.500000
296,1,1,8.000000,0.000000,0.500000
297,1,1,16.000000,0.700000,0.500000
298,1,1,12.000000,0.500000,0.500000
299,0,0,12.000000,0.500000,0.500000
300,1,1,12.000000,0.500000,0.500000
301,0,0,8.000000,0.000000,0.500000
302,0,0,12.000000,0.500000,0.500000
303,0,0,8.000000,0.000000,0.500000
304,1,1,8.000000,0.000000,0.500000
305,0,0,8.000000,0.000000,0.500000
306,0,0,16.000000,0.700000,0.500000
307,1,1,8.000000,0.000000,0.500000
308,1,1,12.000000,0.500000,0.500000
309,1,1,16.000000,0.700000,0.500000
310,0,0,24.000000,0.900000,0.500000
311,0,0,20.000000,0.800000,0.500000
312,0,0,8.000000,0.000000,0.500000
313,0,0,18.000000,0.600000,0.500000
314,0,0,8.000000,0.000000,0.500000
315,0,0,20.000000,0.800000,0.500000
316,0,0,8.000000,0.000000,0.500000
317,0,0,22.000000,0.800000,0.500000
318,1,1,12.000000,0.500000,0.500000
319,0,0,8.000000,0.000000,0.500000
320,0,0,20.000000,0.800000,0.500000
321,1,1,12.000000,0.500000,0.500000
322,0,0,8.000000,0.000000,0.500000
323,1,1,12.000000,0.500000,0.500000
324,1,1,16.000000,0.700000,0.500000
325,1,1,12.000000,0.500000,0.500000
326,1,1,12.000000,0.500000,0.500000
327,1,1,22.000000,0.800000,0.500000
328,0,0,8.000000,0.000000,0.500000
329,0,0,8.000000,0.000000,0.500000
330,1,1,20.000000,0.800000,0.500000
331,1,1,12.000000,0.500000,0.500000
332,0,0,12.000000,0.500000,0.500000
333,1,1,8.000000,0.000000,0.500000
334,1,1,8.000000,0.000000,0.500000
335,0,0,12.000000,0.500000,0.500000
336,0,0,16.000000,0.700000,0.500000
337,1,1,8.000000,0.000000,0.500000
338,0,0,30.000000,0.900000,0.500000
339,0,0,28.000000,0.900000,0.500000
340,1,1,8.000000,0.000000,0.500000
341,1,1,20.000000,0.800000,0.500000
342,0,0,8.000000,0.000000,0.500000
343,1,1,8.000000,0.000000,0.500000
344,1,1,18.000000,0.600000,0.500000
345,1,1,16.000000,0.700000,0.500000
346,1,1,8.000000,0.000000,0.500000
347,1,1,12.000000,0.500000,0.500000
348,1,1,12.000000,0.500000,0.500000
349,0,0,8.000000,0.000000,0.500000
350,1,1,12.000000,0.500000,0.500000
351,0,0,28.000000,0.900000,0.500000
352,1,1,8.000000,0.000000,0.500000
353,1,1,16.000000,0.700000,0.500000
354,1,1,8.000000,0.000000,0.500000
355,1,1,20.000000,0.800000,0.500000
356,1,1,8.000000,0.000000,0.500000
357,1,1,8.000000,0.000000,0.500000
358,0,0,8.000000,0.000000,0.500000
359,0,0,14.000000,0.800000,0.500000
360,1,1,8.000000,0.000000,0.500000
361,0,0,12.000000,0.500000,0.500000
362,1,1,14.000000,0.800000,0.500000
363,1,1,16.000000,0.700000,0.500000
364,1,1,8.000000,0.000000,0.500000
365,0,0,12.000000,0.500000,0.500000
366,0,0,30.000000,0.900000,0.500000
367,1,1,12.000000,0.500000,0.500000
368,0,0,8.000000,0.000000,0.500000
369,0,0,8.000000,0.000000,0.500000
370,0,0,16.000000,0.700000,0.500000
371,1,1,14.000000,0.800000,0.500000
372,1,1,12.000000,0.500000,0.500000
373,1,1,16.000000,0.900000,0.500000
374,1,1,8.000000,0.000000,0.500000
375,1,1,28.000000,0.900000,0.500000
376,0,0,8.000000,0.000000,0.500000
377,1,1,12.000000,0.500000,0.500000
378,1,1,12.000000,0.500000,0.500000
379,1,1,8.000000,0.000000,0.500000
380,0,0,8.000000,0.000000,0.500000
381,1,1,24.000000,0.900000,0.500000
382,0,0,16.000000,0.700000,0.500000
383,0,0,8.000000,0.000000,0.500000
384,1,1,8.000000,0.000000,0.500000
385,1,1,12.000000,0.500000,0.500000
386,0,0,8.000000,0.000000,0.500000
387,0,0,20.000000,0.800000,0.500000
388,0,0,12.000000,0.900000,0.500000
389,1,1,8.000000,0.000000,0.500000
390,0,0,20.000000,0.800000,0.500000
391,1,1,8.000000,0.000000,0.500000
392,0,0,12.000000,0.500000,0.500000
393,0,0,22.000000,0.900000,0.500000
394,1,1,12.000000,0.500000,0.500000
395,0,0,8.000000,0.000000,0.500000
396,0,0,12.000000,0.500000,0.500000
397,1,1,8.000000,0.000000,0.500000
398,0,0,12.000000,0.500000,0.500000
399,1,1,12.000000,0.500000,0.500000
400,1,1,12.000000,0.500000,0.500000
401,1,1,8.000000,0.000000,0.500000
402,0,0,8.000000,0.000000,0.500000
403,0,0,8.000000,0.000000,0.500000
404,0,0,12.000000,0.500000,0.500000
405,1,1,12.000000,0.500000,0.500000
406,0,0,8.000000,0.000000,0.500000
407,0,0,18.000000,0.700000,0.500000
408,0,0,12.000000,0.500000,0.500000
409,1,1,12.000000,0.500000,0.500000
410,1,1,8.000000,0.000000,0.500000
411,1,1,12.000000,0.500000,0.500000
412,1,1,12.000000,0.500000,0.500000
413,0,0,12.000000,0.500000,0.500000
414,1,1,12.000000,0.500000,0.500000
415,0,0,14.000000,0.800000,0.500000
416,0,0,8.000000,0.000000,0.500000
417,1,1,12.000000,0.500000,0.500000
418,1,1,18.000000,0.600000,0.500000
419,0,0,8.000000,0.000000,0.500000
420,0,0,12.000000,0.500000,0.500000
421,1,1,12.000000,0.500000,0.500000
422,1,1,8.000000,0.000000,0.500000
423,0,0,8.000000,0.000000,0.500000
424,0,0,12.000000,0.500000,0.500000
425,1,1,14.000000,0.800000,0.500000
426,1,1,8.000000,0.000000,0.500000
427,0,0,12.000000,0.500000,0.500000
428,0,0,12.000000,0.500000,0.500000
429,0,0,8.000000,0.000000,0.500000
430,1,1,8.000000,0.000000,0.500000
431,0,0,12.000000,0.500000,0.500000
432,1,1,12.000000,0.500000,0.500000
433,1,1,14.000000,0.800000,0.500000
434,0,0,8.000000,0.000000,0.500000
435,0,0,8.000000,0.000000,0.500000
436,0,0,8.000000,0.000000,0.500000
437,0,0,8.000000,0.000000,0.500000
438,1,1,8.000000,0.000000,0.500000
439,0,0,8.000000,0.000000,0.500000
440,1,1,8.000000,0.000000,0.500000
441,1,1,12.000000,0.500000,0.500000
442,1,1,12.000000,0.500000,0.500000
443,1,1,8.000000,0.000000,0.500000
444,1,1,16.000000,0.700000,0.500000
445,0,0,10.000000,0.600000,0.500000
446,0,0,8.000000,0.000000,0.500000
447,1,1,8.000000,0.000000,0.500000
448,0,0,20.000000,0.800000,0.500000
449,1,1,20.000000,0.800000,0.500000
450,1,1,16.000000,0.700000,0.500000
451,0,0,8.000000,0.000000,0.500000
452,1,1,8.000000,0.000000,0.500000
453,1,1,18.000000,0.700000,0.500000
454,0,0,20.000000,0.800000,0.500000
455,0,0,8.000000,0.000000,0.500000
456,0,0,8.000000,0.000000,0.500000
457,0,0,22.000000,0.800000,0.500000
458,0,0,28.000000,0.800000,0.500000
459,1,1,12.000000,0.500000,0.500000
460,1,1,12.000000,0.500000,0.500000
461,1,1,8.000000,0.000000,0.500000
462,1,1,12.000000,0.500000,0.500000
463,1,1,30.000000,0.900000,0.500000
464,1,1,20.000000,0.800000,0.500000
465,0,0,12.000000,0.500000,0.500000
466,1,1,12.000000,0.500000,0.500000
467,0,0,8.000000,0.000000,0.500000
468,0,0,12.000000,0.500000,0.500000
469,1,1,8.000000,0.000000,0.500000
470,0,0,8.000000,0.000000,0.500000
471,0,0,16.000000,0.700000,0.500000
472,1,1,8.000000,0.000000,0.500000
473,0,0,18.000000,0.900000,0.500000
474,0,0,8.000000,0.000000,0.500000
475,1,1,18.000000,0.600000,0.500000
476,0,0,12.000000,0.500000,0.500000
477,0,0,8.000000,0.000000,0.500000
478,1,1,12.000000,0.500000,0.500000
479,0,0,8.000000,0.000000,0.500000
480,1,1,8.000000,0.000000,0.500000
481,1,1,28.000000,0.900000,0.500000
482,0,0,12.000000,0.500000,0.500000
483,0,0,16.000000,0.700000,0.500000
484,0,0,8.000000,0.000000,0.500000
485,1,1,8.000000,0.000000,0.500000
486,1,1,8.000000,0.000000,0.500000
487,0,0,16.000000,0.700000,0.500000
488,0,0,8.000000,0.000000,0.500000
489,1,1,8.000000,0.000000,0.500000
490,1,1,8.000000,0.000000,0.500000
491,0,0,8.000000,0.000000,0.500000
492,0,0,12.000000,0.500000,0.500000
493,0,0,20.000000,0.800000,0.500000
494,1,1,8.000000,0.000000,0.500000
495,0,0,8.000000,0.000000,0.500000
496,0,0,18.000000,0.900000,0.500000
497,1,1,8.000000,0.000000,0.500000
498,1,1,8.000000,0.000000,0.500000
499,0,0,18.000000,0.600000,0.500000
500,1,1,26.000000,0.900000,0.500000
501,0,0,8.000000,0.000000,0.500000
502,1,1,22.000000,0.800000,0.500000
503,0,0,8.000000,0.000000,0.500000
504,1,1,10.000000,0.600000,0.500000
505,0,0,8.000000,0.000000,0.500000
506,0,0,12.000000,0.500000,0.500000
507,1,1,8.000000,0.000000,0.500000
508,1,1,12.000000,0.500000,0.500000
509,1,1,8.000000,0.000000,0.500000
510,0,0,20.000000,0.800000,0.500000
511,0,0,16.000000,1.000000,0.500000
512,1,1,8.000000,0.000000,0.500000
513,1,1,8.000000,0.000000,0.500000
514,0,0,8.000000,0.000000,0.500000
515,0,0,8.000000,0.000000,0.500000
516,0,0,8.000000,0.000000,0.500000
517,1,1,8.000000,0.000000,0.500000
518,0,0,12.000000,0.500000,0.500000
519,1,1,16.000000,0.700000,0.500000
520,0,0,8.000000,0.000000,0.500000
521,0,0,12.000000,0.500000,0.500000
522,1,1,20.000000,0.800000,0.500000
523,1,1,12.000000,0.500000,0.500000
524,0,0,12.000000,0.500000,0.500000
525,0,0,8.000000,0.000000,0.500000
526,0,0,8.000000,0.000000,0.500000
527,0,0,12.000000,0.500000,0.500000
528,0,0,12.000000,0.500000,0.500000
529,0,0,20.000000,0.800000,0.500000
530,0,0,18.000000,0.800000,0.500000
531,1,1,8.000000,0.000000,0.500000
532,0,0,18.000000,0.600000,0.500000
533,1,1,8.000000,0.000000,0.500000
534,1,1,8.000000,0.000000,0.500000
535,1,1,12.000000,0.500000,0.500000
536,1,1,12.000000,0.500000,0.500000
537,0,0,16.000000,0.700000,0.500000
538,1,1,22.000000,0.800000,0.500000
539,0,0,12.000000,0.500000,0.500000
540,0,0,8.000000,0.000000,0.500000
541,1,1,8.000000,0.000000,0.500000
542,1,1,8.000000,0.000000,0.500000
543,0,0,12.000000,0.500000,0.500000
544,0,0,12.000000,0.500000,0.500000
545,1,1,8.000000,0.000000,0.500000
546,1,1,8.000000,0.000000,0.500000
547,1,1,12.000000,0.500000,0.500000
548,1,1,12.000000,0.500000,0.500000
549,0,0,16.000000,0.700000,0.500000
550,1,1,8.000000,0.000000,0.500000
551,1,1,24.000000,0.900000,0.500000
552,0,0,8.000000,0.000000,0.500000
553,0,0,8.000000,0.000000,0.500000
554,0,0,8.000000,0.000000,0.500000
555,0,0,16.000000,0.700000,0.500000
556,0,0,12.000000,0.500000,0.500000
557,1,1,8.000000,0.000000,0.500000
558,1,1,14.000000,0.800000,0.500000
559,0,0,8.000000,0.000000,0.500000
560,0,0,8.000000,0.000000,0.500000
561,1,1,12.000000,0.500000,0.500000
562,1,1,12.000000,0.500000,0.500000
563,1,1,20.000000,0.800000,0.500000
564,1,1,8.000000,0.000000,0.500000
565,0,0,20.000000,0.800000,0.500000
566,0,0,16.000000,0.700000,0.500000
567,0,0,18.000000,0.900000,0.500000
568,1,1,8.000000,0.000000,0.500000
569,1,1,12.000000,0.500000,0.500000
570,1,1,8.000000,0.000000,0.500000
571,1,1,8.000000,0.000000,0.500000
572,1,1,8.000000,0.000000,0.500000
573,1,1,8.000000,0.000000,0.500000
574,0,0,8.000000,0.000000,0.500000
575,0,0,8.000000,0.000000,0.500000
576,0,0,8.000000,0.000000,0.500000
577,0,0,8.000000,0.000000,0.500000
578,0,0,8.000000,0.000000,0.500000
579,0,0,12.000000,0.500000,0.500000
580,1,1,8.000000,0.000000,0.500000
581,1,1,12.000000,0.500000,0.500000
582,0,0,8.000000,0.000000,0.500000
583,0,0,8.000000,0.000000,0.500000
584,0,0,8.000000,0.000000,0.500000
585,0,0,12.000000,0.500000,0.500000
586,0,0,8.000000,0.000000,0.500000
587,1,1,20.000000,0.900000,0.500000
588,1,1,8.000000,0.000000,0.500000
589,1,1,24.000000,0.900000,0.500000
590,1,1,8.000000,0.000000,0.500000
591,0,0,12.000000,0.500000,0.500000
592,0,0,24.000000,0.900000,0.500000
593,1,1,22.000000,0.900000,0.500000
594,0,0,12.000000,0.500000,0.500000
595,1,1,8.000000,0.000000,0.500000
596,0,0,8.000000,0.000000,0.500000
597,0,0,8.000000,0.000000,0.500000
598,0,0,12.000000,0.500000,0.500000
599,1,1,12.000000,0.500000,0.500000
600,1,1,16.000000,0.700000,0.500000
601,1,1,12.000000,0.500000,0.500000
602,0,0,12.000000,0.500000,0.500000
603,0,0,8.000000,0.000000,0.500000
604,1,1,8.000000,0.000000,0.500000
605,0,0,8.000000,0.000000,0.500000
606,1,1,8.000000,0.000000,0.500000
607,1,1,8.000000,0.000000,0.500000
608,0,0,16.000000,0.700000,0.500000
609,0,0,8.000000,0.000000,0.500000
610,1,1,12.000000,0.500000,0.500000
611,0,0,8.000000,0.000000,0.500000
612,1,1,8.000000,0.000000,0.500000
613,0,0,8.000000,0.000000,0.500000
614,1,1,12.000000,0.500000,0.500000
615,0,0,8.000000,0.000000,0.500000
616,1,1,12.000000,0.500000,0.500000
617,1,1,8.000000,0.000000,0.500000
618,0,0,12.000000,0.500000,0.500000
619,1,1,14.000000,0.800000,0.500000
620,0,0,16.000000,0.700000,0.500000
621,1,1,8.000000,0.000000,0.500000
622,0,0,12.000000,0.500000,0.500000
623,0,0,12.000000,0.500000,0.500000
624,1,1,12.000000,0.500000,0.500000
625,0,0,8.000000,0.000000,0.500000
626,0,0,16.000000,0.700000,0.500000
627,1,1,12.000000,0.500000,0.500000
628,1,1,8.000000,0.000000,0.500000
629,1,1,12.000000,0.500000,0.500000
630,0,0,8.000000,0.000000,0.500000
631,1,1,8.000000,0.000000,0.500000
632,0,0,16.000000,0.700000,0.500000
633,0,0,8.000000,0.000000,0.500000
634,0,0,8.000000,0.000000,0.500000
635,1,1,8.000000,0.000000,0.500000
636,0,0,12.000000,0.500000,0.500000
637,0,0,12.000000,0.500000,0.500000
638,1,1,12.000000,0.500000,0.500000
639,0,0,8.000000,0.000000,0.500000
640,1,1,12.000000,0.500000,0.500000
641,1,1,8.000000,0.000000,0.500000
642,0,0,12.000000,0.500000,0.500000
643,1,1,8.000000,0.000000,0.500000
644,0,0,8.000000,0.000000,0.500000
645,1,1,24.000000,0.700000,0.500000
646,0,0,12.000000,0.500000,0.500000
647,1,1,20.000000,0.900000,0.500000
648,1,1,16.000000,0.700000,0.500000
649,0,0,20.000000,0.800000,0.500000
650,0,0,8.000000,0.000000,0.500000
651,1,1,8.000000,0.000000,0.500000
652,0,0,20.000000,0.900000,0.500000
653,1,1,8.000000,0.000000,0.500000
654,0,0,8.000000,0.000000,0.500000
655,0,0,8.000000,0.000000,0.500000
656,1,1,12.000000,0.500000,0.500000
657,0,0,8.000000,0.000000,0.500000
658,1,1,16.000000,0.700000,0.500000
659,1,1,8.000000,0.000000,0.500000
660,0,0,12.000000,0.500000,0.500000
661,1,1,8.000000,0.000000,0.500000
662,0,0,10.000000,0.600000,0.500000
663,1,1,26.000000,0.800000,0.500000
664,0,0,12.000000,0.500000,0.500000
665,1,1,8.000000,0.000000,0.500000
666,1,1,8.000000,0.000000,0.500000
667,0,0,12.000000,0.500000,0.500000
668,1,1,8.000000,0.000000,0.500000
669,1,1,12.000000,0.500000,0.500000
670,0,0,18.000000,0.800000,0.500000
671,0,0,12.000000,0.500000,0.500000
672,0,0,8.000000,0.000000,0.500000
673,1,1,12.000000,0.500000,0.500000
674,1,1,8.000000,0.000000,0.500000
675,0,0,16.000000,0.700000,0.500000
676,1,1,8.000000,0.000000,0.500000
677,0,0,16.000000,0.700000,0.500000
678,0,0,8.000000,0.000000,0.500000
679,0,0,8.000000,0.000000,0.500000
680,1,1,8.000000,0.000000,0.500000
681,1,1,20.000000,0.800000,0.500000
682,0,0,8.000000,0.000000,0.500000
683,0,0,12.000000,0.500000,0.500000
684,0,0,8.000000,0.000000,0.500000
685,1,1,16.000000,0.700000,0.500000
686,0,0,12.000000,0.500000,0.500000
687,0,0,16.000000,0.700000,0.500000
688,0,0,12.000000,0.500000,0.500000
689,0,0,8.000000,0.000000,0.500000
690,1,1,8.000000,0.000000,0.500000
691,1,1,8.000000,0.000000,0.500000
692,0,0,20.000000,0.800000,0.500000
693,1,1,8.000000,0.000000,0.500000
694,0,0,16.000000,0.700000,0.500000
695,0,0,8.000000,0.000000,0.500000
696,0,0,8.000000,0.000000,0.500000
697,0,0,8.000000,0.000000,0.500000
698,0,0,8.000000,0.000000,0.500000
699,1,1,12.000000,0.500000,0.500000
700,1,1,8.000000,0.000000,0.500000
701,0,0,8.000000,0.000000,0.500000
702,1,1,8.000000,0.000000,0.500000
703,0,0,20.000000,0.800000,0.500000
704,1,1,8.000000,0.000000,0.500000
705,1,1,18.000000,0.700000,0.500000
706,1,1,8.000000,0.000000,0.500000
707,1,1,8.000000,0.000000,0.500000
708,0,0,18.000000,0.600000,0.500000
709,0,0,8.000000,0.000000,0.500000
710,0,0,12.000000,0.500000,0.500000
711,0,0,12.000000,0.500000,0.500000
712,1,1,8.000000,0.000000,0.500000
713,1,1,8.000000,0.000000,0.500000
714,1,1,16.000000,0.700000,0.500000
715,1,1,8.000000,0.000000,0.500000
716,1,1,10.000000,0.600000,0.500000
717,0,0,8.000000,0.000000,0.500000
718,1,1,12.000000,0.500000,0.500000
719,1,1,18.000000,0.600000,0.500000
720,0,0,12.000000,0.500000,0.500000
721,0,0,8.000000,0.000000,0.500000
722,1,1,8.000000,0.000000,0.500000
723,1,1,8.000000,0.000000,0.500000
724,0,0,16.000000,0.700000,0.500000
725,0,0,8.000000,0.000000,0.500000
726,0,0,12.000000,0.500000,0.500000
727,0,0,12.000000,0.500000,0.500000
728,0,0,8.000000,0.000000,0.500000
729,1,1,8.000000,0.000000,0.500000
730,1,1,8.000000,0.000000,0.500000
731,0,0,8.000000,0.000000,0.500000
732,0,0,18.000000,0.600000,0.500000
733,1,1,8.000000,0.000000,0.500000
734,0,0,8.000000,0.000000,0.500000
735,0,0,14.000000,0.800000,0.500000
736,0,0,8.000000,0.000000,0.500000
737,0,0,8.000000,0.000000,0.500000
738,1,1,8.000000,0.000000,0.500000
739,0,0,12.000000,0.500000,0.500000
740,1,1,8.000000,0.000000,0.500000
741,0,0,8.000000,0.000000,0.500000
742,1,1,24.000000,0.900000,0.500000
743,0,0,12.000000,0.500000,0.500000
744,0,0,14.000000,0.800000,0.500000
745,1,1,26.000000,0.900000,0.500000
746,1,1,26.000000,0.900000,0.500000
747,1,1,8.000000,0.000000,0.500000
748,0,0,16.000000,0.700000,0.500000
749,1,1,8.000000,0.000000,0.500000
750,0,0,12.000000,0.500000,0.500000
751,1,1,8.000000,0.000000,0.500000
752,1,1,12.000000,0.500000,0.500000
753,1,1,12.000000,0.500000,0.500000
754,1,1,8.000000,0.000000,0.500000
755,1,1,8.000000,0.000000,0.500000
756,0,0,8.000000,0.000000,0.500000
757,1,1,12.000000,0.500000,0.500000
758,0,0,8.000000,0.000000,0.500000
759,0,0,8.000000,0.000000,0.500000
760,0,0,8.000000,0.000000,0.500000
761,0,0,8.000000,0.000000,0.500000
762,0,0,8.000000,0.000000,0.500000
763,1,1,30.000000,0.900000,0.500000
764,0,0,8.000000,0.000000,0.500000
765,0,0,12.000000,0.500000,0.500000
766,0,0,8.000000,0.000000,0.500000
767,0,0,12.000000,0.500000,0.500000
768,1,1,8.000000,0.000000,0.500000
769,1,1,12.000000,0.500000,0.500000
770,1,1,12.000000,0.500000,0.500000
771,1,1,12.000000,0.500000,0.500000
772,0,0,8.000000,0.000000,0.500000
773,0,0,8.000000,0.000000,0.500000
774,1,1,8.000000,0.000000,0.500000
775,0,0,8.000000,0.000000,0.500000
776,1,1,8.000000,0.000000,0.500000
777,0,0,32.000000,0.900000,0.500000
778,0,0,8.000000,0.000000,0.500000
779,1,1,8.000000,0.000000,0.500000
780,0,0,8.000000,0.000000,0.500000
781,0,0,8.000000,0.000000,0.500000
782,1,1,16.000000,0.700000,0.500000
783,0,0,8.000000,0.000000,0.500000
784,1,1,18.000000,0.900000,0.500000
785,1,1,12.000000,0.500000,0.500000
786,1,1,12.000000,0.500000,0.500000
787,1,1,12.000000,0.500000,0.500000
788,0,0,8.000000,0.000000,0.500000
789,1,1,8.000000,0.000000,0.500000
790,1,1,8.000000,0.000000,0.500000
791,1,1,12.000000,0.500000,0.500000
792,0,0,12.000000,0.500000,0.500000
793,0,0,22.000000,0.800000,0.500000
794,1,1,12.000000,0.500000,0.500000
795,1,1,12.000000,0.500000,0.500000
796,0,0,8.000000,0.000000,0.500000
797,1,1,12.000000,0.500000,0.500000
798,0,0,22.000000,0.900000,0.500000
799,1,1,8.000000,0.000000,0.500000
800,1,1,8.000000,0.000000,0.500000
801,0,0,8.000000,0.000000,0.500000
802,1,1,8.000000,0.000000,0.500000
803,1,1,12.000000,0.500000,0.500000
804,1,1,12.000000,0.500000,0.500000
805,0,0,26.000000,0.900000,0.500000
806,0,0,12.000000,0.500000,0.500000
807,1,1,18.000000,0.700000,0.500000
808,1,1,8.000000,0.000000,0.500000
809,0,0,8.000000,0.000000,0.500000
810,1,1,12.000000,0.500000,0.500000
811,0,0,14.000000,0.800000,0.500000
812,0,0,8.000000,0.000000,0.500000
813,0,0,8.000000,0.000000,0.500000
814,1,1,8.000000,0.000000,0.500000
815,0,0,8.000000,0.000000,0.500000
816,0,0,12.000000,0.500000,0.500000
817,1,1,12.000000,0.500000,0.500000
818,1,1,8.000000,0.000000,0.500000
819,1,1,16.000000,0.700000,0.500000
820,0,0,22.000000,0.800000,0.500000
821,1,1,18.000000,0.900000,0.500000
822,0,0,12.000000,0.500000,0.500000
823,0,0,8.000000,0.000000,0.500000
824,1,1,12.000000,0.500000,0.500000
825,1,1,12.000000,0.500000,0.500000
826,1,1,8.000000,0.000000,0.500000
827,1,1,18.000000,0.900000,0.500000
828,0,0,8.000000,0.000000,0.500000
829,0,0,8.000000,0.000000,0.500000
830,1,1,8.000000,0.000000,0.500000
831,0,0,8.000000,0.000000,0.500000
832,1,1,12.000000,0.500000,0.500000
833,1,1,8.000000,0.000000,0.500000
834,1,1,8.000000,0.000000,0.500000
835,0,0,12.000000,0.500000,0.500000
836,1,1,12.000000,0.500000,0.500000
837,0,0,8.000000,0.000000,0.500000
838,1,1,8.000000,0.000000,0.500000
839,0,0,8.000000,0.000000,0.500000
840,0,0,12.000000,0.500000,0.500000
841,0,0,16.000000,0.700000,0.500000
842,0,0,12.000000,0.500000,0.500000
843,1,1,16.000000,0.700000,0.500000
844,0,0,12.000000,0.500000,0.500000
845,1,1,8.000000,0.000000,0.500000
846,0,0,12.000000,0.500000,0.500000
847,0,0,18.000000,0.800000,0.500000
848,1,1,12.000000,0.500000,0.500000
849,0,0,8.000000,0.000000,0.500000
850,0,0,18.000000,0.800000,0.500000
851,1,1,16.000000,0.700000,0.500000
852,0,0,12.000000,0.500000,0.500000
853,1,1,12.000000,0.500000,0.500000
854,0,0,8.000000,0.000000,0.500000
855,0,0,8.000000,0.000000,0.500000
856,1,1,8.000000,0.000000,0.500000
857,1,1,16.000000,0.700000,0.500000
858,1,1,24.000000,0.900000,0.500000
859,0,0,20.000000,0.800000,0.500000
860,1,1,8.000000,0.000000,0.500000
861,0,0,18.000000,0.900000,0.500000
862,0,0,12.000000,0.500000,0.500000
863,1,1,26.000000,0.900000,0.500000
864,0,0,12.000000,0.500000,0.500000
865,0,0,46.000000,1.000000,0.500000
866,1,1,8.000000,0.000000,0.500000
867,1,1,8.000000,0.000000,0.500000
868,0,0,8.000000,0.000000,0.500000
869,1,1,8.000000,0.000000,0.500000
870,1,1,8.000000,0.000000,0.500000
871,1,1,26.000000,0.900000,0.500000
872,1,1,12.000000,0.500000,0.500000
873,0,0,32.000000,0.900000,0.500000
874,0,0,12.000000,0.500000,0.500000
875,1,1,12.000000,0.500000,0.500000
876,1,1,14.000000,0.800000,0.500000
877,0,0,16.000000,0.700000,0.500000
878,1,1,8.000000,0.000000,0.500000
879,1,1,20.000000,0.800000,0.500000
880,1,1,22.000000,0.800000,0.500000
881,1,1,8.000000,0.000000,0.500000
882,0,0,8.000000,0.000000,0.500000
883,1,1,20.000000,0.900000,0.500000
884,1,1,8.000000,0.000000,0.500000
885,0,0,12.000000,0.500000,0.500000
886,0,0,18.000000,0.900000,0.500000
887,1,1,18.000000,0.900000,0.500000
888,1,1,16.000000,0.700000,0.500000
889,1,1,8.000000,0.000000,0.500000
890,0,0,12.000000,0.500000,0.500000
891,1,1,8.000000,0.000000,0.500000
892,1,1,8.000000,0.000000,0.500000
893,1,1,8.000000,0.000000,0.500000
894,0,0,8.000000,0.000000,0.500000
895,0,0,8.000000,0.000000,0.500000
896,0,0,14.000000,0.800000,0.500000
897,0,0,10.000000,0.600000,0.500000
898,1,1,8.000000,0.000000,0.500000
899,1,1,8.000000,0.000000,0.500000
900,0,0,8.000000,0.000000,0.500000
901,1,1,12.000000,0.500000,0.500000
902,1,1,12.000000,0.500000,0.500000
903,1,1,8.000000,0.000000,0.500000
904,1,1,8.000000,0.000000,0.500000
905,0,0,12.000000,0.500000,0.500000
906,1,1,12.000000,0.500000,0.500000
907,1,1,14.000000,0.800000,0.500000
908,1,1,12.000000,0.500000,0.500000
909,0,0,12.000000,0.500000,0.500000
910,0,0,12.000000,0.500000,0.500000
911,1,1,12.000000,0.500000,0.500000
912,1,1,8.000000,0.000000,0.500000
913,0,0,8.000000,0.000000,0.500000
914,0,0,12.000000,0.500000,0.500000
915,0,0,16.000000,0.700000,0.500000
916,0,0,12.000000,0.500000,0.500000
917,0,0,16.000000,0.700000,0.500000
918,0,0,8.000000,0.000000,0.500000
919,0,0,16.000000,0.700000,0.500000
920,1,1,18.000000,0.700000,0.500000
921,1,1,8.000000,0.000000,0.500000
922,0,0,8.000000,0.000000,0.500000
923,1,1,8.000000,0.000000,0.500000
924,0,0,12.000000,0.500000,0.500000
925,0,0,16.000000,0.700000,0.500000
926,1,1,8.000000,0.000000,0.500000
927,1,1,12.000000,0.500000,0.500000
928,1,1,12.000000,0.500000,0.500000
929,0,0,12.000000,0.500000,0.500000
930,1,1,12.000000,0.500000,0.500000
931,0,0,8.000000,0.000000,0.500000
932,1,1,8.000000,0.000000,0.500000
933,1,1,8.000000,0.000000,0.500000
934,1,1,8.000000,0.000000,0.500000
935,0,0,8.000000,0.000000,0.500000
936,1,1,12.000000,0.500000,0.500000
937,1,1,8.000000,0.000000,0.500000
938,1,1,8.000000,0.000000,0.500000
939,0,0,8.000000,0.000000,0.500000
940,0,0,12.000000,0.500000,0.500000
941,0,0,8.000000,0.000000,0.500000
942,0,0,16.000000,0.900000,0.500000
943,1,1,18.000000,0.900000,0.500000
944,1,1,22.000000,0.800000,0.500000
945,1,1,8.000000,0.000000,0.500000
946,1,1,8.000000,0.000000,0.500000
947,1,1,16.000000,0.700000,0.500000
948,1,1,18.000000,0.900000,0.500000
949,0,0,12.000000,0.500000,0.500000
950,1,1,8.000000,0.000000,0.500000
951,1,1,16.000000,0.900000,0.500000
952,1,1,8.000000,0.000000,0.500000
953,1,1,8.000000,0.000000,0.500000
954,1,1,8.000000,0.000000,0.500000
955,1,1,8.000000,0.000000,0.500000
956,0,0,10.000000,0.600000,0.500000
957,1,1,8.000000,0.000000,0.500000
958,0,0,16.000000,0.700000,0.500000
959,1,1,16.000000,0.700000,0.500000
960,1,1,12.000000,0.500000,0.500000
961,0,0,14.000000,0.800000,0.500000
962,1,1,32.000000,1.000000,0.500000
963,1,1,8.000000,0.000000,0.500000
964,1,1,12.000000,0.500000,0.500000
965,1,1,8.000000,0.000000,0.500000
966,1,1,18.000000,0.800000,0.500000
967,1,1,16.000000,0.700000,0.500000
968,0,0,8.000000,0.000000,0.500000
969,1,1,12.000000,0.500000,0.500000
970,0,0,12.000000,0.500000,0.500000
971,0,0,8.000000,0.000000,0.500000
972,0,0,8.000000,0.000000,0.500000
973,1,1,16.000000,0.700000,0.500000
974,1,1,30.000000,0.900000,0.500000
975,0,0,10.000000,0.600000,0.500000
976,0,0,16.000000,0.700000,0.500000
977,0,0,8.000000,0.000000,0.500000
978,1,1,12.000000,0.500000,0.500000
979,0,0,8.000000,0.000000,0.500000
980,1,1,8.000000,0.000000,0.500000
981,0,0,12.000000,0.500000,0.500000
982,0,0,8.000000,0.000000,0.500000
983,0,0,8.000000,0.000000,0.500000
984,1,1,12.000000,0.500000,0.500000
985,0,0,8.000000,0.000000,0.500000
986,1,1,24.000000,0.900000,0.500000
987,1,1,12.000000,0.500000,0.500000
988,1,1,16.000000,0.900000,0.500000
989,0,0,8.000000,0.000000,0.500000
990,1,1,12.000000,0.500000,0.500000
991,0,0,8.000000,0.000000,0.500000
992,0,0,12.000000,0.500000,0.500000
993,1,1,12.000000,0.500000,0.500000
994,0,0,16.000000,0.700000,0.500000
995,1,1,12.000000,0.500000,0.500000
996,1,1,12.000000,0.500000,0.500000
997,1,1,16.000000,0.700000,0.500000
998,0,0,8.000000,0.000000,0.500000
999,1,1,8.000000,0.000000,0.500000
WorkerID,Gamma,TrueGamma
1505,0.499079,1.118942
1062,0.538565,0.362134
1705,0.448875,0.307350
1939,0.656800,0.594783
1808,0.597003,0.644785
1364,0.477962,0.500562
1239,0.545276,1.252713
1392,0.423260,1.259747
1645,0.543352,0.761860
1257,0.370695,0.810700
1269,0.490245,0.641362
1102,0.484760,0.244749
1236,0.387788,1.224646
1786,0.476979,0.655722
1428,0.353523,0.552725
1853,0.347301,0.566894
1874,0.441945,0.524489
1975,0.603156,0.418329
1506,0.511652,0.535263
1697,0.435834,0.648639
1351,0.468797,0.470233
1484,0.474721,0.945655
1461,0.365788,0.202802
1281,0.541195,0.817688
1652,0.546123,1.160317
1767,0.489520,0.941094
1027,0.349184,0.732443
1715,0.490891,0.282479
1537,0.368977,0.304786
1308,0.425103,0.671782
1462,0.570833,0.923331
1057,0.379833,0.644655
1659,0.520232,0.361986
1751,0.536121,0.720587
1769,0.461927,0.673688
1827,0.354805,1.045794
1407,0.541519,0.511091
1866,0.355420,0.209735
1836,0.480372,0.323632
1568,0.486535,0.451883
1884,0.391524,0.450228
1115,0.476887,0.509278
1237,0.387895,1.374288
1780,0.339654,0.689567
1957,0.403461,0.549204
1818,0.535157,0.363833
1758,0.536337,1.242129
1736,0.405398,1.002523
1817,0.474803,0.872496
1342,0.418813,1.314487
1031,0.568553,1.277981
1184,0.581634,0.276278
1079,0.442283,0.653976
1982,0.458850,0.592395
1958,0.443453,0.560420
1615,0.413292,0.588290
1692,0.352909,0.266369
1085,0.459003,0.780338
1067,0.463908,0.485034
1408,0.485788,1.170600
1212,0.404046,1.334818
1650,0.423906,0.812186
1046,0.448712,1.377080
1024,0.515277,0.231821
1671,0.535004,0.906692
1749,0.491543,1.172635
1415,0.334293,0.186564
1546,0.524768,1.374952
1063,0.503706,0.404161
1357,0.514285,1.093707
1496,0.364788,0.273414
1460,0.314307,0.278901
1467,0.380412,0.578882
1916,0.449748,0.727049
1127,0.366958,0.558776
1577,0.510293,0.705901
1360,0.551413,0.897047
1305,0.505085,0.764292
1707,0.472842,1.327803
1639,0.414660,0.779573
1724,0.292838,0.471760
1037,0.378715,0.331197
1896,0.426678,0.317268
1527,0.562154,2.666362
1051,0.587048,0.759418
1895,0.516024,0.991852
1372,0.447855,0.896986
1902,0.396975,0.490215
1694,0.413923,0.827193
1844,0.471167,0.727358
1247,0.373917,0.398957
1760,0.397139,0.791800
1249,0.341971,0.148464
1702,0.389535,0.280618
1868,0.427023,0.465615
1529,0.444768,0.606146
1934,0.493856,1.094261
1806,0.369092,0.227701
1376,0.402723,0.457829
1296,0.482191,0.687645
1789,0.399449,0.757963
1064,0.390042,0.226580
1700,0.517043,1.466724
1642,0.501555,0.630302
1719,0.401655,0.908673
1535,0.418177,0.539092
1168,0.508200,1.246622
1945,0.425848,1.041706
1745,0.372102,0.177660
1241,0.402067,0.777058
1940,0.416514,0.353735
1960,0.367157,0.274774
1515,0.526109,1.367038
1885,0.362592,0.396178
1684,0.371569,0.197527
1436,0.574857,0.969955
1530,0.420528,1.092440
1605,0.414445,0.455407
1086,0.600294,0.537580
1735,0.501122,0.760483
1905,0.422110,0.471533
1412,0.493459,0.688185
1504,0.501563,1.020876
1331,0.702843,0.838752
1343,0.536646,1.119376
1980,0.479963,0.324687
1038,0.431494,0.382892
1699,0.482085,0.296350
1218,0.409836,0.384335
1851,0.565709,0.674253
1442,0.547475,0.833987
1013,0.531086,1.417441
1565,0.581504,0.716013
1330,0.402575,0.576220
1082,0.495585,0.623545
1287,0.369520,0.434847
1109,0.413968,1.034417
1498,0.609187,0.709597
1349,0.611139,1.348767
1279,0.476006,0.366521
1721,0.434442,0.350036
1815,0.390465,1.065027
1483,0.563603,0.445621
1459,0.416899,0.507546
1748,0.359242,0.352940
1334,0.382889,0.188766
1666,0.411511,0.203836
1211,0.414560,0.320742
1087,0.397674,0.207501
1116,0.553325,0.473118
1556,0.400632,0.762429
1180,0.578767,0.913217
1956,0.450544,0.349967
1532,0.562810,1.012667
1070,0.468976,1.884433
1696,0.642695,1.038126
1520,0.559555,2.083096
1796,0.354215,0.426017
1493,0.543924,0.641826
1557,0.448761,0.448312
1140,0.574601,0.986751
1762,0.508531,0.656423
1446,0.387862,0.459618
1088,0.492900,1.184528
1492,0.513197,0.642919
1955,0.478747,0.767737
1101,0.514914,0.615961
1143,0.397301,0.504253
1961,0.406709,1.875357
1810,0.488382,1.506773
1979,0.405219,0.485467
1558,0.573266,1.176136
1526,0.475759,1.126638
1149,0.408732,0.318564
1210,0.589251,0.455575
1685,0.373409,0.356927
1813,0.559459,1.174411
1385,0.362216,1.043166
1533,0.617305,0.873832
1730,0.573704,1.063364
1431,0.505012,1.044495
1398,0.462648,0.489577
1419,0.332957,0.864858
1782,0.458932,0.217749
1471,0.390218,1.239962
1216,0.478974,0.168114
1352,0.439374,0.705885
1710,0.366091,0.198101
1400,0.464879,0.803398
1877,0.324785,1.141512
1078,0.447336,1.056581
1850,0.361983,1.919632
1842,0.702906,0.822629
1720,0.527221,0.510627
1214,0.389938,0.364274
1042,0.446647,0.216815
1931,0.402773,0.737195
1695,0.410297,0.917113
1150,0.416100,0.465199
1337,0.413755,1.290696
1564,0.457799,0.384155
1309,0.552154,0.673365
1837,0.398193,0.165910
1425,0.699640,0.820936
1799,0.379599,0.340178
1114,0.450575,0.577204
1999,0.490837,0.301068
1952,0.370230,0.495626
1187,0.559479,0.782519
1965,0.416543,0.495683
1973,0.376652,0.193648
1423,0.415419,1.314022
1175,0.576764,0.392818
1113,0.742936,1.102052
1602,0.448342,0.268816
1144,0.735301,1.074373
1052,0.328440,0.303322
1723,0.372966,0.617248
1134,0.406185,0.849036
1593,0.619801,0.363641
1465,0.431653,0.276177
1917,0.412723,0.683470
1759,0.662831,1.555676
1084,0.459746,0.531765
1925,0.387773,0.609426
1875,0.563635,0.666655
1166,0.411086,0.467607
1007,0.394075,0.305594
1512,0.473188,0.652469
1953,0.534961,1.307033
1339,0.468383,0.982003
1191,0.436120,0.468281
1570,0.482502,0.348860
1183,0.476084,0.690947
1962,0.413490,1.036842
1267,0.345419,0.270467
1250,0.517376,1.868713
1651,0.552006,0.761762
1475,0.469084,0.604655
1942,0.444668,0.509907
1814,0.414211,0.940212
1967,0.452572,0.220804
1845,0.413881,0.504610
1832,0.512763,0.459093
1215,0.518136,1.306106
1410,0.385773,0.469799
1909,0.695177,1.453193
1232,0.485061,0.912490
1159,0.578073,0.710162
1928,0.434581,0.244080
1927,0.426644,0.462348
1731,0.523547,0.916503
1994,0.536151,0.849291
1411,0.376820,0.364929
1258,0.459274,0.501876
1065,0.458136,0.477088
1681,0.394887,1.269226
1949,0.366662,0.642284
1404,0.412316,0.217599
1405,0.494692,0.330625
1103,0.482587,1.052281
1774,0.464792,0.944803
1892,0.359142,0.353216
1304,0.408323,0.537630
1704,0.463408,1.184467
1432,0.656622,1.059569
1163,0.468892,1.836646
1274,0.402162,0.287294
1424,0.450436,0.486473
1628,0.393164,0.378335
1480,0.380931,0.934403
1519,0.429476,0.735629
1518,0.402891,0.327505
1422,0.482168,0.810318
1301,0.371346,0.423722
1513,0.500698,1.022671
1861,0.421547,1.079581
1567,0.392226,0.322227
1439,0.418550,0.980128
1804,0.580661,0.775168
1073,0.398883,0.688052
1306,0.459073,1.294307
1327,0.495415,0.775869
1490,0.341786,0.596522
1766,0.349866,0.445310
1847,0.463907,0.636324
1277,0.447337,0.249082
1302,0.480249,0.230324
1636,0.349205,0.285508
1421,0.423812,0.320905
1158,0.463903,1.035147
1358,0.405118,0.480927
1717,0.487639,0.386261
1390,0.474122,0.378104
1477,0.513460,0.998155
1190,0.400009,1.062405
1194,0.362113,0.360415
1220,0.503784,0.490591
1290,0.548216,0.621431
1118,0.505052,0.836787
1594,0.455121,0.744872
1989,0.486531,1.164616
1629,0.567404,1.431504
1538,0.430081,0.677906
1347,0.534663,1.427087
1793,0.416450,0.565575
1878,0.544260,1.149637
1264,0.405012,0.334343
1056,0.435979,0.493098
1525,0.428169,0.704714
1373,0.404054,0.493837
1691,0.559117,0.920620
1550,0.424869,1.071719
1811,0.400130,0.396416
1521,0.449342,0.680752
1473,0.543879,0.552086
1624,0.330436,1.092131
1320,0.403300,0.520501
1319,0.470561,0.581262
1171,0.450122,0.398154
1826,0.512883,0.556566
1455,0.456801,0.452734
1348,0.461198,0.166827
1830,0.578421,1.570972
1044,0.445558,0.706244
1429,0.598179,2.291517
1757,0.441091,0.489770
1856,0.372997,0.582886
1511,0.540086,0.841476
1276,0.487810,0.965187
1004,0.396392,1.152617
1790,0.519647,0.667965
1881,0.467036,0.669587
1329,0.481894,0.537706
1242,0.423657,0.385451
1201,0.629267,0.549290
1049,0.368161,0.364507
1514,0.411638,0.607908
1673,0.501270,0.546508
1248,0.543234,1.022979
1426,0.383849,1.629846
1630,0.405077,2.043035
1403,0.538180,0.574852
1803,0.545625,1.188665
1170,0.474592,0.763647
1608,0.358220,0.741042
1075,0.448588,0.647061
1983,0.513324,0.702087
1162,0.602755,1.456375
1041,0.440321,0.509352
1478,0.504994,1.139900
1848,0.719708,0.456531
1487,0.470973,1.415932
1893,0.392631,0.852856
1583,0.463899,1.313448
1571,0.356296,0.211942
1420,0.530082,0.976990
1867,0.422237,0.383082
1821,0.543502,0.245531
1292,0.378957,0.397144
1776,0.427197,0.749168
1689,0.601804,0.825111
1951,0.489984,0.820091
1388,0.409782,0.708412
1130,0.578054,1.200188
1901,0.474330,0.683394
1841,0.541976,0.984740
1132,0.559524,0.608892
1224,0.439853,0.730166
1551,0.676641,1.078396
1678,0.477304,0.409078
1206,0.499148,1.338745
1825,0.390999,0.639530
1862,0.424034,0.606308
1722,0.523615,0.450539
1503,0.635295,0.669925
1089,0.545722,0.315390
1870,0.379544,0.345543
1080,0.321549,0.551718
1900,0.448460,0.327615
1663,0.387780,0.232301
1317,0.499186,0.865672
1997,0.453608,0.397154
1005,0.408724,0.700533
1891,0.501950,0.564676
1693,0.414414,0.367010
1399,0.406342,0.667081
1835,0.408069,0.480066
1860,0.507092,0.960588
1387,0.604484,1.769756
1200,0.368046,0.273842
1784,0.514813,0.702835
1188,0.387461,0.457678
1375,0.485416,0.886274
1598,0.385307,0.744602
1074,0.341640,0.465153
1165,0.391956,0.609737
1990,0.438868,0.937697
1765,0.422251,0.106012
1626,0.575540,0.894729
1145,0.442897,1.004721
1133,0.451290,0.261721
1554,0.692228,0.925256
1119,0.434414,0.971301
1045,0.643279,0.960691
1880,0.353475,0.724601
1618,0.514618,1.224937
1350,0.422281,0.446511
1670,0.447137,0.907246
1217,0.465250,0.369378
1752,0.362769,0.241367
1787,0.573757,0.799944
1193,0.563684,0.804929
1995,0.404712,0.636692
1255,0.534624,0.977057
1634,0.533095,0.685506
1667,0.508102,0.518514
1207,0.480088,0.322981
1576,0.353753,0.380942
1417,0.528251,0.516719
1001,0.363778,0.712313
1430,0.481915,0.596638
1153,0.430914,0.794130
1643,0.506471,0.327126
1869,0.570442,1.044362
1393,0.442414,0.380112
1904,0.501724,0.541402
1690,0.425286,0.138724
1930,0.442947,0.281696
1688,0.375910,0.376960
1354,0.461832,0.374397
1453,0.366465,0.272314
1500,0.416652,0.556741
1641,0.544063,0.419052
1136,0.523492,0.400710
1169,0.447818,0.661154
1189,0.505906,1.235363
1839,0.353329,0.748073
1282,0.549862,0.680534
1146,0.471237,0.359834
1318,0.452435,0.454669
1833,0.411795,0.909143
1913,0.335663,0.697204
1456,0.497312,0.660268
1677,0.384083,0.254060
1929,0.486287,2.228255
1284,0.397631,0.387252
1908,0.638999,0.882252
1528,0.396147,0.647972
1946,0.616579,0.776463
1029,0.474560,0.808046
1588,0.498245,0.747646
1829,0.512321,0.289322
1123,0.386541,0.218478
1987,0.571791,0.848962
1495,0.342087,0.288853
1266,0.390625,0.364165
1093,0.455045,0.565115
1148,0.470678,1.030920
1494,0.458125,0.697004
1971,0.451736,0.113346
1174,0.589775,0.692451
1547,0.524515,0.490626
1969,0.473899,0.610008
1068,0.624494,1.458968
1792,0.443179,0.408091
1596,0.632412,1.155946
1959,0.495694,0.430376
1156,0.568264,0.561016
1921,0.640589,0.559702
1285,0.574140,1.033588
1054,0.459522,1.027200
1283,0.414962,0.287074
1524,0.497760,0.826781
1919,0.633756,0.914240
1069,0.507544,0.950980
1936,0.635948,0.551464
1985,0.544264,0.771524
1709,0.586181,0.725675
1457,0.492591,0.371373
1894,0.361921,0.227270
1910,0.524149,0.436060
1876,0.500777,1.384014
1098,0.425968,0.423671
1253,0.433948,0.329584
1502,0.662247,0.772618
1816,0.433924,0.574258
1510,0.591006,1.032582
1022,0.565310,0.998482
1664,0.476586,0.196870
1611,0.479841,0.247407
1764,0.513735,0.427361
1569,0.477411,1.008282
1474,0.524841,0.960269
1205,0.448485,0.657851
1933,0.432508,0.862806
1252,0.477274,0.286784
1883,0.480838,0.868610
1974,0.445052,0.344325
1794,0.488890,0.475685
1698,0.589521,0.427246
1846,0.502571,0.746947
1128,0.543192,1.127530
1586,0.443395,0.845609
1228,0.528194,0.702741
1240,0.583923,0.990370
1361,0.563281,0.465507
1543,0.669362,0.935111
1648,0.451983,0.708254
1448,0.442944,0.490828
1437,0.442096,0.573445
1440,0.423446,0.496379
1542,0.523023,1.259617
1623,0.501669,0.821333
1783,0.514909,0.675636
1906,0.465934,0.241766
1963,0.460847,0.369478
1584,0.433009,0.101760
1747,0.423623,0.365861
1768,0.466582,0.252510
1010,0.537098,0.680745
1059,0.473075,0.434257
1485,0.480746,1.373502
1117,0.685337,0.764033
1095,0.514958,0.500610
1872,0.682669,1.231099
1687,0.381355,0.220785
1271,0.451177,0.453477
1585,0.481576,0.640343
1030,0.502217,1.401151
1268,0.700629,0.883934
1907,0.507709,0.491138
1076,0.478008,0.718083
1887,0.513279,0.518941
1991,0.538718,0.542029
1824,0.601997,0.892677
1809,0.628575,0.554403
1213,0.396690,0.196650
1094,0.443567,0.361646
1445,0.517612,0.396100
1915,0.519464,0.886760
1491,0.388332,0.654671
1192,0.475924,0.400220
1036,0.519256,0.712486
1110,0.459178,0.346304
1912,0.438511,0.580654
1606,0.533145,0.870213
1649,0.586223,0.801129
1427,0.532976,0.536600
1234,0.464316,0.220780
1507,0.596054,0.725604
1314,0.509456,1.113644
1536,0.586728,0.978469
1040,0.467443,0.688258
1090,0.535967,0.967817
1072,0.500410,1.124355
1573,0.476654,0.689280
1589,0.468306,1.812246
1325,0.581994,0.809312
1559,0.459504,1.337239
1770,0.566336,0.397135
1181,0.597215,1.044594
1750,0.522201,0.588320
1727,0.566041,0.563505
1632,0.523161,0.486304
1434,0.522353,0.902142
1733,0.586385,0.357645
1972,0.512629,0.575666
1363,0.511415,0.449332
1976,0.566828,1.054065
1011,0.442368,0.632441
1378,0.550530,1.714156
1964,0.542855,0.969669
1544,0.635661,1.096622
1938,0.400566,0.363017
1288,0.685869,0.787682
1607,0.468883,0.133218
1452,0.504818,0.932987
1124,0.453337,0.301526
1898,0.409905,0.633021
1173,0.456970,0.659888
1729,0.492636,0.538180
1039,0.539770,0.976818
1246,0.451996,0.035728
1708,0.498504,1.159429
1383,0.416254,0.181426
1654,0.393489,1.057690
1105,0.438605,0.330357
1164,0.488028,0.612930
1413,0.472566,0.269531
1890,0.506271,0.672273
1097,0.448049,0.673965
1395,0.573217,0.548840
1656,0.528126,0.589971
1382,0.599824,0.612105
1222,0.465416,0.475826
1379,0.443843,1.240278
1822,0.507458,0.425672
1229,0.510077,0.376728
1482,0.511719,0.279224
1020,0.462127,0.846200
1322,0.556664,1.192183
1202,0.475656,0.947223
1401,0.551934,0.245337
1263,0.577504,0.779570
1262,0.437867,0.829380
1644,0.490705,0.552226
1466,0.663977,0.379905
1362,0.470157,0.143071
1859,0.688651,1.799728
1235,0.512149,0.416953
1578,0.500139,0.743725
1481,0.460980,0.726933
1100,0.523559,1.289719
1871,0.489474,0.535803
1840,0.496792,0.639473
1508,0.390105,0.202592
1335,0.478144,0.525695
1523,0.535833,0.320264
1265,0.578192,0.435286
1025,0.559598,0.520364
1161,0.427400,0.344882
1454,0.579519,1.036806
1280,0.478869,1.054956
1683,0.521462,0.408263
1807,0.547652,0.673671
1713,0.594077,0.810833
1299,0.496494,0.562705
1672,0.642599,0.719316
1015,0.444881,0.371112
1633,0.403723,0.283113
1176,0.496199,1.121856
1245,0.465296,0.416354
1489,0.484628,0.420223
1620,0.549866,1.217354
1444,0.499186,0.303084
1948,0.449901,0.450983
1313,0.601326,0.855265
1126,0.544614,1.472823
1728,0.477644,0.450680
1834,0.436561,0.504330
1701,0.603132,0.613368
1864,0.637728,0.880488
1599,0.551626,0.895735
1096,0.544294,0.431506
1435,0.660629,0.740919
1227,0.533672,0.682699
1021,0.485159,0.815164
1777,0.448541,0.680040
1208,0.542301,0.565506
1996,0.476585,0.200878
1857,0.610402,0.459604
1438,0.457381,0.671311
1660,0.585028,0.640928
1066,0.418167,0.518110
1060,0.589468,0.809298
1479,0.553820,0.778874
1297,0.522523,0.273740
1377,0.480521,0.344711
1023,0.464595,1.101762
1682,0.461113,0.679178
1298,0.587494,0.381990
1548,0.461953,0.174719
1986,0.512776,0.904917
1612,0.514352,0.293292
1270,0.431032,0.446560
1981,0.449123,0.787250
1914,0.508996,0.844646
1053,0.587958,1.311953
1353,0.541703,0.565731
1028,0.406657,0.821773
1324,0.514580,0.607880
1365,0.447862,0.889657
1706,0.466066,0.322532
1852,0.426592,0.624368
1517,0.537798,0.915128
1091,0.617527,0.901263
1801,0.452099,0.373374
1756,0.469315,0.293708
1798,0.458231,0.626224
1396,0.460969,0.502128
1389,0.481479,1.380212
1993,0.430597,0.499945
1416,0.430935,0.566358
1592,0.555969,0.716069
1873,0.668914,0.659626
1012,0.485566,0.513529
1397,0.542181,0.525523
1083,0.404683,0.464979
1120,0.465069,0.915043
1879,0.581671,0.656546
1863,0.510769,0.379425
1414,0.503189,0.875221
1646,0.605083,0.835405
1888,0.393634,0.472281
1003,0.494268,0.640461
1182,0.519634,0.734967
1338,0.509290,0.476376
1831,0.537658,0.160407
1099,0.447582,0.104026
1125,0.511057,0.817549
1316,0.419353,0.629537
1977,0.587359,0.640289
1802,0.542301,0.719721
1197,0.399683,0.310238
1307,0.616355,0.741869
1106,0.467016,1.103775
1233,0.565685,1.286825
1447,0.425079,0.399169
1601,0.457799,0.654811
1575,0.405504,0.512515
1178,0.486989,0.430380
1725,0.427493,1.108192
1035,0.541621,0.380087
1019,0.527727,0.626136
1534,0.582874,0.861069
1581,0.415445,0.415992
1043,0.602361,1.283093
1112,0.453601,0.267669
1566,0.430586,0.622366
1531,0.522107,0.992173
1497,0.631529,0.853478
1450,0.465783,0.063012
1941,0.518827,0.637538
1635,0.543657,0.320069
1616,0.505277,0.670862
1625,0.580588,0.537689
1418,0.458409,0.387860
1662,0.446354,0.416364
1549,0.487395,0.288644
1111,0.723607,0.964099
1186,0.443648,0.279666
1631,0.623517,0.657010
1763,0.631800,0.239721
1734,0.541136,0.593777
1108,0.744985,0.901300
1614,0.531489,1.134055
1703,0.610505,0.847136
1310,0.578001,1.738625
1595,0.539312,0.236461
1151,0.623709,1.255660
1922,0.531924,0.244819
1356,0.517637,0.359492
1016,0.612739,0.772231
1552,0.517874,0.434893
1882,0.536930,0.506970
1828,0.522713,0.258360
1932,0.697750,0.730618
1742,0.600627,0.885797
1002,0.694098,0.799288
1199,0.601514,1.360756
1402,0.626428,0.700546
1966,0.550664,0.793641
1138,0.596817,0.876464
1195,0.556560,0.599801
1984,0.525475,0.322586
1754,0.646532,0.835027
1172,0.630491,0.499069
1328,0.514721,0.481913
1582,0.551657,0.735791
1797,0.566225,0.466343
1655,0.615913,0.660727
1785,0.650540,0.963683
1289,0.597041,0.348736
1718,0.654032,1.200579
1177,0.509035,0.089124
1843,0.527107,0.878871
1998,0.586744,1.114993
1604,0.611392,0.791890
1355,0.579771,0.807877
1621,0.441194,0.566387
1522,0.650785,0.796662
1926,0.711941,1.005780
1167,0.518379,0.566068
1791,0.610735,0.559279
1219,0.664803,0.853641
1988,0.482882,0.443349
1381,0.622524,1.032004
1033,0.572880,0.264983
1732,0.655565,0.641325
1204,0.493781,1.091615
1820,0.514330,0.787509
1006,0.587266,0.609449
1574,0.496245,0.551583
1944,0.546034,1.131254
1711,0.488776,0.426923
1886,0.517795,0.301754
1771,0.533845,0.400275
1943,0.516392,0.519077
1155,0.672444,0.699554
1779,0.645115,1.693685
1897,0.590527,1.112431
1121,0.686185,0.720595
1014,0.474713,0.947145
1800,0.494220,0.344290
1903,0.559521,0.387037
1561,0.474925,1.108524
1336,0.544772,1.086139
1603,0.696313,1.214914
1795,0.526642,0.323472
1226,0.596598,0.552589
1345,0.785154,0.354597
1107,0.560792,0.735803
1640,0.592794,0.511043
1647,0.513005,0.745660
1081,0.649091,0.740543
1259,0.523498,0.319054
1610,0.505863,0.806149
1406,0.481706,0.602524
1131,0.549800,0.867708
1674,0.596389,0.685138
1741,0.542057,1.012126
1009,0.560076,0.650632
1617,0.551769,0.329503
1954,0.564864,0.472143
1047,0.718221,1.123302
1924,0.600455,0.769896
1889,0.502709,0.195263
1369,0.710821,0.590341
1562,0.694919,0.830793
1275,0.627181,1.489319
1476,0.534671,0.458280
1516,0.529054,1.152090
1541,0.475067,0.481754
1545,0.624839,0.482416
1665,0.572504,0.666139
1371,0.633196,1.391459
1968,0.608842,0.541660
1819,0.499926,0.531409
1563,0.559161,0.374231
1746,0.552988,0.718318
1468,0.708981,1.232470
1368,0.649493,0.947245
1669,0.659183,0.752721
1675,0.591804,0.831962
1230,0.469367,0.416564
1367,0.542497,0.448951
1488,0.565808,0.690517
1778,0.681771,0.691298
1129,0.546556,0.239688
1142,0.665433,0.648534
1911,0.564885,0.914851
1092,0.577497,0.908741
1141,0.526975,0.267013
1443,0.566297,1.026756
1637,0.572036,0.645627
1761,0.565047,1.146301
1854,0.625975,0.773134
1597,0.553873,0.617917
1203,0.747423,0.597651
1346,0.654652,0.707811
1970,0.608462,0.905782
1032,0.557003,0.492844
1139,0.603489,0.954119
1409,0.684291,0.871457
1370,0.605186,0.713288
1712,0.524078,1.200972
1668,0.670672,0.724878
1739,0.556999,0.577497
1441,0.572911,0.921861
1540,0.623364,1.091120
1008,0.530963,0.335507
1243,0.601901,0.504024
1947,0.628077,1.135175
1386,0.597382,0.740799
1472,0.571176,0.378233
1384,0.680224,0.788041
1244,0.438759,0.272551
1679,0.546938,0.555641
1254,0.498659,0.370848
1743,0.477815,0.399203
1326,0.727900,2.147078
1838,0.714358,0.673247
1340,0.577950,0.610266
1225,0.671677,1.239654
1775,0.483542,0.845792
1714,0.639353,1.124521
1332,0.530826,0.471619
1286,0.638225,0.461815
1744,0.547215,1.245239
1048,0.608472,0.471078
1740,0.737623,0.845994
1899,0.580997,0.969032
1451,0.575606,1.772778
1755,0.635184,0.457791
1050,0.627273,1.078639
1312,0.613045,1.234205
1638,0.796306,0.500770
1805,0.557541,0.591599
1300,0.574582,0.459910
1154,0.536031,0.650487
1294,0.535082,0.261026
1627,0.562308,0.356739
1238,0.489619,0.372842
1293,0.667815,0.367291
1572,0.777273,0.848394
1591,0.707592,0.640226
1449,0.706215,0.695845
1753,0.728859,0.480372
1555,0.534705,0.580718
1464,0.561605,0.857543
1333,0.638566,0.838311
1209,0.730702,0.892742
1823,0.564364,0.486982
1344,0.645931,1.303681
1653,0.541924,0.420817
1273,0.667954,0.571915
1579,0.683739,0.418727
1380,0.652042,0.918585
1147,0.833898,0.726817
1590,0.603455,0.568194
1272,0.579362,1.056274
1918,0.725913,0.786688
1923,0.518073,0.406291
1539,0.691646,0.929789
1509,0.579351,0.334124
1315,0.661021,0.617055
1463,0.768404,0.551037
1680,0.587351,0.308333
1223,0.700371,0.396923
1600,0.639185,1.088815
1486,0.650717,0.890699
1849,0.676826,0.665619
1104,0.639284,0.508167
1686,0.611723,0.189608
1231,0.700240,1.138113
1374,0.667877,0.233866
1000,0.633231,0.592825
1122,0.643945,1.091060
1992,0.671517,0.817476
1260,0.637664,2.305019
1251,0.822559,1.405386
1978,0.761219,0.705427
1321,0.653047,0.653662
1858,0.625839,0.436819
1261,0.684979,0.584766
1359,0.544446,0.358841
1055,0.664583,1.337576
1781,0.724456,0.419614
1458,0.694326,0.486222
1135,0.709237,0.504847
1587,0.616765,0.515486
1738,0.544955,0.234254
1071,0.714158,1.011702
1470,0.625596,0.609502
1137,0.551585,0.742936
1391,0.531355,0.319752
1658,0.687507,1.253794
1278,0.730788,0.490402
1501,0.545551,0.420432
1061,0.768482,1.010414
1619,0.594969,0.947410
1726,0.639806,1.184239
1366,0.658218,0.569697
1812,0.756780,0.899864
1950,0.647878,1.042659
1920,0.636524,0.991824
1058,0.691428,1.288381
1394,0.806209,0.529705
1034,0.614937,0.307767
1323,0.596189,0.726290
1676,0.640881,0.332448
1026,0.658104,0.458997
1661,0.682380,0.681388
1198,0.666196,0.963164
1469,0.655903,0.981978
1341,0.614222,0.385144
1077,0.641487,0.060441
1865,0.620676,0.468453
1855,0.751060,0.359230
1622,0.638219,0.764194
1291,0.683157,0.921083
1295,0.792746,0.503350
1018,0.691577,0.381546
1196,0.682788,0.503306
1303,0.708760,0.930322
1256,0.697237,1.193463
1433,0.763745,0.365332
1185,0.819957,0.990922
1017,0.821385,0.429257
1613,0.652909,0.496605
1657,0.774509,0.922190
1553,0.762055,1.229094
1157,0.688932,0.289188
1221,0.823538,0.760625
1609,0.732200,0.852420
1179,0.720264,1.375753
1580,0.776566,0.526072
1788,0.715428,0.844267
1311,0.631766,0.702406
1772,0.809933,0.852785
1937,0.798383,0.926526
1160,0.728560,0.668424
1499,0.799383,0.937223
1737,0.732963,0.273675
1773,0.726813,0.293990
1152,0.829056,0.233922
1716,0.651055,0.674334
Average Cost: 12.004000
Accuracy: 100.000000
Accuracy 0: 100.000000
Cost 0: 8.000000
Accuracy 1: 100.000000
Cost 1: 8.000000
Accuracy 2: 100.000000
Cost 2: 8.000000
Accuracy 3: 100.000000
Cost 3: 8.000000
Accuracy 4: 100.000000
Cost 4: 8.000000
Accuracy 5: 100.000000
Cost 5: 8.000000
Accuracy 6: 100.000000
Cost 6: 8.000000
Accuracy 7: 100.000000
Cost 7: 8.000000
Accuracy 8: 100.000000
Cost 8: 8.000000
Accuracy 9: 100.000000
Cost 9: 8.000000
