ProblemNo,Answer,TrueAnswer,Cost,Difficulty
0,0,0,6.000000,0.000000
1,0,0,6.000000,0.000000
2,1,1,7.000000,0.300000
3,1,1,8.000000,0.600000
4,0,0,10.000000,1.000000
5,0,0,6.000000,0.000000
6,0,0,6.000000,0.000000
7,1,1,6.000000,0.000000
8,1,1,9.000000,0.700000
9,1,1,7.000000,0.300000
10,1,1,6.000000,0.000000
11,0,0,7.000000,0.300000
12,0,0,6.000000,0.000000
13,0,0,7.000000,0.300000
14,0,0,6.000000,0.000000
15,1,1,6.000000,0.000000
16,1,1,6.000000,0.000000
17,0,0,6.000000,0.000000
18,1,1,6.000000,0.000000
19,0,0,8.000000,0.600000
20,1,1,6.000000,0.000000
21,1,1,6.000000,0.000000
22,1,1,6.000000,0.000000
23,0,0,7.000000,0.300000
24,1,1,8.000000,0.600000
25,1,1,7.000000,0.300000
26,1,1,9.000000,0.600000
27,0,0,6.000000,0.000000
28,1,1,8.000000,0.600000
29,1,0,13.000000,0.800000
30,1,1,6.000000,0.000000
31,1,1,6.000000,0.000000
32,0,0,9.000000,0.800000
33,1,1,6.000000,0.000000
34,1,1,6.000000,0.000000
35,1,1,11.000000,0.700000
36,1,1,8.000000,0.600000
37,1,1,6.000000,0.000000
38,0,0,6.000000,0.000000
39,1,1,7.000000,0.300000
40,1,1,6.000000,0.000000
41,0,0,6.000000,0.000000
42,0,0,6.000000,0.000000
43,1,1,9.000000,0.800000
44,1,1,14.000000,0.900000
45,1,1,6.000000,0.000000
46,0,0,7.000000,0.300000
47,1,1,6.000000,0.000000
48,0,0,7.000000,0.300000
49,0,0,6.000000,0.000000
50,0,0,7.000000,0.300000
51,0,0,8.000000,0.600000
52,0,0,10.000000,1.000000
53,0,0,8.000000,0.600000
54,0,0,7.000000,0.300000
55,0,0,6.000000,0.000000
56,0,0,6.000000,0.000000
57,1,1,7.000000,0.300000
58,0,0,7.000000,0.300000
59,0,0,7.000000,0.300000
60,1,1,7.000000,0.600000
61,1,0,9.000000,1.000000
62,1,1,7.000000,0.300000
63,0,0,8.000000,0.600000
64,0,0,7.000000,0.300000
65,1,1,6.000000,0.000000
66,1,1,7.000000,0.300000
67,0,0,7.000000,0.900000
68,0,0,8.000000,0.600000
69,1,1,6.000000,0.000000
70,0,0,6.000000,0.000000
71,0,0,6.000000,0.000000
72,1,1,6.000000,0.000000
73,1,1,7.000000,0.300000
74,0,0,6.000000,0.000000
75,1,1,6.000000,0.000000
76,0,0,6.000000,0.000000
77,1,1,6.000000,0.000000
78,0,0,8.000000,0.900000
79,0,0,6.000000,0.000000
80,1,1,11.000000,0.900000
81,0,1,9.000000,0.900000
82,1,1,7.000000,0.300000
83,0,0,6.000000,0.000000
84,1,1,6.000000,0.000000
85,0,0,6.000000,0.000000
86,1,1,6.000000,0.000000
87,0,0,7.000000,0.300000
88,0,0,7.000000,0.300000
89,1,1,6.000000,0.000000
90,1,1,8.000000,0.300000
91,0,0,6.000000,0.000000
92,0,0,11.000000,0.900000
93,0,0,16.000000,1.000000
94,1,1,6.000000,0.000000
95,1,1,8.000000,0.800000
96,1,1,6.000000,0.000000
97,1,1,14.000000,1.000000
98,0,0,7.000000,0.300000
99,1,1,6.000000,0.000000
100,1,1,6.000000,0.000000
101,1,1,8.000000,0.300000
102,1,1,6.000000,0.000000
103,0,0,8.000000,0.600000
104,1,1,6.000000,0.000000
105,0,0,6.000000,0.000000
106,0,0,6.000000,0.000000
107,1,1,7.000000,0.300000
108,1,1,6.000000,0.000000
109,1,1,6.000000,0.000000
110,0,0,9.000000,0.800000
111,0,0,6.000000,0.000000
112,1,1,6.000000,0.000000
113,0,0,6.000000,0.000000
114,1,1,7.000000,0.300000
115,1,1,6.000000,0.000000
116,0,0,7.000000,0.300000
117,0,0,11.000000,0.700000
118,0,0,6.000000,0.000000
119,1,1,6.000000,0.000000
120,0,0,6.000000,0.000000
121,1,1,6.000000,0.000000
122,0,0,7.000000,0.300000
123,0,0,8.000000,0.300000
124,1,1,8.000000,0.600000
125,1,1,6.000000,0.000000
126,1,0,13.000000,0.900000
127,0,0,7.000000,0.300000
128,0,0,6.000000,0.000000
129,1,1,7.000000,0.300000
130,0,0,11.000000,0.700000
131,1,1,9.000000,0.500000
132,1,1,9.000000,0.800000
133,1,1,21.000000,1.000000
134,1,1,6.000000,0.000000
135,1,1,6.000000,0.000000
136,0,0,11.000000,0.900000
137,0,0,6.000000,0.000000
138,0,0,7.000000,0.300000
139,1,1,6.000000,0.000000
140,1,1,7.000000,0.600000
141,1,1,6.000000,0.000000
142,0,0,7.000000,0.300000
143,1,1,6.000000,0.000000
144,1,1,6.000000,0.000000
145,1,1,12.000000,1.000000
146,1,1,6.000000,0.000000
147,1,1,8.000000,0.900000
148,0,0,6.000000,0.000000
149,1,1,7.000000,0.600000
WorkerID,Gamma
24,0.469809
25,0.492386
26,0.527331
27,0.407167
20,0.672724
21,0.731887
22,0.481541
23,0.587713
28,0.694909
29,0.456921
1,0.402845
0,0.483564
3,0.560046
2,0.638283
5,0.625547
4,0.494224
7,0.227522
6,0.466214
9,0.249241
8,0.441928
11,0.363795
10,0.535160
13,0.932622
12,0.473899
15,0.670387
14,0.552914
17,0.489266
16,0.474406
19,0.433350
18,0.416913
31,0.532846
30,0.493550
34,0.483278
33,0.824923
32,0.457069
Average Cost: 7.293333
Accuracy: 97.333333
