Number of Worker Pools: 1
Number of Workers in Pool 1: 1000
Original mean,standardDev for Pool 1: 4.000000,0.300000
Number of Workers in Pool 2: 1000
Original mean,standardDev for Pool 2: 3.500000,0.200000
Number of Problems: 1000
ProblemNo,Answer,TrueAnswer,Cost,Difficulty,TrueDifficulty
0,0,0,10.000000,0.700000,0.500000
1,1,1,6.000000,0.300000,0.500000
2,1,1,11.000000,0.700000,0.500000
3,1,1,5.000000,0.000000,0.500000
4,0,0,6.000000,0.300000,0.500000
5,1,1,5.000000,0.000000,0.500000
6,1,1,7.000000,0.600000,0.500000
7,1,1,6.000000,0.300000,0.500000
8,1,1,5.000000,0.000000,0.500000
9,0,0,5.000000,0.000000,0.500000
10,0,0,7.000000,0.600000,0.500000
11,0,0,7.000000,0.600000,0.500000
12,0,0,7.000000,0.600000,0.500000
13,0,0,5.000000,0.000000,0.500000
14,0,0,5.000000,0.000000,0.500000
15,1,1,9.000000,0.500000,0.500000
16,0,0,5.000000,0.000000,0.500000
17,1,1,6.000000,0.300000,0.500000
18,0,0,5.000000,0.000000,0.500000
19,0,0,6.000000,0.300000,0.500000
20,0,0,5.000000,0.000000,0.500000
21,1,1,8.000000,0.900000,0.500000
22,1,1,9.000000,0.900000,0.500000
23,1,1,6.000000,0.300000,0.500000
24,1,1,6.000000,0.300000,0.500000
25,1,1,5.000000,0.000000,0.500000
26,1,1,8.000000,0.700000,0.500000
27,0,0,7.000000,0.600000,0.500000
28,0,0,9.000000,0.800000,0.500000
29,0,0,5.000000,0.000000,0.500000
30,1,1,14.000000,0.900000,0.500000
31,1,1,7.000000,0.600000,0.500000
32,0,0,5.000000,0.000000,0.500000
33,1,1,10.000000,0.900000,0.500000
34,0,0,6.000000,0.300000,0.500000
35,0,0,9.000000,0.500000,0.500000
36,1,1,6.000000,0.300000,0.500000
37,1,1,9.000000,0.800000,0.500000
38,1,1,8.000000,0.900000,0.500000
39,0,0,6.000000,0.300000,0.500000
40,1,1,11.000000,0.900000,0.500000
41,0,0,6.000000,0.300000,0.500000
42,0,0,14.000000,1.000000,0.500000
43,1,1,9.000000,0.500000,0.500000
44,0,0,7.000000,0.600000,0.500000
45,1,0,8.000000,0.900000,0.500000
46,1,1,10.000000,0.700000,0.500000
47,0,0,6.000000,0.300000,0.500000
48,0,0,5.000000,0.000000,0.500000
49,1,1,5.000000,0.000000,0.500000
50,1,1,6.000000,0.300000,0.500000
51,0,0,11.000000,0.800000,0.500000
52,1,1,6.000000,0.300000,0.500000
53,1,1,8.000000,0.500000,0.500000
54,1,1,7.000000,0.600000,0.500000
55,1,1,5.000000,0.000000,0.500000
56,1,1,6.000000,0.300000,0.500000
57,1,1,7.000000,0.600000,0.500000
58,1,1,6.000000,0.300000,0.500000
59,0,0,9.000000,0.900000,0.500000
60,0,0,6.000000,0.300000,0.500000
61,1,1,6.000000,0.300000,0.500000
62,0,0,6.000000,0.300000,0.500000
63,0,0,6.000000,0.300000,0.500000
64,1,1,5.000000,0.000000,0.500000
65,1,1,7.000000,0.600000,0.500000
66,0,0,5.000000,0.000000,0.500000
67,1,1,5.000000,0.000000,0.500000
68,0,0,6.000000,0.300000,0.500000
69,1,1,6.000000,0.300000,0.500000
70,0,0,8.000000,0.800000,0.500000
71,1,1,6.000000,0.300000,0.500000
72,0,0,14.000000,1.000000,0.500000
73,1,1,5.000000,0.000000,0.500000
74,0,0,5.000000,0.000000,0.500000
75,0,1,11.000000,0.900000,0.500000
76,1,1,6.000000,0.300000,0.500000
77,1,1,5.000000,0.000000,0.500000
78,1,1,9.000000,0.800000,0.500000
79,0,0,5.000000,0.000000,0.500000
80,0,0,7.000000,0.600000,0.500000
81,0,0,10.000000,0.800000,0.500000
82,1,0,9.000000,0.800000,0.500000
83,1,1,7.000000,0.600000,0.500000
84,1,1,8.000000,0.600000,0.500000
85,1,1,6.000000,0.300000,0.500000
86,0,0,9.000000,0.500000,0.500000
87,0,0,5.000000,0.000000,0.500000
88,0,0,6.000000,0.300000,0.500000
89,1,1,7.000000,0.600000,0.500000
90,0,0,7.000000,0.600000,0.500000
91,0,0,7.000000,0.600000,0.500000
92,1,1,7.000000,0.600000,0.500000
93,0,0,12.000000,0.600000,0.500000
94,1,1,10.000000,0.900000,0.500000
95,1,1,6.000000,0.300000,0.500000
96,1,1,11.000000,0.900000,0.500000
97,1,1,6.000000,0.300000,0.500000
98,1,1,6.000000,0.300000,0.500000
99,0,0,6.000000,0.300000,0.500000
100,1,1,10.000000,0.900000,0.500000
101,1,1,6.000000,0.300000,0.500000
102,1,1,9.000000,0.800000,0.500000
103,0,1,7.000000,0.600000,0.500000
104,0,0,8.000000,0.600000,0.500000
105,0,0,6.000000,0.300000,0.500000
106,1,1,8.000000,0.600000,0.500000
107,0,0,8.000000,0.700000,0.500000
108,1,1,6.000000,0.300000,0.500000
109,0,0,5.000000,0.000000,0.500000
110,1,1,6.000000,0.300000,0.500000
111,0,0,5.000000,0.000000,0.500000
112,0,0,5.000000,0.000000,0.500000
113,1,1,6.000000,0.300000,0.500000
114,0,0,19.000000,1.000000,0.500000
115,1,1,12.000000,0.900000,0.500000
116,0,0,11.000000,0.800000,0.500000
117,1,1,6.000000,0.300000,0.500000
118,0,0,5.000000,0.000000,0.500000
119,1,0,8.000000,0.900000,0.500000
120,1,1,7.000000,0.600000,0.500000
121,1,1,6.000000,0.300000,0.500000
122,0,0,8.000000,0.600000,0.500000
123,1,1,6.000000,0.300000,0.500000
124,0,0,6.000000,0.300000,0.500000
125,1,1,7.000000,0.600000,0.500000
126,0,0,11.000000,0.900000,0.500000
127,0,0,10.000000,0.800000,0.500000
128,1,1,6.000000,0.300000,0.500000
129,0,0,8.000000,0.600000,0.500000
130,1,1,7.000000,0.600000,0.500000
131,1,0,7.000000,0.600000,0.500000
132,0,1,17.000000,0.900000,0.500000
133,0,0,7.000000,0.600000,0.500000
134,1,1,5.000000,0.000000,0.500000
135,1,1,7.000000,0.600000,0.500000
136,0,0,5.000000,0.000000,0.500000
137,0,0,7.000000,0.600000,0.500000
138,1,1,5.000000,0.000000,0.500000
139,0,0,5.000000,0.000000,0.500000
140,0,0,7.000000,0.600000,0.500000
141,0,0,5.000000,0.000000,0.500000
142,1,1,5.000000,0.000000,0.500000
143,1,1,5.000000,0.000000,0.500000
144,0,0,6.000000,0.300000,0.500000
145,0,0,5.000000,0.000000,0.500000
146,0,0,11.000000,0.800000,0.500000
147,0,0,9.000000,0.500000,0.500000
148,1,1,6.000000,0.300000,0.500000
149,0,0,7.000000,0.600000,0.500000
150,1,0,11.000000,0.900000,0.500000
151,0,0,7.000000,0.600000,0.500000
152,0,0,8.000000,0.700000,0.500000
153,0,0,6.000000,0.300000,0.500000
154,1,1,5.000000,0.000000,0.500000
155,1,1,15.000000,0.900000,0.500000
156,0,0,6.000000,0.300000,0.500000
157,0,0,6.000000,0.300000,0.500000
158,0,0,6.000000,0.300000,0.500000
159,1,1,6.000000,0.300000,0.500000
160,1,1,5.000000,0.000000,0.500000
161,0,0,6.000000,0.300000,0.500000
162,1,1,6.000000,0.300000,0.500000
163,1,1,6.000000,0.300000,0.500000
164,1,1,5.000000,0.000000,0.500000
165,1,1,6.000000,0.300000,0.500000
166,0,0,14.000000,1.000000,0.500000
167,1,1,7.000000,0.600000,0.500000
168,1,1,6.000000,0.300000,0.500000
169,1,1,5.000000,0.000000,0.500000
170,0,0,7.000000,0.600000,0.500000
171,1,1,5.000000,0.000000,0.500000
172,1,1,6.000000,0.300000,0.500000
173,1,1,6.000000,0.300000,0.500000
174,1,1,5.000000,0.000000,0.500000
175,0,0,7.000000,0.600000,0.500000
176,1,1,15.000000,1.000000,0.500000
177,0,0,6.000000,0.300000,0.500000
178,1,1,6.000000,0.300000,0.500000
179,0,0,7.000000,0.600000,0.500000
180,0,0,6.000000,0.300000,0.500000
181,0,0,5.000000,0.000000,0.500000
182,0,0,5.000000,0.000000,0.500000
183,1,1,7.000000,0.600000,0.500000
184,0,0,13.000000,1.000000,0.500000
185,0,0,6.000000,0.300000,0.500000
186,0,0,8.000000,0.600000,0.500000
187,1,1,7.000000,0.600000,0.500000
188,0,0,7.000000,0.600000,0.500000
189,1,1,6.000000,0.300000,0.500000
190,1,1,9.000000,0.700000,0.500000
191,0,0,6.000000,0.300000,0.500000
192,1,1,8.000000,0.800000,0.500000
193,1,1,6.000000,0.300000,0.500000
194,1,1,8.000000,0.600000,0.500000
195,0,0,11.000000,0.900000,0.500000
196,1,1,6.000000,0.300000,0.500000
197,0,0,6.000000,0.300000,0.500000
198,1,1,7.000000,0.600000,0.500000
199,1,1,6.000000,0.300000,0.500000
200,1,1,10.000000,0.800000,0.500000
201,1,1,9.000000,0.800000,0.500000
202,1,1,10.000000,0.700000,0.500000
203,1,0,8.000000,0.700000,0.500000
204,1,1,5.000000,0.000000,0.500000
205,1,1,5.000000,0.000000,0.500000
206,1,1,18.000000,1.000000,0.500000
207,1,1,5.000000,0.000000,0.500000
208,0,0,16.000000,1.000000,0.500000
209,0,0,5.000000,0.000000,0.500000
210,0,0,18.000000,1.000000,0.500000
211,0,0,5.000000,0.000000,0.500000
212,1,1,7.000000,0.600000,0.500000
213,0,0,11.000000,0.900000,0.500000
214,0,0,8.000000,0.500000,0.500000
215,0,0,6.000000,0.300000,0.500000
216,0,0,11.000000,0.900000,0.500000
217,1,1,10.000000,0.700000,0.500000
218,0,0,7.000000,0.600000,0.500000
219,0,0,9.000000,0.500000,0.500000
220,1,1,7.000000,0.600000,0.500000
221,0,0,6.000000,0.300000,0.500000
222,1,1,7.000000,0.600000,0.500000
223,0,0,9.000000,0.800000,0.500000
224,0,0,5.000000,0.000000,0.500000
225,1,1,6.000000,0.300000,0.500000
226,0,0,7.000000,0.600000,0.500000
227,0,0,6.000000,0.300000,0.500000
228,0,0,5.000000,0.000000,0.500000
229,0,0,8.000000,0.600000,0.500000
230,1,0,7.000000,0.600000,0.500000
231,1,1,13.000000,0.800000,0.500000
232,0,0,9.000000,0.500000,0.500000
233,0,0,6.000000,0.300000,0.500000
234,0,0,13.000000,0.900000,0.500000
235,1,1,10.000000,0.900000,0.500000
236,1,1,10.000000,0.700000,0.500000
237,1,1,6.000000,0.300000,0.500000
238,1,1,8.000000,0.900000,0.500000
239,0,0,9.000000,0.700000,0.500000
240,0,0,7.000000,0.600000,0.500000
241,0,0,5.000000,0.000000,0.500000
242,1,1,8.000000,0.600000,0.500000
243,1,1,5.000000,0.000000,0.500000
244,1,1,6.000000,0.300000,0.500000
245,1,0,7.000000,0.600000,0.500000
246,1,1,5.000000,0.000000,0.500000
247,1,1,5.000000,0.000000,0.500000
248,0,0,5.000000,0.000000,0.500000
249,0,0,6.000000,0.300000,0.500000
250,0,0,7.000000,0.600000,0.500000
251,1,1,6.000000,0.300000,0.500000
252,0,0,9.000000,0.700000,0.500000
253,1,1,6.000000,0.300000,0.500000
254,0,0,12.000000,0.900000,0.500000
255,0,0,8.000000,0.800000,0.500000
256,0,0,7.000000,0.600000,0.500000
257,0,0,6.000000,0.300000,0.500000
258,0,0,12.000000,0.900000,0.500000
259,0,0,5.000000,0.000000,0.500000
260,1,1,6.000000,0.300000,0.500000
261,0,0,11.000000,1.000000,0.500000
262,0,0,5.000000,0.000000,0.500000
263,0,0,6.000000,0.300000,0.500000
264,1,0,6.000000,0.300000,0.500000
265,1,1,10.000000,0.800000,0.500000
266,1,1,10.000000,0.900000,0.500000
267,0,0,6.000000,0.300000,0.500000
268,1,1,8.000000,0.600000,0.500000
269,1,1,5.000000,0.000000,0.500000
270,1,1,7.000000,0.600000,0.500000
271,0,0,7.000000,0.600000,0.500000
272,0,0,7.000000,0.600000,0.500000
273,0,0,7.000000,0.600000,0.500000
274,1,1,6.000000,0.300000,0.500000
275,1,1,6.000000,0.300000,0.500000
276,0,0,12.000000,0.900000,0.500000
277,1,1,5.000000,0.000000,0.500000
278,0,0,6.000000,0.300000,0.500000
279,1,1,5.000000,0.000000,0.500000
280,1,1,6.000000,0.300000,0.500000
281,1,1,6.000000,0.300000,0.500000
282,1,1,6.000000,0.300000,0.500000
283,0,0,6.000000,0.300000,0.500000
284,0,0,6.000000,0.300000,0.500000
285,0,0,5.000000,0.000000,0.500000
286,1,1,8.000000,0.600000,0.500000
287,1,1,13.000000,0.900000,0.500000
288,0,0,9.000000,0.800000,0.500000
289,0,1,7.000000,0.600000,0.500000
290,1,1,9.000000,0.800000,0.500000
291,1,1,9.000000,0.800000,0.500000
292,1,1,10.000000,0.700000,0.500000
293,0,0,11.000000,0.800000,0.500000
294,1,1,6.000000,0.300000,0.500000
295,0,0,12.000000,0.900000,0.500000
296,1,1,7.000000,0.800000,0.500000
297,0,0,11.000000,0.900000,0.500000
298,0,0,5.000000,0.000000,0.500000
299,1,1,15.000000,0.900000,0.500000
300,0,0,6.000000,0.300000,0.500000
301,1,1,6.000000,0.300000,0.500000
302,1,1,18.000000,1.000000,0.500000
303,1,1,6.000000,0.300000,0.500000
304,1,1,6.000000,0.300000,0.500000
305,1,1,10.000000,0.700000,0.500000
306,1,1,5.000000,0.000000,0.500000
307,0,0,6.000000,0.300000,0.500000
308,1,1,7.000000,0.600000,0.500000
309,1,1,6.000000,0.300000,0.500000
310,1,1,5.000000,0.000000,0.500000
311,0,0,5.000000,0.000000,0.500000
312,1,1,5.000000,0.000000,0.500000
313,0,0,9.000000,0.800000,0.500000
314,0,0,8.000000,0.600000,0.500000
315,0,0,7.000000,0.600000,0.500000
316,0,0,10.000000,0.900000,0.500000
317,0,0,6.000000,0.300000,0.500000
318,0,0,8.000000,0.600000,0.500000
319,0,0,6.000000,0.300000,0.500000
320,1,1,5.000000,0.000000,0.500000
321,1,1,6.000000,0.300000,0.500000
322,1,1,7.000000,0.600000,0.500000
323,1,1,6.000000,0.300000,0.500000
324,0,0,5.000000,0.000000,0.500000
325,1,1,6.000000,0.300000,0.500000
326,1,1,6.000000,0.300000,0.500000
327,0,0,6.000000,0.300000,0.500000
328,0,0,5.000000,0.000000,0.500000
329,1,1,11.000000,0.800000,0.500000
330,1,1,6.000000,0.300000,0.500000
331,0,0,14.000000,1.000000,0.500000
332,0,0,5.000000,0.000000,0.500000
333,1,1,5.000000,0.000000,0.500000
334,0,0,5.000000,0.000000,0.500000
335,0,0,6.000000,0.300000,0.500000
336,0,0,6.000000,0.300000,0.500000
337,1,1,6.000000,0.300000,0.500000
338,1,1,15.000000,1.000000,0.500000
339,1,1,5.000000,0.000000,0.500000
340,0,0,6.000000,0.300000,0.500000
341,1,1,11.000000,0.900000,0.500000
342,1,1,6.000000,0.300000,0.500000
343,0,0,9.000000,0.800000,0.500000
344,1,1,9.000000,0.900000,0.500000
345,0,0,5.000000,0.000000,0.500000
346,0,0,5.000000,0.000000,0.500000
347,0,0,8.000000,0.800000,0.500000
348,0,0,14.000000,0.800000,0.500000
349,1,1,9.000000,0.500000,0.500000
350,1,1,7.000000,0.600000,0.500000
351,1,1,6.000000,0.300000,0.500000
352,0,0,12.000000,0.900000,0.500000
353,0,0,5.000000,0.000000,0.500000
354,1,1,12.000000,0.900000,0.500000
355,0,0,7.000000,0.600000,0.500000
356,1,1,6.000000,0.300000,0.500000
357,0,0,6.000000,0.300000,0.500000
358,0,0,5.000000,0.000000,0.500000
359,1,1,5.000000,0.000000,0.500000
360,1,1,6.000000,0.300000,0.500000
361,1,1,7.000000,0.600000,0.500000
362,1,1,12.000000,0.900000,0.500000
363,1,1,17.000000,1.000000,0.500000
364,1,1,5.000000,0.000000,0.500000
365,1,1,6.000000,0.300000,0.500000
366,0,0,5.000000,0.000000,0.500000
367,1,1,5.000000,0.000000,0.500000
368,1,1,7.000000,0.600000,0.500000
369,0,0,11.000000,0.900000,0.500000
370,0,1,9.000000,0.800000,0.500000
371,0,0,6.000000,0.300000,0.500000
372,1,1,5.000000,0.000000,0.500000
373,0,0,5.000000,0.000000,0.500000
374,1,1,6.000000,0.300000,0.500000
375,0,0,10.000000,0.900000,0.500000
376,1,1,6.000000,0.300000,0.500000
377,0,0,10.000000,0.700000,0.500000
378,0,0,6.000000,0.300000,0.500000
379,0,0,6.000000,0.300000,0.500000
380,0,0,5.000000,0.000000,0.500000
381,1,1,7.000000,0.600000,0.500000
382,0,0,6.000000,0.300000,0.500000
383,0,0,9.000000,0.800000,0.500000
384,1,1,7.000000,0.600000,0.500000
385,1,1,5.000000,0.000000,0.500000
386,0,0,11.000000,0.900000,0.500000
387,0,0,15.000000,0.900000,0.500000
388,0,0,7.000000,0.600000,0.500000
389,0,0,15.000000,0.900000,0.500000
390,0,0,6.000000,0.300000,0.500000
391,1,1,6.000000,0.300000,0.500000
392,1,1,8.000000,0.900000,0.500000
393,0,0,11.000000,0.900000,0.500000
394,1,1,7.000000,0.600000,0.500000
395,0,0,6.000000,0.300000,0.500000
396,1,1,9.000000,0.800000,0.500000
397,1,1,5.000000,0.000000,0.500000
398,0,0,6.000000,0.300000,0.500000
399,0,0,7.000000,0.600000,0.500000
400,0,0,6.000000,0.300000,0.500000
401,0,0,6.000000,0.300000,0.500000
402,1,0,7.000000,0.600000,0.500000
403,1,1,9.000000,0.500000,0.500000
404,0,0,5.000000,0.000000,0.500000
405,1,1,7.000000,0.600000,0.500000
406,0,0,5.000000,0.000000,0.500000
407,0,1,14.000000,0.900000,0.500000
408,1,1,6.000000,0.300000,0.500000
409,1,1,5.000000,0.000000,0.500000
410,0,0,6.000000,0.300000,0.500000
411,0,0,6.000000,0.300000,0.500000
412,1,1,8.000000,0.600000,0.500000
413,0,0,7.000000,0.600000,0.500000
414,1,1,6.000000,0.300000,0.500000
415,0,0,5.000000,0.000000,0.500000
416,1,1,8.000000,0.700000,0.500000
417,0,0,8.000000,0.600000,0.500000
418,0,0,11.000000,0.900000,0.500000
419,1,1,18.000000,1.000000,0.500000
420,0,0,17.000000,1.000000,0.500000
421,0,0,7.000000,0.600000,0.500000
422,1,1,9.000000,0.500000,0.500000
423,1,1,7.000000,0.600000,0.500000
424,0,0,6.000000,0.300000,0.500000
425,1,1,5.000000,0.000000,0.500000
426,1,1,6.000000,0.300000,0.500000
427,0,0,6.000000,0.300000,0.500000
428,0,0,6.000000,0.300000,0.500000
429,0,1,8.000000,0.800000,0.500000
430,0,0,6.000000,0.300000,0.500000
431,0,0,6.000000,0.300000,0.500000
432,0,0,5.000000,0.000000,0.500000
433,1,1,6.000000,0.300000,0.500000
434,0,0,6.000000,0.300000,0.500000
435,0,0,7.000000,0.600000,0.500000
436,1,1,6.000000,0.300000,0.500000
437,0,0,5.000000,0.000000,0.500000
438,1,1,14.000000,0.900000,0.500000
439,1,0,12.000000,0.900000,0.500000
440,0,1,7.000000,0.600000,0.500000
441,0,0,10.000000,0.900000,0.500000
442,1,0,8.000000,0.800000,0.500000
443,1,1,5.000000,0.000000,0.500000
444,1,1,6.000000,0.300000,0.500000
445,0,0,8.000000,0.600000,0.500000
446,1,1,7.000000,0.600000,0.500000
447,1,1,7.000000,0.600000,0.500000
448,1,1,7.000000,0.600000,0.500000
449,0,0,6.000000,0.300000,0.500000
450,0,0,10.000000,0.900000,0.500000
451,1,1,5.000000,0.000000,0.500000
452,1,1,9.000000,0.700000,0.500000
453,1,1,6.000000,0.300000,0.500000
454,0,0,8.000000,0.500000,0.500000
455,0,0,6.000000,0.300000,0.500000
456,0,0,6.000000,0.300000,0.500000
457,1,1,6.000000,0.300000,0.500000
458,0,0,17.000000,0.900000,0.500000
459,0,0,16.000000,0.900000,0.500000
460,0,0,14.000000,1.000000,0.500000
461,1,1,5.000000,0.000000,0.500000
462,0,0,6.000000,0.300000,0.500000
463,1,1,10.000000,0.700000,0.500000
464,1,1,8.000000,0.700000,0.500000
465,1,1,5.000000,0.000000,0.500000
466,1,1,11.000000,0.900000,0.500000
467,0,0,6.000000,0.300000,0.500000
468,0,0,11.000000,0.700000,0.500000
469,1,1,6.000000,0.300000,0.500000
470,1,1,6.000000,0.300000,0.500000
471,0,0,6.000000,0.300000,0.500000
472,0,0,6.000000,0.300000,0.500000
473,1,1,5.000000,0.000000,0.500000
474,0,0,9.000000,0.800000,0.500000
475,0,0,5.000000,0.000000,0.500000
476,1,1,6.000000,0.300000,0.500000
477,0,0,7.000000,0.600000,0.500000
478,1,1,5.000000,0.000000,0.500000
479,0,0,16.000000,1.000000,0.500000
480,0,0,8.000000,0.800000,0.500000
481,1,1,5.000000,0.000000,0.500000
482,0,0,5.000000,0.000000,0.500000
483,1,1,7.000000,0.800000,0.500000
484,0,0,6.000000,0.300000,0.500000
485,0,0,6.000000,0.300000,0.500000
486,1,1,6.000000,0.300000,0.500000
487,0,0,5.000000,0.000000,0.500000
488,1,1,6.000000,0.300000,0.500000
489,1,1,7.000000,0.600000,0.500000
490,1,1,7.000000,0.600000,0.500000
491,0,0,5.000000,0.000000,0.500000
492,0,0,6.000000,0.300000,0.500000
493,0,0,7.000000,0.600000,0.500000
494,1,1,6.000000,0.300000,0.500000
495,1,1,7.000000,0.600000,0.500000
496,0,1,7.000000,0.600000,0.500000
497,1,1,5.000000,0.000000,0.500000
498,1,1,6.000000,0.300000,0.500000
499,1,1,8.000000,0.600000,0.500000
500,0,0,6.000000,0.300000,0.500000
501,1,1,6.000000,0.300000,0.500000
502,0,0,5.000000,0.000000,0.500000
503,0,0,6.000000,0.300000,0.500000
504,0,0,6.000000,0.300000,0.500000
505,1,1,6.000000,0.300000,0.500000
506,0,0,5.000000,0.000000,0.500000
507,0,0,6.000000,0.300000,0.500000
508,0,0,11.000000,0.900000,0.500000
509,0,0,14.000000,0.900000,0.500000
510,1,1,13.000000,0.900000,0.500000
511,0,0,7.000000,0.600000,0.500000
512,1,1,6.000000,0.300000,0.500000
513,1,1,6.000000,0.300000,0.500000
514,1,0,9.000000,0.800000,0.500000
515,0,0,5.000000,0.000000,0.500000
516,1,1,6.000000,0.300000,0.500000
517,1,1,6.000000,0.300000,0.500000
518,0,0,5.000000,0.000000,0.500000
519,0,0,6.000000,0.300000,0.500000
520,1,1,8.000000,0.700000,0.500000
521,0,0,5.000000,0.000000,0.500000
522,1,1,8.000000,0.700000,0.500000
523,1,1,7.000000,0.600000,0.500000
524,0,0,6.000000,0.300000,0.500000
525,1,1,8.000000,0.600000,0.500000
526,1,1,5.000000,0.000000,0.500000
527,1,1,6.000000,0.300000,0.500000
528,1,1,11.000000,0.800000,0.500000
529,1,1,9.000000,0.800000,0.500000
530,0,1,12.000000,0.900000,0.500000
531,0,0,5.000000,0.000000,0.500000
532,1,1,11.000000,0.800000,0.500000
533,1,1,12.000000,0.900000,0.500000
534,0,0,6.000000,0.300000,0.500000
535,0,0,5.000000,0.000000,0.500000
536,1,1,6.000000,0.300000,0.500000
537,1,1,10.000000,0.900000,0.500000
538,1,1,8.000000,0.700000,0.500000
539,1,1,5.000000,0.000000,0.500000
540,1,1,5.000000,0.000000,0.500000
541,0,0,12.000000,0.900000,0.500000
542,1,1,9.000000,0.500000,0.500000
543,1,1,5.000000,0.000000,0.500000
544,1,1,7.000000,0.600000,0.500000
545,0,0,11.000000,0.700000,0.500000
546,0,0,5.000000,0.000000,0.500000
547,0,0,6.000000,0.300000,0.500000
548,0,0,12.000000,0.900000,0.500000
549,0,0,7.000000,0.600000,0.500000
550,0,0,9.000000,0.800000,0.500000
551,1,1,6.000000,0.300000,0.500000
552,1,1,5.000000,0.000000,0.500000
553,0,0,6.000000,0.300000,0.500000
554,0,0,7.000000,0.600000,0.500000
555,0,0,8.000000,0.600000,0.500000
556,1,1,8.000000,0.700000,0.500000
557,0,0,6.000000,0.300000,0.500000
558,0,0,6.000000,0.300000,0.500000
559,0,0,7.000000,0.600000,0.500000
560,1,1,6.000000,0.300000,0.500000
561,0,0,5.000000,0.000000,0.500000
562,0,0,7.000000,0.600000,0.500000
563,0,0,11.000000,0.900000,0.500000
564,0,1,7.000000,0.600000,0.500000
565,0,0,6.000000,0.300000,0.500000
566,1,1,5.000000,0.000000,0.500000
567,1,1,6.000000,0.300000,0.500000
568,1,1,12.000000,0.900000,0.500000
569,1,1,6.000000,0.300000,0.500000
570,1,1,7.000000,0.600000,0.500000
571,0,0,6.000000,0.300000,0.500000
572,1,1,6.000000,0.300000,0.500000
573,1,0,7.000000,0.600000,0.500000
574,0,0,11.000000,0.800000,0.500000
575,1,1,6.000000,0.300000,0.500000
576,0,0,5.000000,0.000000,0.500000
577,0,1,17.000000,0.900000,0.500000
578,0,0,6.000000,0.300000,0.500000
579,1,1,8.000000,0.800000,0.500000
580,1,1,5.000000,0.000000,0.500000
581,1,1,9.000000,0.800000,0.500000
582,1,1,6.000000,0.300000,0.500000
583,1,1,11.000000,0.700000,0.500000
584,1,1,6.000000,0.300000,0.500000
585,0,0,6.000000,0.300000,0.500000
586,0,0,5.000000,0.000000,0.500000
587,1,1,5.000000,0.000000,0.500000
588,0,0,6.000000,0.300000,0.500000
589,0,0,5.000000,0.000000,0.500000
590,0,0,11.000000,0.900000,0.500000
591,0,0,7.000000,0.600000,0.500000
592,0,0,8.000000,0.700000,0.500000
593,0,0,6.000000,0.300000,0.500000
594,1,1,13.000000,0.900000,0.500000
595,1,1,7.000000,0.600000,0.500000
596,0,0,8.000000,0.700000,0.500000
597,1,1,6.000000,0.300000,0.500000
598,0,0,6.000000,0.300000,0.500000
599,0,0,12.000000,0.800000,0.500000
600,1,1,7.000000,0.600000,0.500000
601,1,1,6.000000,0.300000,0.500000
602,1,1,5.000000,0.000000,0.500000
603,1,1,7.000000,0.600000,0.500000
604,0,0,6.000000,0.300000,0.500000
605,1,1,9.000000,0.900000,0.500000
606,0,0,7.000000,0.600000,0.500000
607,0,0,13.000000,0.900000,0.500000
608,0,0,16.000000,0.900000,0.500000
609,0,0,10.000000,0.700000,0.500000
610,1,1,6.000000,0.300000,0.500000
611,0,0,6.000000,0.300000,0.500000
612,0,0,8.000000,0.700000,0.500000
613,1,1,6.000000,0.300000,0.500000
614,1,1,7.000000,0.600000,0.500000
615,1,1,6.000000,0.300000,0.500000
616,0,0,5.000000,0.000000,0.500000
617,0,0,6.000000,0.300000,0.500000
618,0,0,7.000000,0.800000,0.500000
619,1,1,11.000000,0.800000,0.500000
620,1,1,8.000000,0.500000,0.500000
621,1,1,5.000000,0.000000,0.500000
622,0,0,6.000000,0.300000,0.500000
623,0,0,6.000000,0.300000,0.500000
624,0,0,8.000000,0.600000,0.500000
625,1,1,9.000000,0.800000,0.500000
626,1,1,6.000000,0.300000,0.500000
627,0,0,8.000000,0.500000,0.500000
628,0,0,5.000000,0.000000,0.500000
629,0,0,9.000000,0.900000,0.500000
630,0,0,7.000000,0.600000,0.500000
631,0,0,5.000000,0.000000,0.500000
632,1,1,9.000000,0.900000,0.500000
633,1,1,10.000000,0.800000,0.500000
634,0,0,14.000000,0.900000,0.500000
635,0,0,5.000000,0.000000,0.500000
636,0,0,7.000000,0.600000,0.500000
637,0,0,6.000000,0.300000,0.500000
638,0,0,6.000000,0.300000,0.500000
639,1,1,5.000000,0.000000,0.500000
640,1,1,7.000000,0.600000,0.500000
641,1,1,7.000000,0.600000,0.500000
642,1,1,10.000000,0.700000,0.500000
643,1,1,8.000000,0.600000,0.500000
644,1,1,5.000000,0.000000,0.500000
645,0,0,6.000000,0.300000,0.500000
646,1,1,13.000000,0.900000,0.500000
647,1,0,8.000000,0.900000,0.500000
648,1,1,7.000000,0.600000,0.500000
649,0,0,8.000000,0.700000,0.500000
650,0,0,6.000000,0.300000,0.500000
651,0,0,6.000000,0.300000,0.500000
652,0,0,5.000000,0.000000,0.500000
653,1,1,6.000000,0.300000,0.500000
654,0,0,5.000000,0.000000,0.500000
655,1,1,8.000000,0.700000,0.500000
656,1,1,5.000000,0.000000,0.500000
657,0,0,12.000000,0.800000,0.500000
658,0,0,12.000000,0.900000,0.500000
659,1,1,5.000000,0.000000,0.500000
660,0,0,7.000000,0.600000,0.500000
661,0,0,6.000000,0.300000,0.500000
662,0,0,5.000000,0.000000,0.500000
663,1,1,7.000000,0.600000,0.500000
664,1,1,5.000000,0.000000,0.500000
665,1,1,6.000000,0.300000,0.500000
666,0,0,6.000000,0.300000,0.500000
667,1,1,8.000000,0.500000,0.500000
668,0,0,7.000000,0.800000,0.500000
669,0,0,10.000000,0.800000,0.500000
670,0,0,6.000000,0.300000,0.500000
671,0,0,7.000000,0.600000,0.500000
672,1,1,5.000000,0.000000,0.500000
673,1,1,5.000000,0.000000,0.500000
674,0,0,7.000000,0.600000,0.500000
675,0,0,5.000000,0.000000,0.500000
676,0,0,6.000000,0.300000,0.500000
677,1,1,9.000000,0.800000,0.500000
678,0,0,6.000000,0.300000,0.500000
679,0,0,12.000000,1.000000,0.500000
680,1,1,12.000000,0.900000,0.500000
681,0,0,20.000000,1.000000,0.500000
682,1,0,8.000000,0.900000,0.500000
683,1,1,5.000000,0.000000,0.500000
684,1,1,6.000000,0.300000,0.500000
685,0,0,6.000000,0.300000,0.500000
686,1,0,8.000000,0.900000,0.500000
687,1,1,6.000000,0.300000,0.500000
688,0,0,7.000000,0.600000,0.500000
689,1,1,8.000000,0.700000,0.500000
690,1,1,11.000000,0.700000,0.500000
691,0,0,7.000000,0.600000,0.500000
692,0,0,8.000000,0.700000,0.500000
693,1,1,7.000000,0.600000,0.500000
694,0,0,10.000000,0.900000,0.500000
695,0,0,5.000000,0.000000,0.500000
696,1,1,5.000000,0.000000,0.500000
697,0,0,7.000000,0.600000,0.500000
698,1,1,5.000000,0.000000,0.500000
699,0,0,9.000000,0.800000,0.500000
700,1,1,9.000000,0.500000,0.500000
701,0,0,5.000000,0.000000,0.500000
702,0,0,6.000000,0.300000,0.500000
703,0,0,8.000000,0.600000,0.500000
704,0,0,6.000000,0.300000,0.500000
705,0,0,8.000000,0.700000,0.500000
706,0,1,8.000000,0.900000,0.500000
707,1,1,7.000000,0.600000,0.500000
708,1,1,5.000000,0.000000,0.500000
709,0,0,5.000000,0.000000,0.500000
710,1,1,6.000000,0.300000,0.500000
711,1,1,7.000000,0.600000,0.500000
712,1,1,7.000000,0.800000,0.500000
713,0,0,7.000000,0.600000,0.500000
714,0,0,13.000000,0.900000,0.500000
715,0,0,6.000000,0.300000,0.500000
716,1,1,5.000000,0.000000,0.500000
717,1,1,12.000000,0.900000,0.500000
718,1,1,5.000000,0.000000,0.500000
719,0,0,8.000000,0.800000,0.500000
720,0,0,12.000000,0.900000,0.500000
721,1,1,9.000000,0.700000,0.500000
722,0,0,7.000000,0.600000,0.500000
723,1,1,5.000000,0.000000,0.500000
724,1,1,11.000000,0.900000,0.500000
725,0,0,6.000000,0.300000,0.500000
726,0,0,5.000000,0.000000,0.500000
727,0,0,8.000000,0.700000,0.500000
728,0,0,6.000000,0.300000,0.500000
729,0,0,9.000000,0.700000,0.500000
730,0,0,14.000000,0.900000,0.500000
731,0,0,6.000000,0.300000,0.500000
732,1,1,6.000000,0.300000,0.500000
733,0,0,6.000000,0.300000,0.500000
734,1,1,5.000000,0.000000,0.500000
735,0,0,6.000000,0.300000,0.500000
736,0,0,7.000000,0.600000,0.500000
737,1,1,5.000000,0.000000,0.500000
738,0,0,5.000000,0.000000,0.500000
739,1,1,5.000000,0.000000,0.500000
740,1,1,11.000000,0.800000,0.500000
741,0,0,6.000000,0.300000,0.500000
742,0,0,5.000000,0.000000,0.500000
743,1,1,9.000000,0.800000,0.500000
744,0,0,5.000000,0.000000,0.500000
745,1,1,8.000000,0.700000,0.500000
746,1,0,7.000000,0.600000,0.500000
747,0,0,7.000000,0.600000,0.500000
748,0,0,7.000000,0.600000,0.500000
749,1,1,8.000000,0.600000,0.500000
750,1,1,5.000000,0.000000,0.500000
751,0,0,5.000000,0.000000,0.500000
752,1,1,17.000000,1.000000,0.500000
753,1,1,5.000000,0.000000,0.500000
754,0,0,13.000000,0.900000,0.500000
755,1,1,10.000000,0.900000,0.500000
756,0,0,6.000000,0.300000,0.500000
757,1,1,8.000000,0.800000,0.500000
758,1,1,7.000000,0.600000,0.500000
759,0,0,8.000000,0.600000,0.500000
760,1,1,10.000000,0.900000,0.500000
761,1,1,5.000000,0.000000,0.500000
762,1,1,7.000000,0.600000,0.500000
763,0,0,9.000000,0.500000,0.500000
764,0,0,9.000000,0.700000,0.500000
765,1,1,12.000000,0.900000,0.500000
766,1,1,9.000000,0.800000,0.500000
767,1,1,12.000000,0.800000,0.500000
768,0,0,6.000000,0.300000,0.500000
769,1,1,6.000000,0.300000,0.500000
770,1,1,7.000000,0.600000,0.500000
771,0,0,6.000000,0.300000,0.500000
772,1,1,9.000000,0.800000,0.500000
773,1,1,6.000000,0.300000,0.500000
774,0,0,7.000000,0.600000,0.500000
775,0,0,5.000000,0.000000,0.500000
776,0,0,10.000000,0.700000,0.500000
777,0,0,11.000000,0.800000,0.500000
778,0,0,13.000000,0.900000,0.500000
779,1,1,5.000000,0.000000,0.500000
780,1,1,6.000000,0.300000,0.500000
781,0,0,7.000000,0.600000,0.500000
782,1,1,9.000000,0.800000,0.500000
783,0,0,6.000000,0.300000,0.500000
784,0,0,11.000000,0.900000,0.500000
785,1,1,8.000000,0.700000,0.500000
786,1,1,14.000000,1.000000,0.500000
787,0,0,6.000000,0.300000,0.500000
788,1,1,9.000000,0.800000,0.500000
789,1,1,6.000000,0.300000,0.500000
790,0,0,5.000000,0.000000,0.500000
791,0,0,6.000000,0.300000,0.500000
792,1,1,12.000000,0.900000,0.500000
793,0,0,9.000000,0.500000,0.500000
794,0,0,11.000000,0.700000,0.500000
795,0,0,9.000000,0.800000,0.500000
796,1,1,6.000000,0.300000,0.500000
797,1,1,6.000000,0.300000,0.500000
798,0,0,5.000000,0.000000,0.500000
799,1,1,5.000000,0.000000,0.500000
800,1,1,8.000000,0.800000,0.500000
801,0,0,5.000000,0.000000,0.500000
802,0,0,7.000000,0.800000,0.500000
803,0,0,6.000000,0.300000,0.500000
804,0,0,6.000000,0.300000,0.500000
805,0,0,10.000000,0.900000,0.500000
806,0,0,7.000000,0.600000,0.500000
807,0,0,6.000000,0.300000,0.500000
808,0,0,7.000000,0.600000,0.500000
809,1,1,13.000000,0.900000,0.500000
810,1,1,9.000000,0.900000,0.500000
811,0,0,8.000000,0.500000,0.500000
812,0,0,12.000000,0.800000,0.500000
813,0,0,13.000000,0.800000,0.500000
814,1,1,6.000000,0.300000,0.500000
815,0,0,6.000000,0.300000,0.500000
816,1,1,6.000000,0.300000,0.500000
817,1,1,5.000000,0.000000,0.500000
818,1,1,8.000000,0.600000,0.500000
819,1,1,6.000000,0.300000,0.500000
820,0,0,15.000000,1.000000,0.500000
821,0,0,9.000000,0.800000,0.500000
822,0,0,9.000000,0.700000,0.500000
823,0,0,7.000000,0.600000,0.500000
824,0,0,6.000000,0.300000,0.500000
825,0,0,9.000000,0.800000,0.500000
826,0,0,7.000000,0.600000,0.500000
827,0,0,5.000000,0.000000,0.500000
828,1,1,7.000000,0.600000,0.500000
829,1,1,6.000000,0.300000,0.500000
830,0,0,6.000000,0.300000,0.500000
831,0,0,7.000000,0.600000,0.500000
832,0,0,9.000000,0.800000,0.500000
833,1,1,6.000000,0.300000,0.500000
834,0,0,7.000000,0.600000,0.500000
835,0,0,7.000000,0.600000,0.500000
836,1,1,6.000000,0.300000,0.500000
837,0,0,12.000000,0.800000,0.500000
838,0,0,5.000000,0.000000,0.500000
839,1,1,5.000000,0.000000,0.500000
840,0,0,8.000000,0.700000,0.500000
841,1,1,5.000000,0.000000,0.500000
842,0,0,9.000000,0.700000,0.500000
843,0,0,5.000000,0.000000,0.500000
844,0,0,7.000000,0.600000,0.500000
845,1,1,8.000000,0.700000,0.500000
846,0,0,15.000000,1.000000,0.500000
847,1,0,7.000000,0.600000,0.500000
848,0,0,5.000000,0.000000,0.500000
849,1,1,6.000000,0.300000,0.500000
850,0,0,6.000000,0.300000,0.500000
851,1,1,6.000000,0.300000,0.500000
852,0,0,6.000000,0.300000,0.500000
853,0,0,8.000000,0.800000,0.500000
854,0,0,8.000000,0.500000,0.500000
855,1,1,6.000000,0.300000,0.500000
856,1,0,9.000000,0.700000,0.500000
857,1,1,6.000000,0.300000,0.500000
858,0,0,6.000000,0.300000,0.500000
859,1,1,5.000000,0.000000,0.500000
860,1,1,6.000000,0.300000,0.500000
861,1,1,9.000000,0.800000,0.500000
862,1,1,5.000000,0.000000,0.500000
863,0,0,6.000000,0.300000,0.500000
864,1,1,13.000000,0.900000,0.500000
865,1,1,8.000000,0.700000,0.500000
866,0,0,5.000000,0.000000,0.500000
867,0,0,7.000000,0.600000,0.500000
868,1,1,5.000000,0.000000,0.500000
869,0,0,5.000000,0.000000,0.500000
870,1,1,10.000000,0.700000,0.500000
871,1,1,7.000000,0.600000,0.500000
872,1,1,6.000000,0.300000,0.500000
873,0,0,12.000000,0.800000,0.500000
874,0,0,6.000000,0.300000,0.500000
875,1,1,6.000000,0.300000,0.500000
876,1,1,8.000000,0.700000,0.500000
877,1,1,9.000000,0.800000,0.500000
878,0,0,7.000000,0.600000,0.500000
879,0,0,5.000000,0.000000,0.500000
880,0,0,7.000000,0.600000,0.500000
881,0,0,8.000000,0.700000,0.500000
882,1,1,7.000000,0.600000,0.500000
883,0,0,6.000000,0.300000,0.500000
884,0,0,9.000000,0.800000,0.500000
885,1,1,6.000000,0.300000,0.500000
886,0,0,6.000000,0.300000,0.500000
887,0,0,6.000000,0.300000,0.500000
888,0,0,6.000000,0.300000,0.500000
889,0,0,6.000000,0.300000,0.500000
890,1,1,8.000000,0.600000,0.500000
891,1,1,6.000000,0.300000,0.500000
892,0,0,7.000000,0.600000,0.500000
893,1,1,5.000000,0.000000,0.500000
894,0,0,6.000000,0.300000,0.500000
895,1,1,6.000000,0.300000,0.500000
896,0,0,6.000000,0.300000,0.500000
897,0,0,6.000000,0.300000,0.500000
898,0,0,6.000000,0.300000,0.500000
899,1,1,5.000000,0.000000,0.500000
900,1,1,5.000000,0.000000,0.500000
901,1,1,5.000000,0.000000,0.500000
902,0,0,5.000000,0.000000,0.500000
903,0,0,5.000000,0.000000,0.500000
904,0,1,11.000000,0.900000,0.500000
905,1,1,5.000000,0.000000,0.500000
906,1,1,5.000000,0.000000,0.500000
907,0,0,6.000000,0.300000,0.500000
908,1,1,6.000000,0.300000,0.500000
909,0,0,5.000000,0.000000,0.500000
910,1,1,6.000000,0.300000,0.500000
911,1,1,8.000000,0.700000,0.500000
912,1,1,6.000000,0.300000,0.500000
913,1,1,6.000000,0.300000,0.500000
914,0,0,12.000000,0.900000,0.500000
915,0,0,6.000000,0.300000,0.500000
916,0,0,9.000000,0.800000,0.500000
917,0,0,9.000000,0.800000,0.500000
918,0,0,6.000000,0.300000,0.500000
919,0,0,6.000000,0.300000,0.500000
920,0,0,8.000000,0.700000,0.500000
921,0,0,6.000000,0.300000,0.500000
922,0,0,9.000000,0.800000,0.500000
923,1,1,6.000000,0.300000,0.500000
924,0,0,8.000000,0.600000,0.500000
925,1,1,6.000000,0.300000,0.500000
926,1,1,7.000000,0.600000,0.500000
927,0,0,6.000000,0.300000,0.500000
928,0,0,7.000000,0.600000,0.500000
929,0,0,6.000000,0.300000,0.500000
930,1,1,6.000000,0.300000,0.500000
931,0,0,5.000000,0.000000,0.500000
932,1,1,6.000000,0.300000,0.500000
933,0,0,9.000000,0.800000,0.500000
934,0,0,6.000000,0.300000,0.500000
935,0,0,5.000000,0.000000,0.500000
936,0,0,6.000000,0.300000,0.500000
937,0,0,5.000000,0.000000,0.500000
938,0,0,10.000000,0.800000,0.500000
939,1,1,5.000000,0.000000,0.500000
940,1,1,5.000000,0.000000,0.500000
941,0,0,5.000000,0.000000,0.500000
942,0,0,5.000000,0.000000,0.500000
943,0,0,5.000000,0.000000,0.500000
944,1,1,6.000000,0.300000,0.500000
945,1,1,10.000000,0.900000,0.500000
946,1,0,9.000000,0.800000,0.500000
947,0,0,8.000000,0.700000,0.500000
948,0,0,5.000000,0.000000,0.500000
949,1,1,8.000000,0.500000,0.500000
950,0,0,16.000000,1.000000,0.500000
951,0,0,8.000000,0.800000,0.500000
952,1,1,14.000000,0.900000,0.500000
953,0,0,7.000000,0.600000,0.500000
954,1,1,5.000000,0.000000,0.500000
955,1,1,7.000000,0.600000,0.500000
956,1,1,5.000000,0.000000,0.500000
957,1,1,9.000000,0.800000,0.500000
958,1,1,6.000000,0.300000,0.500000
959,1,1,6.000000,0.300000,0.500000
960,0,0,8.000000,0.600000,0.500000
961,1,1,6.000000,0.300000,0.500000
962,1,1,9.000000,0.800000,0.500000
963,1,1,9.000000,0.500000,0.500000
964,1,1,5.000000,0.000000,0.500000
965,1,1,6.000000,0.300000,0.500000
966,1,1,6.000000,0.300000,0.500000
967,1,1,8.000000,0.600000,0.500000
968,1,1,5.000000,0.000000,0.500000
969,1,1,10.000000,0.800000,0.500000
970,0,0,7.000000,0.600000,0.500000
971,0,0,10.000000,0.800000,0.500000
972,0,0,6.000000,0.300000,0.500000
973,0,0,5.000000,0.000000,0.500000
974,0,0,6.000000,0.300000,0.500000
975,1,1,10.000000,0.800000,0.500000
976,1,1,6.000000,0.300000,0.500000
977,0,0,6.000000,0.300000,0.500000
978,1,1,11.000000,0.900000,0.500000
979,1,1,9.000000,0.800000,0.500000
980,1,1,13.000000,0.900000,0.500000
981,0,0,8.000000,0.500000,0.500000
982,1,1,7.000000,0.600000,0.500000
983,1,1,5.000000,0.000000,0.500000
984,1,1,7.000000,0.600000,0.500000
985,1,1,7.000000,0.600000,0.500000
986,1,1,5.000000,0.000000,0.500000
987,1,1,11.000000,0.700000,0.500000
988,1,1,5.000000,0.000000,0.500000
989,0,0,6.000000,0.300000,0.500000
990,1,1,10.000000,0.700000,0.500000
991,1,1,5.000000,0.000000,0.500000
992,1,1,12.000000,0.900000,0.500000
993,0,0,7.000000,0.600000,0.500000
994,1,1,7.000000,0.600000,0.500000
995,1,1,9.000000,0.800000,0.500000
996,0,0,5.000000,0.000000,0.500000
997,1,1,9.000000,0.500000,0.500000
998,0,0,5.000000,0.000000,0.500000
999,0,0,7.000000,0.600000,0.500000
WorkerID,Gamma,TrueGamma
207,0.469366,1.036507
957,0.496487,1.303970
942,0.413476,0.604140
556,0.487718,0.991986
822,0.449477,0.719632
662,0.527337,1.279194
168,0.575107,0.709137
8,0.539796,2.054827
413,0.499524,0.745984
105,0.466810,2.556124
787,0.380907,1.281396
865,0.554541,1.056134
881,0.444512,0.248861
634,0.594609,1.737897
322,0.505085,1.293015
266,0.399099,0.844469
805,0.329011,0.561501
698,0.578844,0.890883
543,0.430063,0.788615
427,0.450759,0.963365
299,0.475512,1.188795
94,0.613208,0.768467
106,0.519879,0.980586
63,0.410422,0.567131
367,0.401451,0.860759
504,0.491934,1.663961
692,0.459705,1.196446
229,0.473580,1.625515
202,0.500086,1.060569
166,0.488014,2.120016
732,0.545606,0.928203
179,0.483167,1.561828
335,0.467319,1.053865
934,0.380667,0.334376
735,0.453002,0.978727
416,0.484850,0.603811
860,0.435959,0.426864
340,0.553668,1.272223
605,0.413292,0.255581
242,0.403212,1.271435
683,0.569631,1.296221
507,0.568985,3.038766
515,0.421416,0.655725
739,0.459126,1.350738
964,0.449587,1.338937
267,0.451428,0.700682
393,0.539110,1.463225
375,0.413098,0.206348
705,0.504178,0.789457
49,0.400777,1.930309
305,0.600486,1.574437
216,0.665623,1.825074
480,0.511450,1.498139
14,0.460886,0.994950
821,0.492639,1.237499
294,0.439649,1.510397
880,0.364393,0.922848
509,0.486142,1.681734
524,0.393331,1.110492
775,0.472320,2.533734
757,0.420929,0.722755
300,0.482422,0.360508
407,0.456168,1.120502
16,0.516201,2.396053
602,0.420107,1.061894
85,0.673013,3.888110
109,0.452690,2.112934
674,0.576180,1.937266
419,0.341932,0.595958
600,0.462599,0.546980
411,0.367076,0.300595
712,0.551184,1.190772
625,0.457964,0.367686
943,0.526816,1.728297
639,0.484297,1.072289
449,0.436480,1.162446
122,0.539734,0.464909
640,0.530401,0.952099
70,0.521941,1.151382
62,0.465681,1.092267
443,0.409774,1.787902
337,0.485880,0.844217
91,0.589189,0.636547
100,0.476097,1.572841
917,0.467839,0.514844
667,0.484597,0.306375
58,0.409997,0.816159
774,0.505105,1.040725
21,0.350970,0.981627
418,0.500038,0.516803
315,0.479391,1.120571
306,0.449312,0.361825
728,0.611879,1.412638
171,0.385446,0.701220
285,0.521945,1.543025
324,0.395904,0.567981
280,0.571683,1.241687
240,0.476510,1.760441
810,0.368197,0.591920
174,0.503614,0.537266
489,0.578258,0.981423
211,0.431953,0.310043
550,0.515919,1.591074
20,0.525876,1.481015
12,0.596880,2.061351
607,0.356862,1.077472
256,0.448842,1.628894
167,0.344525,1.575826
973,0.453140,1.444353
155,0.498634,0.885715
791,0.407567,1.127571
619,0.519940,0.667967
312,0.468747,0.917885
414,0.555993,2.149861
84,0.530817,1.120882
250,0.493886,0.212515
395,0.467793,1.096840
102,0.415537,0.458025
688,0.500655,1.321843
636,0.529953,1.285648
499,0.387199,1.021831
929,0.464913,0.369912
959,0.368663,0.507519
288,0.480437,0.762438
537,0.428658,2.074919
319,0.368146,0.689563
992,0.503687,1.030803
164,0.372467,0.488303
995,0.475557,0.964720
526,0.447356,1.454445
799,0.443334,0.908155
845,0.389221,0.832896
417,0.414835,0.878004
65,0.412229,0.760231
33,0.561789,1.317283
820,0.428236,0.622673
997,0.530029,0.488746
901,0.364255,0.657731
37,0.579612,1.989436
495,0.508109,1.836000
530,0.387072,0.413080
614,0.518765,1.973351
148,0.396342,0.107603
694,0.492633,1.169442
715,0.391727,1.080282
544,0.538859,1.094485
328,0.483923,1.131926
45,0.652175,2.912709
647,0.496410,1.329238
317,0.419365,1.036276
197,0.615780,1.364321
763,0.570408,1.696181
547,0.464691,0.931337
741,0.528085,1.465067
902,0.411994,1.178985
889,0.575317,1.145840
767,0.529362,1.641653
572,0.473270,1.585535
455,0.448948,1.256810
402,0.461319,2.058155
745,0.452846,3.028675
804,0.616786,1.631733
679,0.599305,0.906680
82,0.420074,0.995651
151,0.489442,0.972157
963,0.533719,2.815638
410,0.367618,0.541002
713,0.525032,1.527136
112,0.380824,0.538221
601,0.406701,0.872967
831,0.432069,0.434668
326,0.441138,0.638260
316,0.456261,0.907641
644,0.567303,0.609486
848,0.550284,1.878827
855,0.561125,1.752720
101,0.437179,0.896516
833,0.393928,1.877933
970,0.461892,0.786769
263,0.436058,1.266980
388,0.454835,0.849493
884,0.410237,1.298675
149,0.583013,1.271975
954,0.390673,0.884121
976,0.595677,0.903551
129,0.558199,1.039862
516,0.525094,0.552887
309,0.453681,1.185081
406,0.466927,0.239788
835,0.530863,2.458494
415,0.467420,0.874596
124,0.491873,0.619417
727,0.370121,1.153257
448,0.562475,1.239580
764,0.495964,1.099454
177,0.558422,0.790940
923,0.559942,1.525799
751,0.539285,1.902711
604,0.524292,2.814886
953,0.457585,1.780659
462,0.384280,1.055584
979,0.464937,0.857746
408,0.609257,1.574597
740,0.556311,1.363141
478,0.456031,2.279062
876,0.465822,1.405201
262,0.437268,0.698083
172,0.469433,1.189842
438,0.536641,0.613069
500,0.487823,0.729316
487,0.508798,1.803556
376,0.515761,2.767380
56,0.578245,1.877960
424,0.424353,0.982182
79,0.494537,1.295200
554,0.534658,0.606938
131,0.780018,2.418382
717,0.474735,0.974881
989,0.446658,1.044370
588,0.531965,0.404371
473,0.544755,1.351332
327,0.496088,1.299017
707,0.547807,1.350848
5,0.567546,0.307512
241,0.518573,0.824109
205,0.433970,1.088474
875,0.466663,0.821547
352,0.589034,1.722693
841,0.483579,0.289633
331,0.539817,0.829387
98,0.489623,0.717727
80,0.535658,1.174223
0,0.496942,1.490108
949,0.406090,0.490434
69,0.440786,0.734275
869,0.630128,2.054613
706,0.647549,0.640648
592,0.553090,1.516236
972,0.535008,0.538086
117,0.436255,1.068084
68,0.676868,0.772984
234,0.500658,1.076042
528,0.433933,0.446900
442,0.484206,0.666493
651,0.586429,1.026312
887,0.528842,1.223484
877,0.510623,0.690556
90,0.431807,1.205182
457,0.465755,1.658275
759,0.565843,3.260977
771,0.560835,0.402041
920,0.539683,1.024471
360,0.571045,0.447257
967,0.476662,0.433309
170,0.459839,1.053042
912,0.446610,0.180486
330,0.765917,1.703951
971,0.506171,1.385199
750,0.534842,0.937567
883,0.464261,0.718151
54,0.479534,0.490338
108,0.676751,1.424837
709,0.555613,1.227022
271,0.517265,2.484291
38,0.411308,0.434028
559,0.692143,1.610699
377,0.444113,0.637531
654,0.509292,1.008496
568,0.544322,1.879835
719,0.556265,1.300948
501,0.679501,0.801020
199,0.566513,0.997903
838,0.551038,1.525286
638,0.637785,0.881345
159,0.494044,0.872652
645,0.412338,0.444094
830,0.472495,0.379145
474,0.569903,1.533479
314,0.508452,2.094250
396,0.658637,1.755566
816,0.512181,1.106836
858,0.459309,0.610390
921,0.507862,1.039291
729,0.567379,0.915001
22,0.568624,0.819200
567,0.606573,0.352867
503,0.701569,0.669026
842,0.645712,1.577734
115,0.667085,1.477526
50,0.608913,0.272840
542,0.502947,1.208282
648,0.524070,1.592958
986,0.487623,1.678251
809,0.504586,1.431545
372,0.476156,0.777530
918,0.567068,0.696976
630,0.481223,0.574083
345,0.732271,1.798510
460,0.500649,1.114994
420,0.587838,1.569602
980,0.539081,1.183794
935,0.565158,0.893864
852,0.441966,0.739266
681,0.483098,2.696487
777,0.529289,0.904339
652,0.488969,0.791601
563,0.421439,0.754429
968,0.500985,1.063999
991,0.732866,1.538447
252,0.553417,1.179452
486,0.655017,1.474963
680,0.688386,0.943388
52,0.433857,0.882941
227,0.551161,0.889903
7,0.483308,0.744468
723,0.594129,2.002408
535,0.492554,1.212892
632,0.552325,1.195515
212,0.521432,0.596026
203,0.600570,1.286938
927,0.410766,1.326401
261,0.554091,0.794462
533,0.446667,0.468646
162,0.647469,1.099090
576,0.652532,2.068872
373,0.511147,0.610122
721,0.568751,0.839310
140,0.598401,2.004492
539,0.449452,0.624534
888,0.464446,0.519945
655,0.546372,0.810961
730,0.480745,0.645689
806,0.446240,1.038297
19,0.517729,0.525206
945,0.465679,0.934838
123,0.460538,2.212395
425,0.562550,0.521592
800,0.509408,0.809389
191,0.521449,1.275269
401,0.583094,2.154548
41,0.489398,0.818959
925,0.467168,0.661467
472,0.430036,1.399645
471,0.483715,1.718214
926,0.635281,1.085254
206,0.476309,0.927820
435,0.577294,0.722555
93,0.506692,1.387870
924,0.464184,0.996116
412,0.581926,1.317363
17,0.654327,0.756633
398,0.626369,0.668930
397,0.506683,0.863494
31,0.577940,1.530149
693,0.578904,0.854956
378,0.687759,0.942667
404,0.616224,1.728471
466,0.489894,2.084929
293,0.570069,1.070670
956,0.512721,0.689237
573,0.456893,1.102527
779,0.645173,1.724884
64,0.504411,0.930895
725,0.579787,1.200141
384,0.559624,0.831052
837,0.523661,1.546580
519,0.470370,0.616349
134,0.607435,0.921624
118,0.430226,0.142442
200,0.498439,0.952434
622,0.569238,0.432848
737,0.466311,1.154737
685,0.529612,1.204677
218,0.420594,0.272334
348,0.433272,0.350180
381,0.449969,0.709283
188,0.561979,1.459681
497,0.641572,1.591369
301,0.663079,0.906148
829,0.598811,1.802451
475,0.463507,0.540732
201,0.627354,2.335576
557,0.513025,2.092263
818,0.564796,0.429112
704,0.633173,1.003941
342,0.439238,1.121457
631,0.576120,2.639446
2,0.673254,1.769609
682,0.512661,0.793187
790,0.454881,0.550025
9,0.450465,0.934300
29,0.455457,0.895381
520,0.575098,1.404041
633,0.509740,1.235503
814,0.565341,1.552614
621,0.631493,1.471523
43,0.797021,1.118689
428,0.453875,0.693363
386,0.441778,0.391313
313,0.645232,0.852673
259,0.622358,1.802922
226,0.611898,2.124763
198,0.637189,2.359091
143,0.550443,0.541122
289,0.562432,1.661902
574,0.448025,1.812331
358,0.537307,0.997308
125,0.472371,0.884107
657,0.619695,0.848523
51,0.563549,2.536628
585,0.414657,1.091215
104,0.464171,0.816387
88,0.465534,1.279241
938,0.512614,0.469162
42,0.464029,0.547743
856,0.441045,1.394166
952,0.470857,1.688480
849,0.589102,1.393875
686,0.493209,1.538628
521,0.521313,1.530329
55,0.382378,0.449351
1,0.682484,0.831918
120,0.526797,1.786185
660,0.616387,0.495365
558,0.535016,2.178966
249,0.544009,1.656493
758,0.467790,0.897870
931,0.521469,1.156331
580,0.651975,1.000291
525,0.780450,1.323620
904,0.561981,2.289277
756,0.633964,0.867422
994,0.503360,1.282069
67,0.561143,0.758328
44,0.563348,1.201064
405,0.486720,0.974623
768,0.598619,1.433951
366,0.401365,0.381459
268,0.705167,1.263656
239,0.593957,1.675008
803,0.456928,0.222414
947,0.598424,1.183071
566,0.546830,2.215581
81,0.555554,1.031184
74,0.501184,1.033751
469,0.544037,0.955339
776,0.460341,0.709684
744,0.522681,1.046389
485,0.464549,1.030769
620,0.488154,1.137402
538,0.509967,0.904902
760,0.410817,0.829438
656,0.537247,1.106033
988,0.453030,2.122945
813,0.535168,1.148168
382,0.551230,1.169908
178,0.415669,1.123368
664,0.562794,1.996854
344,0.541799,1.338601
429,0.554012,2.298231
641,0.448739,0.464397
287,0.578326,1.385209
394,0.607878,1.507166
409,0.657391,2.141850
260,0.608302,1.661503
546,0.536739,0.844303
185,0.536839,1.154884
847,0.532209,2.073201
311,0.568360,1.568655
711,0.460938,0.954228
440,0.448921,0.245884
642,0.515884,0.970713
350,0.597265,2.496816
186,0.667713,0.787809
670,0.572787,0.491666
304,0.682950,3.674873
511,0.675216,1.439576
244,0.570647,0.821443
379,0.556175,1.488917
361,0.625031,3.035083
587,0.472952,0.949003
658,0.601079,1.184139
919,0.595462,2.102900
514,0.685100,0.933140
718,0.571136,1.335473
73,0.532873,1.744527
138,0.468117,0.747728
479,0.628551,2.120034
133,0.534953,0.299482
276,0.504249,0.405437
194,0.498355,1.041853
291,0.575156,1.970262
914,0.516563,0.831463
165,0.519142,1.474409
490,0.561652,1.922765
545,0.715823,0.638926
251,0.517334,0.490242
593,0.588391,0.599665
522,0.594085,1.906226
467,0.610252,1.369398
540,0.495041,0.530642
307,0.573219,1.147598
798,0.523795,0.684761
432,0.531238,1.965672
899,0.552439,1.495666
782,0.515930,3.320639
955,0.598389,0.823610
832,0.487012,1.043922
843,0.515395,1.259439
359,0.497688,1.710684
594,0.606131,2.183642
930,0.509601,2.446263
960,0.537632,0.909455
484,0.674638,2.460483
595,0.553268,0.601940
677,0.520023,0.410836
908,0.588816,0.204186
825,0.677645,1.224283
743,0.682567,0.625584
762,0.589874,0.856183
590,0.699585,0.989166
99,0.615545,0.774081
204,0.618045,0.744628
946,0.611782,0.829232
295,0.506532,0.651800
998,0.589269,1.535706
236,0.691028,2.308695
969,0.480086,0.469121
298,0.599901,1.619966
222,0.544372,1.322558
450,0.638676,1.612629
161,0.623720,1.528274
892,0.587269,0.809371
111,0.502315,0.593315
470,0.680160,1.818717
864,0.696278,1.961299
272,0.652703,1.145678
436,0.564828,0.618415
541,0.439030,0.939316
508,0.674736,1.346822
663,0.615907,2.320986
61,0.621276,0.712529
66,0.550862,0.454014
996,0.512740,1.268988
221,0.680334,0.577549
107,0.583391,2.207263
391,0.656217,1.589381
702,0.571067,0.819982
139,0.638606,1.129956
684,0.599286,0.875591
742,0.569086,0.269903
853,0.465938,0.413880
365,0.544030,1.635312
57,0.709618,1.155949
536,0.656906,1.303125
458,0.561768,1.518648
13,0.587073,1.267681
579,0.607738,1.132325
650,0.624528,1.343000
27,0.574408,2.264042
273,0.600700,0.684044
24,0.590518,0.661036
248,0.554064,0.934438
224,0.526915,0.655116
476,0.551593,0.977460
383,0.824499,1.338859
987,0.653283,0.857562
343,0.521539,0.691391
156,0.520957,1.033392
225,0.537238,1.810111
30,0.595966,0.728901
913,0.582499,0.225468
320,0.758575,1.841646
92,0.527018,0.477006
173,0.756186,1.821216
389,0.574334,1.414439
846,0.554364,1.731115
907,0.600406,0.762369
937,0.510493,1.691704
671,0.561191,1.247578
439,0.565924,0.793266
121,0.548196,1.074894
144,0.629334,1.742757
695,0.514457,1.609504
710,0.538312,0.884549
697,0.530675,0.717333
380,0.641046,0.792378
978,0.676353,4.183775
839,0.574393,0.673865
338,0.618706,1.370408
400,0.533848,1.257374
975,0.633545,2.104278
581,0.567596,0.792226
247,0.595576,0.730781
564,0.479058,0.469729
513,0.706895,1.022644
437,0.483826,0.130868
114,0.731019,1.707157
819,0.641536,1.209997
195,0.657740,1.055230
646,0.608761,0.975502
766,0.543733,1.272218
609,0.616897,1.553343
977,0.487767,0.712026
792,0.483039,0.687194
788,0.704597,3.362766
232,0.579960,0.567234
894,0.556811,0.627385
302,0.581185,0.503553
196,0.567246,1.062418
770,0.657868,1.257735
265,0.723574,1.171663
35,0.571312,1.028525
71,0.527277,0.516221
146,0.643335,1.005619
421,0.663468,1.789848
245,0.613828,1.137550
78,0.570102,1.100726
909,0.628792,0.986436
879,0.659697,1.163172
468,0.614878,0.917638
182,0.689631,1.712466
11,0.572075,2.294608
985,0.667694,1.600313
154,0.510113,1.714007
281,0.605944,1.100035
617,0.540532,0.922148
582,0.651113,2.496186
747,0.659225,0.910426
137,0.743616,2.479630
26,0.542722,1.308389
824,0.569545,2.069217
724,0.494539,0.709015
180,0.607946,1.388778
175,0.615991,0.669360
75,0.675137,0.694045
15,0.657905,2.181559
422,0.543796,1.053770
264,0.632899,0.685394
3,0.491314,1.065351
928,0.613066,0.512710
867,0.651291,1.152863
364,0.592438,2.483105
6,0.755961,1.516044
653,0.724653,1.766869
4,0.594443,0.741513
817,0.723827,0.472060
981,0.634605,0.780092
257,0.559823,1.358978
209,0.758843,1.449152
463,0.563531,1.073363
370,0.611741,0.658999
193,0.580510,1.672292
823,0.488559,0.502668
346,0.812463,2.083072
615,0.577010,1.757536
496,0.548576,1.078594
754,0.579497,0.786656
169,0.565897,0.783970
454,0.596389,0.910639
726,0.631454,0.598589
755,0.563119,0.751699
753,0.581744,1.421214
699,0.765917,1.761820
811,0.698343,1.809419
549,0.639254,0.440538
274,0.565689,2.140179
493,0.603077,1.546962
598,0.806708,2.214628
552,0.674320,2.829828
868,0.883016,0.872317
290,0.658834,1.616281
635,0.633367,1.404162
936,0.786503,1.370618
246,0.581646,0.995677
445,0.718347,1.927733
147,0.567000,0.799751
807,0.833481,2.698576
187,0.852703,1.877877
130,0.595698,0.631307
237,0.565710,0.535025
464,0.751650,0.988190
722,0.584317,1.596659
850,0.571267,0.390144
866,0.590219,0.991636
356,0.608726,1.515924
36,0.556300,0.543753
341,0.711170,1.298354
219,0.668985,1.516698
230,0.591309,0.527169
498,0.717955,1.560645
878,0.650834,1.728760
613,0.689052,0.798044
333,0.621648,2.542083
863,0.651829,1.192081
786,0.594782,0.846927
28,0.747068,0.758501
116,0.572989,1.179370
578,0.704018,3.571470
160,0.706015,1.078552
502,0.552702,0.191540
228,0.656771,1.698929
284,0.797127,0.723603
687,0.576845,1.410132
176,0.582343,1.233040
390,0.644493,1.483274
494,0.587497,1.098895
661,0.629104,0.945598
780,0.915653,3.014912
282,0.733493,1.446291
854,0.680871,0.854315
217,0.769178,0.795846
325,0.696600,1.418497
749,0.571468,0.664628
802,0.725080,0.874213
958,0.597150,0.306275
491,0.647617,0.636506
708,0.634021,1.867294
323,0.491198,1.092294
769,0.489389,0.780146
586,0.497153,0.747081
761,0.784861,1.586245
135,0.626586,2.037236
385,0.710531,1.611787
962,0.563658,0.488074
575,0.781549,1.263418
452,0.696745,0.439917
624,0.621992,0.374182
451,0.636854,0.478663
95,0.638507,1.386747
961,0.552594,0.858373
214,0.708396,0.730021
253,0.799455,1.625500
844,0.636645,0.788245
332,0.744200,1.297060
948,0.576602,1.594708
738,0.606583,1.948628
233,0.677176,1.947464
583,0.604262,0.528666
668,0.746028,0.979607
553,0.513806,0.923472
296,0.619215,1.813865
696,0.755710,1.094793
433,0.709004,0.576961
329,0.673442,2.197680
826,0.580349,0.417654
834,0.892419,1.506021
703,0.618022,0.515955
862,0.866767,1.457901
940,0.555935,1.011984
152,0.684376,1.552991
714,0.745832,1.268573
25,0.492889,0.647302
512,0.606870,1.374548
983,0.640232,0.552600
431,0.822721,1.392476
871,0.526143,1.309065
627,0.507945,1.280870
220,0.506855,1.520767
950,0.616169,2.017207
675,0.697208,0.679908
269,0.700497,1.645317
353,0.618964,1.528467
153,0.601655,0.892972
795,0.536815,2.354849
599,0.805527,1.738405
669,0.760697,1.297817
444,0.758590,1.801951
649,0.629245,0.984544
369,0.648219,1.326547
626,0.788198,1.228245
34,0.666169,1.365397
387,0.656025,1.194077
861,0.774182,2.545600
840,0.691879,1.253545
784,0.458701,0.205252
505,0.637238,2.204914
103,0.670056,0.459866
150,0.849341,1.788721
608,0.528152,0.777103
589,0.648526,0.769394
851,0.752494,1.033173
772,0.701468,1.706348
347,0.697491,1.551548
355,0.538998,0.931643
96,0.835397,1.060904
529,0.678475,0.875584
596,0.567419,1.109976
898,0.604805,2.137288
465,0.587711,0.515404
584,0.721434,1.867277
752,0.708300,1.499645
334,0.734402,0.833838
72,0.745473,1.068089
870,0.595347,1.319344
318,0.544773,1.280017
279,0.715202,1.983348
110,0.651794,1.550760
208,0.744083,1.142193
616,0.826103,1.900718
785,0.666275,0.538785
555,0.625955,1.016496
910,0.613277,1.559642
145,0.667442,1.412522
965,0.534654,0.998465
235,0.691868,1.210864
89,0.630252,0.415991
283,0.804258,1.782178
733,0.622384,1.260216
872,0.691795,0.780789
897,0.696050,1.609097
423,0.652957,1.180825
297,0.582321,0.853290
482,0.592872,0.819944
23,0.748469,1.511400
944,0.753899,1.090571
430,0.816672,1.549134
47,0.616890,1.418719
39,0.664449,0.222750
982,0.705776,2.109683
336,0.569192,1.214121
354,0.690934,1.145840
748,0.620822,1.247165
113,0.791773,0.827687
637,0.620889,0.476902
571,0.668457,1.091551
896,0.847318,1.198733
483,0.714834,1.661033
562,0.673597,0.676968
731,0.700379,1.779486
603,0.634476,1.124483
618,0.645552,1.286706
192,0.636970,0.762090
403,0.695541,0.931885
477,0.713674,1.343370
275,0.571597,0.461963
628,0.938368,1.829827
213,0.797860,0.395220
548,0.788102,1.976519
86,0.612827,1.306024
441,0.755532,0.772866
577,0.845939,2.215542
885,0.705985,0.998352
911,0.562245,1.169901
321,0.686184,1.855165
611,0.535498,1.014072
565,0.686004,0.525511
461,0.721432,0.932225
643,0.841329,1.593921
999,0.826611,1.508811
310,0.754359,0.946442
446,0.542011,0.542498
895,0.756391,0.997037
215,0.610923,1.859944
691,0.576841,1.056565
278,0.656682,1.872473
434,0.681517,0.447759
610,0.554401,1.248266
368,0.602666,0.614718
238,0.570505,1.480775
32,0.576243,0.815880
734,0.664181,0.870834
292,0.811210,1.544990
781,0.756201,1.024629
812,0.842990,1.055347
456,0.807863,1.410775
984,0.620906,1.381777
673,0.635853,0.941012
773,0.719523,1.295253
890,0.703837,1.052205
258,0.725865,1.257507
527,0.697878,1.460787
570,0.800067,2.192948
339,0.678137,1.181349
303,0.573674,2.220698
351,0.709101,1.248061
941,0.743359,0.920909
591,0.767611,3.205345
665,0.751992,0.567853
886,0.772637,0.964292
882,0.619140,0.780363
916,0.734479,1.579181
189,0.688511,0.470522
701,0.776946,0.901122
612,0.768199,1.480982
783,0.656929,3.119225
836,0.690902,0.990335
532,0.678721,0.415187
132,0.752052,2.079801
874,0.736095,1.729675
597,0.625277,0.474833
231,0.713790,2.313610
932,0.727504,0.462640
97,0.630626,1.242083
551,0.810455,1.726892
700,0.904873,0.982199
746,0.701087,0.600587
426,0.660949,1.283673
623,0.680190,1.125453
59,0.613670,1.067360
903,0.678927,1.279127
531,0.669199,0.887475
900,0.752744,0.655904
906,0.658857,1.049685
371,0.574457,2.468548
569,0.678179,0.992050
801,0.763362,1.831562
933,0.605304,2.745360
951,0.633400,0.481691
374,0.787607,0.798565
796,0.789038,2.167610
689,0.737526,1.495074
158,0.581736,2.786333
141,0.790967,0.915466
815,0.777411,0.788170
40,0.765717,1.600307
453,0.608729,1.474735
48,0.780608,1.864914
939,0.855288,0.776955
523,0.715797,1.834136
794,0.905718,1.844825
736,0.670315,2.011080
672,0.645943,1.112307
399,0.816340,1.273825
184,0.772495,2.721579
716,0.834082,1.739310
46,0.794150,0.868724
119,0.883046,1.484476
857,0.774658,0.903551
492,0.821794,1.579006
534,0.860212,2.348706
157,0.575151,0.579657
808,0.629110,0.888369
126,0.929587,2.008116
518,0.686452,2.101964
793,0.811169,1.983470
789,0.854729,1.143287
659,0.694319,2.331200
308,0.753434,1.366978
183,0.594206,2.188374
606,0.758488,0.779311
517,0.776293,1.738883
459,0.791807,1.717502
666,0.794844,0.602100
560,0.807165,1.506380
678,0.717191,0.628493
286,0.745703,0.665735
990,0.721450,1.475357
827,0.851299,2.060286
210,0.740571,1.019823
891,0.848257,0.745832
974,0.802479,0.917474
488,0.769046,1.061905
690,0.614288,1.519187
254,0.707696,1.183461
142,1.005565,1.495143
277,0.780732,1.320263
10,0.687966,0.506795
859,0.672175,0.745453
676,0.751028,1.083099
510,0.786724,0.909985
905,0.845105,1.563527
873,0.757073,1.508077
53,0.795224,2.530244
349,0.758216,1.377361
363,0.653647,0.519580
506,0.675281,0.456819
922,0.930985,1.606832
778,0.836428,1.343439
87,0.568731,0.631751
83,0.784508,0.816391
255,0.778299,0.507494
60,0.792403,1.273609
357,0.730054,2.327803
993,0.654641,3.026662
128,0.858426,1.936640
797,0.726899,0.492896
629,0.780564,0.960675
77,0.757532,0.791912
76,0.827329,1.065285
447,0.920637,1.950029
915,0.735187,0.259755
893,0.951807,1.353900
481,0.834980,3.173114
18,0.840554,0.476223
966,0.728999,0.872936
720,0.816043,1.207746
270,0.912974,2.449049
243,0.927006,1.088037
765,0.733242,1.162617
127,0.708873,0.791470
136,0.818989,2.079686
163,0.851472,1.152282
181,0.855636,2.659356
362,0.871036,1.805915
561,0.799962,0.968361
828,0.868109,1.022938
392,0.818009,1.539789
Average Cost: 7.376000
Accuracy: 96.500000
Accuracy 0: 100.000000
Cost 0: 5.000000
Accuracy 1: 100.000000
Cost 1: 5.000000
Accuracy 2: 100.000000
Cost 2: 5.000000
Accuracy 3: 100.000000
Cost 3: 5.000000
Accuracy 4: 100.000000
Cost 4: 5.000000
Accuracy 5: 100.000000
Cost 5: 5.000000
Accuracy 6: 100.000000
Cost 6: 5.000000
Accuracy 7: 100.000000
Cost 7: 5.000000
Accuracy 8: 100.000000
Cost 8: 5.000000
Accuracy 9: 100.000000
Cost 9: 5.000000
