Number of Worker Pools: 1
Number of Workers in Pool 1: 1000
Original mean,standardDev for Pool 1: 4.000000,0.300000
Number of Workers in Pool 2: 1000
Original mean,standardDev for Pool 2: 3.500000,0.200000
Number of Problems: 1000
ProblemNo,Answer,TrueAnswer,Cost,Difficulty,TrueDifficulty
0,1,1,3.000000,0.000000,0.500000
1,1,0,6.000000,0.900000,0.500000
2,1,1,3.000000,0.000000,0.500000
3,0,1,4.000000,0.500000,0.500000
4,1,1,3.000000,0.000000,0.500000
5,1,1,3.000000,0.000000,0.500000
6,0,1,5.000000,0.800000,0.500000
7,1,1,5.000000,0.800000,0.500000
8,0,1,4.000000,0.500000,0.500000
9,1,1,3.000000,0.000000,0.500000
10,1,1,6.000000,0.900000,0.500000
11,1,1,3.000000,0.000000,0.500000
12,1,1,6.000000,0.800000,0.500000
13,1,1,3.000000,0.000000,0.500000
14,1,1,4.000000,0.500000,0.500000
15,1,1,5.000000,0.800000,0.500000
16,1,1,4.000000,0.500000,0.500000
17,1,1,4.000000,0.500000,0.500000
18,0,0,4.000000,0.500000,0.500000
19,1,1,4.000000,0.500000,0.500000
20,1,1,4.000000,0.500000,0.500000
21,1,1,4.000000,0.500000,0.500000
22,1,1,4.000000,0.500000,0.500000
23,1,1,3.000000,0.000000,0.500000
24,0,1,4.000000,0.500000,0.500000
25,1,1,4.000000,0.500000,0.500000
26,1,1,3.000000,0.000000,0.500000
27,1,1,3.000000,0.000000,0.500000
28,1,1,3.000000,0.000000,0.500000
29,1,1,3.000000,0.000000,0.500000
30,1,1,3.000000,0.000000,0.500000
31,1,1,4.000000,0.500000,0.500000
32,1,1,3.000000,0.000000,0.500000
33,1,1,3.000000,0.000000,0.500000
34,1,1,3.000000,0.000000,0.500000
35,1,1,3.000000,0.000000,0.500000
36,1,1,3.000000,0.000000,0.500000
37,1,1,3.000000,0.000000,0.500000
38,1,1,3.000000,0.000000,0.500000
39,1,1,3.000000,0.000000,0.500000
40,1,1,4.000000,0.500000,0.500000
41,1,1,4.000000,0.500000,0.500000
42,1,1,5.000000,0.800000,0.500000
43,1,1,3.000000,0.000000,0.500000
44,1,1,3.000000,0.000000,0.500000
45,0,0,3.000000,0.000000,0.500000
46,1,1,5.000000,0.800000,0.500000
47,1,1,3.000000,0.000000,0.500000
48,1,1,4.000000,0.500000,0.500000
49,1,1,4.000000,0.500000,0.500000
50,1,1,3.000000,0.000000,0.500000
51,1,1,3.000000,0.000000,0.500000
52,1,1,3.000000,0.000000,0.500000
53,1,1,8.000000,0.900000,0.500000
54,0,0,5.000000,0.800000,0.500000
55,1,1,9.000000,0.900000,0.500000
56,0,1,4.000000,0.500000,0.500000
57,1,1,3.000000,0.000000,0.500000
58,0,1,4.000000,0.500000,0.500000
59,1,1,7.000000,0.700000,0.500000
60,1,1,4.000000,0.500000,0.500000
61,1,1,5.000000,0.800000,0.500000
62,0,1,9.000000,0.900000,0.500000
63,1,1,6.000000,0.800000,0.500000
64,0,1,4.000000,0.500000,0.500000
65,0,1,5.000000,0.800000,0.500000
66,1,1,4.000000,0.500000,0.500000
67,0,1,4.000000,0.600000,0.500000
68,1,1,4.000000,0.500000,0.500000
69,1,1,5.000000,0.800000,0.500000
70,1,1,4.000000,0.500000,0.500000
71,1,1,4.000000,0.500000,0.500000
72,1,1,4.000000,0.500000,0.500000
73,1,1,3.000000,0.000000,0.500000
74,0,1,6.000000,0.900000,0.500000
75,1,1,3.000000,0.000000,0.500000
76,1,1,7.000000,0.900000,0.500000
77,1,1,6.000000,0.800000,0.500000
78,1,1,3.000000,0.000000,0.500000
79,1,1,5.000000,0.800000,0.500000
80,1,1,3.000000,0.000000,0.500000
81,1,1,4.000000,0.500000,0.500000
82,1,1,6.000000,0.800000,0.500000
83,1,1,4.000000,0.500000,0.500000
84,1,1,5.000000,0.800000,0.500000
85,1,1,4.000000,0.500000,0.500000
86,1,1,4.000000,0.500000,0.500000
87,1,1,6.000000,0.900000,0.500000
88,1,1,3.000000,0.000000,0.500000
89,1,1,3.000000,0.000000,0.500000
90,1,1,5.000000,0.800000,0.500000
91,1,1,4.000000,0.500000,0.500000
92,1,1,3.000000,0.000000,0.500000
93,1,1,3.000000,0.000000,0.500000
94,1,1,4.000000,0.500000,0.500000
95,1,1,4.000000,0.500000,0.500000
96,1,1,5.000000,0.800000,0.500000
97,1,1,3.000000,0.000000,0.500000
98,1,1,3.000000,0.000000,0.500000
99,1,1,4.000000,0.500000,0.500000
100,1,1,3.000000,0.000000,0.500000
101,1,1,4.000000,0.500000,0.500000
102,1,1,4.000000,0.500000,0.500000
103,1,1,4.000000,0.500000,0.500000
104,1,1,4.000000,0.500000,0.500000
105,1,1,4.000000,0.500000,0.500000
106,1,1,3.000000,0.000000,0.500000
107,1,1,5.000000,0.800000,0.500000
108,1,1,4.000000,0.500000,0.500000
109,1,1,4.000000,0.500000,0.500000
110,1,1,3.000000,0.000000,0.500000
111,1,1,3.000000,0.000000,0.500000
112,1,1,4.000000,0.500000,0.500000
113,1,1,3.000000,0.000000,0.500000
114,1,1,4.000000,0.500000,0.500000
115,1,1,4.000000,0.500000,0.500000
116,0,1,5.000000,0.800000,0.500000
117,1,1,6.000000,0.900000,0.500000
118,1,1,3.000000,0.000000,0.500000
119,1,1,4.000000,0.500000,0.500000
120,1,1,4.000000,0.500000,0.500000
121,0,1,4.000000,0.500000,0.500000
122,0,1,7.000000,0.900000,0.500000
123,1,1,4.000000,0.500000,0.500000
124,0,1,5.000000,0.800000,0.500000
125,1,1,3.000000,0.000000,0.500000
126,1,1,5.000000,0.800000,0.500000
127,0,1,4.000000,0.500000,0.500000
128,1,1,5.000000,0.800000,0.500000
129,1,1,3.000000,0.000000,0.500000
130,1,1,3.000000,0.000000,0.500000
131,1,1,4.000000,0.500000,0.500000
132,1,1,3.000000,0.000000,0.500000
133,1,1,3.000000,0.000000,0.500000
134,1,1,5.000000,0.800000,0.500000
135,1,1,3.000000,0.000000,0.500000
136,1,1,3.000000,0.000000,0.500000
137,1,1,3.000000,0.000000,0.500000
138,1,1,3.000000,0.000000,0.500000
139,1,1,3.000000,0.000000,0.500000
140,1,1,4.000000,0.500000,0.500000
141,1,1,4.000000,0.500000,0.500000
142,1,1,4.000000,0.500000,0.500000
143,0,1,4.000000,0.900000,0.500000
144,1,1,3.000000,0.000000,0.500000
145,0,1,4.000000,0.500000,0.500000
146,1,1,4.000000,0.500000,0.500000
147,1,1,4.000000,0.500000,0.500000
148,0,1,4.000000,0.900000,0.500000
149,1,1,4.000000,0.500000,0.500000
150,0,1,5.000000,0.800000,0.500000
151,1,1,4.000000,0.500000,0.500000
152,1,1,7.000000,0.900000,0.500000
153,0,1,3.000000,0.000000,0.500000
154,1,1,5.000000,0.800000,0.500000
155,1,1,5.000000,0.800000,0.500000
156,1,1,3.000000,0.000000,0.500000
157,0,1,4.000000,0.500000,0.500000
158,1,1,4.000000,0.500000,0.500000
159,1,1,4.000000,0.500000,0.500000
160,1,1,3.000000,0.000000,0.500000
161,1,1,3.000000,0.000000,0.500000
162,0,0,6.000000,0.800000,0.500000
163,0,1,3.000000,0.000000,0.500000
164,1,1,3.000000,0.000000,0.500000
165,1,1,6.000000,0.800000,0.500000
166,1,1,3.000000,0.000000,0.500000
167,1,1,5.000000,0.800000,0.500000
168,1,1,4.000000,0.500000,0.500000
169,0,1,4.000000,0.500000,0.500000
170,1,1,4.000000,0.500000,0.500000
171,1,1,4.000000,0.500000,0.500000
172,1,1,4.000000,0.500000,0.500000
173,1,1,4.000000,0.500000,0.500000
174,1,1,3.000000,0.000000,0.500000
175,1,1,4.000000,0.500000,0.500000
176,1,1,3.000000,0.000000,0.500000
177,1,1,3.000000,0.000000,0.500000
178,1,1,4.000000,0.500000,0.500000
179,1,1,3.000000,0.000000,0.500000
180,1,1,4.000000,0.500000,0.500000
181,1,1,4.000000,0.500000,0.500000
182,1,1,4.000000,0.500000,0.500000
183,1,1,4.000000,0.500000,0.500000
184,1,1,7.000000,0.900000,0.500000
185,1,1,4.000000,0.500000,0.500000
186,1,1,4.000000,0.500000,0.500000
187,0,1,5.000000,0.800000,0.500000
188,1,1,4.000000,0.500000,0.500000
189,0,1,4.000000,0.500000,0.500000
190,1,1,3.000000,0.000000,0.500000
191,1,1,4.000000,0.500000,0.500000
192,1,1,4.000000,0.500000,0.500000
193,0,1,4.000000,0.500000,0.500000
194,1,1,4.000000,0.500000,0.500000
195,1,1,3.000000,0.000000,0.500000
196,1,1,3.000000,0.000000,0.500000
197,1,1,4.000000,0.500000,0.500000
198,1,1,4.000000,0.500000,0.500000
199,1,1,4.000000,0.500000,0.500000
200,1,1,4.000000,0.500000,0.500000
201,1,1,3.000000,0.000000,0.500000
202,1,1,4.000000,0.500000,0.500000
203,1,1,3.000000,0.000000,0.500000
204,1,1,3.000000,0.000000,0.500000
205,1,1,4.000000,0.500000,0.500000
206,1,1,3.000000,0.000000,0.500000
207,1,1,3.000000,0.000000,0.500000
208,1,1,6.000000,0.900000,0.500000
209,1,1,4.000000,0.500000,0.500000
210,1,1,4.000000,0.500000,0.500000
211,1,1,6.000000,0.800000,0.500000
212,1,1,3.000000,0.000000,0.500000
213,0,1,7.000000,0.900000,0.500000
214,1,1,3.000000,0.000000,0.500000
215,0,1,3.000000,0.000000,0.500000
216,1,1,4.000000,0.500000,0.500000
217,1,1,5.000000,0.800000,0.500000
218,1,1,3.000000,0.000000,0.500000
219,1,1,4.000000,0.500000,0.500000
220,1,1,3.000000,0.000000,0.500000
221,1,1,3.000000,0.000000,0.500000
222,1,1,3.000000,0.000000,0.500000
223,1,1,4.000000,0.500000,0.500000
224,1,1,5.000000,0.800000,0.500000
225,1,1,3.000000,0.000000,0.500000
226,1,1,5.000000,0.800000,0.500000
227,1,1,3.000000,0.000000,0.500000
228,1,1,3.000000,0.000000,0.500000
229,1,1,3.000000,0.000000,0.500000
230,1,1,4.000000,0.900000,0.500000
231,1,1,3.000000,0.000000,0.500000
232,1,1,4.000000,0.500000,0.500000
233,1,1,3.000000,0.000000,0.500000
234,1,1,3.000000,0.000000,0.500000
235,1,1,3.000000,0.000000,0.500000
236,1,1,5.000000,0.800000,0.500000
237,0,1,5.000000,0.800000,0.500000
238,1,1,3.000000,0.000000,0.500000
239,1,1,3.000000,0.000000,0.500000
240,1,1,7.000000,0.900000,0.500000
241,1,1,5.000000,0.800000,0.500000
242,1,1,3.000000,0.000000,0.500000
243,1,1,3.000000,0.000000,0.500000
244,1,1,4.000000,0.500000,0.500000
245,1,1,4.000000,0.500000,0.500000
246,1,1,5.000000,0.800000,0.500000
247,1,1,5.000000,0.800000,0.500000
248,1,1,5.000000,0.800000,0.500000
249,1,1,6.000000,0.900000,0.500000
250,0,1,5.000000,0.800000,0.500000
251,1,1,3.000000,0.000000,0.500000
252,1,1,5.000000,0.800000,0.500000
253,0,1,5.000000,0.800000,0.500000
254,0,1,5.000000,0.800000,0.500000
255,0,0,4.000000,0.500000,0.500000
256,1,1,3.000000,0.000000,0.500000
257,1,1,5.000000,0.800000,0.500000
258,1,1,6.000000,0.900000,0.500000
259,1,1,4.000000,0.500000,0.500000
260,0,1,4.000000,0.900000,0.500000
261,1,1,3.000000,0.000000,0.500000
262,0,1,4.000000,0.500000,0.500000
263,1,1,3.000000,0.000000,0.500000
264,0,1,4.000000,0.900000,0.500000
265,1,1,7.000000,0.900000,0.500000
266,1,1,4.000000,0.500000,0.500000
267,1,1,3.000000,0.000000,0.500000
268,1,1,3.000000,0.000000,0.500000
269,1,1,3.000000,0.000000,0.500000
270,1,1,3.000000,0.000000,0.500000
271,1,1,3.000000,0.000000,0.500000
272,1,1,3.000000,0.000000,0.500000
273,1,1,7.000000,0.900000,0.500000
274,1,1,3.000000,0.000000,0.500000
275,1,1,3.000000,0.000000,0.500000
276,1,1,3.000000,0.000000,0.500000
277,1,1,3.000000,0.000000,0.500000
278,1,1,5.000000,0.800000,0.500000
279,1,1,5.000000,0.800000,0.500000
280,1,1,4.000000,0.500000,0.500000
281,1,1,5.000000,0.800000,0.500000
282,1,1,3.000000,0.000000,0.500000
283,1,1,3.000000,0.000000,0.500000
284,1,1,4.000000,0.500000,0.500000
285,1,1,3.000000,0.000000,0.500000
286,1,1,3.000000,0.000000,0.500000
287,1,1,3.000000,0.000000,0.500000
288,1,1,3.000000,0.000000,0.500000
289,1,1,3.000000,0.000000,0.500000
290,1,1,5.000000,0.800000,0.500000
291,1,1,4.000000,0.500000,0.500000
292,1,1,4.000000,0.500000,0.500000
293,1,1,3.000000,0.000000,0.500000
294,1,1,5.000000,0.800000,0.500000
295,1,1,4.000000,0.500000,0.500000
296,1,1,4.000000,0.500000,0.500000
297,1,1,4.000000,0.500000,0.500000
298,1,1,4.000000,0.500000,0.500000
299,1,1,3.000000,0.000000,0.500000
300,1,1,3.000000,0.000000,0.500000
301,1,1,4.000000,0.500000,0.500000
302,1,1,3.000000,0.000000,0.500000
303,1,1,3.000000,0.000000,0.500000
304,1,1,3.000000,0.000000,0.500000
305,1,1,7.000000,0.700000,0.500000
306,1,1,3.000000,0.000000,0.500000
307,1,1,3.000000,0.000000,0.500000
308,1,1,4.000000,0.500000,0.500000
309,1,1,3.000000,0.000000,0.500000
310,0,1,4.000000,0.500000,0.500000
311,1,1,4.000000,0.500000,0.500000
312,0,1,5.000000,0.800000,0.500000
313,1,1,4.000000,0.500000,0.500000
314,1,1,6.000000,0.800000,0.500000
315,1,1,8.000000,0.900000,0.500000
316,0,1,5.000000,0.800000,0.500000
317,1,1,3.000000,0.000000,0.500000
318,1,1,5.000000,0.800000,0.500000
319,1,1,4.000000,0.500000,0.500000
320,1,1,4.000000,0.500000,0.500000
321,1,1,3.000000,0.000000,0.500000
322,1,1,6.000000,0.900000,0.500000
323,1,1,3.000000,0.000000,0.500000
324,1,1,3.000000,0.000000,0.500000
325,1,1,3.000000,0.000000,0.500000
326,1,1,4.000000,0.500000,0.500000
327,1,1,5.000000,0.800000,0.500000
328,1,1,3.000000,0.000000,0.500000
329,1,1,4.000000,0.500000,0.500000
330,1,1,3.000000,0.000000,0.500000
331,1,1,4.000000,0.500000,0.500000
332,1,1,4.000000,0.500000,0.500000
333,0,1,7.000000,0.900000,0.500000
334,1,1,3.000000,0.000000,0.500000
335,1,1,3.000000,0.000000,0.500000
336,1,1,3.000000,0.000000,0.500000
337,1,1,4.000000,0.500000,0.500000
338,1,1,3.000000,0.000000,0.500000
339,1,1,4.000000,0.900000,0.500000
340,1,1,3.000000,0.000000,0.500000
341,0,1,5.000000,0.800000,0.500000
342,1,1,4.000000,0.500000,0.500000
343,1,1,5.000000,0.800000,0.500000
344,1,1,3.000000,0.000000,0.500000
345,1,1,5.000000,0.800000,0.500000
346,1,1,3.000000,0.000000,0.500000
347,0,1,5.000000,0.800000,0.500000
348,1,1,4.000000,0.500000,0.500000
349,1,1,3.000000,0.000000,0.500000
350,0,1,3.000000,0.000000,0.500000
351,1,1,4.000000,0.900000,0.500000
352,1,1,4.000000,0.500000,0.500000
353,1,1,6.000000,0.800000,0.500000
354,1,1,4.000000,0.500000,0.500000
355,1,1,4.000000,0.500000,0.500000
356,1,1,3.000000,0.000000,0.500000
357,1,1,3.000000,0.000000,0.500000
358,1,1,5.000000,0.800000,0.500000
359,1,1,4.000000,0.500000,0.500000
360,1,1,3.000000,0.000000,0.500000
361,1,1,5.000000,0.800000,0.500000
362,1,1,4.000000,0.500000,0.500000
363,1,1,4.000000,0.500000,0.500000
364,1,1,6.000000,1.000000,0.500000
365,1,1,6.000000,0.900000,0.500000
366,1,1,4.000000,0.500000,0.500000
367,0,1,4.000000,0.500000,0.500000
368,0,1,4.000000,0.500000,0.500000
369,0,1,5.000000,0.800000,0.500000
370,1,1,3.000000,0.000000,0.500000
371,1,1,3.000000,0.000000,0.500000
372,1,1,3.000000,0.000000,0.500000
373,1,1,4.000000,0.500000,0.500000
374,1,1,3.000000,0.000000,0.500000
375,1,1,3.000000,0.000000,0.500000
376,1,1,4.000000,0.500000,0.500000
377,1,1,4.000000,0.500000,0.500000
378,1,1,4.000000,0.500000,0.500000
379,0,1,3.000000,0.000000,0.500000
380,1,1,4.000000,0.500000,0.500000
381,1,1,7.000000,0.900000,0.500000
382,0,1,5.000000,0.800000,0.500000
383,1,1,4.000000,0.500000,0.500000
384,1,1,4.000000,0.500000,0.500000
385,1,1,5.000000,0.800000,0.500000
386,1,1,4.000000,0.500000,0.500000
387,1,1,7.000000,0.700000,0.500000
388,1,1,7.000000,0.900000,0.500000
389,1,1,4.000000,0.500000,0.500000
390,1,1,4.000000,0.500000,0.500000
391,1,1,6.000000,0.800000,0.500000
392,1,1,4.000000,0.500000,0.500000
393,1,1,4.000000,0.500000,0.500000
394,1,1,6.000000,0.800000,0.500000
395,1,1,3.000000,0.000000,0.500000
396,1,1,4.000000,0.500000,0.500000
397,0,1,3.000000,0.000000,0.500000
398,1,1,4.000000,0.500000,0.500000
399,1,1,5.000000,0.800000,0.500000
400,1,1,5.000000,0.800000,0.500000
401,1,1,4.000000,0.500000,0.500000
402,1,1,3.000000,0.000000,0.500000
403,1,1,4.000000,0.500000,0.500000
404,1,1,3.000000,0.000000,0.500000
405,1,1,3.000000,0.000000,0.500000
406,1,1,8.000000,1.000000,0.500000
407,0,1,9.000000,1.000000,0.500000
408,1,1,3.000000,0.000000,0.500000
409,1,1,3.000000,0.000000,0.500000
410,1,1,5.000000,0.800000,0.500000
411,1,1,3.000000,0.000000,0.500000
412,1,1,3.000000,0.000000,0.500000
413,1,1,3.000000,0.000000,0.500000
414,1,1,6.000000,0.800000,0.500000
415,1,1,3.000000,0.000000,0.500000
416,1,1,3.000000,0.000000,0.500000
417,1,1,4.000000,0.500000,0.500000
418,1,1,3.000000,0.000000,0.500000
419,1,1,5.000000,0.800000,0.500000
420,0,1,6.000000,0.900000,0.500000
421,1,1,5.000000,0.800000,0.500000
422,1,1,4.000000,0.500000,0.500000
423,1,1,3.000000,0.000000,0.500000
424,1,1,3.000000,0.000000,0.500000
425,1,1,3.000000,0.000000,0.500000
426,0,1,4.000000,0.500000,0.500000
427,1,1,3.000000,0.000000,0.500000
428,0,1,6.000000,0.800000,0.500000
429,1,1,3.000000,0.000000,0.500000
430,0,1,4.000000,0.500000,0.500000
431,1,1,4.000000,0.500000,0.500000
432,1,1,3.000000,0.000000,0.500000
433,1,1,3.000000,0.000000,0.500000
434,1,1,3.000000,0.000000,0.500000
435,1,1,4.000000,0.500000,0.500000
436,1,1,6.000000,0.900000,0.500000
437,1,1,3.000000,0.000000,0.500000
438,1,1,4.000000,0.500000,0.500000
439,1,1,4.000000,0.500000,0.500000
440,1,1,4.000000,0.500000,0.500000
441,1,1,3.000000,0.000000,0.500000
442,1,1,3.000000,0.000000,0.500000
443,1,1,3.000000,0.000000,0.500000
444,0,1,4.000000,0.500000,0.500000
445,1,1,4.000000,0.500000,0.500000
446,1,1,3.000000,0.000000,0.500000
447,1,1,3.000000,0.000000,0.500000
448,1,1,4.000000,0.500000,0.500000
449,0,1,5.000000,0.800000,0.500000
450,1,1,4.000000,0.900000,0.500000
451,1,1,3.000000,0.000000,0.500000
452,1,1,3.000000,0.000000,0.500000
453,0,1,4.000000,0.500000,0.500000
454,1,1,3.000000,0.000000,0.500000
455,1,1,3.000000,0.000000,0.500000
456,1,1,4.000000,0.500000,0.500000
457,0,1,4.000000,0.500000,0.500000
458,1,1,3.000000,0.000000,0.500000
459,0,1,3.000000,0.000000,0.500000
460,1,1,3.000000,0.000000,0.500000
461,1,1,4.000000,0.500000,0.500000
462,0,1,8.000000,0.900000,0.500000
463,1,1,4.000000,0.500000,0.500000
464,1,1,3.000000,0.000000,0.500000
465,1,1,3.000000,0.000000,0.500000
466,0,1,4.000000,0.500000,0.500000
467,1,1,3.000000,0.000000,0.500000
468,1,1,4.000000,0.500000,0.500000
469,1,1,4.000000,0.500000,0.500000
470,1,1,4.000000,0.500000,0.500000
471,1,1,3.000000,0.000000,0.500000
472,1,1,4.000000,0.500000,0.500000
473,1,1,3.000000,0.000000,0.500000
474,1,1,8.000000,0.900000,0.500000
475,1,1,3.000000,0.000000,0.500000
476,1,1,3.000000,0.000000,0.500000
477,1,1,4.000000,0.500000,0.500000
478,1,1,3.000000,0.000000,0.500000
479,1,1,4.000000,0.500000,0.500000
480,1,1,4.000000,0.500000,0.500000
481,1,1,4.000000,0.900000,0.500000
482,1,1,4.000000,0.500000,0.500000
483,1,1,4.000000,0.500000,0.500000
484,1,1,5.000000,0.800000,0.500000
485,1,1,3.000000,0.000000,0.500000
486,1,1,3.000000,0.000000,0.500000
487,1,1,3.000000,0.000000,0.500000
488,1,1,4.000000,0.500000,0.500000
489,1,1,5.000000,0.800000,0.500000
490,1,1,8.000000,0.900000,0.500000
491,1,1,3.000000,0.000000,0.500000
492,1,1,3.000000,0.000000,0.500000
493,1,1,3.000000,0.000000,0.500000
494,1,1,3.000000,0.000000,0.500000
495,1,1,4.000000,0.500000,0.500000
496,1,1,4.000000,0.500000,0.500000
497,1,1,3.000000,0.000000,0.500000
498,1,1,3.000000,0.000000,0.500000
499,1,1,3.000000,0.000000,0.500000
500,1,1,5.000000,0.800000,0.500000
501,1,1,6.000000,0.900000,0.500000
502,1,1,3.000000,0.000000,0.500000
503,0,0,7.000000,0.900000,0.500000
504,1,1,3.000000,0.000000,0.500000
505,1,1,4.000000,0.500000,0.500000
506,1,1,8.000000,0.900000,0.500000
507,0,1,4.000000,0.500000,0.500000
508,1,1,4.000000,0.500000,0.500000
509,1,1,6.000000,0.800000,0.500000
510,1,1,3.000000,0.000000,0.500000
511,1,1,3.000000,0.000000,0.500000
512,1,1,3.000000,0.000000,0.500000
513,0,1,4.000000,0.500000,0.500000
514,0,1,4.000000,0.600000,0.500000
515,1,1,3.000000,0.000000,0.500000
516,1,1,4.000000,0.500000,0.500000
517,1,1,3.000000,0.000000,0.500000
518,0,1,4.000000,0.500000,0.500000
519,1,1,3.000000,0.000000,0.500000
520,1,1,3.000000,0.000000,0.500000
521,1,1,5.000000,0.800000,0.500000
522,0,1,4.000000,0.500000,0.500000
523,1,1,3.000000,0.000000,0.500000
524,1,1,3.000000,0.000000,0.500000
525,0,1,7.000000,0.900000,0.500000
526,1,1,4.000000,0.500000,0.500000
527,1,1,4.000000,0.500000,0.500000
528,1,1,3.000000,0.000000,0.500000
529,1,1,3.000000,0.000000,0.500000
530,1,1,8.000000,0.900000,0.500000
531,0,1,6.000000,0.900000,0.500000
532,1,1,4.000000,0.500000,0.500000
533,1,1,3.000000,0.000000,0.500000
534,0,1,3.000000,0.000000,0.500000
535,1,1,3.000000,0.000000,0.500000
536,0,1,5.000000,0.800000,0.500000
537,1,1,4.000000,0.500000,0.500000
538,1,1,3.000000,0.000000,0.500000
539,1,1,3.000000,0.000000,0.500000
540,1,1,3.000000,0.000000,0.500000
541,1,1,4.000000,0.500000,0.500000
542,1,1,4.000000,0.500000,0.500000
543,1,1,5.000000,0.800000,0.500000
544,0,1,4.000000,0.500000,0.500000
545,1,1,3.000000,0.000000,0.500000
546,1,1,5.000000,0.800000,0.500000
547,1,1,6.000000,0.800000,0.500000
548,1,1,3.000000,0.000000,0.500000
549,1,1,3.000000,0.000000,0.500000
550,1,1,6.000000,0.800000,0.500000
551,1,1,5.000000,0.800000,0.500000
552,1,1,3.000000,0.000000,0.500000
553,1,1,3.000000,0.000000,0.500000
554,1,1,3.000000,0.000000,0.500000
555,1,1,3.000000,0.000000,0.500000
556,1,1,3.000000,0.000000,0.500000
557,1,1,3.000000,0.000000,0.500000
558,1,1,4.000000,0.500000,0.500000
559,1,1,3.000000,0.000000,0.500000
560,1,1,4.000000,0.500000,0.500000
561,1,1,4.000000,0.500000,0.500000
562,0,1,5.000000,0.800000,0.500000
563,1,1,6.000000,0.800000,0.500000
564,1,1,4.000000,0.500000,0.500000
565,1,1,3.000000,0.000000,0.500000
566,1,1,3.000000,0.000000,0.500000
567,1,1,3.000000,0.000000,0.500000
568,1,1,6.000000,0.900000,0.500000
569,1,1,3.000000,0.000000,0.500000
570,1,1,3.000000,0.000000,0.500000
571,1,1,3.000000,0.000000,0.500000
572,0,1,4.000000,0.500000,0.500000
573,1,1,5.000000,0.800000,0.500000
574,0,1,4.000000,0.500000,0.500000
575,0,1,4.000000,0.500000,0.500000
576,1,1,4.000000,0.500000,0.500000
577,1,1,3.000000,0.000000,0.500000
578,1,1,4.000000,0.500000,0.500000
579,1,1,3.000000,0.000000,0.500000
580,1,1,3.000000,0.000000,0.500000
581,0,1,4.000000,0.500000,0.500000
582,1,1,3.000000,0.000000,0.500000
583,1,1,5.000000,0.800000,0.500000
584,1,1,4.000000,0.500000,0.500000
585,1,1,4.000000,0.500000,0.500000
586,1,1,4.000000,0.500000,0.500000
587,1,1,3.000000,0.000000,0.500000
588,1,1,4.000000,0.500000,0.500000
589,1,1,4.000000,0.500000,0.500000
590,1,1,3.000000,0.000000,0.500000
591,1,1,4.000000,0.500000,0.500000
592,1,1,4.000000,0.500000,0.500000
593,1,1,6.000000,0.900000,0.500000
594,1,1,3.000000,0.000000,0.500000
595,1,1,3.000000,0.000000,0.500000
596,1,1,3.000000,0.000000,0.500000
597,1,1,4.000000,0.500000,0.500000
598,1,1,3.000000,0.000000,0.500000
599,1,1,3.000000,0.000000,0.500000
600,0,1,4.000000,0.500000,0.500000
601,1,1,4.000000,0.500000,0.500000
602,1,1,5.000000,0.800000,0.500000
603,1,1,4.000000,0.500000,0.500000
604,1,1,5.000000,0.800000,0.500000
605,1,1,4.000000,0.500000,0.500000
606,1,1,4.000000,0.500000,0.500000
607,1,1,4.000000,0.500000,0.500000
608,1,1,3.000000,0.000000,0.500000
609,1,1,3.000000,0.000000,0.500000
610,1,1,4.000000,0.500000,0.500000
611,1,1,3.000000,0.000000,0.500000
612,1,1,3.000000,0.000000,0.500000
613,1,1,4.000000,0.500000,0.500000
614,1,1,4.000000,0.500000,0.500000
615,1,1,5.000000,0.800000,0.500000
616,1,1,4.000000,0.500000,0.500000
617,1,1,3.000000,0.000000,0.500000
618,1,1,4.000000,0.500000,0.500000
619,0,1,4.000000,0.500000,0.500000
620,1,1,3.000000,0.000000,0.500000
621,1,1,3.000000,0.000000,0.500000
622,1,1,7.000000,0.900000,0.500000
623,1,1,3.000000,0.000000,0.500000
624,0,1,5.000000,0.800000,0.500000
625,0,1,3.000000,0.000000,0.500000
626,1,1,3.000000,0.000000,0.500000
627,0,1,7.000000,0.900000,0.500000
628,1,1,3.000000,0.000000,0.500000
629,1,1,4.000000,0.500000,0.500000
630,1,1,4.000000,0.500000,0.500000
631,1,1,4.000000,0.500000,0.500000
632,1,1,3.000000,0.000000,0.500000
633,1,1,3.000000,0.000000,0.500000
634,1,1,4.000000,0.500000,0.500000
635,1,1,3.000000,0.000000,0.500000
636,1,1,4.000000,0.500000,0.500000
637,1,1,4.000000,0.500000,0.500000
638,1,1,7.000000,0.700000,0.500000
639,1,1,6.000000,0.800000,0.500000
640,1,1,4.000000,0.500000,0.500000
641,0,1,3.000000,0.000000,0.500000
642,1,1,3.000000,0.000000,0.500000
643,1,1,3.000000,0.000000,0.500000
644,1,1,7.000000,0.900000,0.500000
645,1,1,4.000000,0.500000,0.500000
646,1,1,4.000000,0.500000,0.500000
647,1,1,3.000000,0.000000,0.500000
648,1,1,3.000000,0.000000,0.500000
649,1,1,3.000000,0.000000,0.500000
650,0,1,4.000000,0.900000,0.500000
651,1,1,4.000000,0.500000,0.500000
652,1,1,3.000000,0.000000,0.500000
653,1,1,3.000000,0.000000,0.500000
654,1,1,7.000000,0.900000,0.500000
655,1,1,10.000000,1.000000,0.500000
656,1,1,4.000000,0.500000,0.500000
657,1,1,3.000000,0.000000,0.500000
658,1,1,4.000000,0.500000,0.500000
659,1,1,3.000000,0.000000,0.500000
660,1,1,3.000000,0.000000,0.500000
661,1,1,4.000000,0.500000,0.500000
662,1,1,4.000000,0.500000,0.500000
663,1,1,6.000000,0.900000,0.500000
664,1,1,3.000000,0.000000,0.500000
665,1,1,3.000000,0.000000,0.500000
666,0,1,4.000000,0.500000,0.500000
667,1,1,4.000000,0.500000,0.500000
668,0,1,4.000000,0.500000,0.500000
669,1,1,3.000000,0.000000,0.500000
670,1,1,3.000000,0.000000,0.500000
671,1,1,4.000000,0.500000,0.500000
672,1,1,4.000000,0.500000,0.500000
673,1,1,4.000000,0.500000,0.500000
674,1,1,4.000000,0.500000,0.500000
675,1,1,3.000000,0.000000,0.500000
676,1,1,4.000000,0.500000,0.500000
677,1,1,4.000000,0.500000,0.500000
678,1,1,4.000000,0.500000,0.500000
679,0,1,5.000000,0.800000,0.500000
680,1,1,3.000000,0.000000,0.500000
681,1,1,6.000000,0.800000,0.500000
682,1,1,3.000000,0.000000,0.500000
683,1,1,5.000000,0.800000,0.500000
684,1,1,8.000000,0.900000,0.500000
685,1,1,3.000000,0.000000,0.500000
686,1,1,3.000000,0.000000,0.500000
687,1,1,3.000000,0.000000,0.500000
688,0,1,5.000000,0.800000,0.500000
689,1,1,4.000000,0.500000,0.500000
690,1,1,4.000000,0.500000,0.500000
691,1,1,3.000000,0.000000,0.500000
692,1,1,3.000000,0.000000,0.500000
693,1,1,3.000000,0.000000,0.500000
694,1,1,4.000000,0.500000,0.500000
695,1,1,4.000000,0.500000,0.500000
696,1,1,3.000000,0.000000,0.500000
697,1,1,4.000000,0.500000,0.500000
698,1,1,4.000000,0.500000,0.500000
699,1,1,3.000000,0.000000,0.500000
700,1,1,3.000000,0.000000,0.500000
701,1,1,3.000000,0.000000,0.500000
702,1,1,5.000000,0.800000,0.500000
703,1,1,5.000000,0.800000,0.500000
704,0,1,7.000000,0.900000,0.500000
705,1,1,3.000000,0.000000,0.500000
706,1,1,3.000000,0.000000,0.500000
707,1,1,3.000000,0.000000,0.500000
708,1,1,4.000000,0.500000,0.500000
709,1,1,3.000000,0.000000,0.500000
710,1,1,4.000000,0.500000,0.500000
711,0,1,4.000000,0.500000,0.500000
712,1,1,4.000000,0.500000,0.500000
713,0,1,7.000000,0.900000,0.500000
714,1,1,4.000000,0.500000,0.500000
715,1,1,3.000000,0.000000,0.500000
716,1,1,6.000000,0.800000,0.500000
717,1,1,4.000000,0.500000,0.500000
718,1,1,4.000000,0.500000,0.500000
719,1,1,3.000000,0.000000,0.500000
720,1,1,3.000000,0.000000,0.500000
721,0,1,3.000000,0.000000,0.500000
722,1,1,3.000000,0.000000,0.500000
723,1,1,4.000000,0.500000,0.500000
724,1,1,4.000000,0.500000,0.500000
725,1,1,4.000000,0.500000,0.500000
726,0,1,6.000000,1.000000,0.500000
727,1,1,3.000000,0.000000,0.500000
728,1,1,4.000000,0.500000,0.500000
729,1,1,3.000000,0.000000,0.500000
730,1,1,3.000000,0.000000,0.500000
731,0,1,4.000000,0.500000,0.500000
732,1,1,3.000000,0.000000,0.500000
733,1,1,3.000000,0.000000,0.500000
734,1,1,3.000000,0.000000,0.500000
735,1,1,7.000000,0.700000,0.500000
736,1,1,4.000000,0.500000,0.500000
737,1,1,5.000000,0.800000,0.500000
738,1,1,3.000000,0.000000,0.500000
739,1,1,3.000000,0.000000,0.500000
740,1,1,3.000000,0.000000,0.500000
741,1,1,5.000000,0.800000,0.500000
742,1,1,4.000000,0.500000,0.500000
743,1,1,4.000000,0.500000,0.500000
744,1,1,4.000000,0.500000,0.500000
745,1,1,4.000000,0.500000,0.500000
746,1,1,5.000000,0.800000,0.500000
747,1,1,6.000000,0.900000,0.500000
748,1,1,6.000000,0.900000,0.500000
749,1,1,3.000000,0.000000,0.500000
750,1,1,6.000000,0.800000,0.500000
751,1,1,4.000000,0.500000,0.500000
752,1,1,3.000000,0.000000,0.500000
753,1,1,3.000000,0.000000,0.500000
754,1,1,3.000000,0.000000,0.500000
755,1,1,3.000000,0.000000,0.500000
756,1,1,4.000000,0.500000,0.500000
757,1,1,4.000000,0.500000,0.500000
758,1,1,4.000000,0.500000,0.500000
759,1,1,3.000000,0.000000,0.500000
760,0,1,6.000000,0.800000,0.500000
761,1,1,4.000000,0.500000,0.500000
762,0,1,4.000000,0.500000,0.500000
763,1,1,4.000000,0.500000,0.500000
764,1,1,3.000000,0.000000,0.500000
765,1,1,6.000000,1.000000,0.500000
766,0,1,6.000000,0.800000,0.500000
767,1,1,4.000000,0.500000,0.500000
768,1,1,4.000000,0.500000,0.500000
769,1,1,4.000000,0.500000,0.500000
770,0,1,5.000000,0.800000,0.500000
771,1,1,3.000000,0.000000,0.500000
772,1,1,4.000000,0.500000,0.500000
773,0,1,4.000000,0.500000,0.500000
774,1,1,3.000000,0.000000,0.500000
775,1,1,4.000000,0.500000,0.500000
776,1,1,8.000000,0.900000,0.500000
777,1,1,4.000000,0.500000,0.500000
778,1,1,4.000000,0.500000,0.500000
779,1,1,5.000000,0.800000,0.500000
780,0,0,4.000000,0.500000,0.500000
781,0,1,6.000000,0.900000,0.500000
782,1,1,5.000000,0.800000,0.500000
783,1,1,4.000000,0.500000,0.500000
784,1,1,4.000000,0.500000,0.500000
785,1,1,4.000000,0.500000,0.500000
786,1,1,3.000000,0.000000,0.500000
787,0,1,3.000000,0.000000,0.500000
788,1,1,4.000000,0.500000,0.500000
789,1,1,3.000000,0.000000,0.500000
790,0,1,4.000000,0.500000,0.500000
791,1,1,4.000000,0.500000,0.500000
792,1,1,4.000000,0.500000,0.500000
793,1,1,4.000000,0.500000,0.500000
794,1,1,5.000000,0.800000,0.500000
795,1,1,3.000000,0.000000,0.500000
796,1,1,4.000000,0.500000,0.500000
797,1,1,5.000000,0.800000,0.500000
798,1,1,3.000000,0.000000,0.500000
799,1,1,4.000000,0.500000,0.500000
800,1,1,3.000000,0.000000,0.500000
801,1,1,3.000000,0.000000,0.500000
802,1,1,3.000000,0.000000,0.500000
803,1,1,4.000000,0.500000,0.500000
804,1,1,3.000000,0.000000,0.500000
805,0,1,4.000000,0.900000,0.500000
806,0,1,5.000000,0.800000,0.500000
807,1,1,6.000000,1.000000,0.500000
808,1,1,5.000000,0.800000,0.500000
809,1,1,4.000000,0.500000,0.500000
810,1,1,4.000000,0.500000,0.500000
811,1,1,3.000000,0.000000,0.500000
812,1,1,3.000000,0.000000,0.500000
813,0,1,3.000000,0.000000,0.500000
814,0,1,5.000000,0.800000,0.500000
815,1,1,3.000000,0.000000,0.500000
816,1,1,6.000000,0.800000,0.500000
817,1,1,4.000000,0.500000,0.500000
818,1,1,7.000000,0.900000,0.500000
819,1,1,7.000000,0.700000,0.500000
820,1,1,3.000000,0.000000,0.500000
821,1,1,4.000000,0.500000,0.500000
822,0,1,4.000000,0.500000,0.500000
823,1,1,3.000000,0.000000,0.500000
824,1,1,4.000000,0.500000,0.500000
825,1,1,7.000000,0.900000,0.500000
826,1,1,3.000000,0.000000,0.500000
827,1,1,4.000000,0.500000,0.500000
828,1,1,4.000000,0.500000,0.500000
829,1,1,3.000000,0.000000,0.500000
830,0,1,3.000000,0.000000,0.500000
831,0,1,4.000000,0.500000,0.500000
832,1,1,4.000000,0.500000,0.500000
833,1,1,3.000000,0.000000,0.500000
834,1,1,4.000000,0.500000,0.500000
835,1,1,3.000000,0.000000,0.500000
836,1,1,4.000000,0.500000,0.500000
837,1,1,3.000000,0.000000,0.500000
838,0,1,8.000000,0.900000,0.500000
839,1,1,4.000000,0.500000,0.500000
840,1,1,4.000000,0.500000,0.500000
841,0,1,3.000000,0.000000,0.500000
842,1,1,6.000000,0.800000,0.500000
843,1,1,3.000000,0.000000,0.500000
844,1,1,4.000000,0.500000,0.500000
845,0,1,4.000000,0.500000,0.500000
846,1,1,3.000000,0.000000,0.500000
847,1,1,4.000000,0.500000,0.500000
848,1,1,3.000000,0.000000,0.500000
849,1,1,4.000000,0.500000,0.500000
850,1,1,3.000000,0.000000,0.500000
851,0,1,5.000000,0.800000,0.500000
852,1,1,3.000000,0.000000,0.500000
853,1,1,3.000000,0.000000,0.500000
854,1,1,4.000000,0.500000,0.500000
855,1,1,4.000000,0.500000,0.500000
856,1,1,4.000000,0.500000,0.500000
857,1,1,4.000000,0.500000,0.500000
858,1,1,4.000000,0.500000,0.500000
859,1,1,3.000000,0.000000,0.500000
860,1,1,4.000000,0.500000,0.500000
861,0,1,7.000000,0.900000,0.500000
862,1,1,3.000000,0.000000,0.500000
863,1,1,4.000000,0.500000,0.500000
864,1,1,3.000000,0.000000,0.500000
865,1,1,3.000000,0.000000,0.500000
866,1,1,3.000000,0.000000,0.500000
867,1,1,4.000000,0.500000,0.500000
868,1,1,3.000000,0.000000,0.500000
869,0,1,5.000000,0.800000,0.500000
870,1,1,3.000000,0.000000,0.500000
871,1,1,3.000000,0.000000,0.500000
872,1,1,4.000000,0.500000,0.500000
873,1,1,3.000000,0.000000,0.500000
874,1,1,3.000000,0.000000,0.500000
875,1,1,4.000000,0.500000,0.500000
876,1,1,3.000000,0.000000,0.500000
877,1,1,3.000000,0.000000,0.500000
878,1,1,3.000000,0.000000,0.500000
879,1,1,3.000000,0.000000,0.500000
880,1,1,3.000000,0.000000,0.500000
881,1,1,3.000000,0.000000,0.500000
882,1,1,3.000000,0.000000,0.500000
883,1,1,4.000000,0.500000,0.500000
884,1,1,4.000000,0.500000,0.500000
885,1,1,4.000000,0.500000,0.500000
886,1,1,3.000000,0.000000,0.500000
887,1,1,4.000000,0.500000,0.500000
888,1,1,3.000000,0.000000,0.500000
889,1,1,3.000000,0.000000,0.500000
890,1,1,3.000000,0.000000,0.500000
891,1,1,3.000000,0.000000,0.500000
892,1,1,5.000000,0.800000,0.500000
893,1,1,3.000000,0.000000,0.500000
894,1,1,4.000000,0.500000,0.500000
895,0,1,4.000000,0.500000,0.500000
896,1,1,3.000000,0.000000,0.500000
897,1,1,3.000000,0.000000,0.500000
898,1,1,4.000000,0.500000,0.500000
899,1,1,3.000000,0.000000,0.500000
900,1,1,3.000000,0.000000,0.500000
901,1,1,4.000000,0.500000,0.500000
902,0,1,5.000000,0.800000,0.500000
903,1,1,3.000000,0.000000,0.500000
904,1,1,3.000000,0.000000,0.500000
905,0,1,3.000000,0.000000,0.500000
906,1,1,6.000000,0.900000,0.500000
907,1,1,4.000000,0.500000,0.500000
908,0,1,4.000000,0.500000,0.500000
909,1,1,3.000000,0.000000,0.500000
910,1,1,4.000000,0.500000,0.500000
911,1,1,5.000000,0.800000,0.500000
912,1,1,6.000000,0.800000,0.500000
913,1,1,5.000000,0.800000,0.500000
914,1,1,3.000000,0.000000,0.500000
915,1,1,4.000000,0.500000,0.500000
916,1,1,3.000000,0.000000,0.500000
917,0,1,5.000000,0.800000,0.500000
918,1,1,5.000000,0.800000,0.500000
919,1,1,5.000000,0.800000,0.500000
920,1,1,3.000000,0.000000,0.500000
921,1,1,4.000000,0.500000,0.500000
922,1,1,4.000000,0.500000,0.500000
923,0,1,6.000000,0.900000,0.500000
924,1,1,3.000000,0.000000,0.500000
925,1,1,3.000000,0.000000,0.500000
926,1,1,3.000000,0.000000,0.500000
927,1,1,3.000000,0.000000,0.500000
928,1,1,4.000000,0.500000,0.500000
929,1,1,3.000000,0.000000,0.500000
930,0,1,4.000000,0.900000,0.500000
931,1,1,4.000000,0.500000,0.500000
932,1,1,7.000000,0.900000,0.500000
933,1,1,3.000000,0.000000,0.500000
934,1,1,4.000000,0.500000,0.500000
935,1,1,5.000000,0.800000,0.500000
936,0,1,3.000000,0.000000,0.500000
937,0,1,4.000000,0.500000,0.500000
938,1,1,4.000000,0.500000,0.500000
939,1,1,3.000000,0.000000,0.500000
940,0,1,5.000000,0.800000,0.500000
941,1,1,4.000000,0.500000,0.500000
942,1,1,4.000000,0.500000,0.500000
943,1,1,3.000000,0.000000,0.500000
944,1,1,3.000000,0.000000,0.500000
945,1,1,3.000000,0.000000,0.500000
946,0,1,4.000000,0.500000,0.500000
947,1,1,4.000000,0.500000,0.500000
948,1,1,4.000000,0.500000,0.500000
949,1,1,4.000000,0.500000,0.500000
950,1,1,6.000000,0.800000,0.500000
951,1,1,4.000000,0.500000,0.500000
952,1,1,4.000000,0.500000,0.500000
953,1,1,4.000000,0.500000,0.500000
954,1,1,4.000000,0.500000,0.500000
955,1,1,4.000000,0.500000,0.500000
956,1,1,6.000000,0.800000,0.500000
957,1,1,4.000000,0.500000,0.500000
958,1,1,3.000000,0.000000,0.500000
959,1,1,3.000000,0.000000,0.500000
960,1,1,3.000000,0.000000,0.500000
961,0,1,3.000000,0.000000,0.500000
962,1,1,4.000000,0.900000,0.500000
963,0,1,6.000000,0.800000,0.500000
964,0,1,4.000000,0.500000,0.500000
965,1,1,4.000000,0.500000,0.500000
966,1,1,4.000000,0.500000,0.500000
967,1,1,3.000000,0.000000,0.500000
968,1,1,5.000000,0.800000,0.500000
969,1,1,6.000000,0.900000,0.500000
970,1,1,3.000000,0.000000,0.500000
971,1,1,6.000000,0.900000,0.500000
972,1,1,4.000000,0.500000,0.500000
973,1,1,4.000000,0.500000,0.500000
974,1,1,4.000000,0.500000,0.500000
975,1,1,3.000000,0.000000,0.500000
976,1,1,3.000000,0.000000,0.500000
977,1,1,8.000000,1.000000,0.500000
978,0,1,3.000000,0.000000,0.500000
979,1,1,3.000000,0.000000,0.500000
980,0,1,5.000000,0.800000,0.500000
981,1,1,4.000000,0.500000,0.500000
982,1,1,3.000000,0.000000,0.500000
983,0,1,4.000000,0.500000,0.500000
984,1,1,3.000000,0.000000,0.500000
985,1,1,3.000000,0.000000,0.500000
986,1,1,3.000000,0.000000,0.500000
987,1,1,3.000000,0.000000,0.500000
988,1,1,3.000000,0.000000,0.500000
989,1,1,7.000000,0.700000,0.500000
990,1,1,5.000000,0.800000,0.500000
991,1,1,4.000000,0.500000,0.500000
992,0,1,5.000000,0.800000,0.500000
993,1,1,3.000000,0.000000,0.500000
994,1,1,4.000000,0.500000,0.500000
995,1,1,5.000000,0.800000,0.500000
996,1,1,3.000000,0.000000,0.500000
997,0,1,4.000000,0.500000,0.500000
998,1,1,3.000000,0.000000,0.500000
999,1,1,4.000000,0.500000,0.500000
WorkerID,Gamma,TrueGamma
502,0.498337,0.191540
71,0.372504,0.516221
526,0.515563,1.454445
924,0.402832,0.996116
971,0.592355,1.385199
742,0.432465,0.269903
905,0.616986,1.563527
113,0.499520,0.827687
635,0.412929,1.404162
381,0.358016,0.709283
373,0.460023,0.610122
82,0.577626,0.995651
222,0.577766,1.322558
257,0.552632,1.358978
670,0.470591,0.491666
692,0.382249,1.196446
360,0.381925,0.447257
609,0.357292,1.553343
261,0.369891,0.794462
259,0.463095,1.802922
456,0.381870,1.410775
294,0.562643,1.510397
202,0.584779,1.060569
444,0.474638,1.801951
774,0.479467,1.040725
832,0.397256,1.043922
96,0.592547,1.060904
784,0.395147,0.205252
911,0.590781,1.169901
77,0.415547,0.791912
546,0.511631,0.844303
901,0.484780,0.657731
164,0.403165,0.488303
126,0.395721,2.008116
410,0.492323,0.541002
830,0.384602,0.379145
928,0.422559,0.512710
658,0.393816,1.184139
597,0.542868,0.474833
704,0.520725,1.003941
584,0.472864,1.867277
155,0.448704,0.885715
738,0.596590,1.948628
613,0.381327,0.798044
3,0.563942,1.065351
223,0.503934,1.651374
255,0.485840,0.507494
730,0.401247,0.645689
2,0.423276,1.769609
915,0.489375,0.259755
926,0.415856,1.085254
561,0.401782,0.968361
610,0.428410,1.248266
107,0.409497,2.207263
371,0.600627,2.468548
894,0.476996,0.627385
806,0.464316,1.038297
293,0.487265,1.070670
804,0.800383,1.631733
118,0.402341,0.142442
931,0.467110,1.156331
538,0.495134,0.904902
49,0.433962,1.930309
157,0.475499,0.579657
66,0.413934,0.454014
524,0.425338,1.110492
140,0.353652,2.004492
712,0.571152,1.190772
552,0.667129,2.829828
235,0.371699,1.210864
386,0.493207,0.391313
281,0.383494,1.100035
12,0.400849,2.061351
62,0.367679,1.092267
18,0.383699,0.476223
731,0.478060,1.779486
106,0.401776,0.980586
147,0.420351,0.799751
874,0.579434,1.729675
863,0.415690,1.192081
657,0.504320,0.848523
849,0.505318,1.393875
750,0.518052,0.937567
959,0.549095,0.507519
909,0.480150,0.986436
432,0.490453,1.965672
677,0.403753,0.410836
845,0.397173,0.832896
831,0.529089,0.434668
301,0.501028,0.906148
72,0.494796,1.068089
675,0.612173,0.679908
910,0.580419,1.559642
580,0.440753,1.000291
452,0.552706,0.439917
571,0.382488,1.091551
875,0.453275,0.821547
56,0.490904,1.877960
145,0.392451,1.412522
563,0.400181,0.754429
122,0.476219,0.464909
158,0.508855,2.786333
208,0.385268,1.142193
87,0.464572,0.631751
893,0.514164,1.353900
785,0.385040,0.538785
805,0.445318,0.561501
617,0.415889,0.922148
340,0.485286,1.272223
506,0.368636,0.456819
732,0.466188,0.928203
346,0.463554,2.083072
325,0.367117,1.418497
291,0.431373,1.970262
177,0.399606,0.790940
4,0.462632,0.741513
709,0.496307,1.227022
590,0.538171,0.989166
148,0.421590,0.107603
975,0.517819,2.104278
646,0.355392,0.975502
229,0.495267,1.625515
425,0.398401,0.521592
827,0.497280,2.060286
630,0.388858,0.574083
76,0.506758,1.065285
588,0.384049,0.404371
499,0.529446,1.021831
591,0.493537,3.205345
274,0.423263,2.140179
567,0.417492,0.352867
983,0.490555,0.552600
278,0.412506,1.872473
466,0.512784,2.084929
159,0.400696,0.872652
372,0.409861,0.777530
847,0.594398,2.073201
488,0.432494,1.061905
612,0.476867,1.480982
685,0.379503,1.204677
743,0.358431,0.625584
523,0.506399,1.834136
55,0.446374,0.449351
102,0.464529,0.458025
428,0.444934,0.693363
17,0.539454,0.756633
903,0.540195,1.279127
34,0.529485,1.365397
35,0.598497,1.028525
948,0.398958,1.594708
193,0.520926,1.672292
681,0.582132,2.696487
918,0.466887,0.696976
273,0.425748,0.684044
368,0.493804,0.614718
448,0.617831,1.239580
418,0.413999,0.516803
89,0.388733,0.415991
380,0.374508,0.792378
819,0.478702,1.209997
349,0.437358,1.377361
493,0.465424,1.546962
721,0.397977,0.839310
280,0.402032,1.241687
275,0.394476,0.461963
586,0.471448,0.747081
287,0.494713,1.385209
556,0.464653,0.991986
250,0.459181,0.212515
671,0.368490,1.247578
227,0.504100,0.889903
335,0.368070,1.053865
938,0.507553,0.469162
160,0.649212,1.078552
850,0.389170,0.390144
138,0.383181,0.747728
143,0.627365,0.541122
987,0.414959,0.857562
29,0.648858,0.895381
510,0.354203,0.909985
589,0.528322,0.769394
489,0.592542,0.981423
247,0.500750,0.730781
834,0.377890,1.506021
708,0.423057,1.867294
22,0.468188,0.819200
740,0.384215,1.363141
264,0.498338,0.685394
308,0.457693,1.366978
890,0.508581,1.052205
976,0.401826,0.903551
95,0.501426,1.386747
798,0.382677,0.684761
421,0.369009,1.789848
724,0.377260,0.709015
755,0.389309,0.751699
557,0.490824,2.092263
828,0.465965,1.022938
382,0.489072,1.169908
168,0.571249,0.709137
296,0.534210,1.813865
822,0.424593,0.719632
50,0.485521,0.272840
919,0.485085,2.102900
467,0.413779,1.369398
282,0.465607,1.446291
878,0.576832,1.728760
288,0.468593,0.762438
772,0.453899,1.706348
968,0.458855,1.063999
251,0.407767,0.490242
667,0.380477,0.306375
530,0.399102,0.413080
470,0.635539,1.818717
814,0.525851,1.552614
972,0.393642,0.538086
790,0.385236,0.550025
501,0.376617,0.801020
256,0.584599,1.628894
951,0.427642,0.481691
824,0.443890,2.069217
238,0.403320,1.480775
925,0.582916,0.661467
877,0.382338,0.690556
75,0.411004,0.694045
355,0.564298,0.931643
154,0.476887,1.714007
936,0.577220,1.370618
896,0.530163,1.198733
991,0.717024,1.538447
551,0.479089,1.726892
531,0.372864,0.887475
500,0.395298,0.729316
218,0.350759,0.272334
61,0.390995,0.712529
253,0.407204,1.625500
979,0.484014,0.857746
388,0.377478,0.849493
397,0.476504,0.863494
587,0.423497,0.949003
560,0.503108,1.506380
453,0.393488,1.474735
136,0.495240,2.079686
173,0.480853,1.821216
578,0.486329,3.571470
234,0.476062,1.076042
323,0.476019,1.092294
292,0.369000,1.544990
241,0.660176,0.824109
457,0.465174,1.658275
554,0.415966,0.606938
686,0.486826,1.538628
794,0.389412,1.844825
684,0.491045,0.875591
662,0.425677,1.279194
725,0.488942,1.200141
505,0.423991,2.204914
869,0.563426,2.054613
861,0.350823,2.545600
581,0.482749,0.792226
695,0.601279,1.609504
423,0.405684,1.180825
812,0.502170,1.055347
618,0.484987,1.286706
734,0.362730,0.870834
614,0.390638,1.973351
390,0.384069,1.483274
314,0.392563,2.094250
174,0.422170,0.537266
768,0.589435,1.433951
810,0.410180,0.591920
929,0.398795,0.369912
601,0.399860,0.872967
207,0.398786,1.036507
427,0.431165,0.963365
297,0.590304,0.853290
661,0.535575,0.945598
376,0.558698,2.767380
525,0.613993,1.323620
897,0.429401,1.609097
980,0.498007,1.183794
91,0.487834,0.636547
668,0.493456,0.979607
254,0.394162,1.183461
121,0.473183,1.074894
606,0.488205,0.779311
544,0.395986,1.094485
54,0.383658,0.490338
162,0.464525,1.099090
5,0.577096,0.307512
313,0.383470,0.852673
859,0.414569,0.745453
344,0.484318,1.338601
522,0.446568,1.906226
962,0.480354,0.488074
927,0.444579,1.326401
550,0.469649,1.591074
769,0.408858,0.780146
212,0.465191,0.596026
723,0.407837,2.002408
7,0.596350,0.744468
53,0.520446,2.530244
763,0.412291,1.696181
872,0.401020,0.780789
20,0.405473,1.481015
838,0.409992,1.525286
374,0.535745,0.798565
411,0.532022,0.300595
693,0.395160,0.854956
857,0.472731,0.903551
451,0.399308,0.478663
482,0.394217,0.819944
800,0.407838,0.809389
648,0.588008,1.592958
433,0.385491,0.576961
771,0.382923,0.402041
476,0.418313,0.977460
486,0.591194,1.474963
248,0.466762,0.934438
705,0.396570,0.789457
707,0.579705,1.350848
201,0.636143,2.335576
377,0.385161,0.637531
90,0.360611,1.205182
605,0.385064,0.255581
319,0.390409,0.689563
534,0.396403,2.348706
939,0.424542,0.776955
316,0.365413,0.907641
860,0.339802,0.426864
697,0.481564,0.717333
206,0.491944,0.927820
361,0.678894,3.035083
352,0.383999,1.722693
429,0.387664,2.298231
445,0.491913,1.927733
365,0.400129,1.635312
549,0.453672,0.440538
937,0.382483,1.691704
886,0.578088,0.964292
312,0.385430,0.917885
447,0.678854,1.950029
124,0.401214,0.619417
977,0.396964,0.712026
776,0.707830,0.709684
268,0.455044,1.263656
94,0.397685,0.768467
192,0.423465,0.762090
650,0.416887,1.343000
943,0.441828,1.728297
985,0.652187,1.600313
956,0.370316,0.689237
887,0.549570,1.223484
778,0.648985,1.343439
921,0.379626,1.039291
99,0.676802,0.774081
387,0.487765,1.194077
263,0.338723,1.266980
169,0.396277,0.783970
844,0.578301,0.788245
994,0.578143,1.282069
446,0.397446,0.542498
16,0.644675,2.396053
357,0.528384,2.327803
101,0.518989,0.896516
829,0.503625,1.802451
746,0.460167,0.600587
793,0.564109,1.983470
353,0.626945,1.528467
492,0.524905,1.579006
761,0.473359,1.586245
384,0.413784,0.831052
469,0.380305,0.955339
821,0.576221,1.237499
870,0.458940,1.319344
190,0.409483,0.826688
775,0.651366,2.533734
332,0.489967,1.297060
237,0.364536,0.535025
566,0.387617,2.215581
688,0.411603,1.321843
856,0.392224,1.394166
858,0.394440,0.610390
363,0.424640,0.519580
596,0.470230,1.109976
575,0.398494,1.263418
623,0.490062,1.125453
47,0.479696,1.418719
471,0.399648,1.718214
570,0.753948,2.192948
38,0.479953,0.434028
203,0.347024,1.286938
694,0.398746,1.169442
438,0.382527,0.613069
431,0.426010,1.392476
300,0.412543,0.360508
981,0.384177,0.780092
226,0.677138,2.124763
343,0.446879,0.691391
876,0.500225,1.405201
123,0.503356,2.212395
961,0.491036,0.858373
602,0.592390,1.061894
690,0.602734,1.519187
701,0.647938,0.901122
735,0.433911,0.978727
699,0.410302,1.761820
419,0.410738,0.595958
867,0.571376,1.152863
933,0.550810,2.745360
146,0.482031,1.005619
435,0.522756,0.722555
115,0.718595,1.477526
665,0.611851,0.567853
891,0.551208,0.745832
481,0.644010,3.173114
815,0.563498,0.788170
450,0.534847,1.612629
151,0.627557,0.972157
967,0.524865,0.433309
484,0.543593,2.460483
181,0.842132,2.659356
186,0.601522,0.787809
930,0.530372,2.446263
912,0.490031,0.180486
866,0.752293,0.991636
9,0.626852,0.934300
950,0.690165,2.017207
205,0.522681,1.088474
166,0.556129,2.120016
788,0.727906,3.362766
622,0.511831,0.432848
285,0.499713,1.543025
171,0.615120,0.701220
573,0.523004,1.102527
973,0.633977,1.444353
494,0.522474,1.098895
64,0.715637,0.930895
595,0.510240,0.601940
406,0.599976,0.239788
367,0.514231,0.860759
65,0.526510,0.760231
624,0.475442,0.374182
520,0.585799,1.404041
516,0.497450,0.552887
326,0.598118,0.638260
310,0.515875,0.946442
389,0.519911,1.414439
104,0.631092,0.816387
644,0.606757,0.609486
777,0.697771,0.904339
726,0.509616,0.598589
739,0.579796,1.350738
998,0.537941,1.535706
46,0.626725,0.868724
337,0.537538,0.844217
172,0.544319,1.189842
854,0.609695,0.854315
378,0.545795,0.942667
395,0.624958,1.096840
964,0.633647,1.338937
889,0.575769,1.145840
747,0.838058,0.910426
583,0.601603,0.528666
935,0.637853,0.893864
416,0.520736,0.603811
882,0.627502,0.780363
79,0.541183,1.295200
28,0.500267,0.758501
629,0.613855,0.960675
306,0.540087,0.361825
599,0.614804,1.738405
358,0.747906,0.997308
21,0.508278,0.981627
298,0.600930,1.619966
625,0.488440,0.367686
702,0.616772,0.819982
802,0.556660,0.874213
548,0.688140,1.976519
801,0.600817,1.831562
85,0.480606,3.888110
134,0.639757,0.921624
995,0.630859,0.964720
579,0.615271,1.132325
673,0.557287,0.941012
780,0.639214,3.014912
243,0.599725,1.088037
808,0.628858,0.888369
884,0.632490,1.298675
245,0.706956,1.137550
521,0.620928,1.530329
811,0.606837,1.809419
19,0.523909,0.525206
700,0.591618,0.982199
128,0.623703,1.936640
39,0.607802,0.222750
133,0.535462,0.299482
393,0.629610,1.463225
932,0.627134,0.462640
309,0.534514,1.185081
999,0.540276,1.508811
252,0.698563,1.179452
941,0.626031,0.920909
947,0.663485,1.183071
841,0.506717,0.289633
529,0.612218,0.875584
272,0.659378,1.145678
703,0.640706,0.515955
477,0.528215,1.343370
58,0.681485,0.816159
737,0.526359,1.154737
167,0.814140,1.575826
676,0.659947,1.083099
81,0.846939,1.031184
904,0.678814,2.289277
105,0.602279,2.556124
883,0.813517,0.718151
436,0.625539,0.618415
175,0.520281,0.669360
187,0.600771,1.877877
216,0.633684,1.825074
15,0.617490,2.181559
528,0.634804,0.446900
864,0.596988,1.961299
345,0.620052,1.798510
6,0.629487,1.516044
562,0.633651,0.676968
680,0.513544,0.943388
660,0.522074,0.495365
672,0.584296,1.112307
683,0.687728,1.296221
152,0.528350,1.552991
196,0.716518,1.062418
142,0.850349,1.495143
820,0.615349,0.622673
513,0.552633,1.022644
647,0.854251,1.329238
290,0.571327,1.616281
592,0.510244,1.516236
1,0.534876,0.831918
189,0.704017,0.470522
920,0.551123,1.024471
514,0.486237,0.933140
598,0.735858,2.214628
221,0.551539,0.577549
26,0.605430,1.308389
497,0.810298,1.591369
835,0.614099,2.458494
224,0.537445,0.655116
338,0.716404,1.370408
0,0.612441,1.490108
322,0.671290,1.293015
917,0.542962,0.514844
993,0.612196,3.026662
519,0.689871,0.616349
334,0.477086,0.833838
687,0.585381,1.410132
945,0.617748,0.934838
698,0.556009,0.890883
302,0.526378,0.503553
616,0.447579,1.900718
535,0.574963,1.212892
511,0.799941,1.439576
119,0.545663,1.484476
213,0.648014,0.395220
454,0.625913,0.910639
799,0.762787,0.908155
317,0.522418,1.036276
239,0.520652,1.675008
741,0.705063,1.465067
836,0.534534,0.990335
182,0.625863,1.712466
881,0.525216,0.248861
125,0.503081,0.884107
787,0.647562,1.281396
369,0.677413,1.326547
441,0.551967,0.772866
228,0.526027,1.698929
900,0.581625,0.655904
370,0.516307,0.658999
321,0.521598,1.855165
413,0.556736,0.745984
318,0.714563,1.280017
210,0.550033,1.019823
129,0.611114,1.039862
627,0.690003,1.280870
608,0.498860,0.777103
762,0.605670,0.856183
754,0.723901,0.786656
603,0.681964,1.124483
63,0.469691,0.567131
803,0.502195,0.222414
600,0.617077,0.546980
569,0.512038,0.992050
366,0.602163,0.381459
532,0.511910,0.415187
664,0.827004,1.996854
545,0.536320,0.638926
109,0.626243,2.112934
417,0.498655,0.878004
191,0.621145,1.275269
795,0.591751,2.354849
760,0.521796,0.829438
267,0.528868,0.700682
184,0.531111,2.721579
652,0.554169,0.791601
722,0.490928,1.596659
120,0.600331,1.786185
653,0.669152,1.766869
669,0.696903,1.297817
402,0.576428,2.058155
179,0.520394,1.561828
463,0.638419,1.073363
330,0.529634,1.703951
415,0.614912,0.874596
628,0.531512,1.829827
364,0.523704,2.483105
348,0.625391,0.350180
817,0.572156,0.472060
565,0.629308,0.525511
659,0.543883,2.331200
656,0.586871,1.106033
137,0.540302,2.479630
940,0.671769,1.011984
982,0.794166,2.109683
258,0.791045,1.257507
796,0.602504,2.167610
515,0.525507,0.655725
949,0.624549,0.490434
960,0.548575,0.909455
649,0.540482,0.984544
10,0.509712,0.506795
289,0.639124,1.661902
111,0.637320,0.593315
231,0.622599,2.313610
963,0.831190,2.815638
11,0.508882,2.294608
219,0.689479,1.516698
32,0.569990,0.815880
729,0.546660,0.915001
211,0.547539,0.310043
354,0.539558,1.145840
504,0.624535,1.663961
375,0.523744,0.206348
503,0.621975,0.669026
320,0.603595,1.841646
460,0.638567,1.114994
114,0.616520,1.707157
640,0.641252,0.952099
170,0.554287,1.053042
749,0.585053,0.664628
359,0.706772,1.710684
42,0.552841,0.547743
757,0.540403,0.722755
269,0.630059,1.645317
130,0.543970,0.631307
440,0.520490,0.245884
327,0.640989,1.299017
462,0.518537,1.055584
464,0.525962,0.988190
923,0.582564,1.525799
717,0.551683,0.974881
825,0.771551,1.224283
490,0.616490,1.922765
204,0.526463,0.744628
73,0.737820,1.744527
485,0.538698,1.030769
651,0.516539,1.026312
443,0.554524,1.787902
209,0.700462,1.449152
518,0.640590,2.101964
955,0.638214,0.823610
607,0.711587,1.077472
840,0.639455,1.253545
336,0.732812,1.214121
913,0.512210,0.225468
833,0.631518,1.877933
826,0.528084,0.417654
41,0.555453,0.818959
818,0.529802,0.429112
225,0.620410,1.810111
744,0.670320,1.046389
156,0.625224,1.033392
944,0.530393,1.090571
654,0.670183,1.008496
892,0.534962,0.809371
414,0.634522,2.149861
715,0.633304,1.080282
997,0.518656,0.488746
442,0.507643,0.666493
405,0.631802,0.974623
536,0.634767,1.303125
942,0.584597,0.604140
965,0.492030,0.998465
68,0.705764,0.772984
277,0.629721,1.320263
40,0.521206,1.600307
270,0.700001,2.449049
74,0.604793,1.033751
324,0.626607,0.567981
161,0.604763,1.528274
871,0.713391,1.309065
577,0.642552,2.215542
678,0.586131,0.628493
236,0.597125,2.308695
84,0.599231,1.120882
407,0.741870,1.120502
816,0.628356,1.106836
24,0.617175,0.661036
240,0.769336,1.760441
543,0.531594,0.788615
265,0.702170,1.171663
713,0.559211,1.527136
188,0.836184,1.459681
262,0.645977,0.698083
907,0.656135,0.762369
682,0.744181,0.793187
339,0.625235,1.181349
865,0.590214,1.056134
957,0.714421,1.303970
783,0.608857,3.119225
100,0.525456,1.572841
60,0.640813,1.273609
163,0.706471,1.152282
242,0.602639,1.271435
69,0.634523,0.734275
989,0.715580,1.044370
733,0.630493,1.260216
984,0.639736,1.381777
632,0.788141,1.195515
391,0.746539,1.589381
44,0.620328,1.201064
533,0.547021,0.468646
792,0.543161,0.687194
331,0.794889,0.829387
103,0.494693,0.459866
899,0.674084,1.495666
311,0.633172,1.568655
283,0.557229,1.782178
888,0.528940,0.519945
537,0.792363,2.074919
974,0.631811,0.917474
851,0.633823,1.033173
110,0.597745,1.550760
666,0.614253,0.602100
194,0.521096,1.041853
880,0.802148,0.922848
43,0.601703,1.118689
718,0.647012,1.335473
642,0.555211,0.970713
990,0.814920,1.475357
70,0.520931,1.151382
764,0.723706,1.099454
362,0.673147,1.805915
837,0.631845,1.546580
696,0.523278,1.094793
512,0.509188,1.374548
495,0.642826,1.836000
185,0.679348,1.154884
398,0.727889,0.668930
839,0.528520,0.673865
437,0.716285,0.130868
752,0.633208,1.499645
422,0.730049,1.053770
574,0.552700,1.812331
424,0.763694,0.982182
475,0.534178,0.540732
782,0.749785,3.320639
199,0.535630,0.997903
689,0.627131,1.495074
473,0.643313,1.351332
97,0.719095,1.242083
786,0.629969,0.846927
303,0.531887,2.220698
385,0.649647,1.611787
846,0.659690,1.731115
479,0.591885,2.120034
758,0.788252,0.897870
183,0.725851,2.188374
304,0.545094,3.674873
458,0.535611,1.518648
396,0.624245,1.755566
135,0.617793,2.037236
679,0.526159,0.906680
233,0.667240,1.947464
779,0.703581,1.724884
176,0.538921,1.233040
908,0.627037,0.204186
351,0.766730,1.248061
852,0.780296,0.739266
230,0.811802,0.527169
992,0.789949,1.030803
116,0.767382,1.179370
200,0.768494,0.952434
350,0.923686,2.496816
720,0.755081,1.207746
30,0.907776,0.728901
843,0.838290,1.259439
615,0.737019,1.757536
315,0.844703,1.120571
197,0.691683,1.364321
542,0.794069,1.208282
902,0.854946,1.178985
868,0.734320,0.872317
953,0.961619,1.780659
430,0.752990,1.549134
527,0.766803,1.460787
922,0.693660,1.606832
132,0.847779,2.079801
508,0.813819,1.346822
305,0.676968,1.574437
478,0.694408,2.279062
260,0.851106,1.661503
611,0.764765,1.014072
403,0.659272,0.931885
307,0.784434,1.147598
379,0.914991,1.488917
329,0.840355,2.197680
593,0.780839,0.599665
756,0.756416,0.867422
45,0.863127,2.912709
112,0.694298,0.538221
217,0.718688,0.795846
139,0.881229,1.129956
626,0.855293,1.228245
716,0.780260,1.739310
988,0.763259,2.122945
392,0.676894,1.539789
952,0.859744,1.688480
691,0.694011,1.056565
770,0.677879,1.257735
78,0.866388,1.100726
576,0.781036,2.068872
400,0.775524,1.257374
98,0.657386,0.717727
906,0.676094,1.049685
996,0.675615,1.268988
751,0.709515,1.902711
621,0.794130,1.471523
299,0.951680,1.188795
767,0.796019,1.641653
946,0.675528,0.829232
711,0.765432,0.954228
153,0.664331,0.892972
555,0.693210,1.016496
178,0.687614,1.123368
36,0.785973,0.543753
404,0.865340,1.728471
970,0.662579,0.786769
934,0.651949,0.334376
266,0.824587,0.844469
710,0.783929,0.884549
966,0.835739,0.872936
663,0.797342,2.320986
399,0.770894,1.273825
48,0.797636,1.864914
92,0.661358,0.477006
408,0.757261,1.574597
434,0.689754,0.447759
461,0.855770,0.932225
23,0.821738,1.511400
195,0.826067,1.055230
509,0.842913,1.681734
727,0.752010,1.153257
246,0.658923,0.995677
480,0.795931,1.498139
954,0.676548,0.884121
823,0.835495,0.502668
276,0.736827,0.405437
539,0.775936,0.624534
885,0.679603,0.998352
472,0.856500,1.399645
753,0.785015,1.421214
328,0.659670,1.131926
848,0.853201,1.878827
636,0.673945,1.285648
459,0.765504,1.717502
426,0.841251,1.283673
150,0.781619,1.788721
51,0.768893,2.536628
564,0.777935,0.469729
86,0.796249,1.306024
641,0.772655,0.464397
674,0.674540,1.937266
465,0.754296,0.515404
507,0.950699,3.038766
52,0.675486,0.882941
572,0.795200,1.585535
643,0.692330,1.593921
638,0.848362,0.881345
582,0.844875,2.496186
165,0.870164,1.474409
342,0.688844,1.121457
498,0.678349,1.560645
594,0.936705,2.183642
620,0.661148,1.137402
637,0.677880,0.476902
83,0.794571,0.816391
59,0.792994,1.067360
356,0.724374,1.515924
279,0.811150,1.983348
244,0.885893,0.821443
759,0.607040,3.260977
634,0.630824,1.737897
853,0.778395,0.413880
33,0.812969,1.317283
439,0.657520,0.793266
483,0.755464,1.661033
855,0.830132,1.752720
895,0.642444,0.997037
80,0.649681,1.174223
745,0.737414,3.028675
420,0.817245,1.569602
149,0.854106,1.271975
873,0.728224,1.508077
347,0.709950,1.551548
797,0.738725,0.492896
214,0.643294,0.730021
540,0.754118,0.530642
547,0.659187,0.931337
553,0.765693,0.923472
916,0.725119,1.579181
655,0.636228,0.810961
558,0.796897,2.178966
215,0.656621,1.859944
468,0.770667,0.917638
898,0.721551,2.137288
559,0.752875,1.610699
639,0.655103,1.072289
619,0.737828,0.667967
14,0.634643,0.994950
409,0.681909,2.141850
496,0.743294,1.078594
220,0.746982,1.520767
541,0.668519,0.939316
978,0.744755,4.183775
131,0.746310,2.418382
645,0.673270,0.444094
736,0.880358,2.011080
728,0.727681,1.412638
517,0.877204,1.738883
706,0.651522,0.640648
765,0.864119,1.162617
198,0.664105,2.359091
491,0.744581,0.636506
791,0.674820,1.127571
748,0.663773,1.247165
117,0.670254,1.068084
341,0.752797,1.298354
487,0.792611,1.803556
719,0.662821,1.300948
773,0.674255,1.295253
401,0.744254,2.154548
807,0.808359,2.698576
714,0.713200,1.268573
383,0.807631,1.338859
31,0.806308,1.530149
284,0.968727,0.723603
13,0.805416,1.267681
37,0.849305,1.989436
474,0.913135,1.533479
412,0.790400,1.317363
249,0.771477,1.656493
604,0.601430,2.814886
286,0.791579,0.665735
449,0.792887,1.162446
57,0.604402,1.155949
568,0.982963,1.879835
958,0.863814,0.306275
271,0.789235,2.484291
67,0.893969,0.758328
813,0.793166,1.148168
144,0.629743,1.742757
333,0.789132,2.542083
862,0.883200,1.457901
986,0.882265,1.678251
631,0.803729,2.639446
25,0.678785,0.647302
789,0.843558,1.143287
127,0.623395,0.791470
394,0.893860,1.507166
232,0.791602,0.567234
Average Cost: 3.974000
Accuracy: 86.600000
Accuracy 0: 100.000000
Cost 0: 3.000000
Accuracy 1: 100.000000
Cost 1: 3.000000
Accuracy 2: 100.000000
Cost 2: 3.000000
Accuracy 3: 100.000000
Cost 3: 3.000000
Accuracy 4: 100.000000
Cost 4: 3.000000
Accuracy 5: 100.000000
Cost 5: 3.000000
Accuracy 6: 100.000000
Cost 6: 3.000000
Accuracy 7: 100.000000
Cost 7: 3.000000
Accuracy 8: 100.000000
Cost 8: 3.000000
Accuracy 9: 100.000000
Cost 9: 3.000000
