ProblemNo,Answer,TrueAnswer,Cost,Difficulty
0,0,0,3.000000,0.000000
1,0,0,3.000000,0.000000
2,1,1,3.000000,0.000000
3,0,1,4.000000,0.600000
4,0,0,3.000000,0.000000
5,0,0,3.000000,0.000000
6,0,0,3.000000,0.000000
7,1,1,3.000000,0.000000
8,0,1,4.000000,0.900000
9,1,1,3.000000,0.000000
10,1,1,3.000000,0.000000
11,0,0,3.000000,0.000000
12,0,0,3.000000,0.000000
13,0,0,3.000000,0.000000
14,0,0,3.000000,0.000000
15,1,1,3.000000,0.000000
16,1,1,3.000000,0.000000
17,0,0,3.000000,0.000000
18,1,1,3.000000,0.000000
19,0,0,3.000000,0.000000
20,1,1,3.000000,0.000000
21,1,1,3.000000,0.000000
22,1,1,3.000000,0.000000
23,0,0,4.000000,0.600000
24,1,1,3.000000,0.000000
25,1,1,3.000000,0.000000
26,1,1,3.000000,0.000000
27,0,0,3.000000,0.000000
28,1,1,4.000000,0.600000
29,1,0,3.000000,0.000000
30,1,1,3.000000,0.000000
31,1,1,3.000000,0.000000
32,0,0,3.000000,0.000000
33,1,1,3.000000,0.000000
34,1,1,3.000000,0.000000
35,1,1,3.000000,0.000000
36,1,1,5.000000,0.800000
37,0,1,4.000000,0.900000
38,0,0,3.000000,0.000000
39,1,1,4.000000,0.600000
40,1,1,3.000000,0.000000
41,0,0,3.000000,0.000000
42,1,0,4.000000,0.900000
43,1,1,3.000000,0.000000
44,1,1,4.000000,0.600000
45,1,1,3.000000,0.000000
46,0,0,3.000000,0.000000
47,1,1,3.000000,0.000000
48,0,0,3.000000,0.000000
49,0,0,3.000000,0.000000
50,0,0,7.000000,0.900000
51,0,0,3.000000,0.000000
52,0,0,11.000000,1.000000
53,0,0,4.000000,0.600000
54,0,0,3.000000,0.000000
55,0,0,3.000000,0.000000
56,0,0,3.000000,0.000000
57,1,1,3.000000,0.000000
58,0,0,3.000000,0.000000
59,0,0,4.000000,0.600000
60,1,1,4.000000,0.600000
61,1,0,3.000000,0.000000
62,1,1,4.000000,0.700000
63,0,0,3.000000,0.000000
64,0,0,3.000000,0.000000
65,1,1,3.000000,0.000000
66,1,1,5.000000,0.800000
67,0,0,3.000000,0.000000
68,0,0,4.000000,0.900000
69,1,1,3.000000,0.000000
70,0,0,4.000000,0.600000
71,0,0,3.000000,0.000000
72,1,1,3.000000,0.000000
73,1,1,3.000000,0.000000
74,0,0,3.000000,0.000000
75,1,1,3.000000,0.000000
76,0,0,3.000000,0.000000
77,1,1,4.000000,0.600000
78,1,0,4.000000,0.600000
79,0,0,3.000000,0.000000
80,1,1,4.000000,0.900000
81,1,1,4.000000,0.600000
82,1,1,3.000000,0.000000
83,0,0,3.000000,0.000000
84,1,1,3.000000,0.000000
85,0,0,3.000000,0.000000
86,1,1,3.000000,0.000000
87,0,0,4.000000,0.600000
88,0,0,3.000000,0.000000
89,1,1,3.000000,0.000000
90,1,1,3.000000,0.000000
91,0,0,3.000000,0.000000
92,1,0,4.000000,0.700000
93,0,0,3.000000,0.000000
94,1,1,3.000000,0.000000
95,0,1,4.000000,0.900000
96,1,1,3.000000,0.000000
97,1,1,4.000000,0.600000
98,0,0,3.000000,0.000000
99,1,1,3.000000,0.000000
100,1,1,3.000000,0.000000
101,1,1,3.000000,0.000000
102,1,1,3.000000,0.000000
103,0,0,4.000000,0.900000
104,1,1,3.000000,0.000000
105,0,0,4.000000,0.700000
106,0,0,3.000000,0.000000
107,1,1,4.000000,0.600000
108,1,1,3.000000,0.000000
109,1,1,3.000000,0.000000
110,0,0,3.000000,0.000000
111,0,0,3.000000,0.000000
112,1,1,3.000000,0.000000
113,0,0,3.000000,0.000000
114,1,1,3.000000,0.000000
115,1,1,3.000000,0.000000
116,0,0,3.000000,0.000000
117,0,0,4.000000,0.600000
118,0,0,3.000000,0.000000
119,1,1,3.000000,0.000000
120,0,0,3.000000,0.000000
121,1,1,3.000000,0.000000
122,0,0,3.000000,0.000000
123,0,0,4.000000,0.600000
124,1,1,3.000000,0.000000
125,1,1,3.000000,0.000000
126,0,0,3.000000,0.000000
127,0,0,4.000000,0.600000
128,0,0,3.000000,0.000000
129,1,1,3.000000,0.000000
130,0,0,3.000000,0.000000
131,1,1,3.000000,0.000000
132,0,1,4.000000,0.900000
133,0,1,4.000000,0.600000
134,1,1,3.000000,0.000000
135,1,1,3.000000,0.000000
136,1,0,4.000000,0.600000
137,0,0,3.000000,0.000000
138,0,0,3.000000,0.000000
139,1,1,3.000000,0.000000
140,1,1,5.000000,0.800000
141,1,1,3.000000,0.000000
142,0,0,3.000000,0.000000
143,1,1,3.000000,0.000000
144,1,1,3.000000,0.000000
145,0,1,4.000000,0.900000
146,1,1,4.000000,0.600000
147,1,1,4.000000,0.600000
148,0,0,3.000000,0.000000
149,1,1,4.000000,0.600000
WorkerID,Gamma
24,0.468835
25,0.484261
27,0.435428
20,0.437370
21,0.738797
22,0.515413
23,0.465116
28,0.470475
29,0.624103
1,0.310840
0,0.570390
3,0.765145
2,0.425086
5,0.576009
4,0.320817
7,0.500648
6,0.397497
9,0.385802
8,0.424267
11,0.430690
10,0.409856
13,0.689062
12,0.447091
15,0.616436
14,0.449109
17,0.560328
16,0.315822
19,0.336617
18,0.450139
31,0.560354
30,0.428110
33,0.541976
32,0.439494
Average Cost: 3.353333
Accuracy: 91.333333
