Number of Worker Pools: 1
Number of Workers in Pool 1: 1000
Original mean,standardDev for Pool 1: 4.000000,0.300000
Number of Workers in Pool 2: 1000
Original mean,standardDev for Pool 2: 3.500000,0.200000
Number of Problems: 1000
ProblemNo,Answer,TrueAnswer,Cost,Difficulty,TrueDifficulty
0,1,1,12.000000,0.000000,0.500000
1,1,1,12.000000,0.000000,0.500000
2,0,0,12.000000,0.000000,0.500000
3,0,0,18.000000,0.900000,0.500000
4,0,0,12.000000,0.000000,0.500000
5,1,1,18.000000,0.900000,0.500000
6,1,1,12.000000,0.000000,0.500000
7,1,1,12.000000,0.000000,0.500000
8,0,0,18.000000,0.900000,0.500000
9,0,0,12.000000,0.000000,0.500000
10,1,0,12.000000,0.000000,0.500000
11,0,0,12.000000,0.000000,0.500000
12,1,0,12.000000,0.000000,0.500000
13,0,0,12.000000,0.000000,0.500000
14,0,0,12.000000,0.000000,0.500000
15,1,1,12.000000,0.000000,0.500000
16,1,1,12.000000,0.000000,0.500000
17,1,1,18.000000,0.800000,0.500000
18,0,0,12.000000,0.000000,0.500000
19,0,0,12.000000,0.000000,0.500000
20,0,1,12.000000,0.000000,0.500000
21,0,0,12.000000,0.000000,0.500000
22,0,0,12.000000,0.000000,0.500000
23,0,0,12.000000,0.000000,0.500000
24,0,0,18.000000,0.800000,0.500000
25,1,1,12.000000,0.000000,0.500000
26,0,1,12.000000,0.000000,0.500000
27,0,0,12.000000,0.000000,0.500000
28,0,0,12.000000,0.000000,0.500000
29,0,0,12.000000,0.000000,0.500000
30,1,1,12.000000,0.000000,0.500000
31,1,1,12.000000,0.000000,0.500000
32,0,0,12.000000,0.000000,0.500000
33,1,1,12.000000,0.000000,0.500000
34,1,1,18.000000,0.800000,0.500000
35,1,1,12.000000,0.000000,0.500000
36,1,1,12.000000,0.000000,0.500000
37,0,0,12.000000,0.000000,0.500000
38,0,1,18.000000,0.800000,0.500000
39,0,0,12.000000,0.000000,0.500000
40,1,1,12.000000,0.000000,0.500000
41,1,1,12.000000,0.000000,0.500000
42,0,0,18.000000,0.800000,0.500000
43,0,0,12.000000,0.000000,0.500000
44,0,0,12.000000,0.000000,0.500000
45,0,0,18.000000,0.900000,0.500000
46,1,1,18.000000,0.900000,0.500000
47,1,1,12.000000,0.000000,0.500000
48,1,1,18.000000,0.800000,0.500000
49,0,0,18.000000,0.800000,0.500000
50,0,0,12.000000,0.000000,0.500000
51,1,1,12.000000,0.000000,0.500000
52,1,0,18.000000,0.800000,0.500000
53,0,0,18.000000,0.800000,0.500000
54,0,0,18.000000,0.800000,0.500000
55,1,1,12.000000,0.000000,0.500000
56,1,1,12.000000,0.000000,0.500000
57,1,1,12.000000,0.000000,0.500000
58,1,1,12.000000,0.000000,0.500000
59,1,1,12.000000,0.000000,0.500000
60,0,0,12.000000,0.000000,0.500000
61,0,0,12.000000,0.000000,0.500000
62,0,0,12.000000,0.000000,0.500000
63,0,1,18.000000,0.800000,0.500000
64,0,0,12.000000,0.000000,0.500000
65,1,0,18.000000,0.800000,0.500000
66,0,1,18.000000,0.800000,0.500000
67,0,0,12.000000,0.000000,0.500000
68,0,1,12.000000,0.000000,0.500000
69,1,1,18.000000,0.800000,0.500000
70,0,0,12.000000,0.000000,0.500000
71,0,0,18.000000,0.900000,0.500000
72,0,0,18.000000,0.800000,0.500000
73,0,0,12.000000,0.000000,0.500000
74,1,1,12.000000,0.000000,0.500000
75,0,0,12.000000,0.000000,0.500000
76,0,0,12.000000,0.000000,0.500000
77,1,1,12.000000,0.000000,0.500000
78,0,0,18.000000,0.800000,0.500000
79,0,0,18.000000,0.800000,0.500000
80,0,0,12.000000,0.000000,0.500000
81,0,1,12.000000,0.000000,0.500000
82,1,1,12.000000,0.000000,0.500000
83,0,1,12.000000,0.000000,0.500000
84,0,0,12.000000,0.000000,0.500000
85,0,0,12.000000,0.000000,0.500000
86,0,0,18.000000,0.800000,0.500000
87,0,0,12.000000,0.000000,0.500000
88,1,1,12.000000,0.000000,0.500000
89,1,1,12.000000,0.000000,0.500000
90,0,0,12.000000,0.000000,0.500000
91,0,1,12.000000,0.000000,0.500000
92,1,1,12.000000,0.000000,0.500000
93,1,1,12.000000,0.000000,0.500000
94,1,1,12.000000,0.000000,0.500000
95,0,0,18.000000,0.800000,0.500000
96,1,1,12.000000,0.000000,0.500000
97,0,0,18.000000,0.800000,0.500000
98,0,0,12.000000,0.000000,0.500000
99,1,1,12.000000,0.000000,0.500000
100,0,0,12.000000,0.000000,0.500000
101,1,1,12.000000,0.000000,0.500000
102,1,1,12.000000,0.000000,0.500000
103,0,0,18.000000,0.900000,0.500000
104,0,0,12.000000,0.000000,0.500000
105,0,0,12.000000,0.000000,0.500000
106,0,0,12.000000,0.000000,0.500000
107,0,0,12.000000,0.000000,0.500000
108,1,1,18.000000,0.800000,0.500000
109,1,1,18.000000,0.800000,0.500000
110,0,0,12.000000,0.000000,0.500000
111,0,0,18.000000,0.800000,0.500000
112,0,0,18.000000,0.800000,0.500000
113,1,1,12.000000,0.000000,0.500000
114,1,1,18.000000,0.800000,0.500000
115,1,1,12.000000,0.000000,0.500000
116,1,1,12.000000,0.000000,0.500000
117,1,1,12.000000,0.000000,0.500000
118,1,1,12.000000,0.000000,0.500000
119,0,0,12.000000,0.000000,0.500000
120,0,0,12.000000,0.000000,0.500000
121,0,0,12.000000,0.000000,0.500000
122,1,1,12.000000,0.000000,0.500000
123,0,0,12.000000,0.000000,0.500000
124,1,0,12.000000,0.000000,0.500000
125,1,1,12.000000,0.000000,0.500000
126,1,1,12.000000,0.000000,0.500000
127,1,1,18.000000,0.800000,0.500000
128,1,0,18.000000,0.800000,0.500000
129,1,1,12.000000,0.000000,0.500000
130,0,1,12.000000,0.000000,0.500000
131,0,0,18.000000,0.800000,0.500000
132,0,0,12.000000,0.000000,0.500000
133,1,1,12.000000,0.000000,0.500000
134,1,0,12.000000,0.000000,0.500000
135,1,1,12.000000,0.000000,0.500000
136,1,1,18.000000,0.800000,0.500000
137,0,0,12.000000,0.000000,0.500000
138,0,0,12.000000,0.000000,0.500000
139,0,0,12.000000,0.000000,0.500000
140,0,0,12.000000,0.000000,0.500000
141,0,0,12.000000,0.000000,0.500000
142,1,0,18.000000,0.800000,0.500000
143,1,1,12.000000,0.000000,0.500000
144,1,1,18.000000,0.800000,0.500000
145,0,1,18.000000,0.800000,0.500000
146,0,0,12.000000,0.000000,0.500000
147,0,0,12.000000,0.000000,0.500000
148,0,0,18.000000,0.800000,0.500000
149,1,1,18.000000,0.800000,0.500000
150,0,0,12.000000,0.000000,0.500000
151,0,0,12.000000,0.000000,0.500000
152,0,0,18.000000,0.800000,0.500000
153,1,1,12.000000,0.000000,0.500000
154,1,1,12.000000,0.000000,0.500000
155,0,0,12.000000,0.000000,0.500000
156,1,1,12.000000,0.000000,0.500000
157,1,1,12.000000,0.000000,0.500000
158,1,1,12.000000,0.000000,0.500000
159,1,1,12.000000,0.000000,0.500000
160,1,1,12.000000,0.000000,0.500000
161,1,1,12.000000,0.000000,0.500000
162,0,0,18.000000,0.800000,0.500000
163,0,0,18.000000,0.800000,0.500000
164,0,0,12.000000,0.000000,0.500000
165,1,1,12.000000,0.000000,0.500000
166,1,1,12.000000,0.000000,0.500000
167,0,0,12.000000,0.000000,0.500000
168,0,0,12.000000,0.000000,0.500000
169,1,1,18.000000,0.900000,0.500000
170,0,0,18.000000,0.800000,0.500000
171,0,0,12.000000,0.000000,0.500000
172,1,1,18.000000,0.800000,0.500000
173,1,1,12.000000,0.000000,0.500000
174,0,0,18.000000,0.900000,0.500000
175,1,1,12.000000,0.000000,0.500000
176,1,1,18.000000,0.800000,0.500000
177,1,1,12.000000,0.000000,0.500000
178,1,1,18.000000,0.800000,0.500000
179,1,1,12.000000,0.000000,0.500000
180,0,0,12.000000,0.000000,0.500000
181,0,0,12.000000,0.000000,0.500000
182,1,1,18.000000,0.800000,0.500000
183,0,0,12.000000,0.000000,0.500000
184,1,1,12.000000,0.000000,0.500000
185,1,1,12.000000,0.000000,0.500000
186,1,1,12.000000,0.000000,0.500000
187,1,1,18.000000,0.800000,0.500000
188,0,1,12.000000,0.000000,0.500000
189,0,0,12.000000,0.000000,0.500000
190,1,0,18.000000,0.900000,0.500000
191,1,1,12.000000,0.000000,0.500000
192,0,0,18.000000,0.800000,0.500000
193,0,0,12.000000,0.000000,0.500000
194,1,1,18.000000,0.800000,0.500000
195,1,1,12.000000,0.000000,0.500000
196,0,0,12.000000,0.000000,0.500000
197,1,1,18.000000,0.800000,0.500000
198,0,0,12.000000,0.000000,0.500000
199,0,0,12.000000,0.000000,0.500000
200,0,0,12.000000,0.000000,0.500000
201,1,1,18.000000,0.800000,0.500000
202,0,0,12.000000,0.000000,0.500000
203,0,0,12.000000,0.000000,0.500000
204,1,1,12.000000,0.000000,0.500000
205,0,0,12.000000,0.000000,0.500000
206,0,0,12.000000,0.000000,0.500000
207,0,0,18.000000,0.800000,0.500000
208,0,0,12.000000,0.000000,0.500000
209,1,0,12.000000,0.000000,0.500000
210,0,0,12.000000,0.000000,0.500000
211,1,0,12.000000,0.000000,0.500000
212,0,0,12.000000,0.000000,0.500000
213,1,1,12.000000,0.000000,0.500000
214,1,1,18.000000,0.800000,0.500000
215,0,0,18.000000,0.800000,0.500000
216,1,1,18.000000,0.800000,0.500000
217,1,1,12.000000,0.000000,0.500000
218,1,0,18.000000,0.800000,0.500000
219,0,0,12.000000,0.000000,0.500000
220,0,0,12.000000,0.000000,0.500000
221,0,0,18.000000,0.900000,0.500000
222,1,1,18.000000,0.800000,0.500000
223,1,1,12.000000,0.000000,0.500000
224,0,0,12.000000,0.000000,0.500000
225,0,0,12.000000,0.000000,0.500000
226,0,0,18.000000,0.800000,0.500000
227,0,0,18.000000,0.800000,0.500000
228,0,0,12.000000,0.000000,0.500000
229,0,0,18.000000,0.900000,0.500000
230,1,1,12.000000,0.000000,0.500000
231,1,0,12.000000,0.000000,0.500000
232,1,1,18.000000,0.800000,0.500000
233,0,0,12.000000,0.000000,0.500000
234,0,0,18.000000,0.800000,0.500000
235,1,1,12.000000,0.000000,0.500000
236,1,1,12.000000,0.000000,0.500000
237,1,1,12.000000,0.000000,0.500000
238,1,1,12.000000,0.000000,0.500000
239,1,1,12.000000,0.000000,0.500000
240,0,0,12.000000,0.000000,0.500000
241,0,0,18.000000,0.800000,0.500000
242,0,0,12.000000,0.000000,0.500000
243,0,0,18.000000,0.900000,0.500000
244,0,0,12.000000,0.000000,0.500000
245,0,0,12.000000,0.000000,0.500000
246,1,1,18.000000,0.800000,0.500000
247,1,1,12.000000,0.000000,0.500000
248,1,1,18.000000,0.800000,0.500000
249,0,0,18.000000,0.800000,0.500000
250,1,1,12.000000,0.000000,0.500000
251,1,1,12.000000,0.000000,0.500000
252,0,1,12.000000,0.000000,0.500000
253,1,1,18.000000,0.800000,0.500000
254,0,0,18.000000,0.800000,0.500000
255,1,1,12.000000,0.000000,0.500000
256,0,0,12.000000,0.000000,0.500000
257,1,1,12.000000,0.000000,0.500000
258,0,0,12.000000,0.000000,0.500000
259,0,0,12.000000,0.000000,0.500000
260,0,0,18.000000,0.800000,0.500000
261,0,0,12.000000,0.000000,0.500000
262,0,0,18.000000,0.800000,0.500000
263,1,1,18.000000,0.800000,0.500000
264,0,0,12.000000,0.000000,0.500000
265,1,1,18.000000,0.900000,0.500000
266,0,0,12.000000,0.000000,0.500000
267,1,1,12.000000,0.000000,0.500000
268,0,0,12.000000,0.000000,0.500000
269,1,0,18.000000,0.800000,0.500000
270,0,0,12.000000,0.000000,0.500000
271,0,0,18.000000,0.800000,0.500000
272,1,1,12.000000,0.000000,0.500000
273,0,0,12.000000,0.000000,0.500000
274,1,1,12.000000,0.000000,0.500000
275,1,1,18.000000,0.800000,0.500000
276,0,0,18.000000,0.800000,0.500000
277,0,0,12.000000,0.000000,0.500000
278,0,0,18.000000,0.800000,0.500000
279,0,0,18.000000,0.900000,0.500000
280,0,0,12.000000,0.000000,0.500000
281,0,0,18.000000,0.800000,0.500000
282,1,1,18.000000,0.800000,0.500000
283,1,1,12.000000,0.000000,0.500000
284,0,0,12.000000,0.000000,0.500000
285,1,1,12.000000,0.000000,0.500000
286,1,1,12.000000,0.000000,0.500000
287,0,0,12.000000,0.000000,0.500000
288,0,0,18.000000,0.800000,0.500000
289,1,1,12.000000,0.000000,0.500000
290,1,1,12.000000,0.000000,0.500000
291,1,1,18.000000,0.800000,0.500000
292,1,1,12.000000,0.000000,0.500000
293,0,0,12.000000,0.000000,0.500000
294,0,0,18.000000,0.800000,0.500000
295,1,0,18.000000,0.800000,0.500000
296,1,1,18.000000,0.800000,0.500000
297,1,1,12.000000,0.000000,0.500000
298,0,0,12.000000,0.000000,0.500000
299,1,1,12.000000,0.000000,0.500000
300,1,1,12.000000,0.000000,0.500000
301,1,1,12.000000,0.000000,0.500000
302,0,0,18.000000,0.800000,0.500000
303,1,0,18.000000,0.800000,0.500000
304,0,0,18.000000,0.800000,0.500000
305,1,1,18.000000,0.800000,0.500000
306,0,0,12.000000,0.000000,0.500000
307,1,1,12.000000,0.000000,0.500000
308,1,1,12.000000,0.000000,0.500000
309,1,1,12.000000,0.000000,0.500000
310,0,0,12.000000,0.000000,0.500000
311,1,1,12.000000,0.000000,0.500000
312,1,1,12.000000,0.000000,0.500000
313,0,0,12.000000,0.000000,0.500000
314,1,0,18.000000,0.800000,0.500000
315,1,1,12.000000,0.000000,0.500000
316,1,1,18.000000,0.800000,0.500000
317,1,1,12.000000,0.000000,0.500000
318,1,1,12.000000,0.000000,0.500000
319,1,1,18.000000,0.800000,0.500000
320,0,0,12.000000,0.000000,0.500000
321,1,1,12.000000,0.000000,0.500000
322,1,1,12.000000,0.000000,0.500000
323,0,0,12.000000,0.000000,0.500000
324,1,1,18.000000,0.900000,0.500000
325,0,0,12.000000,0.000000,0.500000
326,0,0,18.000000,0.800000,0.500000
327,0,0,12.000000,0.000000,0.500000
328,1,1,12.000000,0.000000,0.500000
329,0,0,12.000000,0.000000,0.500000
330,0,0,12.000000,0.000000,0.500000
331,1,1,18.000000,0.800000,0.500000
332,1,1,18.000000,0.800000,0.500000
333,0,0,12.000000,0.000000,0.500000
334,1,1,18.000000,0.800000,0.500000
335,1,0,12.000000,0.000000,0.500000
336,0,0,12.000000,0.000000,0.500000
337,1,1,12.000000,0.000000,0.500000
338,0,0,12.000000,0.000000,0.500000
339,0,1,12.000000,0.000000,0.500000
340,1,1,12.000000,0.000000,0.500000
341,0,0,12.000000,0.000000,0.500000
342,0,0,12.000000,0.000000,0.500000
343,1,1,18.000000,0.800000,0.500000
344,0,1,18.000000,0.800000,0.500000
345,0,0,12.000000,0.000000,0.500000
346,1,1,18.000000,0.800000,0.500000
347,1,1,12.000000,0.000000,0.500000
348,0,0,12.000000,0.000000,0.500000
349,1,1,12.000000,0.000000,0.500000
350,0,1,12.000000,0.000000,0.500000
351,1,1,12.000000,0.000000,0.500000
352,0,0,12.000000,0.000000,0.500000
353,1,1,12.000000,0.000000,0.500000
354,1,1,18.000000,0.900000,0.500000
355,0,0,12.000000,0.000000,0.500000
356,0,1,12.000000,0.000000,0.500000
357,1,1,18.000000,0.800000,0.500000
358,0,1,18.000000,0.900000,0.500000
359,0,0,12.000000,0.000000,0.500000
360,0,0,18.000000,0.800000,0.500000
361,1,1,18.000000,0.800000,0.500000
362,1,1,12.000000,0.000000,0.500000
363,0,0,12.000000,0.000000,0.500000
364,0,0,12.000000,0.000000,0.500000
365,0,0,12.000000,0.000000,0.500000
366,1,1,18.000000,0.800000,0.500000
367,0,1,18.000000,0.800000,0.500000
368,0,0,12.000000,0.000000,0.500000
369,1,1,18.000000,0.800000,0.500000
370,0,0,12.000000,0.000000,0.500000
371,0,0,12.000000,0.000000,0.500000
372,1,1,12.000000,0.000000,0.500000
373,1,1,12.000000,0.000000,0.500000
374,0,0,12.000000,0.000000,0.500000
375,1,1,18.000000,0.800000,0.500000
376,1,1,18.000000,0.900000,0.500000
377,1,1,12.000000,0.000000,0.500000
378,0,0,12.000000,0.000000,0.500000
379,0,0,12.000000,0.000000,0.500000
380,0,0,18.000000,0.800000,0.500000
381,0,0,12.000000,0.000000,0.500000
382,1,1,18.000000,0.800000,0.500000
383,1,1,12.000000,0.000000,0.500000
384,0,0,12.000000,0.000000,0.500000
385,0,0,12.000000,0.000000,0.500000
386,1,1,18.000000,0.900000,0.500000
387,1,1,18.000000,0.900000,0.500000
388,0,0,12.000000,0.000000,0.500000
389,0,0,18.000000,0.800000,0.500000
390,1,1,12.000000,0.000000,0.500000
391,1,0,12.000000,0.000000,0.500000
392,1,1,12.000000,0.000000,0.500000
393,1,1,12.000000,0.000000,0.500000
394,1,1,12.000000,0.000000,0.500000
395,1,1,18.000000,0.800000,0.500000
396,0,0,12.000000,0.000000,0.500000
397,0,1,18.000000,0.800000,0.500000
398,0,0,18.000000,0.800000,0.500000
399,0,0,12.000000,0.000000,0.500000
400,1,1,18.000000,0.800000,0.500000
401,1,1,12.000000,0.000000,0.500000
402,1,1,12.000000,0.000000,0.500000
403,1,1,12.000000,0.000000,0.500000
404,1,1,12.000000,0.000000,0.500000
405,0,0,12.000000,0.000000,0.500000
406,0,0,12.000000,0.000000,0.500000
407,1,1,12.000000,0.000000,0.500000
408,1,1,18.000000,0.900000,0.500000
409,0,0,12.000000,0.000000,0.500000
410,1,1,12.000000,0.000000,0.500000
411,0,0,18.000000,0.800000,0.500000
412,1,1,18.000000,0.800000,0.500000
413,0,0,12.000000,0.000000,0.500000
414,0,0,12.000000,0.000000,0.500000
415,0,0,12.000000,0.000000,0.500000
416,1,1,12.000000,0.000000,0.500000
417,1,1,12.000000,0.000000,0.500000
418,0,0,12.000000,0.000000,0.500000
419,0,0,18.000000,0.800000,0.500000
420,1,1,12.000000,0.000000,0.500000
421,1,1,18.000000,0.800000,0.500000
422,1,1,18.000000,0.800000,0.500000
423,0,0,12.000000,0.000000,0.500000
424,0,0,12.000000,0.000000,0.500000
425,1,1,12.000000,0.000000,0.500000
426,1,0,18.000000,0.800000,0.500000
427,0,0,12.000000,0.000000,0.500000
428,1,1,12.000000,0.000000,0.500000
429,1,1,18.000000,0.800000,0.500000
430,0,0,12.000000,0.000000,0.500000
431,1,1,18.000000,0.800000,0.500000
432,0,0,12.000000,0.000000,0.500000
433,1,1,12.000000,0.000000,0.500000
434,1,1,12.000000,0.000000,0.500000
435,0,1,18.000000,0.900000,0.500000
436,1,1,18.000000,0.800000,0.500000
437,1,1,18.000000,0.800000,0.500000
438,1,1,18.000000,0.800000,0.500000
439,0,0,12.000000,0.000000,0.500000
440,1,1,12.000000,0.000000,0.500000
441,1,1,12.000000,0.000000,0.500000
442,1,1,12.000000,0.000000,0.500000
443,0,1,18.000000,0.900000,0.500000
444,0,1,12.000000,0.000000,0.500000
445,0,0,18.000000,0.800000,0.500000
446,0,0,12.000000,0.000000,0.500000
447,0,0,18.000000,0.800000,0.500000
448,1,1,18.000000,0.900000,0.500000
449,1,1,12.000000,0.000000,0.500000
450,0,0,12.000000,0.000000,0.500000
451,1,1,12.000000,0.000000,0.500000
452,1,1,12.000000,0.000000,0.500000
453,1,1,18.000000,0.900000,0.500000
454,0,0,18.000000,0.800000,0.500000
455,0,0,12.000000,0.000000,0.500000
456,1,1,12.000000,0.000000,0.500000
457,1,1,12.000000,0.000000,0.500000
458,1,1,18.000000,0.800000,0.500000
459,0,1,12.000000,0.000000,0.500000
460,0,0,12.000000,0.000000,0.500000
461,0,0,12.000000,0.000000,0.500000
462,0,0,12.000000,0.000000,0.500000
463,0,0,18.000000,0.900000,0.500000
464,1,1,12.000000,0.000000,0.500000
465,0,0,12.000000,0.000000,0.500000
466,0,0,18.000000,0.800000,0.500000
467,0,0,12.000000,0.000000,0.500000
468,1,1,12.000000,0.000000,0.500000
469,1,1,12.000000,0.000000,0.500000
470,1,1,12.000000,0.000000,0.500000
471,0,0,12.000000,0.000000,0.500000
472,0,0,18.000000,0.800000,0.500000
473,0,0,18.000000,0.800000,0.500000
474,0,0,12.000000,0.000000,0.500000
475,0,0,12.000000,0.000000,0.500000
476,1,1,18.000000,0.800000,0.500000
477,0,0,12.000000,0.000000,0.500000
478,0,0,12.000000,0.000000,0.500000
479,0,0,18.000000,0.800000,0.500000
480,1,1,12.000000,0.000000,0.500000
481,1,1,12.000000,0.000000,0.500000
482,0,0,18.000000,0.800000,0.500000
483,0,0,12.000000,0.000000,0.500000
484,1,1,12.000000,0.000000,0.500000
485,1,1,12.000000,0.000000,0.500000
486,1,1,12.000000,0.000000,0.500000
487,0,0,18.000000,0.800000,0.500000
488,1,1,18.000000,0.800000,0.500000
489,1,1,12.000000,0.000000,0.500000
490,0,0,18.000000,0.800000,0.500000
491,1,1,12.000000,0.000000,0.500000
492,1,1,12.000000,0.000000,0.500000
493,1,1,18.000000,0.800000,0.500000
494,0,0,12.000000,0.000000,0.500000
495,0,0,18.000000,0.900000,0.500000
496,1,1,18.000000,0.900000,0.500000
497,0,0,18.000000,0.800000,0.500000
498,0,0,12.000000,0.000000,0.500000
499,1,1,18.000000,0.800000,0.500000
500,1,0,12.000000,0.000000,0.500000
501,0,0,18.000000,0.900000,0.500000
502,1,1,12.000000,0.000000,0.500000
503,1,1,12.000000,0.000000,0.500000
504,1,1,12.000000,0.000000,0.500000
505,0,0,18.000000,0.800000,0.500000
506,0,0,12.000000,0.000000,0.500000
507,0,0,12.000000,0.000000,0.500000
508,0,0,18.000000,0.900000,0.500000
509,1,1,12.000000,0.000000,0.500000
510,1,1,12.000000,0.000000,0.500000
511,1,1,18.000000,0.800000,0.500000
512,1,1,12.000000,0.000000,0.500000
513,0,0,12.000000,0.000000,0.500000
514,0,0,12.000000,0.000000,0.500000
515,0,0,18.000000,0.800000,0.500000
516,0,0,12.000000,0.000000,0.500000
517,0,0,18.000000,0.800000,0.500000
518,0,0,12.000000,0.000000,0.500000
519,0,0,12.000000,0.000000,0.500000
520,1,1,12.000000,0.000000,0.500000
521,0,0,12.000000,0.000000,0.500000
522,1,1,12.000000,0.000000,0.500000
523,0,0,18.000000,0.900000,0.500000
524,0,0,12.000000,0.000000,0.500000
525,0,0,12.000000,0.000000,0.500000
526,1,0,18.000000,0.800000,0.500000
527,1,1,12.000000,0.000000,0.500000
528,0,0,18.000000,0.800000,0.500000
529,0,0,18.000000,0.900000,0.500000
530,1,1,12.000000,0.000000,0.500000
531,0,0,12.000000,0.000000,0.500000
532,1,1,18.000000,0.800000,0.500000
533,1,0,18.000000,0.800000,0.500000
534,1,1,12.000000,0.000000,0.500000
535,0,0,12.000000,0.000000,0.500000
536,0,0,12.000000,0.000000,0.500000
537,1,1,12.000000,0.000000,0.500000
538,1,0,18.000000,0.800000,0.500000
539,0,0,12.000000,0.000000,0.500000
540,1,1,12.000000,0.000000,0.500000
541,0,0,12.000000,0.000000,0.500000
542,0,0,12.000000,0.000000,0.500000
543,0,1,18.000000,0.900000,0.500000
544,0,0,18.000000,0.800000,0.500000
545,0,1,18.000000,0.800000,0.500000
546,1,1,12.000000,0.000000,0.500000
547,0,0,12.000000,0.000000,0.500000
548,1,1,12.000000,0.000000,0.500000
549,1,1,18.000000,0.800000,0.500000
550,0,0,18.000000,0.800000,0.500000
551,0,0,18.000000,0.800000,0.500000
552,1,0,18.000000,0.800000,0.500000
553,1,1,12.000000,0.000000,0.500000
554,0,1,18.000000,0.800000,0.500000
555,0,0,12.000000,0.000000,0.500000
556,0,0,12.000000,0.000000,0.500000
557,0,0,12.000000,0.000000,0.500000
558,1,1,12.000000,0.000000,0.500000
559,1,1,18.000000,0.800000,0.500000
560,1,1,12.000000,0.000000,0.500000
561,0,0,12.000000,0.000000,0.500000
562,1,1,12.000000,0.000000,0.500000
563,0,0,12.000000,0.000000,0.500000
564,1,1,12.000000,0.000000,0.500000
565,1,1,12.000000,0.000000,0.500000
566,1,1,12.000000,0.000000,0.500000
567,0,0,12.000000,0.000000,0.500000
568,0,0,12.000000,0.000000,0.500000
569,0,1,18.000000,0.800000,0.500000
570,0,0,12.000000,0.000000,0.500000
571,1,1,18.000000,0.800000,0.500000
572,0,1,18.000000,0.800000,0.500000
573,1,1,12.000000,0.000000,0.500000
574,0,0,12.000000,0.000000,0.500000
575,1,1,12.000000,0.000000,0.500000
576,0,0,12.000000,0.000000,0.500000
577,1,1,12.000000,0.000000,0.500000
578,0,0,24.000000,0.700000,0.500000
579,1,1,12.000000,0.000000,0.500000
580,0,0,12.000000,0.000000,0.500000
581,0,0,12.000000,0.000000,0.500000
582,1,0,12.000000,0.000000,0.500000
583,1,1,12.000000,0.000000,0.500000
584,1,1,18.000000,0.800000,0.500000
585,1,1,12.000000,0.000000,0.500000
586,0,0,12.000000,0.000000,0.500000
587,0,0,12.000000,0.000000,0.500000
588,0,0,12.000000,0.000000,0.500000
589,1,1,12.000000,0.000000,0.500000
590,0,0,12.000000,0.000000,0.500000
591,1,1,12.000000,0.000000,0.500000
592,0,0,12.000000,0.000000,0.500000
593,0,0,12.000000,0.000000,0.500000
594,1,1,12.000000,0.000000,0.500000
595,0,0,12.000000,0.000000,0.500000
596,0,0,12.000000,0.000000,0.500000
597,1,1,18.000000,0.800000,0.500000
598,0,0,12.000000,0.000000,0.500000
599,0,0,12.000000,0.000000,0.500000
600,1,1,12.000000,0.000000,0.500000
601,0,0,18.000000,0.800000,0.500000
602,1,1,12.000000,0.000000,0.500000
603,1,1,12.000000,0.000000,0.500000
604,1,1,12.000000,0.000000,0.500000
605,1,1,12.000000,0.000000,0.500000
606,1,0,18.000000,0.800000,0.500000
607,0,0,18.000000,0.800000,0.500000
608,1,1,18.000000,0.800000,0.500000
609,1,1,18.000000,0.800000,0.500000
610,1,1,18.000000,0.800000,0.500000
611,1,1,12.000000,0.000000,0.500000
612,1,1,12.000000,0.000000,0.500000
613,1,1,12.000000,0.000000,0.500000
614,1,1,12.000000,0.000000,0.500000
615,1,1,18.000000,0.800000,0.500000
616,1,0,18.000000,0.900000,0.500000
617,0,0,18.000000,0.800000,0.500000
618,1,0,18.000000,0.800000,0.500000
619,1,1,12.000000,0.000000,0.500000
620,1,1,12.000000,0.000000,0.500000
621,0,0,12.000000,0.000000,0.500000
622,0,0,18.000000,0.800000,0.500000
623,0,0,12.000000,0.000000,0.500000
624,1,1,18.000000,0.900000,0.500000
625,1,1,18.000000,0.800000,0.500000
626,0,1,18.000000,0.800000,0.500000
627,0,0,12.000000,0.000000,0.500000
628,1,1,18.000000,0.800000,0.500000
629,0,0,12.000000,0.000000,0.500000
630,1,1,12.000000,0.000000,0.500000
631,1,1,12.000000,0.000000,0.500000
632,1,1,12.000000,0.000000,0.500000
633,1,1,12.000000,0.000000,0.500000
634,1,1,12.000000,0.000000,0.500000
635,1,1,12.000000,0.000000,0.500000
636,0,0,18.000000,0.800000,0.500000
637,1,1,18.000000,0.800000,0.500000
638,0,0,18.000000,0.800000,0.500000
639,1,1,12.000000,0.000000,0.500000
640,0,0,18.000000,0.800000,0.500000
641,0,0,12.000000,0.000000,0.500000
642,0,0,18.000000,0.800000,0.500000
643,1,1,12.000000,0.000000,0.500000
644,1,1,12.000000,0.000000,0.500000
645,1,1,12.000000,0.000000,0.500000
646,1,1,12.000000,0.000000,0.500000
647,0,0,12.000000,0.000000,0.500000
648,0,0,12.000000,0.000000,0.500000
649,1,1,12.000000,0.000000,0.500000
650,0,0,12.000000,0.000000,0.500000
651,1,1,12.000000,0.000000,0.500000
652,0,0,12.000000,0.000000,0.500000
653,1,1,18.000000,0.800000,0.500000
654,0,0,12.000000,0.000000,0.500000
655,1,1,12.000000,0.000000,0.500000
656,1,1,12.000000,0.000000,0.500000
657,1,1,12.000000,0.000000,0.500000
658,1,1,18.000000,0.800000,0.500000
659,1,1,12.000000,0.000000,0.500000
660,0,0,12.000000,0.000000,0.500000
661,0,0,12.000000,0.000000,0.500000
662,1,1,12.000000,0.000000,0.500000
663,1,1,12.000000,0.000000,0.500000
664,1,1,12.000000,0.000000,0.500000
665,0,1,18.000000,0.800000,0.500000
666,0,0,12.000000,0.000000,0.500000
667,0,0,12.000000,0.000000,0.500000
668,1,1,12.000000,0.000000,0.500000
669,0,1,18.000000,0.800000,0.500000
670,1,1,12.000000,0.000000,0.500000
671,0,0,12.000000,0.000000,0.500000
672,1,1,12.000000,0.000000,0.500000
673,1,1,12.000000,0.000000,0.500000
674,1,1,12.000000,0.000000,0.500000
675,0,0,12.000000,0.000000,0.500000
676,1,1,18.000000,0.800000,0.500000
677,0,0,12.000000,0.000000,0.500000
678,0,0,12.000000,0.000000,0.500000
679,1,1,12.000000,0.000000,0.500000
680,1,1,18.000000,0.800000,0.500000
681,0,1,18.000000,0.800000,0.500000
682,0,0,18.000000,0.800000,0.500000
683,1,1,12.000000,0.000000,0.500000
684,1,1,12.000000,0.000000,0.500000
685,0,1,12.000000,0.000000,0.500000
686,1,0,12.000000,0.000000,0.500000
687,1,1,12.000000,0.000000,0.500000
688,1,1,12.000000,0.000000,0.500000
689,0,0,12.000000,0.000000,0.500000
690,1,1,18.000000,0.800000,0.500000
691,1,1,12.000000,0.000000,0.500000
692,0,0,12.000000,0.000000,0.500000
693,1,1,12.000000,0.000000,0.500000
694,0,0,18.000000,0.800000,0.500000
695,0,0,12.000000,0.000000,0.500000
696,1,1,12.000000,0.000000,0.500000
697,1,1,18.000000,0.900000,0.500000
698,1,1,18.000000,0.800000,0.500000
699,1,1,12.000000,0.000000,0.500000
700,0,0,12.000000,0.000000,0.500000
701,0,0,18.000000,0.800000,0.500000
702,0,0,12.000000,0.000000,0.500000
703,0,0,18.000000,0.800000,0.500000
704,0,0,12.000000,0.000000,0.500000
705,0,0,12.000000,0.000000,0.500000
706,0,0,18.000000,0.900000,0.500000
707,1,1,12.000000,0.000000,0.500000
708,0,0,12.000000,0.000000,0.500000
709,0,0,12.000000,0.000000,0.500000
710,1,1,18.000000,0.800000,0.500000
711,1,1,12.000000,0.000000,0.500000
712,1,1,12.000000,0.000000,0.500000
713,0,0,18.000000,0.800000,0.500000
714,0,0,18.000000,0.800000,0.500000
715,0,0,18.000000,0.800000,0.500000
716,1,1,12.000000,0.000000,0.500000
717,1,1,12.000000,0.000000,0.500000
718,0,0,12.000000,0.000000,0.500000
719,0,0,18.000000,0.900000,0.500000
720,0,0,18.000000,0.800000,0.500000
721,1,0,12.000000,0.000000,0.500000
722,0,0,18.000000,0.900000,0.500000
723,1,1,12.000000,0.000000,0.500000
724,0,0,12.000000,0.000000,0.500000
725,1,1,18.000000,0.800000,0.500000
726,1,1,18.000000,0.900000,0.500000
727,0,0,18.000000,0.800000,0.500000
728,0,0,12.000000,0.000000,0.500000
729,1,1,12.000000,0.000000,0.500000
730,0,0,12.000000,0.000000,0.500000
731,0,0,18.000000,0.800000,0.500000
732,0,0,12.000000,0.000000,0.500000
733,1,1,18.000000,0.800000,0.500000
734,0,0,12.000000,0.000000,0.500000
735,0,0,12.000000,0.000000,0.500000
736,0,0,18.000000,0.800000,0.500000
737,0,0,12.000000,0.000000,0.500000
738,1,1,18.000000,0.800000,0.500000
739,1,1,12.000000,0.000000,0.500000
740,0,1,18.000000,0.800000,0.500000
741,1,1,12.000000,0.000000,0.500000
742,0,0,18.000000,0.800000,0.500000
743,0,1,18.000000,0.800000,0.500000
744,1,1,12.000000,0.000000,0.500000
745,1,1,12.000000,0.000000,0.500000
746,0,0,12.000000,0.000000,0.500000
747,1,1,12.000000,0.000000,0.500000
748,1,1,12.000000,0.000000,0.500000
749,1,1,12.000000,0.000000,0.500000
750,1,1,12.000000,0.000000,0.500000
751,0,0,12.000000,0.000000,0.500000
752,0,0,12.000000,0.000000,0.500000
753,0,0,12.000000,0.000000,0.500000
754,1,1,12.000000,0.000000,0.500000
755,1,0,12.000000,0.000000,0.500000
756,0,0,18.000000,0.900000,0.500000
757,0,1,18.000000,0.800000,0.500000
758,0,0,12.000000,0.000000,0.500000
759,0,0,12.000000,0.000000,0.500000
760,1,1,18.000000,0.800000,0.500000
761,1,1,12.000000,0.000000,0.500000
762,1,1,12.000000,0.000000,0.500000
763,0,0,12.000000,0.000000,0.500000
764,1,1,18.000000,0.800000,0.500000
765,0,1,12.000000,0.000000,0.500000
766,0,0,12.000000,0.000000,0.500000
767,1,1,12.000000,0.000000,0.500000
768,0,0,18.000000,0.800000,0.500000
769,0,0,18.000000,0.800000,0.500000
770,0,0,18.000000,0.800000,0.500000
771,1,1,12.000000,0.000000,0.500000
772,0,0,12.000000,0.000000,0.500000
773,0,0,12.000000,0.000000,0.500000
774,0,0,12.000000,0.000000,0.500000
775,1,0,12.000000,0.000000,0.500000
776,1,1,12.000000,0.000000,0.500000
777,0,0,12.000000,0.000000,0.500000
778,1,1,12.000000,0.000000,0.500000
779,0,0,12.000000,0.000000,0.500000
780,0,0,12.000000,0.000000,0.500000
781,0,0,18.000000,0.800000,0.500000
782,1,1,12.000000,0.000000,0.500000
783,1,1,12.000000,0.000000,0.500000
784,1,1,12.000000,0.000000,0.500000
785,1,1,18.000000,0.900000,0.500000
786,0,1,12.000000,0.000000,0.500000
787,0,1,18.000000,0.800000,0.500000
788,0,0,12.000000,0.000000,0.500000
789,1,0,18.000000,0.800000,0.500000
790,1,1,12.000000,0.000000,0.500000
791,0,0,18.000000,0.900000,0.500000
792,1,1,12.000000,0.000000,0.500000
793,0,0,12.000000,0.000000,0.500000
794,0,0,12.000000,0.000000,0.500000
795,0,0,12.000000,0.000000,0.500000
796,1,0,18.000000,0.800000,0.500000
797,1,1,12.000000,0.000000,0.500000
798,0,0,12.000000,0.000000,0.500000
799,1,1,18.000000,0.800000,0.500000
800,0,0,12.000000,0.000000,0.500000
801,0,0,18.000000,0.800000,0.500000
802,0,0,18.000000,0.900000,0.500000
803,1,1,12.000000,0.000000,0.500000
804,1,1,12.000000,0.000000,0.500000
805,1,1,12.000000,0.000000,0.500000
806,0,1,18.000000,0.800000,0.500000
807,0,0,12.000000,0.000000,0.500000
808,1,1,12.000000,0.000000,0.500000
809,0,0,12.000000,0.000000,0.500000
810,1,1,18.000000,0.800000,0.500000
811,1,1,12.000000,0.000000,0.500000
812,0,0,12.000000,0.000000,0.500000
813,1,1,12.000000,0.000000,0.500000
814,0,0,18.000000,0.900000,0.500000
815,0,0,12.000000,0.000000,0.500000
816,0,0,18.000000,0.800000,0.500000
817,1,1,18.000000,0.800000,0.500000
818,1,1,12.000000,0.000000,0.500000
819,0,1,18.000000,0.800000,0.500000
820,0,0,18.000000,0.800000,0.500000
821,0,0,12.000000,0.000000,0.500000
822,0,0,12.000000,0.000000,0.500000
823,0,0,12.000000,0.000000,0.500000
824,1,1,12.000000,0.000000,0.500000
825,1,1,12.000000,0.000000,0.500000
826,0,0,12.000000,0.000000,0.500000
827,0,0,12.000000,0.000000,0.500000
828,1,1,18.000000,0.800000,0.500000
829,0,0,12.000000,0.000000,0.500000
830,0,1,18.000000,0.800000,0.500000
831,0,0,12.000000,0.000000,0.500000
832,1,1,12.000000,0.000000,0.500000
833,1,1,18.000000,0.800000,0.500000
834,0,0,12.000000,0.000000,0.500000
835,0,0,18.000000,0.800000,0.500000
836,1,1,12.000000,0.000000,0.500000
837,0,1,12.000000,0.000000,0.500000
838,1,1,18.000000,0.900000,0.500000
839,0,0,12.000000,0.000000,0.500000
840,0,0,12.000000,0.000000,0.500000
841,0,0,18.000000,0.800000,0.500000
842,0,0,12.000000,0.000000,0.500000
843,0,0,12.000000,0.000000,0.500000
844,1,1,18.000000,0.800000,0.500000
845,0,0,12.000000,0.000000,0.500000
846,0,0,12.000000,0.000000,0.500000
847,1,1,12.000000,0.000000,0.500000
848,1,1,18.000000,0.800000,0.500000
849,0,0,12.000000,0.000000,0.500000
850,1,0,12.000000,0.000000,0.500000
851,0,0,12.000000,0.000000,0.500000
852,1,1,12.000000,0.000000,0.500000
853,0,0,12.000000,0.000000,0.500000
854,0,0,12.000000,0.000000,0.500000
855,0,0,18.000000,0.900000,0.500000
856,0,0,18.000000,0.800000,0.500000
857,0,0,12.000000,0.000000,0.500000
858,1,1,12.000000,0.000000,0.500000
859,1,1,12.000000,0.000000,0.500000
860,0,0,12.000000,0.000000,0.500000
861,0,0,18.000000,0.900000,0.500000
862,1,1,12.000000,0.000000,0.500000
863,1,1,18.000000,0.800000,0.500000
864,0,0,12.000000,0.000000,0.500000
865,0,0,12.000000,0.000000,0.500000
866,0,0,12.000000,0.000000,0.500000
867,0,0,12.000000,0.000000,0.500000
868,1,1,12.000000,0.000000,0.500000
869,1,1,18.000000,0.900000,0.500000
870,0,0,18.000000,0.800000,0.500000
871,1,1,12.000000,0.000000,0.500000
872,1,1,12.000000,0.000000,0.500000
873,0,0,18.000000,0.800000,0.500000
874,1,1,18.000000,0.800000,0.500000
875,0,0,12.000000,0.000000,0.500000
876,1,1,12.000000,0.000000,0.500000
877,1,1,12.000000,0.000000,0.500000
878,0,0,12.000000,0.000000,0.500000
879,1,1,12.000000,0.000000,0.500000
880,1,1,12.000000,0.000000,0.500000
881,1,1,12.000000,0.000000,0.500000
882,1,1,12.000000,0.000000,0.500000
883,0,0,12.000000,0.000000,0.500000
884,1,1,12.000000,0.000000,0.500000
885,1,1,18.000000,0.800000,0.500000
886,0,0,12.000000,0.000000,0.500000
887,0,0,12.000000,0.000000,0.500000
888,0,0,12.000000,0.000000,0.500000
889,1,1,12.000000,0.000000,0.500000
890,1,1,18.000000,0.800000,0.500000
891,0,0,12.000000,0.000000,0.500000
892,0,0,12.000000,0.000000,0.500000
893,1,1,12.000000,0.000000,0.500000
894,1,1,18.000000,0.800000,0.500000
895,0,0,12.000000,0.000000,0.500000
896,0,0,18.000000,0.800000,0.500000
897,1,1,18.000000,0.800000,0.500000
898,0,0,12.000000,0.000000,0.500000
899,0,0,18.000000,0.800000,0.500000
900,0,0,12.000000,0.000000,0.500000
901,1,1,12.000000,0.000000,0.500000
902,1,1,18.000000,0.900000,0.500000
903,1,1,12.000000,0.000000,0.500000
904,0,0,18.000000,0.800000,0.500000
905,1,1,12.000000,0.000000,0.500000
906,0,0,18.000000,0.800000,0.500000
907,1,1,12.000000,0.000000,0.500000
908,1,0,12.000000,0.000000,0.500000
909,0,0,12.000000,0.000000,0.500000
910,0,0,12.000000,0.000000,0.500000
911,1,1,12.000000,0.000000,0.500000
912,1,1,18.000000,0.900000,0.500000
913,1,1,12.000000,0.000000,0.500000
914,1,1,12.000000,0.000000,0.500000
915,1,1,12.000000,0.000000,0.500000
916,0,0,12.000000,0.000000,0.500000
917,0,0,12.000000,0.000000,0.500000
918,1,1,12.000000,0.000000,0.500000
919,1,1,12.000000,0.000000,0.500000
920,1,1,12.000000,0.000000,0.500000
921,1,1,12.000000,0.000000,0.500000
922,1,1,18.000000,0.800000,0.500000
923,1,1,18.000000,0.800000,0.500000
924,1,1,12.000000,0.000000,0.500000
925,0,0,12.000000,0.000000,0.500000
926,0,0,12.000000,0.000000,0.500000
927,1,1,12.000000,0.000000,0.500000
928,0,0,12.000000,0.000000,0.500000
929,1,1,12.000000,0.000000,0.500000
930,1,1,12.000000,0.000000,0.500000
931,0,0,18.000000,0.800000,0.500000
932,0,0,12.000000,0.000000,0.500000
933,0,1,12.000000,0.000000,0.500000
934,1,1,12.000000,0.000000,0.500000
935,1,1,18.000000,0.800000,0.500000
936,0,0,12.000000,0.000000,0.500000
937,1,1,18.000000,0.800000,0.500000
938,1,1,12.000000,0.000000,0.500000
939,0,0,12.000000,0.000000,0.500000
940,1,1,12.000000,0.000000,0.500000
941,0,0,12.000000,0.000000,0.500000
942,1,1,18.000000,0.800000,0.500000
943,1,1,12.000000,0.000000,0.500000
944,0,0,12.000000,0.000000,0.500000
945,1,0,12.000000,0.000000,0.500000
946,1,1,12.000000,0.000000,0.500000
947,1,1,12.000000,0.000000,0.500000
948,0,0,18.000000,0.900000,0.500000
949,0,0,12.000000,0.000000,0.500000
950,1,1,12.000000,0.000000,0.500000
951,1,1,12.000000,0.000000,0.500000
952,0,0,12.000000,0.000000,0.500000
953,0,0,18.000000,0.800000,0.500000
954,0,0,18.000000,0.800000,0.500000
955,0,0,12.000000,0.000000,0.500000
956,1,1,12.000000,0.000000,0.500000
957,0,0,18.000000,0.900000,0.500000
958,0,0,12.000000,0.000000,0.500000
959,1,1,12.000000,0.000000,0.500000
960,1,1,12.000000,0.000000,0.500000
961,1,1,18.000000,0.800000,0.500000
962,0,1,18.000000,0.800000,0.500000
963,1,1,18.000000,0.800000,0.500000
964,1,1,12.000000,0.000000,0.500000
965,0,0,12.000000,0.000000,0.500000
966,0,0,18.000000,0.800000,0.500000
967,1,1,12.000000,0.000000,0.500000
968,0,0,12.000000,0.000000,0.500000
969,0,0,12.000000,0.000000,0.500000
970,0,0,18.000000,0.800000,0.500000
971,1,1,18.000000,0.900000,0.500000
972,0,1,12.000000,0.000000,0.500000
973,1,1,18.000000,0.800000,0.500000
974,0,0,12.000000,0.000000,0.500000
975,1,1,18.000000,0.800000,0.500000
976,0,0,12.000000,0.000000,0.500000
977,0,0,12.000000,0.000000,0.500000
978,0,0,12.000000,0.000000,0.500000
979,1,1,12.000000,0.000000,0.500000
980,1,1,18.000000,0.800000,0.500000
981,1,1,18.000000,0.800000,0.500000
982,0,0,12.000000,0.000000,0.500000
983,0,0,18.000000,0.800000,0.500000
984,1,1,12.000000,0.000000,0.500000
985,1,1,12.000000,0.000000,0.500000
986,1,1,12.000000,0.000000,0.500000
987,0,0,12.000000,0.000000,0.500000
988,0,1,12.000000,0.000000,0.500000
989,1,1,18.000000,0.800000,0.500000
990,0,0,12.000000,0.000000,0.500000
991,0,0,12.000000,0.000000,0.500000
992,1,1,12.000000,0.000000,0.500000
993,0,0,12.000000,0.000000,0.500000
994,0,0,12.000000,0.000000,0.500000
995,1,1,18.000000,0.800000,0.500000
996,1,1,18.000000,0.800000,0.500000
997,0,0,12.000000,0.000000,0.500000
998,0,0,12.000000,0.000000,0.500000
999,0,0,18.000000,0.800000,0.500000
WorkerID,Gamma,TrueGamma
1075,0.493671,0.647061
1798,0.348463,0.626224
1888,0.479803,0.472281
1833,0.469126,0.909143
1562,0.639292,0.830793
1740,0.406912,0.845994
1093,0.468868,0.565115
1230,0.409547,0.416564
1952,0.409123,0.495626
1795,0.364795,0.323472
1580,0.605024,0.526072
1839,0.578056,0.748073
1981,0.468973,0.787250
1864,0.434291,0.880488
1980,0.463932,0.324687
1918,0.414983,0.786688
1434,0.802433,0.902142
1244,0.435958,0.272551
1400,0.468861,0.803398
1876,0.403310,1.384014
1268,0.318321,0.883934
1042,0.428185,0.216815
1159,0.654483,0.710162
1753,0.469756,0.480372
1285,0.464341,1.033588
1494,0.429534,0.697004
1411,0.643487,0.364929
1366,0.431647,0.569697
1156,0.636822,0.561016
1870,0.381414,0.345543
1397,0.668173,0.525523
1908,0.609009,0.882252
1427,0.457156,0.536600
1602,0.441158,0.268816
1201,0.632431,0.549290
1377,0.429926,0.344711
1843,0.409455,0.878871
1853,0.605472,0.566894
1638,0.469554,0.500770
1625,0.689283,0.537689
1017,0.634494,0.429257
1603,0.469773,1.214914
1157,0.670483,0.289188
1114,0.438201,0.577204
1790,0.313699,0.667965
1653,0.399020,0.420817
1106,0.459543,1.103775
1282,0.461044,0.680534
1368,0.469080,0.947245
1421,0.439194,0.320905
1407,0.469085,0.511091
1716,0.466137,0.674334
1216,0.670955,0.168114
1279,0.409088,0.366521
1089,0.465531,0.315390
1640,0.633831,0.511043
1337,0.439092,1.290696
1321,0.409238,0.653662
1823,0.438635,0.486982
1733,0.583622,0.357645
1671,0.674329,0.906692
1059,0.376498,0.434257
1365,0.657017,0.889657
1163,0.377093,1.836646
1120,0.408465,0.915043
1136,0.469080,0.400710
1902,0.460885,0.490215
1875,0.612453,0.666655
1428,0.400949,0.552725
1694,0.634707,0.827193
1962,0.434749,1.036842
1293,0.606619,0.367291
1703,0.605817,0.847136
1064,0.438772,0.226580
1334,0.409135,0.188766
1121,0.409040,0.720595
1656,0.432098,0.589971
1500,0.430866,0.556741
1033,0.462878,0.264983
1553,0.468874,1.229094
1697,0.379630,0.648639
1635,0.603450,0.320069
1180,0.637317,0.913217
1123,0.324183,0.218478
1145,0.469660,1.004721
1577,0.634713,0.705901
1665,0.602095,0.666139
1621,0.600006,0.566387
1013,0.468977,1.417441
1736,0.438205,1.002523
1965,0.657682,0.495683
1306,0.411764,1.294307
1591,0.434545,0.640226
1849,0.657092,0.665619
1406,0.661409,0.602524
1768,0.579631,0.252510
1622,0.469452,0.764194
1294,0.581099,0.261026
1275,0.451569,1.489319
1102,0.430071,0.244749
1676,0.379092,0.332448
1052,0.634977,0.303322
1312,0.438872,1.234205
1139,0.430249,0.954119
1679,0.783431,0.555641
1889,0.470193,0.195263
1217,0.654241,0.369378
1544,0.381601,1.096622
1044,0.401946,0.706244
1990,0.665905,0.937697
1045,0.408278,0.960691
1767,0.439086,0.941094
1160,0.406608,0.668424
1188,0.315206,0.457678
1356,0.559314,0.359492
1149,0.431609,0.318564
1947,0.468754,1.135175
1387,0.364610,1.769756
1168,0.468741,1.246622
1772,0.307856,0.852785
1370,0.437967,0.713288
1115,0.817425,0.509278
1489,0.399063,0.420223
1675,0.409989,0.831962
1014,0.653113,0.947145
1838,0.370703,0.673247
1721,0.401776,0.350036
1999,0.428338,0.301068
1472,0.409333,0.378233
1686,0.408675,0.189608
1860,0.408490,0.960588
1867,0.402400,0.383082
1311,0.378981,0.702406
1596,0.438656,1.155946
1905,0.431870,0.471533
1782,0.468970,0.217749
1764,0.605435,0.427361
1420,0.641169,0.976990
1300,0.658369,0.459910
1897,0.439081,1.112431
1524,0.373966,0.826781
1734,0.641861,0.593777
1991,0.468758,0.542029
1301,0.380718,0.423722
1481,0.438642,0.726933
1480,0.438535,0.934403
1922,0.438643,0.244819
1394,0.438643,0.529705
1478,0.438309,1.139900
1190,0.409129,1.062405
1752,0.401978,0.241367
1857,0.652983,0.459604
1290,0.636441,0.621431
1231,0.408376,1.138113
1383,0.438316,0.181426
1347,0.403312,1.427087
1911,0.460698,0.914851
1184,0.436128,0.276278
1384,0.672769,0.788041
1128,0.469776,1.127530
1382,0.379502,0.612105
1332,0.460876,0.471619
1392,0.468526,1.259747
1997,0.438213,0.397154
1470,0.429987,0.609502
1984,0.468969,0.322586
1467,0.661923,0.578882
1453,0.439081,0.272314
1748,0.639108,0.352940
1816,0.374779,0.574258
1932,0.469089,0.730618
1003,0.469089,0.640461
1041,0.402701,0.509352
1827,0.651397,1.045794
1164,0.378971,0.612930
1747,0.439404,0.365861
1529,0.669740,0.606146
1002,0.633889,0.799288
1021,0.433695,0.815164
1808,0.635200,0.644785
1508,0.432554,0.202592
1053,0.468971,1.311953
1910,0.830166,0.436060
1236,0.578849,1.224646
1437,0.603620,0.573445
1171,0.408912,0.398154
1637,0.438413,0.645627
1729,0.469333,0.538180
1372,0.543063,0.896986
1487,0.439707,1.415932
1297,0.379197,0.273740
1954,0.408587,0.472143
1879,0.433239,0.656546
1994,0.468972,0.849291
1081,0.379794,0.740543
1388,0.468757,0.708412
1543,0.439418,0.935111
1766,0.473269,0.445310
1567,0.469437,0.322227
1725,0.567307,1.108192
1222,0.439187,0.475826
1837,0.438526,0.165910
1536,0.400503,0.978469
1882,0.625980,0.506970
1350,0.435850,0.446511
1276,0.595247,0.965187
1006,0.427823,0.609449
1563,0.468978,0.374231
1558,0.959884,1.176136
1597,0.440478,0.617917
1951,0.350596,0.820091
1304,0.351792,0.537630
1514,0.464850,0.607908
1750,0.671408,0.588320
1205,0.393262,0.657851
1770,0.641067,0.397135
1152,0.661604,0.233922
1832,0.431173,0.459093
1197,0.669031,0.310238
1541,0.426468,0.481754
1548,0.432312,0.174719
1937,0.409153,0.926526
1074,0.438520,0.465153
1471,0.375556,1.239962
1126,0.432571,1.472823
1914,0.438422,0.844646
1032,0.439959,0.492844
1892,0.653670,0.353216
1727,0.468856,0.563505
1203,0.443295,0.597651
1065,0.374603,0.477088
1726,0.433743,1.184239
1408,0.469551,1.170600
1241,0.403676,0.777058
1243,0.636511,0.504024
1329,0.439094,0.537706
1116,0.469089,0.473118
1735,0.469089,0.760483
1100,0.408801,1.289719
1179,0.468867,1.375753
1605,0.438194,0.455407
1209,0.351300,0.892742
1534,0.805200,0.861069
1031,0.433192,1.277981
1435,0.468978,0.740919
1495,0.391957,0.288853
1079,0.793184,0.653976
1539,0.440398,0.929789
1877,0.461750,1.141512
1232,0.413159,0.912490
1599,0.430772,0.895735
1238,0.438525,0.372842
1442,0.438528,0.833987
1066,0.402859,0.518110
1589,0.427272,1.812246
1659,0.438508,0.361986
1975,0.411793,0.418329
1133,0.350452,0.261721
1225,0.367128,1.239654
1938,0.446207,0.363017
1080,0.408667,0.551718
1474,0.469765,0.960269
1923,0.664174,0.406291
1146,0.432620,0.359834
1609,0.464640,0.852420
1940,0.849058,0.353735
1318,0.438645,0.454669
1566,0.468978,0.622366
1855,0.426406,0.359230
1181,0.439280,1.044594
1846,0.468759,0.746947
1874,0.381084,0.524489
1351,0.432756,0.470233
1692,0.403665,0.266369
1273,0.438518,0.571915
1513,1.001497,1.022671
1811,0.438529,0.396416
1341,0.438623,0.385144
1786,0.457704,0.655722
1773,0.468533,0.293990
1807,0.459760,0.673671
1056,0.449326,0.493098
1555,0.641131,0.580718
1998,0.633331,1.114993
1895,0.465020,0.991852
1172,0.439301,0.499069
1034,0.456278,0.307767
1463,0.438257,0.551037
1274,0.468546,0.287294
1016,0.432047,0.772231
1584,0.459034,0.101760
1158,0.430832,1.035147
1848,0.431938,0.456531
1569,0.432855,1.008282
1104,0.468972,0.508167
1085,0.666236,0.780338
1974,0.469767,0.344325
1360,0.628213,0.897047
1219,0.469654,0.853641
1963,0.815829,0.369478
1847,0.439299,0.636324
1683,0.658529,0.408263
1492,0.635170,0.642919
1410,0.611233,0.469799
1223,0.438990,0.396923
1663,0.602500,0.232301
1476,0.352016,0.458280
1005,0.427210,0.700533
1949,0.755286,0.642284
1439,0.439508,0.980128
1979,0.440164,0.485467
1491,0.379299,0.654671
1906,0.632443,0.241766
1565,0.469657,0.716013
1251,0.438084,1.405386
1538,0.408589,0.677906
1221,0.665873,0.760625
1920,0.639207,0.991824
1873,0.463348,0.659626
1820,0.432900,0.787509
1043,0.664769,1.283093
1353,0.469765,0.565731
1140,0.469087,0.986751
1430,0.468134,0.596638
1588,0.463508,0.747646
1972,0.631079,0.575666
1254,0.654060,0.370848
1821,0.410091,0.245531
1648,0.439087,0.708254
1153,0.454275,0.794130
1062,0.439097,0.362134
1103,0.605880,1.052281
1008,0.433000,0.335507
1845,0.461538,0.504610
1777,0.468855,0.680040
1720,0.398004,0.510627
1854,0.468752,0.773134
1119,0.669664,0.971301
1208,0.469207,0.565506
1452,0.632639,0.932987
1988,0.431909,0.443349
1391,0.468971,0.319752
1831,0.438419,0.160407
1450,0.432017,0.063012
1464,0.462453,0.857543
1173,0.660350,0.659888
1751,0.664509,0.720587
1039,0.840113,0.976818
1441,0.444749,0.921861
1931,0.468868,0.737195
1379,0.409010,1.240278
1771,0.808901,0.400275
1512,0.438426,0.652469
1552,0.637142,0.434893
1706,0.438531,0.322532
1327,0.466097,0.775869
1651,0.815321,0.761762
1689,0.470299,0.825111
1444,0.459038,0.303084
1813,0.631084,1.174411
1196,0.439300,0.503306
1709,0.459409,0.725675
1636,0.409232,0.285508
1447,0.371612,0.399169
1690,0.426759,0.138724
1503,0.433071,0.669925
1330,0.469554,0.576220
1440,0.669495,0.496379
1469,0.439419,0.981978
1020,0.659390,0.846200
1047,0.469667,1.123302
1250,0.469665,1.868713
1504,0.639557,1.020876
1011,0.438099,0.632441
1708,0.459992,1.159429
1354,0.439092,0.374397
1578,0.440292,0.743725
1310,0.438634,1.738625
1336,0.408484,1.086139
1615,0.401722,0.588290
1695,0.454508,0.917113
1862,0.469083,0.606308
1362,0.463696,0.143071
1473,0.473634,0.552086
1973,0.470048,0.193648
1762,0.439104,0.656423
1799,0.439198,0.340178
1431,0.420748,1.044495
1424,0.429499,0.486473
1148,0.468968,1.030920
1794,0.430816,0.475685
1402,0.438062,0.700546
1950,0.628093,1.042659
1488,0.655261,0.690517
1634,0.578633,0.685506
1851,0.438669,0.674253
1187,0.438526,0.782519
1092,0.431481,0.908741
1286,0.469553,0.461815
1883,0.604820,0.868610
1211,0.430480,0.320742
1094,0.462948,0.361646
1788,0.438206,0.844267
1207,0.439874,0.322981
1506,0.642568,0.535263
1812,0.469669,0.899864
1741,0.836271,1.012126
1579,0.462066,0.418727
1150,0.469769,0.465199
1130,0.666699,1.200188
1046,0.438997,1.377080
1448,0.438414,0.490828
1660,0.438322,0.640928
1451,0.671928,1.772778
1707,0.663089,1.327803
1175,0.398499,0.392818
1627,0.438637,0.356739
1177,0.468978,0.089124
1060,0.463252,0.809298
1265,0.432234,0.435286
1346,0.468971,0.707811
1711,0.408363,0.426923
1861,0.652335,1.079581
1380,0.664289,0.918585
1639,0.459626,0.779573
1111,0.410963,0.964099
1763,0.320960,0.239721
1526,0.439203,1.126638
1007,0.438527,0.305594
1143,0.427060,0.504253
1890,0.614833,0.672273
1745,0.468647,0.177660
1530,0.457110,1.092440
1335,0.603411,0.525695
1802,0.455240,0.719721
1546,0.459093,1.374952
1912,0.468868,0.580654
1891,0.993912,0.564676
1928,0.443658,0.244080
1131,0.463690,0.867708
1458,0.425360,0.486222
1650,0.438302,0.812186
1568,0.395407,0.451883
1359,0.469339,0.358841
1235,0.546767,0.416953
1134,0.454188,0.849036
1948,0.469072,0.450983
1594,0.431127,0.744872
1841,0.671170,0.984740
1696,0.662754,1.038126
1953,0.353359,1.307033
1292,0.438874,0.397144
1345,0.638456,0.354597
1632,0.462442,0.486304
1167,0.397872,0.566068
1996,0.409360,0.200878
1992,0.610693,0.817476
1535,0.469665,0.539092
1705,0.403317,0.307350
1760,0.468861,0.791800
1455,0.438318,0.452734
1809,0.438630,0.554403
1475,0.401857,0.604655
1986,0.454566,0.904917
1804,0.468972,0.775168
1505,0.671986,1.118942
1582,0.413722,0.735791
1124,0.667853,0.301526
1295,0.469076,0.503350
1077,0.457928,0.060441
1652,0.466623,1.160317
1322,0.462287,1.192183
1048,0.462619,0.471078
1670,0.469659,0.907246
1010,0.673474,0.680745
1586,0.832660,0.845609
1628,0.408377,0.378335
1633,0.438304,0.283113
1662,0.400036,0.416364
1088,0.468858,1.184528
1718,0.468972,1.200579
1154,0.433398,0.650487
1320,0.655746,0.520501
1728,0.438860,0.450680
1257,0.611517,0.810700
1511,0.429196,0.841476
1560,0.846376,0.998274
1780,0.469554,0.689567
1618,0.424297,1.224937
1025,0.438205,0.520364
1982,0.416974,0.592395
1399,0.662119,0.667081
1349,0.402787,1.348767
1970,0.468855,0.905782
1955,0.468849,0.767737
1426,0.461031,1.629846
1921,0.470485,0.559702
1316,0.374573,0.629537
1765,0.438416,0.106012
1828,0.459010,0.258360
1858,0.619130,0.436819
1738,0.402892,0.234254
1389,0.455371,1.380212
1900,0.426474,0.327615
1655,0.423836,0.660727
1573,0.400455,0.689280
1960,0.469542,0.274774
1966,0.595495,0.793641
1608,0.606801,0.741042
1989,0.470289,1.164616
1519,0.438395,0.735629
1521,0.468868,0.680752
1375,0.408725,0.886274
1418,0.634491,0.387860
1191,0.438535,0.468281
1083,0.438642,0.464979
1112,0.451266,0.267669
1793,0.661952,0.565575
1574,0.403055,0.551583
1531,0.469874,0.992173
1819,0.468978,0.531409
1303,0.438642,0.930322
1182,0.455919,0.734967
1717,0.468856,0.386261
1086,0.398856,0.537580
1964,0.434214,0.969669
1866,0.671986,0.209735
1283,0.671740,0.287074
1443,0.664228,1.026756
1325,0.462047,0.809312
1331,0.468749,0.838752
1313,0.372042,0.855265
1801,0.469658,0.373374
1176,0.428964,1.121856
1117,0.471018,0.764033
1829,0.468978,0.289322
1917,0.664668,0.683470
1339,0.437649,0.982003
1262,0.458958,0.829380
1737,0.465929,0.273675
1824,0.469084,0.892677
1069,0.431680,0.950980
1886,0.433861,0.301754
1712,0.468973,1.200972
1248,0.664695,1.022979
1556,0.469766,0.762429
1307,0.439199,0.741869
1678,0.393575,0.409078
1842,0.406074,0.822629
1194,0.462561,0.360415
1409,0.439557,0.871457
1266,0.419967,0.364165
1693,0.458711,0.367010
1095,0.453484,0.500610
1680,0.664804,0.308333
1240,0.469765,0.990370
1542,0.809074,1.259617
1759,0.670075,1.555676
1654,0.468978,1.057690
1127,0.408671,0.558776
1687,0.439590,0.220785
1019,0.768865,0.626136
1317,0.671284,0.865672
1192,0.669521,0.400220
1572,0.438514,0.848394
1667,0.442342,0.518514
1137,0.462381,0.742936
1930,0.427799,0.281696
1289,0.621597,0.348736
1247,0.438509,0.398957
1927,0.452441,0.462348
1012,0.649995,0.513529
1944,0.612001,1.131254
1806,0.470390,0.227701
1916,0.836046,0.727049
1681,0.665225,1.269226
1449,0.668732,0.695845
1570,0.409129,0.348860
1263,0.646647,0.779570
1050,0.438964,1.078639
1371,0.402016,1.391459
1258,0.447711,0.501876
1710,0.813094,0.198101
1484,0.468978,0.945655
1432,0.676493,1.059569
1498,0.426905,0.709597
1898,0.468860,0.633021
1647,0.633790,0.745660
1229,0.468970,0.376728
1302,0.431258,0.230324
1165,0.430536,0.609737
1405,0.468858,0.330625
1564,0.629661,0.384155
1934,0.664983,1.094261
1993,0.469552,0.499945
1571,0.468873,0.211942
1817,0.468860,0.872496
1559,0.667763,1.337239
1561,0.663865,1.108524
1091,0.468867,0.901263
1545,0.426655,0.482416
1245,0.458061,0.416354
1915,0.605574,0.886760
1403,0.643223,0.574852
1909,0.468868,1.453193
1792,0.460306,0.408091
1601,0.408924,0.654811
1110,0.432484,0.346304
1278,0.433844,0.490402
1015,0.440292,0.371112
1206,0.438534,1.338745
1757,0.438533,0.489770
1082,0.410289,0.623545
1939,0.469553,0.594783
1352,0.468971,0.705885
1825,0.469764,0.639530
1507,0.663153,0.725604
1308,0.468978,0.671782
1616,0.937299,0.670862
1270,0.670655,0.446560
1246,0.468612,0.035728
1587,0.419468,0.515486
1063,0.428123,0.404161
1610,0.669620,0.806149
1109,0.469772,1.034417
1682,0.465234,0.679178
1249,0.409720,0.148464
1884,0.426634,0.450228
1919,0.662181,0.914240
1096,0.806882,0.431506
1669,0.440263,0.752721
1515,0.457326,1.367038
1035,0.464328,0.380087
1607,0.431603,0.133218
1600,0.847116,1.088815
1252,0.461752,0.286784
1419,0.468972,0.864858
1929,0.469659,2.228255
1685,0.461887,0.356927
1575,0.454609,0.512515
1369,0.470399,0.590341
1068,0.843204,1.458968
1183,0.671698,0.690947
1959,0.639148,0.430376
1800,0.653509,0.344290
1342,0.464313,1.314487
1429,0.670503,2.291517
1643,0.469773,0.327126
1485,0.468982,1.373502
1688,0.469075,0.376960
1401,0.456857,0.245337
1933,0.837111,0.862806
1058,0.642206,1.288381
1754,0.450286,0.835027
1852,0.461974,0.624368
1878,0.642028,1.149637
1840,0.412156,0.639473
1781,0.426628,0.419614
1518,0.456752,0.327505
1714,0.460590,1.124521
1606,0.469427,0.870213
1510,0.468973,1.032582
1769,0.434171,0.673688
1396,0.461280,0.502128
1228,0.438395,0.702741
1363,0.670658,0.449332
1942,0.669237,0.509907
1226,0.464199,0.552589
1277,0.439103,0.249082
1826,0.455269,0.556566
1398,0.461955,0.489577
1340,0.414199,0.610266
1761,0.468977,1.146301
1169,0.469166,0.661154
1314,0.469082,1.113644
1078,0.462768,1.056581
1267,0.438428,0.270467
1357,0.468741,1.093707
1684,0.414933,0.197527
1646,0.469437,0.835405
1525,0.670223,0.704714
1373,0.815252,0.493837
1423,0.468113,1.314022
1151,0.408570,1.255660
1967,0.461984,0.220804
1815,0.469452,1.065027
1376,0.453570,0.457829
1756,0.460438,0.293708
1943,0.469089,0.519077
1036,0.469089,0.712486
1810,0.457915,1.506773
1496,0.469088,0.273414
1834,0.469698,0.504330
1613,0.446597,0.496605
1743,0.473406,0.399203
1237,0.468867,1.374288
1549,0.469756,0.288644
1872,0.656486,1.231099
1666,0.468979,0.203836
1477,0.453942,0.998155
1672,0.470091,0.719316
1598,0.463081,0.744602
1141,0.670166,0.267013
1593,0.630835,0.363641
1348,0.438408,0.166827
1719,0.438527,0.908673
1691,0.468759,0.920620
1797,0.660078,0.466343
1887,0.662537,0.518941
1338,0.468868,0.476376
1551,0.469081,1.078396
1490,0.461691,0.596522
1913,0.457562,0.697204
1072,0.666757,1.124355
1698,0.468539,0.427246
1924,0.468970,0.769896
1324,0.668731,0.607880
1076,0.468978,0.718083
1649,0.839169,0.801129
1936,0.461052,0.551464
1374,0.461668,0.233866
1830,0.660268,1.570972
1284,0.654029,0.387252
1018,0.448382,0.381546
1715,0.670606,0.282479
1022,0.456153,0.998482
1343,0.426298,1.119376
1483,0.468978,0.445621
1280,0.468850,1.054956
1532,0.652093,1.012667
1642,0.468959,0.630302
1414,0.422951,0.875221
1073,0.470205,0.688052
1422,0.468861,0.810318
1674,0.455366,0.685138
1051,0.468969,0.759418
1502,0.469068,0.772618
1557,0.449372,0.448312
1844,0.469668,0.727358
1592,0.459590,0.716069
1785,0.468751,0.963683
1742,0.655979,0.885797
1814,0.458238,0.940212
1061,0.669284,1.010414
1404,0.468959,0.217599
1894,0.470299,0.227270
1355,0.668739,0.807877
1218,0.468978,0.384335
1204,0.463522,1.091615
1299,0.468867,0.562705
1961,0.667850,1.875357
1516,0.654481,1.152090
1202,0.461740,0.947223
1261,0.868546,0.584766
1242,0.475390,0.385451
1468,0.700212,1.232470
1214,0.491634,0.364274
1107,0.489118,0.735803
1144,1.028037,1.074373
1850,0.699966,1.919632
1200,0.491951,0.273842
1869,0.872546,1.044362
1328,0.478345,0.481913
1749,0.695867,1.172635
1865,0.692620,0.468453
1454,0.698086,1.036806
1626,0.866091,0.894729
1969,0.481071,0.610008
1724,0.488845,0.471760
1713,0.677670,0.810833
1576,0.492157,0.380942
1027,0.865262,0.732443
1026,0.492956,0.458997
1871,0.466019,0.535803
1623,0.685486,0.821333
1281,0.700179,0.817688
1774,0.489927,0.944803
1540,0.496638,1.091120
1198,1.018456,0.963164
1099,0.500411,0.104026
1381,0.689247,1.032004
1049,0.875008,0.364507
1585,0.702341,0.640343
1791,0.493726,0.559279
1166,0.498711,0.467607
1668,0.483140,0.724878
1210,0.683873,0.455575
1084,0.699225,0.531765
1701,0.484286,0.613368
1702,0.691031,0.280618
1101,0.692383,0.615961
1287,0.501292,0.434847
1009,0.696434,0.650632
1482,0.494463,0.279224
1256,0.683199,1.193463
1358,0.874667,0.480927
1479,0.489134,0.778874
1995,0.696604,0.636692
1796,0.697064,0.426017
1255,0.504090,0.977057
1739,0.726423,0.577497
1528,0.499475,0.647972
1926,0.489540,1.005780
1803,0.492401,1.188665
1619,0.495028,0.947410
1445,0.494659,0.396100
1983,0.494659,0.702087
1527,0.493725,2.666362
1333,0.501181,0.838311
1000,0.687961,0.592825
1868,0.476719,0.465615
1162,0.497865,1.456375
1522,0.695133,0.796662
1186,0.493673,0.279666
1309,0.694443,0.673365
1185,0.498698,0.990922
1071,0.683300,1.011702
1395,0.695391,0.548840
1787,0.473604,0.799944
1629,0.873493,1.431504
1700,0.489142,1.466724
1466,0.494058,0.379905
1859,0.701376,1.799728
1509,0.702743,0.334124
1957,0.696947,0.549204
1436,0.506729,0.969955
1233,0.687691,1.286825
1658,0.495246,1.253794
1296,0.486898,0.687645
1789,0.691834,0.757963
1259,0.491306,0.319054
1863,0.863913,0.379425
1344,0.492165,1.303681
1097,0.689948,0.673965
1037,0.491307,0.331197
1835,0.492727,0.480066
1486,0.699328,0.890699
1291,0.484732,0.921083
1253,0.688451,0.329584
1215,0.498597,1.306106
1523,0.692518,0.320264
1958,0.489753,0.560420
1416,0.488966,0.566358
1941,0.494042,0.637538
1985,0.685735,0.771524
1611,0.494042,0.247407
1098,0.492637,0.423671
1054,0.696776,1.027200
1090,0.494659,0.967817
1004,0.494659,1.152617
1976,0.680021,1.054065
1881,1.023553,0.669587
1493,0.491361,0.641826
1178,0.483284,0.430380
1620,0.478014,1.217354
1550,0.498642,1.071719
1537,0.700092,0.304786
1730,0.871661,1.063364
1893,0.695011,0.852856
1731,0.498659,0.916503
1288,0.692569,0.787682
1956,0.449552,0.349967
1193,0.488605,0.804929
1305,0.695720,0.764292
1903,0.484043,0.387037
1199,0.492836,1.360756
1087,0.489415,0.207501
1040,0.686774,0.688258
1896,0.493350,0.317268
1644,0.492742,0.552226
1784,0.489765,0.702835
1386,0.493656,0.740799
1361,0.490525,0.465507
1142,0.699974,0.648534
1822,0.491940,0.425672
1630,0.489616,2.043035
1132,0.686662,0.608892
1038,0.699176,0.382892
1776,0.492922,0.749168
1744,0.874323,1.245239
1554,0.876582,0.925256
1501,0.699446,0.420432
1547,0.494637,0.490626
1315,0.489917,0.617055
1125,0.492822,0.817549
1070,0.699254,1.884433
1783,0.490120,0.675636
1385,0.694064,1.043166
1645,0.492017,0.761860
1269,0.688705,0.641362
1699,0.697727,0.296350
1438,0.501382,0.671311
1415,0.492991,0.186564
1364,0.697225,0.500562
1057,0.700725,0.644655
1901,0.701637,0.683394
1412,0.867390,0.688185
1704,0.493595,1.184467
1661,0.489357,0.681388
1433,0.493653,0.365332
1425,0.505489,0.820936
1818,0.493587,0.363833
1499,0.699990,0.937223
1212,0.493907,1.334818
1946,0.493907,0.776463
1023,0.485818,1.101762
1457,0.492558,0.371373
1213,0.504435,0.196650
Average Cost: 13.902000
Accuracy: 91.400000
Accuracy 0: 100.000000
Cost 0: 12.000000
Accuracy 1: 100.000000
Cost 1: 12.000000
Accuracy 2: 100.000000
Cost 2: 12.000000
Accuracy 3: 100.000000
Cost 3: 12.000000
Accuracy 4: 100.000000
Cost 4: 12.000000
Accuracy 5: 100.000000
Cost 5: 12.000000
Accuracy 6: 100.000000
Cost 6: 12.000000
Accuracy 7: 100.000000
Cost 7: 12.000000
Accuracy 8: 100.000000
Cost 8: 12.000000
Accuracy 9: 100.000000
Cost 9: 12.000000
