ProblemNo,Answer,TrueAnswer,Cost,Difficulty
0,0,0,16.000000,0.600000
1,0,0,12.000000,0.000000
2,1,1,16.000000,0.600000
3,1,1,24.000000,0.800000
4,0,0,16.000000,0.700000
5,0,0,12.000000,0.000000
6,0,0,12.000000,0.000000
7,1,1,12.000000,0.000000
8,0,1,20.000000,0.900000
9,1,1,20.000000,0.900000
10,1,1,12.000000,0.000000
11,0,0,16.000000,0.600000
12,0,0,12.000000,0.000000
13,0,0,12.000000,0.000000
14,0,0,12.000000,0.000000
15,1,1,12.000000,0.000000
16,1,1,12.000000,0.000000
17,0,0,16.000000,0.600000
18,1,1,12.000000,0.000000
19,0,0,12.000000,0.000000
20,1,1,12.000000,0.000000
21,1,1,12.000000,0.000000
22,1,1,12.000000,0.000000
23,0,0,12.000000,0.000000
24,1,1,12.000000,0.000000
25,0,1,12.000000,0.000000
26,1,1,12.000000,0.000000
27,0,0,12.000000,0.000000
28,1,1,16.000000,0.600000
29,1,0,12.000000,0.000000
30,1,1,12.000000,0.000000
31,1,1,12.000000,0.000000
32,0,0,12.000000,0.000000
33,1,1,12.000000,0.000000
34,1,1,12.000000,0.000000
35,0,1,12.000000,0.000000
36,0,1,20.000000,0.500000
37,0,1,16.000000,0.900000
38,0,0,12.000000,0.000000
39,0,1,20.000000,0.900000
40,1,1,12.000000,0.000000
41,0,0,16.000000,0.700000
42,0,0,16.000000,0.900000
43,1,1,12.000000,0.000000
44,1,1,24.000000,0.900000
45,1,1,12.000000,0.000000
46,0,0,12.000000,0.000000
47,1,1,12.000000,0.000000
48,0,0,12.000000,0.000000
49,0,0,12.000000,0.000000
50,0,0,16.000000,0.600000
51,0,0,12.000000,0.000000
52,0,0,16.000000,0.600000
53,0,0,12.000000,0.000000
54,0,0,12.000000,0.000000
55,0,0,12.000000,0.000000
56,0,0,12.000000,0.000000
57,1,1,20.000000,0.500000
58,0,0,16.000000,0.700000
59,0,0,12.000000,0.000000
60,1,1,16.000000,0.600000
61,1,0,16.000000,0.600000
62,0,1,16.000000,0.600000
63,0,0,12.000000,0.000000
64,0,0,12.000000,0.000000
65,1,1,16.000000,0.600000
66,1,1,12.000000,0.000000
67,0,0,12.000000,0.000000
68,0,0,12.000000,0.000000
69,1,1,12.000000,0.000000
70,0,0,20.000000,0.900000
71,0,0,12.000000,0.000000
72,1,1,12.000000,0.000000
73,1,1,16.000000,0.600000
74,0,0,12.000000,0.000000
75,1,1,12.000000,0.000000
76,0,0,16.000000,0.700000
77,1,1,16.000000,0.700000
78,0,0,28.000000,0.800000
79,0,0,12.000000,0.000000
80,0,1,12.000000,0.000000
81,1,1,32.000000,0.900000
82,1,1,12.000000,0.000000
83,0,0,12.000000,0.000000
84,1,1,16.000000,0.600000
85,0,0,12.000000,0.000000
86,1,1,16.000000,0.600000
87,0,0,16.000000,0.600000
88,0,0,12.000000,0.000000
89,1,1,16.000000,0.600000
90,1,1,12.000000,0.000000
91,0,0,12.000000,0.000000
92,0,0,28.000000,0.800000
93,1,0,16.000000,0.900000
94,0,1,16.000000,0.600000
95,1,1,20.000000,0.900000
96,1,1,12.000000,0.000000
97,1,1,28.000000,0.800000
98,0,0,12.000000,0.000000
99,1,1,12.000000,0.000000
100,1,1,16.000000,0.700000
101,1,1,12.000000,0.000000
102,1,1,12.000000,0.000000
103,1,0,16.000000,0.600000
104,1,1,12.000000,0.000000
105,0,0,12.000000,0.000000
106,0,0,16.000000,0.600000
107,0,1,28.000000,0.900000
108,1,1,12.000000,0.000000
109,1,1,12.000000,0.000000
110,0,0,12.000000,0.000000
111,0,0,12.000000,0.000000
112,1,1,20.000000,0.500000
113,0,0,12.000000,0.000000
114,1,1,16.000000,0.600000
115,1,1,16.000000,0.700000
116,0,0,16.000000,0.700000
117,1,0,16.000000,0.700000
118,0,0,12.000000,0.000000
119,1,1,12.000000,0.000000
120,0,0,12.000000,0.000000
121,1,1,16.000000,0.600000
122,0,0,12.000000,0.000000
123,0,0,12.000000,0.000000
124,0,1,16.000000,0.600000
125,1,1,12.000000,0.000000
126,1,0,24.000000,0.900000
127,0,0,12.000000,0.000000
128,0,0,12.000000,0.000000
129,1,1,12.000000,0.000000
130,0,0,12.000000,0.000000
131,1,1,12.000000,0.000000
132,1,1,16.000000,0.900000
133,0,1,16.000000,0.900000
134,1,1,12.000000,0.000000
135,1,1,12.000000,0.000000
136,0,0,12.000000,0.000000
137,0,0,12.000000,0.000000
138,0,0,12.000000,0.000000
139,1,1,12.000000,0.000000
140,1,1,12.000000,0.000000
141,1,1,12.000000,0.000000
142,0,0,12.000000,0.000000
143,1,1,12.000000,0.000000
144,1,1,12.000000,0.000000
145,1,1,24.000000,0.900000
146,1,1,12.000000,0.000000
147,1,1,28.000000,0.900000
148,0,0,16.000000,0.700000
149,1,1,12.000000,0.000000
WorkerID,Gamma
37,0.298203
50,0.514039
60,0.424372
61,0.474741
62,0.453942
64,0.630071
53,1.135582
66,0.589290
67,0.458760
68,0.476067
69,0.611236
80,0.432932
81,0.781537
86,0.550498
87,0.471769
84,0.455496
85,0.474524
48,0.443243
49,0.573865
46,0.717934
47,0.269002
44,0.490789
45,0.427644
42,0.414940
43,0.180154
40,0.645879
41,0.483422
82,0.452098
83,0.462259
77,0.457061
75,0.517068
74,0.475206
73,0.411890
72,0.475118
71,0.401683
70,0.364250
79,0.658610
78,0.473015
39,0.428501
38,0.933817
59,0.441765
55,0.581183
54,0.558923
57,0.367196
56,0.488476
51,1.248431
36,0.756554
35,0.102596
52,0.295277
88,0.460475
65,0.438589
Average Cost: 14.400000
Accuracy: 88.000000
