ProblemNo,Answer,TrueAnswer,Cost,Difficulty
0,0,0,12.000000,0.000000
1,0,0,12.000000,0.000000
2,1,1,12.000000,0.000000
3,1,1,16.000000,0.600000
4,0,0,12.000000,0.000000
5,0,0,12.000000,0.000000
6,0,0,12.000000,0.000000
7,1,1,12.000000,0.000000
8,1,1,24.000000,0.900000
9,0,1,16.000000,0.600000
10,1,1,12.000000,0.000000
11,0,0,12.000000,0.000000
12,0,0,12.000000,0.000000
13,0,0,12.000000,0.000000
14,0,0,12.000000,0.000000
15,1,1,12.000000,0.000000
16,1,1,12.000000,0.000000
17,0,0,12.000000,0.000000
18,1,1,16.000000,0.700000
19,0,0,12.000000,0.000000
20,1,1,12.000000,0.000000
21,1,1,12.000000,0.000000
22,1,1,12.000000,0.000000
23,0,0,28.000000,0.900000
24,1,1,12.000000,0.000000
25,1,1,12.000000,0.000000
26,1,1,12.000000,0.000000
27,0,0,12.000000,0.000000
28,1,1,24.000000,0.900000
29,1,0,20.000000,0.900000
30,1,1,12.000000,0.000000
31,1,1,12.000000,0.000000
32,0,0,12.000000,0.000000
33,1,1,12.000000,0.000000
34,1,1,12.000000,0.000000
35,0,1,12.000000,0.000000
36,1,1,12.000000,0.000000
37,1,1,12.000000,0.000000
38,0,0,12.000000,0.000000
39,1,1,20.000000,0.900000
40,1,1,16.000000,0.700000
41,0,0,16.000000,0.700000
42,1,0,28.000000,1.000000
43,1,1,12.000000,0.000000
44,1,1,12.000000,0.000000
45,1,1,16.000000,0.700000
46,0,0,16.000000,0.700000
47,1,1,12.000000,0.000000
48,0,0,12.000000,0.000000
49,0,0,12.000000,0.000000
50,0,0,12.000000,0.000000
51,0,0,12.000000,0.000000
52,0,0,64.000000,1.000000
53,1,0,16.000000,0.600000
54,0,0,12.000000,0.000000
55,0,0,12.000000,0.000000
56,0,0,12.000000,0.000000
57,1,1,16.000000,0.600000
58,1,0,20.000000,0.900000
59,0,0,12.000000,0.000000
60,1,1,12.000000,0.000000
61,1,0,20.000000,0.900000
62,0,1,20.000000,0.900000
63,0,0,12.000000,0.000000
64,0,0,12.000000,0.000000
65,1,1,12.000000,0.000000
66,1,1,16.000000,0.600000
67,0,0,16.000000,0.600000
68,0,0,12.000000,0.000000
69,1,1,16.000000,0.600000
70,1,0,24.000000,1.000000
71,0,0,12.000000,0.000000
72,1,1,12.000000,0.000000
73,1,1,12.000000,0.000000
74,0,0,12.000000,0.000000
75,1,1,12.000000,0.000000
76,0,0,12.000000,0.000000
77,1,1,12.000000,0.000000
78,1,0,44.000000,1.000000
79,0,0,12.000000,0.000000
80,1,1,12.000000,0.000000
81,0,1,12.000000,0.000000
82,1,1,16.000000,0.600000
83,0,0,12.000000,0.000000
84,1,1,12.000000,0.000000
85,0,0,12.000000,0.000000
86,1,1,16.000000,0.900000
87,0,0,12.000000,0.000000
88,0,0,12.000000,0.000000
89,1,1,12.000000,0.000000
90,1,1,16.000000,0.600000
91,0,0,12.000000,0.000000
92,1,0,12.000000,0.000000
93,1,0,24.000000,0.900000
94,1,1,12.000000,0.000000
95,1,1,12.000000,0.000000
96,1,1,12.000000,0.000000
97,1,1,12.000000,0.000000
98,0,0,12.000000,0.000000
99,1,1,20.000000,0.900000
100,1,1,24.000000,0.900000
101,1,1,20.000000,0.600000
102,1,1,12.000000,0.000000
103,0,0,20.000000,0.900000
104,1,1,12.000000,0.000000
105,0,0,16.000000,0.600000
106,0,0,12.000000,0.000000
107,0,1,16.000000,0.600000
108,1,1,12.000000,0.000000
109,1,1,20.000000,0.900000
110,0,0,16.000000,0.600000
111,0,0,12.000000,0.000000
112,1,1,12.000000,0.000000
113,0,0,12.000000,0.000000
114,1,1,20.000000,0.500000
115,1,1,12.000000,0.000000
116,0,0,16.000000,0.700000
117,0,0,20.000000,0.900000
118,0,0,20.000000,0.600000
119,1,1,16.000000,0.600000
120,0,0,12.000000,0.000000
121,1,1,12.000000,0.000000
122,0,0,12.000000,0.000000
123,0,0,12.000000,0.000000
124,0,1,20.000000,0.900000
125,1,1,12.000000,0.000000
126,1,0,24.000000,1.000000
127,0,0,12.000000,0.000000
128,0,0,12.000000,0.000000
129,1,1,12.000000,0.000000
130,0,0,16.000000,0.600000
131,1,1,20.000000,0.900000
132,0,1,20.000000,0.900000
133,1,1,12.000000,0.000000
134,1,1,12.000000,0.000000
135,1,1,12.000000,0.000000
136,0,0,24.000000,0.900000
137,0,0,12.000000,0.000000
138,0,0,12.000000,0.000000
139,1,1,12.000000,0.000000
140,1,1,12.000000,0.000000
141,1,1,12.000000,0.000000
142,0,0,16.000000,0.700000
143,1,1,12.000000,0.000000
144,1,1,12.000000,0.000000
145,1,1,12.000000,0.000000
146,1,1,12.000000,0.000000
147,1,1,12.000000,0.000000
148,0,0,12.000000,0.000000
149,1,1,12.000000,0.000000
WorkerID,Gamma
37,0.455694
50,0.555983
60,0.489494
61,0.489835
88,0.494934
64,0.500830
53,0.618873
66,0.531694
67,0.485271
82,0.480169
69,0.484795
80,0.489830
81,0.494778
86,0.479398
84,0.531031
85,0.525933
48,0.531722
49,0.466737
46,0.460188
47,0.533497
44,0.478292
45,0.491823
42,0.489548
43,0.456173
40,0.523950
41,0.529409
83,0.498320
77,0.489856
76,0.499181
75,0.510918
73,0.488157
72,0.494915
71,0.505434
70,0.484791
79,0.514595
78,0.509852
39,0.527817
38,0.570952
59,0.479923
58,0.514504
55,0.565041
54,0.583725
57,0.489836
56,0.490354
51,0.785329
36,0.451439
35,0.443424
52,0.445277
65,0.522197
Average Cost: 14.720000
Accuracy: 88.666667
