Number of Worker Pools: 1
Number of Workers in Pool 1: 1000
Original mean,standardDev for Pool 1: 4.000000,0.300000
Number of Workers in Pool 2: 1000
Original mean,standardDev for Pool 2: 3.500000,0.200000
Number of Problems: 1000
ProblemNo,Answer,TrueAnswer,Cost,Difficulty,TrueDifficulty
0,1,1,23.000000,0.900000,0.500000
1,1,1,10.000000,0.000000,0.500000
2,1,1,18.000000,0.600000,0.500000
3,1,1,13.000000,0.500000,0.500000
4,1,1,16.000000,0.700000,0.500000
5,1,1,15.000000,0.700000,0.500000
6,1,1,23.000000,0.800000,0.500000
7,1,1,23.000000,0.800000,0.500000
8,1,1,15.000000,0.600000,0.500000
9,1,1,22.000000,0.900000,0.500000
10,1,1,13.000000,0.300000,0.500000
11,1,1,14.000000,0.300000,0.500000
12,1,1,22.000000,0.800000,0.500000
13,1,1,13.000000,0.500000,0.500000
14,1,1,14.000000,0.300000,0.500000
15,1,1,13.000000,0.300000,0.500000
16,1,1,13.000000,0.500000,0.500000
17,1,1,14.000000,0.300000,0.500000
18,1,1,20.000000,0.700000,0.500000
19,1,1,17.000000,0.700000,0.500000
20,1,1,15.000000,0.600000,0.500000
21,1,0,19.000000,0.900000,0.500000
22,1,1,13.000000,0.300000,0.500000
23,1,1,15.000000,0.700000,0.500000
24,1,1,17.000000,0.800000,0.500000
25,1,1,15.000000,0.400000,0.500000
26,1,1,13.000000,0.300000,0.500000
27,1,1,14.000000,0.600000,0.500000
28,1,1,18.000000,0.600000,0.500000
29,1,1,12.000000,0.200000,0.500000
30,1,1,14.000000,0.700000,0.500000
31,1,1,17.000000,0.500000,0.500000
32,1,1,14.000000,0.600000,0.500000
33,1,1,14.000000,0.700000,0.500000
34,1,1,20.000000,0.900000,0.500000
35,1,1,23.000000,0.900000,0.500000
36,1,1,13.000000,0.300000,0.500000
37,1,1,14.000000,0.600000,0.500000
38,1,1,15.000000,0.600000,0.500000
39,0,0,20.000000,0.900000,0.500000
40,1,1,17.000000,0.800000,0.500000
41,1,1,15.000000,0.400000,0.500000
42,1,1,13.000000,0.500000,0.500000
43,1,1,12.000000,0.200000,0.500000
44,1,1,19.000000,0.500000,0.500000
45,1,1,20.000000,0.700000,0.500000
46,1,1,15.000000,0.600000,0.500000
47,1,1,14.000000,0.300000,0.500000
48,1,1,20.000000,0.500000,0.500000
49,1,1,13.000000,0.300000,0.500000
50,1,1,13.000000,0.500000,0.500000
51,1,1,10.000000,0.000000,0.500000
52,1,1,20.000000,0.700000,0.500000
53,1,1,17.000000,0.700000,0.500000
54,1,1,14.000000,0.600000,0.500000
55,1,1,15.000000,0.600000,0.500000
56,1,1,15.000000,0.600000,0.500000
57,1,1,33.000000,0.900000,0.500000
58,1,1,13.000000,0.500000,0.500000
59,1,1,19.000000,0.900000,0.500000
60,1,1,13.000000,0.500000,0.500000
61,1,1,18.000000,0.700000,0.500000
62,1,1,14.000000,0.600000,0.500000
63,1,1,14.000000,0.400000,0.500000
64,1,1,15.000000,0.600000,0.500000
65,1,1,10.000000,0.000000,0.500000
66,1,1,12.000000,0.200000,0.500000
67,1,1,16.000000,0.700000,0.500000
68,1,1,12.000000,0.200000,0.500000
69,1,1,30.000000,0.900000,0.500000
70,1,1,14.000000,0.700000,0.500000
71,1,1,10.000000,0.000000,0.500000
72,1,1,13.000000,0.500000,0.500000
73,1,1,13.000000,0.300000,0.500000
74,1,1,15.000000,0.600000,0.500000
75,1,1,12.000000,0.200000,0.500000
76,1,1,21.000000,0.600000,0.500000
77,1,1,26.000000,0.900000,0.500000
78,1,1,14.000000,0.600000,0.500000
79,1,1,15.000000,0.800000,0.500000
80,1,1,15.000000,0.400000,0.500000
81,1,1,10.000000,0.000000,0.500000
82,1,1,15.000000,0.600000,0.500000
83,1,1,12.000000,0.200000,0.500000
84,1,1,25.000000,0.900000,0.500000
85,1,1,28.000000,0.900000,0.500000
86,1,1,15.000000,0.400000,0.500000
87,1,1,22.000000,0.900000,0.500000
88,1,1,14.000000,0.300000,0.500000
89,1,1,14.000000,0.600000,0.500000
90,1,1,10.000000,0.000000,0.500000
91,1,1,16.000000,0.700000,0.500000
92,1,1,14.000000,0.300000,0.500000
93,1,1,41.000000,1.000000,0.500000
94,1,1,12.000000,0.200000,0.500000
95,1,1,15.000000,0.400000,0.500000
96,1,1,19.000000,0.900000,0.500000
97,1,1,13.000000,0.500000,0.500000
98,1,1,16.000000,0.500000,0.500000
99,1,1,17.000000,0.700000,0.500000
100,1,1,16.000000,0.800000,0.500000
101,1,1,14.000000,0.700000,0.500000
102,1,1,16.000000,0.600000,0.500000
103,1,1,23.000000,0.800000,0.500000
104,1,1,18.000000,0.800000,0.500000
105,1,1,16.000000,0.400000,0.500000
106,1,1,14.000000,0.300000,0.500000
107,1,1,37.000000,1.000000,0.500000
108,1,1,15.000000,0.400000,0.500000
109,1,1,24.000000,0.900000,0.500000
110,1,1,14.000000,0.600000,0.500000
111,1,1,17.000000,0.500000,0.500000
112,1,1,17.000000,0.500000,0.500000
113,1,1,14.000000,0.600000,0.500000
114,1,1,19.000000,0.700000,0.500000
115,1,1,15.000000,0.600000,0.500000
116,1,1,17.000000,0.500000,0.500000
117,1,1,16.000000,0.800000,0.500000
118,1,1,21.000000,0.800000,0.500000
119,1,1,10.000000,0.000000,0.500000
120,1,1,12.000000,0.200000,0.500000
121,1,1,12.000000,0.200000,0.500000
122,1,1,15.000000,0.600000,0.500000
123,1,1,14.000000,0.400000,0.500000
124,1,1,13.000000,0.500000,0.500000
125,1,1,40.000000,1.000000,0.500000
126,1,1,19.000000,0.600000,0.500000
127,1,1,10.000000,0.000000,0.500000
128,1,1,25.000000,0.900000,0.500000
129,1,1,14.000000,0.300000,0.500000
130,1,1,21.000000,0.800000,0.500000
131,1,1,23.000000,0.900000,0.500000
132,0,1,14.000000,0.600000,0.500000
133,1,1,14.000000,0.600000,0.500000
134,1,1,19.000000,0.800000,0.500000
135,1,1,14.000000,0.600000,0.500000
136,1,1,13.000000,0.300000,0.500000
137,1,1,21.000000,0.700000,0.500000
138,1,1,13.000000,0.500000,0.500000
139,1,1,15.000000,0.600000,0.500000
140,1,1,13.000000,0.300000,0.500000
141,1,1,14.000000,0.600000,0.500000
142,1,1,13.000000,0.500000,0.500000
143,1,1,13.000000,0.500000,0.500000
144,1,1,18.000000,0.500000,0.500000
145,1,1,20.000000,0.900000,0.500000
146,1,1,28.000000,0.900000,0.500000
147,1,1,16.000000,0.400000,0.500000
148,1,1,20.000000,0.700000,0.500000
149,1,1,12.000000,0.200000,0.500000
150,1,1,37.000000,1.000000,0.500000
151,1,1,12.000000,0.200000,0.500000
152,1,1,18.000000,0.700000,0.500000
153,1,1,10.000000,0.000000,0.500000
154,1,1,19.000000,0.900000,0.500000
155,1,1,10.000000,0.000000,0.500000
156,1,1,15.000000,0.600000,0.500000
157,1,1,13.000000,0.500000,0.500000
158,1,1,17.000000,0.700000,0.500000
159,1,1,13.000000,0.300000,0.500000
160,1,1,13.000000,0.500000,0.500000
161,1,1,22.000000,0.800000,0.500000
162,1,1,16.000000,0.700000,0.500000
163,1,1,10.000000,0.000000,0.500000
164,1,1,25.000000,0.800000,0.500000
165,1,1,18.000000,0.600000,0.500000
166,1,1,18.000000,0.800000,0.500000
167,1,1,15.000000,0.400000,0.500000
168,1,1,13.000000,0.300000,0.500000
169,1,1,19.000000,0.600000,0.500000
170,1,1,10.000000,0.000000,0.500000
171,1,1,15.000000,0.400000,0.500000
172,1,1,27.000000,0.900000,0.500000
173,1,1,16.000000,0.600000,0.500000
174,1,1,12.000000,0.200000,0.500000
175,1,1,14.000000,0.600000,0.500000
176,1,1,12.000000,0.200000,0.500000
177,1,1,15.000000,0.400000,0.500000
178,1,1,21.000000,0.700000,0.500000
179,1,1,15.000000,0.400000,0.500000
180,1,1,13.000000,0.300000,0.500000
181,1,1,17.000000,0.700000,0.500000
182,1,1,12.000000,0.200000,0.500000
183,1,1,20.000000,0.600000,0.500000
184,1,1,13.000000,0.300000,0.500000
185,1,1,14.000000,0.300000,0.500000
186,1,1,16.000000,0.800000,0.500000
187,1,1,14.000000,0.700000,0.500000
188,1,1,15.000000,0.400000,0.500000
189,1,1,13.000000,0.500000,0.500000
190,1,1,12.000000,0.200000,0.500000
191,1,1,20.000000,0.600000,0.500000
192,1,1,21.000000,0.800000,0.500000
193,1,1,14.000000,0.600000,0.500000
194,1,1,17.000000,0.600000,0.500000
195,1,1,14.000000,0.600000,0.500000
196,1,1,13.000000,0.300000,0.500000
197,1,1,12.000000,0.200000,0.500000
198,1,1,16.000000,0.500000,0.500000
199,1,1,14.000000,0.700000,0.500000
200,1,1,13.000000,0.300000,0.500000
201,1,1,30.000000,0.900000,0.500000
202,1,1,19.000000,0.600000,0.500000
203,1,1,15.000000,0.600000,0.500000
204,1,1,22.000000,0.900000,0.500000
205,1,1,16.000000,0.700000,0.500000
206,1,1,10.000000,0.000000,0.500000
207,1,1,23.000000,0.700000,0.500000
208,1,1,22.000000,0.700000,0.500000
209,1,1,35.000000,1.000000,0.500000
210,1,1,27.000000,0.900000,0.500000
211,1,1,13.000000,0.500000,0.500000
212,1,1,20.000000,0.600000,0.500000
213,1,1,17.000000,0.500000,0.500000
214,1,1,14.000000,0.400000,0.500000
215,1,1,16.000000,0.400000,0.500000
216,1,1,13.000000,0.500000,0.500000
217,1,1,17.000000,0.700000,0.500000
218,1,1,19.000000,0.900000,0.500000
219,1,1,15.000000,0.600000,0.500000
220,1,1,10.000000,0.000000,0.500000
221,1,1,17.000000,0.700000,0.500000
222,1,1,14.000000,0.700000,0.500000
223,1,1,17.000000,0.500000,0.500000
224,1,1,22.000000,0.900000,0.500000
225,1,1,13.000000,0.300000,0.500000
226,1,1,14.000000,0.600000,0.500000
227,1,1,15.000000,0.400000,0.500000
228,1,1,27.000000,0.900000,0.500000
229,1,1,18.000000,0.800000,0.500000
230,1,1,14.000000,0.600000,0.500000
231,1,1,17.000000,0.500000,0.500000
232,1,1,22.000000,0.800000,0.500000
233,1,1,25.000000,0.900000,0.500000
234,0,1,20.000000,0.900000,0.500000
235,1,1,32.000000,0.900000,0.500000
236,1,1,14.000000,0.600000,0.500000
237,1,1,14.000000,0.700000,0.500000
238,1,1,14.000000,0.300000,0.500000
239,1,1,18.000000,0.600000,0.500000
240,1,1,13.000000,0.300000,0.500000
241,1,1,29.000000,0.900000,0.500000
242,1,1,17.000000,0.500000,0.500000
243,1,1,18.000000,0.800000,0.500000
244,1,1,14.000000,0.600000,0.500000
245,1,1,13.000000,0.300000,0.500000
246,1,1,25.000000,0.900000,0.500000
247,1,1,17.000000,0.700000,0.500000
248,1,1,14.000000,0.600000,0.500000
249,1,1,17.000000,0.700000,0.500000
250,1,1,12.000000,0.200000,0.500000
251,1,1,32.000000,0.900000,0.500000
252,1,1,22.000000,0.800000,0.500000
253,1,1,15.000000,0.600000,0.500000
254,1,1,24.000000,0.900000,0.500000
255,1,1,20.000000,0.800000,0.500000
256,1,1,16.000000,0.500000,0.500000
257,1,1,13.000000,0.500000,0.500000
258,1,1,16.000000,0.700000,0.500000
259,1,1,16.000000,0.500000,0.500000
260,1,1,13.000000,0.300000,0.500000
261,1,1,16.000000,0.400000,0.500000
262,1,1,10.000000,0.000000,0.500000
263,1,1,13.000000,0.500000,0.500000
264,1,1,18.000000,0.700000,0.500000
265,1,1,13.000000,0.300000,0.500000
266,1,1,17.000000,0.800000,0.500000
267,1,1,18.000000,0.800000,0.500000
268,1,1,14.000000,0.400000,0.500000
269,1,1,22.000000,0.700000,0.500000
270,1,1,27.000000,0.900000,0.500000
271,1,1,13.000000,0.300000,0.500000
272,1,1,12.000000,0.200000,0.500000
273,1,1,13.000000,0.500000,0.500000
274,1,1,15.000000,0.400000,0.500000
275,1,1,19.000000,0.800000,0.500000
276,1,1,26.000000,0.900000,0.500000
277,1,1,25.000000,0.900000,0.500000
278,1,1,12.000000,0.200000,0.500000
279,1,1,15.000000,0.400000,0.500000
280,1,1,15.000000,0.600000,0.500000
281,1,1,17.000000,0.800000,0.500000
282,1,1,13.000000,0.300000,0.500000
283,1,1,12.000000,0.200000,0.500000
284,1,1,15.000000,0.600000,0.500000
285,1,1,13.000000,0.500000,0.500000
286,1,1,13.000000,0.500000,0.500000
287,1,1,20.000000,0.700000,0.500000
288,1,1,17.000000,0.900000,0.500000
289,1,1,13.000000,0.500000,0.500000
290,1,1,18.000000,0.800000,0.500000
291,1,1,33.000000,0.900000,0.500000
292,1,1,20.000000,0.700000,0.500000
293,1,1,13.000000,0.500000,0.500000
294,1,1,15.000000,0.400000,0.500000
295,1,1,15.000000,0.400000,0.500000
296,1,1,13.000000,0.500000,0.500000
297,1,1,13.000000,0.300000,0.500000
298,1,1,13.000000,0.500000,0.500000
299,1,1,13.000000,0.500000,0.500000
300,1,1,13.000000,0.300000,0.500000
301,1,1,17.000000,0.700000,0.500000
302,1,1,13.000000,0.300000,0.500000
303,1,1,13.000000,0.500000,0.500000
304,1,1,15.000000,0.400000,0.500000
305,1,1,14.000000,0.300000,0.500000
306,1,1,13.000000,0.300000,0.500000
307,1,1,40.000000,1.000000,0.500000
308,1,1,17.000000,0.700000,0.500000
309,1,1,17.000000,0.800000,0.500000
310,1,1,18.000000,0.600000,0.500000
311,1,1,13.000000,0.500000,0.500000
312,1,1,16.000000,0.500000,0.500000
313,1,1,10.000000,0.000000,0.500000
314,1,1,17.000000,0.700000,0.500000
315,1,1,10.000000,0.000000,0.500000
316,1,1,13.000000,0.300000,0.500000
317,1,1,19.000000,0.900000,0.500000
318,1,1,18.000000,0.500000,0.500000
319,1,1,14.000000,0.700000,0.500000
320,1,1,42.000000,1.000000,0.500000
321,1,1,12.000000,0.200000,0.500000
322,1,1,13.000000,0.300000,0.500000
323,1,1,17.000000,0.700000,0.500000
324,1,1,13.000000,0.500000,0.500000
325,1,1,10.000000,0.000000,0.500000
326,1,1,13.000000,0.500000,0.500000
327,1,1,13.000000,0.500000,0.500000
328,1,1,13.000000,0.300000,0.500000
329,1,1,10.000000,0.000000,0.500000
330,1,1,14.000000,0.700000,0.500000
331,1,1,13.000000,0.300000,0.500000
332,1,1,19.000000,0.600000,0.500000
333,1,1,10.000000,0.000000,0.500000
334,1,1,13.000000,0.300000,0.500000
335,1,1,17.000000,0.500000,0.500000
336,1,1,14.000000,0.600000,0.500000
337,1,1,13.000000,0.300000,0.500000
338,1,1,14.000000,0.300000,0.500000
339,1,1,24.000000,0.800000,0.500000
340,1,1,14.000000,0.600000,0.500000
341,1,1,16.000000,0.600000,0.500000
342,1,1,13.000000,0.500000,0.500000
343,0,0,14.000000,0.700000,0.500000
344,1,1,17.000000,0.600000,0.500000
345,1,1,13.000000,0.300000,0.500000
346,1,1,20.000000,0.600000,0.500000
347,1,1,22.000000,0.700000,0.500000
348,1,1,12.000000,0.200000,0.500000
349,1,1,19.000000,0.600000,0.500000
350,1,1,34.000000,1.000000,0.500000
351,1,1,15.000000,0.400000,0.500000
352,1,1,21.000000,0.900000,0.500000
353,1,1,12.000000,0.200000,0.500000
354,1,1,16.000000,0.700000,0.500000
355,1,1,15.000000,0.400000,0.500000
356,1,1,17.000000,0.500000,0.500000
357,1,1,13.000000,0.500000,0.500000
358,1,1,15.000000,0.400000,0.500000
359,1,1,14.000000,0.300000,0.500000
360,1,1,14.000000,0.600000,0.500000
361,1,1,20.000000,0.700000,0.500000
362,1,1,15.000000,0.600000,0.500000
363,1,1,14.000000,0.600000,0.500000
364,1,1,10.000000,0.000000,0.500000
365,1,1,18.000000,0.600000,0.500000
366,1,1,15.000000,0.600000,0.500000
367,1,1,24.000000,0.900000,0.500000
368,1,1,22.000000,0.800000,0.500000
369,1,1,22.000000,0.800000,0.500000
370,1,1,17.000000,0.700000,0.500000
371,1,1,22.000000,0.800000,0.500000
372,1,1,18.000000,0.700000,0.500000
373,1,1,14.000000,0.600000,0.500000
374,1,1,18.000000,0.700000,0.500000
375,1,1,13.000000,0.500000,0.500000
376,1,1,22.000000,0.800000,0.500000
377,1,1,12.000000,0.200000,0.500000
378,1,1,12.000000,0.200000,0.500000
379,1,1,17.000000,0.600000,0.500000
380,1,1,20.000000,0.600000,0.500000
381,1,1,14.000000,0.300000,0.500000
382,1,1,17.000000,0.500000,0.500000
383,1,1,12.000000,0.200000,0.500000
384,1,1,13.000000,0.500000,0.500000
385,1,1,13.000000,0.300000,0.500000
386,0,0,20.000000,0.700000,0.500000
387,1,1,12.000000,0.200000,0.500000
388,1,1,15.000000,0.600000,0.500000
389,1,1,14.000000,0.300000,0.500000
390,1,1,13.000000,0.500000,0.500000
391,1,1,20.000000,0.600000,0.500000
392,1,1,18.000000,0.600000,0.500000
393,1,1,18.000000,0.600000,0.500000
394,1,1,16.000000,0.700000,0.500000
395,1,1,14.000000,0.300000,0.500000
396,1,1,20.000000,0.700000,0.500000
397,1,1,14.000000,0.600000,0.500000
398,1,1,27.000000,0.900000,0.500000
399,1,1,33.000000,0.900000,0.500000
400,1,1,13.000000,0.500000,0.500000
401,1,1,18.000000,0.800000,0.500000
402,1,1,13.000000,0.500000,0.500000
403,1,1,25.000000,0.700000,0.500000
404,1,1,12.000000,0.200000,0.500000
405,1,1,19.000000,0.600000,0.500000
406,1,1,22.000000,0.900000,0.500000
407,1,1,13.000000,0.300000,0.500000
408,1,1,13.000000,0.300000,0.500000
409,1,1,14.000000,0.600000,0.500000
410,1,1,13.000000,0.300000,0.500000
411,1,1,18.000000,0.700000,0.500000
412,1,1,17.000000,0.700000,0.500000
413,1,1,45.000000,1.000000,0.500000
414,1,1,13.000000,0.500000,0.500000
415,1,1,12.000000,0.200000,0.500000
416,1,1,18.000000,0.600000,0.500000
417,1,1,13.000000,0.500000,0.500000
418,1,1,18.000000,0.600000,0.500000
419,1,1,13.000000,0.500000,0.500000
420,1,1,13.000000,0.300000,0.500000
421,1,1,13.000000,0.300000,0.500000
422,1,1,12.000000,0.200000,0.500000
423,1,1,13.000000,0.500000,0.500000
424,1,1,13.000000,0.300000,0.500000
425,1,1,18.000000,0.500000,0.500000
426,1,1,21.000000,0.900000,0.500000
427,1,1,12.000000,0.200000,0.500000
428,1,1,18.000000,0.900000,0.500000
429,1,1,13.000000,0.500000,0.500000
430,1,1,13.000000,0.500000,0.500000
431,1,1,10.000000,0.000000,0.500000
432,1,1,17.000000,0.500000,0.500000
433,1,1,13.000000,0.500000,0.500000
434,1,1,28.000000,0.900000,0.500000
435,1,1,13.000000,0.500000,0.500000
436,1,1,13.000000,0.500000,0.500000
437,1,1,20.000000,0.700000,0.500000
438,1,1,13.000000,0.300000,0.500000
439,1,1,12.000000,0.200000,0.500000
440,1,1,18.000000,0.600000,0.500000
441,1,1,25.000000,0.900000,0.500000
442,1,1,18.000000,0.800000,0.500000
443,1,1,13.000000,0.300000,0.500000
444,1,1,15.000000,0.400000,0.500000
445,1,1,14.000000,0.600000,0.500000
446,1,1,14.000000,0.700000,0.500000
447,1,1,12.000000,0.200000,0.500000
448,1,1,13.000000,0.300000,0.500000
449,1,1,22.000000,0.700000,0.500000
450,1,1,12.000000,0.200000,0.500000
451,1,1,15.000000,0.400000,0.500000
452,1,1,13.000000,0.300000,0.500000
453,1,1,15.000000,0.400000,0.500000
454,1,1,12.000000,0.200000,0.500000
455,1,1,12.000000,0.200000,0.500000
456,1,1,13.000000,0.300000,0.500000
457,1,1,13.000000,0.300000,0.500000
458,1,1,16.000000,0.400000,0.500000
459,1,1,13.000000,0.500000,0.500000
460,1,1,14.000000,0.600000,0.500000
461,1,1,10.000000,0.000000,0.500000
462,1,1,22.000000,0.800000,0.500000
463,1,1,16.000000,0.800000,0.500000
464,1,1,15.000000,0.400000,0.500000
465,1,1,17.000000,0.500000,0.500000
466,1,1,13.000000,0.500000,0.500000
467,1,1,10.000000,0.000000,0.500000
468,1,1,14.000000,0.400000,0.500000
469,1,1,28.000000,0.900000,0.500000
470,1,1,16.000000,0.700000,0.500000
471,1,1,25.000000,0.800000,0.500000
472,1,1,17.000000,0.700000,0.500000
473,1,1,12.000000,0.200000,0.500000
474,1,1,13.000000,0.500000,0.500000
475,1,1,14.000000,0.300000,0.500000
476,1,1,13.000000,0.500000,0.500000
477,1,1,32.000000,0.900000,0.500000
478,1,1,16.000000,0.400000,0.500000
479,1,1,13.000000,0.500000,0.500000
480,1,1,14.000000,0.400000,0.500000
481,1,1,15.000000,0.400000,0.500000
482,1,1,16.000000,0.700000,0.500000
483,1,1,21.000000,0.800000,0.500000
484,1,1,30.000000,0.900000,0.500000
485,1,1,29.000000,0.900000,0.500000
486,1,1,17.000000,0.700000,0.500000
487,1,1,14.000000,0.300000,0.500000
488,1,1,21.000000,0.600000,0.500000
489,1,1,10.000000,0.000000,0.500000
490,1,1,12.000000,0.200000,0.500000
491,1,1,19.000000,0.700000,0.500000
492,1,1,13.000000,0.500000,0.500000
493,1,1,15.000000,0.400000,0.500000
494,1,1,23.000000,0.900000,0.500000
495,1,1,24.000000,0.700000,0.500000
496,1,1,14.000000,0.400000,0.500000
497,1,1,17.000000,0.500000,0.500000
498,1,1,12.000000,0.200000,0.500000
499,1,1,16.000000,0.700000,0.500000
500,1,1,15.000000,0.400000,0.500000
501,1,1,13.000000,0.300000,0.500000
502,1,1,14.000000,0.600000,0.500000
503,1,1,20.000000,0.800000,0.500000
504,1,1,12.000000,0.200000,0.500000
505,1,1,16.000000,0.700000,0.500000
506,1,1,16.000000,0.700000,0.500000
507,1,1,21.000000,0.600000,0.500000
508,1,1,17.000000,0.500000,0.500000
509,1,1,13.000000,0.500000,0.500000
510,1,1,17.000000,0.800000,0.500000
511,1,1,19.000000,0.800000,0.500000
512,1,1,19.000000,0.600000,0.500000
513,1,1,19.000000,0.700000,0.500000
514,1,1,13.000000,0.500000,0.500000
515,1,1,22.000000,0.700000,0.500000
516,1,1,20.000000,0.700000,0.500000
517,1,1,18.000000,0.600000,0.500000
518,1,1,20.000000,0.900000,0.500000
519,1,1,13.000000,0.300000,0.500000
520,1,1,36.000000,1.000000,0.500000
521,1,1,14.000000,0.300000,0.500000
522,1,1,13.000000,0.300000,0.500000
523,1,1,16.000000,0.500000,0.500000
524,1,1,18.000000,0.700000,0.500000
525,1,1,30.000000,1.000000,0.500000
526,1,1,13.000000,0.500000,0.500000
527,1,1,20.000000,0.700000,0.500000
528,1,1,14.000000,0.600000,0.500000
529,1,1,24.000000,0.800000,0.500000
530,1,1,18.000000,0.700000,0.500000
531,1,1,20.000000,0.800000,0.500000
532,1,1,13.000000,0.500000,0.500000
533,1,1,12.000000,0.200000,0.500000
534,1,1,12.000000,0.200000,0.500000
535,1,1,13.000000,0.300000,0.500000
536,1,1,21.000000,0.700000,0.500000
537,1,1,13.000000,0.500000,0.500000
538,1,1,13.000000,0.300000,0.500000
539,1,1,12.000000,0.200000,0.500000
540,1,1,17.000000,0.800000,0.500000
541,1,1,14.000000,0.600000,0.500000
542,1,1,13.000000,0.500000,0.500000
543,1,1,13.000000,0.300000,0.500000
544,1,1,19.000000,0.600000,0.500000
545,1,1,15.000000,0.600000,0.500000
546,1,1,20.000000,0.700000,0.500000
547,1,1,15.000000,0.400000,0.500000
548,1,1,13.000000,0.500000,0.500000
549,1,1,14.000000,0.300000,0.500000
550,1,1,17.000000,0.800000,0.500000
551,1,1,25.000000,0.900000,0.500000
552,1,1,16.000000,0.700000,0.500000
553,1,1,12.000000,0.200000,0.500000
554,1,1,18.000000,0.700000,0.500000
555,1,1,20.000000,0.900000,0.500000
556,1,1,17.000000,0.500000,0.500000
557,1,1,16.000000,0.700000,0.500000
558,1,1,17.000000,0.700000,0.500000
559,1,1,17.000000,0.500000,0.500000
560,1,1,17.000000,0.500000,0.500000
561,1,1,22.000000,0.700000,0.500000
562,1,1,21.000000,0.800000,0.500000
563,1,1,14.000000,0.400000,0.500000
564,1,1,13.000000,0.500000,0.500000
565,1,1,20.000000,0.800000,0.500000
566,1,1,34.000000,0.900000,0.500000
567,1,1,12.000000,0.200000,0.500000
568,1,1,13.000000,0.300000,0.500000
569,1,1,14.000000,0.300000,0.500000
570,1,1,16.000000,0.800000,0.500000
571,1,1,13.000000,0.500000,0.500000
572,1,1,12.000000,0.200000,0.500000
573,1,1,20.000000,0.800000,0.500000
574,1,1,13.000000,0.500000,0.500000
575,1,1,19.000000,0.700000,0.500000
576,1,1,13.000000,0.500000,0.500000
577,1,1,13.000000,0.300000,0.500000
578,1,1,13.000000,0.500000,0.500000
579,1,1,10.000000,0.000000,0.500000
580,1,1,19.000000,0.600000,0.500000
581,1,1,13.000000,0.300000,0.500000
582,1,1,12.000000,0.200000,0.500000
583,1,1,16.000000,0.500000,0.500000
584,1,1,14.000000,0.300000,0.500000
585,1,1,17.000000,0.500000,0.500000
586,1,1,10.000000,0.000000,0.500000
587,1,1,17.000000,0.700000,0.500000
588,1,1,18.000000,0.500000,0.500000
589,1,1,23.000000,0.800000,0.500000
590,1,1,19.000000,0.600000,0.500000
591,1,1,14.000000,0.600000,0.500000
592,1,1,15.000000,0.600000,0.500000
593,1,1,13.000000,0.500000,0.500000
594,1,1,28.000000,0.900000,0.500000
595,1,1,17.000000,0.700000,0.500000
596,1,1,13.000000,0.500000,0.500000
597,1,1,14.000000,0.600000,0.500000
598,1,1,14.000000,0.300000,0.500000
599,1,1,15.000000,0.400000,0.500000
600,1,1,13.000000,0.300000,0.500000
601,1,1,17.000000,0.500000,0.500000
602,1,1,22.000000,0.800000,0.500000
603,1,1,20.000000,0.600000,0.500000
604,1,1,12.000000,0.200000,0.500000
605,1,1,14.000000,0.600000,0.500000
606,1,1,12.000000,0.200000,0.500000
607,1,1,13.000000,0.300000,0.500000
608,1,1,14.000000,0.300000,0.500000
609,1,1,21.000000,0.800000,0.500000
610,1,1,12.000000,0.200000,0.500000
611,1,1,12.000000,0.200000,0.500000
612,1,1,22.000000,0.800000,0.500000
613,1,1,13.000000,0.300000,0.500000
614,1,1,12.000000,0.200000,0.500000
615,1,1,14.000000,0.700000,0.500000
616,1,1,17.000000,0.800000,0.500000
617,1,1,13.000000,0.300000,0.500000
618,1,1,12.000000,0.200000,0.500000
619,1,1,17.000000,0.700000,0.500000
620,1,1,13.000000,0.300000,0.500000
621,1,1,19.000000,0.800000,0.500000
622,1,1,12.000000,0.200000,0.500000
623,1,1,17.000000,0.600000,0.500000
624,1,1,25.000000,0.800000,0.500000
625,1,1,12.000000,0.200000,0.500000
626,1,1,12.000000,0.200000,0.500000
627,1,1,13.000000,0.300000,0.500000
628,1,1,25.000000,0.900000,0.500000
629,1,1,10.000000,0.000000,0.500000
630,1,1,17.000000,0.400000,0.500000
631,1,1,12.000000,0.200000,0.500000
632,1,1,14.000000,0.300000,0.500000
633,1,1,16.000000,0.400000,0.500000
634,1,1,20.000000,0.800000,0.500000
635,1,1,15.000000,0.400000,0.500000
636,1,1,13.000000,0.500000,0.500000
637,1,1,18.000000,0.600000,0.500000
638,1,1,10.000000,0.000000,0.500000
639,1,1,12.000000,0.200000,0.500000
640,1,1,17.000000,0.600000,0.500000
641,1,1,21.000000,0.700000,0.500000
642,1,1,17.000000,0.500000,0.500000
643,1,1,14.000000,0.600000,0.500000
644,1,1,15.000000,0.400000,0.500000
645,1,1,14.000000,0.700000,0.500000
646,1,1,13.000000,0.300000,0.500000
647,1,1,17.000000,0.800000,0.500000
648,1,1,12.000000,0.200000,0.500000
649,1,1,16.000000,0.400000,0.500000
650,1,1,18.000000,0.700000,0.500000
651,1,1,15.000000,0.400000,0.500000
652,1,1,15.000000,0.400000,0.500000
653,1,1,19.000000,0.900000,0.500000
654,1,1,19.000000,0.800000,0.500000
655,1,1,16.000000,0.500000,0.500000
656,1,1,13.000000,0.500000,0.500000
657,1,1,13.000000,0.300000,0.500000
658,1,1,13.000000,0.500000,0.500000
659,1,1,12.000000,0.200000,0.500000
660,1,1,14.000000,0.600000,0.500000
661,1,1,12.000000,0.200000,0.500000
662,1,1,15.000000,0.800000,0.500000
663,1,1,23.000000,0.900000,0.500000
664,1,1,22.000000,0.900000,0.500000
665,1,1,13.000000,0.300000,0.500000
666,1,1,26.000000,0.800000,0.500000
667,1,1,14.000000,0.600000,0.500000
668,1,1,18.000000,0.600000,0.500000
669,1,1,16.000000,0.500000,0.500000
670,1,1,12.000000,0.200000,0.500000
671,1,1,20.000000,0.800000,0.500000
672,1,1,13.000000,0.300000,0.500000
673,1,1,16.000000,0.700000,0.500000
674,1,1,17.000000,0.700000,0.500000
675,1,1,26.000000,0.900000,0.500000
676,1,1,14.000000,0.700000,0.500000
677,1,1,25.000000,0.900000,0.500000
678,1,1,19.000000,0.700000,0.500000
679,1,1,18.000000,0.800000,0.500000
680,1,1,22.000000,0.800000,0.500000
681,1,1,10.000000,0.000000,0.500000
682,1,1,15.000000,0.400000,0.500000
683,1,1,13.000000,0.300000,0.500000
684,1,1,21.000000,0.700000,0.500000
685,1,1,14.000000,0.400000,0.500000
686,1,1,33.000000,0.900000,0.500000
687,1,1,13.000000,0.500000,0.500000
688,1,1,20.000000,0.800000,0.500000
689,1,1,17.000000,0.800000,0.500000
690,1,1,22.000000,0.800000,0.500000
691,1,1,13.000000,0.500000,0.500000
692,1,1,10.000000,0.000000,0.500000
693,1,1,17.000000,0.400000,0.500000
694,1,1,25.000000,0.900000,0.500000
695,1,1,16.000000,0.700000,0.500000
696,1,1,13.000000,0.300000,0.500000
697,1,1,12.000000,0.200000,0.500000
698,1,1,10.000000,0.000000,0.500000
699,1,1,15.000000,0.400000,0.500000
700,1,1,15.000000,0.400000,0.500000
701,1,1,13.000000,0.300000,0.500000
702,1,1,16.000000,0.400000,0.500000
703,1,1,16.000000,0.500000,0.500000
704,1,1,13.000000,0.300000,0.500000
705,1,1,16.000000,0.400000,0.500000
706,1,1,17.000000,0.400000,0.500000
707,1,1,13.000000,0.300000,0.500000
708,1,1,13.000000,0.500000,0.500000
709,1,1,24.000000,0.900000,0.500000
710,1,1,15.000000,0.600000,0.500000
711,1,1,14.000000,0.600000,0.500000
712,1,1,12.000000,0.200000,0.500000
713,1,1,17.000000,0.700000,0.500000
714,1,1,14.000000,0.700000,0.500000
715,1,1,14.000000,0.400000,0.500000
716,1,1,27.000000,0.900000,0.500000
717,1,1,39.000000,1.000000,0.500000
718,1,1,17.000000,0.700000,0.500000
719,1,1,17.000000,0.500000,0.500000
720,1,1,13.000000,0.500000,0.500000
721,1,1,15.000000,0.400000,0.500000
722,1,1,15.000000,0.400000,0.500000
723,1,1,13.000000,0.300000,0.500000
724,1,1,13.000000,0.300000,0.500000
725,1,1,27.000000,0.900000,0.500000
726,1,1,20.000000,0.800000,0.500000
727,1,1,18.000000,0.800000,0.500000
728,1,1,18.000000,0.600000,0.500000
729,1,1,10.000000,0.000000,0.500000
730,1,1,14.000000,0.300000,0.500000
731,1,1,13.000000,0.500000,0.500000
732,1,1,19.000000,0.700000,0.500000
733,1,1,19.000000,0.700000,0.500000
734,1,1,22.000000,0.900000,0.500000
735,1,1,13.000000,0.500000,0.500000
736,1,1,18.000000,0.600000,0.500000
737,1,1,22.000000,0.900000,0.500000
738,1,1,10.000000,0.000000,0.500000
739,1,1,15.000000,0.400000,0.500000
740,1,1,18.000000,0.700000,0.500000
741,0,1,33.000000,0.900000,0.500000
742,1,1,13.000000,0.500000,0.500000
743,1,1,32.000000,0.900000,0.500000
744,1,1,10.000000,0.000000,0.500000
745,1,1,18.000000,0.700000,0.500000
746,1,1,13.000000,0.500000,0.500000
747,1,1,13.000000,0.300000,0.500000
748,1,1,12.000000,0.200000,0.500000
749,1,1,19.000000,0.700000,0.500000
750,1,1,15.000000,0.800000,0.500000
751,1,1,13.000000,0.300000,0.500000
752,1,1,18.000000,0.600000,0.500000
753,1,1,32.000000,0.900000,0.500000
754,1,1,29.000000,0.900000,0.500000
755,1,1,13.000000,0.300000,0.500000
756,1,1,19.000000,0.500000,0.500000
757,1,1,25.000000,0.900000,0.500000
758,1,1,10.000000,0.000000,0.500000
759,1,1,17.000000,0.700000,0.500000
760,1,1,14.000000,0.600000,0.500000
761,1,1,14.000000,0.600000,0.500000
762,1,1,13.000000,0.300000,0.500000
763,1,1,13.000000,0.300000,0.500000
764,1,1,12.000000,0.200000,0.500000
765,1,1,12.000000,0.200000,0.500000
766,1,1,21.000000,0.900000,0.500000
767,1,1,21.000000,0.700000,0.500000
768,1,1,23.000000,0.800000,0.500000
769,1,1,12.000000,0.200000,0.500000
770,1,1,21.000000,0.700000,0.500000
771,1,1,15.000000,0.600000,0.500000
772,1,1,12.000000,0.200000,0.500000
773,1,1,15.000000,0.400000,0.500000
774,1,1,18.000000,0.500000,0.500000
775,1,1,14.000000,0.300000,0.500000
776,1,1,13.000000,0.300000,0.500000
777,1,1,13.000000,0.500000,0.500000
778,1,1,14.000000,0.300000,0.500000
779,1,1,14.000000,0.600000,0.500000
780,1,1,23.000000,0.900000,0.500000
781,1,1,17.000000,0.800000,0.500000
782,1,1,20.000000,0.800000,0.500000
783,1,1,15.000000,0.400000,0.500000
784,1,1,13.000000,0.300000,0.500000
785,1,1,16.000000,0.700000,0.500000
786,1,1,41.000000,1.000000,0.500000
787,1,1,26.000000,0.900000,0.500000
788,1,1,12.000000,0.200000,0.500000
789,1,1,17.000000,0.700000,0.500000
790,1,1,25.000000,0.900000,0.500000
791,1,1,12.000000,0.200000,0.500000
792,1,1,15.000000,0.600000,0.500000
793,1,1,13.000000,0.300000,0.500000
794,1,1,13.000000,0.300000,0.500000
795,1,1,16.000000,0.500000,0.500000
796,1,1,14.000000,0.300000,0.500000
797,1,1,16.000000,0.800000,0.500000
798,1,1,17.000000,0.500000,0.500000
799,1,1,17.000000,0.500000,0.500000
800,1,1,15.000000,0.600000,0.500000
801,1,1,13.000000,0.300000,0.500000
802,1,1,10.000000,0.000000,0.500000
803,1,1,24.000000,0.900000,0.500000
804,1,1,11.000000,0.200000,0.500000
805,1,1,28.000000,0.900000,0.500000
806,1,1,13.000000,0.500000,0.500000
807,1,1,13.000000,0.500000,0.500000
808,1,1,17.000000,0.500000,0.500000
809,1,1,19.000000,0.500000,0.500000
810,1,1,20.000000,0.600000,0.500000
811,1,1,18.000000,0.500000,0.500000
812,1,1,13.000000,0.300000,0.500000
813,1,1,22.000000,0.700000,0.500000
814,1,1,14.000000,0.300000,0.500000
815,1,1,14.000000,0.600000,0.500000
816,1,1,10.000000,0.000000,0.500000
817,1,1,22.000000,0.800000,0.500000
818,1,1,14.000000,0.600000,0.500000
819,1,1,14.000000,0.700000,0.500000
820,1,1,15.000000,0.600000,0.500000
821,1,1,14.000000,0.700000,0.500000
822,1,1,13.000000,0.300000,0.500000
823,1,1,12.000000,0.300000,0.500000
824,1,1,13.000000,0.500000,0.500000
825,1,1,15.000000,0.400000,0.500000
826,1,1,13.000000,0.300000,0.500000
827,1,1,25.000000,0.900000,0.500000
828,1,1,17.000000,0.800000,0.500000
829,1,1,13.000000,0.600000,0.500000
830,1,1,16.000000,0.400000,0.500000
831,1,1,16.000000,0.500000,0.500000
832,1,1,22.000000,0.800000,0.500000
833,1,1,25.000000,0.900000,0.500000
834,1,1,13.000000,0.300000,0.500000
835,1,1,19.000000,0.700000,0.500000
836,1,1,16.000000,0.700000,0.500000
837,1,1,10.000000,0.000000,0.500000
838,1,1,12.000000,0.200000,0.500000
839,1,1,19.000000,0.800000,0.500000
840,1,1,13.000000,0.500000,0.500000
841,1,1,13.000000,0.500000,0.500000
842,1,1,17.000000,0.500000,0.500000
843,1,1,13.000000,0.300000,0.500000
844,1,1,18.000000,0.800000,0.500000
845,1,1,14.000000,0.700000,0.500000
846,1,1,21.000000,0.800000,0.500000
847,1,1,21.000000,0.800000,0.500000
848,1,1,12.000000,0.200000,0.500000
849,1,1,13.000000,0.300000,0.500000
850,1,1,14.000000,0.600000,0.500000
851,1,1,12.000000,0.200000,0.500000
852,1,1,14.000000,0.300000,0.500000
853,1,1,15.000000,0.600000,0.500000
854,1,1,15.000000,0.800000,0.500000
855,1,1,13.000000,0.300000,0.500000
856,1,1,14.000000,0.700000,0.500000
857,1,1,22.000000,0.800000,0.500000
858,1,1,16.000000,0.700000,0.500000
859,1,1,15.000000,0.600000,0.500000
860,1,1,18.000000,0.600000,0.500000
861,1,1,10.000000,0.000000,0.500000
862,1,1,13.000000,0.500000,0.500000
863,1,1,14.000000,0.400000,0.500000
864,1,1,17.000000,0.700000,0.500000
865,1,1,19.000000,0.500000,0.500000
866,1,1,13.000000,0.300000,0.500000
867,1,1,13.000000,0.500000,0.500000
868,1,1,13.000000,0.300000,0.500000
869,1,1,23.000000,0.700000,0.500000
870,1,1,15.000000,0.600000,0.500000
871,1,1,25.000000,0.900000,0.500000
872,1,1,13.000000,0.300000,0.500000
873,1,1,16.000000,0.400000,0.500000
874,1,1,18.000000,0.800000,0.500000
875,1,1,12.000000,0.200000,0.500000
876,1,1,17.000000,0.500000,0.500000
877,1,1,12.000000,0.200000,0.500000
878,1,1,16.000000,0.800000,0.500000
879,1,1,12.000000,0.200000,0.500000
880,1,1,18.000000,0.800000,0.500000
881,1,1,25.000000,0.900000,0.500000
882,1,1,13.000000,0.300000,0.500000
883,1,1,14.000000,0.300000,0.500000
884,1,1,13.000000,0.500000,0.500000
885,1,1,12.000000,0.200000,0.500000
886,1,1,22.000000,0.900000,0.500000
887,1,1,15.000000,0.600000,0.500000
888,0,0,22.000000,0.900000,0.500000
889,1,1,17.000000,0.500000,0.500000
890,1,1,14.000000,0.600000,0.500000
891,1,1,16.000000,0.400000,0.500000
892,1,1,13.000000,0.500000,0.500000
893,1,1,20.000000,0.800000,0.500000
894,1,1,17.000000,0.800000,0.500000
895,1,1,13.000000,0.300000,0.500000
896,1,1,13.000000,0.300000,0.500000
897,1,1,25.000000,0.900000,0.500000
898,1,1,14.000000,0.600000,0.500000
899,1,1,14.000000,0.300000,0.500000
900,1,1,15.000000,0.400000,0.500000
901,1,1,15.000000,0.400000,0.500000
902,1,1,15.000000,0.400000,0.500000
903,1,1,17.000000,0.500000,0.500000
904,1,1,13.000000,0.500000,0.500000
905,1,1,13.000000,0.300000,0.500000
906,1,1,14.000000,0.600000,0.500000
907,1,1,17.000000,0.800000,0.500000
908,1,1,14.000000,0.600000,0.500000
909,1,1,32.000000,0.900000,0.500000
910,1,1,16.000000,0.800000,0.500000
911,1,1,24.000000,0.800000,0.500000
912,1,1,17.000000,0.800000,0.500000
913,1,1,13.000000,0.300000,0.500000
914,1,1,18.000000,0.700000,0.500000
915,1,1,14.000000,0.600000,0.500000
916,1,1,14.000000,0.600000,0.500000
917,1,1,14.000000,0.300000,0.500000
918,1,1,10.000000,0.000000,0.500000
919,1,1,24.000000,0.900000,0.500000
920,1,1,49.000000,1.000000,0.500000
921,1,1,13.000000,0.500000,0.500000
922,1,1,16.000000,0.700000,0.500000
923,1,1,24.000000,0.900000,0.500000
924,1,1,24.000000,0.800000,0.500000
925,1,1,12.000000,0.200000,0.500000
926,1,1,14.000000,0.700000,0.500000
927,1,1,15.000000,0.400000,0.500000
928,1,1,17.000000,0.500000,0.500000
929,1,1,34.000000,0.900000,0.500000
930,1,1,25.000000,0.900000,0.500000
931,1,1,26.000000,0.900000,0.500000
932,1,1,28.000000,0.900000,0.500000
933,1,1,18.000000,0.600000,0.500000
934,1,1,17.000000,0.500000,0.500000
935,1,1,13.000000,0.300000,0.500000
936,1,1,20.000000,0.800000,0.500000
937,1,1,16.000000,0.500000,0.500000
938,1,1,30.000000,0.900000,0.500000
939,1,1,10.000000,0.000000,0.500000
940,1,1,14.000000,0.600000,0.500000
941,1,1,18.000000,0.600000,0.500000
942,1,1,19.000000,0.500000,0.500000
943,1,1,17.000000,0.700000,0.500000
944,1,1,13.000000,0.500000,0.500000
945,1,1,17.000000,0.800000,0.500000
946,1,1,12.000000,0.200000,0.500000
947,1,1,31.000000,0.900000,0.500000
948,1,1,16.000000,0.800000,0.500000
949,1,1,13.000000,0.500000,0.500000
950,1,1,18.000000,0.600000,0.500000
951,1,1,14.000000,0.700000,0.500000
952,1,1,13.000000,0.500000,0.500000
953,1,1,12.000000,0.200000,0.500000
954,1,1,17.000000,0.500000,0.500000
955,1,1,22.000000,0.800000,0.500000
956,1,1,31.000000,0.900000,0.500000
957,1,1,17.000000,0.500000,0.500000
958,1,1,26.000000,0.900000,0.500000
959,1,1,12.000000,0.200000,0.500000
960,1,1,26.000000,0.900000,0.500000
961,1,1,22.000000,0.900000,0.500000
962,1,1,12.000000,0.200000,0.500000
963,1,1,25.000000,0.900000,0.500000
964,1,1,14.000000,0.300000,0.500000
965,1,1,14.000000,0.700000,0.500000
966,1,1,13.000000,0.300000,0.500000
967,1,1,13.000000,0.500000,0.500000
968,1,1,14.000000,0.300000,0.500000
969,1,1,13.000000,0.300000,0.500000
970,1,1,33.000000,0.900000,0.500000
971,1,1,13.000000,0.300000,0.500000
972,1,1,18.000000,0.900000,0.500000
973,1,1,16.000000,0.700000,0.500000
974,1,1,19.000000,0.700000,0.500000
975,1,1,12.000000,0.200000,0.500000
976,1,1,14.000000,0.600000,0.500000
977,1,1,16.000000,0.700000,0.500000
978,1,1,18.000000,0.600000,0.500000
979,1,1,29.000000,0.900000,0.500000
980,1,1,14.000000,0.700000,0.500000
981,1,1,18.000000,0.700000,0.500000
982,1,1,14.000000,0.600000,0.500000
983,1,1,17.000000,0.400000,0.500000
984,1,1,16.000000,0.700000,0.500000
985,1,1,13.000000,0.500000,0.500000
986,1,1,15.000000,0.300000,0.500000
987,1,1,12.000000,0.200000,0.500000
988,1,1,13.000000,0.300000,0.500000
989,1,1,19.000000,0.800000,0.500000
990,1,1,28.000000,0.900000,0.500000
991,1,1,23.000000,0.800000,0.500000
992,1,1,17.000000,0.500000,0.500000
993,1,1,14.000000,0.700000,0.500000
994,1,1,19.000000,0.900000,0.500000
995,1,1,32.000000,0.900000,0.500000
996,1,1,12.000000,0.200000,0.500000
997,1,1,15.000000,0.600000,0.500000
998,1,1,12.000000,0.200000,0.500000
999,1,1,13.000000,0.300000,0.500000
WorkerID,Gamma,TrueGamma
92,0.496011,0.477006
731,0.504056,1.779486
54,0.500940,0.490338
298,0.516241,1.619966
112,0.496207,0.538221
316,0.500983,0.907641
459,0.513130,1.717502
341,0.499657,1.298354
687,0.513291,1.410132
572,0.530463,1.585535
252,0.518038,1.179452
286,0.499111,0.665735
885,0.510975,0.998352
721,0.500365,0.839310
840,0.507057,1.253545
988,0.503381,2.122945
931,0.520844,1.156331
266,0.512679,0.844469
800,0.493963,0.809389
583,0.489599,0.528666
742,0.489670,0.269903
597,0.485981,0.474833
801,0.527510,1.831562
492,0.500966,1.579006
782,0.495320,3.320639
907,0.500845,0.762369
793,0.505354,1.983470
225,0.512686,1.810111
850,0.479513,0.390144
920,0.506529,1.024471
229,0.518215,1.625515
924,0.492788,0.996116
294,0.511308,1.510397
254,0.499488,1.183461
397,0.507742,0.863494
178,0.495254,1.123368
515,0.491510,0.655725
880,0.488501,0.922848
185,0.494729,1.154884
251,0.501636,0.490242
612,0.531830,1.480982
978,0.530053,4.183775
176,0.522677,1.233040
355,0.504537,0.931643
139,0.515115,1.129956
868,0.497693,0.872317
656,0.507157,1.106033
433,0.498377,0.576961
527,0.500872,1.460787
357,0.541974,2.327803
842,0.497769,1.577734
918,0.503087,0.696976
638,0.498207,0.881345
181,0.521682,2.659356
191,0.514507,1.275269
503,0.493472,0.669026
186,0.506189,0.787809
778,0.506409,1.343439
626,0.504120,1.228245
585,0.500841,1.091215
545,0.494690,0.638926
925,0.500961,0.661467
542,0.497198,1.208282
473,0.504436,1.351332
440,0.486272,0.245884
936,0.515651,1.370618
87,0.496482,0.631751
190,0.503915,0.826688
312,0.499674,0.917885
468,0.506531,0.917638
84,0.505931,1.120882
162,0.509055,1.099090
654,0.518099,1.008496
234,0.495236,1.076042
995,0.501016,0.964720
337,0.504593,0.844217
618,0.490988,1.286706
624,0.489338,0.374182
603,0.509575,1.124483
230,0.502679,0.527169
168,0.508966,0.709137
614,0.516229,1.973351
715,0.504568,1.080282
985,0.516946,1.600313
561,0.519356,0.968361
475,0.502790,0.540732
751,0.510012,1.902711
737,0.510861,1.154737
676,0.513346,1.083099
962,0.497129,0.488074
98,0.484657,0.717727
589,0.498953,0.769394
790,0.498389,0.550025
980,0.497791,1.183794
926,0.495805,1.085254
281,0.500272,1.100035
116,0.497792,1.179370
960,0.505075,0.909455
375,0.490385,0.206348
160,0.501969,1.078552
613,0.512742,0.798044
848,0.511984,1.878827
516,0.504007,0.552887
138,0.504091,0.747728
415,0.502718,0.874596
952,0.525332,1.688480
718,0.497673,1.335473
402,0.504507,2.058155
220,0.513270,1.520767
785,0.500184,0.538785
897,0.513210,1.609097
608,0.506967,0.777103
993,0.515163,3.026662
323,0.516824,1.092294
232,0.500934,0.567234
682,0.500849,0.793187
290,0.506989,1.616281
378,0.511516,0.942667
317,0.499506,1.036276
309,0.505197,1.185081
640,0.514392,0.952099
69,0.505991,0.734275
777,0.509217,0.904339
709,0.505945,1.227022
610,0.492734,1.248266
819,0.502113,1.209997
354,0.495199,1.145840
470,0.516910,1.818717
464,0.505026,0.988190
611,0.516891,1.014072
521,0.529409,1.530329
62,0.511688,1.092267
723,0.498839,2.002408
700,0.504926,0.982199
977,0.499020,0.712026
137,0.520596,2.479630
161,0.527050,1.528274
881,0.490463,0.248861
992,0.519181,1.030803
245,0.514158,1.137550
419,0.498802,0.595958
239,0.513195,1.675008
592,0.511242,1.516236
184,0.510000,2.721579
148,0.505630,0.107603
634,0.507592,1.737897
499,0.496360,1.021831
353,0.512395,1.528467
450,0.504298,1.612629
96,0.512342,1.060904
462,0.508109,1.055584
1,0.517531,0.831918
847,0.530708,2.073201
218,0.494482,0.272334
830,0.515324,0.379145
472,0.521008,1.399645
0,0.508066,1.490108
767,0.531887,1.641653
258,0.505645,1.257507
831,0.496920,0.434668
438,0.490978,0.613069
246,0.503623,0.995677
291,0.529537,1.970262
954,0.503096,0.884121
474,0.525264,1.533479
443,0.515397,1.787902
912,0.492378,0.180486
935,0.504347,0.893864
315,0.525868,1.120571
154,0.509858,1.714007
639,0.519902,1.072289
428,0.497244,0.693363
388,0.519064,0.849493
895,0.501633,0.997037
204,0.495791,0.744628
864,0.511254,1.961299
283,0.509969,1.782178
20,0.523032,1.481015
911,0.498245,1.169901
482,0.502588,0.819944
943,0.511682,1.728297
606,0.515460,0.779311
893,0.511896,1.353900
404,0.508022,1.728471
511,0.523371,1.439576
196,0.513454,1.062418
536,0.511857,1.303125
123,0.504357,2.212395
413,0.504891,0.745984
621,0.506839,1.471523
424,0.512555,0.982182
716,0.511686,1.739310
91,0.485622,0.636547
990,0.514554,1.475357
813,0.518458,1.148168
212,0.494180,0.596026
981,0.507374,0.780092
532,0.500647,0.415187
39,0.498950,0.222750
888,0.496215,0.519945
109,0.510656,2.112934
647,0.515332,1.329238
869,0.528029,2.054613
3,0.509356,1.065351
884,0.511767,1.298675
727,0.500486,1.153257
301,0.510457,0.906148
255,0.498733,0.507494
57,0.495770,1.155949
798,0.505582,0.684761
859,0.500027,0.745453
616,0.509810,1.900718
224,0.501895,0.655116
111,0.500670,0.593315
439,0.523294,0.793266
939,0.494290,0.776955
607,0.490623,1.077472
887,0.512328,1.223484
953,0.504509,1.780659
200,0.518633,0.952434
797,0.500486,0.492896
679,0.506811,0.906680
560,0.508008,1.506380
487,0.500610,1.803556
113,0.505485,0.827687
814,0.512333,1.552614
86,0.530111,1.306024
336,0.513769,1.214121
163,0.514715,1.152282
172,0.503183,1.189842
967,0.496264,0.433309
577,0.530301,2.215542
776,0.505597,0.709684
238,0.502926,1.480775
901,0.508848,0.657731
292,0.524074,1.544990
128,0.503559,1.936640
996,0.507289,1.268988
233,0.523401,1.947464
326,0.507447,0.638260
135,0.520995,2.037236
938,0.501737,0.469162
75,0.509912,0.694045
260,0.511784,1.661503
600,0.508748,0.546980
584,0.533387,1.867277
630,0.513599,0.574083
395,0.506934,1.096840
664,0.512405,1.996854
314,0.513706,2.094250
360,0.502396,0.447257
576,0.514893,2.068872
595,0.496765,0.601940
599,0.506251,1.738405
18,0.502457,0.476223
846,0.527743,1.731115
677,0.498192,0.410836
151,0.502583,0.972157
394,0.514162,1.507166
381,0.502358,0.709283
567,0.488080,0.352867
896,0.518133,1.198733
227,0.516006,0.889903
879,0.513068,1.163172
104,0.501236,0.816387
103,0.498619,0.459866
350,0.520408,2.496816
82,0.499963,0.995651
391,0.514137,1.589381
89,0.498846,0.415991
891,0.504301,0.745832
460,0.514165,1.114994
894,0.507330,0.627385
456,0.514705,1.410775
5,0.501754,0.307512
710,0.512372,0.884549
762,0.506298,0.856183
537,0.527692,2.074919
900,0.512428,0.655904
569,0.529065,0.992050
465,0.501925,0.515404
97,0.519664,1.242083
617,0.500159,0.922148
457,0.512392,1.658275
319,0.502394,0.689563
442,0.502908,0.666493
73,0.507357,1.744527
448,0.510741,1.239580
796,0.503737,2.167610
874,0.524889,1.729675
841,0.493721,0.289633
944,0.515212,1.090571
738,0.513695,1.948628
655,0.507434,0.810961
535,0.507372,1.212892
117,0.511886,1.068084
546,0.501928,0.844303
746,0.510933,0.600587
347,0.512869,1.551548
799,0.498799,0.908155
821,0.510693,1.237499
124,0.492485,0.619417
604,0.513861,2.814886
826,0.502505,0.417654
374,0.511163,0.798565
205,0.517385,1.088474
837,0.498126,1.546580
708,0.507543,1.867294
834,0.508666,1.506021
554,0.503687,0.606938
127,0.495451,0.791470
989,0.507349,1.044370
972,0.498724,0.538086
240,0.539001,1.760441
502,0.494928,0.191540
188,0.509169,1.459681
923,0.527708,1.525799
243,0.503843,1.088037
636,0.506706,1.285648
289,0.512336,1.661902
166,0.541949,2.120016
609,0.527068,1.553343
6,0.503194,1.516044
195,0.501211,1.055230
140,0.540119,2.004492
276,0.499315,0.405437
310,0.510110,0.946442
441,0.498503,0.772866
169,0.507892,0.783970
823,0.513156,0.502668
132,0.507400,2.079801
648,0.503157,1.592958
668,0.510725,0.979607
915,0.487013,0.259755
130,0.505634,0.631307
553,0.508361,0.923472
955,0.516994,0.823610
19,0.502164,0.525206
411,0.502993,0.300595
242,0.525230,1.271435
495,0.513108,1.836000
215,0.511720,1.859944
26,0.532790,1.308389
356,0.515277,1.515924
760,0.509280,0.829438
35,0.509679,1.028525
674,0.504634,1.937266
692,0.502790,1.196446
690,0.527967,1.519187
757,0.499908,0.722755
209,0.504928,1.449152
812,0.513319,1.055347
863,0.509619,1.192081
958,0.495352,0.306275
16,0.502208,2.396053
724,0.506503,0.709015
446,0.504003,0.542498
318,0.509740,1.280017
759,0.527852,3.260977
711,0.522584,0.954228
371,0.509993,2.468548
876,0.535801,1.405201
959,0.511524,0.507519
987,0.507758,0.857562
296,0.530337,1.813865
340,0.507002,1.272223
480,0.508682,1.498139
481,0.523238,3.173114
146,0.514057,1.005619
669,0.528855,1.297817
544,0.513030,1.094485
79,0.510007,1.295200
794,0.528832,1.844825
110,0.510921,1.550760
322,0.507070,1.293015
65,0.521970,0.760231
675,0.509025,0.679908
743,0.497915,0.625584
658,0.520127,1.184139
253,0.518611,1.625500
377,0.502248,0.637531
641,0.506137,0.464397
883,0.501951,0.718151
873,0.513272,1.508077
702,0.525091,0.819982
59,0.507197,1.067360
398,0.496544,0.668930
304,0.502189,3.674873
165,0.514843,1.474409
119,0.520132,1.484476
418,0.513928,0.516803
752,0.510243,1.499645
829,0.521022,1.802451
579,0.505677,1.132325
726,0.506235,0.598589
156,0.493960,1.033392
367,0.513959,0.860759
278,0.517396,1.872473
142,0.509720,1.495143
330,0.528883,1.703951
256,0.521386,1.628894
458,0.529267,1.518648
652,0.510855,0.791601
997,0.505659,0.488746
379,0.537698,1.488917
369,0.501546,1.326547
265,0.511342,1.171663
37,0.528981,1.989436
591,0.526458,3.205345
211,0.498258,0.310043
27,0.516510,2.264042
313,0.499521,0.852673
852,0.529606,0.739266
779,0.514558,1.724884
562,0.509672,0.676968
118,0.500945,0.142442
461,0.512644,0.932225
851,0.515711,1.033173
866,0.511013,0.991636
833,0.507202,1.877933
51,0.536018,2.536628
745,0.522090,3.028675
775,0.510848,2.533734
619,0.510682,0.667967
364,0.528851,2.483105
984,0.517119,1.381777
615,0.509361,1.757536
994,0.516319,1.282069
107,0.520792,2.207263
32,0.505703,0.815880
650,0.516304,1.343000
526,0.507232,1.454445
857,0.505991,0.903551
174,0.513039,0.537266
549,0.505398,0.440538
932,0.512817,0.462640
625,0.502166,0.367686
287,0.501480,1.385209
514,0.502486,0.933140
29,0.522416,0.895381
268,0.507670,1.263656
685,0.501427,1.204677
275,0.490904,0.461963
143,0.513299,0.541122
477,0.511608,1.343370
946,0.495991,0.829232
741,0.507760,1.465067
479,0.514611,2.120034
722,0.519298,1.596659
321,0.523424,1.855165
744,0.494561,1.046389
547,0.509159,0.931337
566,0.518835,2.215581
651,0.510386,1.026312
305,0.507207,1.574437
452,0.509429,0.439917
673,0.502948,0.941012
735,0.511578,0.978727
699,0.519060,1.761820
694,0.529886,1.169442
917,0.500430,0.514844
523,0.515620,1.834136
688,0.520867,1.321843
466,0.518023,2.084929
329,0.517235,2.197680
328,0.507421,1.131926
363,0.500024,0.519580
717,0.518008,0.974881
373,0.494886,0.610122
983,0.512383,0.552600
164,0.498006,0.488303
551,0.508908,1.726892
408,0.516509,1.574597
10,0.490452,0.506795
36,0.513284,0.543753
627,0.500483,1.280870
114,0.531554,1.707157
343,0.498053,0.691391
311,0.504354,1.568655
414,0.504503,2.149861
974,0.503193,0.917474
199,0.518422,0.997903
385,0.503559,1.611787
64,0.508443,0.930895
231,0.518518,2.313610
733,0.507045,1.260216
417,0.508693,0.878004
405,0.519048,0.974623
44,0.518425,1.201064
504,0.503721,1.663961
698,0.510807,0.890883
681,0.527709,2.696487
201,0.510645,2.335576
991,0.517861,1.538447
235,0.507433,1.210864
646,0.505972,0.975502
563,0.509760,0.754429
828,0.512263,1.022938
261,0.506695,0.794462
277,0.511759,1.320263
832,0.522835,1.043922
270,0.538291,2.449049
982,0.522006,2.109683
236,0.523562,2.308695
693,0.498212,0.854956
559,0.529513,1.610699
182,0.514897,1.712466
921,0.514647,1.039291
31,0.529257,1.530149
629,0.503534,0.960675
444,0.519182,1.801951
736,0.520233,2.011080
963,0.515260,2.815638
421,0.525894,1.789848
403,0.513451,0.931885
262,0.511598,0.698083
171,0.508931,0.701220
605,0.494334,0.255581
786,0.525520,0.846927
590,0.499666,0.989166
284,0.507879,0.723603
11,0.520246,2.294608
854,0.501922,0.854315
42,0.496096,0.547743
197,0.525870,1.364321
870,0.504180,1.319344
33,0.516913,1.317283
555,0.516545,1.016496
412,0.501715,1.317363
13,0.509768,1.267681
999,0.530261,1.508811
856,0.520078,1.394166
867,0.505664,1.152863
588,0.494184,0.404371
334,0.506106,0.833838
208,0.509551,1.142193
898,0.543899,2.137288
601,0.508532,0.872967
740,0.521533,1.363141
383,0.519233,1.338859
622,0.499172,0.432848
602,0.509824,1.061894
948,0.517463,1.594708
155,0.501683,0.885715
820,0.506111,0.622673
660,0.509221,0.495365
971,0.508495,1.385199
187,0.521998,1.877877
788,0.508317,3.362766
217,0.517239,0.795846
102,0.502100,0.458025
23,0.515555,1.511400
210,0.527410,1.019823
633,0.505004,1.235503
279,0.542649,1.983348
46,0.528517,0.868724
121,0.534513,1.074894
520,0.517465,1.404041
7,0.512167,0.744468
810,0.505071,0.591920
781,0.506977,1.024629
593,0.505768,0.599665
758,0.499010,0.897870
929,0.503585,0.369912
973,0.504609,1.444353
686,0.528757,1.538628
496,0.517537,1.078594
596,0.525036,1.109976
126,0.517145,2.008116
512,0.516605,1.374548
940,0.507074,1.011984
587,0.499466,0.949003
332,0.525759,1.297060
307,0.514301,1.147598
192,0.499586,0.762090
141,0.507134,0.915466
180,0.529724,1.388778
789,0.517120,1.143287
384,0.530502,0.831052
193,0.532019,1.672292
795,0.512010,2.354849
714,0.517664,1.268573
194,0.516790,1.041853
580,0.510794,1.000291
509,0.531589,1.681734
635,0.520962,1.404162
63,0.513312,0.567131
865,0.502555,1.056134
134,0.536660,0.921624
565,0.501256,0.525511
28,0.502846,0.758501
17,0.512548,0.756633
890,0.514679,1.052205
38,0.517574,0.434028
327,0.509452,1.299017
644,0.507036,0.609486
855,0.510341,1.752720
748,0.513625,1.247165
272,0.515446,1.145678
248,0.520138,0.934438
66,0.514210,0.454014
684,0.510247,0.875591
306,0.502690,0.361825
933,0.523401,2.745360
359,0.531711,1.710684
564,0.507161,0.469729
807,0.512655,2.698576
179,0.510454,1.561828
56,0.529526,1.877960
825,0.513553,1.224283
956,0.512243,0.689237
50,0.502329,0.272840
838,0.514135,1.525286
133,0.505343,0.299482
491,0.514020,0.636506
269,0.526993,1.645317
808,0.510919,0.888369
390,0.517294,1.483274
400,0.523806,1.257374
862,0.511077,1.457901
949,0.506864,0.490434
678,0.505895,0.628493
538,0.506630,0.904902
835,0.532510,2.458494
352,0.511053,1.722693
366,0.507433,0.381459
14,0.535128,0.994950
416,0.504401,0.603811
426,0.521752,1.283673
407,0.509660,1.120502
58,0.507882,0.816159
910,0.520375,1.559642
707,0.526010,1.350848
528,0.502953,0.446900
661,0.506732,0.945598
913,0.500394,0.225468
382,0.517183,1.169908
945,0.511101,0.934838
380,0.518495,0.792378
342,0.506099,1.121457
324,0.506624,0.567981
719,0.514916,1.300948
970,0.502511,0.786769
571,0.513552,1.091551
152,0.514208,1.552991
875,0.522285,0.821547
189,0.514057,0.470522
531,0.511769,0.887475
858,0.508757,0.610390
372,0.519375,0.777530
680,0.506837,0.943388
219,0.507266,1.516698
672,0.506855,1.112307
534,0.519582,2.348706
338,0.508055,1.370408
908,0.492874,0.204186
409,0.517152,2.141850
370,0.515324,0.658999
325,0.534948,1.418497
666,0.507474,0.602100
498,0.521777,1.560645
784,0.498589,0.205252
947,0.518145,1.183071
683,0.508048,1.296221
61,0.517151,0.712529
365,0.531669,1.635312
803,0.509851,0.222414
764,0.505112,1.099454
469,0.505366,0.955339
105,0.525515,2.556124
237,0.515400,0.535025
670,0.523974,0.491666
67,0.502310,0.758328
4,0.517317,0.741513
223,0.520586,1.651374
632,0.508630,1.195515
222,0.515806,1.322558
226,0.516939,2.124763
631,0.531127,2.639446
396,0.536275,1.755566
774,0.499805,1.040725
125,0.519602,0.884107
131,0.514090,2.418382
697,0.524191,0.717333
861,0.530971,2.545600
241,0.515998,0.824109
657,0.522215,0.848523
787,0.520923,1.281396
308,0.511567,1.366978
975,0.511670,2.104278
206,0.512075,0.927820
431,0.527393,1.392476
732,0.501008,0.928203
257,0.518348,1.358978
389,0.511396,1.414439
78,0.517676,1.100726
872,0.512589,0.780789
302,0.512513,0.503553
623,0.508352,1.125453
106,0.505356,0.980586
573,0.522397,1.102527
730,0.510891,0.645689
556,0.515029,0.991986
430,0.517064,1.549134
729,0.514242,0.915001
541,0.514669,0.939316
772,0.515898,1.706348
349,0.514668,1.377361
836,0.520084,0.990335
671,0.528275,1.247578
401,0.521150,2.154548
267,0.508830,0.700682
645,0.518599,0.444094
299,0.516247,1.188795
886,0.524259,0.964292
129,0.497610,1.039862
95,0.514143,1.386747
765,0.503553,1.162617
928,0.500065,0.512710
919,0.543269,2.102900
71,0.510102,0.516221
934,0.491208,0.334376
806,0.542516,1.038297
351,0.510056,1.248061
48,0.519358,1.864914
637,0.500161,0.476902
703,0.509272,0.515955
522,0.525521,1.906226
843,0.517688,1.259439
540,0.495013,0.530642
517,0.515686,1.738883
574,0.531996,1.812331
77,0.523091,0.791912
250,0.506991,0.212515
570,0.517484,2.192948
259,0.539782,1.802922
40,0.537632,1.600307
792,0.508309,0.687194
483,0.515709,1.661033
41,0.521189,0.818959
659,0.524711,2.331200
453,0.524225,1.474735
393,0.520097,1.463225
548,0.552575,1.976519
410,0.511593,0.541002
170,0.531232,1.053042
768,0.518814,1.433951
159,0.500090,0.872652
543,0.514896,0.788615
720,0.526680,1.207746
263,0.525496,1.266980
120,0.513163,1.786185
815,0.518198,0.788170
72,0.518006,1.068089
434,0.506951,0.447759
844,0.522352,0.788245
80,0.520679,1.174223
839,0.516700,0.673865
705,0.525640,0.789457
818,0.509907,0.429112
153,0.517429,0.892972
558,0.534406,2.178966
550,0.530039,1.591074
387,0.540902,1.194077
506,0.511885,0.456819
216,0.526084,1.825074
15,0.506619,2.181559
331,0.511085,0.829387
213,0.496005,0.395220
55,0.501200,0.449351
586,0.520235,0.747081
489,0.522807,0.981423
149,0.514118,1.271975
827,0.538153,2.060286
877,0.506655,0.690556
362,0.531859,1.805915
756,0.525551,0.867422
335,0.536357,1.053865
665,0.515578,0.567853
70,0.511601,1.151382
753,0.510440,1.421214
771,0.497386,0.402041
909,0.504908,0.986436
493,0.511664,1.546962
763,0.518258,1.696181
582,0.524249,2.496186
941,0.517942,0.920909
817,0.520416,0.472060
9,0.492112,0.934300
81,0.520051,1.031184
115,0.530642,1.477526
533,0.506641,0.468646
297,0.508827,0.853290
90,0.514996,1.205182
986,0.529497,1.678251
620,0.526215,1.137402
725,0.505662,1.200141
451,0.497412,0.478663
445,0.527338,1.927733
93,0.536150,1.387870
809,0.516215,1.431545
25,0.497683,0.647302
507,0.522306,3.038766
49,0.522088,1.930309
484,0.531683,2.460483
950,0.539507,2.017207
849,0.520622,1.393875
12,0.536382,2.061351
968,0.522429,1.063999
903,0.518082,1.279127
728,0.518644,1.412638
157,0.507588,0.579657
642,0.514832,0.970713
30,0.510681,0.728901
951,0.504487,0.481691
899,0.517128,1.495666
99,0.508815,0.774081
274,0.528170,2.140179
358,0.511974,0.997308
754,0.521336,0.786656
423,0.511208,1.180825
976,0.524651,0.903551
122,0.512750,0.464909
2,0.514658,1.769609
471,0.511837,1.718214
816,0.511507,1.106836
530,0.517170,0.413080
167,0.522781,1.575826
282,0.526457,1.446291
83,0.513169,0.816391
892,0.503267,0.809371
60,0.529851,1.273609
734,0.513868,0.870834
906,0.524480,1.049685
435,0.512369,0.722555
667,0.506773,0.306375
346,0.536770,2.083072
344,0.517042,1.338601
513,0.513310,1.022644
889,0.523657,1.145840
288,0.504239,0.762438
43,0.521483,1.118689
94,0.515812,0.768467
529,0.510089,0.875584
463,0.515822,1.073363
761,0.511049,1.586245
957,0.524760,1.303970
422,0.509088,1.053770
804,0.529328,1.631733
203,0.519390,1.286938
575,0.519990,1.263418
749,0.515228,0.664628
436,0.510444,0.618415
552,0.531663,2.829828
295,0.505705,0.651800
214,0.509420,0.730021
653,0.529278,1.766869
280,0.523686,1.241687
490,0.538434,1.922765
207,0.501145,1.036507
643,0.516297,1.593921
368,0.507464,0.614718
345,0.524210,1.798510
568,0.526823,1.879835
783,0.541843,3.119225
773,0.529090,1.295253
965,0.508813,0.998465
998,0.510555,1.535706
927,0.515796,1.326401
467,0.522672,1.369398
494,0.527340,1.098895
905,0.524258,1.563527
173,0.519223,1.821216
285,0.515540,1.543025
739,0.513670,1.350738
524,0.531041,1.110492
399,0.527392,1.273825
853,0.507932,0.413880
88,0.524198,1.279241
916,0.530933,1.579181
202,0.529184,1.060569
510,0.512461,0.909985
508,0.506309,1.346822
860,0.508738,0.426864
386,0.521776,0.391313
100,0.527630,1.572841
271,0.532379,2.484291
500,0.514976,0.729316
878,0.538029,1.728760
964,0.527822,1.338937
47,0.512071,1.418719
45,0.540777,2.912709
904,0.526462,2.289277
76,0.519833,1.065285
68,0.525247,0.772984
802,0.510253,0.874213
183,0.527267,2.188374
525,0.515749,1.323620
845,0.519650,0.832896
822,0.519489,0.719632
339,0.529780,1.181349
406,0.505891,0.239788
247,0.502859,0.730781
429,0.532245,2.298231
144,0.526799,1.742757
264,0.513815,0.685394
175,0.528751,0.669360
871,0.518025,1.309065
320,0.535854,1.841646
691,0.517208,1.056565
706,0.514652,0.640648
769,0.506867,0.780146
966,0.518790,0.872936
805,0.506807,0.561501
811,0.523473,1.809419
696,0.527234,1.094793
52,0.518937,0.882941
780,0.541582,3.014912
420,0.522624,1.569602
249,0.522791,1.656493
942,0.521622,0.604140
34,0.513842,1.365397
24,0.518263,0.661036
750,0.515857,0.937567
662,0.528931,1.279194
22,0.512108,0.819200
476,0.517218,0.977460
704,0.511024,1.003941
961,0.510798,0.858373
300,0.514710,0.360508
497,0.533600,1.591369
85,0.529542,3.888110
824,0.530782,2.069217
689,0.527102,1.495074
376,0.518978,2.767380
695,0.526496,1.609504
21,0.528786,0.981627
437,0.515984,0.130868
244,0.529455,0.821443
158,0.541443,2.786333
293,0.542667,1.070670
303,0.536055,2.220698
649,0.508692,0.984544
770,0.524411,1.257735
902,0.536140,1.178985
519,0.510517,0.616349
578,0.533625,3.571470
447,0.523844,1.950029
454,0.520786,0.910639
8,0.536904,2.054827
581,0.515711,0.792226
914,0.523832,0.831463
198,0.523184,2.359091
485,0.525994,1.030769
791,0.522166,1.127571
177,0.521913,0.790940
505,0.544442,2.204914
432,0.543185,1.965672
392,0.527240,1.539789
628,0.536983,1.829827
922,0.537585,1.606832
273,0.521340,0.684044
136,0.542640,2.079686
488,0.524199,1.061905
937,0.527036,1.691704
449,0.529441,1.162446
557,0.533823,2.092263
501,0.512464,0.801020
486,0.526351,1.474963
663,0.552029,2.320986
348,0.516711,0.350180
74,0.513805,1.033751
755,0.531254,0.751699
969,0.507049,0.469121
333,0.543364,2.542083
747,0.523436,0.910426
979,0.516660,0.857746
930,0.544166,2.446263
766,0.531669,1.272218
598,0.554646,2.214628
101,0.519448,0.896516
701,0.520140,0.901122
221,0.520112,0.577549
427,0.544977,0.963365
361,0.526743,3.035083
53,0.531709,2.530244
425,0.541277,0.521592
147,0.515341,0.799751
145,0.538392,1.412522
712,0.526494,1.190772
518,0.532265,2.101964
539,0.520918,0.624534
478,0.552440,2.279062
455,0.524081,1.256810
594,0.536770,2.183642
882,0.544377,0.780363
228,0.539734,1.698929
713,0.551119,1.527136
150,0.543479,1.788721
108,0.541568,1.424837
Average Cost: 16.610000
Accuracy: 99.600000
Accuracy 0: 100.000000
Cost 0: 10.000000
Accuracy 1: 100.000000
Cost 1: 10.000000
Accuracy 2: 100.000000
Cost 2: 10.000000
Accuracy 3: 100.000000
Cost 3: 10.000000
Accuracy 4: 100.000000
Cost 4: 11.500000
Accuracy 5: 100.000000
Cost 5: 12.000000
Accuracy 6: 100.000000
Cost 6: 12.000000
Accuracy 7: 100.000000
Cost 7: 12.000000
Accuracy 8: 100.000000
Cost 8: 12.000000
Accuracy 9: 100.000000
Cost 9: 12.000000
