ProblemNo,Answer,TrueAnswer,Cost,Difficulty
0,0,0,5.000000,0.000000
1,0,0,5.000000,0.000000
2,1,1,5.000000,0.000000
3,1,1,6.000000,0.400000
4,0,0,7.000000,0.900000
5,0,0,5.000000,0.000000
6,0,0,5.000000,0.000000
7,1,1,6.000000,0.400000
8,1,1,12.000000,1.000000
9,1,1,9.000000,1.000000
10,1,1,5.000000,0.000000
11,0,0,5.000000,0.000000
12,0,0,5.000000,0.000000
13,0,0,6.000000,0.400000
14,0,0,5.000000,0.000000
15,1,1,5.000000,0.000000
16,1,1,5.000000,0.000000
17,0,0,5.000000,0.000000
18,1,1,5.000000,0.000000
19,0,0,5.000000,0.000000
20,1,1,5.000000,0.000000
21,1,1,5.000000,0.000000
22,1,1,5.000000,0.000000
23,0,0,6.000000,0.400000
24,1,1,5.000000,0.000000
25,1,1,6.000000,0.900000
26,1,1,5.000000,0.000000
27,0,0,5.000000,0.000000
28,1,1,5.000000,0.000000
29,1,0,12.000000,1.000000
30,1,1,5.000000,0.000000
31,1,1,5.000000,0.000000
32,0,0,8.000000,0.900000
33,1,1,5.000000,0.000000
34,1,1,5.000000,0.000000
35,1,1,6.000000,0.400000
36,1,1,9.000000,0.600000
37,1,1,6.000000,0.400000
38,0,0,5.000000,0.000000
39,1,1,6.000000,0.800000
40,1,1,5.000000,0.000000
41,0,0,5.000000,0.000000
42,0,0,6.000000,0.400000
43,1,1,9.000000,0.600000
44,1,1,9.000000,0.600000
45,1,1,5.000000,0.000000
46,0,0,5.000000,0.000000
47,1,1,5.000000,0.000000
48,0,0,5.000000,0.000000
49,0,0,5.000000,0.000000
50,0,0,7.000000,0.700000
51,0,0,13.000000,1.000000
52,0,0,7.000000,0.700000
53,0,0,8.000000,0.700000
54,0,0,6.000000,0.400000
55,0,0,5.000000,0.000000
56,0,0,7.000000,0.300000
57,1,1,7.000000,0.300000
58,0,0,7.000000,0.700000
59,0,0,6.000000,0.400000
60,1,1,10.000000,0.800000
61,1,0,5.000000,0.000000
62,1,1,5.000000,0.000000
63,0,0,7.000000,0.700000
64,0,0,6.000000,0.400000
65,1,1,5.000000,0.000000
66,1,1,6.000000,0.400000
67,0,0,6.000000,0.400000
68,0,0,9.000000,0.600000
69,1,1,5.000000,0.000000
70,0,0,7.000000,0.700000
71,0,0,5.000000,0.000000
72,1,1,7.000000,0.300000
73,1,1,5.000000,0.000000
74,0,0,5.000000,0.000000
75,1,1,5.000000,0.000000
76,0,0,5.000000,0.000000
77,1,1,6.000000,0.400000
78,0,0,5.000000,0.000000
79,0,0,6.000000,0.400000
80,1,1,9.000000,0.900000
81,1,1,6.000000,0.800000
82,1,1,5.000000,0.000000
83,0,0,6.000000,0.400000
84,1,1,5.000000,0.000000
85,0,0,5.000000,0.000000
86,1,1,5.000000,0.000000
87,0,0,6.000000,0.400000
88,0,0,6.000000,0.400000
89,1,1,5.000000,0.000000
90,1,1,5.000000,0.000000
91,0,0,5.000000,0.000000
92,0,0,5.000000,0.000000
93,0,0,7.000000,0.900000
94,1,1,5.000000,0.000000
95,1,1,12.000000,0.900000
96,1,1,5.000000,0.000000
97,1,1,6.000000,0.400000
98,0,0,6.000000,0.800000
99,1,1,5.000000,0.000000
100,1,1,5.000000,0.000000
101,1,1,6.000000,0.400000
102,1,1,5.000000,0.000000
103,0,0,6.000000,0.800000
104,1,1,5.000000,0.000000
105,0,0,5.000000,0.000000
106,0,0,5.000000,0.000000
107,1,1,7.000000,0.700000
108,1,1,5.000000,0.000000
109,1,1,7.000000,0.700000
110,1,0,6.000000,0.800000
111,0,0,5.000000,0.000000
112,1,1,5.000000,0.000000
113,0,0,5.000000,0.000000
114,1,1,5.000000,0.000000
115,1,1,6.000000,0.400000
116,0,0,6.000000,0.400000
117,0,0,9.000000,0.900000
118,0,0,5.000000,0.000000
119,1,1,6.000000,0.400000
120,0,0,5.000000,0.000000
121,1,1,5.000000,0.000000
122,0,0,5.000000,0.000000
123,0,0,5.000000,0.000000
124,1,1,10.000000,0.800000
125,1,1,5.000000,0.000000
126,1,0,6.000000,0.400000
127,0,0,6.000000,0.400000
128,0,0,5.000000,0.000000
129,1,1,5.000000,0.000000
130,0,0,5.000000,0.000000
131,1,1,5.000000,0.000000
132,1,1,9.000000,0.600000
133,1,1,6.000000,0.400000
134,1,1,5.000000,0.000000
135,1,1,6.000000,0.400000
136,0,0,13.000000,0.900000
137,0,0,5.000000,0.000000
138,0,0,5.000000,0.000000
139,1,1,5.000000,0.000000
140,0,1,7.000000,0.900000
141,1,1,5.000000,0.000000
142,0,0,7.000000,0.600000
143,1,1,5.000000,0.000000
144,1,1,5.000000,0.000000
145,1,1,6.000000,0.400000
146,1,1,9.000000,0.600000
147,0,1,7.000000,0.600000
148,0,0,5.000000,0.000000
149,1,1,6.000000,0.400000
WorkerID,Gamma
24,0.455624
25,0.598850
26,0.480080
27,0.463405
20,0.543444
21,0.758181
22,0.498694
23,0.458795
28,0.525386
29,0.483826
1,0.583700
0,0.473643
3,0.558189
2,0.514531
5,0.395106
4,0.566265
7,0.494626
6,0.290980
9,0.358788
8,0.405769
11,0.605287
10,0.451684
13,0.673031
12,0.437304
15,0.530262
14,0.494117
17,0.579683
16,0.511527
19,0.637132
18,0.466646
31,0.505307
30,0.448856
33,0.619800
32,0.435072
Average Cost: 6.020000
Accuracy: 96.000000
