ProblemNo,Answer,TrueAnswer,Cost,Difficulty
0,0,0,5.000000,0.000000
1,0,0,5.000000,0.000000
2,1,1,6.000000,0.400000
3,1,1,6.000000,0.800000
4,0,0,11.000000,1.000000
5,0,0,5.000000,0.000000
6,0,0,5.000000,0.000000
7,1,1,6.000000,0.400000
8,1,1,7.000000,0.700000
9,1,1,6.000000,0.400000
10,1,1,5.000000,0.000000
11,0,0,5.000000,0.000000
12,0,0,5.000000,0.000000
13,0,0,5.000000,0.000000
14,0,0,5.000000,0.000000
15,1,1,5.000000,0.000000
16,1,1,6.000000,0.400000
17,0,0,5.000000,0.000000
18,1,1,5.000000,0.000000
19,0,0,6.000000,0.800000
20,1,1,5.000000,0.000000
21,1,1,5.000000,0.000000
22,1,1,5.000000,0.000000
23,0,0,6.000000,0.400000
24,1,1,5.000000,0.000000
25,1,1,16.000000,1.000000
26,1,1,5.000000,0.000000
27,0,0,5.000000,0.000000
28,1,1,5.000000,0.000000
29,1,0,6.000000,0.400000
30,1,1,6.000000,0.400000
31,1,1,5.000000,0.000000
32,1,0,9.000000,0.900000
33,1,1,5.000000,0.000000
34,1,1,5.000000,0.000000
35,1,1,6.000000,0.400000
36,1,1,6.000000,0.400000
37,1,1,6.000000,0.400000
38,0,0,5.000000,0.000000
39,1,1,6.000000,0.400000
40,1,1,5.000000,0.000000
41,0,0,5.000000,0.000000
42,1,0,6.000000,0.900000
43,1,1,7.000000,0.900000
44,1,1,6.000000,0.800000
45,1,1,5.000000,0.000000
46,0,0,6.000000,0.400000
47,1,1,5.000000,0.000000
48,0,0,6.000000,0.400000
49,0,0,5.000000,0.000000
50,0,0,5.000000,0.000000
51,0,0,6.000000,0.400000
52,1,0,7.000000,0.700000
53,0,0,11.000000,0.900000
54,0,0,7.000000,0.700000
55,0,0,5.000000,0.000000
56,0,0,5.000000,0.000000
57,0,1,7.000000,0.900000
58,0,0,5.000000,0.000000
59,0,0,6.000000,0.400000
60,1,1,6.000000,0.400000
61,1,0,5.000000,0.000000
62,1,1,6.000000,0.400000
63,0,0,6.000000,0.400000
64,0,0,6.000000,0.400000
65,1,1,5.000000,0.000000
66,1,1,6.000000,0.400000
67,0,0,12.000000,0.900000
68,0,0,7.000000,0.700000
69,1,1,5.000000,0.000000
70,0,0,5.000000,0.000000
71,0,0,5.000000,0.000000
72,1,1,6.000000,0.400000
73,1,1,5.000000,0.000000
74,0,0,5.000000,0.000000
75,1,1,5.000000,0.000000
76,0,0,5.000000,0.000000
77,1,1,5.000000,0.000000
78,0,0,7.000000,0.700000
79,0,0,5.000000,0.000000
80,1,1,6.000000,0.400000
81,0,1,7.000000,0.900000
82,1,1,5.000000,0.000000
83,0,0,6.000000,0.400000
84,1,1,5.000000,0.000000
85,0,0,5.000000,0.000000
86,1,1,5.000000,0.000000
87,0,0,6.000000,0.800000
88,0,0,6.000000,0.400000
89,1,1,5.000000,0.000000
90,1,1,6.000000,0.400000
91,0,0,5.000000,0.000000
92,0,0,13.000000,0.900000
93,0,0,10.000000,0.800000
94,1,1,5.000000,0.000000
95,0,1,14.000000,1.000000
96,1,1,5.000000,0.000000
97,1,1,6.000000,0.800000
98,0,0,5.000000,0.000000
99,1,1,5.000000,0.000000
100,1,1,7.000000,0.700000
101,1,1,5.000000,0.000000
102,1,1,5.000000,0.000000
103,0,0,6.000000,0.900000
104,1,1,5.000000,0.000000
105,0,0,5.000000,0.000000
106,0,0,5.000000,0.000000
107,1,1,5.000000,0.000000
108,1,1,5.000000,0.000000
109,1,1,6.000000,0.400000
110,0,0,8.000000,0.900000
111,0,0,6.000000,0.400000
112,1,1,5.000000,0.000000
113,0,0,5.000000,0.000000
114,1,1,5.000000,0.000000
115,1,1,5.000000,0.000000
116,0,0,6.000000,0.400000
117,0,0,6.000000,0.400000
118,0,0,5.000000,0.000000
119,1,1,6.000000,0.400000
120,0,0,5.000000,0.000000
121,1,1,5.000000,0.000000
122,0,0,5.000000,0.000000
123,0,0,6.000000,0.800000
124,1,1,6.000000,0.400000
125,1,1,5.000000,0.000000
126,1,0,12.000000,1.000000
127,0,0,6.000000,0.400000
128,0,0,5.000000,0.000000
129,1,1,5.000000,0.000000
130,0,0,6.000000,0.400000
131,1,1,5.000000,0.000000
132,1,1,16.000000,1.000000
133,1,1,17.000000,0.900000
134,1,1,5.000000,0.000000
135,1,1,6.000000,0.400000
136,0,0,6.000000,0.400000
137,0,0,5.000000,0.000000
138,0,0,5.000000,0.000000
139,1,1,5.000000,0.000000
140,1,1,8.000000,0.800000
141,1,1,5.000000,0.000000
142,0,0,6.000000,0.400000
143,1,1,5.000000,0.000000
144,1,1,5.000000,0.000000
145,1,1,5.000000,0.000000
146,1,1,6.000000,0.400000
147,1,1,7.000000,0.700000
148,0,0,5.000000,0.000000
149,1,1,6.000000,0.400000
WorkerID,Gamma
24,0.413133
25,0.490335
26,0.490346
27,0.543245
20,0.776921
21,0.852436
22,0.568012
23,0.439100
28,0.680069
29,0.523002
1,0.303345
0,0.500373
3,0.634247
2,0.546032
5,0.529392
4,0.307801
7,0.425289
6,0.492831
9,0.091794
8,0.352703
11,0.498792
10,0.563113
13,0.679513
12,0.498812
15,0.730477
14,0.616834
17,0.600907
16,0.350115
19,0.474518
32,0.492439
31,0.569522
30,0.428036
33,0.737903
18,0.493520
Average Cost: 6.053333
Accuracy: 94.000000
