ProblemNo,Answer,TrueAnswer,Cost,Difficulty
0,0,0,6.000000,0.000000
1,0,0,6.000000,0.000000
2,1,1,6.000000,0.000000
3,1,1,8.000000,0.600000
4,0,0,7.000000,0.600000
5,0,0,6.000000,0.000000
6,0,0,6.000000,0.000000
7,1,1,6.000000,0.000000
8,0,1,22.000000,1.000000
9,1,1,8.000000,0.600000
10,1,1,6.000000,0.000000
11,0,0,7.000000,0.300000
12,0,0,6.000000,0.000000
13,0,0,7.000000,0.700000
14,0,0,6.000000,0.000000
15,1,1,6.000000,0.000000
16,1,1,6.000000,0.000000
17,0,0,6.000000,0.000000
18,1,1,6.000000,0.000000
19,0,0,8.000000,0.600000
20,1,1,6.000000,0.000000
21,1,1,6.000000,0.000000
22,1,1,6.000000,0.000000
23,0,0,6.000000,0.000000
24,1,1,7.000000,0.600000
25,1,1,8.000000,0.600000
26,1,1,6.000000,0.000000
27,0,0,6.000000,0.000000
28,1,1,6.000000,0.000000
29,1,0,7.000000,0.300000
30,1,1,6.000000,0.000000
31,1,1,6.000000,0.000000
32,0,0,8.000000,0.800000
33,1,1,6.000000,0.000000
34,1,1,6.000000,0.000000
35,1,1,8.000000,0.600000
36,1,1,7.000000,0.300000
37,1,1,12.000000,0.800000
38,0,0,6.000000,0.000000
39,1,1,7.000000,0.300000
40,1,1,6.000000,0.000000
41,0,0,6.000000,0.000000
42,0,0,6.000000,0.000000
43,1,1,7.000000,0.300000
44,1,1,7.000000,0.300000
45,1,1,6.000000,0.000000
46,0,0,6.000000,0.000000
47,1,1,6.000000,0.000000
48,0,0,6.000000,0.000000
49,0,0,6.000000,0.000000
50,0,0,7.000000,0.600000
51,0,0,6.000000,0.000000
52,0,0,7.000000,0.700000
53,1,0,7.000000,0.900000
54,0,0,6.000000,0.000000
55,0,0,6.000000,0.000000
56,0,0,6.000000,0.000000
57,1,1,10.000000,0.800000
58,0,0,13.000000,1.000000
59,0,0,7.000000,0.300000
60,1,1,8.000000,0.600000
61,1,0,7.000000,0.300000
62,1,1,8.000000,0.600000
63,0,0,9.000000,0.600000
64,0,0,6.000000,0.000000
65,1,1,6.000000,0.000000
66,1,1,8.000000,0.600000
67,0,0,9.000000,0.600000
68,0,0,9.000000,0.900000
69,1,1,6.000000,0.000000
70,0,0,7.000000,0.300000
71,0,0,6.000000,0.000000
72,1,1,7.000000,0.300000
73,1,1,6.000000,0.000000
74,0,0,7.000000,0.300000
75,1,1,6.000000,0.000000
76,0,0,6.000000,0.000000
77,1,1,8.000000,0.300000
78,0,0,7.000000,0.600000
79,0,0,6.000000,0.000000
80,0,1,8.000000,0.900000
81,1,1,8.000000,0.600000
82,1,1,6.000000,0.000000
83,0,0,10.000000,0.600000
84,1,1,6.000000,0.000000
85,0,0,6.000000,0.000000
86,1,1,7.000000,0.300000
87,0,0,7.000000,0.300000
88,0,0,6.000000,0.000000
89,1,1,6.000000,0.000000
90,1,1,7.000000,0.300000
91,0,0,6.000000,0.000000
92,1,0,7.000000,0.600000
93,0,0,7.000000,0.600000
94,1,1,6.000000,0.000000
95,1,1,14.000000,1.000000
96,1,1,6.000000,0.000000
97,1,1,7.000000,0.700000
98,0,0,6.000000,0.000000
99,1,1,6.000000,0.000000
100,1,1,7.000000,0.300000
101,1,1,7.000000,0.300000
102,1,1,6.000000,0.000000
103,0,0,9.000000,0.800000
104,1,1,6.000000,0.000000
105,0,0,7.000000,0.300000
106,0,0,6.000000,0.000000
107,1,1,9.000000,0.600000
108,1,1,6.000000,0.000000
109,1,1,7.000000,0.300000
110,0,0,8.000000,0.900000
111,0,0,7.000000,0.600000
112,1,1,6.000000,0.000000
113,0,0,6.000000,0.000000
114,1,1,7.000000,0.300000
115,1,1,6.000000,0.000000
116,0,0,8.000000,0.600000
117,0,0,7.000000,0.300000
118,0,0,6.000000,0.000000
119,1,1,7.000000,0.300000
120,0,0,6.000000,0.000000
121,1,1,6.000000,0.000000
122,0,0,6.000000,0.000000
123,0,0,11.000000,0.900000
124,1,1,7.000000,0.300000
125,1,1,6.000000,0.000000
126,0,0,7.000000,0.600000
127,0,0,7.000000,0.600000
128,0,0,6.000000,0.000000
129,1,1,9.000000,0.600000
130,0,0,7.000000,0.300000
131,1,1,6.000000,0.000000
132,1,1,8.000000,0.600000
133,1,1,7.000000,0.300000
134,1,1,7.000000,0.300000
135,1,1,6.000000,0.000000
136,1,0,18.000000,1.000000
137,0,0,6.000000,0.000000
138,0,0,6.000000,0.000000
139,1,1,6.000000,0.000000
140,1,1,7.000000,0.300000
141,1,1,6.000000,0.000000
142,0,0,9.000000,0.600000
143,1,1,7.000000,0.300000
144,1,1,6.000000,0.000000
145,1,1,7.000000,0.700000
146,1,1,7.000000,0.300000
147,1,1,9.000000,0.800000
148,0,0,6.000000,0.000000
149,1,1,8.000000,0.600000
WorkerID,Gamma
24,0.470335
25,0.492101
26,0.513303
27,0.403473
20,0.637261
21,0.567812
22,0.583561
23,0.478303
28,0.581126
29,0.580858
1,0.405875
0,0.513738
3,0.569795
2,0.433542
5,0.459144
4,0.417760
7,0.393289
6,0.478504
9,0.463513
8,0.361553
11,0.480858
10,0.521766
13,0.625257
12,0.466706
15,0.673509
14,0.579594
17,0.500038
16,0.532501
19,0.539059
18,0.495711
31,0.553331
30,0.469893
34,0.486034
33,0.560922
32,0.476043
Average Cost: 7.066667
Accuracy: 95.333333
