ProblemNo,Answer,TrueAnswer,Cost,Difficulty
0,0,0,6.000000,0.000000
1,0,0,6.000000,0.000000
2,1,1,9.000000,1.000000
3,1,1,10.000000,0.800000
4,0,0,7.000000,0.600000
5,0,0,6.000000,0.000000
6,0,0,6.000000,0.000000
7,1,1,6.000000,0.000000
8,0,1,7.000000,0.700000
9,1,1,7.000000,0.300000
10,1,1,6.000000,0.000000
11,0,0,9.000000,0.500000
12,0,0,6.000000,0.000000
13,0,0,8.000000,0.600000
14,0,0,6.000000,0.000000
15,1,1,6.000000,0.000000
16,1,1,6.000000,0.000000
17,0,0,6.000000,0.000000
18,1,1,6.000000,0.000000
19,0,0,7.000000,0.300000
20,1,1,6.000000,0.000000
21,1,1,6.000000,0.000000
22,1,1,6.000000,0.000000
23,0,0,6.000000,0.000000
24,1,1,6.000000,0.000000
25,1,1,7.000000,0.300000
26,1,1,7.000000,0.700000
27,0,0,6.000000,0.000000
28,1,1,7.000000,0.300000
29,1,0,8.000000,0.800000
30,1,1,7.000000,0.300000
31,1,1,6.000000,0.000000
32,0,0,6.000000,0.000000
33,1,1,6.000000,0.000000
34,1,1,6.000000,0.000000
35,1,1,7.000000,0.300000
36,1,1,7.000000,0.700000
37,1,1,8.000000,0.600000
38,0,0,6.000000,0.000000
39,1,1,7.000000,0.300000
40,1,1,6.000000,0.000000
41,0,0,7.000000,0.300000
42,0,0,8.000000,0.800000
43,1,1,9.000000,0.500000
44,1,1,8.000000,0.600000
45,1,1,6.000000,0.000000
46,0,0,13.000000,0.700000
47,1,1,6.000000,0.000000
48,0,0,6.000000,0.000000
49,0,0,6.000000,0.000000
50,0,0,6.000000,0.000000
51,0,0,7.000000,0.300000
52,0,0,16.000000,1.000000
53,1,0,9.000000,0.900000
54,0,0,10.000000,0.800000
55,0,0,6.000000,0.000000
56,0,0,6.000000,0.000000
57,1,1,15.000000,1.000000
58,0,0,11.000000,0.700000
59,0,0,7.000000,0.300000
60,1,1,9.000000,0.600000
61,1,0,7.000000,0.300000
62,1,1,10.000000,0.700000
63,0,0,7.000000,0.300000
64,0,0,6.000000,0.000000
65,1,1,6.000000,0.000000
66,1,1,7.000000,0.300000
67,0,0,8.000000,0.600000
68,0,0,7.000000,0.300000
69,1,1,6.000000,0.000000
70,0,0,7.000000,0.700000
71,0,0,6.000000,0.000000
72,1,1,6.000000,0.000000
73,1,1,6.000000,0.000000
74,0,0,6.000000,0.000000
75,1,1,6.000000,0.000000
76,0,0,6.000000,0.000000
77,1,1,6.000000,0.000000
78,0,0,8.000000,0.300000
79,0,0,6.000000,0.000000
80,1,1,8.000000,0.800000
81,1,1,7.000000,0.300000
82,1,1,6.000000,0.000000
83,0,0,11.000000,0.700000
84,1,1,6.000000,0.000000
85,0,0,6.000000,0.000000
86,1,1,7.000000,0.300000
87,0,0,7.000000,0.300000
88,0,0,7.000000,0.300000
89,1,1,6.000000,0.000000
90,1,1,8.000000,0.300000
91,0,0,6.000000,0.000000
92,1,0,7.000000,0.900000
93,1,0,8.000000,0.800000
94,1,1,6.000000,0.000000
95,1,1,11.000000,0.900000
96,1,1,6.000000,0.000000
97,0,1,8.000000,0.900000
98,0,0,7.000000,0.300000
99,1,1,6.000000,0.000000
100,1,1,8.000000,0.600000
101,1,1,8.000000,0.600000
102,1,1,6.000000,0.000000
103,0,0,7.000000,0.600000
104,1,1,6.000000,0.000000
105,0,0,7.000000,0.300000
106,0,0,6.000000,0.000000
107,1,1,12.000000,0.700000
108,1,1,6.000000,0.000000
109,1,1,6.000000,0.000000
110,1,0,12.000000,1.000000
111,0,0,8.000000,0.300000
112,1,1,6.000000,0.000000
113,0,0,6.000000,0.000000
114,1,1,6.000000,0.000000
115,1,1,6.000000,0.000000
116,0,0,6.000000,0.000000
117,0,0,23.000000,1.000000
118,0,0,7.000000,0.300000
119,1,1,8.000000,0.300000
120,0,0,6.000000,0.000000
121,1,1,6.000000,0.000000
122,0,0,6.000000,0.000000
123,0,0,7.000000,0.700000
124,1,1,10.000000,0.500000
125,1,1,6.000000,0.000000
126,1,0,16.000000,1.000000
127,0,0,11.000000,0.900000
128,0,0,6.000000,0.000000
129,1,1,7.000000,0.300000
130,0,0,6.000000,0.000000
131,1,1,10.000000,0.500000
132,1,1,6.000000,0.000000
133,1,1,10.000000,0.800000
134,1,1,7.000000,0.300000
135,1,1,6.000000,0.000000
136,0,0,8.000000,0.900000
137,0,0,6.000000,0.000000
138,0,0,7.000000,0.300000
139,1,1,6.000000,0.000000
140,0,1,19.000000,1.000000
141,1,1,7.000000,0.300000
142,0,0,12.000000,1.000000
143,1,1,6.000000,0.000000
144,1,1,6.000000,0.000000
145,1,1,9.000000,0.900000
146,1,1,7.000000,0.700000
147,1,1,14.000000,1.000000
148,0,0,6.000000,0.000000
149,1,1,6.000000,0.000000
WorkerID,Gamma
24,0.500130
25,0.500758
27,0.496580
20,0.501131
21,0.506008
22,0.501799
23,0.498906
28,0.501396
29,0.500242
1,0.497664
0,0.504598
3,0.506562
2,0.503437
5,0.503563
4,0.496254
7,0.497319
6,0.499483
9,0.494925
8,0.499474
11,0.499502
10,0.496682
13,0.503479
12,0.497231
15,0.504403
14,0.501342
17,0.501804
16,0.499461
19,0.500846
18,0.499230
31,0.499973
30,0.499186
34,0.499686
33,0.504336
32,0.498719
Average Cost: 7.466667
Accuracy: 93.333333
