Number of Worker Pools: 1
Number of Workers in Pool 1: 1000
Original mean,standardDev for Pool 1: 4.000000,0.300000
Number of Workers in Pool 2: 1000
Original mean,standardDev for Pool 2: 3.500000,0.200000
Number of Problems: 1000
ProblemNo,Answer,TrueAnswer,Cost,Difficulty,TrueDifficulty
0,1,1,16.000000,0.900000,0.500000
1,1,1,13.000000,0.800000,0.500000
2,1,1,8.000000,0.500000,0.500000
3,1,1,8.000000,0.500000,0.500000
4,1,1,8.000000,0.300000,0.500000
5,0,0,8.000000,0.500000,0.500000
6,0,1,18.000000,0.900000,0.500000
7,1,1,9.000000,0.700000,0.500000
8,1,1,6.000000,0.000000,0.500000
9,1,1,15.000000,0.900000,0.500000
10,1,1,10.000000,0.700000,0.500000
11,1,1,9.000000,0.700000,0.500000
12,1,1,6.000000,0.000000,0.500000
13,1,1,6.000000,0.000000,0.500000
14,1,1,8.000000,0.500000,0.500000
15,1,1,13.000000,0.800000,0.500000
16,1,1,8.000000,0.500000,0.500000
17,1,1,8.000000,0.300000,0.500000
18,1,1,8.000000,0.500000,0.500000
19,0,1,19.000000,0.900000,0.500000
20,0,0,8.000000,0.300000,0.500000
21,1,1,8.000000,0.500000,0.500000
22,0,0,8.000000,0.300000,0.500000
23,1,1,14.000000,0.800000,0.500000
24,1,1,8.000000,0.300000,0.500000
25,1,1,8.000000,0.500000,0.500000
26,1,1,8.000000,0.500000,0.500000
27,1,1,11.000000,0.600000,0.500000
28,1,1,10.000000,0.400000,0.500000
29,1,1,8.000000,0.500000,0.500000
30,1,1,8.000000,0.300000,0.500000
31,1,1,12.000000,0.600000,0.500000
32,0,1,9.000000,0.800000,0.500000
33,1,1,6.000000,0.000000,0.500000
34,1,1,15.000000,0.700000,0.500000
35,1,1,10.000000,0.700000,0.500000
36,0,1,9.000000,0.800000,0.500000
37,1,1,8.000000,0.500000,0.500000
38,1,1,6.000000,0.000000,0.500000
39,1,1,8.000000,0.300000,0.500000
40,1,1,6.000000,0.000000,0.500000
41,1,1,6.000000,0.000000,0.500000
42,1,1,6.000000,0.000000,0.500000
43,1,1,14.000000,0.900000,0.500000
44,0,1,13.000000,0.900000,0.500000
45,1,1,6.000000,0.000000,0.500000
46,0,0,8.000000,0.300000,0.500000
47,1,1,12.000000,0.900000,0.500000
48,1,1,8.000000,0.500000,0.500000
49,1,1,11.000000,0.600000,0.500000
50,1,1,9.000000,0.500000,0.500000
51,0,1,19.000000,1.000000,0.500000
52,1,1,6.000000,0.000000,0.500000
53,1,1,11.000000,0.600000,0.500000
54,1,1,11.000000,0.800000,0.500000
55,1,1,12.000000,0.800000,0.500000
56,0,0,11.000000,0.600000,0.500000
57,1,1,8.000000,0.500000,0.500000
58,1,1,8.000000,0.300000,0.500000
59,1,1,15.000000,0.900000,0.500000
60,1,1,9.000000,0.700000,0.500000
61,0,0,6.000000,0.000000,0.500000
62,1,1,8.000000,0.300000,0.500000
63,1,1,8.000000,0.500000,0.500000
64,1,1,8.000000,0.300000,0.500000
65,0,0,6.000000,0.000000,0.500000
66,1,1,11.000000,0.700000,0.500000
67,1,1,6.000000,0.000000,0.500000
68,1,1,15.000000,0.900000,0.500000
69,1,1,10.000000,0.700000,0.500000
70,1,1,8.000000,0.300000,0.500000
71,1,1,8.000000,0.500000,0.500000
72,1,1,9.000000,0.500000,0.500000
73,1,1,8.000000,0.300000,0.500000
74,1,1,9.000000,0.500000,0.500000
75,1,1,18.000000,1.000000,0.500000
76,0,0,8.000000,0.500000,0.500000
77,1,1,17.000000,0.900000,0.500000
78,0,0,8.000000,0.300000,0.500000
79,1,1,8.000000,0.300000,0.500000
80,1,1,8.000000,0.300000,0.500000
81,1,1,13.000000,0.600000,0.500000
82,1,1,15.000000,0.900000,0.500000
83,1,1,6.000000,0.000000,0.500000
84,1,1,8.000000,0.500000,0.500000
85,1,1,8.000000,0.500000,0.500000
86,1,1,8.000000,0.500000,0.500000
87,1,1,8.000000,0.300000,0.500000
88,1,1,8.000000,0.500000,0.500000
89,1,1,11.000000,0.600000,0.500000
90,1,1,11.000000,0.800000,0.500000
91,1,1,6.000000,0.000000,0.500000
92,1,1,6.000000,0.000000,0.500000
93,0,0,14.000000,0.900000,0.500000
94,0,0,6.000000,0.000000,0.500000
95,1,1,6.000000,0.000000,0.500000
96,1,1,10.000000,0.700000,0.500000
97,1,1,17.000000,1.000000,0.500000
98,1,1,10.000000,0.400000,0.500000
99,1,1,10.000000,0.700000,0.500000
100,1,1,9.000000,0.700000,0.500000
101,1,1,8.000000,0.300000,0.500000
102,1,1,9.000000,0.800000,0.500000
103,1,1,8.000000,0.500000,0.500000
104,1,1,8.000000,0.500000,0.500000
105,0,0,20.000000,0.900000,0.500000
106,1,1,15.000000,0.900000,0.500000
107,1,1,8.000000,0.300000,0.500000
108,1,1,8.000000,0.300000,0.500000
109,0,0,10.000000,0.900000,0.500000
110,1,1,6.000000,0.000000,0.500000
111,1,1,8.000000,0.300000,0.500000
112,1,1,8.000000,0.500000,0.500000
113,1,1,6.000000,0.000000,0.500000
114,1,1,8.000000,0.500000,0.500000
115,1,1,8.000000,0.300000,0.500000
116,0,1,24.000000,1.000000,0.500000
117,1,1,6.000000,0.000000,0.500000
118,1,1,8.000000,0.300000,0.500000
119,1,1,6.000000,0.000000,0.500000
120,1,1,8.000000,0.500000,0.500000
121,1,1,7.000000,0.300000,0.500000
122,1,1,14.000000,0.900000,0.500000
123,1,1,6.000000,0.000000,0.500000
124,1,1,18.000000,1.000000,0.500000
125,1,1,8.000000,0.300000,0.500000
126,1,1,8.000000,0.300000,0.500000
127,1,1,9.000000,0.700000,0.500000
128,1,1,6.000000,0.000000,0.500000
129,1,1,6.000000,0.000000,0.500000
130,0,0,6.000000,0.000000,0.500000
131,1,1,8.000000,0.300000,0.500000
132,1,1,8.000000,0.300000,0.500000
133,1,1,9.000000,0.500000,0.500000
134,1,1,8.000000,0.300000,0.500000
135,1,1,8.000000,0.500000,0.500000
136,1,1,8.000000,0.500000,0.500000
137,0,0,8.000000,0.300000,0.500000
138,1,1,8.000000,0.300000,0.500000
139,1,1,8.000000,0.300000,0.500000
140,1,1,15.000000,0.900000,0.500000
141,1,1,6.000000,0.000000,0.500000
142,1,1,9.000000,0.700000,0.500000
143,1,1,8.000000,0.500000,0.500000
144,1,1,8.000000,0.300000,0.500000
145,1,1,6.000000,0.000000,0.500000
146,1,1,12.000000,0.900000,0.500000
147,0,0,13.000000,0.800000,0.500000
148,0,0,10.000000,0.500000,0.500000
149,1,1,8.000000,0.300000,0.500000
150,1,1,8.000000,0.300000,0.500000
151,1,1,20.000000,1.000000,0.500000
152,1,1,8.000000,0.300000,0.500000
153,1,1,8.000000,0.300000,0.500000
154,1,1,6.000000,0.000000,0.500000
155,1,1,10.000000,0.500000,0.500000
156,0,0,6.000000,0.000000,0.500000
157,1,1,8.000000,0.500000,0.500000
158,1,1,8.000000,0.500000,0.500000
159,0,1,8.000000,0.500000,0.500000
160,1,1,11.000000,0.800000,0.500000
161,1,1,8.000000,0.500000,0.500000
162,1,1,12.000000,0.600000,0.500000
163,1,1,11.000000,0.800000,0.500000
164,0,0,8.000000,0.500000,0.500000
165,1,1,8.000000,0.300000,0.500000
166,1,1,13.000000,0.900000,0.500000
167,1,1,6.000000,0.000000,0.500000
168,0,0,10.000000,0.700000,0.500000
169,1,1,10.000000,0.900000,0.500000
170,1,1,6.000000,0.000000,0.500000
171,1,1,20.000000,1.000000,0.500000
172,1,1,8.000000,0.500000,0.500000
173,1,1,8.000000,0.500000,0.500000
174,1,1,20.000000,1.000000,0.500000
175,1,1,8.000000,0.500000,0.500000
176,0,0,9.000000,0.700000,0.500000
177,1,1,8.000000,0.500000,0.500000
178,0,0,14.000000,0.700000,0.500000
179,0,0,8.000000,0.300000,0.500000
180,1,1,17.000000,1.000000,0.500000
181,1,1,9.000000,0.500000,0.500000
182,1,1,13.000000,0.900000,0.500000
183,1,1,6.000000,0.000000,0.500000
184,1,1,8.000000,0.300000,0.500000
185,1,1,8.000000,0.500000,0.500000
186,1,1,10.000000,0.500000,0.500000
187,1,0,9.000000,0.800000,0.500000
188,1,1,14.000000,0.900000,0.500000
189,1,1,12.000000,0.700000,0.500000
190,1,1,6.000000,0.000000,0.500000
191,1,1,8.000000,0.300000,0.500000
192,1,1,8.000000,0.300000,0.500000
193,0,0,6.000000,0.000000,0.500000
194,1,1,12.000000,0.800000,0.500000
195,0,0,6.000000,0.000000,0.500000
196,1,1,11.000000,0.600000,0.500000
197,1,1,6.000000,0.000000,0.500000
198,1,1,8.000000,0.300000,0.500000
199,1,1,8.000000,0.500000,0.500000
200,1,0,18.000000,0.900000,0.500000
201,1,1,8.000000,0.500000,0.500000
202,1,1,8.000000,0.500000,0.500000
203,1,1,9.000000,0.500000,0.500000
204,1,1,9.000000,0.700000,0.500000
205,1,1,8.000000,0.500000,0.500000
206,1,1,8.000000,0.300000,0.500000
207,1,1,8.000000,0.500000,0.500000
208,1,1,10.000000,0.800000,0.500000
209,1,1,9.000000,0.700000,0.500000
210,1,1,6.000000,0.000000,0.500000
211,1,1,8.000000,0.300000,0.500000
212,1,1,8.000000,0.300000,0.500000
213,1,1,8.000000,0.500000,0.500000
214,1,1,8.000000,0.300000,0.500000
215,1,1,10.000000,0.500000,0.500000
216,1,1,8.000000,0.300000,0.500000
217,1,1,8.000000,0.500000,0.500000
218,1,1,8.000000,0.300000,0.500000
219,1,1,8.000000,0.300000,0.500000
220,1,1,11.000000,0.600000,0.500000
221,1,1,8.000000,0.300000,0.500000
222,1,1,10.000000,0.700000,0.500000
223,1,1,9.000000,0.700000,0.500000
224,1,1,11.000000,0.800000,0.500000
225,1,1,9.000000,0.700000,0.500000
226,1,1,6.000000,0.000000,0.500000
227,1,1,8.000000,0.300000,0.500000
228,1,1,13.000000,0.900000,0.500000
229,1,1,15.000000,0.900000,0.500000
230,1,1,11.000000,0.600000,0.500000
231,1,1,16.000000,0.900000,0.500000
232,1,1,16.000000,0.900000,0.500000
233,1,1,9.000000,0.500000,0.500000
234,1,1,6.000000,0.000000,0.500000
235,1,1,15.000000,0.900000,0.500000
236,0,0,10.000000,0.700000,0.500000
237,1,1,8.000000,0.300000,0.500000
238,1,1,8.000000,0.500000,0.500000
239,1,1,10.000000,0.400000,0.500000
240,1,1,8.000000,0.300000,0.500000
241,1,1,9.000000,0.700000,0.500000
242,1,1,8.000000,0.300000,0.500000
243,1,1,6.000000,0.000000,0.500000
244,1,1,11.000000,0.600000,0.500000
245,1,1,10.000000,0.600000,0.500000
246,0,1,13.000000,0.900000,0.500000
247,1,1,8.000000,0.300000,0.500000
248,0,0,8.000000,0.500000,0.500000
249,1,1,12.000000,0.600000,0.500000
250,1,1,8.000000,0.300000,0.500000
251,1,1,11.000000,0.800000,0.500000
252,0,0,10.000000,0.400000,0.500000
253,1,1,8.000000,0.500000,0.500000
254,1,1,12.000000,0.700000,0.500000
255,1,1,8.000000,0.500000,0.500000
256,1,1,8.000000,0.300000,0.500000
257,1,1,6.000000,0.000000,0.500000
258,1,1,9.000000,0.800000,0.500000
259,1,1,13.000000,0.600000,0.500000
260,1,1,18.000000,0.900000,0.500000
261,1,1,8.000000,0.500000,0.500000
262,1,1,8.000000,0.500000,0.500000
263,1,1,8.000000,0.500000,0.500000
264,1,1,8.000000,0.300000,0.500000
265,1,1,9.000000,0.500000,0.500000
266,0,0,8.000000,0.300000,0.500000
267,1,1,8.000000,0.500000,0.500000
268,0,1,9.000000,0.800000,0.500000
269,0,1,10.000000,0.700000,0.500000
270,0,0,11.000000,0.600000,0.500000
271,0,0,15.000000,0.900000,0.500000
272,1,1,9.000000,0.500000,0.500000
273,1,1,10.000000,0.500000,0.500000
274,1,1,11.000000,0.600000,0.500000
275,1,1,8.000000,0.300000,0.500000
276,1,1,8.000000,0.300000,0.500000
277,1,1,8.000000,0.500000,0.500000
278,1,1,10.000000,0.400000,0.500000
279,1,1,17.000000,0.900000,0.500000
280,1,1,14.000000,0.900000,0.500000
281,1,1,6.000000,0.000000,0.500000
282,1,1,18.000000,0.900000,0.500000
283,0,0,13.000000,0.900000,0.500000
284,0,1,11.000000,0.800000,0.500000
285,1,1,8.000000,0.500000,0.500000
286,1,1,15.000000,0.900000,0.500000
287,0,0,9.000000,0.700000,0.500000
288,0,0,10.000000,0.500000,0.500000
289,1,1,9.000000,0.700000,0.500000
290,1,1,17.000000,0.900000,0.500000
291,0,0,8.000000,0.300000,0.500000
292,1,1,14.000000,0.900000,0.500000
293,1,1,9.000000,0.700000,0.500000
294,1,1,8.000000,0.300000,0.500000
295,1,1,12.000000,0.800000,0.500000
296,1,1,10.000000,0.800000,0.500000
297,0,0,8.000000,0.300000,0.500000
298,1,1,8.000000,0.500000,0.500000
299,1,1,12.000000,0.900000,0.500000
300,1,1,8.000000,0.300000,0.500000
301,1,1,6.000000,0.000000,0.500000
302,1,1,12.000000,0.800000,0.500000
303,1,1,12.000000,0.800000,0.500000
304,1,1,8.000000,0.300000,0.500000
305,1,1,8.000000,0.300000,0.500000
306,1,1,6.000000,0.000000,0.500000
307,0,0,8.000000,0.300000,0.500000
308,1,1,6.000000,0.000000,0.500000
309,1,1,8.000000,0.300000,0.500000
310,1,1,18.000000,1.000000,0.500000
311,1,1,9.000000,0.700000,0.500000
312,1,1,15.000000,0.900000,0.500000
313,1,1,8.000000,0.500000,0.500000
314,1,1,21.000000,0.900000,0.500000
315,1,1,13.000000,0.700000,0.500000
316,0,0,6.000000,0.000000,0.500000
317,0,1,13.000000,0.900000,0.500000
318,1,1,23.000000,1.000000,0.500000
319,1,1,6.000000,0.000000,0.500000
320,1,1,10.000000,0.700000,0.500000
321,1,1,6.000000,0.000000,0.500000
322,1,1,6.000000,0.000000,0.500000
323,1,1,15.000000,0.900000,0.500000
324,1,1,12.000000,0.800000,0.500000
325,1,1,8.000000,0.500000,0.500000
326,1,1,17.000000,1.000000,0.500000
327,0,0,8.000000,0.300000,0.500000
328,1,1,8.000000,0.500000,0.500000
329,0,0,8.000000,0.300000,0.500000
330,1,1,12.000000,0.800000,0.500000
331,1,1,8.000000,0.300000,0.500000
332,1,1,11.000000,0.800000,0.500000
333,1,1,9.000000,0.900000,0.500000
334,1,1,6.000000,0.000000,0.500000
335,1,1,8.000000,0.500000,0.500000
336,1,1,8.000000,0.300000,0.500000
337,0,0,10.000000,0.700000,0.500000
338,1,1,8.000000,0.500000,0.500000
339,1,1,17.000000,0.900000,0.500000
340,0,0,15.000000,0.900000,0.500000
341,1,1,8.000000,0.300000,0.500000
342,1,1,9.000000,0.500000,0.500000
343,1,1,13.000000,0.900000,0.500000
344,1,1,9.000000,0.500000,0.500000
345,1,1,8.000000,0.300000,0.500000
346,1,1,9.000000,0.700000,0.500000
347,1,1,16.000000,1.000000,0.500000
348,1,1,8.000000,0.500000,0.500000
349,1,1,10.000000,0.700000,0.500000
350,1,1,10.000000,0.500000,0.500000
351,1,1,8.000000,0.300000,0.500000
352,1,1,9.000000,0.700000,0.500000
353,1,1,8.000000,0.300000,0.500000
354,1,1,18.000000,1.000000,0.500000
355,1,1,8.000000,0.500000,0.500000
356,0,0,8.000000,0.500000,0.500000
357,1,1,6.000000,0.000000,0.500000
358,1,1,11.000000,0.800000,0.500000
359,1,1,6.000000,0.000000,0.500000
360,0,0,8.000000,0.300000,0.500000
361,1,1,12.000000,0.900000,0.500000
362,1,1,8.000000,0.300000,0.500000
363,1,1,12.000000,0.600000,0.500000
364,1,1,8.000000,0.300000,0.500000
365,1,1,8.000000,0.300000,0.500000
366,1,1,8.000000,0.500000,0.500000
367,1,1,10.000000,0.700000,0.500000
368,1,1,11.000000,0.600000,0.500000
369,1,1,8.000000,0.300000,0.500000
370,1,1,8.000000,0.300000,0.500000
371,1,1,6.000000,0.000000,0.500000
372,1,1,8.000000,0.300000,0.500000
373,1,1,8.000000,0.300000,0.500000
374,1,1,6.000000,0.000000,0.500000
375,1,1,13.000000,0.900000,0.500000
376,1,1,8.000000,0.300000,0.500000
377,1,1,8.000000,0.500000,0.500000
378,1,1,8.000000,0.500000,0.500000
379,1,1,9.000000,0.800000,0.500000
380,1,1,9.000000,0.500000,0.500000
381,1,1,6.000000,0.000000,0.500000
382,1,1,9.000000,0.500000,0.500000
383,1,1,8.000000,0.500000,0.500000
384,1,1,11.000000,0.700000,0.500000
385,0,0,13.000000,0.900000,0.500000
386,1,1,10.000000,0.700000,0.500000
387,1,1,8.000000,0.300000,0.500000
388,1,1,6.000000,0.000000,0.500000
389,0,0,9.000000,0.700000,0.500000
390,1,1,6.000000,0.000000,0.500000
391,1,1,18.000000,1.000000,0.500000
392,1,1,15.000000,0.900000,0.500000
393,1,1,6.000000,0.000000,0.500000
394,1,1,9.000000,0.700000,0.500000
395,0,0,13.000000,0.900000,0.500000
396,1,1,11.000000,0.900000,0.500000
397,1,1,6.000000,0.000000,0.500000
398,1,1,18.000000,1.000000,0.500000
399,1,1,8.000000,0.500000,0.500000
400,1,1,8.000000,0.300000,0.500000
401,1,1,10.000000,0.400000,0.500000
402,1,1,8.000000,0.500000,0.500000
403,0,0,15.000000,0.700000,0.500000
404,1,1,10.000000,0.800000,0.500000
405,1,1,8.000000,0.500000,0.500000
406,0,0,6.000000,0.000000,0.500000
407,1,1,6.000000,0.000000,0.500000
408,1,1,8.000000,0.500000,0.500000
409,1,1,10.000000,0.400000,0.500000
410,1,1,8.000000,0.500000,0.500000
411,0,0,9.000000,0.500000,0.500000
412,1,1,10.000000,0.500000,0.500000
413,1,1,9.000000,0.700000,0.500000
414,1,1,10.000000,0.400000,0.500000
415,1,1,8.000000,0.500000,0.500000
416,1,1,8.000000,0.300000,0.500000
417,1,1,9.000000,0.500000,0.500000
418,1,1,8.000000,0.500000,0.500000
419,1,1,9.000000,0.800000,0.500000
420,1,1,8.000000,0.500000,0.500000
421,0,0,8.000000,0.500000,0.500000
422,1,1,8.000000,0.300000,0.500000
423,1,1,10.000000,0.400000,0.500000
424,1,1,6.000000,0.000000,0.500000
425,1,1,8.000000,0.300000,0.500000
426,1,1,8.000000,0.500000,0.500000
427,1,1,6.000000,0.000000,0.500000
428,1,1,8.000000,0.300000,0.500000
429,1,1,9.000000,0.700000,0.500000
430,1,1,8.000000,0.300000,0.500000
431,1,1,6.000000,0.000000,0.500000
432,0,0,8.000000,0.500000,0.500000
433,1,1,8.000000,0.500000,0.500000
434,1,1,6.000000,0.000000,0.500000
435,1,1,8.000000,0.300000,0.500000
436,1,1,11.000000,0.800000,0.500000
437,1,1,10.000000,0.700000,0.500000
438,1,1,8.000000,0.500000,0.500000
439,1,1,10.000000,0.400000,0.500000
440,1,1,8.000000,0.500000,0.500000
441,1,1,17.000000,0.900000,0.500000
442,1,1,11.000000,0.800000,0.500000
443,1,1,10.000000,0.800000,0.500000
444,1,1,6.000000,0.000000,0.500000
445,1,1,6.000000,0.000000,0.500000
446,1,1,9.000000,0.800000,0.500000
447,1,1,9.000000,0.700000,0.500000
448,1,1,6.000000,0.000000,0.500000
449,1,1,9.000000,0.700000,0.500000
450,1,1,6.000000,0.000000,0.500000
451,0,1,12.000000,0.900000,0.500000
452,1,1,8.000000,0.500000,0.500000
453,1,1,21.000000,1.000000,0.500000
454,1,1,6.000000,0.000000,0.500000
455,1,1,13.000000,0.800000,0.500000
456,1,1,16.000000,1.000000,0.500000
457,1,1,12.000000,0.600000,0.500000
458,0,0,15.000000,0.900000,0.500000
459,1,1,8.000000,0.500000,0.500000
460,1,1,8.000000,0.500000,0.500000
461,0,0,9.000000,0.700000,0.500000
462,1,1,10.000000,0.700000,0.500000
463,1,1,6.000000,0.000000,0.500000
464,1,1,6.000000,0.000000,0.500000
465,1,1,15.000000,0.900000,0.500000
466,1,1,14.000000,0.800000,0.500000
467,1,1,8.000000,0.500000,0.500000
468,1,1,11.000000,0.700000,0.500000
469,1,1,10.000000,0.700000,0.500000
470,1,1,9.000000,0.700000,0.500000
471,1,1,6.000000,0.000000,0.500000
472,1,1,10.000000,0.500000,0.500000
473,1,1,6.000000,0.000000,0.500000
474,1,1,6.000000,0.000000,0.500000
475,1,1,11.000000,0.600000,0.500000
476,1,1,8.000000,0.300000,0.500000
477,1,1,8.000000,0.300000,0.500000
478,1,1,12.000000,0.800000,0.500000
479,1,1,8.000000,0.300000,0.500000
480,1,1,8.000000,0.300000,0.500000
481,1,1,14.000000,0.900000,0.500000
482,1,1,8.000000,0.300000,0.500000
483,1,1,14.000000,0.800000,0.500000
484,1,1,10.000000,0.800000,0.500000
485,1,1,12.000000,0.600000,0.500000
486,0,1,22.000000,1.000000,0.500000
487,0,0,6.000000,0.000000,0.500000
488,1,1,9.000000,0.700000,0.500000
489,1,1,19.000000,0.900000,0.500000
490,1,1,8.000000,0.300000,0.500000
491,1,1,9.000000,0.700000,0.500000
492,1,1,8.000000,0.500000,0.500000
493,1,1,22.000000,1.000000,0.500000
494,1,1,14.000000,0.900000,0.500000
495,1,1,8.000000,0.300000,0.500000
496,1,1,8.000000,0.500000,0.500000
497,0,0,19.000000,1.000000,0.500000
498,1,1,8.000000,0.300000,0.500000
499,0,0,10.000000,0.500000,0.500000
500,1,1,14.000000,0.800000,0.500000
501,0,0,8.000000,0.300000,0.500000
502,1,1,14.000000,0.900000,0.500000
503,1,1,6.000000,0.000000,0.500000
504,1,1,8.000000,0.300000,0.500000
505,1,1,14.000000,0.900000,0.500000
506,1,1,16.000000,1.000000,0.500000
507,1,1,11.000000,0.900000,0.500000
508,0,0,9.000000,0.700000,0.500000
509,1,1,8.000000,0.500000,0.500000
510,1,1,11.000000,0.800000,0.500000
511,1,1,8.000000,0.300000,0.500000
512,1,1,9.000000,0.700000,0.500000
513,1,1,9.000000,0.500000,0.500000
514,1,1,9.000000,0.500000,0.500000
515,1,1,11.000000,0.700000,0.500000
516,1,1,13.000000,0.900000,0.500000
517,1,1,9.000000,0.800000,0.500000
518,1,1,9.000000,0.500000,0.500000
519,1,1,8.000000,0.300000,0.500000
520,1,1,10.000000,0.400000,0.500000
521,1,1,8.000000,0.300000,0.500000
522,1,1,24.000000,1.000000,0.500000
523,1,1,23.000000,1.000000,0.500000
524,1,1,9.000000,0.500000,0.500000
525,1,1,10.000000,0.700000,0.500000
526,0,0,16.000000,0.900000,0.500000
527,1,1,8.000000,0.500000,0.500000
528,1,1,6.000000,0.000000,0.500000
529,1,1,6.000000,0.000000,0.500000
530,1,1,8.000000,0.300000,0.500000
531,1,1,8.000000,0.500000,0.500000
532,1,1,10.000000,0.700000,0.500000
533,1,1,11.000000,0.700000,0.500000
534,1,1,15.000000,0.900000,0.500000
535,0,0,9.000000,0.500000,0.500000
536,1,1,8.000000,0.300000,0.500000
537,1,1,12.000000,0.900000,0.500000
538,1,1,11.000000,0.600000,0.500000
539,1,1,10.000000,0.700000,0.500000
540,1,1,11.000000,0.600000,0.500000
541,0,0,10.000000,0.500000,0.500000
542,0,0,9.000000,0.700000,0.500000
543,1,1,11.000000,0.700000,0.500000
544,1,1,6.000000,0.000000,0.500000
545,1,1,8.000000,0.300000,0.500000
546,1,1,8.000000,0.300000,0.500000
547,1,1,8.000000,0.300000,0.500000
548,1,1,10.000000,0.500000,0.500000
549,1,1,8.000000,0.300000,0.500000
550,1,1,8.000000,0.300000,0.500000
551,0,0,18.000000,0.900000,0.500000
552,1,1,6.000000,0.000000,0.500000
553,1,1,8.000000,0.500000,0.500000
554,1,1,6.000000,0.000000,0.500000
555,1,1,8.000000,0.300000,0.500000
556,1,1,10.000000,0.400000,0.500000
557,0,0,8.000000,0.300000,0.500000
558,1,1,16.000000,1.000000,0.500000
559,0,0,16.000000,0.900000,0.500000
560,1,1,10.000000,0.400000,0.500000
561,0,0,8.000000,0.500000,0.500000
562,1,1,9.000000,0.700000,0.500000
563,1,1,6.000000,0.000000,0.500000
564,1,1,8.000000,0.300000,0.500000
565,1,1,6.000000,0.000000,0.500000
566,1,1,9.000000,0.800000,0.500000
567,1,1,9.000000,0.700000,0.500000
568,1,1,8.000000,0.300000,0.500000
569,1,1,8.000000,0.500000,0.500000
570,1,1,6.000000,0.000000,0.500000
571,1,1,8.000000,0.500000,0.500000
572,1,1,12.000000,0.700000,0.500000
573,1,1,21.000000,1.000000,0.500000
574,1,1,9.000000,0.700000,0.500000
575,1,1,8.000000,0.500000,0.500000
576,1,1,8.000000,0.500000,0.500000
577,0,0,9.000000,0.500000,0.500000
578,1,1,16.000000,0.900000,0.500000
579,1,1,10.000000,0.900000,0.500000
580,1,1,9.000000,0.500000,0.500000
581,1,1,6.000000,0.000000,0.500000
582,1,1,8.000000,0.500000,0.500000
583,1,1,11.000000,0.700000,0.500000
584,1,1,8.000000,0.300000,0.500000
585,1,1,6.000000,0.000000,0.500000
586,1,1,6.000000,0.000000,0.500000
587,1,1,17.000000,1.000000,0.500000
588,1,1,10.000000,0.700000,0.500000
589,1,1,8.000000,0.300000,0.500000
590,1,1,6.000000,0.000000,0.500000
591,1,1,6.000000,0.000000,0.500000
592,1,1,15.000000,0.800000,0.500000
593,1,1,6.000000,0.000000,0.500000
594,1,1,8.000000,0.300000,0.500000
595,1,1,9.000000,0.700000,0.500000
596,1,1,10.000000,0.400000,0.500000
597,1,1,9.000000,0.700000,0.500000
598,1,1,9.000000,0.800000,0.500000
599,1,1,10.000000,0.600000,0.500000
600,1,1,6.000000,0.000000,0.500000
601,1,1,8.000000,0.500000,0.500000
602,1,1,8.000000,0.300000,0.500000
603,1,1,15.000000,0.900000,0.500000
604,1,1,8.000000,0.300000,0.500000
605,1,1,17.000000,0.900000,0.500000
606,1,1,6.000000,0.000000,0.500000
607,1,1,18.000000,0.900000,0.500000
608,1,1,11.000000,0.800000,0.500000
609,1,1,6.000000,0.000000,0.500000
610,1,1,8.000000,0.300000,0.500000
611,1,1,8.000000,0.500000,0.500000
612,1,1,8.000000,0.300000,0.500000
613,0,1,14.000000,0.900000,0.500000
614,1,1,8.000000,0.300000,0.500000
615,1,1,8.000000,0.300000,0.500000
616,1,1,6.000000,0.000000,0.500000
617,1,1,8.000000,0.500000,0.500000
618,0,0,8.000000,0.300000,0.500000
619,1,1,8.000000,0.500000,0.500000
620,1,1,8.000000,0.500000,0.500000
621,1,1,10.000000,0.500000,0.500000
622,1,1,17.000000,1.000000,0.500000
623,1,1,6.000000,0.000000,0.500000
624,1,1,8.000000,0.300000,0.500000
625,0,0,12.000000,0.900000,0.500000
626,1,1,8.000000,0.300000,0.500000
627,0,0,12.000000,0.900000,0.500000
628,1,1,9.000000,0.700000,0.500000
629,1,1,6.000000,0.000000,0.500000
630,1,1,9.000000,0.800000,0.500000
631,1,1,8.000000,0.500000,0.500000
632,1,1,11.000000,0.600000,0.500000
633,0,0,8.000000,0.500000,0.500000
634,1,1,8.000000,0.300000,0.500000
635,1,1,13.000000,0.600000,0.500000
636,1,1,9.000000,0.700000,0.500000
637,1,1,9.000000,0.700000,0.500000
638,1,1,10.000000,0.700000,0.500000
639,1,1,11.000000,0.800000,0.500000
640,1,1,9.000000,0.500000,0.500000
641,1,1,10.000000,0.700000,0.500000
642,1,1,6.000000,0.000000,0.500000
643,1,1,8.000000,0.500000,0.500000
644,1,1,20.000000,0.900000,0.500000
645,1,1,12.000000,0.900000,0.500000
646,1,1,8.000000,0.500000,0.500000
647,1,1,8.000000,0.500000,0.500000
648,1,1,8.000000,0.500000,0.500000
649,1,1,8.000000,0.500000,0.500000
650,1,1,11.000000,0.600000,0.500000
651,1,1,9.000000,0.700000,0.500000
652,1,1,11.000000,0.800000,0.500000
653,1,1,6.000000,0.000000,0.500000
654,1,1,10.000000,0.800000,0.500000
655,1,1,8.000000,0.500000,0.500000
656,1,1,9.000000,0.700000,0.500000
657,1,1,11.000000,0.800000,0.500000
658,1,1,15.000000,0.900000,0.500000
659,1,1,8.000000,0.300000,0.500000
660,0,0,14.000000,0.700000,0.500000
661,1,1,8.000000,0.300000,0.500000
662,1,1,8.000000,0.500000,0.500000
663,1,1,6.000000,0.000000,0.500000
664,1,1,20.000000,1.000000,0.500000
665,1,1,13.000000,0.900000,0.500000
666,1,1,8.000000,0.300000,0.500000
667,1,1,8.000000,0.300000,0.500000
668,1,1,8.000000,0.300000,0.500000
669,0,0,8.000000,0.300000,0.500000
670,1,1,16.000000,0.900000,0.500000
671,1,1,8.000000,0.300000,0.500000
672,1,1,8.000000,0.500000,0.500000
673,1,1,11.000000,0.600000,0.500000
674,1,1,10.000000,0.700000,0.500000
675,1,1,6.000000,0.000000,0.500000
676,1,1,8.000000,0.300000,0.500000
677,1,1,8.000000,0.500000,0.500000
678,1,1,8.000000,0.300000,0.500000
679,1,1,8.000000,0.300000,0.500000
680,1,1,8.000000,0.500000,0.500000
681,0,0,12.000000,0.900000,0.500000
682,1,1,10.000000,0.400000,0.500000
683,1,1,8.000000,0.500000,0.500000
684,1,1,6.000000,0.000000,0.500000
685,0,0,10.000000,0.800000,0.500000
686,0,1,11.000000,0.900000,0.500000
687,1,1,6.000000,0.000000,0.500000
688,1,1,6.000000,0.000000,0.500000
689,1,1,8.000000,0.300000,0.500000
690,0,1,9.000000,0.700000,0.500000
691,1,1,12.000000,0.600000,0.500000
692,0,0,8.000000,0.300000,0.500000
693,1,1,10.000000,0.500000,0.500000
694,1,1,8.000000,0.300000,0.500000
695,1,1,8.000000,0.500000,0.500000
696,1,1,16.000000,0.900000,0.500000
697,1,1,11.000000,0.800000,0.500000
698,1,1,6.000000,0.000000,0.500000
699,1,1,8.000000,0.500000,0.500000
700,1,1,10.000000,0.400000,0.500000
701,1,1,8.000000,0.500000,0.500000
702,1,1,14.000000,0.800000,0.500000
703,1,1,8.000000,0.500000,0.500000
704,1,1,7.000000,0.300000,0.500000
705,1,1,11.000000,0.600000,0.500000
706,1,1,6.000000,0.000000,0.500000
707,1,1,10.000000,0.800000,0.500000
708,1,1,13.000000,0.900000,0.500000
709,1,1,8.000000,0.300000,0.500000
710,1,1,8.000000,0.300000,0.500000
711,1,1,6.000000,0.000000,0.500000
712,1,1,18.000000,0.900000,0.500000
713,1,1,6.000000,0.000000,0.500000
714,1,1,11.000000,0.600000,0.500000
715,1,1,6.000000,0.000000,0.500000
716,1,1,15.000000,0.900000,0.500000
717,1,1,8.000000,0.500000,0.500000
718,1,1,8.000000,0.300000,0.500000
719,1,1,8.000000,0.500000,0.500000
720,1,1,6.000000,0.000000,0.500000
721,1,1,8.000000,0.300000,0.500000
722,1,1,10.000000,0.500000,0.500000
723,1,1,8.000000,0.500000,0.500000
724,1,1,21.000000,1.000000,0.500000
725,1,1,8.000000,0.300000,0.500000
726,1,1,10.000000,0.600000,0.500000
727,1,1,8.000000,0.300000,0.500000
728,0,0,8.000000,0.300000,0.500000
729,1,1,8.000000,0.500000,0.500000
730,0,0,8.000000,0.300000,0.500000
731,1,1,11.000000,0.600000,0.500000
732,1,1,17.000000,0.900000,0.500000
733,1,1,15.000000,0.900000,0.500000
734,1,1,9.000000,0.700000,0.500000
735,1,1,10.000000,0.900000,0.500000
736,1,1,12.000000,0.900000,0.500000
737,1,1,14.000000,0.900000,0.500000
738,1,1,8.000000,0.300000,0.500000
739,1,1,8.000000,0.500000,0.500000
740,1,1,8.000000,0.300000,0.500000
741,1,1,20.000000,1.000000,0.500000
742,1,1,8.000000,0.500000,0.500000
743,1,1,8.000000,0.500000,0.500000
744,1,1,6.000000,0.000000,0.500000
745,0,0,10.000000,0.700000,0.500000
746,0,0,9.000000,0.800000,0.500000
747,1,1,8.000000,0.300000,0.500000
748,1,1,8.000000,0.500000,0.500000
749,1,1,9.000000,0.700000,0.500000
750,1,1,8.000000,0.300000,0.500000
751,1,1,6.000000,0.000000,0.500000
752,0,1,28.000000,1.000000,0.500000
753,1,1,12.000000,0.600000,0.500000
754,1,1,8.000000,0.300000,0.500000
755,0,1,13.000000,0.900000,0.500000
756,1,1,11.000000,0.800000,0.500000
757,1,1,10.000000,0.700000,0.500000
758,1,1,10.000000,0.800000,0.500000
759,1,1,11.000000,0.700000,0.500000
760,1,1,8.000000,0.300000,0.500000
761,1,1,16.000000,0.900000,0.500000
762,1,1,11.000000,0.700000,0.500000
763,1,1,6.000000,0.000000,0.500000
764,1,1,8.000000,0.500000,0.500000
765,1,1,10.000000,0.400000,0.500000
766,1,1,17.000000,1.000000,0.500000
767,1,1,6.000000,0.000000,0.500000
768,1,1,6.000000,0.000000,0.500000
769,1,1,8.000000,0.300000,0.500000
770,1,1,12.000000,0.800000,0.500000
771,1,1,12.000000,0.600000,0.500000
772,1,1,9.000000,0.800000,0.500000
773,1,1,12.000000,0.700000,0.500000
774,1,1,13.000000,0.700000,0.500000
775,0,1,10.000000,0.900000,0.500000
776,1,1,10.000000,0.800000,0.500000
777,1,1,16.000000,0.900000,0.500000
778,1,1,6.000000,0.000000,0.500000
779,1,1,18.000000,0.900000,0.500000
780,1,1,14.000000,0.900000,0.500000
781,0,1,8.000000,0.500000,0.500000
782,1,1,12.000000,0.600000,0.500000
783,1,1,9.000000,0.700000,0.500000
784,1,1,20.000000,0.900000,0.500000
785,1,1,8.000000,0.300000,0.500000
786,1,1,9.000000,0.700000,0.500000
787,1,1,11.000000,0.800000,0.500000
788,1,1,8.000000,0.500000,0.500000
789,1,1,6.000000,0.000000,0.500000
790,1,1,8.000000,0.500000,0.500000
791,1,1,8.000000,0.300000,0.500000
792,1,1,6.000000,0.000000,0.500000
793,1,1,6.000000,0.000000,0.500000
794,1,1,6.000000,0.000000,0.500000
795,1,1,9.000000,0.500000,0.500000
796,1,1,24.000000,1.000000,0.500000
797,1,1,11.000000,0.900000,0.500000
798,1,1,9.000000,0.700000,0.500000
799,1,1,10.000000,0.700000,0.500000
800,1,1,8.000000,0.300000,0.500000
801,1,1,8.000000,0.300000,0.500000
802,1,1,8.000000,0.300000,0.500000
803,1,1,12.000000,0.700000,0.500000
804,1,1,12.000000,0.600000,0.500000
805,0,1,10.000000,0.700000,0.500000
806,1,1,6.000000,0.000000,0.500000
807,1,1,11.000000,0.800000,0.500000
808,1,1,6.000000,0.000000,0.500000
809,1,1,8.000000,0.300000,0.500000
810,1,1,18.000000,0.900000,0.500000
811,1,1,13.000000,0.900000,0.500000
812,1,1,6.000000,0.000000,0.500000
813,1,1,14.000000,0.900000,0.500000
814,1,1,13.000000,0.900000,0.500000
815,1,1,12.000000,0.600000,0.500000
816,1,1,11.000000,0.600000,0.500000
817,1,1,8.000000,0.300000,0.500000
818,1,1,8.000000,0.500000,0.500000
819,1,1,10.000000,0.400000,0.500000
820,1,1,19.000000,0.900000,0.500000
821,1,1,9.000000,0.700000,0.500000
822,1,1,9.000000,0.700000,0.500000
823,1,1,16.000000,0.900000,0.500000
824,1,1,8.000000,0.300000,0.500000
825,1,1,14.000000,0.900000,0.500000
826,1,1,8.000000,0.500000,0.500000
827,1,1,8.000000,0.300000,0.500000
828,1,1,6.000000,0.000000,0.500000
829,1,1,8.000000,0.300000,0.500000
830,1,1,11.000000,0.800000,0.500000
831,1,1,6.000000,0.000000,0.500000
832,1,1,8.000000,0.500000,0.500000
833,1,1,8.000000,0.300000,0.500000
834,1,1,11.000000,0.800000,0.500000
835,1,1,8.000000,0.300000,0.500000
836,1,1,13.000000,0.900000,0.500000
837,1,1,8.000000,0.500000,0.500000
838,1,1,8.000000,0.300000,0.500000
839,1,1,12.000000,0.800000,0.500000
840,1,1,12.000000,0.900000,0.500000
841,1,1,15.000000,0.800000,0.500000
842,1,1,10.000000,0.700000,0.500000
843,1,1,8.000000,0.500000,0.500000
844,1,1,8.000000,0.300000,0.500000
845,1,1,6.000000,0.000000,0.500000
846,1,1,8.000000,0.500000,0.500000
847,1,1,9.000000,0.700000,0.500000
848,1,1,9.000000,0.800000,0.500000
849,1,1,14.000000,0.800000,0.500000
850,1,1,12.000000,0.800000,0.500000
851,1,1,8.000000,0.500000,0.500000
852,1,1,12.000000,0.600000,0.500000
853,1,1,8.000000,0.300000,0.500000
854,1,1,21.000000,1.000000,0.500000
855,1,1,12.000000,0.600000,0.500000
856,0,0,12.000000,0.800000,0.500000
857,1,1,8.000000,0.300000,0.500000
858,1,1,6.000000,0.000000,0.500000
859,1,1,8.000000,0.300000,0.500000
860,1,1,8.000000,0.300000,0.500000
861,1,1,13.000000,0.800000,0.500000
862,0,0,6.000000,0.000000,0.500000
863,1,1,10.000000,0.900000,0.500000
864,1,1,10.000000,0.700000,0.500000
865,1,1,10.000000,0.900000,0.500000
866,0,0,8.000000,0.500000,0.500000
867,1,1,10.000000,0.700000,0.500000
868,1,1,8.000000,0.500000,0.500000
869,1,1,8.000000,0.300000,0.500000
870,0,1,9.000000,0.700000,0.500000
871,1,1,6.000000,0.000000,0.500000
872,1,1,10.000000,0.400000,0.500000
873,1,1,10.000000,0.700000,0.500000
874,0,0,9.000000,0.700000,0.500000
875,1,1,10.000000,0.400000,0.500000
876,1,1,8.000000,0.500000,0.500000
877,1,1,8.000000,0.500000,0.500000
878,1,1,11.000000,0.800000,0.500000
879,1,1,8.000000,0.300000,0.500000
880,1,1,6.000000,0.000000,0.500000
881,1,1,21.000000,1.000000,0.500000
882,1,1,9.000000,0.500000,0.500000
883,1,1,9.000000,0.700000,0.500000
884,1,1,10.000000,0.600000,0.500000
885,1,1,21.000000,1.000000,0.500000
886,1,1,9.000000,0.900000,0.500000
887,0,0,11.000000,0.600000,0.500000
888,0,1,10.000000,0.800000,0.500000
889,1,1,8.000000,0.500000,0.500000
890,1,1,10.000000,0.900000,0.500000
891,1,1,8.000000,0.300000,0.500000
892,1,1,6.000000,0.000000,0.500000
893,0,0,6.000000,0.000000,0.500000
894,1,1,8.000000,0.500000,0.500000
895,1,1,15.000000,0.800000,0.500000
896,1,1,9.000000,0.800000,0.500000
897,1,1,12.000000,0.600000,0.500000
898,0,0,8.000000,0.500000,0.500000
899,1,1,9.000000,0.500000,0.500000
900,1,1,9.000000,0.500000,0.500000
901,1,1,8.000000,0.300000,0.500000
902,0,1,13.000000,0.900000,0.500000
903,1,1,8.000000,0.300000,0.500000
904,0,1,23.000000,1.000000,0.500000
905,1,1,6.000000,0.000000,0.500000
906,1,1,14.000000,0.900000,0.500000
907,1,1,9.000000,0.700000,0.500000
908,1,1,6.000000,0.000000,0.500000
909,1,1,8.000000,0.300000,0.500000
910,1,1,8.000000,0.500000,0.500000
911,1,1,14.000000,0.900000,0.500000
912,1,1,8.000000,0.300000,0.500000
913,1,1,8.000000,0.300000,0.500000
914,1,1,8.000000,0.300000,0.500000
915,1,1,8.000000,0.300000,0.500000
916,1,1,8.000000,0.500000,0.500000
917,1,1,6.000000,0.000000,0.500000
918,1,1,17.000000,0.900000,0.500000
919,1,1,6.000000,0.000000,0.500000
920,1,1,6.000000,0.000000,0.500000
921,1,1,8.000000,0.500000,0.500000
922,1,1,8.000000,0.300000,0.500000
923,1,1,8.000000,0.500000,0.500000
924,1,1,17.000000,0.900000,0.500000
925,1,1,8.000000,0.500000,0.500000
926,1,1,8.000000,0.300000,0.500000
927,1,1,8.000000,0.500000,0.500000
928,0,0,8.000000,0.500000,0.500000
929,1,1,14.000000,0.800000,0.500000
930,1,1,8.000000,0.500000,0.500000
931,1,1,11.000000,0.800000,0.500000
932,1,1,12.000000,0.600000,0.500000
933,1,1,10.000000,0.400000,0.500000
934,1,1,8.000000,0.500000,0.500000
935,0,1,9.000000,0.800000,0.500000
936,1,1,9.000000,0.500000,0.500000
937,1,1,13.000000,0.700000,0.500000
938,1,1,11.000000,0.800000,0.500000
939,1,1,17.000000,1.000000,0.500000
940,1,1,6.000000,0.000000,0.500000
941,1,1,9.000000,0.500000,0.500000
942,1,1,9.000000,0.700000,0.500000
943,1,1,8.000000,0.300000,0.500000
944,1,1,14.000000,0.700000,0.500000
945,1,1,9.000000,0.500000,0.500000
946,1,1,18.000000,0.900000,0.500000
947,1,1,8.000000,0.500000,0.500000
948,0,0,8.000000,0.300000,0.500000
949,1,1,8.000000,0.300000,0.500000
950,1,1,18.000000,0.900000,0.500000
951,1,1,8.000000,0.500000,0.500000
952,1,1,8.000000,0.300000,0.500000
953,0,0,13.000000,0.600000,0.500000
954,1,1,6.000000,0.000000,0.500000
955,1,1,9.000000,0.700000,0.500000
956,1,1,11.000000,0.900000,0.500000
957,1,1,12.000000,0.800000,0.500000
958,1,1,10.000000,0.500000,0.500000
959,1,1,12.000000,0.800000,0.500000
960,0,0,11.000000,0.800000,0.500000
961,0,1,9.000000,0.800000,0.500000
962,1,1,16.000000,0.900000,0.500000
963,1,1,9.000000,0.700000,0.500000
964,1,1,10.000000,0.700000,0.500000
965,1,1,9.000000,0.700000,0.500000
966,1,1,6.000000,0.000000,0.500000
967,0,0,9.000000,0.500000,0.500000
968,1,1,8.000000,0.300000,0.500000
969,1,1,10.000000,0.400000,0.500000
970,1,1,8.000000,0.300000,0.500000
971,1,1,12.000000,0.900000,0.500000
972,1,1,8.000000,0.300000,0.500000
973,1,1,6.000000,0.000000,0.500000
974,1,1,8.000000,0.300000,0.500000
975,1,1,11.000000,0.800000,0.500000
976,1,1,11.000000,0.900000,0.500000
977,1,1,6.000000,0.000000,0.500000
978,1,1,8.000000,0.500000,0.500000
979,1,1,9.000000,0.700000,0.500000
980,1,1,11.000000,0.600000,0.500000
981,1,1,8.000000,0.300000,0.500000
982,1,1,8.000000,0.500000,0.500000
983,1,1,8.000000,0.500000,0.500000
984,1,1,6.000000,0.000000,0.500000
985,1,1,10.000000,0.900000,0.500000
986,1,1,8.000000,0.300000,0.500000
987,1,1,12.000000,0.800000,0.500000
988,1,1,8.000000,0.300000,0.500000
989,0,0,9.000000,0.700000,0.500000
990,1,1,9.000000,0.700000,0.500000
991,1,1,6.000000,0.000000,0.500000
992,1,1,6.000000,0.000000,0.500000
993,1,1,8.000000,0.500000,0.500000
994,1,1,11.000000,0.600000,0.500000
995,1,1,10.000000,0.700000,0.500000
996,1,1,6.000000,0.000000,0.500000
997,1,1,6.000000,0.000000,0.500000
998,0,0,8.000000,0.500000,0.500000
999,0,0,10.000000,0.800000,0.500000
WorkerID,Gamma,TrueGamma
170,0.442266,1.053042
755,0.476261,0.751699
519,0.415304,0.616349
718,0.537329,1.335473
888,0.440894,0.519945
421,0.485513,1.789848
661,0.537153,0.945598
185,0.511162,1.154884
267,0.527162,0.700682
54,0.480008,0.490338
747,0.514482,0.910426
481,0.490987,3.173114
936,0.521103,1.370618
637,0.458506,0.476902
715,0.509800,1.080282
283,0.546084,1.782178
57,0.569195,1.155949
760,0.465787,0.829438
611,0.557737,1.014072
899,0.725552,1.495666
16,0.467864,2.396053
382,0.510844,1.169908
38,0.463518,0.434028
27,0.524450,2.264042
469,0.474960,0.955339
708,0.547742,1.867294
90,0.477784,1.205182
2,0.508218,1.769609
98,0.493559,0.717727
832,0.488209,1.043922
743,0.439675,0.625584
881,0.450305,0.248861
693,0.525636,0.854956
600,0.453845,0.546980
850,0.447062,0.390144
233,0.496234,1.947464
15,0.533439,2.181559
746,0.466743,0.600587
531,0.425369,0.887475
690,0.594301,1.519187
226,0.566450,2.124763
413,0.473114,0.745984
440,0.450635,0.245884
212,0.507675,0.596026
130,0.452132,0.631307
929,0.454647,0.369912
184,0.594176,2.721579
118,0.419469,0.142442
560,0.567992,1.506380
5,0.468680,0.307512
720,0.462143,1.207746
535,0.435016,1.212892
851,0.434999,1.033173
1,0.539978,0.831918
220,0.554363,1.520767
624,0.460610,0.374182
523,0.591596,1.834136
83,0.500625,0.816391
532,0.519128,0.415187
63,0.449516,0.567131
124,0.472250,0.619417
207,0.457144,1.036507
849,0.584423,1.393875
323,0.461429,1.092294
669,0.563249,1.297817
412,0.511076,1.317363
726,0.470985,0.598589
141,0.458814,0.915466
572,0.522006,1.585535
830,0.455227,0.379145
232,0.432304,0.567234
390,0.490670,1.483274
263,0.541265,1.266980
927,0.497514,1.326401
489,0.518127,0.981423
142,0.519813,1.495143
882,0.579172,0.780363
359,0.498791,1.710684
807,0.587196,2.698576
847,0.483279,2.073201
470,0.494124,1.818717
802,0.523077,0.874213
730,0.495656,0.645689
964,0.481068,1.338937
161,0.627130,1.528274
490,0.615004,1.922765
770,0.432406,1.257735
828,0.463904,1.022938
607,0.492318,1.077472
100,0.498864,1.572841
803,0.431112,0.222414
247,0.486621,0.730781
756,0.508345,0.867422
436,0.432321,0.618415
417,0.417556,0.878004
321,0.486311,1.855165
524,0.510461,1.110492
660,0.430932,0.495365
187,0.462865,1.877877
266,0.479334,0.844469
258,0.445816,1.257507
853,0.457498,0.413880
779,0.533755,1.724884
640,0.459485,0.952099
276,0.413078,0.405437
157,0.538827,0.579657
999,0.552795,1.508811
432,0.588155,1.965672
556,0.462326,0.991986
714,0.584985,1.268573
428,0.436984,0.693363
918,0.456588,0.696976
59,0.465611,1.067360
97,0.577843,1.242083
895,0.444045,0.997037
200,0.524703,0.952434
304,0.537258,3.674873
74,0.499972,1.033751
709,0.480094,1.227022
386,0.401318,0.391313
123,0.527456,2.212395
4,0.522610,0.741513
431,0.485459,1.392476
154,0.499518,1.714007
786,0.536329,0.846927
775,0.525197,2.533734
976,0.539091,0.903551
307,0.514465,1.147598
889,0.474406,1.145840
538,0.511995,0.904902
139,0.461032,1.129956
335,0.524086,1.053865
868,0.492943,0.872317
342,0.481825,1.121457
785,0.432306,0.538785
946,0.497807,0.829232
950,0.500401,2.017207
952,0.491535,1.688480
831,0.522707,0.434668
961,0.498270,0.858373
453,0.569725,1.474735
901,0.455352,0.657731
299,0.652878,1.188795
934,0.473217,0.334376
126,0.531491,2.008116
127,0.467490,0.791470
52,0.453470,0.882941
289,0.542533,1.661902
102,0.469925,0.458025
574,0.627754,1.812331
222,0.534427,1.322558
990,0.587970,1.475357
706,0.530457,0.640648
203,0.480607,1.286938
598,0.628463,2.214628
801,0.641738,1.831562
810,0.522620,0.591920
379,0.553554,1.488917
230,0.635916,0.527169
285,0.542459,1.543025
446,0.427981,0.542498
813,0.510969,1.148168
214,0.482874,0.730021
552,0.588334,2.829828
34,0.635803,1.365397
447,0.567238,1.950029
542,0.585125,1.208282
320,0.469973,1.841646
662,0.478724,1.279194
658,0.641824,1.184139
396,0.557953,1.755566
748,0.524091,1.247165
146,0.516092,1.005619
615,0.642392,1.757536
678,0.468620,0.628493
44,0.508032,1.201064
104,0.585040,0.816387
10,0.430436,0.506795
237,0.518118,0.535025
829,0.654560,1.802451
837,0.586782,1.546580
735,0.543283,0.978727
994,0.554217,1.282069
343,0.540581,0.691391
500,0.500993,0.729316
870,0.623666,1.319344
947,0.549997,1.183071
920,0.554650,1.024471
28,0.505635,0.758501
269,0.600798,1.645317
590,0.561933,0.989166
959,0.485958,0.507519
315,0.529516,1.120571
790,0.546937,0.550025
322,0.616230,1.293015
246,0.575390,0.995677
261,0.489562,0.794462
702,0.513651,0.819982
989,0.485100,1.044370
827,0.691480,2.060286
351,0.603268,1.248061
366,0.444482,0.381459
466,0.617568,2.084929
271,0.666052,2.484291
855,0.636613,1.752720
348,0.464259,0.350180
293,0.507019,1.070670
355,0.504584,0.931643
587,0.524155,0.949003
503,0.458617,0.669026
79,0.473958,1.295200
199,0.539248,0.997903
585,0.559422,1.091215
984,0.471011,1.381777
101,0.531031,0.896516
772,0.619525,1.706348
414,0.537954,2.149861
405,0.595727,0.974623
935,0.593692,0.893864
811,0.490625,1.809419
274,0.551652,2.140179
704,0.660042,1.003941
672,0.683583,1.112307
395,0.563492,1.096840
188,0.545221,1.459681
681,0.498891,2.696487
938,0.553223,0.469162
14,0.467696,0.994950
799,0.515174,0.908155
472,0.534173,1.399645
243,0.628390,1.088037
473,0.566471,1.351332
345,0.549805,1.798510
388,0.558506,0.849493
253,0.581707,1.625500
821,0.510261,1.237499
797,0.463083,0.492896
344,0.497643,1.338601
282,0.456066,1.446291
53,0.473503,2.530244
910,0.574183,1.559642
569,0.503328,0.992050
72,0.470528,1.068089
71,0.545190,0.516221
963,0.546701,2.815638
295,0.516391,0.651800
573,0.651176,1.102527
588,0.565028,0.404371
18,0.485595,0.476223
160,0.532612,1.078552
536,0.435779,1.303125
962,0.478419,0.488074
768,0.485215,1.433951
528,0.502538,0.446900
869,0.619715,2.054613
110,0.531349,1.550760
65,0.482497,0.760231
485,0.572034,1.030769
759,0.581346,3.260977
891,0.468308,0.745832
416,0.443428,0.603811
646,0.590582,0.975502
883,0.451987,0.718151
50,0.506840,0.272840
439,0.527305,0.793266
563,0.555453,0.754429
166,0.514075,2.120016
387,0.528302,1.194077
846,0.639995,1.731115
194,0.575703,1.041853
86,0.544136,1.306024
940,0.477653,1.011984
900,0.469972,0.655904
80,0.595781,1.174223
862,0.550186,1.457901
618,0.563745,1.286706
967,0.508224,0.433309
763,0.526548,1.696181
644,0.515655,0.609486
143,0.506594,0.541122
310,0.460069,0.946442
856,0.567792,1.394166
356,0.632768,1.515924
885,0.556025,0.998352
703,0.573505,0.515955
156,0.475437,1.033392
109,0.516792,2.112934
68,0.560294,0.772984
589,0.558979,0.769394
403,0.508609,0.931885
349,0.507303,1.377361
986,0.526221,1.678251
944,0.621129,1.090571
353,0.514323,1.528467
841,0.483887,0.289633
985,0.611753,1.600313
606,0.463387,0.779311
279,0.553926,1.983348
147,0.538528,0.799751
106,0.521731,0.980586
597,0.590907,0.474833
393,0.626150,1.463225
614,0.629954,1.973351
561,0.568995,0.968361
13,0.609789,1.267681
791,0.519979,1.127571
781,0.527621,1.024629
491,0.483227,0.636506
133,0.490795,0.299482
244,0.545385,0.821443
610,0.546530,1.248266
91,0.527562,0.636547
626,0.575535,1.228245
515,0.561651,0.655725
737,0.559882,1.154737
913,0.466317,0.225468
45,0.589888,2.912709
653,0.551651,1.766869
769,0.551153,0.780146
593,0.462100,0.599665
666,0.462074,0.602100
905,0.559592,1.563527
202,0.598571,1.060569
506,0.506972,0.456819
754,0.608649,0.786656
245,0.565782,1.137550
296,0.541393,1.813865
122,0.530348,0.464909
69,0.510506,0.734275
655,0.487391,0.810961
729,0.562066,0.915001
461,0.559066,0.932225
195,0.573702,1.055230
612,0.505485,1.480982
705,0.506551,0.789457
970,0.526654,0.786769
922,0.517861,1.606832
848,0.623066,1.878827
721,0.567170,0.839310
619,0.544794,0.667967
334,0.528712,0.833838
140,0.667876,2.004492
445,0.595434,1.927733
369,0.601691,1.326547
41,0.494713,0.818959
580,0.484294,1.000291
941,0.485362,0.920909
378,0.487787,0.942667
384,0.569591,0.831052
119,0.572206,1.484476
547,0.494150,0.931337
902,0.469202,1.178985
677,0.425624,0.410836
25,0.458400,0.647302
435,0.534565,0.722555
35,0.509379,1.028525
43,0.462087,1.118689
340,0.540144,1.272223
741,0.515971,1.465067
682,0.529367,0.793187
82,0.496913,0.995651
602,0.587034,1.061894
318,0.629167,1.280017
22,0.532969,0.819200
164,0.534993,0.488303
545,0.514288,0.638926
800,0.471124,0.809389
734,0.613092,0.870834
213,0.482816,0.395220
998,0.624529,1.535706
904,0.578511,2.289277
95,0.573811,1.386747
265,0.558025,1.171663
982,0.562391,2.109683
216,0.550273,1.825074
864,0.456941,1.961299
241,0.495953,0.824109
710,0.565555,0.884549
498,0.568128,1.560645
694,0.459828,1.169442
197,0.571709,1.364321
251,0.430442,0.490242
330,0.472446,1.703951
81,0.587994,1.031184
346,0.609056,2.083072
319,0.463293,0.689563
973,0.570625,1.444353
649,0.569904,0.984544
988,0.481737,2.122945
915,0.513643,0.259755
394,0.676918,1.507166
176,0.490345,1.233040
696,0.602250,1.094793
809,0.526411,1.431545
596,0.520585,1.109976
268,0.594033,1.263656
707,0.617804,1.350848
210,0.550996,1.019823
205,0.543589,1.088474
365,0.501807,1.635312
442,0.493947,0.666493
11,0.591468,2.294608
812,0.494127,1.055347
513,0.634579,1.022644
983,0.470959,0.552600
178,0.563645,1.123368
993,0.520280,3.026662
842,0.538989,1.577734
544,0.547775,1.094485
931,0.560323,1.156331
61,0.511805,0.712529
173,0.595512,1.821216
911,0.506789,1.169901
129,0.533442,1.039862
966,0.466129,0.872936
0,0.541846,1.490108
316,0.556971,0.907641
132,0.508508,2.079801
486,0.553528,1.474963
969,0.495068,0.469121
814,0.588401,1.552614
845,0.508825,0.832896
974,0.586861,0.917474
479,0.502874,2.120034
204,0.453751,0.744628
367,0.508315,0.860759
521,0.519603,1.530329
29,0.517093,0.895381
401,0.585544,2.154548
586,0.561389,0.747081
825,0.513674,1.224283
215,0.526415,1.859944
997,0.514262,0.488746
670,0.467487,0.491666
622,0.468256,0.432848
250,0.439191,0.212515
487,0.508077,1.803556
924,0.642001,0.996116
174,0.555752,0.537266
937,0.486643,1.691704
639,0.551212,1.072289
338,0.491389,1.370408
290,0.445785,1.616281
951,0.534146,0.481691
908,0.445516,0.204186
255,0.487050,0.507494
795,0.495513,2.354849
87,0.431379,0.631751
438,0.491780,0.613069
94,0.465929,0.768467
211,0.499208,0.310043
511,0.614053,1.439576
930,0.673561,2.446263
257,0.582920,1.358978
399,0.522312,1.273825
145,0.563020,1.412522
410,0.488248,0.541002
806,0.576509,1.038297
591,0.654836,3.205345
749,0.481213,0.664628
867,0.540610,1.152863
235,0.527283,1.210864
564,0.537194,0.469729
583,0.439196,0.528666
886,0.490748,0.964292
836,0.558336,0.990335
249,0.556114,1.656493
738,0.565391,1.948628
576,0.610098,2.068872
642,0.608710,0.970713
617,0.491143,0.922148
411,0.464557,0.300595
317,0.553520,1.036276
684,0.541328,0.875591
926,0.525682,1.085254
264,0.580214,0.685394
270,0.542121,2.449049
912,0.449790,0.180486
406,0.457771,0.239788
620,0.555470,1.137402
980,0.518855,1.183794
972,0.482269,0.538086
301,0.568859,0.906148
488,0.544412,1.061905
584,0.603480,1.867277
462,0.613936,1.055584
209,0.516073,1.449152
594,0.579944,2.183642
218,0.482393,0.272334
568,0.542795,1.879835
78,0.576702,1.100726
621,0.571424,1.471523
376,0.612939,2.767380
291,0.594220,1.970262
381,0.538394,0.709283
896,0.550570,1.198733
260,0.599648,1.661503
840,0.567929,1.253545
425,0.534737,0.521592
960,0.545037,0.909455
652,0.457610,0.791601
761,0.543776,1.586245
537,0.543603,2.074919
733,0.543101,1.260216
921,0.603479,1.039291
443,0.600238,1.787902
151,0.593992,0.972157
477,0.524049,1.343370
925,0.553280,0.661467
663,0.538602,2.320986
884,0.578133,1.298675
857,0.531153,0.903551
865,0.662595,1.056134
313,0.492742,0.852673
423,0.602189,1.180825
300,0.512633,0.360508
298,0.534268,1.619966
117,0.631203,1.068084
629,0.541242,0.960675
782,0.616790,3.320639
625,0.579127,0.367686
333,0.563331,2.542083
303,0.626768,2.220698
23,0.564503,1.511400
62,0.632266,1.092267
866,0.620781,0.991636
525,0.543920,1.323620
794,0.693424,1.844825
85,0.669749,3.888110
965,0.548747,0.998465
667,0.521716,0.306375
555,0.618512,1.016496
115,0.625816,1.477526
66,0.516087,0.454014
363,0.559295,0.519580
834,0.632455,1.506021
221,0.476005,0.577549
305,0.563614,1.574437
297,0.577249,0.853290
507,0.654422,3.038766
539,0.504637,0.624534
112,0.608590,0.538221
774,0.598944,1.040725
991,0.594380,1.538447
685,0.626703,1.204677
55,0.493488,0.449351
887,0.546540,1.223484
352,0.648638,1.722693
400,0.512733,1.257374
454,0.524914,0.910639
225,0.612632,1.810111
732,0.496369,0.928203
240,0.578272,1.760441
530,0.475122,0.413080
844,0.536380,0.788245
579,0.617425,1.132325
630,0.571897,0.574083
945,0.550123,0.934838
30,0.608922,0.728901
728,0.578047,1.412638
152,0.528790,1.552991
554,0.580718,0.606938
873,0.545586,1.508077
288,0.513699,0.762438
429,0.618477,2.298231
654,0.532588,1.008496
894,0.539276,0.627385
148,0.506658,0.107603
325,0.564270,1.418497
893,0.657547,1.353900
452,0.497430,0.439917
731,0.562598,1.779486
949,0.500635,0.490434
125,0.640833,0.884107
21,0.564943,0.981627
777,0.611775,0.904339
567,0.496651,0.352867
284,0.602508,0.723603
575,0.591188,1.263418
422,0.567654,1.053770
820,0.560125,0.622673
683,0.553694,1.296221
84,0.583850,1.120882
427,0.636189,0.963365
968,0.620299,1.063999
793,0.732961,1.983470
150,0.645535,1.788721
522,0.630934,1.906226
819,0.573790,1.209997
12,0.610537,2.061351
111,0.585673,0.593315
180,0.696369,1.388778
465,0.608601,0.515404
327,0.604427,1.299017
6,0.638005,1.516044
697,0.515710,0.717333
9,0.548707,0.934300
415,0.510928,0.874596
751,0.526455,1.902711
277,0.589239,1.320263
635,0.600378,1.404162
370,0.558263,0.658999
478,0.578649,2.279062
219,0.624774,1.516698
252,0.491980,1.179452
815,0.553377,0.788170
17,0.569806,0.756633
789,0.587298,1.143287
839,0.534136,0.673865
497,0.564810,1.591369
716,0.671661,1.739310
605,0.510325,0.255581
645,0.572047,0.444094
433,0.546422,0.576961
725,0.487455,1.200141
724,0.562726,0.709015
56,0.549299,1.877960
192,0.630311,0.762090
368,0.641639,0.614718
546,0.635753,0.844303
474,0.614733,1.533479
744,0.577140,1.046389
680,0.544285,0.943388
854,0.578214,0.854315
713,0.669577,1.527136
484,0.757461,2.460483
175,0.629213,0.669360
380,0.549805,0.792378
256,0.556728,1.628894
47,0.622090,1.418719
168,0.566821,0.709137
239,0.509483,1.675008
33,0.577422,1.317283
471,0.569545,1.718214
701,0.484410,0.901122
692,0.708683,1.196446
977,0.549513,0.712026
294,0.674970,1.510397
776,0.580168,0.709684
183,0.663595,2.188374
136,0.611133,2.079686
604,0.745003,2.814886
272,0.545552,1.145678
337,0.621936,0.844217
385,0.569668,1.611787
863,0.529886,1.192081
51,0.686622,2.536628
172,0.580304,1.189842
354,0.565286,1.145840
116,0.559411,1.179370
659,0.702359,2.331200
778,0.625596,1.343439
981,0.520965,0.780092
871,0.561428,1.309065
657,0.561688,0.848523
826,0.496346,0.417654
492,0.495476,1.579006
717,0.527886,0.974881
292,0.583530,1.544990
817,0.485956,0.472060
483,0.623593,1.661033
798,0.527094,0.684761
42,0.534459,0.547743
93,0.725823,1.387870
942,0.609223,0.604140
872,0.544966,0.780789
923,0.543401,1.525799
326,0.557677,0.638260
508,0.602005,1.346822
163,0.525748,1.152282
595,0.483066,0.601940
534,0.669485,2.348706
105,0.624458,2.556124
113,0.516516,0.827687
460,0.569001,1.114994
189,0.535523,0.470522
582,0.581992,2.496186
665,0.496488,0.567853
903,0.607660,1.279127
278,0.688135,1.872473
673,0.550666,0.941012
357,0.767905,2.327803
958,0.476404,0.306275
430,0.715756,1.549134
391,0.493421,1.589381
695,0.588598,1.609504
687,0.532277,1.410132
287,0.593566,1.385209
608,0.681389,0.777103
456,0.558601,1.410775
700,0.514044,0.982199
259,0.592132,1.802922
31,0.592269,1.530149
358,0.585106,0.997308
907,0.534936,0.762369
162,0.600731,1.099090
37,0.606696,1.989436
92,0.534715,0.477006
548,0.709950,1.976519
668,0.658362,0.979607
464,0.612840,0.988190
455,0.601399,1.256810
540,0.489280,0.530642
196,0.571360,1.062418
375,0.538808,0.206348
852,0.684147,0.739266
686,0.659653,1.538628
906,0.662513,1.049685
592,0.566960,1.516236
190,0.550297,0.826688
553,0.655994,0.923472
601,0.518104,0.872967
364,0.666633,2.483105
995,0.596970,0.964720
286,0.634048,0.665735
121,0.498747,1.074894
753,0.594705,1.421214
155,0.562759,0.885715
280,0.506328,1.241687
758,0.632575,0.897870
60,0.630645,1.273609
780,0.652410,3.014912
254,0.579144,1.183461
48,0.562920,1.864914
480,0.565526,1.498139
77,0.598829,0.791912
504,0.523057,1.663961
324,0.566291,0.567981
231,0.641519,2.313610
397,0.598139,0.863494
570,0.661694,2.192948
99,0.603210,0.774081
788,0.608186,3.362766
878,0.678280,1.728760
879,0.573622,1.163172
527,0.575664,1.460787
512,0.620055,1.374548
179,0.652794,1.561828
939,0.557460,0.776955
262,0.548424,0.698083
468,0.569881,0.917638
664,0.568784,1.996854
311,0.683114,1.568655
234,0.614152,1.076042
165,0.606414,1.474409
651,0.574110,1.026312
350,0.604460,2.496816
309,0.664472,1.185081
463,0.583958,1.073363
723,0.549370,2.002408
898,0.640032,2.137288
153,0.576103,0.892972
149,0.550722,1.271975
39,0.501488,0.222750
88,0.629889,1.279241
228,0.672790,1.698929
581,0.531992,0.792226
699,0.642057,1.761820
201,0.684992,2.335576
3,0.631140,1.065351
402,0.655862,2.058155
526,0.578448,1.454445
242,0.623401,1.271435
223,0.631019,1.651374
67,0.613220,0.758328
408,0.809352,1.574597
876,0.555879,1.405201
796,0.609619,2.167610
740,0.552347,1.363141
897,0.596800,1.609097
656,0.552533,1.106033
599,0.509263,1.738405
377,0.521853,0.637531
752,0.701509,1.499645
181,0.689838,2.659356
36,0.589059,0.543753
979,0.522498,0.857746
987,0.627598,0.857562
58,0.681167,0.816159
458,0.708695,1.518648
957,0.541181,1.303970
689,0.571814,1.495074
835,0.731618,2.458494
193,0.606803,1.672292
248,0.654524,0.934438
650,0.550773,1.343000
314,0.676279,2.094250
838,0.484303,1.525286
804,0.567507,1.631733
549,0.557486,0.440538
520,0.586584,1.404041
919,0.646078,2.102900
771,0.605112,0.402041
329,0.518791,2.197680
623,0.649688,1.125453
383,0.649594,1.338859
437,0.527932,0.130868
742,0.538245,0.269903
26,0.609483,1.308389
144,0.659095,1.742757
674,0.575503,1.937266
541,0.517358,0.939316
339,0.575539,1.181349
449,0.545628,1.162446
792,0.605764,0.687194
783,0.691415,3.119225
76,0.656726,1.065285
8,0.616665,2.054827
371,0.634477,2.468548
805,0.570122,0.561501
978,0.701595,4.183775
766,0.557875,1.272218
739,0.613070,1.350738
859,0.627695,0.745453
444,0.603462,1.801951
208,0.607022,1.142193
502,0.496637,0.191540
224,0.635975,0.655116
877,0.529532,0.690556
671,0.787103,1.247578
107,0.744146,2.207263
306,0.528472,0.361825
496,0.568701,1.078594
578,0.669417,3.571470
712,0.641594,1.190772
281,0.499137,1.100035
533,0.558866,0.468646
457,0.720854,1.658275
861,0.636975,2.545600
679,0.604704,0.906680
7,0.531142,0.744468
647,0.641247,1.329238
120,0.539602,1.786185
948,0.623017,1.594708
762,0.590317,0.856183
550,0.616001,1.591074
627,0.675758,1.280870
643,0.610185,1.593921
784,0.588787,0.205252
860,0.604716,0.426864
996,0.615076,1.268988
169,0.600741,0.783970
426,0.650664,1.283673
128,0.710402,1.936640
566,0.630153,2.215581
392,0.622683,1.539789
361,0.721663,3.035083
186,0.546530,0.787809
880,0.683923,0.922848
892,0.584690,0.809371
328,0.665262,1.131926
954,0.726321,0.884121
616,0.659975,1.900718
96,0.621811,1.060904
551,0.704502,1.726892
108,0.558869,1.424837
131,0.666979,2.418382
420,0.542576,1.569602
158,0.765399,2.786333
167,0.612247,1.575826
332,0.663475,1.297060
302,0.564020,0.503553
648,0.622380,1.592958
691,0.601824,1.056565
890,0.552435,1.052205
565,0.486463,0.525511
633,0.684475,1.235503
467,0.639781,1.369398
434,0.571020,0.447759
917,0.517732,0.514844
75,0.582084,0.694045
362,0.726733,1.805915
482,0.586826,0.819944
992,0.530021,1.030803
517,0.590430,1.738883
137,0.681992,2.479630
858,0.555977,0.610390
475,0.538213,0.540732
750,0.656877,0.937567
636,0.589357,1.285648
688,0.641012,1.321843
32,0.562460,0.815880
448,0.551971,1.239580
676,0.676289,1.083099
757,0.630909,0.722755
418,0.522250,0.516803
134,0.630281,0.921624
628,0.729458,1.829827
177,0.612133,0.790940
971,0.600048,1.385199
818,0.638047,0.429112
373,0.569863,0.610122
577,0.608370,2.215542
46,0.643852,0.868724
493,0.587038,1.546962
336,0.604761,1.214121
603,0.600396,1.124483
191,0.630386,1.275269
874,0.712983,1.729675
20,0.540879,1.481015
404,0.679407,1.728471
64,0.642595,0.930895
70,0.556649,1.151382
407,0.568331,1.120502
409,0.729219,2.141850
736,0.648014,2.011080
374,0.623565,0.798565
516,0.577441,0.552887
641,0.579477,0.464397
727,0.746794,1.153257
171,0.557540,0.701220
273,0.534265,0.684044
398,0.554763,0.668930
114,0.626630,1.707157
808,0.661914,0.888369
559,0.721905,1.610699
722,0.659976,1.596659
389,0.639824,1.414439
89,0.580005,0.415991
529,0.585156,0.875584
562,0.626453,0.676968
543,0.643883,0.788615
767,0.629878,1.641653
675,0.674370,0.679908
928,0.635664,0.512710
764,0.590735,1.099454
499,0.633967,1.021831
514,0.592571,0.933140
916,0.669702,1.579181
308,0.648787,1.366978
347,0.747976,1.551548
510,0.622107,0.909985
198,0.620030,2.359091
833,0.657595,1.877933
372,0.648255,0.777530
773,0.588634,1.295253
159,0.644730,0.872652
745,0.748735,3.028675
495,0.691705,1.836000
518,0.592124,2.101964
217,0.618158,0.795846
719,0.729104,1.300948
206,0.713058,0.927820
238,0.737926,1.480775
341,0.573498,1.298354
227,0.676694,0.889903
843,0.713165,1.259439
40,0.660403,1.600307
135,0.592067,2.037236
824,0.651370,2.069217
509,0.696600,1.681734
765,0.667733,1.162617
953,0.627776,1.780659
711,0.646498,0.954228
229,0.673483,1.625515
19,0.571747,0.525206
909,0.537330,0.986436
138,0.707506,0.747728
451,0.626096,0.478663
424,0.601743,0.982182
441,0.653372,0.772866
571,0.666174,1.091551
933,0.694532,2.745360
312,0.593879,0.917885
419,0.632714,0.595958
558,0.812113,2.178966
914,0.654276,0.831463
505,0.705989,2.204914
331,0.628413,0.829387
103,0.637374,0.459866
822,0.600147,0.719632
73,0.687895,1.744527
557,0.700981,2.092263
24,0.665236,0.661036
49,0.621501,1.930309
816,0.652465,1.106836
476,0.778631,0.977460
182,0.639543,1.712466
875,0.627805,0.821547
236,0.599937,2.308695
459,0.638926,1.717502
932,0.628018,0.462640
638,0.654509,0.881345
501,0.684914,0.801020
609,0.708110,1.553343
943,0.564753,1.728297
823,0.632232,0.502668
956,0.655345,0.689237
450,0.633636,1.612629
631,0.632258,2.639446
787,0.649269,1.281396
975,0.686835,2.104278
698,0.662209,0.890883
632,0.620939,1.195515
360,0.609877,0.447257
634,0.736432,1.737897
494,0.808505,1.098895
955,0.670528,0.823610
275,0.745226,0.461963
Average Cost: 9.730000
Accuracy: 96.900000
Accuracy 0: 100.000000
Cost 0: 6.000000
Accuracy 1: 100.000000
Cost 1: 6.000000
Accuracy 2: 100.000000
Cost 2: 6.000000
Accuracy 3: 100.000000
Cost 3: 6.000000
Accuracy 4: 100.000000
Cost 4: 6.000000
Accuracy 5: 100.000000
Cost 5: 6.000000
Accuracy 6: 100.000000
Cost 6: 6.000000
Accuracy 7: 100.000000
Cost 7: 6.000000
Accuracy 8: 100.000000
Cost 8: 6.000000
Accuracy 9: 100.000000
Cost 9: 6.000000
