Number of Worker Pools: 1
Number of Workers in Pool 1: 1000
Original mean,standardDev for Pool 1: 4.000000,0.300000
Number of Workers in Pool 2: 1000
Original mean,standardDev for Pool 2: 3.500000,0.200000
Number of Problems: 1000
ProblemNo,Answer,TrueAnswer,Cost,Difficulty,TrueDifficulty
0,0,0,9.000000,0.500000,0.500000
1,1,1,14.000000,0.900000,0.500000
2,1,1,6.000000,0.300000,0.500000
3,1,1,9.000000,0.500000,0.500000
4,0,0,7.000000,0.600000,0.500000
5,0,1,15.000000,1.000000,0.500000
6,1,1,8.000000,0.700000,0.500000
7,0,0,5.000000,0.000000,0.500000
8,0,0,5.000000,0.000000,0.500000
9,0,0,11.000000,0.900000,0.500000
10,1,1,6.000000,0.300000,0.500000
11,1,1,5.000000,0.000000,0.500000
12,1,1,11.000000,0.900000,0.500000
13,0,0,6.000000,0.300000,0.500000
14,1,1,9.000000,0.800000,0.500000
15,1,1,6.000000,0.300000,0.500000
16,0,0,5.000000,0.000000,0.500000
17,1,1,14.000000,0.900000,0.500000
18,0,0,15.000000,1.000000,0.500000
19,1,1,5.000000,0.000000,0.500000
20,0,0,5.000000,0.000000,0.500000
21,0,0,6.000000,0.300000,0.500000
22,1,1,6.000000,0.300000,0.500000
23,0,0,5.000000,0.000000,0.500000
24,0,0,5.000000,0.000000,0.500000
25,0,0,6.000000,0.300000,0.500000
26,0,0,6.000000,0.300000,0.500000
27,1,1,6.000000,0.300000,0.500000
28,1,1,7.000000,0.600000,0.500000
29,0,0,13.000000,0.800000,0.500000
30,1,0,7.000000,0.600000,0.500000
31,1,1,6.000000,0.300000,0.500000
32,1,1,7.000000,0.600000,0.500000
33,1,1,13.000000,0.900000,0.500000
34,1,1,8.000000,0.700000,0.500000
35,1,1,6.000000,0.300000,0.500000
36,0,0,7.000000,0.600000,0.500000
37,1,1,6.000000,0.300000,0.500000
38,0,0,5.000000,0.000000,0.500000
39,1,1,6.000000,0.300000,0.500000
40,1,1,6.000000,0.300000,0.500000
41,1,1,13.000000,0.900000,0.500000
42,0,0,6.000000,0.300000,0.500000
43,0,0,6.000000,0.300000,0.500000
44,1,0,8.000000,0.700000,0.500000
45,1,1,11.000000,0.900000,0.500000
46,0,0,7.000000,0.600000,0.500000
47,1,1,7.000000,0.600000,0.500000
48,1,1,7.000000,0.600000,0.500000
49,1,1,5.000000,0.000000,0.500000
50,0,0,8.000000,0.700000,0.500000
51,0,0,9.000000,0.800000,0.500000
52,1,1,6.000000,0.300000,0.500000
53,0,0,10.000000,0.800000,0.500000
54,1,1,7.000000,0.600000,0.500000
55,0,0,6.000000,0.300000,0.500000
56,0,0,6.000000,0.300000,0.500000
57,1,1,6.000000,0.300000,0.500000
58,1,1,6.000000,0.300000,0.500000
59,0,0,9.000000,0.700000,0.500000
60,1,1,7.000000,0.600000,0.500000
61,1,1,5.000000,0.000000,0.500000
62,0,0,5.000000,0.000000,0.500000
63,1,0,8.000000,0.700000,0.500000
64,1,1,9.000000,0.800000,0.500000
65,1,0,19.000000,1.000000,0.500000
66,0,0,14.000000,0.900000,0.500000
67,0,0,7.000000,0.600000,0.500000
68,0,0,5.000000,0.000000,0.500000
69,0,0,7.000000,0.600000,0.500000
70,1,1,6.000000,0.300000,0.500000
71,0,0,6.000000,0.300000,0.500000
72,1,1,5.000000,0.000000,0.500000
73,0,0,9.000000,0.500000,0.500000
74,0,0,5.000000,0.000000,0.500000
75,1,1,6.000000,0.300000,0.500000
76,0,0,11.000000,0.700000,0.500000
77,0,0,11.000000,0.700000,0.500000
78,1,1,6.000000,0.300000,0.500000
79,1,1,5.000000,0.000000,0.500000
80,0,0,12.000000,0.900000,0.500000
81,1,1,6.000000,0.300000,0.500000
82,0,0,7.000000,0.600000,0.500000
83,1,1,7.000000,0.300000,0.500000
84,1,1,11.000000,0.700000,0.500000
85,0,0,7.000000,0.600000,0.500000
86,0,0,7.000000,0.600000,0.500000
87,1,1,7.000000,0.600000,0.500000
88,0,0,6.000000,0.300000,0.500000
89,0,0,6.000000,0.300000,0.500000
90,1,1,5.000000,0.000000,0.500000
91,0,0,7.000000,0.600000,0.500000
92,1,1,6.000000,0.300000,0.500000
93,1,1,5.000000,0.000000,0.500000
94,1,1,6.000000,0.300000,0.500000
95,0,0,10.000000,0.800000,0.500000
96,1,1,7.000000,0.600000,0.500000
97,1,0,7.000000,0.600000,0.500000
98,0,0,11.000000,0.700000,0.500000
99,1,1,7.000000,0.600000,0.500000
100,1,1,6.000000,0.300000,0.500000
101,1,1,13.000000,0.800000,0.500000
102,0,0,11.000000,0.900000,0.500000
103,1,1,7.000000,0.600000,0.500000
104,1,1,7.000000,0.600000,0.500000
105,1,1,5.000000,0.000000,0.500000
106,1,1,12.000000,0.900000,0.500000
107,0,0,16.000000,1.000000,0.500000
108,1,1,7.000000,0.600000,0.500000
109,0,0,11.000000,0.900000,0.500000
110,1,1,6.000000,0.300000,0.500000
111,1,1,6.000000,0.300000,0.500000
112,0,0,8.000000,0.700000,0.500000
113,1,1,10.000000,0.800000,0.500000
114,0,0,6.000000,0.300000,0.500000
115,1,1,6.000000,0.300000,0.500000
116,1,1,6.000000,0.300000,0.500000
117,0,0,8.000000,0.700000,0.500000
118,0,0,5.000000,0.000000,0.500000
119,0,0,5.000000,0.000000,0.500000
120,1,1,11.000000,0.800000,0.500000
121,1,1,9.000000,0.500000,0.500000
122,0,0,7.000000,0.600000,0.500000
123,0,0,5.000000,0.000000,0.500000
124,1,1,7.000000,0.600000,0.500000
125,0,0,5.000000,0.000000,0.500000
126,0,0,7.000000,0.600000,0.500000
127,0,0,7.000000,0.600000,0.500000
128,0,0,5.000000,0.000000,0.500000
129,1,1,6.000000,0.300000,0.500000
130,1,0,10.000000,0.800000,0.500000
131,0,0,6.000000,0.300000,0.500000
132,0,0,8.000000,0.600000,0.500000
133,1,1,11.000000,0.700000,0.500000
134,0,0,5.000000,0.000000,0.500000
135,0,0,7.000000,0.600000,0.500000
136,0,0,6.000000,0.300000,0.500000
137,1,1,6.000000,0.300000,0.500000
138,1,1,6.000000,0.300000,0.500000
139,1,1,5.000000,0.000000,0.500000
140,1,1,6.000000,0.300000,0.500000
141,1,1,8.000000,0.700000,0.500000
142,0,0,5.000000,0.000000,0.500000
143,1,1,11.000000,0.900000,0.500000
144,1,1,9.000000,0.800000,0.500000
145,0,0,5.000000,0.000000,0.500000
146,1,1,10.000000,0.800000,0.500000
147,0,0,9.000000,0.500000,0.500000
148,0,0,6.000000,0.300000,0.500000
149,0,0,7.000000,0.600000,0.500000
150,1,1,6.000000,0.300000,0.500000
151,1,1,7.000000,0.600000,0.500000
152,1,1,5.000000,0.000000,0.500000
153,0,0,8.000000,0.700000,0.500000
154,1,1,6.000000,0.300000,0.500000
155,0,0,5.000000,0.000000,0.500000
156,1,1,6.000000,0.300000,0.500000
157,1,1,5.000000,0.000000,0.500000
158,0,0,6.000000,0.300000,0.500000
159,0,0,12.000000,0.900000,0.500000
160,0,0,13.000000,0.900000,0.500000
161,1,1,5.000000,0.000000,0.500000
162,0,0,7.000000,0.600000,0.500000
163,1,1,7.000000,0.600000,0.500000
164,0,0,14.000000,0.900000,0.500000
165,0,0,11.000000,0.900000,0.500000
166,1,1,7.000000,0.600000,0.500000
167,1,1,6.000000,0.300000,0.500000
168,1,0,15.000000,0.900000,0.500000
169,0,0,5.000000,0.000000,0.500000
170,0,0,5.000000,0.000000,0.500000
171,0,0,5.000000,0.000000,0.500000
172,0,0,9.000000,0.800000,0.500000
173,1,1,7.000000,0.600000,0.500000
174,0,0,6.000000,0.300000,0.500000
175,1,1,6.000000,0.300000,0.500000
176,1,1,6.000000,0.300000,0.500000
177,0,0,13.000000,0.800000,0.500000
178,0,0,6.000000,0.300000,0.500000
179,1,1,6.000000,0.300000,0.500000
180,0,0,6.000000,0.300000,0.500000
181,0,0,12.000000,0.900000,0.500000
182,0,0,6.000000,0.300000,0.500000
183,1,1,13.000000,0.800000,0.500000
184,1,1,7.000000,0.600000,0.500000
185,0,0,6.000000,0.300000,0.500000
186,1,1,15.000000,1.000000,0.500000
187,1,1,6.000000,0.300000,0.500000
188,0,0,6.000000,0.300000,0.500000
189,1,1,6.000000,0.300000,0.500000
190,1,1,7.000000,0.600000,0.500000
191,0,0,5.000000,0.000000,0.500000
192,0,0,6.000000,0.300000,0.500000
193,0,0,6.000000,0.300000,0.500000
194,1,1,5.000000,0.000000,0.500000
195,0,0,6.000000,0.300000,0.500000
196,0,0,6.000000,0.300000,0.500000
197,1,1,11.000000,0.700000,0.500000
198,0,0,5.000000,0.000000,0.500000
199,1,1,5.000000,0.000000,0.500000
200,1,1,6.000000,0.300000,0.500000
201,0,0,7.000000,0.600000,0.500000
202,0,0,11.000000,0.800000,0.500000
203,0,0,6.000000,0.300000,0.500000
204,1,1,5.000000,0.000000,0.500000
205,1,1,8.000000,0.700000,0.500000
206,1,1,10.000000,0.800000,0.500000
207,1,1,6.000000,0.300000,0.500000
208,1,1,6.000000,0.300000,0.500000
209,0,0,6.000000,0.300000,0.500000
210,0,0,5.000000,0.000000,0.500000
211,1,1,11.000000,0.800000,0.500000
212,1,1,5.000000,0.000000,0.500000
213,1,1,6.000000,0.300000,0.500000
214,0,0,6.000000,0.300000,0.500000
215,0,0,5.000000,0.000000,0.500000
216,0,0,5.000000,0.000000,0.500000
217,1,1,6.000000,0.300000,0.500000
218,1,1,5.000000,0.000000,0.500000
219,0,0,6.000000,0.300000,0.500000
220,1,0,9.000000,0.800000,0.500000
221,1,1,7.000000,0.600000,0.500000
222,1,0,15.000000,0.900000,0.500000
223,0,0,7.000000,0.600000,0.500000
224,1,1,7.000000,0.600000,0.500000
225,1,1,5.000000,0.000000,0.500000
226,1,1,6.000000,0.300000,0.500000
227,0,0,7.000000,0.600000,0.500000
228,0,0,9.000000,0.800000,0.500000
229,1,1,6.000000,0.300000,0.500000
230,0,0,9.000000,0.800000,0.500000
231,1,1,6.000000,0.300000,0.500000
232,1,0,9.000000,0.800000,0.500000
233,0,0,12.000000,0.900000,0.500000
234,0,0,9.000000,0.500000,0.500000
235,0,0,6.000000,0.300000,0.500000
236,0,0,5.000000,0.000000,0.500000
237,1,1,16.000000,0.800000,0.500000
238,0,0,5.000000,0.000000,0.500000
239,0,0,7.000000,0.600000,0.500000
240,0,0,7.000000,0.600000,0.500000
241,1,1,5.000000,0.000000,0.500000
242,0,0,11.000000,0.900000,0.500000
243,1,1,5.000000,0.000000,0.500000
244,1,1,5.000000,0.000000,0.500000
245,0,0,6.000000,0.300000,0.500000
246,1,1,7.000000,0.600000,0.500000
247,0,0,9.000000,0.700000,0.500000
248,1,0,11.000000,0.900000,0.500000
249,0,0,9.000000,0.500000,0.500000
250,1,1,14.000000,0.900000,0.500000
251,1,1,9.000000,0.700000,0.500000
252,0,1,19.000000,1.000000,0.500000
253,1,1,6.000000,0.300000,0.500000
254,0,0,6.000000,0.300000,0.500000
255,1,1,6.000000,0.300000,0.500000
256,0,1,7.000000,0.600000,0.500000
257,1,0,8.000000,0.700000,0.500000
258,1,1,5.000000,0.000000,0.500000
259,0,0,7.000000,0.600000,0.500000
260,0,0,9.000000,0.500000,0.500000
261,0,0,5.000000,0.000000,0.500000
262,1,1,9.000000,0.800000,0.500000
263,0,0,7.000000,0.600000,0.500000
264,1,1,9.000000,0.500000,0.500000
265,1,1,6.000000,0.300000,0.500000
266,0,0,12.000000,0.900000,0.500000
267,0,1,8.000000,0.700000,0.500000
268,1,1,10.000000,0.800000,0.500000
269,0,0,6.000000,0.300000,0.500000
270,0,0,9.000000,0.800000,0.500000
271,1,1,5.000000,0.000000,0.500000
272,1,1,6.000000,0.300000,0.500000
273,1,1,5.000000,0.000000,0.500000
274,0,0,9.000000,0.500000,0.500000
275,0,0,9.000000,0.500000,0.500000
276,0,0,11.000000,0.900000,0.500000
277,1,1,9.000000,0.800000,0.500000
278,0,0,6.000000,0.300000,0.500000
279,0,0,7.000000,0.600000,0.500000
280,0,0,7.000000,0.600000,0.500000
281,0,0,11.000000,0.700000,0.500000
282,1,1,6.000000,0.300000,0.500000
283,0,0,6.000000,0.300000,0.500000
284,0,0,5.000000,0.000000,0.500000
285,1,1,12.000000,0.900000,0.500000
286,0,0,6.000000,0.300000,0.500000
287,0,0,7.000000,0.600000,0.500000
288,0,0,11.000000,0.900000,0.500000
289,0,0,6.000000,0.300000,0.500000
290,1,1,5.000000,0.000000,0.500000
291,0,0,5.000000,0.000000,0.500000
292,1,1,5.000000,0.000000,0.500000
293,1,1,6.000000,0.300000,0.500000
294,0,0,7.000000,0.600000,0.500000
295,1,1,5.000000,0.000000,0.500000
296,0,0,6.000000,0.300000,0.500000
297,1,1,5.000000,0.000000,0.500000
298,1,1,12.000000,0.900000,0.500000
299,1,1,5.000000,0.000000,0.500000
300,1,1,5.000000,0.000000,0.500000
301,1,1,6.000000,0.300000,0.500000
302,0,0,7.000000,0.600000,0.500000
303,0,0,5.000000,0.000000,0.500000
304,1,1,6.000000,0.300000,0.500000
305,1,1,11.000000,0.900000,0.500000
306,0,0,10.000000,0.800000,0.500000
307,1,1,7.000000,0.600000,0.500000
308,1,1,11.000000,0.700000,0.500000
309,0,0,5.000000,0.000000,0.500000
310,0,0,9.000000,0.500000,0.500000
311,1,1,10.000000,0.800000,0.500000
312,1,1,7.000000,0.600000,0.500000
313,0,0,19.000000,1.000000,0.500000
314,1,1,5.000000,0.000000,0.500000
315,0,0,9.000000,0.500000,0.500000
316,0,0,8.000000,0.700000,0.500000
317,1,1,7.000000,0.600000,0.500000
318,0,0,7.000000,0.600000,0.500000
319,1,1,10.000000,0.800000,0.500000
320,1,1,10.000000,0.800000,0.500000
321,0,0,7.000000,0.600000,0.500000
322,0,0,10.000000,0.800000,0.500000
323,0,1,9.000000,0.700000,0.500000
324,1,1,5.000000,0.000000,0.500000
325,1,1,12.000000,0.900000,0.500000
326,1,1,11.000000,0.700000,0.500000
327,1,1,10.000000,0.700000,0.500000
328,1,1,6.000000,0.300000,0.500000
329,0,0,9.000000,0.500000,0.500000
330,1,1,5.000000,0.000000,0.500000
331,0,0,5.000000,0.000000,0.500000
332,1,1,6.000000,0.300000,0.500000
333,1,1,5.000000,0.000000,0.500000
334,0,0,6.000000,0.300000,0.500000
335,1,1,6.000000,0.300000,0.500000
336,1,1,6.000000,0.300000,0.500000
337,0,1,6.000000,0.300000,0.500000
338,0,0,6.000000,0.300000,0.500000
339,0,0,8.000000,0.600000,0.500000
340,1,1,6.000000,0.300000,0.500000
341,0,0,6.000000,0.300000,0.500000
342,1,1,5.000000,0.000000,0.500000
343,1,1,13.000000,0.900000,0.500000
344,0,0,6.000000,0.300000,0.500000
345,0,0,5.000000,0.000000,0.500000
346,1,1,7.000000,0.600000,0.500000
347,0,0,6.000000,0.300000,0.500000
348,1,1,6.000000,0.300000,0.500000
349,0,0,6.000000,0.300000,0.500000
350,0,0,10.000000,0.800000,0.500000
351,0,0,6.000000,0.300000,0.500000
352,1,1,7.000000,0.600000,0.500000
353,0,0,9.000000,0.800000,0.500000
354,1,1,5.000000,0.000000,0.500000
355,1,1,6.000000,0.300000,0.500000
356,0,0,9.000000,0.800000,0.500000
357,1,1,11.000000,0.900000,0.500000
358,0,0,8.000000,0.700000,0.500000
359,1,1,9.000000,0.700000,0.500000
360,1,1,9.000000,0.500000,0.500000
361,1,1,5.000000,0.000000,0.500000
362,1,1,13.000000,0.900000,0.500000
363,0,1,17.000000,1.000000,0.500000
364,0,0,7.000000,0.600000,0.500000
365,1,1,5.000000,0.000000,0.500000
366,1,1,5.000000,0.000000,0.500000
367,0,0,10.000000,0.800000,0.500000
368,1,1,6.000000,0.300000,0.500000
369,0,0,6.000000,0.300000,0.500000
370,0,0,10.000000,0.800000,0.500000
371,1,1,11.000000,0.800000,0.500000
372,0,0,13.000000,0.900000,0.500000
373,1,1,6.000000,0.300000,0.500000
374,0,0,5.000000,0.000000,0.500000
375,0,0,5.000000,0.000000,0.500000
376,1,1,13.000000,0.900000,0.500000
377,1,1,6.000000,0.300000,0.500000
378,1,1,11.000000,0.800000,0.500000
379,0,1,8.000000,0.700000,0.500000
380,1,1,6.000000,0.300000,0.500000
381,0,0,6.000000,0.300000,0.500000
382,0,0,8.000000,0.700000,0.500000
383,0,0,7.000000,0.600000,0.500000
384,1,1,6.000000,0.300000,0.500000
385,1,1,7.000000,0.600000,0.500000
386,1,1,7.000000,0.600000,0.500000
387,1,1,9.000000,0.500000,0.500000
388,1,1,6.000000,0.300000,0.500000
389,1,1,7.000000,0.600000,0.500000
390,0,0,5.000000,0.000000,0.500000
391,0,0,5.000000,0.000000,0.500000
392,0,0,7.000000,0.600000,0.500000
393,0,0,5.000000,0.000000,0.500000
394,0,0,9.000000,0.500000,0.500000
395,0,0,10.000000,0.800000,0.500000
396,0,0,5.000000,0.000000,0.500000
397,0,0,7.000000,0.600000,0.500000
398,1,1,6.000000,0.300000,0.500000
399,0,0,5.000000,0.000000,0.500000
400,1,1,7.000000,0.600000,0.500000
401,1,1,20.000000,1.000000,0.500000
402,0,0,6.000000,0.300000,0.500000
403,1,1,10.000000,0.800000,0.500000
404,0,0,5.000000,0.000000,0.500000
405,0,0,6.000000,0.300000,0.500000
406,1,1,16.000000,0.900000,0.500000
407,1,1,6.000000,0.300000,0.500000
408,0,0,8.000000,0.700000,0.500000
409,0,0,10.000000,0.800000,0.500000
410,1,1,12.000000,0.900000,0.500000
411,0,0,5.000000,0.000000,0.500000
412,0,0,5.000000,0.000000,0.500000
413,1,1,7.000000,0.600000,0.500000
414,1,1,8.000000,0.700000,0.500000
415,1,1,6.000000,0.300000,0.500000
416,1,1,6.000000,0.300000,0.500000
417,0,0,7.000000,0.600000,0.500000
418,1,0,12.000000,0.900000,0.500000
419,1,1,5.000000,0.000000,0.500000
420,1,1,6.000000,0.300000,0.500000
421,1,1,7.000000,0.600000,0.500000
422,0,0,12.000000,0.900000,0.500000
423,1,1,15.000000,0.900000,0.500000
424,1,1,5.000000,0.000000,0.500000
425,1,1,14.000000,0.900000,0.500000
426,0,0,11.000000,0.900000,0.500000
427,0,0,7.000000,0.600000,0.500000
428,0,0,5.000000,0.000000,0.500000
429,1,1,5.000000,0.000000,0.500000
430,1,1,11.000000,0.700000,0.500000
431,0,0,6.000000,0.300000,0.500000
432,0,1,7.000000,0.600000,0.500000
433,1,1,5.000000,0.000000,0.500000
434,1,1,6.000000,0.300000,0.500000
435,0,0,6.000000,0.300000,0.500000
436,0,0,6.000000,0.300000,0.500000
437,0,0,12.000000,0.900000,0.500000
438,0,0,10.000000,0.700000,0.500000
439,1,1,6.000000,0.300000,0.500000
440,0,0,8.000000,0.700000,0.500000
441,1,1,7.000000,0.600000,0.500000
442,0,0,13.000000,0.800000,0.500000
443,1,1,5.000000,0.000000,0.500000
444,1,1,11.000000,0.900000,0.500000
445,1,1,11.000000,0.700000,0.500000
446,0,0,6.000000,0.300000,0.500000
447,1,1,6.000000,0.300000,0.500000
448,1,1,5.000000,0.000000,0.500000
449,1,1,6.000000,0.300000,0.500000
450,0,0,7.000000,0.600000,0.500000
451,0,0,14.000000,1.000000,0.500000
452,1,1,5.000000,0.000000,0.500000
453,0,0,6.000000,0.300000,0.500000
454,0,0,5.000000,0.000000,0.500000
455,0,0,6.000000,0.300000,0.500000
456,0,0,8.000000,0.700000,0.500000
457,1,1,5.000000,0.000000,0.500000
458,1,1,7.000000,0.600000,0.500000
459,0,0,8.000000,0.700000,0.500000
460,1,1,12.000000,0.900000,0.500000
461,0,0,8.000000,0.700000,0.500000
462,0,0,9.000000,0.800000,0.500000
463,1,1,6.000000,0.300000,0.500000
464,0,0,7.000000,0.600000,0.500000
465,1,1,5.000000,0.000000,0.500000
466,0,0,6.000000,0.300000,0.500000
467,0,0,5.000000,0.000000,0.500000
468,0,0,6.000000,0.300000,0.500000
469,1,1,12.000000,0.900000,0.500000
470,0,0,9.000000,0.500000,0.500000
471,1,1,5.000000,0.000000,0.500000
472,1,1,5.000000,0.000000,0.500000
473,1,1,9.000000,0.700000,0.500000
474,0,0,7.000000,0.600000,0.500000
475,0,0,7.000000,0.600000,0.500000
476,0,0,11.000000,0.900000,0.500000
477,0,0,5.000000,0.000000,0.500000
478,1,1,5.000000,0.000000,0.500000
479,1,1,5.000000,0.000000,0.500000
480,1,1,5.000000,0.000000,0.500000
481,1,1,6.000000,0.300000,0.500000
482,1,1,8.000000,0.700000,0.500000
483,0,0,6.000000,0.300000,0.500000
484,1,1,7.000000,0.600000,0.500000
485,0,0,6.000000,0.300000,0.500000
486,0,0,7.000000,0.600000,0.500000
487,0,0,5.000000,0.000000,0.500000
488,0,0,8.000000,0.700000,0.500000
489,1,1,6.000000,0.300000,0.500000
490,1,1,14.000000,0.900000,0.500000
491,1,1,9.000000,0.800000,0.500000
492,1,1,6.000000,0.300000,0.500000
493,0,0,5.000000,0.000000,0.500000
494,1,1,6.000000,0.300000,0.500000
495,1,1,9.000000,0.500000,0.500000
496,1,1,10.000000,0.700000,0.500000
497,0,1,7.000000,0.600000,0.500000
498,1,1,6.000000,0.300000,0.500000
499,0,0,6.000000,0.300000,0.500000
500,1,1,5.000000,0.000000,0.500000
501,0,0,6.000000,0.300000,0.500000
502,1,1,7.000000,0.600000,0.500000
503,0,0,12.000000,0.900000,0.500000
504,0,0,8.000000,0.600000,0.500000
505,1,1,5.000000,0.000000,0.500000
506,0,0,7.000000,0.600000,0.500000
507,1,1,6.000000,0.300000,0.500000
508,0,0,7.000000,0.600000,0.500000
509,0,0,5.000000,0.000000,0.500000
510,1,1,7.000000,0.600000,0.500000
511,0,0,7.000000,0.600000,0.500000
512,1,1,6.000000,0.300000,0.500000
513,0,0,7.000000,0.600000,0.500000
514,0,0,7.000000,0.600000,0.500000
515,1,1,6.000000,0.300000,0.500000
516,0,0,5.000000,0.000000,0.500000
517,0,0,9.000000,0.500000,0.500000
518,1,1,5.000000,0.000000,0.500000
519,0,0,6.000000,0.300000,0.500000
520,1,0,6.000000,0.300000,0.500000
521,0,0,7.000000,0.600000,0.500000
522,1,1,9.000000,0.500000,0.500000
523,0,0,5.000000,0.000000,0.500000
524,0,0,5.000000,0.000000,0.500000
525,0,0,5.000000,0.000000,0.500000
526,1,1,9.000000,0.800000,0.500000
527,1,1,7.000000,0.600000,0.500000
528,1,1,7.000000,0.600000,0.500000
529,0,0,6.000000,0.300000,0.500000
530,0,0,10.000000,0.700000,0.500000
531,1,1,9.000000,0.800000,0.500000
532,0,0,11.000000,0.900000,0.500000
533,0,0,7.000000,0.600000,0.500000
534,1,1,5.000000,0.000000,0.500000
535,0,0,6.000000,0.300000,0.500000
536,0,0,7.000000,0.600000,0.500000
537,0,1,6.000000,0.300000,0.500000
538,0,0,5.000000,0.000000,0.500000
539,1,1,6.000000,0.300000,0.500000
540,0,0,5.000000,0.000000,0.500000
541,1,1,6.000000,0.300000,0.500000
542,1,1,9.000000,0.700000,0.500000
543,1,1,6.000000,0.300000,0.500000
544,0,0,6.000000,0.300000,0.500000
545,0,0,6.000000,0.300000,0.500000
546,0,0,5.000000,0.000000,0.500000
547,1,1,21.000000,1.000000,0.500000
548,1,1,5.000000,0.000000,0.500000
549,0,0,9.000000,0.700000,0.500000
550,0,0,6.000000,0.300000,0.500000
551,0,0,7.000000,0.600000,0.500000
552,0,0,6.000000,0.300000,0.500000
553,1,1,7.000000,0.600000,0.500000
554,1,1,11.000000,0.900000,0.500000
555,1,1,8.000000,0.700000,0.500000
556,0,0,7.000000,0.600000,0.500000
557,0,0,6.000000,0.300000,0.500000
558,1,0,12.000000,0.900000,0.500000
559,0,0,7.000000,0.600000,0.500000
560,0,0,6.000000,0.300000,0.500000
561,1,1,7.000000,0.600000,0.500000
562,0,0,5.000000,0.000000,0.500000
563,1,1,5.000000,0.000000,0.500000
564,1,1,9.000000,0.800000,0.500000
565,0,0,15.000000,0.900000,0.500000
566,0,0,10.000000,0.800000,0.500000
567,0,0,5.000000,0.000000,0.500000
568,1,1,6.000000,0.300000,0.500000
569,1,1,6.000000,0.300000,0.500000
570,0,0,5.000000,0.000000,0.500000
571,1,1,6.000000,0.300000,0.500000
572,0,0,5.000000,0.000000,0.500000
573,1,1,7.000000,0.600000,0.500000
574,1,1,6.000000,0.300000,0.500000
575,1,1,6.000000,0.300000,0.500000
576,0,0,8.000000,0.700000,0.500000
577,0,0,6.000000,0.300000,0.500000
578,1,1,5.000000,0.000000,0.500000
579,0,0,7.000000,0.600000,0.500000
580,0,0,5.000000,0.000000,0.500000
581,1,1,9.000000,0.500000,0.500000
582,1,1,9.000000,0.800000,0.500000
583,1,1,6.000000,0.300000,0.500000
584,0,0,6.000000,0.300000,0.500000
585,1,1,13.000000,0.800000,0.500000
586,1,1,8.000000,0.700000,0.500000
587,0,0,6.000000,0.300000,0.500000
588,1,1,5.000000,0.000000,0.500000
589,1,1,7.000000,0.600000,0.500000
590,1,1,9.000000,0.500000,0.500000
591,0,0,6.000000,0.300000,0.500000
592,0,0,6.000000,0.300000,0.500000
593,1,1,8.000000,0.700000,0.500000
594,0,0,10.000000,0.800000,0.500000
595,1,1,6.000000,0.300000,0.500000
596,1,1,6.000000,0.300000,0.500000
597,0,0,7.000000,0.600000,0.500000
598,0,0,12.000000,0.900000,0.500000
599,0,0,10.000000,0.800000,0.500000
600,1,1,7.000000,0.600000,0.500000
601,0,0,6.000000,0.300000,0.500000
602,0,0,6.000000,0.300000,0.500000
603,0,0,5.000000,0.000000,0.500000
604,0,0,6.000000,0.300000,0.500000
605,0,0,7.000000,0.600000,0.500000
606,0,0,9.000000,0.500000,0.500000
607,1,1,9.000000,0.700000,0.500000
608,1,1,5.000000,0.000000,0.500000
609,0,0,13.000000,0.900000,0.500000
610,0,0,6.000000,0.300000,0.500000
611,1,1,11.000000,0.700000,0.500000
612,1,1,9.000000,0.700000,0.500000
613,1,1,6.000000,0.300000,0.500000
614,1,1,7.000000,0.600000,0.500000
615,1,1,11.000000,0.800000,0.500000
616,0,1,7.000000,0.600000,0.500000
617,1,1,8.000000,0.700000,0.500000
618,1,1,9.000000,0.800000,0.500000
619,1,1,5.000000,0.000000,0.500000
620,1,1,6.000000,0.300000,0.500000
621,0,0,16.000000,0.900000,0.500000
622,0,0,8.000000,0.700000,0.500000
623,1,1,9.000000,0.500000,0.500000
624,0,0,9.000000,0.500000,0.500000
625,0,0,5.000000,0.000000,0.500000
626,0,0,5.000000,0.000000,0.500000
627,1,1,6.000000,0.300000,0.500000
628,0,0,12.000000,0.900000,0.500000
629,0,1,12.000000,0.900000,0.500000
630,1,1,6.000000,0.300000,0.500000
631,1,1,5.000000,0.000000,0.500000
632,1,1,5.000000,0.000000,0.500000
633,0,0,9.000000,0.800000,0.500000
634,0,0,5.000000,0.000000,0.500000
635,1,1,6.000000,0.300000,0.500000
636,0,0,12.000000,0.900000,0.500000
637,0,0,6.000000,0.300000,0.500000
638,0,0,7.000000,0.600000,0.500000
639,1,1,5.000000,0.000000,0.500000
640,0,0,6.000000,0.300000,0.500000
641,1,1,6.000000,0.300000,0.500000
642,1,1,5.000000,0.000000,0.500000
643,0,0,5.000000,0.000000,0.500000
644,1,1,5.000000,0.000000,0.500000
645,0,1,8.000000,0.700000,0.500000
646,0,0,7.000000,0.600000,0.500000
647,1,1,11.000000,0.700000,0.500000
648,1,1,13.000000,0.900000,0.500000
649,0,0,9.000000,0.800000,0.500000
650,0,0,9.000000,0.800000,0.500000
651,1,1,8.000000,0.700000,0.500000
652,0,0,7.000000,0.600000,0.500000
653,1,1,6.000000,0.300000,0.500000
654,0,0,6.000000,0.300000,0.500000
655,0,0,6.000000,0.300000,0.500000
656,1,1,8.000000,0.700000,0.500000
657,0,0,9.000000,0.800000,0.500000
658,0,0,7.000000,0.600000,0.500000
659,1,1,7.000000,0.600000,0.500000
660,0,0,12.000000,0.900000,0.500000
661,1,1,8.000000,0.700000,0.500000
662,0,0,9.000000,0.700000,0.500000
663,0,0,11.000000,0.700000,0.500000
664,1,1,17.000000,0.900000,0.500000
665,1,1,6.000000,0.300000,0.500000
666,0,0,5.000000,0.000000,0.500000
667,0,0,11.000000,0.700000,0.500000
668,0,0,5.000000,0.000000,0.500000
669,1,1,13.000000,0.800000,0.500000
670,1,1,6.000000,0.300000,0.500000
671,1,1,13.000000,0.900000,0.500000
672,1,1,6.000000,0.300000,0.500000
673,1,1,5.000000,0.000000,0.500000
674,0,0,12.000000,0.900000,0.500000
675,1,1,11.000000,0.800000,0.500000
676,0,1,12.000000,0.900000,0.500000
677,1,1,13.000000,0.900000,0.500000
678,0,0,6.000000,0.300000,0.500000
679,0,0,5.000000,0.000000,0.500000
680,0,0,6.000000,0.300000,0.500000
681,1,1,5.000000,0.000000,0.500000
682,0,0,5.000000,0.000000,0.500000
683,0,0,5.000000,0.000000,0.500000
684,1,1,6.000000,0.300000,0.500000
685,0,0,6.000000,0.300000,0.500000
686,1,1,7.000000,0.600000,0.500000
687,1,0,7.000000,0.600000,0.500000
688,1,1,6.000000,0.300000,0.500000
689,1,1,5.000000,0.000000,0.500000
690,0,0,9.000000,0.700000,0.500000
691,1,1,6.000000,0.300000,0.500000
692,1,1,8.000000,0.700000,0.500000
693,1,1,7.000000,0.600000,0.500000
694,1,1,5.000000,0.000000,0.500000
695,1,1,6.000000,0.300000,0.500000
696,1,1,5.000000,0.000000,0.500000
697,1,1,6.000000,0.300000,0.500000
698,1,1,7.000000,0.600000,0.500000
699,1,1,7.000000,0.600000,0.500000
700,0,0,12.000000,0.900000,0.500000
701,0,0,12.000000,0.900000,0.500000
702,0,0,7.000000,0.600000,0.500000
703,0,0,6.000000,0.300000,0.500000
704,0,0,10.000000,0.800000,0.500000
705,0,0,6.000000,0.300000,0.500000
706,1,1,7.000000,0.600000,0.500000
707,0,0,10.000000,0.800000,0.500000
708,0,0,5.000000,0.000000,0.500000
709,1,1,7.000000,0.600000,0.500000
710,1,1,5.000000,0.000000,0.500000
711,1,1,5.000000,0.000000,0.500000
712,1,1,6.000000,0.300000,0.500000
713,1,1,19.000000,1.000000,0.500000
714,0,0,5.000000,0.000000,0.500000
715,1,1,5.000000,0.000000,0.500000
716,1,1,6.000000,0.300000,0.500000
717,0,0,13.000000,0.900000,0.500000
718,0,0,6.000000,0.300000,0.500000
719,1,1,19.000000,1.000000,0.500000
720,0,0,7.000000,0.600000,0.500000
721,0,0,5.000000,0.000000,0.500000
722,0,0,6.000000,0.300000,0.500000
723,1,1,8.000000,0.700000,0.500000
724,1,1,11.000000,0.900000,0.500000
725,0,0,5.000000,0.000000,0.500000
726,1,1,6.000000,0.300000,0.500000
727,1,1,6.000000,0.300000,0.500000
728,0,1,15.000000,0.900000,0.500000
729,0,0,5.000000,0.000000,0.500000
730,1,1,5.000000,0.000000,0.500000
731,0,0,10.000000,0.800000,0.500000
732,0,0,9.000000,0.800000,0.500000
733,1,1,9.000000,0.900000,0.500000
734,1,1,9.000000,0.500000,0.500000
735,0,0,7.000000,0.600000,0.500000
736,0,0,7.000000,0.600000,0.500000
737,0,0,5.000000,0.000000,0.500000
738,1,1,5.000000,0.000000,0.500000
739,1,1,6.000000,0.300000,0.500000
740,1,1,6.000000,0.300000,0.500000
741,1,0,8.000000,0.700000,0.500000
742,1,1,12.000000,0.900000,0.500000
743,1,0,12.000000,0.900000,0.500000
744,1,1,5.000000,0.000000,0.500000
745,0,0,6.000000,0.300000,0.500000
746,1,1,10.000000,0.800000,0.500000
747,0,0,7.000000,0.600000,0.500000
748,0,0,6.000000,0.300000,0.500000
749,1,1,11.000000,0.900000,0.500000
750,1,1,7.000000,0.600000,0.500000
751,1,1,5.000000,0.000000,0.500000
752,0,0,6.000000,0.300000,0.500000
753,0,0,9.000000,0.500000,0.500000
754,0,0,8.000000,0.700000,0.500000
755,1,1,5.000000,0.000000,0.500000
756,0,0,6.000000,0.300000,0.500000
757,1,1,6.000000,0.300000,0.500000
758,1,1,9.000000,0.700000,0.500000
759,0,0,7.000000,0.600000,0.500000
760,1,1,6.000000,0.300000,0.500000
761,0,0,5.000000,0.000000,0.500000
762,1,1,7.000000,0.600000,0.500000
763,1,1,14.000000,0.900000,0.500000
764,1,1,14.000000,0.900000,0.500000
765,0,0,14.000000,0.900000,0.500000
766,1,1,6.000000,0.300000,0.500000
767,0,0,6.000000,0.300000,0.500000
768,0,1,8.000000,0.700000,0.500000
769,0,0,14.000000,1.000000,0.500000
770,0,0,6.000000,0.300000,0.500000
771,1,1,5.000000,0.000000,0.500000
772,1,1,13.000000,0.900000,0.500000
773,1,1,5.000000,0.000000,0.500000
774,1,1,5.000000,0.000000,0.500000
775,1,0,9.000000,0.700000,0.500000
776,1,1,5.000000,0.000000,0.500000
777,1,1,11.000000,0.700000,0.500000
778,0,1,7.000000,0.600000,0.500000
779,0,0,10.000000,0.800000,0.500000
780,0,0,6.000000,0.300000,0.500000
781,0,0,6.000000,0.300000,0.500000
782,0,0,7.000000,0.600000,0.500000
783,0,0,12.000000,0.900000,0.500000
784,1,1,7.000000,0.600000,0.500000
785,1,1,7.000000,0.600000,0.500000
786,1,1,10.000000,0.800000,0.500000
787,0,0,7.000000,0.600000,0.500000
788,0,0,5.000000,0.000000,0.500000
789,0,0,11.000000,0.900000,0.500000
790,0,0,7.000000,0.600000,0.500000
791,0,0,5.000000,0.000000,0.500000
792,0,0,5.000000,0.000000,0.500000
793,1,1,13.000000,0.800000,0.500000
794,0,0,6.000000,0.300000,0.500000
795,1,1,6.000000,0.300000,0.500000
796,1,1,7.000000,0.600000,0.500000
797,0,0,11.000000,0.900000,0.500000
798,1,1,7.000000,0.600000,0.500000
799,0,0,5.000000,0.000000,0.500000
800,1,1,9.000000,0.800000,0.500000
801,1,1,5.000000,0.000000,0.500000
802,0,0,6.000000,0.300000,0.500000
803,0,0,17.000000,0.900000,0.500000
804,0,0,12.000000,0.900000,0.500000
805,0,0,6.000000,0.300000,0.500000
806,1,0,8.000000,0.700000,0.500000
807,0,0,5.000000,0.000000,0.500000
808,1,1,11.000000,0.800000,0.500000
809,0,0,5.000000,0.000000,0.500000
810,1,1,7.000000,0.600000,0.500000
811,1,1,6.000000,0.300000,0.500000
812,0,0,6.000000,0.300000,0.500000
813,1,1,6.000000,0.300000,0.500000
814,1,1,5.000000,0.000000,0.500000
815,0,0,6.000000,0.300000,0.500000
816,1,1,10.000000,0.800000,0.500000
817,0,0,9.000000,0.500000,0.500000
818,1,1,9.000000,0.500000,0.500000
819,1,1,7.000000,0.600000,0.500000
820,1,1,5.000000,0.000000,0.500000
821,0,0,8.000000,0.700000,0.500000
822,1,1,6.000000,0.300000,0.500000
823,1,1,5.000000,0.000000,0.500000
824,0,0,6.000000,0.300000,0.500000
825,1,1,11.000000,0.700000,0.500000
826,0,0,5.000000,0.000000,0.500000
827,0,0,13.000000,0.800000,0.500000
828,1,1,6.000000,0.300000,0.500000
829,0,0,14.000000,1.000000,0.500000
830,1,1,15.000000,0.900000,0.500000
831,1,1,6.000000,0.300000,0.500000
832,0,1,12.000000,0.900000,0.500000
833,0,0,9.000000,0.500000,0.500000
834,1,1,6.000000,0.300000,0.500000
835,1,1,5.000000,0.000000,0.500000
836,0,0,7.000000,0.600000,0.500000
837,1,1,6.000000,0.300000,0.500000
838,1,1,6.000000,0.300000,0.500000
839,0,1,8.000000,0.700000,0.500000
840,0,0,17.000000,1.000000,0.500000
841,1,1,7.000000,0.600000,0.500000
842,1,1,5.000000,0.000000,0.500000
843,0,0,6.000000,0.300000,0.500000
844,1,0,12.000000,0.900000,0.500000
845,0,0,6.000000,0.300000,0.500000
846,0,0,9.000000,0.500000,0.500000
847,1,1,6.000000,0.300000,0.500000
848,1,1,5.000000,0.000000,0.500000
849,0,0,5.000000,0.000000,0.500000
850,0,0,5.000000,0.000000,0.500000
851,0,0,7.000000,0.600000,0.500000
852,0,0,5.000000,0.000000,0.500000
853,1,1,6.000000,0.300000,0.500000
854,0,0,7.000000,0.600000,0.500000
855,1,1,5.000000,0.000000,0.500000
856,1,1,11.000000,0.700000,0.500000
857,0,0,6.000000,0.300000,0.500000
858,0,0,12.000000,0.900000,0.500000
859,0,0,7.000000,0.600000,0.500000
860,0,0,5.000000,0.000000,0.500000
861,1,1,6.000000,0.300000,0.500000
862,0,0,6.000000,0.300000,0.500000
863,0,0,7.000000,0.600000,0.500000
864,0,0,11.000000,0.900000,0.500000
865,0,0,7.000000,0.600000,0.500000
866,1,1,6.000000,0.300000,0.500000
867,1,1,5.000000,0.000000,0.500000
868,1,1,9.000000,0.500000,0.500000
869,0,0,7.000000,0.600000,0.500000
870,0,0,7.000000,0.600000,0.500000
871,0,0,5.000000,0.000000,0.500000
872,1,1,5.000000,0.000000,0.500000
873,0,1,7.000000,0.600000,0.500000
874,0,0,6.000000,0.300000,0.500000
875,0,0,7.000000,0.600000,0.500000
876,1,1,6.000000,0.300000,0.500000
877,0,0,6.000000,0.300000,0.500000
878,0,0,12.000000,0.900000,0.500000
879,0,0,10.000000,0.800000,0.500000
880,0,1,7.000000,0.600000,0.500000
881,1,1,12.000000,0.900000,0.500000
882,1,1,7.000000,0.600000,0.500000
883,1,1,6.000000,0.300000,0.500000
884,0,0,5.000000,0.000000,0.500000
885,0,0,5.000000,0.000000,0.500000
886,0,0,5.000000,0.000000,0.500000
887,1,1,7.000000,0.600000,0.500000
888,0,0,5.000000,0.000000,0.500000
889,1,1,9.000000,0.700000,0.500000
890,1,1,6.000000,0.300000,0.500000
891,0,0,6.000000,0.300000,0.500000
892,1,1,6.000000,0.300000,0.500000
893,1,1,6.000000,0.300000,0.500000
894,0,0,6.000000,0.300000,0.500000
895,1,1,11.000000,0.700000,0.500000
896,0,0,5.000000,0.000000,0.500000
897,1,1,5.000000,0.000000,0.500000
898,1,1,6.000000,0.300000,0.500000
899,1,1,6.000000,0.300000,0.500000
900,1,1,9.000000,0.500000,0.500000
901,0,0,10.000000,0.800000,0.500000
902,1,1,5.000000,0.000000,0.500000
903,0,0,6.000000,0.300000,0.500000
904,1,1,12.000000,0.900000,0.500000
905,1,1,9.000000,0.500000,0.500000
906,0,0,15.000000,0.900000,0.500000
907,1,1,12.000000,0.900000,0.500000
908,1,1,7.000000,0.600000,0.500000
909,0,0,5.000000,0.000000,0.500000
910,0,0,6.000000,0.300000,0.500000
911,0,0,7.000000,0.600000,0.500000
912,1,1,11.000000,0.700000,0.500000
913,1,1,6.000000,0.300000,0.500000
914,1,1,6.000000,0.300000,0.500000
915,0,0,6.000000,0.300000,0.500000
916,0,0,6.000000,0.300000,0.500000
917,0,0,6.000000,0.300000,0.500000
918,0,0,5.000000,0.000000,0.500000
919,1,1,5.000000,0.000000,0.500000
920,0,0,5.000000,0.000000,0.500000
921,1,1,6.000000,0.300000,0.500000
922,0,0,5.000000,0.000000,0.500000
923,1,1,11.000000,0.900000,0.500000
924,0,1,10.000000,0.900000,0.500000
925,1,1,5.000000,0.000000,0.500000
926,1,1,7.000000,0.600000,0.500000
927,1,1,10.000000,0.800000,0.500000
928,0,0,10.000000,0.800000,0.500000
929,0,0,6.000000,0.300000,0.500000
930,0,0,13.000000,0.900000,0.500000
931,1,1,5.000000,0.000000,0.500000
932,0,0,7.000000,0.600000,0.500000
933,1,1,14.000000,0.900000,0.500000
934,1,1,12.000000,0.900000,0.500000
935,0,0,7.000000,0.600000,0.500000
936,1,0,8.000000,0.700000,0.500000
937,0,0,6.000000,0.300000,0.500000
938,0,0,6.000000,0.300000,0.500000
939,0,0,6.000000,0.300000,0.500000
940,0,0,5.000000,0.000000,0.500000
941,0,0,6.000000,0.300000,0.500000
942,1,1,10.000000,0.800000,0.500000
943,1,1,9.000000,0.800000,0.500000
944,1,1,7.000000,0.600000,0.500000
945,1,1,6.000000,0.300000,0.500000
946,0,0,5.000000,0.000000,0.500000
947,0,0,9.000000,0.800000,0.500000
948,1,1,10.000000,0.800000,0.500000
949,0,0,5.000000,0.000000,0.500000
950,0,0,6.000000,0.300000,0.500000
951,0,0,9.000000,0.800000,0.500000
952,1,1,7.000000,0.600000,0.500000
953,0,0,7.000000,0.600000,0.500000
954,0,0,6.000000,0.300000,0.500000
955,0,0,7.000000,0.600000,0.500000
956,0,0,11.000000,0.900000,0.500000
957,1,1,6.000000,0.300000,0.500000
958,0,0,13.000000,0.900000,0.500000
959,0,0,7.000000,0.600000,0.500000
960,0,0,6.000000,0.300000,0.500000
961,0,0,7.000000,0.600000,0.500000
962,1,1,5.000000,0.000000,0.500000
963,0,0,6.000000,0.300000,0.500000
964,0,0,6.000000,0.300000,0.500000
965,1,1,8.000000,0.700000,0.500000
966,1,1,6.000000,0.300000,0.500000
967,1,1,6.000000,0.300000,0.500000
968,1,1,13.000000,0.900000,0.500000
969,1,1,5.000000,0.000000,0.500000
970,1,1,7.000000,0.600000,0.500000
971,1,0,6.000000,0.300000,0.500000
972,0,0,5.000000,0.000000,0.500000
973,1,1,7.000000,0.600000,0.500000
974,1,1,5.000000,0.000000,0.500000
975,1,1,6.000000,0.300000,0.500000
976,1,1,7.000000,0.600000,0.500000
977,0,0,6.000000,0.300000,0.500000
978,1,1,6.000000,0.300000,0.500000
979,0,0,6.000000,0.300000,0.500000
980,0,0,5.000000,0.000000,0.500000
981,0,0,8.000000,0.700000,0.500000
982,1,1,9.000000,0.500000,0.500000
983,0,0,9.000000,0.800000,0.500000
984,0,0,8.000000,0.700000,0.500000
985,1,1,7.000000,0.600000,0.500000
986,1,1,10.000000,0.800000,0.500000
987,1,1,6.000000,0.300000,0.500000
988,0,0,7.000000,0.600000,0.500000
989,0,0,7.000000,0.600000,0.500000
990,1,0,9.000000,0.900000,0.500000
991,0,0,12.000000,0.900000,0.500000
992,1,1,5.000000,0.000000,0.500000
993,1,1,6.000000,0.300000,0.500000
994,0,0,11.000000,0.900000,0.500000
995,1,1,8.000000,0.700000,0.500000
996,0,0,6.000000,0.300000,0.500000
997,1,1,6.000000,0.300000,0.500000
998,0,0,12.000000,0.800000,0.500000
999,0,0,7.000000,0.600000,0.500000
WorkerID,Gamma,TrueGamma
845,0.524498,0.832896
120,0.519468,1.786185
947,0.500532,1.183071
810,0.499704,0.591920
346,0.499281,2.083072
130,0.516802,0.631307
334,0.507845,0.833838
174,0.490636,0.537266
14,0.497602,0.994950
296,0.512106,1.813865
825,0.528210,1.224283
53,0.497458,2.530244
535,0.488811,1.212892
870,0.509165,1.319344
781,0.519576,1.024629
820,0.499297,0.622673
910,0.501016,1.559642
585,0.485674,1.091215
8,0.519621,2.054827
4,0.488727,0.741513
116,0.500765,1.179370
555,0.492733,1.016496
21,0.480497,0.981627
701,0.508958,0.901122
86,0.490463,1.306024
370,0.493679,0.658999
441,0.488911,0.772866
772,0.497306,1.706348
58,0.501187,0.816159
28,0.490861,0.758501
210,0.503861,1.019823
257,0.515578,1.358978
47,0.526910,1.418719
813,0.519773,1.148168
880,0.509394,0.922848
808,0.516020,0.888369
716,0.520960,1.739310
747,0.497102,0.910426
255,0.521437,0.507494
862,0.512399,1.457901
451,0.483676,0.478663
395,0.488311,1.096840
517,0.549708,1.738883
354,0.518906,1.145840
418,0.519600,0.516803
980,0.511209,1.183794
215,0.520309,1.859944
154,0.514311,1.714007
396,0.529325,1.755566
735,0.483979,0.978727
29,0.509736,0.895381
248,0.507158,0.934438
104,0.488949,0.816387
645,0.500813,0.444094
542,0.513017,1.208282
134,0.507298,0.921624
861,0.508667,2.545600
743,0.480637,0.625584
658,0.497332,1.184139
503,0.487489,0.669026
756,0.506289,0.867422
554,0.481866,0.606938
720,0.502644,1.207746
189,0.507031,0.470522
170,0.497398,1.053042
868,0.503921,0.872317
530,0.492154,0.413080
118,0.498618,0.142442
483,0.505633,1.661033
895,0.508027,0.997037
108,0.526285,1.424837
726,0.500653,0.598589
427,0.513244,0.963365
224,0.479152,0.655116
277,0.506046,1.320263
500,0.519387,0.729316
934,0.493571,0.334376
852,0.502653,0.739266
200,0.504835,0.952434
865,0.502443,1.056134
544,0.517479,1.094485
891,0.503984,0.745832
653,0.512691,1.766869
330,0.478691,1.703951
123,0.487019,2.212395
319,0.492124,0.689563
433,0.508257,0.576961
682,0.490394,0.793187
403,0.495414,0.931885
912,0.487100,0.180486
64,0.511659,0.930895
697,0.480481,0.717333
987,0.508387,0.857562
34,0.521374,1.365397
79,0.505896,1.295200
646,0.529130,0.975502
907,0.501145,0.762369
288,0.498832,0.762438
19,0.486286,0.525206
171,0.483660,0.701220
206,0.511887,0.927820
562,0.483686,0.676968
894,0.514829,0.627385
607,0.528447,1.077472
782,0.499274,3.320639
763,0.485460,1.696181
141,0.506109,0.915466
817,0.504415,0.472060
209,0.527675,1.449152
263,0.517809,1.266980
834,0.509076,1.506021
885,0.485395,0.998352
119,0.495625,1.484476
956,0.476914,0.689237
279,0.563514,1.983348
644,0.490742,0.609486
630,0.493135,0.574083
519,0.477035,0.616349
160,0.497469,1.078552
850,0.502255,0.390144
52,0.537423,0.882941
889,0.526166,1.145840
473,0.519443,1.351332
975,0.502156,2.104278
30,0.477178,0.728901
628,0.524575,1.829827
706,0.500491,0.640648
159,0.514277,0.872652
521,0.481985,1.530329
51,0.506011,2.536628
67,0.502672,0.758328
420,0.517028,1.569602
429,0.512327,2.298231
282,0.497389,1.446291
193,0.488158,1.672292
125,0.502637,0.884107
843,0.502536,1.259439
454,0.532630,0.910639
212,0.507843,0.596026
20,0.485418,1.481015
144,0.492068,1.742757
81,0.505930,1.031184
201,0.535601,2.335576
746,0.499136,0.600587
214,0.477040,0.730021
765,0.509444,1.162617
611,0.492247,1.014072
42,0.497401,0.547743
761,0.492187,1.586245
844,0.520647,0.788245
731,0.524137,1.779486
13,0.515957,1.267681
715,0.505582,1.080282
603,0.523106,1.124483
425,0.483953,0.521592
325,0.487373,1.418497
77,0.505808,0.791912
181,0.526521,2.659356
990,0.500480,1.475357
350,0.527865,2.496816
948,0.493110,1.594708
560,0.510506,1.506380
711,0.494184,0.954228
624,0.488905,0.374182
359,0.514334,1.710684
629,0.510650,0.960675
6,0.507830,1.516044
38,0.502679,0.434028
667,0.511089,0.306375
612,0.519080,1.480982
442,0.481975,0.666493
768,0.520460,1.433951
87,0.493188,0.631751
780,0.526765,3.014912
157,0.480604,0.579657
440,0.496223,0.245884
287,0.497341,1.385209
537,0.504271,2.074919
408,0.497504,1.574597
152,0.557667,1.552991
129,0.510880,1.039862
730,0.493663,0.645689
778,0.504201,1.343439
311,0.487398,1.568655
315,0.505955,1.120571
225,0.526763,1.810111
421,0.499236,1.789848
66,0.492157,0.454014
518,0.503162,2.101964
745,0.498928,3.028675
259,0.517623,1.802922
703,0.499260,0.515955
169,0.499233,0.783970
539,0.500009,0.624534
638,0.490458,0.881345
923,0.510734,1.525799
271,0.528045,2.484291
464,0.507408,0.988190
766,0.484476,1.272218
721,0.496512,0.839310
321,0.531278,1.855165
267,0.510764,0.700682
10,0.487218,0.506795
137,0.493989,2.479630
251,0.497329,0.490242
443,0.508983,1.787902
619,0.484218,0.667967
391,0.484551,1.589381
872,0.506024,0.780789
222,0.502190,1.322558
887,0.507727,1.223484
896,0.523722,1.198733
755,0.492449,0.751699
941,0.488765,0.920909
156,0.520367,1.033392
88,0.523564,1.279241
202,0.500732,1.060569
787,0.536825,1.281396
434,0.503625,0.447759
847,0.531733,2.073201
536,0.505661,1.303125
217,0.512163,0.795846
598,0.528412,2.214628
526,0.510339,1.454445
356,0.522271,1.515924
558,0.515402,2.178966
309,0.522318,1.185081
273,0.502002,0.684044
377,0.515933,0.637531
59,0.537806,1.067360
179,0.518963,1.561828
897,0.516806,1.609097
977,0.498558,0.712026
620,0.509085,1.137402
878,0.502043,1.728760
369,0.514034,1.326547
472,0.500873,1.399645
709,0.535231,1.227022
126,0.536937,2.008116
363,0.494094,0.519580
367,0.502365,0.860759
44,0.517100,1.201064
883,0.503976,0.718151
261,0.513978,0.794462
410,0.493963,0.541002
390,0.502240,1.483274
533,0.531086,0.468646
595,0.486825,0.601940
488,0.532253,1.061905
561,0.485013,0.968361
953,0.499144,1.780659
732,0.517838,0.928203
670,0.490232,0.491666
823,0.500048,0.502668
775,0.512678,2.533734
203,0.505815,1.286938
328,0.512200,1.131926
335,0.538086,1.053865
375,0.499706,0.206348
985,0.512616,1.600313
881,0.500758,0.248861
541,0.519356,0.939316
313,0.504690,0.852673
468,0.512418,0.917638
146,0.504042,1.005619
269,0.517251,1.645317
365,0.526215,1.635312
801,0.486874,1.831562
841,0.488770,0.289633
422,0.502106,1.053770
383,0.504218,1.338859
208,0.532135,1.142193
888,0.514537,0.519945
426,0.492320,1.283673
795,0.506540,2.354849
220,0.484988,1.520767
266,0.504285,0.844469
979,0.520993,0.857746
265,0.496698,1.171663
946,0.490141,0.829232
567,0.512497,0.352867
842,0.490196,1.577734
36,0.488473,0.543753
616,0.509057,1.900718
899,0.517517,1.495666
312,0.510340,0.917885
256,0.510638,1.628894
388,0.508976,0.849493
949,0.485001,0.490434
597,0.486857,0.474833
231,0.509093,2.313610
456,0.500918,1.410775
238,0.532035,1.480775
604,0.516785,2.814886
676,0.530669,1.083099
237,0.486943,0.535025
167,0.527063,1.575826
892,0.485371,0.809371
292,0.532755,1.544990
911,0.520754,1.169901
461,0.495419,0.932225
814,0.502349,1.552614
33,0.534902,1.317283
344,0.497203,1.338601
718,0.542629,1.335473
84,0.490561,1.120882
446,0.512387,0.542498
932,0.507411,0.462640
741,0.481915,1.465067
453,0.500494,1.474735
39,0.508330,0.222750
131,0.510496,2.418382
178,0.503543,1.123368
513,0.490237,1.022644
76,0.512195,1.065285
283,0.515757,1.782178
740,0.505761,1.363141
777,0.502414,0.904339
608,0.483469,0.777103
48,0.501577,1.864914
937,0.511925,1.691704
148,0.492257,0.107603
857,0.488926,0.903551
353,0.530965,1.528467
637,0.504419,0.476902
615,0.524798,1.757536
933,0.524886,2.745360
494,0.512702,1.098895
25,0.490336,0.647302
758,0.499674,0.897870
981,0.502192,0.780092
764,0.527552,1.099454
424,0.514232,0.982182
610,0.507344,1.248266
824,0.514066,2.069217
435,0.514021,0.722555
673,0.550520,0.941012
707,0.493689,1.350848
534,0.507718,2.348706
147,0.502511,0.799751
864,0.513743,1.961299
785,0.494011,0.538785
54,0.502201,0.490338
211,0.495448,0.310043
974,0.502252,0.917474
467,0.504407,1.369398
792,0.488806,0.687194
623,0.489096,1.125453
428,0.525994,0.693363
605,0.485912,0.255581
372,0.496941,0.777530
799,0.490294,0.908155
793,0.527588,1.983470
696,0.574314,1.094793
773,0.520857,1.295253
228,0.552530,1.698929
828,0.503993,1.022938
886,0.497111,0.964292
849,0.524799,1.393875
337,0.512108,0.844217
106,0.507270,0.980586
400,0.494291,1.257374
915,0.507272,0.259755
700,0.522554,0.982199
564,0.488777,0.469729
339,0.490464,1.181349
568,0.500420,1.879835
430,0.518940,1.549134
351,0.505906,1.248061
501,0.517741,0.801020
803,0.509763,0.222414
577,0.514943,2.215542
188,0.513906,1.459681
831,0.519735,0.434668
929,0.497033,0.369912
512,0.526132,1.374548
538,0.502279,0.904902
641,0.514485,0.464397
972,0.522576,0.538086
246,0.510197,0.995677
822,0.490286,0.719632
69,0.495783,0.734275
650,0.510923,1.343000
648,0.492203,1.592958
874,0.530711,1.729675
875,0.526716,0.821547
695,0.502375,1.609504
62,0.514088,1.092267
32,0.512039,0.815880
602,0.496994,1.061894
510,0.519874,0.909985
901,0.494863,0.657731
809,0.500710,1.431545
413,0.542423,0.745984
551,0.493686,1.726892
559,0.503056,1.610699
336,0.493989,1.214121
786,0.522782,0.846927
661,0.522538,0.945598
575,0.498925,1.263418
666,0.516074,0.602100
705,0.490336,0.789457
525,0.507436,1.323620
917,0.502691,0.514844
599,0.520622,1.738405
853,0.497536,0.413880
329,0.498533,2.197680
776,0.504347,0.709684
806,0.510305,1.038297
398,0.507374,0.668930
671,0.505994,1.247578
506,0.487340,0.456819
565,0.490803,0.525511
2,0.532453,1.769609
447,0.527692,1.950029
733,0.545402,1.260216
830,0.485064,0.379145
96,0.502521,1.060904
223,0.500432,1.651374
586,0.512432,0.747081
855,0.549111,1.752720
540,0.507462,0.530642
186,0.510625,0.787809
767,0.505906,1.641653
89,0.503957,0.415991
138,0.519049,0.747728
115,0.502383,1.477526
232,0.497177,0.567234
471,0.508886,1.718214
961,0.508738,0.858373
358,0.507413,0.997308
769,0.505670,0.780146
122,0.507228,0.464909
406,0.494168,0.239788
804,0.546049,1.631733
664,0.511114,1.996854
326,0.512518,0.638260
704,0.505602,1.003941
316,0.530865,0.907641
724,0.508726,0.709015
487,0.540847,1.803556
950,0.514269,2.017207
218,0.529574,0.272334
819,0.509124,1.209997
876,0.517363,1.405201
860,0.488508,0.426864
654,0.503880,1.008496
114,0.519350,1.707157
655,0.490277,0.810961
800,0.518549,0.809389
286,0.492049,0.665735
99,0.505536,0.774081
529,0.500855,0.875584
752,0.544093,1.499645
338,0.522411,1.370408
760,0.499472,0.829438
657,0.491590,0.848523
387,0.493533,1.194077
111,0.504002,0.593315
386,0.500084,0.391313
713,0.535467,1.527136
631,0.522084,2.639446
465,0.495347,0.515404
520,0.499141,1.404041
380,0.504154,0.792378
581,0.500760,0.792226
688,0.529035,1.321843
636,0.502287,1.285648
463,0.494138,1.073363
373,0.501386,0.610122
247,0.485648,0.730781
331,0.521485,0.829387
634,0.507461,1.737897
532,0.494438,0.415187
348,0.510793,0.350180
574,0.495459,1.812331
821,0.506893,1.237499
307,0.506344,1.147598
571,0.482110,1.091551
17,0.495376,0.756633
926,0.512652,1.085254
566,0.493576,2.215581
132,0.507607,2.079801
121,0.524590,1.074894
515,0.502244,0.655725
835,0.498657,2.458494
992,0.512155,1.030803
838,0.513832,1.525286
957,0.515766,1.303970
163,0.514061,1.152282
149,0.511237,1.271975
158,0.503912,2.786333
584,0.508994,1.867277
573,0.505381,1.102527
931,0.490560,1.156331
903,0.517299,1.279127
85,0.532993,3.888110
662,0.528926,1.279194
651,0.524351,1.026312
450,0.519282,1.612629
478,0.512112,2.279062
213,0.529599,0.395220
592,0.495422,1.516236
302,0.512344,0.503553
401,0.493401,2.154548
993,0.530939,3.026662
805,0.515272,0.561501
274,0.514178,2.140179
18,0.495201,0.476223
905,0.504318,1.563527
1,0.502124,0.831918
145,0.503577,1.412522
958,0.492996,0.306275
492,0.498492,1.579006
508,0.495155,1.346822
750,0.542387,0.937567
196,0.514872,1.062418
392,0.529028,1.539789
9,0.516613,0.934300
869,0.547207,2.054613
683,0.517433,1.296221
945,0.497743,0.934838
41,0.515555,0.818959
807,0.548545,2.698576
717,0.511053,0.974881
176,0.532109,1.233040
117,0.530586,1.068084
407,0.495377,1.120502
294,0.495498,1.510397
364,0.534246,2.483105
360,0.519052,0.447257
858,0.537797,0.610390
495,0.547135,1.836000
195,0.521011,1.055230
423,0.508574,1.180825
185,0.503706,1.154884
489,0.524990,0.981423
300,0.504000,0.360508
920,0.520550,1.024471
989,0.512577,1.044370
909,0.521017,0.986436
969,0.533856,0.469121
678,0.523332,0.628493
734,0.520912,0.870834
497,0.505709,1.591369
601,0.524006,0.872967
642,0.491994,0.970713
462,0.497614,1.055584
680,0.510645,0.943388
684,0.500478,0.875591
3,0.523163,1.065351
244,0.517711,0.821443
165,0.527667,1.474409
98,0.503700,0.717727
190,0.503713,0.826688
289,0.520597,1.661902
952,0.517224,1.688480
708,0.508942,1.867294
5,0.512120,0.307512
729,0.522189,0.915001
681,0.522426,2.696487
355,0.497085,0.931643
382,0.528647,1.169908
516,0.512500,0.552887
689,0.519209,1.495074
710,0.510426,0.884549
986,0.509235,1.678251
502,0.502877,0.191540
589,0.526168,0.769394
569,0.495832,0.992050
314,0.507161,2.094250
962,0.505661,0.488074
204,0.504710,0.744628
436,0.507100,0.618415
900,0.516311,0.655904
234,0.499018,1.076042
583,0.538583,0.528666
531,0.527254,0.887475
281,0.517712,1.100035
102,0.519171,0.458025
457,0.562862,1.658275
323,0.548598,1.092294
113,0.503648,0.827687
890,0.529169,1.052205
725,0.525815,1.200141
376,0.505050,2.767380
588,0.514176,0.404371
739,0.532294,1.350738
652,0.501712,0.791601
205,0.519787,1.088474
505,0.534247,2.204914
24,0.500175,0.661036
475,0.505938,0.540732
229,0.528901,1.625515
737,0.527290,1.154737
91,0.506982,0.636547
617,0.507030,0.922148
437,0.505818,0.130868
305,0.524556,1.574437
893,0.512322,1.353900
719,0.504453,1.300948
570,0.534157,2.192948
543,0.510056,0.788615
50,0.500504,0.272840
784,0.503997,0.205252
882,0.502705,0.780363
221,0.524123,0.577549
728,0.536042,1.412638
7,0.502244,0.744468
779,0.524220,1.724884
164,0.507319,0.488303
183,0.519016,2.188374
414,0.510404,2.149861
827,0.519395,2.060286
997,0.522478,0.488746
816,0.527729,1.106836
347,0.529154,1.551548
545,0.510642,0.638926
74,0.512068,1.033751
959,0.503585,0.507519
455,0.540875,1.256810
197,0.510514,1.364321
600,0.518662,0.546980
694,0.494046,1.169442
649,0.529721,0.984544
291,0.535364,1.970262
859,0.517479,0.745453
127,0.517111,0.791470
714,0.508804,1.268573
239,0.563514,1.675008
280,0.543935,1.241687
254,0.493521,1.183461
342,0.547704,1.121457
837,0.500627,1.546580
320,0.531330,1.841646
379,0.527707,1.488917
691,0.503418,1.056565
389,0.496954,1.414439
93,0.527517,1.387870
318,0.500600,1.280017
485,0.505462,1.030769
92,0.509089,0.477006
614,0.550646,1.973351
967,0.533214,0.433309
40,0.521576,1.600307
596,0.524042,1.109976
448,0.505154,1.239580
412,0.498570,1.317363
789,0.515717,1.143287
78,0.495206,1.100726
965,0.510511,0.998465
738,0.529722,1.948628
798,0.517053,0.684761
332,0.510668,1.297060
82,0.537183,0.995651
175,0.506990,0.669360
622,0.521143,0.432848
759,0.528982,3.260977
180,0.515485,1.388778
727,0.529432,1.153257
550,0.530617,1.591074
43,0.508731,1.118689
818,0.510387,0.429112
444,0.528612,1.801951
749,0.515373,0.664628
928,0.495506,0.512710
770,0.517082,1.257735
877,0.515820,0.690556
80,0.502402,1.174223
299,0.515592,1.188795
275,0.505614,0.461963
994,0.520514,1.282069
873,0.574151,1.508077
75,0.525927,0.694045
460,0.517658,1.114994
753,0.521535,1.421214
68,0.524106,0.772984
927,0.530817,1.326401
142,0.521866,1.495143
233,0.513813,1.947464
702,0.497000,0.819982
416,0.512217,0.603811
198,0.495166,2.359091
954,0.493845,0.884121
371,0.551259,2.468548
486,0.525537,1.474963
405,0.536537,0.974623
774,0.524011,1.040725
378,0.532419,0.942667
854,0.522944,0.854315
851,0.507058,1.033173
921,0.536150,1.039291
627,0.515395,1.280870
963,0.544363,2.815638
173,0.548455,1.821216
70,0.510650,1.151382
918,0.529490,0.696976
95,0.507487,1.386747
109,0.527903,2.112934
417,0.522378,0.878004
449,0.546172,1.162446
161,0.515804,1.528274
832,0.514220,1.043922
293,0.514391,1.070670
361,0.512009,3.035083
659,0.551170,2.331200
966,0.498411,0.872936
172,0.498549,1.189842
133,0.501871,0.299482
135,0.550839,2.037236
394,0.524102,1.507166
35,0.515798,1.028525
913,0.507929,0.225468
549,0.501880,0.440538
692,0.537675,1.196446
943,0.509852,1.728297
295,0.524347,0.651800
797,0.508694,0.492896
712,0.505230,1.190772
984,0.506746,1.381777
284,0.499121,0.723603
976,0.509200,0.903551
613,0.543115,0.798044
669,0.523183,1.297817
107,0.502154,2.207263
250,0.495065,0.212515
833,0.501012,1.877933
846,0.529109,1.731115
527,0.528999,1.460787
677,0.516120,0.410836
16,0.547451,2.396053
674,0.499511,1.937266
0,0.505570,1.490108
243,0.521766,1.088037
982,0.504495,2.109683
916,0.515343,1.579181
587,0.506128,0.949003
470,0.514830,1.818717
960,0.498340,0.909455
419,0.515862,0.595958
57,0.529272,1.155949
940,0.516155,1.011984
112,0.517484,0.538221
12,0.556491,2.061351
621,0.503526,1.471523
469,0.498651,0.955339
522,0.523407,1.906226
955,0.501769,0.823610
415,0.551064,0.874596
187,0.504494,1.877877
690,0.514490,1.519187
788,0.527385,3.362766
904,0.528984,2.289277
94,0.503763,0.768467
685,0.521228,1.204677
552,0.532191,2.829828
879,0.516366,1.163172
482,0.534758,0.819944
100,0.516549,1.572841
742,0.497094,0.269903
56,0.534042,1.877960
556,0.512769,0.991986
815,0.516352,0.788170
509,0.501507,1.681734
103,0.508018,0.459866
192,0.497588,0.762090
866,0.495461,0.991636
466,0.544490,2.084929
871,0.513275,1.309065
264,0.498561,0.685394
431,0.524605,1.392476
626,0.547750,1.228245
902,0.512948,1.178985
432,0.557587,1.965672
590,0.515874,0.989166
580,0.527709,1.000291
402,0.548232,2.058155
352,0.534771,1.722693
576,0.549545,2.068872
983,0.498945,0.552600
61,0.512965,0.712529
268,0.528026,1.263656
579,0.512610,1.132325
995,0.504058,0.964720
15,0.517038,2.181559
826,0.509483,0.417654
366,0.515990,0.381459
922,0.521520,1.606832
609,0.527418,1.553343
572,0.495300,1.585535
55,0.501747,0.449351
633,0.537046,1.235503
297,0.529129,0.853290
944,0.516391,1.090571
991,0.502172,1.538447
262,0.493274,0.698083
635,0.519383,1.404162
791,0.514726,1.127571
139,0.526660,1.129956
591,0.511872,3.205345
253,0.547614,1.625500
660,0.521093,0.495365
606,0.517300,0.779311
184,0.523677,2.721579
693,0.501774,0.854956
303,0.511866,2.220698
317,0.510484,1.036276
226,0.534129,2.124763
207,0.518717,1.036507
182,0.538236,1.712466
399,0.517701,1.273825
162,0.492873,1.099090
276,0.520242,0.405437
951,0.511900,0.481691
996,0.510109,1.268988
675,0.511288,0.679908
258,0.521459,1.257507
439,0.498171,0.793266
101,0.528188,0.896516
477,0.531880,1.343370
368,0.515547,0.614718
618,0.505150,1.286706
908,0.501561,0.204186
166,0.530124,2.120016
563,0.530444,0.754429
83,0.509515,0.816391
498,0.520166,1.560645
656,0.547637,1.106033
663,0.519758,2.320986
235,0.507771,1.210864
242,0.542158,1.271435
839,0.533493,0.673865
925,0.536812,0.661467
848,0.534582,1.878827
191,0.528080,1.275269
362,0.524766,1.805915
306,0.519684,0.361825
942,0.522907,0.604140
836,0.533454,0.990335
31,0.545254,1.530149
357,0.554891,2.327803
514,0.509636,0.933140
110,0.523771,1.550760
445,0.508365,1.927733
393,0.538696,1.463225
177,0.516143,0.790940
557,0.511179,2.092263
699,0.509750,1.761820
840,0.518004,1.253545
90,0.521951,1.205182
748,0.538855,1.247165
504,0.535348,1.663961
245,0.514645,1.137550
898,0.525306,2.137288
385,0.525267,1.611787
60,0.511013,1.273609
783,0.578656,3.119225
481,0.545328,3.173114
593,0.508053,0.599665
511,0.531955,1.439576
27,0.503860,2.264042
290,0.494850,1.616281
71,0.538777,0.516221
723,0.530452,2.002408
647,0.519540,1.329238
236,0.544454,2.308695
240,0.533017,1.760441
998,0.532094,1.535706
744,0.513472,1.046389
124,0.513599,0.619417
884,0.514639,1.298675
639,0.535591,1.072289
384,0.513051,0.831052
349,0.517020,1.377361
22,0.525248,0.819200
341,0.546557,1.298354
168,0.527882,0.709137
973,0.510146,1.444353
404,0.549105,1.728471
625,0.514788,0.367686
480,0.511484,1.498139
285,0.525392,1.543025
665,0.521813,0.567853
128,0.557047,1.936640
459,0.529958,1.717502
668,0.547180,0.979607
867,0.535449,1.152863
796,0.530440,2.167610
278,0.519721,1.872473
736,0.511735,2.011080
930,0.537052,2.446263
310,0.533835,0.946442
970,0.511020,0.786769
301,0.501586,0.906148
216,0.542149,1.825074
381,0.520370,0.709283
476,0.509861,0.977460
829,0.529645,1.802451
155,0.529216,0.885715
272,0.533739,1.145678
491,0.533883,0.636506
978,0.525421,4.183775
322,0.531938,1.293015
219,0.532985,1.516698
499,0.529741,1.021831
507,0.530336,3.038766
528,0.520476,0.446900
924,0.524061,0.996116
999,0.515971,1.508811
547,0.545224,0.931337
73,0.530580,1.744527
935,0.542182,0.893864
757,0.520839,0.722755
802,0.538692,0.874213
936,0.523193,1.370618
324,0.543306,0.567981
919,0.517787,2.102900
863,0.525262,1.192081
143,0.536326,0.541122
578,0.541328,3.571470
26,0.545043,1.308389
438,0.513579,0.613069
140,0.519115,2.004492
523,0.518952,1.834136
687,0.523991,1.410132
304,0.535632,3.674873
524,0.546743,1.110492
474,0.539172,1.533479
971,0.519575,1.385199
790,0.536261,0.550025
65,0.513925,0.760231
496,0.527751,1.078594
771,0.513620,0.402041
308,0.529798,1.366978
686,0.535299,1.538628
906,0.529007,1.049685
23,0.535386,1.511400
333,0.531267,2.542083
632,0.522480,1.195515
553,0.518717,0.923472
270,0.538061,2.449049
939,0.546857,0.776955
722,0.527262,1.596659
458,0.561402,1.518648
97,0.551218,1.242083
812,0.541305,1.055347
546,0.527535,0.844303
452,0.509689,0.439917
582,0.514412,2.496186
754,0.525995,0.786656
298,0.519358,1.619966
548,0.545525,1.976519
411,0.509516,0.300595
679,0.540894,0.906680
194,0.535236,1.041853
594,0.533956,2.183642
640,0.513374,0.952099
484,0.540415,2.460483
150,0.564965,1.788721
479,0.560505,2.120034
151,0.519421,0.972157
672,0.512780,1.112307
964,0.543858,1.338937
49,0.535238,1.930309
938,0.516836,0.469162
327,0.518052,1.299017
260,0.544383,1.661503
493,0.533624,1.546962
345,0.552853,1.798510
72,0.513872,1.068089
37,0.532032,1.989436
409,0.525468,2.141850
698,0.532412,0.890883
249,0.518634,1.656493
199,0.549942,0.997903
643,0.520849,1.593921
136,0.565987,2.079686
45,0.535409,2.912709
914,0.528507,0.831463
397,0.546763,0.863494
46,0.530767,0.868724
968,0.538758,1.063999
105,0.548462,2.556124
153,0.535274,0.892972
988,0.531942,2.122945
794,0.549323,1.844825
856,0.522168,1.394166
762,0.521601,0.856183
11,0.553925,2.294608
343,0.529244,0.691391
490,0.535312,1.922765
751,0.549528,1.902711
63,0.539293,0.567131
227,0.530456,0.889903
230,0.541417,0.527169
252,0.538073,1.179452
374,0.544689,0.798565
811,0.522453,1.809419
340,0.589610,1.272223
241,0.541904,0.824109
Average Cost: 7.533000
Accuracy: 95.300000
Accuracy 0: 100.000000
Cost 0: 5.000000
Accuracy 1: 100.000000
Cost 1: 5.000000
Accuracy 2: 100.000000
Cost 2: 5.000000
Accuracy 3: 100.000000
Cost 3: 5.000000
Accuracy 4: 100.000000
Cost 4: 5.000000
Accuracy 5: 100.000000
Cost 5: 5.000000
Accuracy 6: 100.000000
Cost 6: 5.000000
Accuracy 7: 100.000000
Cost 7: 5.000000
Accuracy 8: 100.000000
Cost 8: 5.000000
Accuracy 9: 100.000000
Cost 9: 5.000000
