Number of Worker Pools: 1
Number of Workers in Pool 1: 1000
Original mean,standardDev for Pool 1: 4.000000,0.300000
Number of Workers in Pool 2: 1000
Original mean,standardDev for Pool 2: 3.500000,0.200000
Number of Problems: 1000
ProblemNo,Answer,TrueAnswer,Cost,Difficulty,TrueDifficulty
0,1,1,7.000000,0.600000,0.500000
1,1,1,6.000000,0.300000,0.500000
2,0,0,7.000000,0.600000,0.500000
3,1,0,9.000000,0.800000,0.500000
4,1,1,8.000000,0.800000,0.500000
5,0,0,6.000000,0.300000,0.500000
6,1,0,8.000000,0.800000,0.500000
7,0,0,9.000000,0.500000,0.500000
8,1,1,5.000000,0.000000,0.500000
9,1,1,14.000000,0.900000,0.500000
10,0,0,6.000000,0.300000,0.500000
11,0,0,14.000000,0.900000,0.500000
12,1,1,6.000000,0.300000,0.500000
13,1,0,9.000000,0.900000,0.500000
14,0,0,7.000000,0.600000,0.500000
15,0,0,5.000000,0.000000,0.500000
16,0,0,7.000000,0.600000,0.500000
17,0,0,9.000000,0.800000,0.500000
18,1,0,13.000000,1.000000,0.500000
19,0,0,12.000000,0.900000,0.500000
20,1,1,7.000000,0.600000,0.500000
21,0,0,6.000000,0.300000,0.500000
22,0,0,7.000000,0.600000,0.500000
23,0,0,6.000000,0.300000,0.500000
24,0,0,5.000000,0.000000,0.500000
25,1,1,9.000000,0.700000,0.500000
26,0,0,5.000000,0.000000,0.500000
27,0,0,13.000000,0.900000,0.500000
28,1,1,11.000000,0.900000,0.500000
29,1,1,6.000000,0.300000,0.500000
30,1,1,6.000000,0.300000,0.500000
31,0,0,8.000000,0.600000,0.500000
32,0,0,5.000000,0.000000,0.500000
33,1,1,5.000000,0.000000,0.500000
34,0,0,5.000000,0.000000,0.500000
35,0,0,6.000000,0.300000,0.500000
36,1,1,6.000000,0.300000,0.500000
37,1,1,9.000000,0.700000,0.500000
38,0,0,10.000000,0.900000,0.500000
39,0,0,9.000000,0.700000,0.500000
40,1,1,6.000000,0.300000,0.500000
41,1,1,6.000000,0.300000,0.500000
42,1,1,10.000000,0.800000,0.500000
43,0,0,15.000000,1.000000,0.500000
44,1,1,9.000000,0.800000,0.500000
45,1,1,8.000000,0.600000,0.500000
46,1,1,8.000000,0.600000,0.500000
47,1,1,11.000000,0.700000,0.500000
48,0,0,14.000000,0.900000,0.500000
49,0,0,5.000000,0.000000,0.500000
50,0,0,6.000000,0.300000,0.500000
51,1,1,8.000000,0.700000,0.500000
52,0,0,6.000000,0.300000,0.500000
53,1,1,5.000000,0.000000,0.500000
54,0,0,6.000000,0.300000,0.500000
55,0,0,6.000000,0.300000,0.500000
56,0,0,7.000000,0.600000,0.500000
57,0,0,5.000000,0.000000,0.500000
58,1,1,5.000000,0.000000,0.500000
59,1,1,6.000000,0.300000,0.500000
60,0,0,9.000000,0.800000,0.500000
61,1,1,10.000000,0.700000,0.500000
62,1,1,6.000000,0.300000,0.500000
63,1,1,9.000000,0.800000,0.500000
64,0,0,6.000000,0.300000,0.500000
65,1,1,9.000000,0.800000,0.500000
66,0,0,6.000000,0.300000,0.500000
67,1,1,10.000000,0.900000,0.500000
68,1,0,8.000000,0.900000,0.500000
69,1,1,6.000000,0.300000,0.500000
70,0,0,7.000000,0.600000,0.500000
71,1,1,6.000000,0.300000,0.500000
72,0,0,5.000000,0.000000,0.500000
73,1,1,5.000000,0.000000,0.500000
74,1,1,5.000000,0.000000,0.500000
75,0,0,11.000000,0.700000,0.500000
76,1,1,5.000000,0.000000,0.500000
77,1,1,5.000000,0.000000,0.500000
78,0,0,5.000000,0.000000,0.500000
79,0,0,5.000000,0.000000,0.500000
80,0,0,5.000000,0.000000,0.500000
81,1,1,6.000000,0.300000,0.500000
82,1,1,6.000000,0.300000,0.500000
83,0,0,8.000000,0.800000,0.500000
84,0,0,11.000000,0.700000,0.500000
85,0,0,5.000000,0.000000,0.500000
86,0,0,5.000000,0.000000,0.500000
87,0,0,6.000000,0.300000,0.500000
88,1,1,10.000000,0.800000,0.500000
89,0,0,5.000000,0.000000,0.500000
90,0,0,5.000000,0.000000,0.500000
91,1,1,6.000000,0.300000,0.500000
92,1,1,7.000000,0.600000,0.500000
93,0,0,7.000000,0.600000,0.500000
94,0,0,6.000000,0.300000,0.500000
95,1,1,8.000000,0.500000,0.500000
96,0,0,13.000000,0.900000,0.500000
97,1,1,8.000000,0.600000,0.500000
98,0,0,5.000000,0.000000,0.500000
99,0,0,6.000000,0.300000,0.500000
100,0,1,6.000000,0.300000,0.500000
101,0,0,6.000000,0.300000,0.500000
102,0,0,5.000000,0.000000,0.500000
103,0,0,13.000000,0.900000,0.500000
104,1,1,5.000000,0.000000,0.500000
105,1,1,5.000000,0.000000,0.500000
106,1,1,6.000000,0.300000,0.500000
107,0,0,6.000000,0.300000,0.500000
108,1,1,5.000000,0.000000,0.500000
109,0,0,7.000000,0.600000,0.500000
110,1,1,8.000000,0.600000,0.500000
111,1,1,6.000000,0.300000,0.500000
112,0,0,5.000000,0.000000,0.500000
113,1,1,14.000000,0.900000,0.500000
114,0,0,8.000000,0.600000,0.500000
115,1,1,7.000000,0.600000,0.500000
116,1,1,13.000000,0.900000,0.500000
117,1,0,8.000000,0.700000,0.500000
118,0,0,6.000000,0.300000,0.500000
119,0,0,6.000000,0.300000,0.500000
120,0,1,15.000000,1.000000,0.500000
121,1,1,5.000000,0.000000,0.500000
122,1,1,7.000000,0.600000,0.500000
123,1,1,5.000000,0.000000,0.500000
124,1,1,8.000000,0.700000,0.500000
125,1,1,6.000000,0.300000,0.500000
126,1,1,6.000000,0.300000,0.500000
127,1,1,7.000000,0.600000,0.500000
128,0,0,6.000000,0.300000,0.500000
129,0,0,10.000000,0.700000,0.500000
130,0,0,7.000000,0.600000,0.500000
131,0,0,5.000000,0.000000,0.500000
132,0,0,14.000000,0.900000,0.500000
133,0,0,7.000000,0.600000,0.500000
134,0,0,12.000000,0.900000,0.500000
135,0,0,7.000000,0.600000,0.500000
136,1,1,7.000000,0.600000,0.500000
137,1,1,14.000000,0.900000,0.500000
138,1,1,9.000000,0.500000,0.500000
139,0,0,7.000000,0.600000,0.500000
140,0,0,9.000000,0.800000,0.500000
141,1,1,6.000000,0.300000,0.500000
142,0,0,15.000000,0.900000,0.500000
143,1,1,5.000000,0.000000,0.500000
144,0,0,7.000000,0.600000,0.500000
145,0,0,5.000000,0.000000,0.500000
146,0,0,20.000000,1.000000,0.500000
147,1,0,8.000000,0.600000,0.500000
148,0,0,5.000000,0.000000,0.500000
149,1,1,7.000000,0.600000,0.500000
150,0,0,13.000000,0.900000,0.500000
151,1,1,7.000000,0.600000,0.500000
152,0,0,8.000000,0.600000,0.500000
153,1,1,6.000000,0.300000,0.500000
154,0,0,6.000000,0.300000,0.500000
155,0,0,7.000000,0.600000,0.500000
156,0,0,6.000000,0.300000,0.500000
157,0,0,5.000000,0.000000,0.500000
158,1,1,6.000000,0.300000,0.500000
159,0,1,9.000000,0.800000,0.500000
160,1,1,8.000000,0.700000,0.500000
161,1,1,5.000000,0.000000,0.500000
162,0,0,9.000000,0.800000,0.500000
163,0,0,5.000000,0.000000,0.500000
164,1,1,6.000000,0.300000,0.500000
165,0,0,5.000000,0.000000,0.500000
166,0,0,7.000000,0.600000,0.500000
167,0,0,6.000000,0.300000,0.500000
168,0,0,9.000000,0.900000,0.500000
169,1,1,8.000000,0.500000,0.500000
170,0,0,5.000000,0.000000,0.500000
171,1,1,6.000000,0.300000,0.500000
172,0,0,5.000000,0.000000,0.500000
173,1,1,5.000000,0.000000,0.500000
174,0,0,18.000000,0.900000,0.500000
175,1,1,8.000000,0.500000,0.500000
176,1,1,6.000000,0.300000,0.500000
177,1,1,7.000000,0.600000,0.500000
178,0,0,7.000000,0.600000,0.500000
179,1,1,9.000000,0.800000,0.500000
180,1,1,7.000000,0.800000,0.500000
181,1,0,6.000000,0.300000,0.500000
182,1,1,7.000000,0.600000,0.500000
183,1,1,13.000000,0.900000,0.500000
184,0,0,5.000000,0.000000,0.500000
185,0,0,7.000000,0.900000,0.500000
186,0,0,6.000000,0.300000,0.500000
187,1,1,7.000000,0.600000,0.500000
188,1,1,6.000000,0.300000,0.500000
189,1,1,7.000000,0.600000,0.500000
190,0,0,6.000000,0.300000,0.500000
191,0,0,6.000000,0.300000,0.500000
192,1,1,16.000000,0.900000,0.500000
193,0,0,6.000000,0.300000,0.500000
194,0,0,7.000000,0.600000,0.500000
195,1,1,16.000000,0.900000,0.500000
196,0,0,11.000000,0.900000,0.500000
197,1,1,6.000000,0.300000,0.500000
198,1,1,5.000000,0.000000,0.500000
199,0,1,8.000000,0.800000,0.500000
200,1,1,6.000000,0.300000,0.500000
201,0,0,9.000000,0.500000,0.500000
202,0,0,6.000000,0.300000,0.500000
203,0,0,9.000000,0.900000,0.500000
204,0,0,5.000000,0.000000,0.500000
205,1,1,12.000000,0.800000,0.500000
206,0,0,6.000000,0.300000,0.500000
207,0,0,6.000000,0.300000,0.500000
208,1,1,6.000000,0.300000,0.500000
209,0,0,5.000000,0.000000,0.500000
210,1,1,5.000000,0.000000,0.500000
211,0,1,7.000000,0.600000,0.500000
212,1,1,6.000000,0.300000,0.500000
213,0,0,6.000000,0.300000,0.500000
214,0,0,8.000000,0.500000,0.500000
215,1,1,5.000000,0.000000,0.500000
216,0,0,5.000000,0.000000,0.500000
217,1,1,5.000000,0.000000,0.500000
218,0,0,5.000000,0.000000,0.500000
219,1,1,5.000000,0.000000,0.500000
220,1,1,13.000000,0.900000,0.500000
221,1,1,10.000000,0.900000,0.500000
222,0,0,18.000000,1.000000,0.500000
223,1,0,15.000000,0.900000,0.500000
224,0,0,6.000000,0.300000,0.500000
225,0,0,6.000000,0.300000,0.500000
226,1,0,7.000000,0.600000,0.500000
227,0,0,5.000000,0.000000,0.500000
228,1,1,7.000000,0.600000,0.500000
229,0,0,7.000000,0.600000,0.500000
230,0,0,12.000000,0.900000,0.500000
231,1,1,9.000000,0.900000,0.500000
232,0,0,8.000000,0.500000,0.500000
233,1,1,6.000000,0.300000,0.500000
234,1,1,10.000000,0.800000,0.500000
235,1,1,7.000000,0.800000,0.500000
236,1,1,8.000000,0.500000,0.500000
237,0,0,5.000000,0.000000,0.500000
238,1,1,5.000000,0.000000,0.500000
239,0,0,6.000000,0.300000,0.500000
240,1,1,14.000000,0.900000,0.500000
241,0,0,20.000000,1.000000,0.500000
242,1,1,6.000000,0.300000,0.500000
243,1,1,10.000000,0.800000,0.500000
244,1,1,6.000000,0.300000,0.500000
245,1,1,7.000000,0.600000,0.500000
246,1,1,7.000000,0.600000,0.500000
247,1,1,9.000000,0.700000,0.500000
248,1,1,5.000000,0.000000,0.500000
249,0,1,7.000000,0.800000,0.500000
250,1,1,7.000000,0.600000,0.500000
251,1,1,7.000000,0.600000,0.500000
252,0,0,9.000000,0.900000,0.500000
253,1,1,5.000000,0.000000,0.500000
254,0,0,6.000000,0.300000,0.500000
255,0,0,6.000000,0.300000,0.500000
256,1,1,6.000000,0.300000,0.500000
257,0,0,7.000000,0.600000,0.500000
258,1,1,5.000000,0.000000,0.500000
259,1,1,5.000000,0.000000,0.500000
260,0,0,5.000000,0.000000,0.500000
261,0,1,12.000000,0.900000,0.500000
262,0,0,5.000000,0.000000,0.500000
263,0,0,7.000000,0.600000,0.500000
264,0,0,5.000000,0.000000,0.500000
265,1,1,7.000000,0.600000,0.500000
266,1,1,7.000000,0.600000,0.500000
267,0,0,7.000000,0.600000,0.500000
268,0,0,6.000000,0.300000,0.500000
269,1,1,6.000000,0.300000,0.500000
270,1,1,16.000000,0.900000,0.500000
271,0,0,6.000000,0.300000,0.500000
272,1,1,5.000000,0.000000,0.500000
273,0,0,6.000000,0.300000,0.500000
274,1,1,8.000000,0.800000,0.500000
275,1,1,11.000000,0.900000,0.500000
276,0,0,14.000000,0.900000,0.500000
277,1,1,6.000000,0.300000,0.500000
278,1,1,7.000000,0.600000,0.500000
279,0,0,6.000000,0.300000,0.500000
280,1,1,7.000000,0.600000,0.500000
281,1,1,5.000000,0.000000,0.500000
282,1,1,13.000000,0.900000,0.500000
283,1,1,13.000000,0.900000,0.500000
284,0,0,13.000000,0.900000,0.500000
285,1,1,13.000000,0.900000,0.500000
286,1,1,6.000000,0.300000,0.500000
287,0,0,6.000000,0.300000,0.500000
288,1,1,6.000000,0.300000,0.500000
289,0,0,7.000000,0.600000,0.500000
290,1,1,6.000000,0.300000,0.500000
291,0,1,11.000000,0.900000,0.500000
292,1,1,5.000000,0.000000,0.500000
293,0,0,8.000000,0.600000,0.500000
294,0,0,6.000000,0.300000,0.500000
295,0,1,10.000000,0.800000,0.500000
296,0,0,8.000000,0.700000,0.500000
297,1,1,7.000000,0.600000,0.500000
298,0,0,12.000000,0.900000,0.500000
299,0,0,8.000000,0.800000,0.500000
300,0,0,6.000000,0.300000,0.500000
301,0,0,7.000000,0.600000,0.500000
302,0,0,6.000000,0.300000,0.500000
303,0,0,11.000000,0.800000,0.500000
304,0,0,6.000000,0.300000,0.500000
305,1,1,6.000000,0.300000,0.500000
306,0,0,5.000000,0.000000,0.500000
307,0,0,9.000000,0.800000,0.500000
308,1,1,11.000000,0.700000,0.500000
309,1,1,15.000000,0.900000,0.500000
310,1,1,7.000000,0.600000,0.500000
311,1,1,7.000000,0.600000,0.500000
312,0,0,6.000000,0.300000,0.500000
313,1,1,5.000000,0.000000,0.500000
314,1,1,10.000000,0.800000,0.500000
315,0,0,7.000000,0.600000,0.500000
316,1,1,6.000000,0.300000,0.500000
317,1,1,7.000000,0.600000,0.500000
318,0,0,6.000000,0.300000,0.500000
319,0,0,6.000000,0.300000,0.500000
320,0,0,5.000000,0.000000,0.500000
321,0,0,6.000000,0.300000,0.500000
322,0,0,15.000000,1.000000,0.500000
323,1,1,8.000000,0.600000,0.500000
324,1,1,6.000000,0.300000,0.500000
325,0,0,5.000000,0.000000,0.500000
326,1,1,11.000000,0.900000,0.500000
327,1,1,5.000000,0.000000,0.500000
328,1,1,8.000000,0.600000,0.500000
329,0,0,10.000000,0.900000,0.500000
330,0,0,5.000000,0.000000,0.500000
331,1,1,6.000000,0.300000,0.500000
332,0,0,13.000000,0.900000,0.500000
333,1,1,12.000000,0.900000,0.500000
334,0,0,6.000000,0.300000,0.500000
335,1,1,5.000000,0.000000,0.500000
336,0,0,6.000000,0.300000,0.500000
337,0,0,6.000000,0.300000,0.500000
338,1,1,5.000000,0.000000,0.500000
339,0,0,11.000000,0.700000,0.500000
340,0,0,7.000000,0.600000,0.500000
341,0,0,10.000000,0.900000,0.500000
342,1,1,6.000000,0.300000,0.500000
343,0,0,10.000000,0.800000,0.500000
344,0,0,8.000000,0.700000,0.500000
345,1,1,6.000000,0.300000,0.500000
346,1,1,6.000000,0.300000,0.500000
347,1,1,6.000000,0.300000,0.500000
348,1,1,5.000000,0.000000,0.500000
349,0,0,7.000000,0.600000,0.500000
350,1,1,6.000000,0.300000,0.500000
351,0,0,9.000000,0.800000,0.500000
352,1,1,5.000000,0.000000,0.500000
353,1,1,6.000000,0.300000,0.500000
354,0,0,7.000000,0.600000,0.500000
355,0,0,9.000000,0.800000,0.500000
356,1,1,6.000000,0.300000,0.500000
357,1,1,10.000000,0.800000,0.500000
358,1,1,12.000000,0.900000,0.500000
359,0,0,8.000000,0.700000,0.500000
360,1,1,6.000000,0.300000,0.500000
361,1,1,8.000000,0.600000,0.500000
362,0,0,12.000000,0.900000,0.500000
363,0,0,5.000000,0.000000,0.500000
364,0,0,21.000000,1.000000,0.500000
365,0,0,5.000000,0.000000,0.500000
366,0,1,9.000000,0.900000,0.500000
367,0,0,10.000000,0.700000,0.500000
368,1,1,9.000000,0.800000,0.500000
369,0,0,9.000000,0.700000,0.500000
370,1,1,12.000000,0.800000,0.500000
371,1,1,9.000000,0.500000,0.500000
372,0,0,5.000000,0.000000,0.500000
373,0,0,9.000000,0.800000,0.500000
374,0,1,16.000000,0.900000,0.500000
375,1,1,6.000000,0.300000,0.500000
376,0,0,6.000000,0.300000,0.500000
377,1,1,14.000000,0.900000,0.500000
378,1,1,7.000000,0.600000,0.500000
379,1,1,13.000000,0.900000,0.500000
380,0,0,7.000000,0.600000,0.500000
381,0,0,5.000000,0.000000,0.500000
382,0,0,9.000000,0.800000,0.500000
383,1,1,7.000000,0.600000,0.500000
384,1,1,6.000000,0.300000,0.500000
385,1,1,5.000000,0.000000,0.500000
386,1,1,11.000000,0.900000,0.500000
387,1,1,12.000000,0.900000,0.500000
388,1,1,8.000000,0.700000,0.500000
389,1,1,5.000000,0.000000,0.500000
390,0,0,7.000000,0.600000,0.500000
391,1,1,9.000000,0.800000,0.500000
392,0,0,6.000000,0.300000,0.500000
393,0,0,5.000000,0.000000,0.500000
394,0,0,6.000000,0.300000,0.500000
395,0,0,7.000000,0.600000,0.500000
396,0,0,5.000000,0.000000,0.500000
397,1,1,6.000000,0.300000,0.500000
398,1,1,8.000000,0.800000,0.500000
399,1,1,9.000000,0.500000,0.500000
400,1,1,5.000000,0.000000,0.500000
401,1,1,7.000000,0.600000,0.500000
402,1,0,8.000000,0.900000,0.500000
403,1,1,6.000000,0.300000,0.500000
404,1,1,5.000000,0.000000,0.500000
405,0,0,7.000000,0.600000,0.500000
406,0,0,13.000000,0.900000,0.500000
407,0,0,10.000000,0.800000,0.500000
408,1,1,6.000000,0.300000,0.500000
409,0,0,7.000000,0.600000,0.500000
410,1,1,10.000000,0.900000,0.500000
411,1,1,5.000000,0.000000,0.500000
412,1,1,8.000000,0.500000,0.500000
413,1,1,9.000000,0.700000,0.500000
414,1,1,6.000000,0.300000,0.500000
415,1,1,5.000000,0.000000,0.500000
416,0,0,5.000000,0.000000,0.500000
417,1,1,6.000000,0.300000,0.500000
418,0,0,6.000000,0.300000,0.500000
419,0,0,5.000000,0.000000,0.500000
420,0,0,7.000000,0.600000,0.500000
421,0,0,7.000000,0.600000,0.500000
422,0,0,7.000000,0.600000,0.500000
423,1,1,6.000000,0.300000,0.500000
424,0,0,5.000000,0.000000,0.500000
425,1,1,5.000000,0.000000,0.500000
426,1,1,6.000000,0.300000,0.500000
427,0,0,6.000000,0.300000,0.500000
428,1,1,6.000000,0.300000,0.500000
429,1,1,6.000000,0.300000,0.500000
430,1,1,5.000000,0.000000,0.500000
431,1,1,9.000000,0.500000,0.500000
432,1,1,5.000000,0.000000,0.500000
433,1,0,5.000000,0.000000,0.500000
434,1,1,13.000000,0.900000,0.500000
435,1,1,7.000000,0.600000,0.500000
436,1,1,16.000000,0.900000,0.500000
437,1,1,8.000000,0.500000,0.500000
438,1,1,5.000000,0.000000,0.500000
439,0,0,9.000000,0.800000,0.500000
440,0,0,6.000000,0.300000,0.500000
441,1,0,6.000000,0.300000,0.500000
442,0,0,6.000000,0.300000,0.500000
443,0,0,6.000000,0.300000,0.500000
444,1,1,8.000000,0.700000,0.500000
445,0,0,9.000000,0.500000,0.500000
446,1,1,6.000000,0.300000,0.500000
447,1,1,6.000000,0.300000,0.500000
448,1,1,8.000000,0.800000,0.500000
449,0,0,5.000000,0.000000,0.500000
450,1,1,7.000000,0.600000,0.500000
451,0,0,7.000000,0.600000,0.500000
452,1,1,7.000000,0.600000,0.500000
453,0,0,6.000000,0.300000,0.500000
454,1,1,6.000000,0.300000,0.500000
455,1,1,7.000000,0.800000,0.500000
456,0,0,5.000000,0.000000,0.500000
457,1,1,16.000000,0.900000,0.500000
458,1,1,7.000000,0.600000,0.500000
459,1,1,6.000000,0.300000,0.500000
460,0,0,5.000000,0.000000,0.500000
461,0,0,6.000000,0.300000,0.500000
462,0,0,13.000000,0.900000,0.500000
463,0,0,7.000000,0.600000,0.500000
464,1,1,15.000000,0.900000,0.500000
465,1,1,7.000000,0.600000,0.500000
466,1,1,6.000000,0.300000,0.500000
467,0,0,14.000000,0.900000,0.500000
468,1,1,7.000000,0.600000,0.500000
469,1,0,12.000000,0.900000,0.500000
470,0,0,6.000000,0.300000,0.500000
471,1,1,8.000000,0.600000,0.500000
472,1,1,8.000000,0.700000,0.500000
473,1,1,5.000000,0.000000,0.500000
474,0,0,6.000000,0.300000,0.500000
475,0,0,5.000000,0.000000,0.500000
476,0,0,6.000000,0.300000,0.500000
477,0,0,6.000000,0.300000,0.500000
478,1,1,6.000000,0.300000,0.500000
479,0,0,6.000000,0.300000,0.500000
480,1,1,11.000000,0.800000,0.500000
481,0,0,6.000000,0.300000,0.500000
482,1,1,6.000000,0.300000,0.500000
483,1,1,18.000000,0.900000,0.500000
484,0,0,6.000000,0.300000,0.500000
485,1,1,6.000000,0.300000,0.500000
486,0,0,13.000000,0.900000,0.500000
487,1,1,11.000000,0.900000,0.500000
488,1,1,8.000000,0.700000,0.500000
489,0,0,12.000000,0.900000,0.500000
490,1,1,9.000000,0.800000,0.500000
491,0,0,6.000000,0.300000,0.500000
492,1,0,10.000000,0.800000,0.500000
493,0,0,5.000000,0.000000,0.500000
494,1,1,5.000000,0.000000,0.500000
495,0,0,9.000000,0.500000,0.500000
496,1,1,7.000000,0.600000,0.500000
497,0,0,13.000000,0.900000,0.500000
498,0,0,6.000000,0.300000,0.500000
499,1,1,6.000000,0.300000,0.500000
500,0,0,7.000000,0.600000,0.500000
501,1,1,5.000000,0.000000,0.500000
502,1,1,6.000000,0.300000,0.500000
503,1,0,5.000000,0.000000,0.500000
504,1,1,5.000000,0.000000,0.500000
505,1,1,6.000000,0.300000,0.500000
506,1,1,6.000000,0.300000,0.500000
507,1,1,6.000000,0.300000,0.500000
508,1,1,5.000000,0.000000,0.500000
509,1,1,11.000000,0.900000,0.500000
510,0,0,5.000000,0.000000,0.500000
511,0,0,7.000000,0.600000,0.500000
512,0,0,15.000000,0.900000,0.500000
513,1,1,8.000000,0.600000,0.500000
514,1,1,7.000000,0.600000,0.500000
515,0,0,11.000000,0.700000,0.500000
516,1,1,8.000000,0.600000,0.500000
517,1,1,8.000000,0.700000,0.500000
518,0,0,6.000000,0.300000,0.500000
519,0,0,5.000000,0.000000,0.500000
520,0,0,6.000000,0.300000,0.500000
521,1,1,6.000000,0.300000,0.500000
522,0,0,5.000000,0.000000,0.500000
523,0,0,5.000000,0.000000,0.500000
524,0,0,8.000000,0.700000,0.500000
525,0,0,6.000000,0.300000,0.500000
526,1,1,11.000000,0.700000,0.500000
527,1,1,7.000000,0.600000,0.500000
528,0,0,6.000000,0.300000,0.500000
529,0,0,7.000000,0.600000,0.500000
530,0,0,5.000000,0.000000,0.500000
531,1,1,6.000000,0.300000,0.500000
532,0,0,11.000000,0.900000,0.500000
533,0,0,5.000000,0.000000,0.500000
534,1,1,6.000000,0.300000,0.500000
535,1,1,7.000000,0.600000,0.500000
536,0,0,7.000000,0.600000,0.500000
537,1,1,6.000000,0.300000,0.500000
538,1,1,5.000000,0.000000,0.500000
539,0,0,5.000000,0.000000,0.500000
540,0,0,5.000000,0.000000,0.500000
541,1,1,8.000000,0.500000,0.500000
542,1,1,10.000000,0.700000,0.500000
543,0,0,7.000000,0.600000,0.500000
544,0,0,6.000000,0.300000,0.500000
545,1,1,6.000000,0.300000,0.500000
546,1,1,7.000000,0.600000,0.500000
547,1,1,11.000000,0.900000,0.500000
548,0,0,7.000000,0.600000,0.500000
549,0,0,5.000000,0.000000,0.500000
550,0,0,8.000000,0.700000,0.500000
551,0,0,9.000000,0.500000,0.500000
552,0,1,8.000000,0.900000,0.500000
553,1,1,6.000000,0.300000,0.500000
554,1,1,11.000000,0.900000,0.500000
555,1,1,6.000000,0.300000,0.500000
556,1,1,6.000000,0.300000,0.500000
557,1,1,5.000000,0.000000,0.500000
558,0,0,8.000000,0.600000,0.500000
559,1,1,7.000000,0.600000,0.500000
560,1,1,12.000000,0.900000,0.500000
561,0,0,15.000000,1.000000,0.500000
562,0,0,9.000000,0.800000,0.500000
563,1,1,5.000000,0.000000,0.500000
564,1,0,7.000000,0.800000,0.500000
565,1,1,6.000000,0.300000,0.500000
566,1,1,8.000000,0.700000,0.500000
567,1,1,10.000000,0.700000,0.500000
568,0,0,9.000000,0.800000,0.500000
569,1,0,7.000000,0.600000,0.500000
570,0,0,5.000000,0.000000,0.500000
571,1,1,9.000000,0.500000,0.500000
572,0,0,6.000000,0.300000,0.500000
573,1,1,6.000000,0.300000,0.500000
574,0,0,5.000000,0.000000,0.500000
575,1,1,9.000000,0.800000,0.500000
576,1,1,7.000000,0.600000,0.500000
577,1,1,5.000000,0.000000,0.500000
578,1,1,5.000000,0.000000,0.500000
579,0,0,6.000000,0.300000,0.500000
580,1,1,11.000000,0.900000,0.500000
581,0,0,5.000000,0.000000,0.500000
582,1,1,5.000000,0.000000,0.500000
583,1,1,13.000000,0.900000,0.500000
584,1,1,10.000000,0.700000,0.500000
585,1,1,6.000000,0.300000,0.500000
586,0,0,7.000000,0.600000,0.500000
587,0,0,6.000000,0.300000,0.500000
588,0,0,6.000000,0.300000,0.500000
589,1,1,6.000000,0.300000,0.500000
590,1,1,10.000000,0.900000,0.500000
591,0,0,14.000000,0.900000,0.500000
592,1,1,6.000000,0.300000,0.500000
593,1,1,5.000000,0.000000,0.500000
594,0,0,5.000000,0.000000,0.500000
595,1,0,8.000000,0.700000,0.500000
596,1,1,6.000000,0.300000,0.500000
597,0,0,9.000000,0.800000,0.500000
598,0,0,6.000000,0.300000,0.500000
599,0,0,8.000000,0.700000,0.500000
600,0,0,10.000000,0.800000,0.500000
601,1,1,6.000000,0.300000,0.500000
602,0,0,6.000000,0.300000,0.500000
603,0,0,7.000000,0.600000,0.500000
604,0,0,6.000000,0.300000,0.500000
605,0,0,7.000000,0.600000,0.500000
606,0,0,9.000000,0.500000,0.500000
607,1,1,5.000000,0.000000,0.500000
608,0,0,11.000000,0.900000,0.500000
609,1,1,7.000000,0.600000,0.500000
610,1,1,6.000000,0.300000,0.500000
611,0,0,5.000000,0.000000,0.500000
612,0,0,6.000000,0.300000,0.500000
613,1,1,13.000000,0.900000,0.500000
614,1,1,7.000000,0.600000,0.500000
615,1,1,6.000000,0.300000,0.500000
616,1,1,6.000000,0.300000,0.500000
617,0,0,6.000000,0.300000,0.500000
618,1,1,6.000000,0.300000,0.500000
619,1,1,6.000000,0.300000,0.500000
620,0,0,6.000000,0.300000,0.500000
621,1,1,8.000000,0.600000,0.500000
622,0,0,7.000000,0.600000,0.500000
623,1,1,6.000000,0.300000,0.500000
624,0,0,5.000000,0.000000,0.500000
625,0,0,5.000000,0.000000,0.500000
626,0,0,7.000000,0.600000,0.500000
627,1,1,6.000000,0.300000,0.500000
628,1,1,5.000000,0.000000,0.500000
629,0,0,9.000000,0.700000,0.500000
630,0,0,6.000000,0.300000,0.500000
631,1,1,14.000000,0.900000,0.500000
632,0,0,7.000000,0.600000,0.500000
633,1,1,5.000000,0.000000,0.500000
634,1,1,9.000000,0.800000,0.500000
635,1,1,6.000000,0.300000,0.500000
636,1,1,8.000000,0.500000,0.500000
637,0,0,8.000000,0.600000,0.500000
638,1,1,5.000000,0.000000,0.500000
639,0,0,7.000000,0.600000,0.500000
640,1,1,6.000000,0.300000,0.500000
641,1,1,6.000000,0.300000,0.500000
642,0,0,16.000000,1.000000,0.500000
643,0,1,10.000000,0.800000,0.500000
644,1,1,13.000000,0.900000,0.500000
645,0,0,7.000000,0.600000,0.500000
646,1,1,6.000000,0.300000,0.500000
647,1,0,15.000000,0.900000,0.500000
648,0,0,6.000000,0.300000,0.500000
649,0,0,7.000000,0.800000,0.500000
650,0,0,7.000000,0.600000,0.500000
651,1,1,12.000000,0.900000,0.500000
652,1,1,5.000000,0.000000,0.500000
653,1,1,9.000000,0.800000,0.500000
654,1,1,10.000000,0.700000,0.500000
655,1,1,5.000000,0.000000,0.500000
656,1,1,15.000000,1.000000,0.500000
657,1,1,8.000000,0.800000,0.500000
658,0,0,5.000000,0.000000,0.500000
659,1,1,6.000000,0.300000,0.500000
660,1,1,8.000000,0.600000,0.500000
661,0,0,5.000000,0.000000,0.500000
662,0,0,6.000000,0.300000,0.500000
663,0,0,11.000000,0.900000,0.500000
664,1,1,9.000000,0.500000,0.500000
665,1,1,5.000000,0.000000,0.500000
666,1,1,16.000000,1.000000,0.500000
667,0,0,15.000000,1.000000,0.500000
668,0,0,7.000000,0.600000,0.500000
669,0,0,8.000000,0.600000,0.500000
670,1,1,5.000000,0.000000,0.500000
671,0,0,5.000000,0.000000,0.500000
672,1,1,6.000000,0.300000,0.500000
673,1,1,5.000000,0.000000,0.500000
674,0,0,8.000000,0.700000,0.500000
675,0,0,13.000000,0.900000,0.500000
676,0,0,7.000000,0.600000,0.500000
677,1,1,11.000000,0.900000,0.500000
678,0,0,7.000000,0.600000,0.500000
679,1,1,9.000000,0.800000,0.500000
680,1,1,6.000000,0.300000,0.500000
681,0,0,6.000000,0.300000,0.500000
682,0,0,7.000000,0.600000,0.500000
683,1,1,6.000000,0.300000,0.500000
684,1,1,5.000000,0.000000,0.500000
685,0,0,5.000000,0.000000,0.500000
686,1,1,7.000000,0.600000,0.500000
687,1,1,7.000000,0.600000,0.500000
688,1,1,10.000000,0.700000,0.500000
689,1,1,5.000000,0.000000,0.500000
690,1,1,6.000000,0.300000,0.500000
691,1,1,13.000000,0.900000,0.500000
692,0,0,8.000000,0.600000,0.500000
693,0,0,7.000000,0.600000,0.500000
694,1,1,5.000000,0.000000,0.500000
695,1,1,8.000000,0.800000,0.500000
696,0,0,7.000000,0.600000,0.500000
697,1,1,7.000000,0.600000,0.500000
698,1,1,13.000000,0.900000,0.500000
699,0,0,10.000000,0.900000,0.500000
700,0,0,5.000000,0.000000,0.500000
701,1,1,5.000000,0.000000,0.500000
702,0,0,8.000000,0.500000,0.500000
703,0,0,5.000000,0.000000,0.500000
704,0,0,9.000000,0.700000,0.500000
705,0,0,8.000000,0.700000,0.500000
706,0,0,7.000000,0.600000,0.500000
707,0,0,9.000000,0.500000,0.500000
708,0,0,10.000000,0.800000,0.500000
709,1,1,9.000000,0.500000,0.500000
710,0,0,9.000000,0.500000,0.500000
711,0,0,5.000000,0.000000,0.500000
712,1,1,9.000000,0.900000,0.500000
713,0,0,6.000000,0.300000,0.500000
714,0,0,9.000000,0.800000,0.500000
715,0,0,6.000000,0.300000,0.500000
716,1,1,6.000000,0.300000,0.500000
717,0,0,9.000000,0.800000,0.500000
718,0,0,9.000000,0.800000,0.500000
719,1,1,6.000000,0.300000,0.500000
720,0,0,8.000000,0.700000,0.500000
721,1,1,5.000000,0.000000,0.500000
722,0,0,5.000000,0.000000,0.500000
723,0,0,14.000000,0.900000,0.500000
724,0,1,5.000000,0.000000,0.500000
725,1,1,6.000000,0.300000,0.500000
726,0,0,8.000000,0.600000,0.500000
727,0,0,7.000000,0.600000,0.500000
728,0,0,5.000000,0.000000,0.500000
729,1,1,5.000000,0.000000,0.500000
730,1,1,13.000000,1.000000,0.500000
731,0,0,5.000000,0.000000,0.500000
732,1,1,9.000000,0.800000,0.500000
733,0,0,12.000000,0.900000,0.500000
734,1,1,9.000000,0.800000,0.500000
735,0,0,6.000000,0.300000,0.500000
736,0,0,7.000000,0.600000,0.500000
737,0,0,14.000000,0.900000,0.500000
738,1,1,10.000000,0.800000,0.500000
739,1,1,10.000000,0.900000,0.500000
740,0,0,9.000000,0.700000,0.500000
741,0,0,9.000000,0.800000,0.500000
742,0,0,10.000000,0.800000,0.500000
743,1,1,7.000000,0.600000,0.500000
744,0,0,6.000000,0.300000,0.500000
745,0,0,5.000000,0.000000,0.500000
746,1,1,6.000000,0.300000,0.500000
747,0,0,6.000000,0.300000,0.500000
748,0,0,9.000000,0.500000,0.500000
749,0,0,6.000000,0.300000,0.500000
750,1,1,6.000000,0.300000,0.500000
751,0,1,12.000000,0.900000,0.500000
752,1,1,9.000000,0.700000,0.500000
753,1,0,6.000000,0.300000,0.500000
754,0,0,6.000000,0.300000,0.500000
755,1,1,9.000000,0.700000,0.500000
756,1,1,5.000000,0.000000,0.500000
757,1,1,13.000000,0.900000,0.500000
758,0,0,6.000000,0.300000,0.500000
759,0,0,6.000000,0.300000,0.500000
760,1,1,6.000000,0.300000,0.500000
761,0,0,10.000000,0.800000,0.500000
762,0,0,11.000000,0.900000,0.500000
763,1,1,12.000000,0.900000,0.500000
764,1,1,7.000000,0.600000,0.500000
765,1,1,5.000000,0.000000,0.500000
766,0,0,5.000000,0.000000,0.500000
767,1,1,6.000000,0.300000,0.500000
768,1,1,5.000000,0.000000,0.500000
769,0,0,13.000000,0.900000,0.500000
770,1,1,5.000000,0.000000,0.500000
771,1,1,8.000000,0.700000,0.500000
772,1,1,7.000000,0.600000,0.500000
773,0,0,6.000000,0.300000,0.500000
774,0,0,9.000000,0.800000,0.500000
775,0,0,6.000000,0.300000,0.500000
776,1,1,6.000000,0.300000,0.500000
777,0,0,6.000000,0.300000,0.500000
778,1,1,6.000000,0.300000,0.500000
779,1,1,8.000000,0.800000,0.500000
780,1,0,12.000000,0.900000,0.500000
781,1,1,5.000000,0.000000,0.500000
782,1,1,6.000000,0.300000,0.500000
783,0,0,5.000000,0.000000,0.500000
784,0,0,5.000000,0.000000,0.500000
785,1,1,6.000000,0.300000,0.500000
786,0,0,5.000000,0.000000,0.500000
787,0,0,6.000000,0.300000,0.500000
788,1,1,6.000000,0.300000,0.500000
789,0,1,8.000000,0.900000,0.500000
790,1,1,5.000000,0.000000,0.500000
791,0,0,7.000000,0.600000,0.500000
792,0,0,5.000000,0.000000,0.500000
793,0,0,6.000000,0.300000,0.500000
794,0,0,5.000000,0.000000,0.500000
795,1,1,5.000000,0.000000,0.500000
796,0,0,5.000000,0.000000,0.500000
797,1,1,5.000000,0.000000,0.500000
798,1,1,5.000000,0.000000,0.500000
799,0,0,5.000000,0.000000,0.500000
800,0,0,5.000000,0.000000,0.500000
801,1,1,13.000000,0.900000,0.500000
802,1,1,10.000000,0.700000,0.500000
803,0,0,6.000000,0.300000,0.500000
804,0,0,12.000000,0.600000,0.500000
805,1,1,7.000000,0.600000,0.500000
806,0,0,5.000000,0.000000,0.500000
807,0,0,14.000000,0.900000,0.500000
808,1,1,9.000000,0.800000,0.500000
809,0,0,7.000000,0.600000,0.500000
810,0,0,5.000000,0.000000,0.500000
811,0,0,6.000000,0.300000,0.500000
812,0,0,9.000000,0.800000,0.500000
813,0,0,7.000000,0.600000,0.500000
814,1,1,9.000000,0.700000,0.500000
815,0,0,5.000000,0.000000,0.500000
816,1,1,7.000000,0.600000,0.500000
817,0,0,6.000000,0.300000,0.500000
818,0,0,5.000000,0.000000,0.500000
819,1,1,7.000000,0.600000,0.500000
820,1,1,11.000000,0.900000,0.500000
821,0,0,7.000000,0.600000,0.500000
822,0,0,5.000000,0.000000,0.500000
823,0,0,5.000000,0.000000,0.500000
824,0,0,9.000000,0.800000,0.500000
825,0,0,9.000000,0.800000,0.500000
826,0,1,6.000000,0.300000,0.500000
827,1,1,6.000000,0.300000,0.500000
828,1,1,6.000000,0.300000,0.500000
829,1,1,6.000000,0.300000,0.500000
830,1,0,6.000000,0.300000,0.500000
831,1,1,6.000000,0.300000,0.500000
832,0,0,6.000000,0.300000,0.500000
833,0,0,8.000000,0.600000,0.500000
834,1,1,10.000000,0.800000,0.500000
835,1,1,14.000000,0.900000,0.500000
836,1,1,5.000000,0.000000,0.500000
837,1,1,7.000000,0.600000,0.500000
838,1,1,5.000000,0.000000,0.500000
839,1,1,5.000000,0.000000,0.500000
840,0,0,10.000000,0.800000,0.500000
841,1,1,13.000000,0.900000,0.500000
842,1,0,12.000000,0.900000,0.500000
843,0,0,6.000000,0.300000,0.500000
844,1,0,6.000000,0.300000,0.500000
845,0,0,10.000000,0.800000,0.500000
846,1,1,5.000000,0.000000,0.500000
847,0,0,6.000000,0.300000,0.500000
848,1,1,5.000000,0.000000,0.500000
849,1,1,6.000000,0.300000,0.500000
850,0,0,6.000000,0.300000,0.500000
851,1,1,7.000000,0.600000,0.500000
852,1,1,5.000000,0.000000,0.500000
853,0,0,5.000000,0.000000,0.500000
854,0,0,7.000000,0.600000,0.500000
855,1,1,12.000000,0.900000,0.500000
856,1,1,5.000000,0.000000,0.500000
857,0,0,6.000000,0.300000,0.500000
858,0,0,8.000000,0.600000,0.500000
859,1,1,6.000000,0.300000,0.500000
860,1,1,6.000000,0.300000,0.500000
861,0,0,5.000000,0.000000,0.500000
862,0,0,5.000000,0.000000,0.500000
863,1,1,6.000000,0.300000,0.500000
864,0,0,6.000000,0.300000,0.500000
865,1,1,7.000000,0.600000,0.500000
866,1,1,5.000000,0.000000,0.500000
867,0,0,6.000000,0.300000,0.500000
868,1,1,10.000000,0.900000,0.500000
869,0,0,5.000000,0.000000,0.500000
870,1,1,5.000000,0.000000,0.500000
871,0,0,7.000000,0.600000,0.500000
872,0,0,11.000000,0.900000,0.500000
873,1,1,14.000000,0.900000,0.500000
874,1,1,7.000000,0.600000,0.500000
875,0,0,9.000000,0.700000,0.500000
876,1,1,6.000000,0.300000,0.500000
877,1,1,6.000000,0.300000,0.500000
878,1,1,6.000000,0.300000,0.500000
879,0,1,8.000000,0.500000,0.500000
880,0,0,8.000000,0.600000,0.500000
881,1,1,5.000000,0.000000,0.500000
882,1,1,9.000000,0.500000,0.500000
883,1,1,5.000000,0.000000,0.500000
884,0,0,5.000000,0.000000,0.500000
885,0,0,9.000000,0.700000,0.500000
886,1,1,7.000000,0.600000,0.500000
887,0,0,9.000000,0.800000,0.500000
888,0,0,5.000000,0.000000,0.500000
889,1,1,8.000000,0.700000,0.500000
890,1,1,5.000000,0.000000,0.500000
891,1,1,9.000000,0.800000,0.500000
892,0,0,7.000000,0.600000,0.500000
893,1,1,5.000000,0.000000,0.500000
894,0,0,6.000000,0.300000,0.500000
895,0,0,5.000000,0.000000,0.500000
896,0,1,12.000000,0.900000,0.500000
897,0,0,7.000000,0.600000,0.500000
898,0,0,6.000000,0.300000,0.500000
899,1,1,8.000000,0.500000,0.500000
900,0,0,5.000000,0.000000,0.500000
901,1,1,6.000000,0.300000,0.500000
902,0,0,17.000000,0.900000,0.500000
903,1,0,5.000000,0.000000,0.500000
904,0,0,6.000000,0.300000,0.500000
905,1,1,8.000000,0.900000,0.500000
906,1,1,6.000000,0.300000,0.500000
907,1,1,5.000000,0.000000,0.500000
908,0,0,5.000000,0.000000,0.500000
909,0,0,5.000000,0.000000,0.500000
910,1,1,14.000000,0.900000,0.500000
911,1,1,9.000000,0.800000,0.500000
912,1,1,11.000000,0.800000,0.500000
913,1,1,14.000000,0.900000,0.500000
914,0,0,7.000000,0.600000,0.500000
915,0,0,10.000000,0.800000,0.500000
916,1,1,6.000000,0.300000,0.500000
917,0,0,6.000000,0.300000,0.500000
918,1,1,5.000000,0.000000,0.500000
919,1,1,9.000000,0.800000,0.500000
920,1,1,7.000000,0.600000,0.500000
921,0,0,9.000000,0.500000,0.500000
922,1,1,5.000000,0.000000,0.500000
923,1,1,5.000000,0.000000,0.500000
924,0,0,9.000000,0.800000,0.500000
925,1,1,6.000000,0.300000,0.500000
926,1,1,22.000000,1.000000,0.500000
927,1,1,5.000000,0.000000,0.500000
928,0,0,9.000000,0.800000,0.500000
929,1,1,9.000000,0.700000,0.500000
930,0,0,7.000000,0.600000,0.500000
931,0,0,9.000000,0.500000,0.500000
932,0,0,9.000000,0.800000,0.500000
933,1,1,5.000000,0.000000,0.500000
934,1,1,9.000000,0.800000,0.500000
935,0,0,8.000000,0.800000,0.500000
936,1,1,5.000000,0.000000,0.500000
937,0,0,7.000000,0.600000,0.500000
938,1,1,8.000000,0.700000,0.500000
939,0,0,7.000000,0.600000,0.500000
940,0,0,5.000000,0.000000,0.500000
941,0,0,6.000000,0.300000,0.500000
942,0,0,7.000000,0.600000,0.500000
943,0,0,5.000000,0.000000,0.500000
944,0,0,7.000000,0.600000,0.500000
945,0,0,6.000000,0.300000,0.500000
946,0,0,9.000000,0.800000,0.500000
947,0,0,5.000000,0.000000,0.500000
948,1,1,5.000000,0.000000,0.500000
949,1,1,6.000000,0.300000,0.500000
950,0,0,5.000000,0.000000,0.500000
951,1,1,7.000000,0.600000,0.500000
952,0,0,10.000000,0.900000,0.500000
953,1,1,6.000000,0.300000,0.500000
954,1,1,9.000000,0.800000,0.500000
955,1,1,7.000000,0.600000,0.500000
956,0,0,8.000000,0.600000,0.500000
957,1,1,9.000000,0.800000,0.500000
958,1,1,14.000000,0.900000,0.500000
959,0,0,5.000000,0.000000,0.500000
960,0,0,5.000000,0.000000,0.500000
961,1,1,7.000000,0.600000,0.500000
962,1,1,10.000000,0.700000,0.500000
963,1,1,11.000000,0.800000,0.500000
964,0,0,8.000000,0.700000,0.500000
965,0,0,11.000000,0.900000,0.500000
966,0,0,6.000000,0.300000,0.500000
967,1,1,10.000000,0.800000,0.500000
968,1,1,6.000000,0.300000,0.500000
969,0,0,11.000000,0.900000,0.500000
970,0,0,6.000000,0.300000,0.500000
971,1,1,6.000000,0.300000,0.500000
972,1,1,5.000000,0.000000,0.500000
973,0,0,8.000000,0.700000,0.500000
974,1,1,7.000000,0.600000,0.500000
975,0,0,6.000000,0.300000,0.500000
976,0,0,6.000000,0.300000,0.500000
977,1,1,6.000000,0.300000,0.500000
978,1,1,6.000000,0.300000,0.500000
979,0,0,6.000000,0.300000,0.500000
980,0,1,10.000000,0.800000,0.500000
981,1,1,11.000000,0.700000,0.500000
982,1,1,5.000000,0.000000,0.500000
983,1,1,9.000000,0.800000,0.500000
984,1,1,6.000000,0.300000,0.500000
985,1,1,6.000000,0.300000,0.500000
986,1,1,7.000000,0.600000,0.500000
987,1,1,8.000000,0.500000,0.500000
988,1,1,8.000000,0.800000,0.500000
989,0,0,5.000000,0.000000,0.500000
990,1,1,6.000000,0.300000,0.500000
991,0,0,6.000000,0.300000,0.500000
992,0,0,8.000000,0.600000,0.500000
993,0,0,7.000000,0.600000,0.500000
994,0,0,7.000000,0.600000,0.500000
995,0,0,5.000000,0.000000,0.500000
996,1,1,5.000000,0.000000,0.500000
997,1,1,5.000000,0.000000,0.500000
998,1,0,7.000000,0.600000,0.500000
999,0,0,6.000000,0.300000,0.500000
WorkerID,Gamma,TrueGamma
462,0.455741,1.055584
798,0.426561,0.684761
184,0.503399,2.721579
296,0.454910,1.813865
248,0.484546,0.934438
979,0.483875,0.857746
192,0.523420,0.762090
813,0.541162,1.148168
929,0.483210,0.369912
67,0.533216,0.758328
54,0.482760,0.490338
808,0.491982,0.888369
71,0.478970,0.516221
766,0.533571,1.272218
706,0.496009,0.640648
967,0.446828,0.433309
195,0.484859,1.055230
756,0.484150,0.867422
652,0.480703,0.791601
781,0.502117,1.024629
141,0.469589,0.915466
18,0.439604,0.476223
174,0.478578,0.537266
486,0.463989,1.474963
92,0.556683,0.477006
601,0.532214,0.872967
23,0.524729,1.511400
891,0.496454,0.745832
360,0.499018,0.447257
817,0.461700,0.472060
560,0.520017,1.506380
115,0.514229,1.477526
920,0.506837,1.024471
108,0.480240,1.424837
700,0.517479,0.982199
259,0.519515,1.802922
568,0.621645,1.879835
182,0.469004,1.712466
866,0.575838,0.991636
623,0.551059,1.125453
962,0.484257,0.488074
176,0.453080,1.233040
800,0.462689,0.809389
916,0.491719,1.579181
918,0.480314,0.696976
926,0.465451,1.085254
388,0.585275,0.849493
411,0.452906,0.300595
209,0.477639,1.449152
269,0.498947,1.645317
950,0.521278,2.017207
838,0.537429,1.525286
657,0.486193,0.848523
633,0.411902,1.235503
934,0.468937,0.334376
792,0.425923,0.687194
40,0.570251,1.600307
917,0.474675,0.514844
963,0.517666,2.815638
304,0.527201,3.674873
549,0.559272,0.440538
421,0.476503,1.789848
282,0.581684,1.446291
426,0.483317,1.283673
727,0.594579,1.153257
600,0.476097,0.546980
130,0.557754,0.631307
441,0.476597,0.772866
517,0.483447,1.738883
279,0.497822,1.983348
446,0.484544,0.542498
14,0.514351,0.994950
900,0.467848,0.655904
820,0.480829,0.622673
531,0.472880,0.887475
520,0.540882,1.404041
394,0.537581,1.507166
788,0.568515,3.362766
632,0.488558,1.195515
919,0.545617,2.102900
925,0.441212,0.661467
635,0.567342,1.404162
654,0.541266,1.008496
824,0.510723,2.069217
412,0.583757,1.317363
683,0.563990,1.296221
884,0.537278,1.298675
9,0.555912,0.934300
645,0.438851,0.444094
877,0.517419,0.690556
970,0.545028,0.786769
262,0.440925,0.698083
784,0.459165,0.205252
649,0.489369,0.984544
352,0.580670,1.722693
277,0.534639,1.320263
43,0.505897,1.118689
489,0.451888,0.981423
674,0.607334,1.937266
935,0.418660,0.893864
831,0.557517,0.434668
179,0.525610,1.561828
846,0.467202,1.731115
231,0.523855,2.313610
33,0.539459,1.317283
31,0.532727,1.530149
180,0.601890,1.388778
627,0.553578,1.280870
154,0.566287,1.714007
151,0.498957,0.972157
380,0.462278,0.792378
122,0.523289,0.464909
945,0.475189,0.934838
704,0.497568,1.003941
273,0.490573,0.684044
663,0.549492,2.320986
613,0.516908,0.798044
261,0.481032,0.794462
241,0.594396,0.824109
541,0.452398,0.939316
975,0.418229,2.104278
723,0.503306,2.002408
834,0.469888,1.506021
473,0.447607,1.351332
890,0.582585,1.052205
210,0.542799,1.019823
947,0.503810,1.183071
306,0.451969,0.361825
323,0.597713,1.092294
825,0.474334,1.224283
2,0.493118,1.769609
510,0.551279,0.909985
868,0.553493,0.872317
641,0.441480,0.464397
814,0.570397,1.552614
465,0.473494,0.515404
751,0.591116,1.902711
501,0.467192,0.801020
833,0.431396,1.877933
457,0.482790,1.658275
612,0.468631,1.480982
459,0.535598,1.717502
356,0.518359,1.515924
324,0.522397,0.567981
830,0.494408,0.379145
595,0.474925,0.601940
359,0.487647,1.710684
260,0.519082,1.661503
874,0.576915,1.729675
419,0.538683,0.595958
173,0.538204,1.821216
485,0.471760,1.030769
242,0.547148,1.271435
217,0.462399,0.795846
302,0.437646,0.503553
782,0.465244,3.320639
699,0.537193,1.761820
909,0.437678,0.986436
341,0.581341,1.298354
960,0.512756,0.909455
769,0.551232,0.780146
257,0.512972,1.358978
939,0.497007,0.776955
579,0.435159,1.132325
588,0.418262,0.404371
89,0.499033,0.415991
954,0.452636,0.884121
569,0.519082,0.992050
383,0.481654,1.338859
289,0.543512,1.661902
982,0.579000,2.109683
348,0.396581,0.350180
86,0.493493,1.306024
385,0.555874,1.611787
295,0.429994,0.651800
844,0.496940,0.788245
744,0.540064,1.046389
665,0.476377,0.567853
780,0.445710,3.014912
988,0.488746,2.122945
77,0.484077,0.791912
822,0.536582,0.719632
734,0.564353,0.870834
27,0.462939,2.264042
37,0.544397,1.989436
25,0.480388,0.647302
928,0.530997,0.512710
247,0.499851,0.730781
561,0.488372,0.968361
581,0.463556,0.792226
321,0.523994,1.855165
484,0.518562,2.460483
362,0.509173,1.805915
460,0.459554,1.114994
153,0.476933,0.892972
555,0.477285,1.016496
219,0.526340,1.516698
498,0.553649,1.560645
494,0.549869,1.098895
795,0.587158,2.354849
315,0.495629,1.120571
644,0.494576,0.609486
902,0.506489,1.178985
898,0.530712,2.137288
188,0.548341,1.459681
735,0.435468,0.978727
946,0.471773,0.829232
98,0.470999,0.717727
418,0.448058,0.516803
132,0.599316,2.079801
887,0.447699,1.223484
955,0.457042,0.823610
535,0.505028,1.212892
998,0.475822,1.535706
84,0.500713,1.120882
491,0.456220,0.636506
396,0.593166,1.755566
653,0.561582,1.766869
96,0.538518,1.060904
893,0.566764,1.353900
52,0.543363,0.882941
147,0.501605,0.799751
166,0.500316,2.120016
297,0.536293,0.853290
776,0.507286,0.709684
593,0.470783,0.599665
812,0.523348,1.055347
923,0.578561,1.525799
429,0.649686,2.298231
207,0.563175,1.036507
370,0.441170,0.658999
361,0.528356,3.035083
996,0.624872,1.268988
206,0.636374,0.927820
509,0.526933,1.681734
227,0.530439,0.889903
274,0.594865,2.140179
51,0.545101,2.536628
221,0.530427,0.577549
112,0.443147,0.538221
915,0.497139,0.259755
797,0.491999,0.492896
146,0.529743,1.005619
64,0.574254,0.930895
143,0.586492,0.541122
417,0.490155,0.878004
703,0.527711,0.515955
303,0.623807,2.220698
931,0.579132,1.156331
889,0.511717,1.145840
313,0.554220,0.852673
251,0.568562,0.490242
687,0.485884,1.410132
126,0.544567,2.008116
994,0.629555,1.282069
746,0.515475,0.600587
109,0.579382,2.112934
291,0.648266,1.970262
145,0.581582,1.412522
266,0.461342,0.844469
116,0.528150,1.179370
740,0.497374,1.363141
17,0.501372,0.756633
698,0.506437,0.890883
791,0.566436,1.127571
771,0.522157,0.402041
95,0.566830,1.386747
476,0.490882,0.977460
335,0.575007,1.053865
860,0.475790,0.426864
276,0.489680,0.405437
864,0.559372,1.961299
690,0.595171,1.519187
789,0.508932,1.143287
44,0.477370,1.201064
944,0.504885,1.090571
199,0.597921,0.997903
692,0.516892,1.196446
367,0.546459,0.860759
448,0.580779,1.239580
528,0.483880,0.446900
742,0.488206,0.269903
414,0.573176,2.149861
715,0.552328,1.080282
267,0.550559,0.700682
354,0.561889,1.145840
214,0.469634,0.730021
477,0.479116,1.343370
454,0.516194,0.910639
342,0.472818,1.121457
36,0.482651,0.543753
686,0.489172,1.538628
230,0.472940,0.527169
670,0.563091,0.491666
666,0.498696,0.602100
557,0.573297,2.092263
752,0.556612,1.499645
343,0.557348,0.691391
622,0.547852,0.432848
536,0.537380,1.303125
856,0.495465,1.394166
678,0.464056,0.628493
705,0.486843,0.789457
837,0.559609,1.546580
881,0.530444,0.248861
215,0.588645,1.859944
42,0.617401,0.547743
861,0.495987,2.545600
534,0.547809,2.348706
512,0.594312,1.374548
168,0.563244,0.709137
716,0.719944,1.739310
537,0.615820,2.074919
420,0.606378,1.569602
216,0.545659,1.825074
319,0.517696,0.689563
149,0.596955,1.271975
157,0.601163,0.579657
382,0.517097,1.169908
745,0.596230,3.028675
961,0.598495,0.858373
265,0.583451,1.171663
983,0.519220,0.552600
134,0.481778,0.921624
578,0.662712,3.571470
416,0.476978,0.603811
226,0.547539,2.124763
118,0.471745,0.142442
434,0.521267,0.447759
159,0.510474,0.872652
34,0.595574,1.365397
333,0.588571,2.542083
725,0.514617,1.200141
381,0.460850,0.709283
865,0.545176,1.056134
803,0.521117,0.222414
1,0.557812,0.831918
584,0.496619,1.867277
172,0.595213,1.189842
88,0.633813,1.279241
563,0.588993,0.754429
355,0.483042,0.931643
224,0.582734,0.655116
264,0.540865,0.685394
959,0.496264,0.507519
977,0.505426,0.712026
904,0.535423,2.289277
314,0.561183,2.094250
500,0.516226,0.729316
135,0.540456,2.037236
317,0.495757,1.036276
680,0.572412,0.943388
332,0.530933,1.297060
651,0.625132,1.026312
667,0.485587,0.306375
974,0.530273,0.917474
848,0.446347,1.878827
72,0.460615,1.068089
741,0.482124,1.465067
451,0.553451,0.478663
271,0.556171,2.484291
912,0.480977,0.180486
299,0.525891,1.188795
463,0.515798,1.073363
841,0.530224,0.289633
125,0.626185,0.884107
621,0.509148,1.471523
400,0.489109,1.257374
759,0.628357,3.260977
648,0.562061,1.592958
111,0.500868,0.593315
357,0.595768,2.327803
995,0.550610,0.964720
211,0.511085,0.310043
619,0.506089,0.667967
748,0.642287,1.247165
32,0.436019,0.815880
835,0.607641,2.458494
15,0.523253,2.181559
987,0.539019,0.857562
390,0.550165,1.483274
171,0.551562,0.701220
851,0.482942,1.033173
779,0.560283,1.724884
818,0.518290,0.429112
256,0.561006,1.628894
551,0.554885,1.726892
22,0.624859,0.819200
158,0.535128,2.786333
6,0.466593,1.516044
428,0.523650,0.693363
371,0.696588,2.468548
684,0.583321,0.875591
406,0.464968,0.239788
163,0.540379,1.152282
240,0.588654,1.760441
943,0.535037,1.728297
193,0.517001,1.672292
969,0.506454,0.469121
743,0.551334,0.625584
702,0.518206,0.819982
787,0.556337,1.281396
372,0.472503,0.777530
718,0.560699,1.335473
344,0.508615,1.338601
527,0.518402,1.460787
662,0.607516,1.279194
553,0.554193,0.923472
786,0.512217,0.846927
870,0.523334,1.319344
177,0.568478,0.790940
783,0.499468,3.119225
521,0.495873,1.530329
424,0.497972,0.982182
863,0.496798,1.192081
908,0.470321,0.204186
989,0.512838,1.044370
453,0.541231,1.474735
758,0.473957,0.897870
187,0.572702,1.877877
567,0.451826,0.352867
634,0.602871,1.737897
21,0.573465,0.981627
576,0.544547,2.068872
169,0.572204,0.783970
554,0.513382,0.606938
47,0.580756,1.418719
0,0.487088,1.490108
809,0.554661,1.431545
767,0.563768,1.641653
875,0.525681,0.821547
148,0.444246,0.107603
63,0.516730,0.567131
695,0.454985,1.609504
19,0.516340,0.525206
608,0.506314,0.777103
461,0.551878,0.932225
263,0.527535,1.266980
968,0.565902,1.063999
433,0.474431,0.576961
679,0.487866,0.906680
986,0.562676,1.678251
197,0.678607,1.364321
325,0.644898,1.418497
892,0.511109,0.809371
757,0.499954,0.722755
543,0.514172,0.788615
330,0.627022,1.703951
552,0.606557,2.829828
539,0.570791,0.624534
225,0.472633,1.810111
161,0.515698,1.528274
133,0.470630,0.299482
591,0.544193,3.205345
697,0.492385,0.717333
811,0.487118,1.809419
879,0.533658,1.163172
114,0.689179,1.707157
329,0.609832,2.197680
353,0.591638,1.528467
603,0.519005,1.124483
761,0.541351,1.586245
307,0.526258,1.147598
572,0.540958,1.585535
198,0.631362,2.359091
337,0.528216,0.844217
671,0.475701,1.247578
481,0.634522,3.173114
530,0.542758,0.413080
432,0.593811,1.965672
442,0.556339,0.666493
403,0.540091,0.931885
942,0.523743,0.604140
677,0.476156,0.410836
455,0.551304,1.256810
550,0.618328,1.591074
821,0.528234,1.237499
366,0.530415,0.381459
164,0.484570,0.488303
439,0.557470,0.793266
12,0.599003,2.061351
895,0.526594,0.997037
208,0.516768,1.142193
878,0.517151,1.728760
836,0.554585,0.990335
404,0.549130,1.728471
363,0.500190,0.519580
882,0.529666,0.780363
711,0.522992,0.954228
544,0.513232,1.094485
937,0.610305,1.691704
958,0.441749,0.306275
339,0.639286,1.181349
499,0.539186,1.021831
513,0.554208,1.022644
538,0.609922,0.904902
56,0.482041,1.877960
66,0.526123,0.454014
87,0.560808,0.631751
3,0.556654,1.065351
827,0.572122,2.060286
162,0.618018,1.099090
80,0.614670,1.174223
805,0.513134,0.561501
760,0.497403,0.829438
318,0.633273,1.280017
849,0.601824,1.393875
953,0.621746,1.780659
826,0.554522,0.417654
964,0.591048,1.338937
669,0.626575,1.297817
435,0.581265,0.722555
236,0.640988,2.308695
205,0.556517,1.088474
128,0.548978,1.936640
815,0.573159,0.788170
124,0.523378,0.619417
932,0.518613,0.462640
799,0.624115,0.908155
502,0.598392,0.191540
589,0.655248,0.769394
873,0.586604,1.508077
223,0.576282,1.651374
694,0.503806,1.169442
121,0.558530,1.074894
322,0.649029,1.293015
625,0.601812,0.367686
365,0.539148,1.635312
102,0.535882,0.458025
714,0.589836,1.268573
105,0.576767,2.556124
425,0.615808,0.521592
189,0.490869,0.470522
840,0.605733,1.253545
770,0.751245,1.257735
796,0.621376,2.167610
464,0.678836,0.988190
626,0.576056,1.228245
933,0.693573,2.745360
708,0.586094,1.867294
693,0.540434,0.854956
436,0.612176,0.618415
907,0.566938,0.762369
368,0.558799,0.614718
685,0.622061,1.204677
903,0.560769,1.279127
712,0.519409,1.190772
194,0.656647,1.041853
468,0.576749,0.917638
281,0.589579,1.100035
474,0.577477,1.533479
60,0.573301,1.273609
832,0.644351,1.043922
524,0.687783,1.110492
288,0.568671,0.762438
646,0.568477,0.975502
395,0.580920,1.096840
738,0.671762,1.948628
55,0.553128,0.449351
518,0.757669,2.101964
806,0.614393,1.038297
144,0.612780,1.742757
658,0.583196,1.184139
316,0.595381,0.907641
409,0.614162,2.141850
119,0.558559,1.484476
110,0.543146,1.550760
980,0.572719,1.183794
924,0.608750,0.996116
596,0.538928,1.109976
408,0.603608,1.574597
423,0.503554,1.180825
717,0.656796,0.974881
127,0.515628,0.791470
10,0.572509,0.506795
62,0.620172,1.092267
326,0.546960,0.638260
624,0.624961,0.374182
845,0.605432,0.832896
922,0.587336,1.606832
777,0.648585,0.904339
232,0.522925,0.567234
123,0.562747,2.212395
762,0.540010,0.856183
202,0.622073,1.060569
956,0.605436,0.689237
347,0.637079,1.551548
443,0.540857,1.787902
871,0.641168,1.309065
238,0.698634,1.480775
867,0.524804,1.152863
575,0.533311,1.263418
183,0.629575,2.188374
901,0.511399,0.657731
602,0.602014,1.061894
81,0.608974,1.031184
239,0.568617,1.675008
196,0.488131,1.062418
701,0.606269,0.901122
854,0.592776,0.854315
5,0.588440,0.307512
949,0.539991,0.490434
940,0.591121,1.011984
235,0.546049,1.210864
117,0.510803,1.068084
495,0.593627,1.836000
984,0.556564,1.381777
340,0.520585,1.272223
286,0.550723,0.665735
843,0.576600,1.259439
139,0.582390,1.129956
449,0.577121,1.162446
852,0.596081,0.739266
293,0.550252,1.070670
650,0.648181,1.343000
938,0.534296,0.469162
38,0.600091,0.434028
853,0.548662,0.413880
533,0.526144,0.468646
475,0.537404,0.540732
249,0.604167,1.656493
899,0.482150,1.495666
452,0.524491,0.439917
268,0.617753,1.263656
842,0.555737,1.577734
83,0.487977,0.816391
886,0.664126,0.964292
415,0.508532,0.874596
971,0.606089,1.385199
719,0.626987,1.300948
894,0.567776,0.627385
747,0.560297,0.910426
850,0.491417,0.390144
204,0.602416,0.744628
252,0.745589,1.179452
598,0.583138,2.214628
754,0.563611,0.786656
346,0.722386,2.083072
185,0.589822,1.154884
713,0.622695,1.527136
255,0.502774,0.507494
885,0.542705,0.998352
906,0.602314,1.049685
160,0.634800,1.078552
606,0.575482,0.779311
458,0.724020,1.518648
582,0.733553,2.496186
631,0.590763,2.639446
165,0.549464,1.474409
387,0.615496,1.194077
140,0.654209,2.004492
628,0.734609,1.829827
228,0.595733,1.698929
617,0.523730,0.922148
981,0.554506,0.780092
244,0.619086,0.821443
190,0.715582,0.826688
245,0.656153,1.137550
374,0.518221,0.798565
284,0.584631,0.723603
847,0.549315,2.073201
768,0.521331,1.433951
345,0.664777,1.798510
76,0.679218,1.065285
283,0.604236,1.782178
639,0.531868,1.072289
305,0.664273,1.574437
100,0.583018,1.572841
540,0.551582,0.530642
523,0.613680,1.834136
691,0.637421,1.056565
75,0.488579,0.694045
50,0.518743,0.272840
914,0.582861,0.831463
546,0.556604,0.844303
69,0.589862,0.734275
755,0.658095,0.751699
369,0.493306,1.326547
504,0.615575,1.663961
175,0.718585,0.669360
82,0.566193,0.995651
896,0.547746,1.198733
488,0.640453,1.061905
775,0.601865,2.533734
120,0.720899,1.786185
336,0.631630,1.214121
285,0.515547,1.543025
470,0.707708,1.818717
793,0.657845,1.983470
594,0.639288,2.183642
358,0.736501,0.997308
320,0.633278,1.841646
857,0.531791,0.903551
186,0.531241,0.787809
46,0.562983,0.868724
479,0.766641,2.120034
496,0.668213,1.078594
556,0.598421,0.991986
101,0.731962,0.896516
65,0.707921,0.760231
972,0.563223,0.538086
246,0.658921,0.995677
574,0.666571,1.812331
49,0.552012,1.930309
688,0.581802,1.321843
234,0.568672,1.076042
992,0.628720,1.030803
430,0.568266,1.549134
823,0.597892,0.502668
778,0.627131,1.343439
258,0.605877,1.257507
883,0.581558,0.718151
566,0.577550,2.215581
90,0.630989,1.205182
57,0.583826,1.155949
816,0.585732,1.106836
278,0.582312,1.872473
275,0.551213,0.461963
737,0.617810,1.154737
668,0.538923,0.979607
471,0.592044,1.718214
391,0.603722,1.589381
618,0.568427,1.286706
59,0.553889,1.067360
749,0.581082,0.664628
573,0.608664,1.102527
397,0.619187,0.863494
24,0.639422,0.661036
682,0.546707,0.793187
580,0.690409,1.000291
483,0.665000,1.661033
722,0.614107,1.596659
616,0.599383,1.900718
487,0.603757,1.803556
53,0.731498,2.530244
728,0.598509,1.412638
170,0.584181,1.053042
772,0.582261,1.706348
897,0.653488,1.609097
991,0.602634,1.538447
587,0.574471,0.949003
103,0.550904,0.459866
869,0.590542,2.054613
178,0.619083,1.123368
156,0.571257,1.033392
13,0.521651,1.267681
810,0.579299,0.591920
375,0.629099,0.206348
564,0.515281,0.469729
559,0.624129,1.610699
438,0.641899,0.613069
402,0.542969,2.058155
104,0.687711,0.816387
689,0.682008,1.495074
859,0.526370,0.745453
519,0.686218,0.616349
610,0.634090,1.248266
413,0.676150,0.745984
707,0.667289,1.350848
222,0.730103,1.322558
349,0.707902,1.377361
990,0.622317,1.475357
472,0.706379,1.399645
310,0.678947,0.946442
721,0.636945,0.839310
8,0.795693,2.054827
490,0.606844,1.922765
739,0.559186,1.350738
577,0.621008,2.215542
620,0.620552,1.137402
469,0.553630,0.955339
545,0.606101,0.638926
191,0.554723,1.275269
70,0.535270,1.151382
410,0.561140,0.541002
763,0.586393,1.696181
807,0.534360,2.698576
445,0.573378,1.927733
957,0.599300,1.303970
607,0.693634,1.077472
106,0.538290,0.980586
243,0.545790,1.088037
774,0.617691,1.040725
790,0.521580,0.550025
948,0.653584,1.594708
492,0.605238,1.579006
659,0.653292,2.331200
384,0.532988,0.831052
467,0.563793,1.369398
444,0.586702,1.801951
78,0.593119,1.100726
480,0.578091,1.498139
951,0.534259,0.481691
828,0.588234,1.022938
927,0.632870,1.326401
732,0.612525,0.928203
20,0.669534,1.481015
629,0.559426,0.960675
656,0.708033,1.106033
422,0.663793,1.053770
309,0.620155,1.185081
966,0.595660,0.872936
48,0.724546,1.864914
696,0.727327,1.094793
142,0.794590,1.495143
399,0.649644,1.273825
614,0.558675,1.973351
287,0.569397,1.385209
505,0.573582,2.204914
93,0.616775,1.387870
802,0.601912,0.874213
254,0.585964,1.183461
218,0.552725,0.272334
525,0.529734,1.323620
61,0.571116,0.712529
522,0.608683,1.906226
300,0.639390,0.360508
660,0.526212,0.495365
999,0.615657,1.508811
880,0.598097,0.922848
280,0.625540,1.241687
542,0.584106,1.208282
941,0.629746,0.920909
655,0.617194,0.810961
131,0.673618,2.418382
35,0.572347,1.028525
427,0.660127,0.963365
377,0.568544,0.637531
26,0.579198,1.308389
41,0.609899,0.818959
378,0.678555,0.942667
379,0.632429,1.488917
113,0.650798,0.827687
638,0.639490,0.881345
229,0.571598,1.625515
233,0.628874,1.947464
973,0.665352,1.444353
508,0.658318,1.346822
570,0.691235,2.192948
590,0.648495,0.989166
673,0.638203,0.941012
493,0.667713,1.546962
94,0.544675,0.768467
364,0.724292,2.483105
515,0.577229,0.655725
312,0.647242,0.917885
272,0.571942,1.145678
212,0.569208,0.596026
993,0.693489,3.026662
911,0.571112,1.169901
676,0.577847,1.083099
129,0.717079,1.039862
753,0.623400,1.421214
585,0.668806,1.091215
203,0.726639,1.286938
68,0.603208,0.772984
250,0.569502,0.212515
597,0.652822,0.474833
503,0.589577,0.669026
773,0.603880,1.295253
407,0.649634,1.120502
253,0.618693,1.625500
7,0.691016,0.744468
294,0.729317,1.510397
819,0.637600,1.209997
630,0.605432,0.574083
85,0.688440,3.888110
150,0.740744,1.788721
611,0.542327,1.014072
389,0.640263,1.414439
447,0.573395,1.950029
440,0.678060,0.245884
311,0.588871,1.568655
327,0.631624,1.299017
558,0.631735,2.178966
478,0.684118,2.279062
642,0.675943,0.970713
952,0.562832,1.688480
562,0.611607,0.676968
672,0.594154,1.112307
731,0.726920,1.779486
45,0.625216,2.912709
301,0.583994,0.906148
529,0.565705,0.875584
107,0.660101,2.207263
647,0.612915,1.329238
350,0.666749,2.496816
201,0.645734,2.335576
985,0.674570,1.600313
28,0.737328,0.758501
308,0.619417,1.366978
565,0.590711,0.525511
393,0.639805,1.463225
965,0.705789,0.998465
298,0.654665,1.619966
829,0.648048,1.802451
858,0.624052,0.610390
532,0.604307,0.415187
724,0.663703,0.709015
936,0.704122,1.370618
709,0.661181,1.227022
862,0.568647,1.457901
978,0.682762,4.183775
270,0.679211,2.449049
661,0.691879,0.945598
456,0.881764,1.410775
507,0.733740,3.038766
839,0.668353,0.673865
431,0.631287,1.392476
726,0.661036,0.598589
905,0.713338,1.563527
997,0.653406,0.488746
615,0.723311,1.757536
29,0.588600,0.895381
30,0.621546,0.728901
79,0.659377,1.295200
39,0.615179,0.222750
876,0.732504,1.405201
730,0.581992,0.645689
152,0.695506,1.552991
155,0.664764,0.885715
855,0.756036,1.752720
516,0.587024,0.552887
664,0.656798,1.996854
710,0.630276,0.884549
351,0.678071,1.248061
750,0.645752,0.937567
872,0.794369,0.780789
930,0.666599,2.446263
450,0.703961,1.612629
497,0.656567,1.591369
785,0.568299,0.538785
605,0.681797,0.255581
167,0.747906,1.575826
331,0.634491,0.829387
11,0.696229,2.294608
913,0.692812,0.225468
640,0.713178,0.952099
138,0.695018,0.747728
921,0.704618,1.039291
73,0.645540,1.744527
637,0.703295,0.476902
526,0.686427,1.454445
794,0.669395,1.844825
586,0.589631,0.747081
386,0.650742,0.391313
736,0.792618,2.011080
804,0.598288,1.631733
334,0.606232,0.833838
97,0.683771,1.242083
514,0.650195,0.933140
571,0.691806,1.091551
136,0.634993,2.079686
4,0.628415,0.741513
729,0.799027,0.915001
200,0.699855,0.952434
720,0.716389,1.207746
392,0.653583,1.539789
609,0.754758,1.553343
506,0.679672,0.456819
91,0.672844,0.636547
137,0.717767,2.479630
511,0.695764,1.439576
910,0.710975,1.559642
592,0.609129,1.516236
764,0.722429,1.099454
58,0.693001,0.816159
675,0.688533,0.679908
733,0.676358,1.260216
437,0.633670,0.130868
548,0.794491,1.976519
290,0.650013,1.616281
16,0.732067,2.396053
292,0.752785,1.544990
376,0.753221,2.767380
604,0.776869,2.814886
482,0.714745,0.819944
547,0.808556,0.931337
765,0.795253,1.162617
801,0.762685,1.831562
583,0.633603,0.528666
401,0.838841,2.154548
237,0.694888,0.535025
99,0.697854,0.774081
398,0.659632,0.668930
976,0.716213,0.903551
220,0.660925,1.520767
74,0.692170,1.033751
328,0.743826,1.131926
643,0.713389,1.593921
681,0.692777,2.696487
466,0.649859,2.084929
373,0.776441,0.610122
213,0.684008,0.395220
338,0.661323,1.370408
599,0.804007,1.738405
888,0.735866,0.519945
405,0.752962,0.974623
181,0.787137,2.659356
636,0.742743,1.285648
Average Cost: 7.500000
Accuracy: 95.300000
Accuracy 0: 100.000000
Cost 0: 5.000000
Accuracy 1: 100.000000
Cost 1: 5.000000
Accuracy 2: 100.000000
Cost 2: 5.000000
Accuracy 3: 100.000000
Cost 3: 5.000000
Accuracy 4: 100.000000
Cost 4: 5.000000
Accuracy 5: 100.000000
Cost 5: 5.000000
Accuracy 6: 100.000000
Cost 6: 5.000000
Accuracy 7: 100.000000
Cost 7: 5.000000
Accuracy 8: 100.000000
Cost 8: 5.000000
Accuracy 9: 100.000000
Cost 9: 5.000000
