Expert cost: 10Unclassified Num: 0Number of Worker Pools: 1
Number of Workers in Pool 1: 100
Original mean,standardDev for Pool 1: 1.000000,0.200000
Number of Workers in Pool 2: 100
Original mean,standardDev for Pool 2: 1.000000,0.200000
Number of Problems: 1000
ProblemNo,Answer,TrueAnswer,Cost,Difficulty,TrueDifficulty
0,1,1,5.000000,0.000000,0.500000
1,0,0,5.000000,0.000000,0.500000
2,0,0,5.000000,0.000000,0.500000
3,1,1,8.000000,0.800000,0.500000
4,0,0,8.000000,0.600000,0.500000
5,1,1,8.000000,0.600000,0.500000
6,1,1,16.000000,0.900000,0.500000
7,1,1,7.000000,0.300000,0.500000
8,0,0,10.000000,0.900000,0.500000
9,1,1,7.000000,0.300000,0.500000
10,0,0,13.000000,0.800000,0.500000
11,1,1,7.000000,0.300000,0.500000
12,0,0,8.000000,0.600000,0.500000
13,1,1,7.000000,0.300000,0.500000
14,0,0,5.000000,0.000000,0.500000
15,1,1,8.000000,0.600000,0.500000
16,0,0,5.000000,0.000000,0.500000
17,1,1,14.000000,0.700000,0.500000
18,1,1,8.000000,0.600000,0.500000
19,1,1,17.000000,1.000000,0.500000
20,1,1,11.000000,0.700000,0.500000
21,1,1,7.000000,0.300000,0.500000
22,1,1,9.000000,0.800000,0.500000
23,1,1,5.000000,0.000000,0.500000
24,1,1,5.000000,0.000000,0.500000
25,0,0,8.000000,0.600000,0.500000
26,1,1,11.000000,0.900000,0.500000
27,1,1,9.000000,0.500000,0.500000
28,1,1,5.000000,0.000000,0.500000
29,1,1,5.000000,0.000000,0.500000
30,1,1,5.000000,0.000000,0.500000
31,0,0,8.000000,0.600000,0.500000
32,0,0,11.000000,0.700000,0.500000
33,1,1,15.000000,0.900000,0.500000
34,0,0,5.000000,0.000000,0.500000
35,1,1,5.000000,0.000000,0.500000
36,1,1,7.000000,0.300000,0.500000
37,1,1,5.000000,0.000000,0.500000
38,1,1,8.000000,0.600000,0.500000
39,0,0,7.000000,0.300000,0.500000
40,0,0,7.000000,0.300000,0.500000
41,0,1,8.000000,0.600000,0.500000
42,0,0,9.000000,0.600000,0.500000
43,0,0,10.000000,0.800000,0.500000
44,0,0,14.000000,0.800000,0.500000
45,1,1,5.000000,0.000000,0.500000
46,0,0,5.000000,0.000000,0.500000
47,1,1,8.000000,0.600000,0.500000
48,1,1,5.000000,0.000000,0.500000
49,0,0,8.000000,0.600000,0.500000
50,0,0,7.000000,0.300000,0.500000
51,1,1,7.000000,0.300000,0.500000
52,1,1,25.000000,1.000000,0.500000
53,0,0,5.000000,0.000000,0.500000
54,0,0,5.000000,0.000000,0.500000
55,0,0,11.000000,0.900000,0.500000
56,1,1,5.000000,0.000000,0.500000
57,1,1,7.000000,0.300000,0.500000
58,1,1,14.000000,0.800000,0.500000
59,1,1,10.000000,0.700000,0.500000
60,0,0,8.000000,0.700000,0.500000
61,1,1,8.000000,0.600000,0.500000
62,1,1,8.000000,0.600000,0.500000
63,1,1,8.000000,0.600000,0.500000
64,0,0,7.000000,0.300000,0.500000
65,0,1,8.000000,0.900000,0.500000
66,1,1,5.000000,0.000000,0.500000
67,1,1,8.000000,0.600000,0.500000
68,1,1,9.000000,0.500000,0.500000
69,1,1,7.000000,0.300000,0.500000
70,1,1,5.000000,0.000000,0.500000
71,0,0,15.000000,0.800000,0.500000
72,0,0,8.000000,0.600000,0.500000
73,0,0,5.000000,0.000000,0.500000
74,0,0,9.000000,0.700000,0.500000
75,1,1,5.000000,0.000000,0.500000
76,0,0,7.000000,0.300000,0.500000
77,1,1,7.000000,0.300000,0.500000
78,1,0,5.000000,0.000000,0.500000
79,0,0,8.000000,0.600000,0.500000
80,1,1,5.000000,0.000000,0.500000
81,1,1,7.000000,0.300000,0.500000
82,0,0,9.000000,0.900000,0.500000
83,0,0,7.000000,0.300000,0.500000
84,1,1,7.000000,0.300000,0.500000
85,0,0,7.000000,0.300000,0.500000
86,0,0,7.000000,0.300000,0.500000
87,1,1,11.000000,0.700000,0.500000
88,0,0,9.000000,0.500000,0.500000
89,0,0,7.000000,0.300000,0.500000
90,1,1,14.000000,0.900000,0.500000
91,1,1,8.000000,0.600000,0.500000
92,0,0,9.000000,0.800000,0.500000
93,1,1,23.000000,1.000000,0.500000
94,0,1,15.000000,0.900000,0.500000
95,1,1,10.000000,0.800000,0.500000
96,1,1,10.000000,0.800000,0.500000
97,1,1,8.000000,0.600000,0.500000
98,1,1,8.000000,0.600000,0.500000
99,0,0,21.000000,0.900000,0.500000
100,0,0,8.000000,0.600000,0.500000
101,0,0,13.000000,0.900000,0.500000
102,1,1,8.000000,0.600000,0.500000
103,0,0,8.000000,0.600000,0.500000
104,1,1,7.000000,0.300000,0.500000
105,0,0,7.000000,0.300000,0.500000
106,1,1,5.000000,0.000000,0.500000
107,1,1,7.000000,0.300000,0.500000
108,0,0,8.000000,0.600000,0.500000
109,1,1,7.000000,0.300000,0.500000
110,1,1,9.000000,0.800000,0.500000
111,1,1,5.000000,0.000000,0.500000
112,0,0,21.000000,1.000000,0.500000
113,1,1,5.000000,0.000000,0.500000
114,0,0,8.000000,0.600000,0.500000
115,1,1,8.000000,0.600000,0.500000
116,0,0,5.000000,0.000000,0.500000
117,1,1,7.000000,0.300000,0.500000
118,1,1,8.000000,0.600000,0.500000
119,1,1,8.000000,0.600000,0.500000
120,0,0,8.000000,0.600000,0.500000
121,1,0,13.000000,0.900000,0.500000
122,0,0,15.000000,0.900000,0.500000
123,0,0,8.000000,0.600000,0.500000
124,0,0,9.000000,0.800000,0.500000
125,0,0,7.000000,0.300000,0.500000
126,0,0,7.000000,0.300000,0.500000
127,0,0,10.000000,0.700000,0.500000
128,1,1,7.000000,0.300000,0.500000
129,0,0,7.000000,0.300000,0.500000
130,1,1,5.000000,0.000000,0.500000
131,0,0,8.000000,0.900000,0.500000
132,1,1,5.000000,0.000000,0.500000
133,0,0,5.000000,0.000000,0.500000
134,1,1,20.000000,0.900000,0.500000
135,0,0,5.000000,0.000000,0.500000
136,0,0,8.000000,0.800000,0.500000
137,1,1,10.000000,0.700000,0.500000
138,1,1,11.000000,0.900000,0.500000
139,0,0,5.000000,0.000000,0.500000
140,0,0,5.000000,0.000000,0.500000
141,0,0,7.000000,0.300000,0.500000
142,0,0,10.000000,0.700000,0.500000
143,1,1,10.000000,0.700000,0.500000
144,1,1,8.000000,0.600000,0.500000
145,0,0,8.000000,0.600000,0.500000
146,1,1,5.000000,0.000000,0.500000
147,1,1,9.000000,0.800000,0.500000
148,0,0,7.000000,0.300000,0.500000
149,0,0,5.000000,0.000000,0.500000
150,1,1,8.000000,0.600000,0.500000
151,0,0,5.000000,0.000000,0.500000
152,0,0,5.000000,0.000000,0.500000
153,1,1,9.000000,0.700000,0.500000
154,1,1,5.000000,0.000000,0.500000
155,1,1,8.000000,0.600000,0.500000
156,1,1,12.000000,0.900000,0.500000
157,0,0,13.000000,0.800000,0.500000
158,1,1,8.000000,0.600000,0.500000
159,1,1,8.000000,0.900000,0.500000
160,1,1,5.000000,0.000000,0.500000
161,0,0,9.000000,0.900000,0.500000
162,1,1,8.000000,0.900000,0.500000
163,1,1,9.000000,0.500000,0.500000
164,0,0,11.000000,0.900000,0.500000
165,0,0,10.000000,0.700000,0.500000
166,1,1,5.000000,0.000000,0.500000
167,1,1,8.000000,0.600000,0.500000
168,1,1,9.000000,0.800000,0.500000
169,0,0,11.000000,0.700000,0.500000
170,1,1,9.000000,0.600000,0.500000
171,1,1,5.000000,0.000000,0.500000
172,0,0,8.000000,0.600000,0.500000
173,1,1,9.000000,0.500000,0.500000
174,0,0,5.000000,0.000000,0.500000
175,0,0,5.000000,0.000000,0.500000
176,1,1,9.000000,0.800000,0.500000
177,1,1,12.000000,0.800000,0.500000
178,1,1,10.000000,0.900000,0.500000
179,1,1,9.000000,0.500000,0.500000
180,0,0,7.000000,0.300000,0.500000
181,0,0,9.000000,0.600000,0.500000
182,0,0,9.000000,0.800000,0.500000
183,1,1,7.000000,0.300000,0.500000
184,1,1,13.000000,0.800000,0.500000
185,0,0,12.000000,0.800000,0.500000
186,0,0,8.000000,0.600000,0.500000
187,1,1,10.000000,0.700000,0.500000
188,0,0,5.000000,0.000000,0.500000
189,0,0,10.000000,0.700000,0.500000
190,1,1,8.000000,0.600000,0.500000
191,1,1,5.000000,0.000000,0.500000
192,0,0,8.000000,0.600000,0.500000
193,0,1,9.000000,0.800000,0.500000
194,0,0,21.000000,0.900000,0.500000
195,0,0,5.000000,0.000000,0.500000
196,0,0,8.000000,0.600000,0.500000
197,1,1,9.000000,0.500000,0.500000
198,1,1,10.000000,0.900000,0.500000
199,0,0,7.000000,0.300000,0.500000
200,1,1,8.000000,0.600000,0.500000
201,1,1,7.000000,0.300000,0.500000
202,0,0,8.000000,0.700000,0.500000
203,0,0,5.000000,0.000000,0.500000
204,0,0,5.000000,0.000000,0.500000
205,0,0,15.000000,0.900000,0.500000
206,0,0,7.000000,0.300000,0.500000
207,0,0,8.000000,0.600000,0.500000
208,1,1,9.000000,0.700000,0.500000
209,0,0,13.000000,0.800000,0.500000
210,0,0,8.000000,0.600000,0.500000
211,0,0,8.000000,0.600000,0.500000
212,0,0,7.000000,0.300000,0.500000
213,1,1,8.000000,0.600000,0.500000
214,1,1,8.000000,0.600000,0.500000
215,0,0,7.000000,0.300000,0.500000
216,1,1,19.000000,0.900000,0.500000
217,0,0,9.000000,0.800000,0.500000
218,1,1,7.000000,0.300000,0.500000
219,1,1,10.000000,0.700000,0.500000
220,0,0,8.000000,0.600000,0.500000
221,0,0,7.000000,0.300000,0.500000
222,0,0,5.000000,0.000000,0.500000
223,0,0,5.000000,0.000000,0.500000
224,1,0,11.000000,0.800000,0.500000
225,0,0,15.000000,0.900000,0.500000
226,0,0,12.000000,1.000000,0.500000
227,0,0,10.000000,0.700000,0.500000
228,0,0,5.000000,0.000000,0.500000
229,1,1,7.000000,0.300000,0.500000
230,1,1,5.000000,0.000000,0.500000
231,1,1,8.000000,0.600000,0.500000
232,0,0,7.000000,0.300000,0.500000
233,1,1,7.000000,0.300000,0.500000
234,1,1,5.000000,0.000000,0.500000
235,0,0,7.000000,0.300000,0.500000
236,1,1,5.000000,0.000000,0.500000
237,1,1,7.000000,0.300000,0.500000
238,0,0,5.000000,0.000000,0.500000
239,1,1,5.000000,0.000000,0.500000
240,0,0,8.000000,0.800000,0.500000
241,1,1,13.000000,0.900000,0.500000
242,1,1,5.000000,0.000000,0.500000
243,0,0,8.000000,0.600000,0.500000
244,0,0,5.000000,0.000000,0.500000
245,0,0,10.000000,0.700000,0.500000
246,0,0,9.000000,0.800000,0.500000
247,1,1,14.000000,1.000000,0.500000
248,1,1,8.000000,0.600000,0.500000
249,1,1,8.000000,0.600000,0.500000
250,0,0,7.000000,0.300000,0.500000
251,0,0,7.000000,0.300000,0.500000
252,0,0,12.000000,0.900000,0.500000
253,1,1,7.000000,0.300000,0.500000
254,0,0,5.000000,0.000000,0.500000
255,0,0,8.000000,0.600000,0.500000
256,1,1,21.000000,0.900000,0.500000
257,0,0,8.000000,0.600000,0.500000
258,0,0,9.000000,0.500000,0.500000
259,0,0,5.000000,0.000000,0.500000
260,1,1,8.000000,0.600000,0.500000
261,1,1,5.000000,0.000000,0.500000
262,1,1,9.000000,0.600000,0.500000
263,0,0,7.000000,0.300000,0.500000
264,1,1,5.000000,0.000000,0.500000
265,0,0,7.000000,0.300000,0.500000
266,1,1,11.000000,0.800000,0.500000
267,0,0,8.000000,0.600000,0.500000
268,0,0,7.000000,0.300000,0.500000
269,0,0,7.000000,0.300000,0.500000
270,0,0,7.000000,0.300000,0.500000
271,0,0,8.000000,0.900000,0.500000
272,0,0,7.000000,0.300000,0.500000
273,1,1,5.000000,0.000000,0.500000
274,1,1,8.000000,0.600000,0.500000
275,0,0,7.000000,0.300000,0.500000
276,1,1,7.000000,0.300000,0.500000
277,0,0,8.000000,0.600000,0.500000
278,0,0,5.000000,0.000000,0.500000
279,1,1,5.000000,0.000000,0.500000
280,1,1,7.000000,0.300000,0.500000
281,1,1,7.000000,0.300000,0.500000
282,0,0,10.000000,0.800000,0.500000
283,1,1,8.000000,0.600000,0.500000
284,1,1,7.000000,0.300000,0.500000
285,0,0,9.000000,0.900000,0.500000
286,0,0,7.000000,0.300000,0.500000
287,1,1,5.000000,0.000000,0.500000
288,0,0,9.000000,0.800000,0.500000
289,1,1,8.000000,0.600000,0.500000
290,0,0,8.000000,0.600000,0.500000
291,1,0,8.000000,0.900000,0.500000
292,0,0,7.000000,0.300000,0.500000
293,0,0,12.000000,0.800000,0.500000
294,1,1,8.000000,0.600000,0.500000
295,0,0,9.000000,0.500000,0.500000
296,1,1,7.000000,0.300000,0.500000
297,1,1,10.000000,0.700000,0.500000
298,0,0,5.000000,0.000000,0.500000
299,0,0,16.000000,0.900000,0.500000
300,1,1,24.000000,1.000000,0.500000
301,0,0,8.000000,0.600000,0.500000
302,1,1,8.000000,0.600000,0.500000
303,1,1,8.000000,0.700000,0.500000
304,0,0,5.000000,0.000000,0.500000
305,1,1,7.000000,0.300000,0.500000
306,0,0,5.000000,0.000000,0.500000
307,0,0,5.000000,0.000000,0.500000
308,1,1,5.000000,0.000000,0.500000
309,1,1,8.000000,0.600000,0.500000
310,0,0,7.000000,0.300000,0.500000
311,1,0,13.000000,1.000000,0.500000
312,0,0,11.000000,0.700000,0.500000
313,0,0,16.000000,0.900000,0.500000
314,1,1,10.000000,0.900000,0.500000
315,1,1,18.000000,1.000000,0.500000
316,0,0,9.000000,0.600000,0.500000
317,0,0,7.000000,0.300000,0.500000
318,1,1,7.000000,0.300000,0.500000
319,0,0,9.000000,0.700000,0.500000
320,0,0,12.000000,1.000000,0.500000
321,0,0,7.000000,0.300000,0.500000
322,0,0,7.000000,0.300000,0.500000
323,0,0,7.000000,0.300000,0.500000
324,0,0,11.000000,0.900000,0.500000
325,0,0,7.000000,0.300000,0.500000
326,0,0,5.000000,0.000000,0.500000
327,0,0,9.000000,0.500000,0.500000
328,0,0,11.000000,0.700000,0.500000
329,1,1,9.000000,0.800000,0.500000
330,0,0,7.000000,0.300000,0.500000
331,1,1,7.000000,0.300000,0.500000
332,1,1,8.000000,0.600000,0.500000
333,1,1,5.000000,0.000000,0.500000
334,1,1,9.000000,0.500000,0.500000
335,0,0,7.000000,0.300000,0.500000
336,0,0,7.000000,0.300000,0.500000
337,0,0,5.000000,0.000000,0.500000
338,1,1,10.000000,0.700000,0.500000
339,1,1,5.000000,0.000000,0.500000
340,0,0,13.000000,0.700000,0.500000
341,1,1,5.000000,0.000000,0.500000
342,1,1,7.000000,0.300000,0.500000
343,1,1,9.000000,0.500000,0.500000
344,0,0,5.000000,0.000000,0.500000
345,1,1,7.000000,0.300000,0.500000
346,1,1,7.000000,0.300000,0.500000
347,0,0,7.000000,0.300000,0.500000
348,1,1,10.000000,0.900000,0.500000
349,0,0,5.000000,0.000000,0.500000
350,1,1,7.000000,0.300000,0.500000
351,1,1,8.000000,0.800000,0.500000
352,1,1,5.000000,0.000000,0.500000
353,0,0,5.000000,0.000000,0.500000
354,0,0,8.000000,0.600000,0.500000
355,1,1,5.000000,0.000000,0.500000
356,1,1,7.000000,0.300000,0.500000
357,1,1,8.000000,0.900000,0.500000
358,0,0,5.000000,0.000000,0.500000
359,0,0,7.000000,0.300000,0.500000
360,1,1,9.000000,0.800000,0.500000
361,1,1,21.000000,0.900000,0.500000
362,1,1,5.000000,0.000000,0.500000
363,0,0,14.000000,0.800000,0.500000
364,1,1,10.000000,0.700000,0.500000
365,1,1,9.000000,0.500000,0.500000
366,1,1,5.000000,0.000000,0.500000
367,1,1,8.000000,0.800000,0.500000
368,1,1,7.000000,0.300000,0.500000
369,0,0,19.000000,1.000000,0.500000
370,1,1,5.000000,0.000000,0.500000
371,1,1,10.000000,0.700000,0.500000
372,1,1,5.000000,0.000000,0.500000
373,1,1,7.000000,0.300000,0.500000
374,0,0,8.000000,0.600000,0.500000
375,1,1,7.000000,0.300000,0.500000
376,0,0,8.000000,0.600000,0.500000
377,1,1,7.000000,0.300000,0.500000
378,0,0,5.000000,0.000000,0.500000
379,0,0,5.000000,0.000000,0.500000
380,0,0,8.000000,0.700000,0.500000
381,1,1,7.000000,0.300000,0.500000
382,1,1,5.000000,0.000000,0.500000
383,1,1,8.000000,0.600000,0.500000
384,1,1,13.000000,0.800000,0.500000
385,1,1,8.000000,0.600000,0.500000
386,0,0,11.000000,0.900000,0.500000
387,0,0,13.000000,0.900000,0.500000
388,0,0,8.000000,0.600000,0.500000
389,0,1,14.000000,0.900000,0.500000
390,0,0,7.000000,0.300000,0.500000
391,0,0,12.000000,0.800000,0.500000
392,1,1,5.000000,0.000000,0.500000
393,0,0,12.000000,0.900000,0.500000
394,0,0,14.000000,0.800000,0.500000
395,1,1,5.000000,0.000000,0.500000
396,1,1,9.000000,0.700000,0.500000
397,0,0,9.000000,0.500000,0.500000
398,0,0,7.000000,0.300000,0.500000
399,0,0,5.000000,0.000000,0.500000
400,1,1,5.000000,0.000000,0.500000
401,0,0,10.000000,0.700000,0.500000
402,0,0,5.000000,0.000000,0.500000
403,1,1,12.000000,0.900000,0.500000
404,1,1,7.000000,0.300000,0.500000
405,0,0,8.000000,0.800000,0.500000
406,0,0,11.000000,0.700000,0.500000
407,0,0,8.000000,0.800000,0.500000
408,1,1,8.000000,0.600000,0.500000
409,1,1,14.000000,0.900000,0.500000
410,1,1,7.000000,0.300000,0.500000
411,0,0,8.000000,0.800000,0.500000
412,1,1,7.000000,0.300000,0.500000
413,0,0,8.000000,0.600000,0.500000
414,1,1,7.000000,0.300000,0.500000
415,1,1,5.000000,0.000000,0.500000
416,1,1,7.000000,0.300000,0.500000
417,1,1,5.000000,0.000000,0.500000
418,1,1,13.000000,0.900000,0.500000
419,0,0,5.000000,0.000000,0.500000
420,1,1,15.000000,0.700000,0.500000
421,1,1,7.000000,0.300000,0.500000
422,0,0,14.000000,1.000000,0.500000
423,0,0,12.000000,0.900000,0.500000
424,0,0,7.000000,0.300000,0.500000
425,1,1,9.000000,0.500000,0.500000
426,0,0,14.000000,0.900000,0.500000
427,1,1,8.000000,0.600000,0.500000
428,1,1,7.000000,0.300000,0.500000
429,1,1,5.000000,0.000000,0.500000
430,1,1,10.000000,0.700000,0.500000
431,1,1,7.000000,0.300000,0.500000
432,1,1,7.000000,0.300000,0.500000
433,0,0,8.000000,0.600000,0.500000
434,1,1,7.000000,0.300000,0.500000
435,1,1,7.000000,0.300000,0.500000
436,0,0,8.000000,0.600000,0.500000
437,1,1,11.000000,0.900000,0.500000
438,0,0,5.000000,0.000000,0.500000
439,1,1,10.000000,0.700000,0.500000
440,1,1,16.000000,0.900000,0.500000
441,1,1,8.000000,0.600000,0.500000
442,0,0,5.000000,0.000000,0.500000
443,1,1,7.000000,0.300000,0.500000
444,0,0,7.000000,0.300000,0.500000
445,0,0,8.000000,0.600000,0.500000
446,1,1,5.000000,0.000000,0.500000
447,1,1,5.000000,0.000000,0.500000
448,1,1,12.000000,0.600000,0.500000
449,1,1,7.000000,0.300000,0.500000
450,1,1,7.000000,0.300000,0.500000
451,1,1,5.000000,0.000000,0.500000
452,1,1,7.000000,0.300000,0.500000
453,0,0,8.000000,0.600000,0.500000
454,0,0,9.000000,0.900000,0.500000
455,1,1,10.000000,0.800000,0.500000
456,1,1,5.000000,0.000000,0.500000
457,0,0,5.000000,0.000000,0.500000
458,0,0,7.000000,0.300000,0.500000
459,0,0,5.000000,0.000000,0.500000
460,0,0,17.000000,0.800000,0.500000
461,1,1,7.000000,0.300000,0.500000
462,0,0,7.000000,0.300000,0.500000
463,1,1,5.000000,0.000000,0.500000
464,1,1,5.000000,0.000000,0.500000
465,0,0,9.000000,0.800000,0.500000
466,0,1,18.000000,0.900000,0.500000
467,1,1,7.000000,0.300000,0.500000
468,1,1,8.000000,0.600000,0.500000
469,1,1,7.000000,0.300000,0.500000
470,0,0,7.000000,0.300000,0.500000
471,0,0,5.000000,0.000000,0.500000
472,0,0,12.000000,0.600000,0.500000
473,0,0,10.000000,0.900000,0.500000
474,1,1,12.000000,0.800000,0.500000
475,0,0,7.000000,0.300000,0.500000
476,0,0,8.000000,0.600000,0.500000
477,0,0,7.000000,0.300000,0.500000
478,0,0,15.000000,0.900000,0.500000
479,1,1,9.000000,0.500000,0.500000
480,0,0,9.000000,0.600000,0.500000
481,1,1,9.000000,0.500000,0.500000
482,1,1,5.000000,0.000000,0.500000
483,0,0,10.000000,0.700000,0.500000
484,0,0,9.000000,0.700000,0.500000
485,0,0,7.000000,0.300000,0.500000
486,1,1,9.000000,0.800000,0.500000
487,1,1,8.000000,0.600000,0.500000
488,1,1,7.000000,0.300000,0.500000
489,0,0,8.000000,0.600000,0.500000
490,1,1,5.000000,0.000000,0.500000
491,1,1,12.000000,0.900000,0.500000
492,0,0,9.000000,0.800000,0.500000
493,1,1,5.000000,0.000000,0.500000
494,1,1,7.000000,0.300000,0.500000
495,1,1,7.000000,0.300000,0.500000
496,1,1,8.000000,0.600000,0.500000
497,0,0,10.000000,0.800000,0.500000
498,0,0,7.000000,0.300000,0.500000
499,1,1,7.000000,0.300000,0.500000
500,1,1,7.000000,0.300000,0.500000
501,0,0,8.000000,0.600000,0.500000
502,0,0,7.000000,0.300000,0.500000
503,1,1,8.000000,0.600000,0.500000
504,1,1,14.000000,0.700000,0.500000
505,0,0,8.000000,0.600000,0.500000
506,1,1,14.000000,0.900000,0.500000
507,0,0,10.000000,0.800000,0.500000
508,1,1,5.000000,0.000000,0.500000
509,1,1,5.000000,0.000000,0.500000
510,1,1,7.000000,0.300000,0.500000
511,0,0,8.000000,0.600000,0.500000
512,0,0,7.000000,0.300000,0.500000
513,0,0,8.000000,0.600000,0.500000
514,0,0,5.000000,0.000000,0.500000
515,1,1,5.000000,0.000000,0.500000
516,1,1,10.000000,0.900000,0.500000
517,0,0,7.000000,0.300000,0.500000
518,0,0,7.000000,0.300000,0.500000
519,0,0,9.000000,0.700000,0.500000
520,1,1,8.000000,0.600000,0.500000
521,1,1,8.000000,0.600000,0.500000
522,1,1,9.000000,0.600000,0.500000
523,1,1,7.000000,0.300000,0.500000
524,0,0,8.000000,0.600000,0.500000
525,1,1,5.000000,0.000000,0.500000
526,0,0,11.000000,0.700000,0.500000
527,1,1,11.000000,0.900000,0.500000
528,1,1,7.000000,0.300000,0.500000
529,0,0,8.000000,0.600000,0.500000
530,0,0,7.000000,0.300000,0.500000
531,0,0,9.000000,0.600000,0.500000
532,0,1,5.000000,0.000000,0.500000
533,1,1,7.000000,0.300000,0.500000
534,1,1,7.000000,0.300000,0.500000
535,1,1,7.000000,0.300000,0.500000
536,1,1,9.000000,0.500000,0.500000
537,0,0,10.000000,0.700000,0.500000
538,1,0,15.000000,0.900000,0.500000
539,0,0,13.000000,0.800000,0.500000
540,1,1,7.000000,0.300000,0.500000
541,1,1,7.000000,0.300000,0.500000
542,0,0,10.000000,0.700000,0.500000
543,1,1,5.000000,0.000000,0.500000
544,1,1,8.000000,0.600000,0.500000
545,0,0,8.000000,0.600000,0.500000
546,0,0,5.000000,0.000000,0.500000
547,0,0,8.000000,0.600000,0.500000
548,0,0,5.000000,0.000000,0.500000
549,1,1,8.000000,0.600000,0.500000
550,1,1,9.000000,0.800000,0.500000
551,0,0,7.000000,0.300000,0.500000
552,0,0,16.000000,0.900000,0.500000
553,0,0,9.000000,0.700000,0.500000
554,0,0,7.000000,0.300000,0.500000
555,1,1,7.000000,0.300000,0.500000
556,1,1,5.000000,0.000000,0.500000
557,0,0,5.000000,0.000000,0.500000
558,1,1,5.000000,0.000000,0.500000
559,0,0,8.000000,0.600000,0.500000
560,1,1,7.000000,0.300000,0.500000
561,1,1,5.000000,0.000000,0.500000
562,0,0,14.000000,0.900000,0.500000
563,1,1,7.000000,0.300000,0.500000
564,1,1,18.000000,0.900000,0.500000
565,0,0,5.000000,0.000000,0.500000
566,1,1,9.000000,0.600000,0.500000
567,1,1,7.000000,0.300000,0.500000
568,1,1,7.000000,0.300000,0.500000
569,1,1,8.000000,0.900000,0.500000
570,0,0,5.000000,0.000000,0.500000
571,0,0,5.000000,0.000000,0.500000
572,0,0,8.000000,0.600000,0.500000
573,0,0,5.000000,0.000000,0.500000
574,0,0,14.000000,0.700000,0.500000
575,1,1,14.000000,0.900000,0.500000
576,1,1,7.000000,0.300000,0.500000
577,1,1,8.000000,0.600000,0.500000
578,1,1,7.000000,0.300000,0.500000
579,0,0,5.000000,0.000000,0.500000
580,1,1,8.000000,0.600000,0.500000
581,1,1,12.000000,0.800000,0.500000
582,1,1,8.000000,0.600000,0.500000
583,0,0,7.000000,0.300000,0.500000
584,1,1,9.000000,0.500000,0.500000
585,0,0,7.000000,0.300000,0.500000
586,0,0,8.000000,0.600000,0.500000
587,1,1,5.000000,0.000000,0.500000
588,1,1,8.000000,0.600000,0.500000
589,0,0,9.000000,0.800000,0.500000
590,0,0,10.000000,0.900000,0.500000
591,0,0,7.000000,0.300000,0.500000
592,0,0,8.000000,0.900000,0.500000
593,0,0,5.000000,0.000000,0.500000
594,0,0,5.000000,0.000000,0.500000
595,1,1,8.000000,0.800000,0.500000
596,1,1,9.000000,0.500000,0.500000
597,0,0,7.000000,0.300000,0.500000
598,1,1,7.000000,0.300000,0.500000
599,0,0,10.000000,0.900000,0.500000
600,0,0,14.000000,0.900000,0.500000
601,0,0,5.000000,0.000000,0.500000
602,0,0,7.000000,0.300000,0.500000
603,1,1,7.000000,0.300000,0.500000
604,1,1,8.000000,0.900000,0.500000
605,0,0,9.000000,0.500000,0.500000
606,0,0,10.000000,0.700000,0.500000
607,1,1,10.000000,0.800000,0.500000
608,0,0,9.000000,0.600000,0.500000
609,0,0,5.000000,0.000000,0.500000
610,1,0,10.000000,0.900000,0.500000
611,1,1,19.000000,0.900000,0.500000
612,0,0,15.000000,0.900000,0.500000
613,0,0,7.000000,0.300000,0.500000
614,1,1,11.000000,0.700000,0.500000
615,0,0,7.000000,0.300000,0.500000
616,1,1,9.000000,0.900000,0.500000
617,1,1,5.000000,0.000000,0.500000
618,0,0,8.000000,0.800000,0.500000
619,1,1,7.000000,0.300000,0.500000
620,1,1,5.000000,0.000000,0.500000
621,0,0,5.000000,0.000000,0.500000
622,0,0,5.000000,0.000000,0.500000
623,1,1,8.000000,0.800000,0.500000
624,0,0,5.000000,0.000000,0.500000
625,0,0,5.000000,0.000000,0.500000
626,1,1,7.000000,0.300000,0.500000
627,0,0,5.000000,0.000000,0.500000
628,0,0,11.000000,0.700000,0.500000
629,1,1,17.000000,1.000000,0.500000
630,1,1,5.000000,0.000000,0.500000
631,1,1,5.000000,0.000000,0.500000
632,0,0,5.000000,0.000000,0.500000
633,0,0,8.000000,0.800000,0.500000
634,1,1,5.000000,0.000000,0.500000
635,0,0,5.000000,0.000000,0.500000
636,0,0,8.000000,0.700000,0.500000
637,0,0,9.000000,0.800000,0.500000
638,0,0,10.000000,0.700000,0.500000
639,0,0,14.000000,0.900000,0.500000
640,0,0,9.000000,0.800000,0.500000
641,0,0,7.000000,0.300000,0.500000
642,1,1,8.000000,0.600000,0.500000
643,0,0,5.000000,0.000000,0.500000
644,0,0,5.000000,0.000000,0.500000
645,0,0,11.000000,0.700000,0.500000
646,1,1,8.000000,0.600000,0.500000
647,1,1,8.000000,0.700000,0.500000
648,0,0,7.000000,0.300000,0.500000
649,0,0,7.000000,0.300000,0.500000
650,1,1,8.000000,0.600000,0.500000
651,0,0,10.000000,0.700000,0.500000
652,1,1,10.000000,0.700000,0.500000
653,1,1,7.000000,0.300000,0.500000
654,0,0,12.000000,0.600000,0.500000
655,0,0,7.000000,0.300000,0.500000
656,0,0,10.000000,0.900000,0.500000
657,0,0,20.000000,1.000000,0.500000
658,1,1,7.000000,0.300000,0.500000
659,1,1,9.000000,0.500000,0.500000
660,1,1,12.000000,0.900000,0.500000
661,0,0,10.000000,0.700000,0.500000
662,1,1,8.000000,0.600000,0.500000
663,1,1,5.000000,0.000000,0.500000
664,0,0,7.000000,0.300000,0.500000
665,1,1,7.000000,0.300000,0.500000
666,1,1,9.000000,0.800000,0.500000
667,0,1,10.000000,0.700000,0.500000
668,0,0,11.000000,0.800000,0.500000
669,0,0,8.000000,0.600000,0.500000
670,1,1,7.000000,0.300000,0.500000
671,0,0,9.000000,0.500000,0.500000
672,1,1,8.000000,0.600000,0.500000
673,0,0,5.000000,0.000000,0.500000
674,1,1,9.000000,0.800000,0.500000
675,1,1,7.000000,0.300000,0.500000
676,1,1,5.000000,0.000000,0.500000
677,1,1,8.000000,0.600000,0.500000
678,0,0,5.000000,0.000000,0.500000
679,1,1,7.000000,0.300000,0.500000
680,1,1,9.000000,0.500000,0.500000
681,1,1,10.000000,0.700000,0.500000
682,0,0,5.000000,0.000000,0.500000
683,0,0,14.000000,0.900000,0.500000
684,1,1,9.000000,0.800000,0.500000
685,1,1,19.000000,1.000000,0.500000
686,0,0,8.000000,0.800000,0.500000
687,1,1,7.000000,0.300000,0.500000
688,0,0,7.000000,0.300000,0.500000
689,1,1,13.000000,0.800000,0.500000
690,1,1,5.000000,0.000000,0.500000
691,1,1,9.000000,0.500000,0.500000
692,0,0,13.000000,0.900000,0.500000
693,1,1,8.000000,0.600000,0.500000
694,1,1,5.000000,0.000000,0.500000
695,0,0,5.000000,0.000000,0.500000
696,1,1,11.000000,0.900000,0.500000
697,0,0,5.000000,0.000000,0.500000
698,0,0,7.000000,0.300000,0.500000
699,0,0,13.000000,0.900000,0.500000
700,0,0,8.000000,0.600000,0.500000
701,1,1,8.000000,0.600000,0.500000
702,1,1,11.000000,0.800000,0.500000
703,0,0,5.000000,0.000000,0.500000
704,0,0,5.000000,0.000000,0.500000
705,0,0,5.000000,0.000000,0.500000
706,1,1,5.000000,0.000000,0.500000
707,0,0,14.000000,0.700000,0.500000
708,1,1,8.000000,0.600000,0.500000
709,0,0,7.000000,0.300000,0.500000
710,1,1,8.000000,0.600000,0.500000
711,0,0,14.000000,0.900000,0.500000
712,1,1,7.000000,0.300000,0.500000
713,0,0,14.000000,0.800000,0.500000
714,0,0,16.000000,0.800000,0.500000
715,0,0,7.000000,0.300000,0.500000
716,1,1,7.000000,0.300000,0.500000
717,0,0,5.000000,0.000000,0.500000
718,1,1,7.000000,0.300000,0.500000
719,0,0,5.000000,0.000000,0.500000
720,0,0,7.000000,0.300000,0.500000
721,1,1,8.000000,0.800000,0.500000
722,1,1,5.000000,0.000000,0.500000
723,1,1,5.000000,0.000000,0.500000
724,0,0,8.000000,0.600000,0.500000
725,0,0,5.000000,0.000000,0.500000
726,0,0,8.000000,0.600000,0.500000
727,0,0,10.000000,0.900000,0.500000
728,1,0,9.000000,0.700000,0.500000
729,1,1,8.000000,0.600000,0.500000
730,0,0,8.000000,0.600000,0.500000
731,0,0,13.000000,0.900000,0.500000
732,0,0,19.000000,0.900000,0.500000
733,1,1,12.000000,0.900000,0.500000
734,1,1,5.000000,0.000000,0.500000
735,1,1,8.000000,0.600000,0.500000
736,1,1,13.000000,0.900000,0.500000
737,0,0,5.000000,0.000000,0.500000
738,1,1,8.000000,0.600000,0.500000
739,1,1,7.000000,0.300000,0.500000
740,0,0,5.000000,0.000000,0.500000
741,0,0,5.000000,0.000000,0.500000
742,0,0,8.000000,0.600000,0.500000
743,1,1,5.000000,0.000000,0.500000
744,1,1,7.000000,0.300000,0.500000
745,1,1,8.000000,0.600000,0.500000
746,1,1,8.000000,0.900000,0.500000
747,1,1,16.000000,0.900000,0.500000
748,1,1,8.000000,0.800000,0.500000
749,0,0,8.000000,0.600000,0.500000
750,0,0,7.000000,0.300000,0.500000
751,0,0,8.000000,0.600000,0.500000
752,1,1,14.000000,0.800000,0.500000
753,0,0,13.000000,0.800000,0.500000
754,1,1,7.000000,0.300000,0.500000
755,1,1,7.000000,0.300000,0.500000
756,0,0,5.000000,0.000000,0.500000
757,1,1,5.000000,0.000000,0.500000
758,1,1,14.000000,0.800000,0.500000
759,0,0,5.000000,0.000000,0.500000
760,0,0,5.000000,0.000000,0.500000
761,1,1,5.000000,0.000000,0.500000
762,0,0,7.000000,0.300000,0.500000
763,1,1,7.000000,0.300000,0.500000
764,0,0,7.000000,0.300000,0.500000
765,1,1,7.000000,0.300000,0.500000
766,1,1,5.000000,0.000000,0.500000
767,1,1,11.000000,0.700000,0.500000
768,1,1,11.000000,0.900000,0.500000
769,1,1,10.000000,0.900000,0.500000
770,0,0,8.000000,0.600000,0.500000
771,1,1,7.000000,0.300000,0.500000
772,0,0,7.000000,0.300000,0.500000
773,1,1,8.000000,0.600000,0.500000
774,0,0,7.000000,0.300000,0.500000
775,0,0,8.000000,0.600000,0.500000
776,1,1,7.000000,0.300000,0.500000
777,0,0,11.000000,0.800000,0.500000
778,1,0,8.000000,0.600000,0.500000
779,0,0,9.000000,0.800000,0.500000
780,0,0,5.000000,0.000000,0.500000
781,1,1,8.000000,0.600000,0.500000
782,1,1,8.000000,0.600000,0.500000
783,1,1,5.000000,0.000000,0.500000
784,0,0,9.000000,0.900000,0.500000
785,1,1,8.000000,0.600000,0.500000
786,0,0,5.000000,0.000000,0.500000
787,0,0,5.000000,0.000000,0.500000
788,0,0,5.000000,0.000000,0.500000
789,1,1,8.000000,0.900000,0.500000
790,0,0,5.000000,0.000000,0.500000
791,1,1,8.000000,0.600000,0.500000
792,0,0,5.000000,0.000000,0.500000
793,0,0,16.000000,0.900000,0.500000
794,0,0,5.000000,0.000000,0.500000
795,1,1,9.000000,0.600000,0.500000
796,0,0,7.000000,0.300000,0.500000
797,1,1,8.000000,0.600000,0.500000
798,1,1,15.000000,0.900000,0.500000
799,0,0,8.000000,0.600000,0.500000
800,1,1,8.000000,0.800000,0.500000
801,0,0,5.000000,0.000000,0.500000
802,0,0,7.000000,0.300000,0.500000
803,1,1,12.000000,0.600000,0.500000
804,0,0,7.000000,0.300000,0.500000
805,1,1,8.000000,0.600000,0.500000
806,1,1,8.000000,0.600000,0.500000
807,1,1,9.000000,0.700000,0.500000
808,0,0,18.000000,0.800000,0.500000
809,0,0,10.000000,0.700000,0.500000
810,1,1,7.000000,0.300000,0.500000
811,0,0,7.000000,0.300000,0.500000
812,1,1,5.000000,0.000000,0.500000
813,0,0,7.000000,0.300000,0.500000
814,1,1,7.000000,0.300000,0.500000
815,0,0,9.000000,0.800000,0.500000
816,0,0,5.000000,0.000000,0.500000
817,0,0,9.000000,0.500000,0.500000
818,0,0,14.000000,0.900000,0.500000
819,0,0,13.000000,0.900000,0.500000
820,0,0,8.000000,0.600000,0.500000
821,1,1,25.000000,1.000000,0.500000
822,0,0,8.000000,0.800000,0.500000
823,0,0,5.000000,0.000000,0.500000
824,1,1,8.000000,0.800000,0.500000
825,0,0,5.000000,0.000000,0.500000
826,0,0,7.000000,0.300000,0.500000
827,0,0,14.000000,0.900000,0.500000
828,1,1,13.000000,0.900000,0.500000
829,1,1,7.000000,0.300000,0.500000
830,0,0,7.000000,0.300000,0.500000
831,0,0,5.000000,0.000000,0.500000
832,1,1,7.000000,0.300000,0.500000
833,1,1,7.000000,0.300000,0.500000
834,1,1,8.000000,0.900000,0.500000
835,1,1,9.000000,0.500000,0.500000
836,0,0,7.000000,0.300000,0.500000
837,0,0,5.000000,0.000000,0.500000
838,1,1,8.000000,0.600000,0.500000
839,1,1,7.000000,0.300000,0.500000
840,0,0,16.000000,0.900000,0.500000
841,1,1,18.000000,0.900000,0.500000
842,0,0,5.000000,0.000000,0.500000
843,1,1,16.000000,0.900000,0.500000
844,1,1,11.000000,0.800000,0.500000
845,1,1,5.000000,0.000000,0.500000
846,0,0,10.000000,0.700000,0.500000
847,0,0,5.000000,0.000000,0.500000
848,1,1,7.000000,0.300000,0.500000
849,0,0,5.000000,0.000000,0.500000
850,1,1,7.000000,0.300000,0.500000
851,1,1,7.000000,0.300000,0.500000
852,0,0,7.000000,0.300000,0.500000
853,0,0,8.000000,0.600000,0.500000
854,0,0,9.000000,0.600000,0.500000
855,0,0,9.000000,0.500000,0.500000
856,1,1,8.000000,0.900000,0.500000
857,1,1,8.000000,0.900000,0.500000
858,1,1,7.000000,0.300000,0.500000
859,1,1,7.000000,0.300000,0.500000
860,1,1,8.000000,0.600000,0.500000
861,0,0,8.000000,0.600000,0.500000
862,1,1,8.000000,0.600000,0.500000
863,0,0,7.000000,0.300000,0.500000
864,1,1,5.000000,0.000000,0.500000
865,1,1,8.000000,0.800000,0.500000
866,0,0,5.000000,0.000000,0.500000
867,1,1,8.000000,0.600000,0.500000
868,1,1,7.000000,0.300000,0.500000
869,1,1,9.000000,0.600000,0.500000
870,1,1,7.000000,0.300000,0.500000
871,0,0,8.000000,0.600000,0.500000
872,0,0,5.000000,0.000000,0.500000
873,0,0,7.000000,0.300000,0.500000
874,1,1,16.000000,0.800000,0.500000
875,0,0,8.000000,0.600000,0.500000
876,1,1,7.000000,0.300000,0.500000
877,1,1,5.000000,0.000000,0.500000
878,1,1,5.000000,0.000000,0.500000
879,0,0,7.000000,0.300000,0.500000
880,1,1,9.000000,0.900000,0.500000
881,1,1,8.000000,0.600000,0.500000
882,1,1,8.000000,0.600000,0.500000
883,0,0,5.000000,0.000000,0.500000
884,0,0,7.000000,0.300000,0.500000
885,0,0,9.000000,0.600000,0.500000
886,1,1,15.000000,0.800000,0.500000
887,1,1,5.000000,0.000000,0.500000
888,0,0,7.000000,0.300000,0.500000
889,0,0,8.000000,0.600000,0.500000
890,0,0,15.000000,0.900000,0.500000
891,0,0,7.000000,0.300000,0.500000
892,0,0,7.000000,0.300000,0.500000
893,1,1,10.000000,0.900000,0.500000
894,1,1,7.000000,0.300000,0.500000
895,0,0,9.000000,0.800000,0.500000
896,1,1,5.000000,0.000000,0.500000
897,1,1,5.000000,0.000000,0.500000
898,1,1,8.000000,0.600000,0.500000
899,1,1,8.000000,0.600000,0.500000
900,1,1,5.000000,0.000000,0.500000
901,0,0,7.000000,0.300000,0.500000
902,0,0,9.000000,0.500000,0.500000
903,0,0,8.000000,0.600000,0.500000
904,0,0,5.000000,0.000000,0.500000
905,0,0,10.000000,0.700000,0.500000
906,0,0,13.000000,0.900000,0.500000
907,0,0,5.000000,0.000000,0.500000
908,1,1,5.000000,0.000000,0.500000
909,1,1,5.000000,0.000000,0.500000
910,1,1,8.000000,0.800000,0.500000
911,1,1,8.000000,0.600000,0.500000
912,0,0,10.000000,0.900000,0.500000
913,1,1,16.000000,0.900000,0.500000
914,1,1,7.000000,0.300000,0.500000
915,0,0,7.000000,0.300000,0.500000
916,1,1,8.000000,0.800000,0.500000
917,0,0,12.000000,0.800000,0.500000
918,0,0,9.000000,0.700000,0.500000
919,0,0,5.000000,0.000000,0.500000
920,0,0,7.000000,0.300000,0.500000
921,1,1,8.000000,0.600000,0.500000
922,0,0,7.000000,0.300000,0.500000
923,0,0,7.000000,0.300000,0.500000
924,1,1,9.000000,0.600000,0.500000
925,1,1,7.000000,0.300000,0.500000
926,1,1,9.000000,0.800000,0.500000
927,1,1,5.000000,0.000000,0.500000
928,0,0,12.000000,0.800000,0.500000
929,1,1,5.000000,0.000000,0.500000
930,1,1,8.000000,0.600000,0.500000
931,1,1,7.000000,0.300000,0.500000
932,1,1,5.000000,0.000000,0.500000
933,1,1,9.000000,0.500000,0.500000
934,1,1,8.000000,0.600000,0.500000
935,0,0,8.000000,0.600000,0.500000
936,1,1,5.000000,0.000000,0.500000
937,0,0,7.000000,0.300000,0.500000
938,0,0,8.000000,0.600000,0.500000
939,0,0,7.000000,0.300000,0.500000
940,1,1,8.000000,0.600000,0.500000
941,0,0,7.000000,0.300000,0.500000
942,1,1,8.000000,0.600000,0.500000
943,1,1,5.000000,0.000000,0.500000
944,0,0,5.000000,0.000000,0.500000
945,0,0,14.000000,0.800000,0.500000
946,1,1,8.000000,0.600000,0.500000
947,1,1,8.000000,0.600000,0.500000
948,1,1,10.000000,0.700000,0.500000
949,0,0,5.000000,0.000000,0.500000
950,0,0,10.000000,0.700000,0.500000
951,0,0,5.000000,0.000000,0.500000
952,0,0,8.000000,0.600000,0.500000
953,0,0,13.000000,0.900000,0.500000
954,1,1,5.000000,0.000000,0.500000
955,0,0,8.000000,0.900000,0.500000
956,1,1,8.000000,0.600000,0.500000
957,1,1,10.000000,0.800000,0.500000
958,1,1,5.000000,0.000000,0.500000
959,0,0,9.000000,0.900000,0.500000
960,1,1,8.000000,0.600000,0.500000
961,1,1,8.000000,0.600000,0.500000
962,0,0,8.000000,0.600000,0.500000
963,1,1,8.000000,0.600000,0.500000
964,0,0,5.000000,0.000000,0.500000
965,1,1,5.000000,0.000000,0.500000
966,1,1,5.000000,0.000000,0.500000
967,1,1,13.000000,0.800000,0.500000
968,1,1,9.000000,0.700000,0.500000
969,1,1,7.000000,0.300000,0.500000
970,0,0,13.000000,0.900000,0.500000
971,0,0,9.000000,0.700000,0.500000
972,0,0,8.000000,0.600000,0.500000
973,1,1,17.000000,0.900000,0.500000
974,1,0,10.000000,0.800000,0.500000
975,1,1,15.000000,0.900000,0.500000
976,1,1,7.000000,0.300000,0.500000
977,0,0,10.000000,0.900000,0.500000
978,1,1,7.000000,0.300000,0.500000
979,0,0,8.000000,0.600000,0.500000
980,1,1,9.000000,0.500000,0.500000
981,0,0,8.000000,0.600000,0.500000
982,0,0,15.000000,0.900000,0.500000
983,0,0,7.000000,0.300000,0.500000
984,1,1,7.000000,0.300000,0.500000
985,0,0,8.000000,0.600000,0.500000
986,1,1,7.000000,0.300000,0.500000
987,0,0,7.000000,0.300000,0.500000
988,0,0,15.000000,0.900000,0.500000
989,1,1,7.000000,0.300000,0.500000
990,0,0,14.000000,0.700000,0.500000
991,0,0,8.000000,0.600000,0.500000
992,0,0,8.000000,0.600000,0.500000
993,1,1,9.000000,0.600000,0.500000
994,0,0,8.000000,0.600000,0.500000
995,0,0,7.000000,0.300000,0.500000
996,1,1,15.000000,0.900000,0.500000
997,1,1,8.000000,0.600000,0.500000
998,1,1,16.000000,0.900000,0.500000
999,0,0,7.000000,0.300000,0.500000
WorkerID,Gamma,TrueGamma
19,0.557048,0.810397
25,0.536703,1.061955
8,0.729874,0.935098
48,0.595434,0.723420
26,0.769768,0.913529
63,0.836620,1.130318
85,0.702301,0.896771
57,0.562008,0.881250
59,0.827191,0.728441
49,0.794867,1.104645
92,0.708399,1.084154
27,0.627291,1.188428
13,0.555396,0.906966
44,0.982082,1.044134
94,0.685376,0.729262
64,0.492751,0.756928
29,0.870189,1.262837
24,0.636748,0.813892
86,0.712768,1.177650
97,0.750895,1.386257
5,0.724566,1.113010
54,0.795268,0.955976
96,0.856379,0.946850
33,0.878563,0.955787
93,0.734488,0.745822
22,0.902239,1.129946
34,0.669119,0.640504
76,0.539590,0.626914
79,0.511863,0.831590
55,0.697938,0.832278
15,0.859043,1.293634
69,0.729437,0.807229
70,0.816479,0.962849
53,0.779954,0.851025
9,1.119108,1.236465
74,0.671647,0.993734
58,0.451320,0.600987
88,1.040539,0.933431
72,0.912767,1.018187
61,0.935513,1.348351
80,0.607163,1.057444
0,0.645593,1.049065
1,0.737690,0.900631
62,0.540344,0.956464
40,0.686643,0.656209
66,0.695815,1.240627
38,0.821108,0.777173
23,0.521816,0.583443
60,0.791056,0.887002
28,0.744892,1.088244
91,0.619100,0.851612
73,0.723244,1.143506
14,0.976272,1.296268
31,0.630806,1.028560
95,0.878877,0.813920
77,0.769970,0.973246
18,0.721272,0.812078
52,0.846409,1.049923
30,0.683391,0.892920
17,0.758420,0.868621
78,0.753875,1.067951
75,0.633148,0.963931
3,0.966698,0.972388
71,0.489423,0.859271
39,0.411887,0.764207
82,0.679457,1.006640
81,0.632514,0.634606
37,0.738561,1.134648
10,0.838689,1.300871
56,0.743824,0.865060
90,0.426330,0.642469
50,0.773325,0.981162
35,0.784387,1.173429
6,0.614396,0.766471
99,0.545405,0.698220
45,0.608652,1.195538
12,0.911369,1.462355
21,0.548810,0.943653
83,0.583646,0.823053
98,0.980505,1.155291
68,0.667819,1.165160
41,0.821330,1.175068
20,0.688203,1.073294
16,0.755686,1.073561
65,0.842834,0.950803
84,0.761369,1.100395
36,0.712680,0.757825
87,0.759959,1.085204
42,0.708899,1.000245
51,0.859401,0.966542
32,0.735399,1.284035
11,1.002420,1.389899
7,0.944877,1.347605
67,0.336522,0.949430
2,0.753380,1.250957
89,0.883146,1.119719
43,0.839280,0.808462
46,0.813196,1.203554
47,0.543639,0.929896
4,0.504663,0.804836
Average Cost: 8.277000
Accuracy: 98.200000
Accuracy 0: 100.000000
Cost 0: 5.000000
Accuracy 1: 100.000000
Cost 1: 5.000000
Accuracy 2: 100.000000
Cost 2: 5.000000
Accuracy 3: 100.000000
Cost 3: 5.000000
Accuracy 4: 100.000000
Cost 4: 5.000000
Accuracy 5: 100.000000
Cost 5: 5.000000
Accuracy 6: 100.000000
Cost 6: 5.000000
Accuracy 7: 100.000000
Cost 7: 5.000000
Accuracy 8: 100.000000
Cost 8: 5.000000
Accuracy 9: 100.000000
Cost 9: 5.000000
