1	983
1	449
1	103
1	59
1	310
1	968
1	801
1	963
1	532
0	650
1	170
1	633
1	73
0	616
1	8
1	849
1	441
1	959
1	958
1	423
1	226
0	929
1	566
1	30
1	28
1	517
1	756
1	719
1	576
0	661
1	761
1	300
1	195
0	497
1	361
1	768
1	112
1	710
0	407
0	311
1	705
1	409
1	830
0	686
0	305
1	981
1	501
1	255
1	941
0	773
1	969
1	201
1	436
1	897
1	581
1	919
0	458
1	99
0	574
1	862
1	822
0	507
0	685
1	261
1	888
1	741
1	392
0	727
1	851
1	400
0	729
1	48
0	841
1	214
1	858
1	250
0	957
1	102
1	540
1	766
1	481
0	840
0	609
0	209
1	818
0	58
1	726
0	896
1	899
0	577
0	553
0	391
1	544
1	265
1	67
1	992
0	940
1	206
0	109
1	587
1	342
1	832
1	627
1	162
0	36
0	658
0	794
1	435
1	498
1	552
1	24
1	924
0	187
1	227
1	447
1	386
0	496
0	618
1	771
1	360
0	916
0	322
1	815
1	537
0	541
1	869
1	72
1	85
0	181
1	56
0	892
1	640
0	911
0	490
1	75
1	964
1	259
1	234
0	937
1	158
0	135
1	88
1	881
1	588
1	215
1	373
1	586
0	114
0	188
1	359
1	159
1	523
1	284
1	559
1	134
1	396
1	151
1	317
1	866
1	646
1	412
1	984
1	474
1	175
0	97
1	560
0	699
1	4
0	5
1	323
1	520
1	638
0	453
1	182
1	564
0	320
1	199
1	372
1	569
1	219
1	286
1	812
1	454
0	943
1	811
0	876
1	341
0	65
1	302
0	952
1	118
0	872
1	379
1	312
1	444
1	83
1	301
0	378
1	805
1	26
1	420
1	744
1	792
1	825
1	403
1	942
1	123
1	393
0	870
1	480
1	116
1	383
1	293
1	55
0	129
1	674
1	514
0	295
1	803
1	890
1	278
1	127
1	641
1	697
1	297
1	334
0	695
1	614
0	776
1	307
0	925
0	233
0	421
0	764
1	986
0	146
1	571
1	126
1	19
1	926
1	547
1	802
0	110
1	765
1	955
0	43
1	918
1	491
1	519
0	345
1	191
1	438
1	460
1	880
1	636
1	953
1	186
1	410
1	177
0	991
1	931
1	545
0	778
1	531
1	509
1	979
1	184
0	694
1	920
0	156
0	166
1	934
1	485
0	15
1	77
1	450
0	161
1	39
1	468
1	595
1	757
1	377
1	368
0	998
1	903
1	718
1	939
1	928
0	390
1	203
1	583
0	828
1	418
1	715
1	266
1	471
1	331
1	401
1	413
1	269
1	639
1	606
1	459
1	355
1	985
1	298
1	894
1	243
1	42
1	621
1	546
1	143
0	513
1	194
0	44
1	366
1	367
1	522
0	770
1	385
0	105
1	487
0	90
1	388
0	37
1	793
1	914
0	57
1	987
0	238
1	71
1	155
0	397
0	457
1	169
0	51
1	539
0	356
1	591
0	772
1	178
1	248
1	629
0	252
0	683
0	382
0	228
1	93
1	13
0	853
0	809
1	406
0	721
1	516
1	956
1	207
1	197
1	380
1	402
0	777
1	469
1	620
1	218
1	795
1	258
1	833
1	898
1	27
1	945
1	733
1	279
1	60
1	212
1	970
1	578
1	319
1	725
1	723
0	590
1	688
1	839
1	349
1	398
1	607
0	89
1	465
1	439
0	597
1	855
1	20
1	716
1	557
1	932
0	387
0	732
1	748
1	739
1	611
0	821
1	808
1	395
1	626
1	631
1	879
0	827
1	38
1	600
1	556
1	596
1	179
1	598
1	357
1	484
1	743
1	927
1	47
0	108
1	753
1	628
1	949
1	470
1	245
1	763
0	321
0	149
1	76
1	617
1	512
1	34
1	66
0	573
0	100
1	819
1	904
1	930
1	883
1	656
0	389
0	211
1	23
0	980
0	806
1	240
1	750
1	492
1	446
0	363
1	878
1	681
1	601
0	472
1	706
0	682
1	426
1	254
0	154
1	455
0	344
0	303
1	668
0	570
1	521
1	594
1	96
0	230
1	335
1	946
1	960
1	340
0	874
1	82
1	700
1	49
1	844
0	104
1	185
1	384
0	857
1	755
1	275
1	91
1	836
0	63
1	428
1	296
1	18
1	144
1	249
0	262
1	422
0	451
1	613
0	909
0	975
1	567
0	665
0	346
1	538
1	21
1	193
1	965
0	999
1	820
1	86
1	196
0	671
1	163
0	996
0	488
1	678
0	45
0	399
1	69
1	782
0	277
1	9
1	511
1	270
1	280
0	365
1	431
1	652
0	257
0	117
1	675
1	189
1	208
1	572
1	751
0	568
1	338
1	936
1	417
0	173
1	692
1	854
1	241
0	887
1	273
0	868
0	659
1	463
1	988
1	973
0	893
1	429
1	79
1	610
1	905
1	625
1	908
1	850
1	603
1	784
0	318
1	264
1	502
1	115
1	92
1	642
1	967
1	664
1	549
1	272
0	864
1	70
1	995
1	962
1	693
1	558
1	180
1	369
1	483
1	419
1	324
1	375
1	599
1	348
1	760
0	593
0	684
0	769
0	414
0	479
1	804
1	670
1	950
1	190
1	906
0	510
0	136
1	660
1	374
1	165
0	622
1	53
1	912
1	813
1	313
1	337
1	977
0	728
1	276
1	714
1	902
1	742
1	482
1	817
1	951
1	680
0	525
1	731
1	192
1	142
0	518
0	172
1	153
1	882
0	478
0	703
1	848
0	260
1	961
0	314
1	434
1	974
1	550
1	530
1	139
1	787
1	461
1	933
1	466
1	542
0	202
0	701
1	691
1	535
1	737
1	354
1	14
1	873
1	856
0	889
1	282
1	863
1	602
1	779
1	555
1	285
1	829
1	232
0	835
0	308
1	291
0	845
1	437
1	433
1	913
1	62
1	653
1	222
1	781
1	268
1	231
1	17
1	462
1	299
1	152
1	221
0	672
0	210
1	563
1	371
0	504
1	332
1	592
1	46
1	774
1	171
0	370
0	443
1	698
1	612
1	283
0	679
1	405
1	754
1	867
1	852
1	253
0	810
1	690
1	10
1	445
0	687
1	655
1	239
1	183
1	499
0	343
1	871
1	204
1	440
1	944
1	907
0	489
1	137
1	860
1	677
1	16
1	895
1	164
0	843
1	826
1	785
1	329
1	448
1	80
1	608
1	589
1	807
1	25
1	113
1	529
1	22
1	157
1	475
1	938
1	551
1	749
1	247
1	267
0	900
0	632
0	294
0	875
1	29
1	394
1	666
1	645
1	651
1	224
1	107
1	205
1	174
1	767
1	730
0	584
0	464
0	720
0	789
0	150
1	989
1	416
0	494
0	350
1	306
1	235
0	473
0	35
1	736
1	667
0	536
1	901
1	508
1	290
0	316
1	328
0	336
1	786
1	814
1	225
0	140
0	353
1	505
1	256
1	326
1	40
0	780
1	861
0	978
1	837
1	61
0	548
1	408
1	788
1	87
1	229
1	347
1	713
1	997
0	32
1	797
1	217
1	176
1	168
0	647
1	643
0	657
1	976
0	442
1	966
1	381
0	791
1	362
0	74
1	430
1	831
1	935
1	847
1	200
0	775
0	724
1	649
1	891
1	364
1	411
0	816
1	582
1	213
1	128
1	452
1	31
1	758
1	246
0	923
1	580
1	746
1	1
0	915
1	237
1	274
1	425
1	147
1	78
0	669
1	160
0	838
1	424
1	910
0	98
0	623
0	846
0	922
1	289
0	798
0	101
1	752
1	81
1	796
1	493
0	0
0	330
1	198
1	148
1	605
0	823
1	131
1	292
1	95
1	6
0	304
0	648
1	106
0	824
0	528
1	3
0	477
1	427
0	790
1	947
1	223
1	220
1	707
1	722
1	630
1	533
1	244
1	579
1	432
1	885
1	33
1	585
0	119
1	351
1	68
1	11
1	865
1	41
0	236
0	543
1	242
1	476
0	615
0	167
1	141
1	604
1	7
1	325
1	281
0	886
0	534
1	122
1	834
1	54
1	94
0	738
0	562
1	972
0	759
0	376
1	506
1	702
1	711
1	717
1	524
1	327
1	315
1	271
1	654
1	50
1	145
1	133
1	495
1	575
1	352
1	917
1	64
1	990
0	859
1	877
1	515
0	634
0	673
1	663
1	783
1	696
1	637
0	339
0	635
1	662
1	263
1	120
0	704
0	12
1	130
1	745
1	287
1	84
0	982
0	689
1	619
0	2
1	993
1	565
1	735
0	921
1	800
1	456
1	994
0	762
1	948
1	251
1	747
0	124
1	288
1	734
1	121
1	415
0	358
1	561
0	333
1	526
0	404
0	712
1	624
1	111
1	486
1	309
1	842
1	740
1	799
0	503
1	467
1	52
1	527
1	708
1	554
1	884
1	644
1	709
1	132
1	500
1	954
1	125
0	216
1	138
0	676
1	971