1	106
0	784
0	424
0	239
0	499
0	689
1	113
0	925
0	171
0	458
1	759
0	420
0	893
0	59
0	739
0	207
0	32
1	158
0	676
0	13
1	950
1	347
0	853
1	295
1	257
0	470
1	42
0	147
1	387
1	439
0	599
1	965
0	991
0	750
1	687
0	719
0	501
0	630
0	220
1	152
0	373
0	678
1	636
0	981
1	231
0	628
0	743
0	37
0	744
1	206
1	697
0	385
1	969
0	431
1	902
0	620
0	886
1	352
0	108
1	934
0	53
1	936
0	945
0	776
0	496
0	674
1	185
0	349
0	751
1	288
1	54
0	622
0	140
1	202
0	122
0	436
0	415
0	742
1	96
1	28
0	156
0	806
1	783
0	862
0	213
0	905
1	101
0	52
0	142
1	153
0	680
0	407
0	564
0	21
0	365
0	691
0	536
1	635
0	460
0	881
0	602
0	845
0	808
0	495
0	361
0	360
0	822
0	301
1	346
1	418
0	709
0	813
0	911
1	379
1	986
0	247
0	491
0	574
0	307
0	714
0	644
0	269
1	261
0	98
1	340
1	184
0	434
0	486
0	569
0	110
1	961
1	509
0	959
1	233
1	840
0	421
0	537
0	129
0	127
0	267
0	87
0	690
1	874
0	179
1	740
0	180
1	548
0	948
0	319
0	818
0	131
0	209
0	364
0	550
0	441
0	701
0	884
1	302
0	858
0	462
0	374
1	765
0	549
0	317
1	558
0	79
1	487
0	175
1	871
1	482
0	770
0	89
0	983
0	155
0	388
1	916
0	229
0	419
1	478
0	454
1	466
0	810
0	915
1	519
0	958
1	195
0	988
0	585
0	221
0	370
0	308
0	880
0	883
1	508
0	262
0	468
1	767
0	786
0	928
0	732
1	459
0	570
0	610
0	17
0	809
1	358
1	734
0	228
0	955
0	572
0	814
1	315
0	318
0	256
1	708
0	854
1	517
0	281
1	525
1	160
0	414
0	763
0	244
0	996
1	403
0	757
0	970
1	640
0	973
1	95
1	664
0	449
0	174
0	513
0	427
0	937
0	503
0	50
0	703
1	22
0	933
0	230
1	795
0	312
0	103
0	541
0	518
0	423
0	559
1	733
0	856
0	592
0	865
0	544
0	995
0	306
0	535
0	580
0	405
0	766
0	616
0	885
0	749
1	611
0	119
0	652
0	457
0	870
0	92
0	440
0	70
0	596
0	245
1	589
0	190
0	891
0	985
1	634
1	138
0	208
1	830
0	609
0	642
1	186
0	67
0	930
0	55
1	723
1	805
1	561
0	669
0	758
0	716
1	568
0	774
0	14
0	451
0	197
0	675
1	578
0	524
0	957
0	987
0	591
0	594
0	764
0	656
1	978
1	27
0	47
0	406
0	121
0	907
1	80
0	224
1	189
0	820
0	8
1	335
1	303
0	120
1	429
0	116
0	219
0	754
1	163
0	210
0	562
1	899
0	390
0	992
0	789
1	935
0	927
0	748
1	940
0	115
1	761
0	790
0	581
0	465
0	166
0	178
0	607
0	667
1	453
0	797
0	154
1	779
1	718
1	993
0	595
0	906
0	198
1	65
0	7
0	660
1	721
0	688
0	584
0	341
0	18
1	989
0	329
0	910
0	274
1	15
1	285
0	651
1	869
0	16
0	442
0	646
0	803
1	203
0	752
0	522
1	889
0	248
0	781
0	542
0	117
0	192
0	710
0	236
1	34
1	828
0	738
0	523
0	243
0	270
0	280
0	665
0	923
0	650
1	730
0	824
1	604
1	737
0	942
1	489
1	278
1	672
0	643
1	169
0	151
0	114
0	11
1	684
0	792
1	51
1	507
0	968
0	322
0	777
1	615
1	859
0	324
0	565
1	801
0	4
0	863
0	833
1	812
0	922
0	71
0	400
1	771
1	629
0	951
1	975
0	746
0	736
0	538
0	181
1	327
1	825
1	898
0	706
0	954
0	575
0	183
0	841
1	747
1	372
0	520
0	237
1	410
0	62
0	819
0	254
0	587
0	532
0	626
1	60
0	633
0	452
0	741
1	137
1	603
1	727
0	41
0	645
1	40
0	481
1	621
0	222
0	679
0	241
0	839
0	305
0	617
0	670
0	962
1	287
1	785
1	878
1	356
0	337
0	477
0	25
0	528
0	126
1	479
0	526
1	868
0	78
0	904
1	323
0	677
0	895
0	109
0	879
0	66
1	164
0	292
1	896
1	64
1	6
0	497
0	815
1	369
1	982
0	647
0	104
0	69
1	729
1	218
0	118
1	376
0	331
1	618
0	698
0	238
0	167
1	26
0	639
0	768
0	847
0	888
0	309
0	144
0	511
0	380
0	831
0	844
1	796
0	235
1	579
0	963
0	141
0	791
0	882
1	990
0	143
0	944
1	659
0	435
0	623
0	226
1	648
0	75
0	216
1	196
0	842
0	251
0	84
0	188
0	293
1	438
0	668
1	631
1	555
0	73
1	408
1	263
1	225
1	77
0	240
0	926
0	297
0	330
0	539
0	998
0	773
0	446
1	74
1	800
0	375
0	176
0	769
0	397
0	846
0	671
0	396
0	900
0	851
0	359
0	10
0	354
0	363
0	201
0	232
0	867
0	474
0	20
0	417
0	929
0	411
0	234
1	619
0	30
0	949
0	794
1	484
0	843
1	582
0	392
0	597
0	966
0	3
0	705
1	130
0	445
0	124
0	686
0	313
1	56
0	394
0	823
0	182
0	875
0	215
0	36
0	873
0	444
1	128
0	606
0	272
1	530
0	488
0	556
0	334
0	24
0	2
0	506
0	756
1	0
1	426
1	456
1	325
0	82
0	913
0	866
0	433
0	264
0	469
0	204
0	343
0	627
0	29
0	83
0	284
0	490
1	402
0	386
0	57
0	583
0	150
0	788
0	953
0	852
0	265
0	960
1	344
0	31
1	753
0	567
1	485
0	76
0	473
1	304
1	135
0	271
0	416
1	97
1	443
1	836
0	368
1	614
1	48
1	404
0	713
0	547
0	139
0	625
1	255
0	93
0	23
1	447
0	850
0	19
0	540
0	939
0	984
0	704
1	977
0	807
0	389
1	371
0	320
1	560
0	608
1	296
0	502
0	980
0	107
0	398
1	571
0	816
0	494
0	12
0	94
1	314
1	187
0	941
1	504
1	947
0	834
0	199
0	366
0	350
0	612
1	333
1	483
0	242
0	655
0	712
0	395
0	422
0	338
0	613
0	551
1	793
0	44
1	413
1	200
0	586
0	382
0	455
0	250
0	58
0	566
0	253
0	165
0	111
0	543
1	45
0	849
0	430
0	249
0	173
0	720
0	157
0	211
0	177
0	38
1	657
0	68
0	391
0	193
0	731
0	974
1	432
0	924
1	695
0	355
1	994
0	588
1	724
0	693
0	298
0	9
0	649
0	377
1	717
1	848
1	681
0	590
0	971
0	979
1	877
0	90
0	336
0	401
0	598
0	448
0	938
0	381
0	901
0	505
0	105
1	409
0	39
0	976
0	932
1	811
0	282
1	326
0	159
0	480
0	170
0	531
0	100
0	5
1	715
0	1
0	63
0	726
1	663
0	268
0	600
0	102
0	912
0	492
0	855
0	653
0	699
0	563
1	471
0	321
0	917
0	273
0	837
1	683
0	696
0	775
0	467
0	112
0	666
0	125
0	136
0	694
0	123
0	661
1	534
0	685
0	310
0	299
0	515
0	33
0	476
0	266
0	909
1	728
0	500
0	275
1	782
0	919
0	276
1	997
0	384
1	804
0	802
0	99
0	475
0	903
0	277
1	514
0	798
0	425
0	49
1	725
0	755
0	897
0	332
0	735
0	892
1	887
0	132
0	601
0	145
0	702
0	593
0	217
1	861
0	638
0	191
0	745
0	999
1	461
1	393
0	148
1	894
1	472
0	908
1	557
1	545
0	605
0	546
0	88
1	260
0	357
0	311
0	162
0	624
0	212
0	133
1	772
0	533
0	876
0	291
0	283
0	553
1	328
0	573
0	223
1	838
0	946
0	72
1	760
1	81
0	300
0	864
0	527
0	316
1	399
1	829
0	348
1	464
0	827
0	641
0	637
0	662
1	832
0	412
0	577
1	516
0	428
0	787
1	86
0	134
0	339
0	289
1	279
0	258
0	91
0	194
1	943
0	554
0	246
1	510
0	61
0	290
1	711
1	931
1	552
0	821
1	353
1	85
0	692
0	890
0	529
0	722
0	46
1	857
1	383
1	780
0	972
0	964
0	362
1	146
1	161
1	658
0	286
1	35
1	205
0	576
0	860
0	762
0	227
1	920
0	521
0	826
1	952
0	817
1	700
0	778
0	168
0	967
0	956
0	172
1	512
0	367
0	921
0	493
0	149
0	437
0	463
0	214
0	342
0	682
0	872
1	294
1	632
1	259
0	43
0	707
0	351
1	799
0	673
0	918
0	345
1	654
1	498
1	450
1	914
0	835
0	252
1	378