1	169
1	266
1	326
1	391
1	24
1	778
1	901
0	253
1	832
0	906
1	792
1	818
1	446
0	395
1	120
1	41
1	941
1	151
0	834
1	608
1	340
1	36
1	954
0	393
0	496
0	624
0	330
1	814
0	408
1	681
1	633
1	828
1	637
1	995
1	756
0	76
1	562
0	474
0	362
1	375
0	530
1	673
1	459
1	10
1	497
1	974
0	580
0	135
1	83
1	177
1	22
1	331
0	195
1	971
1	30
1	831
1	17
1	535
0	220
0	861
0	45
1	891
1	644
1	171
0	413
1	403
1	592
1	902
1	858
1	122
0	400
1	529
1	990
1	997
1	711
0	32
1	837
1	753
0	989
1	970
1	31
1	697
1	652
1	308
1	417
1	491
0	685
1	323
1	602
1	519
0	658
0	23
1	476
0	40
0	64
1	931
1	189
1	56
1	822
1	355
1	94
1	225
1	724
0	440
0	516
1	313
1	864
0	914
1	369
1	71
1	435
0	747
1	249
0	224
0	840
1	274
0	401
1	850
1	880
1	244
1	691
0	824
0	661
1	734
1	363
0	695
1	215
1	365
0	910
1	767
1	693
0	27
0	484
1	873
1	959
0	116
1	565
1	505
1	816
0	922
1	156
1	707
1	926
1	978
1	786
1	485
1	267
0	477
1	84
0	480
1	528
0	522
1	845
1	420
1	210
1	239
1	103
1	715
0	219
0	140
1	862
1	309
1	783
1	886
1	270
1	500
1	374
1	804
1	149
1	173
1	591
1	223
0	74
1	502
0	770
0	498
1	134
0	872
1	176
0	128
0	612
1	523
1	960
1	998
1	5
1	709
1	335
1	942
1	543
1	790
1	899
0	66
1	746
1	293
0	876
1	785
1	344
0	524
1	988
0	15
1	940
0	426
1	65
1	758
1	578
1	929
0	382
1	473
0	894
1	127
1	933
0	713
1	900
1	819
1	717
0	48
1	130
1	904
1	472
1	240
0	558
0	306
0	952
0	258
1	762
1	305
0	292
1	433
1	90
0	367
0	4
1	956
0	481
0	380
1	621
0	334
1	664
0	271
0	311
1	353
1	738
1	957
1	781
1	777
1	405
1	944
1	564
1	89
1	287
1	53
0	838
0	595
1	932
1	211
0	670
0	246
1	736
1	806
1	666
1	689
1	230
0	364
1	577
1	905
0	903
1	463
1	34
0	632
0	623
1	877
0	125
1	780
1	494
1	610
1	185
0	378
1	79
0	221
0	356
0	108
1	216
1	358
1	341
1	389
1	618
1	937
1	166
0	521
1	589
1	766
1	984
1	716
1	817
1	674
1	928
1	303
1	683
1	327
0	656
0	520
1	318
1	436
1	212
0	290
1	857
1	251
1	722
1	118
1	606
1	742
1	144
0	935
1	630
0	361
1	204
1	259
1	725
0	714
1	979
0	655
1	795
1	437
1	982
0	317
0	222
1	75
1	878
0	260
1	687
1	797
0	897
1	186
1	478
1	751
1	703
1	743
1	256
1	428
1	657
1	796
1	152
1	33
1	672
1	791
0	943
1	425
0	404
1	730
1	93
1	690
1	611
1	432
0	279
1	38
0	773
0	167
1	229
0	423
0	29
1	723
1	779
1	470
1	26
1	372
1	678
1	194
1	81
0	566
1	68
1	286
0	421
1	6
1	677
1	985
1	138
1	925
1	163
0	58
1	731
1	698
1	648
1	273
1	542
1	493
1	825
1	980
1	967
1	50
0	357
1	823
1	884
1	755
1	410
1	557
1	343
1	973
1	579
1	625
0	631
0	209
1	99
1	438
1	44
1	243
1	499
1	649
0	233
1	46
0	708
0	72
1	553
1	69
1	640
1	924
0	434
1	418
1	993
1	9
1	679
0	51
1	8
1	377
1	442
0	909
1	508
0	439
1	705
1	881
1	597
1	870
0	544
0	87
1	976
1	354
1	19
1	955
1	268
1	348
1	133
0	384
1	757
1	992
1	21
1	609
1	598
0	977
1	572
1	887
1	645
1	20
0	471
1	62
1	302
1	800
1	486
1	569
1	150
0	966
1	460
1	263
1	288
1	590
1	821
1	748
1	939
0	445
1	663
1	345
0	175
1	510
0	193
1	397
1	613
1	307
0	217
1	668
1	515
1	930
1	582
0	945
1	60
1	913
1	556
1	257
0	105
1	545
1	2
1	554
1	179
0	49
1	808
0	455
1	238
0	642
1	504
1	772
1	915
1	774
1	763
1	371
0	12
1	856
1	466
1	706
1	583
1	300
1	172
1	868
0	811
0	394
0	616
1	865
1	199
1	704
1	182
1	513
0	188
1	159
1	600
1	284
1	227
1	385
1	304
1	328
1	427
0	981
1	1
1	607
0	132
1	885
1	651
1	431
0	165
1	846
1	799
1	124
0	628
0	183
1	675
1	142
1	59
0	835
0	853
0	101
1	296
1	398
1	875
0	849
1	951
1	390
1	347
1	567
1	729
1	301
1	919
1	636
0	561
1	506
1	218
1	265
1	547
1	863
1	671
0	281
1	412
1	320
0	424
1	368
0	278
0	538
0	745
1	604
1	96
1	488
1	95
1	91
1	752
1	829
1	517
1	115
1	726
1	622
0	447
0	923
0	392
1	958
1	146
1	918
1	319
1	492
1	620
1	85
1	276
1	848
1	57
1	560
1	168
1	456
1	586
1	277
1	536
1	419
1	634
1	741
0	789
1	841
1	360
0	70
1	231
1	701
1	860
0	969
1	948
1	727
1	963
1	475
0	329
1	740
1	842
0	430
0	37
1	735
0	379
0	396
1	14
1	911
1	576
1	968
1	411
1	448
1	104
1	11
1	991
1	386
1	961
1	964
1	803
1	676
0	639
1	316
1	67
0	464
1	761
1	187
0	192
1	874
1	570
1	451
1	614
1	82
1	938
1	338
1	830
1	170
1	457
1	315
0	788
1	452
0	449
1	907
1	113
1	78
1	585
0	883
0	280
0	43
0	986
1	314
0	927
0	350
1	92
1	234
1	143
1	429
1	879
1	855
1	450
1	467
1	890
1	601
1	359
1	946
0	575
0	737
1	539
0	916
0	255
1	654
1	934
1	908
1	540
1	61
0	573
1	898
0	782
1	236
0	702
1	813
1	73
1	232
0	739
1	106
1	295
1	684
1	490
1	157
1	416
1	776
1	503
1	123
1	241
1	531
1	638
1	148
1	252
1	469
1	181
1	248
1	699
1	310
1	164
1	599
1	299
0	129
0	16
1	174
0	161
1	39
0	629
1	489
1	190
1	131
0	659
1	615
1	854
1	593
1	261
1	351
1	643
1	373
1	712
1	647
1	584
1	882
1	42
1	552
1	844
1	28
1	501
0	807
0	441
1	682
1	975
1	63
1	468
1	635
1	205
1	336
1	953
1	603
1	888
0	581
1	720
0	794
0	383
1	754
1	381
1	718
1	836
1	18
1	759
1	793
0	458
1	254
1	250
1	826
0	184
0	728
0	764
0	402
0	596
0	285
1	147
1	409
1	196
1	349
1	47
1	996
1	511
1	337
0	399
1	454
1	88
1	155
0	994
0	827
1	298
1	733
0	921
1	388
1	111
1	237
0	527
1	86
0	100
1	482
0	812
0	52
1	605
1	920
1	775
0	667
1	760
0	949
1	917
1	555
0	136
0	322
1	275
0	571
1	784
0	247
1	102
1	962
1	139
0	487
1	191
1	352
1	787
1	422
1	889
1	987
1	483
0	507
0	158
0	407
1	851
1	339
1	852
1	769
1	839
1	641
0	178
0	154
1	54
1	25
1	950
1	325
1	235
0	936
0	719
1	208
1	406
0	801
1	366
1	324
0	443
0	534
0	228
0	627
1	810
0	342
1	617
1	965
0	461
1	465
0	294
1	153
0	289
1	843
1	541
1	972
1	532
1	895
0	272
1	201
1	587
1	110
1	692
1	867
1	688
1	269
0	559
0	242
1	213
1	700
0	537
1	245
1	983
1	214
1	0
1	866
0	896
0	137
1	626
1	283
0	98
1	563
1	912
1	126
0	646
1	669
1	35
0	619
1	376
1	721
1	13
1	514
1	415
0	550
1	871
0	198
1	869
0	160
1	665
1	264
0	119
0	312
1	820
1	518
0	551
1	815
1	546
1	453
1	112
1	999
1	109
1	833
1	660
0	207
0	462
1	202
1	694
1	180
0	768
0	121
1	533
1	650
0	686
1	97
1	771
1	512
0	662
1	80
1	321
1	749
0	696
1	568
0	282
1	197
1	847
1	7
1	203
1	297
0	107
1	525
1	765
1	653
0	291
1	55
0	574
1	200
0	509
1	370
1	710
1	798
1	588
1	732
0	226
1	750
1	346
1	262
0	77
1	892
0	947
1	387
1	809
0	414
1	444
0	333
1	206
1	162
0	3
0	548
0	145
1	114
1	117
1	859
1	594
0	893
0	495
0	680
1	805
1	479
1	549
1	802
0	141
1	332
1	526
1	744