1	20
0	436
0	214
0	380
0	200
0	233
1	292
0	780
1	497
0	250
0	873
1	866
0	894
0	409
0	371
0	801
1	685
0	776
0	718
0	971
1	126
1	9
0	554
0	653
0	925
1	689
0	50
0	498
0	583
0	830
0	675
1	445
0	943
0	544
1	576
0	463
0	574
0	404
0	306
0	844
1	604
0	151
0	218
0	565
0	778
0	79
1	259
0	623
1	154
1	150
0	754
0	476
0	822
0	52
0	381
0	671
0	920
0	391
0	571
0	899
1	647
1	507
1	909
0	600
1	868
0	351
1	141
1	950
0	587
0	774
0	149
0	148
0	564
0	199
0	800
0	785
0	107
0	37
0	27
1	772
0	108
0	17
0	845
1	252
1	831
1	748
0	331
1	453
0	489
0	357
0	839
0	661
1	539
0	709
0	592
0	194
0	672
0	406
0	677
1	376
0	69
0	451
1	85
1	209
0	403
1	511
1	669
1	811
0	951
0	983
1	591
1	490
0	67
0	704
0	599
0	364
0	217
1	763
0	750
0	872
0	695
0	737
0	797
0	812
0	743
0	269
0	183
1	11
0	84
1	917
0	294
0	368
0	405
0	64
0	484
1	281
0	815
1	798
0	317
1	678
1	556
0	837
0	247
0	682
1	608
0	192
0	529
0	43
0	433
1	726
1	941
0	1
0	71
1	954
0	934
1	492
1	905
0	438
0	276
1	935
0	841
1	87
0	828
1	701
0	235
0	350
1	766
0	821
1	393
1	919
0	41
0	887
0	204
0	12
0	274
0	222
0	715
0	249
0	49
0	285
0	891
0	857
0	471
0	596
0	843
0	416
0	333
0	297
0	664
0	495
0	81
0	125
0	271
0	207
0	224
0	850
1	771
0	760
0	939
0	907
0	650
0	273
0	70
0	712
0	245
0	215
0	963
0	753
0	447
0	442
1	465
1	559
1	45
0	96
0	781
0	703
0	407
0	973
0	144
0	389
0	687
0	590
0	929
0	993
0	246
0	652
0	537
0	910
0	138
0	363
1	540
0	120
0	115
0	102
0	702
1	414
1	289
1	83
0	727
0	625
0	502
0	197
0	922
0	660
0	730
0	512
1	761
0	883
0	900
0	615
0	446
0	806
1	707
0	501
0	990
0	76
0	768
0	419
0	657
1	288
0	728
0	101
0	888
0	474
0	962
0	767
0	296
1	693
0	316
1	347
1	19
0	191
1	349
0	809
0	124
0	443
0	89
1	892
1	256
0	295
1	986
1	659
0	724
0	208
0	725
1	787
0	717
0	972
0	617
0	157
0	75
1	283
0	30
0	38
0	2
0	130
0	486
1	848
0	692
0	203
0	344
0	181
0	488
1	908
0	334
0	369
0	42
1	751
1	793
1	456
0	162
0	977
0	629
0	234
1	374
0	213
0	287
0	948
0	216
0	395
0	418
0	66
0	8
1	824
1	340
0	952
1	384
0	221
0	769
1	530
0	480
0	638
0	924
1	527
0	869
0	697
0	519
0	679
1	573
0	482
0	836
1	253
1	505
0	449
0	987
0	55
0	890
1	373
0	142
0	595
0	618
0	549
0	118
0	478
0	792
0	898
0	348
1	187
0	109
1	7
0	913
1	930
0	893
1	398
0	609
0	202
0	353
0	696
1	161
0	597
0	129
1	226
0	390
0	895
0	457
0	93
0	304
0	315
0	212
0	211
0	984
1	749
0	493
0	314
0	759
1	160
0	545
0	412
1	846
0	853
1	113
0	31
0	53
0	341
0	434
1	503
0	119
0	543
0	794
1	686
0	258
0	795
0	401
0	254
0	231
0	547
0	522
0	195
1	134
0	622
0	487
0	555
0	499
0	790
0	879
1	626
0	803
0	994
1	33
1	833
0	705
0	90
1	6
0	454
1	823
1	967
0	140
0	666
0	210
0	437
0	432
0	723
1	635
0	810
0	770
0	762
1	26
0	458
0	205
0	220
0	284
0	923
1	135
0	421
0	491
0	424
1	114
0	585
1	521
0	656
1	931
0	34
0	175
0	968
0	889
0	568
1	452
0	829
0	851
0	327
0	985
0	328
1	103
1	582
0	662
1	423
0	884
0	738
0	593
1	634
0	238
0	961
0	469
1	960
0	643
1	992
0	320
1	264
1	80
0	570
0	732
1	552
1	466
1	654
0	106
0	911
1	158
1	461
0	667
0	746
0	533
0	932
1	51
1	417
1	995
0	4
1	400
0	938
0	39
1	681
0	714
1	926
1	928
1	63
0	91
0	275
1	827
1	560
0	513
0	309
0	232
1	494
0	663
1	577
0	670
0	720
0	382
0	541
0	279
0	706
0	422
0	508
0	684
0	455
1	788
0	558
1	550
1	536
0	605
0	240
0	477
1	3
1	313
0	581
1	863
0	173
0	860
1	164
0	858
1	277
0	816
1	525
0	584
1	21
0	339
0	178
0	849
0	688
0	336
1	370
1	572
1	658
1	631
0	396
0	59
0	383
0	293
1	904
0	343
0	808
0	462
0	82
1	777
0	58
0	435
0	112
0	15
0	998
0	982
0	272
0	359
1	716
0	854
0	153
1	933
0	956
1	267
0	430
0	945
0	500
0	765
0	410
0	127
0	225
0	448
1	104
0	291
0	557
0	190
0	255
0	773
0	184
0	940
0	680
0	206
0	241
0	168
0	736
0	248
1	517
0	713
1	352
0	372
0	360
0	969
1	957
0	509
0	40
1	838
0	229
1	266
0	859
0	137
0	470
0	163
0	321
1	804
0	601
0	388
0	649
0	976
0	167
0	610
1	936
1	60
0	379
0	169
0	691
0	966
1	303
0	425
0	440
1	779
0	280
0	5
0	228
0	16
0	86
0	122
0	862
0	251
0	912
1	56
1	637
1	227
0	642
0	942
1	855
1	261
0	744
0	362
0	852
0	105
0	710
1	189
0	676
1	953
0	302
1	239
1	719
0	326
1	897
0	639
0	817
0	172
1	880
0	298
0	367
0	378
1	578
0	365
1	789
0	94
0	918
1	299
0	915
1	243
0	782
1	444
0	733
1	842
0	569
1	260
0	981
0	655
1	896
0	856
1	44
1	648
0	330
0	354
0	375
0	641
0	270
0	690
0	110
1	764
1	621
0	193
0	878
0	999
1	62
0	408
0	614
0	377
0	906
0	428
1	561
0	937
1	978
0	201
0	532
1	903
0	399
0	645
1	802
1	35
0	871
1	553
1	479
0	335
0	312
1	278
0	48
1	975
1	721
1	835
0	611
0	947
0	588
1	413
0	311
1	865
0	616
0	99
1	73
1	65
0	567
0	268
1	818
1	329
0	563
1	916
0	10
0	997
0	902
1	198
0	757
1	473
0	739
0	820
0	180
0	385
0	263
1	575
0	179
0	128
0	742
1	504
0	832
0	566
0	535
0	496
0	927
0	54
0	534
0	431
1	392
1	47
1	123
1	864
1	483
0	74
0	602
0	143
0	886
1	77
1	731
0	775
0	755
0	826
0	88
1	949
0	464
0	257
0	475
1	745
1	673
0	965
1	598
0	29
1	196
1	186
0	174
1	515
0	32
1	756
0	958
1	562
0	78
0	111
0	95
0	640
1	265
0	355
1	747
0	324
0	166
0	870
0	524
0	319
0	612
0	979
0	594
0	955
0	387
1	472
0	485
0	427
0	876
0	132
1	796
0	603
0	310
0	100
0	959
0	159
0	244
0	646
1	944
0	636
0	323
0	136
0	300
0	964
0	523
0	700
0	170
0	840
1	460
0	514
0	548
0	819
0	322
0	117
0	156
1	342
0	589
0	579
0	116
0	861
1	698
0	542
0	286
0	980
1	874
0	799
1	450
0	783
1	307
0	791
0	338
0	182
0	735
1	36
1	970
0	740
0	834
0	586
0	394
0	825
0	131
0	619
0	14
0	996
0	620
1	807
0	814
0	580
0	133
1	356
1	57
0	546
1	28
0	651
1	708
0	628
0	752
0	882
0	98
0	13
1	223
1	152
1	290
0	538
0	176
0	674
0	741
0	155
0	318
1	722
0	459
0	467
0	68
0	22
0	188
0	786
0	665
0	18
1	337
0	92
0	991
0	613
0	177
0	867
1	606
0	420
0	526
0	668
0	308
0	72
0	875
0	121
0	230
0	237
0	607
1	345
0	881
0	97
0	974
0	426
1	439
1	921
0	301
0	784
0	520
0	699
1	23
0	694
0	415
1	429
0	531
0	877
0	332
0	506
0	510
1	847
1	411
0	644
1	325
0	729
0	147
0	262
0	397
0	25
0	386
1	165
0	171
0	885
1	630
1	989
0	46
0	914
0	516
1	988
0	24
1	518
1	805
1	481
0	946
1	361
0	441
0	366
0	146
1	236
1	711
0	402
1	683
0	305
0	633
0	346
0	624
0	901
1	632
0	282
0	468
1	551
0	528
0	185
0	813
0	145
0	758
0	61
0	242
0	734
0	139
1	358
1	0
0	627
0	219