1	447
1	344
1	579
1	942
0	731
1	304
1	196
1	10
1	604
1	39
0	772
1	817
1	860
0	241
1	2
1	517
1	758
0	291
1	631
0	970
1	7
1	107
0	239
0	33
0	754
1	130
1	431
1	526
1	903
1	840
0	717
1	540
1	3
1	525
1	286
1	872
1	151
1	262
1	813
1	688
0	725
0	219
0	199
1	691
1	718
1	176
1	171
1	512
1	454
1	561
1	786
1	502
0	424
0	753
1	949
1	72
1	295
0	782
1	416
1	186
1	280
1	694
1	284
1	165
0	994
1	379
1	514
1	338
1	318
1	491
1	748
1	858
1	58
1	153
1	300
1	309
1	235
1	117
1	459
1	892
1	197
1	190
1	609
1	38
1	975
0	150
1	285
1	506
1	230
1	843
0	946
0	811
1	549
1	582
0	767
1	937
1	376
1	535
1	247
1	361
1	630
1	583
0	910
1	935
1	408
1	802
1	221
0	22
0	47
1	147
0	808
1	21
1	968
1	912
1	834
1	375
1	722
0	64
1	387
1	49
1	831
0	977
1	451
1	856
0	509
1	71
1	200
1	353
1	662
1	955
1	341
1	486
1	472
0	319
0	362
1	246
1	425
0	462
1	790
1	783
1	428
1	677
1	875
1	91
1	249
1	832
0	25
1	435
1	553
1	712
1	637
0	812
1	958
0	690
1	391
1	836
1	476
1	672
0	217
1	943
1	864
0	889
1	895
1	986
0	703
1	785
0	354
1	911
1	801
1	589
0	573
0	720
1	97
0	607
1	100
1	399
1	1
1	653
1	771
1	216
1	752
1	516
1	713
1	981
1	160
1	336
1	797
0	313
1	543
1	23
1	105
1	962
1	545
0	556
1	405
1	397
1	198
0	648
0	432
1	605
1	855
0	114
1	133
1	778
1	351
1	924
1	625
0	131
1	954
1	956
1	906
0	823
0	633
0	194
0	809
1	232
0	669
1	54
1	342
1	577
1	378
1	798
0	967
1	640
0	329
0	618
1	497
1	377
0	18
0	756
1	914
1	202
0	608
0	845
1	326
1	164
1	776
1	594
1	61
1	987
1	442
1	905
1	208
0	473
1	695
1	850
1	455
0	234
0	639
0	267
1	83
1	687
0	745
1	369
1	134
0	231
1	460
1	311
0	45
1	623
1	569
1	661
1	250
1	96
1	93
0	347
1	66
0	383
1	542
1	515
0	125
1	310
1	468
1	751
0	619
1	214
1	957
0	529
1	862
1	747
1	180
1	559
1	14
0	245
1	136
1	898
1	749
0	996
1	389
1	519
0	81
1	409
1	294
1	741
1	485
1	68
1	211
1	595
1	697
1	541
0	838
1	173
1	325
1	944
1	868
1	228
0	978
0	345
0	127
1	755
0	223
1	183
1	665
0	41
1	614
1	759
1	90
1	156
0	372
0	334
0	781
0	140
0	74
1	927
1	746
1	818
1	121
1	635
0	849
1	814
1	42
1	584
1	947
1	308
1	143
0	904
0	787
1	146
1	138
1	770
1	766
0	495
0	571
1	847
1	997
1	576
0	719
1	632
1	475
1	363
1	891
1	643
0	998
1	570
1	106
1	67
1	290
1	871
1	510
0	461
1	242
0	258
1	961
0	43
1	400
1	370
1	339
1	218
0	433
0	922
1	446
1	699
0	804
0	580
1	299
1	820
1	990
0	923
1	359
0	523
1	674
0	205
0	392
1	40
1	70
0	201
0	659
0	163
1	493
1	763
0	427
1	297
0	575
1	492
1	157
1	564
0	681
1	63
1	373
1	333
1	667
1	478
1	417
1	69
1	55
1	932
1	919
1	410
1	174
1	974
0	396
0	606
1	678
1	210
1	327
0	879
0	663
1	588
0	11
1	16
1	807
1	483
1	995
1	641
1	434
1	982
0	819
1	167
1	469
1	348
1	395
1	615
1	236
1	602
0	704
1	102
1	866
1	366
1	162
1	471
0	984
0	885
0	833
1	546
1	490
1	505
1	852
1	684
1	274
1	145
1	973
1	498
1	673
1	899
1	453
1	293
1	560
0	536
1	464
1	599
1	624
1	800
1	80
1	645
1	17
1	603
0	132
1	750
1	452
0	963
1	897
1	789
1	152
1	477
0	166
1	489
0	48
1	791
1	282
1	805
1	466
1	46
1	415
0	794
1	965
1	27
0	481
1	207
1	929
1	647
0	32
1	287
0	874
1	380
1	384
1	738
1	788
1	275
1	501
1	926
1	649
1	557
1	266
0	884
0	390
1	19
1	254
1	227
0	52
0	985
1	792
0	591
1	111
1	705
1	265
0	292
1	191
1	827
1	178
1	841
1	277
1	382
1	915
0	456
0	226
1	482
0	296
1	882
1	20
1	479
0	385
1	31
0	420
0	768
0	419
1	700
1	777
0	537
1	328
1	626
1	99
1	890
1	60
1	306
1	566
1	225
0	682
1	76
1	826
1	723
0	298
1	539
1	79
0	500
1	36
0	470
1	110
1	367
1	616
0	590
1	320
1	330
0	948
1	853
1	144
1	617
1	323
1	592
0	824
1	854
0	109
1	422
0	668
1	730
1	85
1	917
1	960
1	565
1	810
1	503
1	317
1	830
0	222
0	613
1	73
1	610
1	916
1	358
1	403
0	993
1	103
1	260
0	101
1	735
1	799
0	596
1	155
1	714
1	82
0	444
1	484
1	220
1	658
0	244
0	8
1	0
1	281
1	686
1	863
0	474
0	859
1	128
1	255
1	154
1	638
0	581
1	137
0	988
0	765
1	195
1	206
1	528
0	642
1	118
1	142
1	487
0	760
1	627
0	707
1	256
1	53
1	702
1	880
1	57
0	918
1	547
1	551
1	95
1	263
0	240
1	185
0	933
1	902
1	548
0	394
1	737
1	857
1	288
1	611
1	692
0	371
0	170
0	796
0	499
1	75
1	168
1	629
1	953
1	393
1	837
0	869
1	215
1	822
1	78
1	443
0	504
1	212
0	728
1	203
1	139
1	909
0	664
1	521
0	710
0	861
0	739
1	628
1	934
1	622
1	248
1	736
1	744
0	413
1	264
1	646
1	357
1	979
0	989
0	520
1	252
1	496
1	187
1	803
1	273
0	179
0	355
1	654
0	324
1	314
1	421
1	652
1	437
0	30
1	224
1	848
1	289
1	764
0	867
1	29
0	701
1	279
1	9
1	587
1	467
0	259
1	65
1	364
1	184
1	991
0	896
1	743
1	773
0	761
1	177
1	458
1	175
0	488
1	335
1	636
1	84
1	742
1	412
0	181
0	122
1	865
1	676
1	670
1	77
1	726
0	26
0	356
0	238
0	120
1	51
0	816
0	621
1	513
1	578
0	13
1	448
1	544
1	233
1	598
0	15
1	321
1	337
1	821
0	685
1	463
1	37
1	480
1	59
1	930
1	724
1	28
1	172
1	671
1	56
1	316
1	878
1	108
1	98
1	940
1	534
1	842
1	182
1	381
1	149
1	161
1	126
1	50
1	650
1	531
1	268
1	129
1	115
0	593
1	971
1	660
1	562
1	887
1	586
0	733
1	331
1	192
1	907
0	270
1	530
0	601
1	976
1	406
1	5
1	877
0	708
0	169
1	418
1	825
1	969
1	402
1	35
1	612
1	567
1	411
0	666
1	124
1	795
1	4
1	269
0	104
1	757
1	983
1	209
1	524
1	24
0	89
1	972
0	999
0	533
0	952
0	945
0	6
1	301
1	600
1	888
1	839
1	340
1	876
1	925
1	272
1	346
1	597
1	835
1	113
1	901
1	368
0	716
1	457
1	552
1	438
1	494
1	398
1	828
0	508
1	257
1	844
1	620
0	112
0	305
0	780
0	572
1	894
1	655
1	992
1	449
1	251
1	644
0	261
1	276
1	634
0	332
0	711
0	123
1	585
1	92
1	829
0	522
1	651
0	732
1	343
1	445
1	931
1	656
0	680
1	386
1	360
1	352
1	440
0	721
0	507
1	283
1	312
0	693
1	729
1	936
1	698
1	563
1	774
1	550
0	727
0	404
1	706
1	883
1	980
0	734
1	436
0	119
1	941
1	715
1	193
1	893
1	538
1	555
0	34
1	900
0	86
1	188
0	441
1	44
1	938
1	350
1	243
1	806
1	568
1	423
1	429
0	148
0	815
1	775
1	779
1	465
1	189
1	141
1	769
0	388
1	159
0	439
1	271
1	908
1	679
1	302
1	12
1	229
1	928
0	574
1	426
1	554
0	558
1	675
1	939
1	213
1	959
0	450
1	696
1	401
1	116
1	870
0	87
1	784
0	414
0	307
0	873
1	204
1	966
0	793
1	951
0	762
1	913
0	740
1	253
1	62
1	511
0	365
0	88
1	322
1	846
1	158
1	709
0	430
1	374
0	527
1	683
1	237
1	964
1	278
1	881
1	407
1	94
1	921
0	851
0	886
1	920
1	532
1	657
0	303
0	950
1	689
1	135
1	315
1	349
1	518