0	210
0	485
0	851
0	448
1	17
0	504
0	908
1	330
0	944
1	430
0	691
0	647
0	139
0	45
1	754
0	76
1	727
0	498
0	697
0	475
1	203
0	165
0	602
1	150
0	71
0	482
0	540
0	686
0	511
0	104
0	232
0	644
0	827
0	391
0	956
0	23
0	804
0	857
0	849
0	964
1	740
0	599
0	300
0	786
0	949
0	469
0	214
0	630
0	119
0	51
0	211
0	631
0	240
0	345
0	307
1	261
0	258
0	642
1	649
1	429
1	321
0	860
0	396
0	757
0	763
0	431
0	832
0	610
0	673
1	658
1	467
0	939
0	861
1	590
0	887
0	372
1	229
0	846
1	445
1	923
0	295
0	880
0	518
0	873
0	937
1	333
0	841
0	559
0	276
0	449
0	717
0	990
1	707
0	738
1	897
0	412
0	906
0	331
1	499
0	428
0	941
0	790
0	997
0	302
0	628
1	484
0	994
0	265
0	371
1	74
0	2
1	380
0	32
1	54
0	798
0	530
0	493
0	978
0	788
1	594
0	244
1	248
0	264
0	536
0	690
1	169
0	112
0	872
1	749
1	512
0	393
0	976
0	209
1	877
0	317
0	922
0	544
0	38
0	899
1	303
0	243
1	960
0	400
0	774
0	402
0	177
1	696
0	62
1	320
1	557
0	416
0	353
1	663
1	884
0	161
0	52
0	459
0	888
0	853
1	219
0	777
0	222
0	674
0	871
1	782
1	481
0	569
0	57
1	919
1	262
0	778
0	259
0	489
0	173
0	597
0	881
1	103
1	78
0	419
0	940
0	716
1	974
0	538
0	18
1	878
0	360
0	80
0	83
0	553
0	524
0	758
1	595
0	755
1	223
0	212
1	715
0	164
0	549
0	700
0	293
1	830
0	813
0	148
1	629
1	838
0	470
0	383
0	613
0	81
0	121
0	174
1	377
0	734
1	215
0	417
1	361
1	283
0	634
0	896
0	96
1	893
1	404
1	294
0	296
0	88
0	637
0	269
1	979
0	114
0	157
0	541
0	667
1	422
0	247
0	952
0	496
0	583
0	46
0	362
1	11
0	958
0	366
0	874
1	117
1	85
0	132
0	806
0	411
0	340
0	387
0	328
0	113
0	220
0	612
0	834
0	525
0	10
0	339
0	364
0	241
1	869
0	890
0	948
1	779
0	576
0	703
0	927
0	625
0	771
1	318
0	356
1	332
1	352
0	49
0	913
0	968
1	901
1	69
0	641
0	367
0	105
1	632
0	685
0	991
0	765
0	456
0	513
0	162
0	191
0	953
0	450
0	111
0	742
0	657
0	965
0	564
1	185
1	351
1	500
1	253
0	488
1	9
0	376
0	36
0	552
0	856
0	8
0	624
0	359
1	815
1	598
0	863
0	828
0	501
0	311
0	814
0	201
0	326
0	883
0	962
1	338
0	304
0	413
0	494
1	379
0	656
0	225
0	539
0	208
1	91
0	238
1	950
0	322
0	509
0	369
1	16
1	271
0	907
0	809
0	587
1	313
0	943
0	368
1	867
0	743
1	986
0	973
1	263
0	961
1	627
0	437
1	760
0	894
1	237
0	900
0	621
1	468
0	451
0	288
0	793
0	792
0	840
1	438
1	669
0	548
1	344
1	671
0	604
0	193
1	305
0	235
0	574
1	108
0	116
1	154
0	160
0	528
0	158
0	129
0	914
0	299
1	584
1	44
0	925
1	435
0	510
0	989
1	898
0	750
0	791
0	783
1	443
0	3
0	909
1	134
0	424
0	207
1	507
1	651
1	772
0	514
0	409
0	589
1	279
1	609
0	592
0	454
0	385
1	323
0	581
1	759
0	730
0	999
0	648
0	831
0	829
1	611
0	473
0	891
0	662
0	535
0	546
0	654
1	329
1	188
0	461
1	762
0	895
0	975
0	819
1	603
0	664
0	286
0	189
0	414
0	808
0	34
0	523
0	221
1	140
0	748
0	910
1	862
0	255
0	617
0	181
1	120
0	172
0	931
0	384
0	463
1	995
0	90
0	801
0	578
0	534
0	983
0	284
1	245
1	127
1	833
0	27
0	171
1	803
0	556
0	766
0	932
0	200
1	580
0	153
0	936
0	850
0	560
0	447
0	434
0	497
1	159
0	375
0	719
0	118
0	373
0	640
0	585
1	440
1	59
0	820
0	620
0	100
0	735
1	835
0	274
0	386
0	472
0	194
0	287
0	996
0	234
1	92
1	95
0	388
0	712
1	464
0	266
1	824
0	542
0	63
0	42
1	596
0	660
0	934
0	41
0	122
0	67
0	93
1	249
0	453
1	752
0	955
0	842
0	515
0	784
0	186
0	58
0	702
0	166
0	290
0	106
1	554
1	342
0	282
0	423
0	843
0	951
0	355
0	775
1	65
0	24
0	678
0	462
1	354
0	458
1	811
0	825
1	503
1	53
0	39
1	942
0	619
0	746
0	985
1	957
1	471
1	486
0	972
0	280
1	508
1	357
1	149
1	551
1	14
0	666
1	566
0	1
1	633
0	21
0	460
0	615
0	230
0	170
0	737
0	55
0	537
0	281
1	474
0	532
0	714
0	506
0	698
0	180
1	217
0	681
0	442
0	879
0	316
1	531
0	582
0	50
1	875
0	866
0	699
0	981
0	310
0	753
0	31
0	614
0	382
0	563
0	903
0	7
0	938
1	665
0	260
1	144
0	789
0	876
0	918
0	561
1	156
0	705
0	151
1	776
1	267
0	987
1	733
0	836
0	491
0	668
0	870
1	522
0	572
0	73
0	421
1	285
0	930
0	844
1	152
0	845
0	436
1	399
0	346
1	826
0	764
1	397
1	747
0	64
0	971
0	168
0	794
0	97
0	821
1	568
0	109
0	327
1	963
1	403
0	218
0	852
0	408
0	917
1	335
0	645
0	807
0	319
0	289
1	48
0	30
0	721
0	858
0	636
0	308
1	131
0	728
0	378
1	477
1	141
0	455
0	593
1	390
0	202
0	562
0	418
0	99
1	577
0	704
1	767
0	785
1	19
0	812
1	128
0	720
0	586
0	683
0	155
0	483
0	142
0	954
1	868
0	439
0	722
1	110
0	694
0	61
1	550
0	929
0	37
0	227
0	348
0	708
0	236
0	123
0	680
0	605
0	805
1	924
0	701
0	970
0	769
0	56
0	886
1	337
1	187
1	751
0	465
0	395
0	4
0	579
0	780
0	226
1	204
0	519
0	837
0	324
1	847
1	325
0	233
0	490
0	13
0	689
0	526
0	433
1	336
0	242
0	401
0	89
0	182
0	98
0	565
0	343
0	741
0	855
0	124
1	650
0	406
0	800
0	457
1	591
0	920
1	426
0	374
0	516
0	709
0	502
0	781
0	432
0	206
0	661
0	231
1	163
0	601
0	349
1	183
0	969
0	998
0	904
1	817
0	427
0	682
1	301
0	692
1	688
1	492
1	86
0	365
0	394
1	527
1	982
1	724
0	136
0	146
0	101
0	505
0	334
0	977
1	768
0	571
1	710
0	291
1	43
0	239
0	312
1	570
0	718
1	545
0	254
0	677
0	732
1	993
1	26
0	885
0	796
1	947
0	839
1	529
0	966
0	693
1	623
1	190
0	392
0	278
0	370
0	892
0	967
0	638
0	82
0	198
0	410
0	916
0	711
1	444
0	75
0	725
1	268
0	28
0	466
0	600
1	744
1	199
0	864
0	94
0	297
1	257
0	135
0	298
0	87
0	773
0	273
0	35
0	425
0	675
0	15
0	350
0	441
0	729
1	992
0	555
0	573
1	147
0	314
1	558
0	795
0	676
1	655
0	197
0	246
0	848
0	6
1	347
0	726
0	643
0	452
0	543
0	865
0	495
0	687
1	213
0	250
0	802
1	902
1	115
0	905
1	341
0	138
0	196
0	0
0	358
0	487
0	652
1	616
0	478
1	608
0	398
0	224
0	739
0	646
0	309
1	126
1	176
0	787
1	12
1	607
0	216
0	60
0	25
0	252
0	405
0	706
0	921
1	415
1	137
0	40
1	672
0	476
0	446
0	736
0	315
0	29
0	102
0	66
0	810
0	547
0	125
1	859
0	363
1	882
0	520
0	679
0	723
1	70
0	272
0	926
0	756
0	130
0	192
0	823
0	145
0	945
1	635
0	889
0	935
1	988
0	915
0	517
0	407
0	659
0	143
0	178
1	770
0	670
1	745
0	228
1	818
0	575
0	5
0	381
0	695
1	77
0	816
0	306
0	533
1	72
0	256
0	420
0	761
0	912
0	277
1	270
0	946
0	606
0	68
0	684
0	933
0	84
1	175
0	167
1	33
0	822
0	797
0	521
0	713
0	107
0	854
1	133
0	251
1	567
0	275
1	959
0	389
0	622
0	626
0	20
0	179
0	79
0	479
0	22
0	980
1	480
0	639
1	292
0	47
0	731
1	195
1	911
0	653
0	588
1	984
1	205
0	928
0	184
0	799
0	618