1	637
1	921
0	660
0	286
1	21
0	554
0	398
1	986
0	117
0	817
0	378
1	593
1	283
0	106
0	485
0	747
0	601
1	376
1	649
0	275
0	337
0	949
0	970
0	57
1	305
0	362
1	659
0	634
0	217
0	694
0	592
0	794
1	263
0	37
0	453
1	830
1	604
1	653
0	67
0	538
0	743
0	495
1	807
0	769
0	728
0	934
0	625
0	278
0	542
0	446
0	172
0	906
0	799
0	603
0	846
0	379
0	599
0	550
0	448
1	471
0	69
1	994
0	218
0	259
0	200
0	629
0	149
0	314
0	400
0	221
0	36
0	643
0	756
0	227
0	348
1	223
0	517
1	427
1	888
0	190
0	484
1	689
1	923
0	915
0	632
1	466
0	251
1	556
0	932
0	553
1	240
1	28
0	116
1	231
0	715
0	20
1	298
0	905
0	436
0	257
0	290
0	464
0	525
0	691
0	451
0	516
0	185
0	345
1	409
0	30
0	351
1	79
0	38
0	277
0	802
0	157
0	535
0	299
0	740
0	199
1	741
0	705
0	440
0	273
1	748
0	92
0	336
0	777
0	865
0	943
1	14
0	803
0	859
0	855
0	999
0	415
0	607
0	418
0	325
1	62
1	869
1	216
1	51
0	918
0	0
1	434
0	610
1	209
0	138
0	885
0	692
0	56
1	627
0	709
0	561
0	342
0	667
0	853
1	127
1	430
1	402
0	930
0	247
0	871
0	501
0	702
0	641
0	955
0	291
0	419
0	784
0	654
0	957
0	928
0	812
1	450
0	68
0	725
0	564
0	128
0	711
1	390
0	101
0	708
0	242
1	394
1	652
1	497
1	845
0	78
0	206
0	310
1	330
1	914
0	844
0	638
1	297
0	735
1	524
0	569
0	753
0	907
1	633
0	938
0	671
0	66
0	272
1	872
0	490
0	959
0	167
0	981
0	145
0	195
0	726
0	800
0	411
1	382
0	422
1	352
0	503
0	354
0	229
0	684
1	162
0	239
0	428
0	176
1	947
0	323
0	312
0	339
1	698
1	126
0	696
0	805
0	774
0	767
0	712
0	765
1	87
1	302
0	191
1	321
0	90
1	460
0	17
0	763
1	988
0	739
0	387
1	365
0	425
0	587
0	631
1	687
0	521
0	758
0	461
1	25
0	874
0	94
0	826
0	230
1	311
0	655
0	677
0	873
1	819
1	2
0	699
0	438
0	237
0	24
0	912
0	572
0	771
0	331
0	423
0	441
0	847
0	493
0	993
0	373
1	320
0	335
0	133
0	255
0	332
0	137
1	895
0	225
0	326
1	548
0	293
0	455
0	979
0	608
0	124
1	597
0	80
0	581
0	545
0	813
0	626
1	74
0	530
0	775
0	279
1	963
0	459
1	109
1	974
0	121
0	389
0	377
0	602
0	182
0	877
0	174
0	194
1	494
1	578
1	256
0	663
0	537
1	179
0	842
0	18
0	491
1	673
0	678
1	49
0	858
0	406
0	261
1	262
0	372
1	204
0	642
0	628
1	198
0	288
1	265
0	113
0	852
0	804
0	509
0	720
0	467
0	369
0	964
0	887
0	153
0	584
0	580
0	370
0	238
1	349
0	779
0	424
0	171
1	317
0	848
0	762
1	751
0	640
0	862
0	965
0	166
0	870
0	791
0	42
0	61
0	837
1	72
0	615
0	15
0	942
0	408
0	253
1	933
0	384
1	617
0	89
0	850
0	496
0	890
1	878
0	188
1	978
0	529
1	619
0	245
0	7
0	875
1	357
0	474
0	787
1	801
0	397
0	4
0	486
0	85
0	212
0	81
0	611
0	465
0	832
0	864
0	477
0	968
0	975
1	808
1	676
1	274
0	925
0	772
1	884
0	664
1	235
0	990
0	598
0	508
0	104
0	269
1	123
0	324
0	205
0	414
0	519
0	396
0	55
1	102
0	86
0	665
0	571
1	527
0	573
1	648
1	971
0	636
0	254
0	701
0	972
0	71
0	764
0	16
0	540
1	429
0	152
0	565
0	482
0	809
1	987
0	340
0	43
0	333
0	252
0	236
0	821
1	713
0	534
0	313
0	159
1	449
1	421
0	125
1	662
0	893
0	350
0	718
1	77
1	322
0	551
0	647
0	233
0	12
0	168
0	614
0	526
0	315
1	952
1	27
0	574
0	749
0	828
0	151
0	589
0	462
1	399
0	646
1	392
1	998
0	719
1	596
0	613
1	282
0	583
0	3
0	63
0	443
0	34
0	507
1	142
0	211
0	717
0	416
0	481
1	437
0	937
0	316
1	984
0	985
0	454
0	960
0	920
1	433
0	214
0	499
1	557
0	616
0	196
1	781
0	929
0	304
0	271
0	838
1	308
1	674
0	901
0	672
0	489
0	834
0	833
1	158
0	170
0	911
0	284
0	750
1	260
0	962
0	334
0	588
0	806
0	447
0	5
0	759
0	210
0	822
1	575
0	115
0	992
0	745
1	656
0	951
0	729
0	381
0	685
1	897
0	114
0	766
1	301
1	576
0	860
0	432
1	880
0	618
0	407
1	744
1	790
0	420
0	367
0	879
0	913
0	639
0	268
0	356
0	84
1	173
0	722
0	112
0	8
1	577
0	280
0	704
0	815
1	292
0	118
0	319
0	857
0	894
0	883
1	463
1	902
0	328
1	567
1	594
0	989
1	953
0	363
1	73
0	177
0	644
1	910
1	829
0	202
1	404
1	693
1	776
0	388
0	505
0	9
1	294
1	165
0	536
0	621
0	778
1	224
0	359
0	468
0	560
1	371
0	657
0	64
0	393
0	733
1	683
0	522
1	680
0	444
0	146
0	130
1	457
0	882
0	839
0	513
0	961
0	366
0	836
0	386
0	473
0	129
1	825
1	568
0	395
0	368
0	111
1	792
0	675
1	201
0	789
0	281
0	958
0	76
0	707
0	891
0	582
0	661
1	795
0	228
0	935
0	50
0	197
0	46
0	6
0	559
0	360
0	500
0	207
0	264
0	995
0	53
1	782
0	31
0	29
1	770
1	570
0	752
0	797
0	939
0	566
1	374
0	977
0	160
1	258
0	544
0	956
1	840
0	327
0	181
0	213
0	163
0	528
0	60
0	488
0	515
0	730
0	936
0	549
0	827
0	724
0	148
0	816
0	682
0	135
1	635
0	946
1	861
0	220
1	966
1	287
0	431
0	605
0	385
1	924
0	546
0	908
0	193
1	511
0	922
1	413
1	926
0	100
0	95
0	547
0	479
0	679
1	13
0	539
1	65
1	41
1	58
1	997
1	452
0	96
0	690
0	876
0	139
0	533
0	470
0	405
0	375
0	241
0	45
0	219
0	475
0	107
1	612
0	606
0	487
0	843
1	40
0	131
0	19
0	948
0	954
0	881
0	786
0	347
0	579
0	232
0	798
0	289
0	141
0	742
0	788
0	760
0	132
1	761
0	688
1	736
0	215
0	33
1	983
1	543
0	531
1	119
0	645
1	88
1	410
0	518
0	973
0	380
0	590
1	835
1	154
0	824
0	996
0	666
1	732
0	669
0	721
1	498
1	591
0	991
0	941
1	746
0	714
0	780
0	296
0	886
0	909
0	851
0	630
1	622
0	520
0	343
0	967
0	854
1	54
0	178
1	22
0	353
0	555
0	169
0	136
0	442
0	355
0	480
0	318
0	868
0	917
1	670
0	969
0	841
1	896
0	358
0	927
0	731
0	585
0	144
0	624
0	773
0	823
0	734
0	609
1	59
0	469
0	11
1	303
0	623
0	75
0	472
0	727
0	445
0	867
1	476
0	23
1	346
0	98
0	243
0	863
0	183
0	417
0	532
0	249
0	458
0	916
0	620
0	267
0	651
1	723
0	180
0	1
0	478
1	401
0	831
1	514
0	208
0	768
0	892
1	97
0	155
1	82
0	26
0	439
0	383
0	234
1	650
0	270
1	552
0	361
0	541
1	203
0	122
0	814
1	700
1	796
0	982
0	523
0	266
0	506
0	818
0	849
0	811
0	52
0	161
0	866
0	244
0	300
0	820
0	99
1	710
1	187
0	757
0	435
0	35
1	944
0	899
0	250
0	184
0	793
1	93
0	785
0	856
0	980
0	164
0	426
1	192
0	510
1	307
1	276
0	338
0	658
0	950
0	134
0	329
0	586
1	412
0	344
1	91
0	755
0	32
0	248
0	156
0	70
1	504
0	175
0	48
0	558
0	903
0	600
0	285
0	904
0	44
0	595
0	189
0	716
0	562
0	900
0	686
0	703
0	456
1	391
1	563
0	103
0	105
0	976
0	10
1	140
1	738
1	931
1	143
0	810
1	226
0	512
1	309
0	39
0	295
0	186
1	783
0	483
0	945
1	108
1	697
1	47
1	403
0	706
0	492
0	695
0	502
0	754
0	889
0	737
0	919
0	83
0	898
1	110
1	120
1	681
0	668
0	306
0	150
0	222
1	364
0	147
0	246
0	940
0	341