1	536
1	528
1	743
1	353
1	234
1	795
1	577
1	819
1	82
1	212
0	930
1	771
1	407
1	153
0	88
1	172
1	361
1	102
0	887
0	477
1	463
1	831
1	644
1	78
0	391
1	94
1	32
1	567
0	543
0	792
1	133
1	106
1	326
1	905
1	213
1	903
0	558
1	629
1	787
1	425
0	696
1	359
1	802
1	866
1	999
1	471
0	332
1	840
1	10
1	628
1	969
1	970
0	404
1	92
1	912
1	610
1	674
1	852
0	982
1	150
0	459
1	861
1	163
1	15
0	260
1	105
1	606
1	638
0	109
0	940
1	556
0	193
1	782
0	817
1	199
0	177
1	325
0	345
0	418
1	40
1	789
0	634
1	765
1	357
1	564
1	981
1	29
0	5
0	9
1	907
0	417
1	657
1	856
0	116
1	380
1	926
1	915
1	160
1	461
1	562
1	582
0	804
1	302
1	182
0	537
1	977
1	758
1	653
0	647
1	898
1	873
0	275
1	7
1	538
0	762
1	570
1	256
0	569
1	811
0	490
1	872
0	321
1	222
1	117
0	620
0	427
1	387
1	192
1	917
1	651
0	72
1	822
1	880
1	990
1	59
0	829
0	216
1	592
1	2
1	893
1	245
1	252
1	788
1	632
1	65
0	844
1	985
1	980
0	875
1	120
1	448
0	979
1	665
1	717
0	919
1	636
1	768
1	323
1	923
1	386
1	535
0	519
1	37
1	411
1	170
1	396
1	25
1	89
1	830
1	374
1	920
0	142
1	171
1	439
0	341
0	608
1	900
1	518
1	531
1	902
0	637
1	899
0	464
0	311
0	475
1	406
1	35
1	149
1	308
1	936
1	533
1	348
1	640
1	128
1	99
1	377
1	791
0	22
1	547
1	236
1	288
1	996
1	546
1	320
1	283
1	51
1	110
0	496
1	436
0	671
0	604
1	476
1	290
1	403
0	115
1	313
0	486
1	301
1	850
0	934
0	652
1	389
0	255
1	46
1	145
1	347
1	462
1	378
1	224
1	605
1	362
0	670
1	166
1	643
0	309
1	134
1	763
1	975
0	208
0	838
0	857
0	491
1	959
0	44
1	265
1	53
1	370
1	948
1	206
1	786
1	215
0	855
0	159
0	697
1	759
1	23
1	939
1	500
0	681
0	820
0	740
1	103
1	506
1	522
1	773
0	246
1	646
0	100
1	174
1	862
1	658
0	480
0	168
1	921
1	965
1	845
1	775
1	498
1	217
1	560
0	848
0	532
1	423
1	173
1	339
1	479
0	780
1	112
0	158
1	279
0	987
1	808
1	954
0	259
0	282
1	730
1	33
1	906
1	322
1	292
1	127
1	151
0	505
1	705
0	242
1	139
1	520
0	675
1	663
1	200
1	239
1	986
0	34
0	424
1	860
0	754
1	229
0	750
1	827
1	539
0	594
1	263
1	823
0	197
1	997
0	186
1	794
1	624
0	137
1	842
1	318
0	748
1	179
1	933
1	62
0	27
1	189
0	233
1	360
1	503
1	761
1	299
1	57
0	227
1	430
1	922
1	130
1	494
1	613
1	273
1	278
1	175
1	881
1	371
0	414
1	228
1	607
0	54
1	585
1	760
1	250
1	612
1	334
1	756
1	627
1	63
1	972
0	315
0	95
0	672
1	331
1	901
1	408
1	778
1	826
1	602
1	164
1	135
1	45
0	944
0	561
1	156
0	327
0	868
0	974
1	381
1	167
1	784
1	450
0	485
0	662
1	667
1	729
0	481
0	719
1	76
1	390
1	58
1	218
0	626
1	154
1	885
0	879
1	813
1	566
0	488
0	924
1	886
1	416
1	368
1	24
0	225
1	319
0	257
1	597
1	114
1	781
1	434
0	460
1	487
1	369
1	812
1	552
1	530
1	398
1	542
0	119
1	449
1	553
1	262
1	545
1	814
1	405
0	203
1	295
1	18
1	721
1	247
1	93
1	853
0	42
0	722
1	66
0	271
1	445
1	140
1	864
1	281
1	870
1	854
1	515
0	349
1	684
1	84
1	14
1	440
0	559
0	258
0	821
1	587
0	711
1	162
1	269
1	699
0	126
1	962
1	235
1	420
0	223
0	572
1	335
1	960
1	513
1	549
1	588
1	913
1	458
1	914
0	483
1	877
1	1
0	329
1	946
0	473
1	623
1	52
0	79
1	402
0	869
1	310
1	967
1	859
1	747
0	633
1	148
0	649
1	897
1	580
1	346
1	704
1	101
1	882
1	799
1	226
0	776
0	964
1	443
1	30
1	399
1	16
0	209
0	589
1	244
0	690
1	810
0	551
1	523
1	654
1	268
0	98
0	603
1	113
1	39
1	410
1	67
1	351
1	429
1	621
1	688
1	949
1	708
0	376
1	849
1	26
1	712
1	871
1	373
1	375
1	625
1	266
1	601
1	744
0	968
1	328
1	642
1	841
1	91
1	85
1	123
1	293
1	935
1	75
1	300
1	248
1	383
0	457
0	314
1	428
1	47
1	13
1	446
0	779
1	757
1	202
1	21
1	928
0	701
1	641
0	833
1	669
1	307
1	287
1	36
1	973
1	178
1	77
0	303
1	918
1	415
1	989
1	86
1	437
0	984
1	976
1	492
1	444
0	337
1	482
1	639
1	622
1	121
1	963
1	169
1	180
1	735
0	878
1	595
1	294
1	686
0	194
0	541
1	393
1	764
0	796
1	772
1	955
1	514
1	836
0	511
1	20
1	509
0	724
1	983
0	550
1	749
1	720
0	272
1	904
0	467
1	991
0	655
1	56
0	484
1	736
1	510
1	777
1	742
0	805
1	333
0	883
0	80
1	190
1	211
1	746
0	767
1	504
0	865
1	631
1	575
1	253
1	682
1	147
1	125
0	108
0	468
1	925
1	350
1	700
1	752
1	718
1	769
0	659
0	90
1	107
1	73
0	495
1	97
1	529
0	617
1	241
0	74
1	635
1	188
1	734
0	401
1	524
1	12
1	738
1	210
1	204
1	161
1	943
1	689
1	355
0	770
1	818
1	571
0	214
0	834
1	447
0	609
1	790
1	452
1	677
0	584
1	221
1	797
0	165
0	426
1	187
1	846
0	340
0	957
1	732
1	419
1	516
1	815
1	527
0	17
1	276
1	132
1	728
1	876
1	141
1	993
1	678
1	664
1	668
1	599
1	574
1	938
0	382
0	304
1	324
0	465
0	816
1	238
0	534
1	155
1	753
0	379
1	733
1	296
1	801
0	727
1	251
1	232
0	497
1	616
1	650
1	184
1	832
1	352
0	298
1	683
1	220
0	397
0	809
1	358
0	274
1	354
0	793
1	291
1	785
1	205
1	394
1	619
0	364
1	8
1	388
0	693
1	666
1	563
1	731
1	31
1	583
1	472
1	828
1	614
1	207
0	70
0	526
1	680
0	277
1	442
1	87
1	726
0	971
1	104
1	157
0	474
1	803
0	942
0	945
1	961
1	366
1	81
1	956
0	55
1	60
1	219
0	557
1	618
0	312
0	3
0	289
1	695
1	365
1	512
1	230
1	648
0	895
1	951
1	49
1	470
1	891
1	839
1	656
0	544
1	243
1	152
0	950
0	916
0	501
1	929
0	890
1	998
1	412
1	502
1	751
1	96
1	305
1	122
1	517
0	28
1	254
1	270
1	896
1	581
1	111
1	508
1	703
0	0
1	691
0	941
1	745
1	953
0	931
1	596
1	432
0	611
1	499
1	888
1	196
1	687
0	615
1	342
0	937
1	723
1	435
1	395
1	825
1	554
1	286
1	894
1	593
1	433
1	336
1	38
1	338
1	645
1	438
0	548
0	455
1	995
1	249
1	363
1	264
0	716
1	863
1	413
1	344
1	988
0	847
1	201
1	181
1	867
1	422
0	330
1	540
1	586
1	766
0	725
1	198
0	591
1	927
1	702
0	884
1	306
0	783
1	372
0	843
1	317
0	144
1	892
0	131
1	451
0	685
1	4
1	6
1	992
1	741
1	910
1	136
0	851
1	469
1	660
0	11
0	61
0	478
0	673
1	343
1	400
0	889
1	706
1	456
1	714
1	709
1	947
1	755
0	600
0	297
1	737
1	118
1	694
1	835
1	83
0	521
1	555
1	692
1	316
1	774
1	911
1	837
1	453
1	908
1	710
1	385
1	48
1	237
1	71
0	41
0	280
1	800
1	267
0	698
1	195
0	858
0	466
1	231
1	713
1	807
1	579
1	392
1	630
1	739
1	421
1	64
1	715
1	185
0	507
1	261
0	994
1	824
1	356
0	129
1	431
1	958
1	576
1	874
1	441
1	932
0	454
1	676
0	598
1	176
0	489
0	679
0	409
1	952
0	69
0	661
1	19
1	573
1	68
1	43
1	966
1	384
1	578
0	978
0	138
1	367
0	183
1	568
0	806
0	590
1	50
1	798
1	707
1	565
0	240
0	525
1	284
0	124
0	493
1	143
1	285
1	146
1	909
1	191