1	524
0	57
1	231
1	420
0	166
1	334
1	339
1	54
1	549
1	400
0	412
1	949
0	700
0	53
1	980
0	123
1	930
1	406
1	463
1	410
1	891
1	861
0	536
1	379
0	84
1	503
1	877
1	507
1	386
1	402
0	670
0	293
0	135
1	300
1	75
1	697
0	479
1	588
1	511
1	502
0	423
0	920
1	643
0	338
1	83
1	429
0	979
1	641
1	972
1	546
0	931
0	456
1	652
1	230
1	983
1	5
0	141
1	26
1	35
1	13
1	929
1	555
1	621
1	600
0	271
1	617
0	399
1	579
0	482
1	658
1	186
1	799
0	213
0	323
1	559
1	873
1	147
1	243
1	853
1	512
1	958
1	872
0	618
1	319
1	136
1	72
0	557
1	261
1	22
1	730
1	192
1	562
1	718
1	593
1	69
1	122
1	654
0	137
1	177
0	577
1	175
1	264
1	702
1	302
0	172
1	176
1	835
1	125
1	2
0	632
1	178
0	119
0	789
1	10
0	685
1	758
1	918
1	866
0	893
1	528
1	173
0	975
1	234
1	649
1	689
0	276
1	130
1	216
1	8
1	251
1	681
1	870
0	29
1	205
1	640
1	41
1	829
0	214
1	352
0	523
0	66
1	573
1	203
1	38
1	567
0	777
1	19
1	254
1	283
1	190
1	554
0	876
1	894
1	605
0	56
1	682
1	800
1	380
1	951
1	28
0	541
1	624
0	311
0	18
0	180
1	768
1	911
0	722
0	956
1	707
1	843
0	631
1	370
1	493
1	816
0	405
1	705
1	17
0	994
1	351
0	905
0	990
1	114
1	755
1	314
1	609
1	4
0	188
1	397
0	88
1	887
1	369
1	58
1	96
1	242
1	491
1	570
0	395
1	142
1	571
1	858
1	124
1	757
1	744
0	514
1	996
0	699
1	383
1	775
1	255
1	788
1	436
1	529
1	663
1	907
1	63
1	560
1	664
1	690
1	878
1	749
0	895
1	989
1	419
0	430
1	24
1	262
1	426
1	626
1	460
1	902
0	901
1	197
0	988
0	393
0	589
0	424
1	530
1	253
1	480
1	440
0	30
1	919
1	969
1	221
1	885
1	779
1	442
1	143
1	70
1	82
1	318
1	961
0	978
1	882
1	157
0	968
0	223
1	195
1	852
1	995
1	513
1	720
1	120
1	906
0	387
1	332
1	132
1	481
1	992
1	721
1	346
1	857
1	94
1	833
1	496
1	377
0	434
1	80
1	450
1	375
1	67
1	348
0	647
0	745
1	258
1	32
0	634
1	630
1	343
1	820
1	542
0	782
1	688
1	912
1	224
0	527
1	795
0	282
1	100
1	452
1	822
0	353
1	78
1	279
1	825
0	21
1	871
1	467
1	492
1	778
1	138
1	106
0	189
1	497
0	963
1	678
1	859
0	501
0	598
0	274
1	43
1	531
1	267
1	171
1	310
1	815
0	371
1	883
1	336
1	660
0	45
1	495
0	556
0	218
1	154
1	108
1	487
0	241
1	998
1	153
1	208
1	306
0	60
0	322
0	47
1	328
1	327
1	944
1	145
1	308
1	305
1	765
0	753
0	333
1	303
0	49
1	31
1	724
1	257
1	520
1	834
0	841
1	81
0	714
0	77
1	292
1	112
1	760
1	916
0	538
0	340
1	729
1	182
1	836
1	284
0	869
1	40
1	937
1	428
0	610
0	394
0	55
1	812
0	806
1	199
1	743
1	228
1	677
1	794
1	620
1	803
1	925
1	204
1	586
1	359
1	144
1	644
1	971
0	139
1	633
1	691
1	842
1	913
1	52
0	928
1	603
1	194
0	818
1	945
1	675
1	115
1	169
1	499
1	888
1	36
1	676
1	37
1	540
1	608
1	320
1	389
1	238
0	653
1	955
1	672
1	150
1	477
1	211
1	474
1	539
1	845
1	826
0	646
0	728
1	568
1	15
1	324
1	680
1	846
0	899
1	977
1	148
0	344
1	526
0	321
1	711
1	470
1	572
1	953
1	220
1	924
1	401
1	776
1	505
0	110
0	500
1	71
1	425
1	966
0	650
1	294
1	694
1	184
1	277
0	152
1	281
1	183
1	50
1	259
1	384
0	840
1	27
1	518
1	113
0	957
1	867
1	636
1	823
0	506
1	443
1	868
0	793
0	439
1	551
1	525
1	209
1	635
1	374
1	90
1	532
0	61
1	748
1	746
1	521
1	354
0	345
1	563
0	421
1	821
1	747
1	657
0	741
0	16
1	289
1	752
1	817
1	580
1	932
1	161
0	673
1	307
1	240
1	366
0	623
1	706
1	411
1	361
0	388
1	774
1	268
0	385
1	392
1	372
1	771
0	991
1	102
1	591
1	249
0	458
1	943
1	683
0	355
0	416
1	850
1	547
1	270
1	908
1	304
1	128
1	444
1	331
1	74
0	855
1	993
1	418
1	558
1	378
1	168
1	101
1	656
0	923
1	227
1	494
1	237
0	165
1	898
0	828
1	364
1	769
0	709
1	99
1	716
1	447
1	964
1	607
1	946
1	827
1	938
0	34
1	451
0	453
1	437
1	967
1	159
1	25
0	252
1	627
1	736
1	64
0	269
1	837
1	215
0	33
1	767
1	862
1	594
1	422
0	382
1	999
1	601
1	927
1	935
1	185
0	615
1	278
0	982
1	212
1	509
0	813
1	550
1	754
1	250
1	107
1	802
1	684
1	819
1	427
0	950
0	73
0	315
1	468
1	239
0	612
1	265
1	151
1	266
0	179
1	772
0	465
1	947
1	565
1	504
1	864
1	39
1	105
1	376
0	909
1	191
1	785
1	196
1	727
0	301
1	548
1	611
1	462
1	737
0	661
1	478
1	111
0	710
1	103
0	93
1	797
1	247
1	217
1	575
1	298
1	409
0	981
1	484
1	698
1	791
0	851
0	86
1	703
1	648
0	814
0	431
1	848
0	534
1	666
1	597
1	860
1	786
0	229
1	936
1	95
1	454
1	244
1	363
1	415
1	839
0	731
0	686
1	933
1	881
0	602
1	435
1	713
1	875
1	490
1	986
1	118
1	133
1	201
1	471
1	280
0	330
0	780
1	485
1	900
1	642
1	87
0	167
0	46
1	235
1	131
1	20
1	687
1	455
1	510
0	146
1	596
0	987
1	1
0	751
1	582
0	824
1	245
1	719
1	335
0	116
1	11
1	733
1	360
1	164
0	762
1	880
1	299
1	592
1	367
1	438
0	472
1	449
1	296
1	473
0	207
0	723
1	865
0	849
1	790
1	202
0	341
1	486
1	533
1	140
1	784
1	921
1	544
1	362
1	44
1	874
1	134
1	297
0	317
1	959
1	922
1	272
1	381
0	717
1	545
1	225
0	614
1	291
1	808
1	796
1	198
1	704
1	89
1	665
0	726
1	941
1	863
0	970
1	954
1	619
1	587
1	679
1	121
0	553
0	604
1	974
1	232
1	787
1	695
0	260
0	9
1	847
1	459
0	655
1	3
1	413
1	997
0	312
0	263
1	569
1	117
0	356
1	104
0	517
1	219
0	170
1	917
1	193
1	739
1	515
0	543
1	65
1	403
0	659
1	761
1	6
1	809
1	365
1	350
1	222
0	628
1	590
1	984
0	561
1	578
1	832
1	701
0	965
1	910
1	445
1	712
1	288
1	325
0	408
1	896
0	759
1	0
0	566
1	564
1	98
0	48
0	357
1	475
1	948
1	516
1	498
1	897
0	810
1	522
1	109
1	404
1	750
1	156
1	770
0	807
0	85
1	904
1	625
1	976
1	879
1	914
0	734
0	715
1	583
1	414
1	830
1	309
1	696
0	552
1	519
0	206
0	613
0	273
1	740
1	407
0	939
1	926
1	433
1	155
1	441
1	595
1	469
1	163
0	783
1	246
1	645
1	390
1	798
0	313
1	973
1	79
1	738
0	181
1	599
1	275
1	985
1	226
1	149
1	488
1	537
1	287
0	446
0	337
1	290
1	844
1	329
1	606
1	940
1	735
1	464
1	349
1	804
0	962
1	368
1	639
1	629
1	622
1	732
1	667
0	708
1	396
1	960
1	651
1	236
1	801
1	489
0	286
1	535
1	448
1	781
1	934
1	671
1	248
0	174
1	884
0	158
1	373
0	637
0	316
1	668
1	14
0	23
1	662
1	12
1	285
1	391
1	805
1	508
1	584
1	773
1	756
1	669
1	890
1	62
1	581
0	160
0	483
1	91
0	576
1	358
1	831
1	432
1	764
1	892
1	763
0	295
1	811
1	127
1	347
0	7
1	742
1	903
1	129
1	417
1	856
1	638
1	162
1	59
0	574
1	326
0	889
1	693
1	187
1	126
0	952
1	692
0	838
1	461
0	42
1	725
1	792
1	200
1	585
1	476
0	466
1	210
1	233
1	457
0	256
1	886
0	674
0	616
1	915
1	92
1	398
1	51
1	68
0	854
1	76
1	766
0	942
1	97
0	342