1	967
1	912
0	326
1	238
1	942
0	34
0	334
0	469
1	621
0	380
1	432
0	433
1	948
1	677
1	132
1	745
1	247
1	524
0	245
1	3
1	404
1	532
1	250
1	497
1	222
1	580
0	599
1	985
0	683
1	858
1	817
1	427
1	280
0	597
1	177
1	174
1	999
1	963
0	473
1	207
1	228
1	449
1	839
0	953
1	909
1	547
0	870
1	129
0	531
0	664
1	410
1	860
1	750
1	143
1	569
1	729
1	879
1	904
1	251
1	499
0	770
1	647
1	419
0	180
1	140
0	170
1	989
1	25
0	225
1	610
1	941
1	151
0	355
1	563
1	894
0	490
1	227
1	52
1	401
1	917
1	507
0	568
1	381
0	749
1	875
0	9
0	931
0	922
1	696
0	117
1	292
0	905
0	136
1	537
1	799
1	757
1	74
0	712
1	515
0	574
1	806
0	126
1	395
0	871
1	911
1	728
1	544
0	669
0	758
1	462
1	793
1	964
0	631
0	708
1	500
1	805
1	715
1	556
1	966
1	630
1	557
0	824
1	94
0	53
1	452
1	714
1	663
1	787
1	573
1	116
1	194
1	453
0	878
1	1
0	686
0	896
1	19
1	389
1	694
1	189
0	960
1	467
1	294
1	394
1	533
1	608
1	950
1	426
1	955
0	185
1	577
1	752
1	581
1	64
1	765
1	65
0	349
0	156
0	738
0	182
1	495
1	494
1	754
0	486
1	605
0	301
1	461
1	122
1	987
1	489
1	273
0	368
1	30
1	990
0	459
1	731
1	561
1	695
1	718
1	286
1	214
1	412
1	369
0	38
1	398
1	455
0	698
1	882
1	613
1	968
1	992
0	478
1	821
1	876
1	892
1	900
1	344
1	763
1	54
1	298
0	439
1	87
1	660
1	654
1	195
0	291
1	110
1	268
1	730
1	782
1	954
1	468
1	587
0	596
1	619
0	604
0	444
0	600
1	319
1	375
1	636
1	49
1	267
0	407
1	713
1	526
1	863
1	308
1	979
1	402
1	392
1	480
1	44
1	86
1	28
1	417
0	576
1	555
0	628
1	393
0	309
1	789
1	611
0	756
1	161
1	218
0	80
1	656
1	302
1	162
1	591
1	722
0	13
1	945
1	454
1	283
1	741
1	934
0	206
0	541
0	149
1	907
0	759
1	297
1	869
1	131
1	488
1	255
1	755
1	888
1	606
1	316
0	415
0	48
1	678
1	666
0	249
1	791
1	983
1	670
1	740
0	173
1	657
1	886
1	856
0	15
0	998
1	562
0	690
1	921
0	993
0	692
1	175
1	865
1	822
1	780
0	356
0	590
1	720
1	409
1	650
1	553
1	85
1	77
1	644
1	918
1	540
0	107
1	958
1	653
1	304
1	335
1	887
1	823
1	910
1	936
0	786
1	961
1	897
1	55
1	751
0	697
0	899
1	464
1	371
1	679
1	578
1	73
1	525
0	554
1	133
0	421
1	95
1	798
1	130
1	772
1	826
0	699
1	477
1	640
0	295
1	166
1	939
1	734
1	115
0	837
1	735
0	932
1	318
1	337
0	775
1	332
1	352
1	446
1	513
1	98
1	652
1	290
1	14
1	88
1	10
0	861
1	266
1	345
1	543
1	594
0	75
1	350
1	425
1	59
1	460
1	324
1	223
1	27
0	511
1	35
1	188
1	178
1	649
0	233
1	205
1	45
1	498
1	530
1	232
1	977
0	429
1	167
1	560
0	193
1	354
0	303
1	516
1	800
1	641
1	506
1	235
1	58
1	69
1	29
0	639
0	534
1	643
1	717
1	406
1	202
1	843
1	186
1	71
1	208
1	274
0	184
1	463
1	702
1	567
0	947
1	976
0	841
0	191
1	668
1	802
0	704
0	743
1	181
1	224
0	338
1	104
1	363
1	106
1	916
1	623
0	872
1	685
0	680
0	833
1	92
1	854
1	341
1	607
1	413
1	379
1	260
1	282
0	342
0	317
0	762
0	329
1	114
1	820
1	434
1	50
0	323
1	514
0	492
1	390
0	848
0	418
1	781
1	307
0	217
0	144
1	701
0	648
0	957
1	828
1	638
1	257
1	325
1	509
0	430
1	300
0	748
1	443
0	420
1	46
1	155
1	864
0	539
0	681
1	450
1	505
1	264
0	83
1	913
1	119
1	595
1	691
1	215
0	794
1	472
0	62
1	943
1	327
1	441
1	254
1	779
0	357
1	457
1	113
0	279
1	612
0	305
0	127
1	321
0	120
1	405
1	272
1	61
1	575
1	285
1	475
1	328
0	930
1	60
0	671
0	527
1	160
1	935
1	284
1	377
1	39
1	199
0	471
0	109
0	36
1	857
0	965
0	835
1	627
1	984
1	82
1	981
0	360
1	682
1	956
1	361
1	134
1	988
1	850
1	637
1	890
1	221
1	919
0	220
0	139
1	347
1	445
0	90
0	493
1	7
0	403
0	978
1	437
1	659
1	546
1	549
1	902
1	777
1	552
1	566
1	589
1	980
0	311
1	747
0	196
0	310
1	815
1	150
0	11
0	716
1	521
1	603
1	725
1	346
1	592
1	895
0	633
1	588
1	6
1	739
0	158
1	849
0	629
0	424
1	851
1	12
1	243
1	275
1	89
1	333
1	923
1	483
1	84
1	491
1	322
0	602
1	271
1	339
1	519
1	105
1	320
1	705
0	56
1	790
1	336
1	583
1	31
1	584
0	927
0	331
1	458
0	816
1	47
1	103
1	609
1	148
1	818
1	168
1	147
1	676
0	986
1	128
0	231
1	411
0	785
0	814
1	564
0	474
1	760
1	259
1	726
1	101
1	970
0	70
1	938
1	582
1	827
1	784
0	646
1	634
1	845
1	373
1	456
1	204
1	522
1	819
1	102
0	277
1	614
1	340
1	23
1	675
1	242
1	125
1	376
1	995
1	744
0	367
0	5
1	41
1	776
0	213
1	382
1	926
1	502
1	859
1	622
0	359
0	315
1	572
0	862
0	484
0	852
1	883
1	545
1	840
0	183
1	387
1	811
1	258
1	703
0	847
1	570
1	438
0	542
1	479
1	265
1	706
0	353
1	737
0	447
1	559
0	877
1	211
1	281
1	485
1	241
1	278
0	288
1	672
0	885
1	773
1	237
1	51
1	32
1	312
1	880
1	889
1	385
1	16
1	2
0	423
1	26
1	658
1	973
1	962
1	314
0	504
1	112
1	808
1	252
1	846
1	974
1	366
0	135
1	693
0	198
1	299
1	766
1	642
1	165
1	348
1	18
1	632
1	501
0	396
1	908
1	141
1	881
1	97
1	216
1	153
1	388
1	43
1	234
0	248
1	230
1	903
1	145
1	476
1	972
1	753
1	372
0	79
0	535
1	21
0	152
1	617
1	933
1	121
1	825
1	946
1	528
1	536
1	769
0	240
0	838
0	179
1	914
0	929
1	783
1	4
0	724
1	901
1	836
1	212
0	287
0	626
1	601
0	414
1	481
1	293
1	579
0	470
0	81
0	906
1	709
1	306
1	200
1	928
1	22
1	384
0	688
0	620
1	868
1	915
1	370
1	598
0	810
0	171
1	807
1	262
1	201
1	442
0	774
1	435
1	482
0	855
1	358
1	665
1	829
0	374
1	834
1	169
1	940
1	982
0	57
0	969
1	210
1	673
1	768
1	163
1	512
1	707
1	742
1	538
1	192
1	270
1	795
1	615
0	503
1	209
0	651
1	362
1	100
1	959
1	920
1	804
1	853
1	585
0	159
1	586
0	764
0	746
1	618
1	93
1	496
1	164
1	146
1	689
0	771
0	593
1	203
1	124
1	386
0	364
1	830
1	440
0	76
1	78
0	465
1	236
1	466
1	635
1	123
0	517
1	0
1	154
1	436
1	924
1	645
1	229
1	518
1	416
1	422
1	330
1	711
1	867
1	687
1	710
0	884
1	157
1	732
1	24
1	246
1	187
1	866
1	244
0	952
1	510
1	674
1	91
0	565
1	256
0	809
1	428
1	832
1	624
1	996
1	399
1	118
1	219
1	616
1	261
1	66
1	313
1	761
1	108
1	550
1	508
1	63
1	898
0	684
1	625
0	991
1	844
1	831
1	42
1	269
1	971
1	733
1	994
1	949
1	813
1	397
1	925
1	20
1	788
0	937
1	68
1	448
1	520
0	96
1	655
1	975
1	263
1	548
1	289
1	893
1	842
1	778
0	137
1	487
0	727
1	803
1	723
1	796
1	343
1	8
1	812
1	365
0	383
1	172
1	138
1	523
0	226
0	661
0	451
1	558
0	391
1	874
1	40
1	296
1	142
1	801
1	721
0	111
1	951
1	891
1	662
0	551
1	797
1	276
0	767
1	239
1	408
1	190
1	72
1	944
0	197
1	176
1	700
1	792
0	253
0	37
0	99
1	997
1	431
1	873
1	33
0	67
1	351
1	571
0	736
1	529
1	378
1	719
1	400
1	667
0	17