1	291
1	346
0	249
1	338
0	878
1	142
1	874
1	841
1	545
1	186
1	411
1	814
1	571
1	177
1	845
1	141
1	974
1	951
0	439
1	420
1	28
1	238
1	446
1	943
1	593
1	622
0	74
1	712
0	716
1	211
1	949
1	773
1	990
1	555
1	768
1	804
0	182
0	797
0	327
0	459
1	948
1	361
1	687
1	21
1	592
1	639
0	957
0	698
1	35
1	583
1	455
0	215
1	315
1	743
1	111
1	285
1	620
0	128
1	318
0	636
0	460
1	222
1	494
1	497
1	704
1	4
1	653
1	655
1	406
1	149
1	607
1	213
1	893
1	172
1	630
1	288
1	391
1	33
1	140
1	830
0	986
0	23
1	932
0	626
1	264
1	408
0	61
1	210
1	461
1	981
1	881
1	340
1	337
1	440
1	868
1	961
0	964
0	214
1	758
1	660
1	537
1	489
1	180
1	950
1	780
1	479
1	385
1	463
0	919
1	374
0	37
1	931
1	912
1	462
1	618
1	167
1	371
1	875
1	706
1	218
1	839
1	901
1	107
1	430
1	373
1	379
1	915
1	67
0	171
1	640
1	952
0	858
0	500
1	234
0	522
0	833
1	568
0	492
1	60
0	935
1	86
1	324
1	795
1	972
1	939
1	565
1	472
1	928
1	431
1	220
1	735
1	820
0	283
1	729
1	99
0	783
1	920
1	689
0	139
1	15
1	96
1	786
0	816
1	399
1	992
1	414
0	117
1	312
0	360
1	443
1	465
1	862
1	467
1	982
1	0
1	405
0	577
1	217
1	590
1	464
1	17
1	136
1	334
0	432
1	369
0	719
1	988
0	726
1	126
1	216
0	578
1	572
1	762
1	386
1	330
0	517
0	428
1	156
1	968
1	353
1	844
1	166
1	209
1	425
1	153
1	772
0	40
0	759
1	661
1	486
1	476
0	736
0	527
1	98
1	680
1	825
0	654
1	699
1	300
0	138
1	393
0	926
1	683
0	290
1	936
1	552
0	417
0	532
0	864
1	582
1	966
0	159
1	174
1	474
0	364
0	11
0	715
1	390
1	388
1	989
1	897
1	707
0	481
1	685
1	650
0	71
1	727
1	787
1	806
1	747
0	907
1	106
1	235
1	185
1	677
1	47
1	667
1	101
1	27
1	495
1	69
1	18
1	30
1	585
1	850
0	710
1	514
1	946
1	70
1	960
0	48
1	887
1	34
1	75
1	322
1	162
1	292
1	911
1	262
0	518
1	998
1	569
1	192
1	682
1	625
0	848
1	302
1	498
1	311
1	323
1	20
1	737
0	750
1	251
1	566
1	563
1	375
1	458
1	115
1	161
1	345
1	900
1	254
1	332
1	447
0	53
1	997
1	39
1	77
1	890
1	621
1	475
1	879
1	394
1	723
1	131
1	985
1	637
1	849
1	895
0	415
0	263
1	485
1	427
1	853
1	821
1	118
1	181
1	320
1	959
0	13
1	134
1	647
1	148
1	591
1	835
1	160
0	659
1	250
0	270
0	108
1	384
1	81
1	697
0	619
1	754
0	594
1	533
1	422
0	930
1	341
1	277
1	314
1	83
1	918
0	763
1	953
1	304
1	616
1	963
1	29
1	84
1	799
0	728
0	628
0	531
1	493
1	110
0	268
0	828
1	684
1	573
1	114
1	231
1	281
1	717
0	85
0	129
1	32
1	969
0	886
1	803
1	811
1	104
0	308
1	869
0	705
1	644
1	221
1	675
0	916
0	917
0	239
1	163
1	872
1	663
1	718
0	240
1	922
1	550
0	596
1	296
1	908
1	889
1	484
1	753
1	286
1	204
1	260
1	597
1	152
1	199
1	595
1	42
1	343
1	490
1	212
0	648
1	910
1	746
1	944
1	734
1	502
0	558
0	991
1	503
1	137
1	112
1	223
1	859
1	899
1	873
1	823
1	528
1	902
0	191
1	505
1	999
1	695
0	809
1	255
1	954
1	778
1	921
1	22
1	598
1	165
1	347
0	745
1	749
1	259
1	512
1	701
1	546
1	587
1	940
0	534
1	409
0	686
1	56
1	25
1	197
1	731
1	299
0	132
1	298
1	36
1	45
0	344
1	248
1	903
1	236
1	434
0	478
0	714
1	670
1	410
1	44
1	52
1	721
1	376
0	914
1	556
0	688
1	246
1	243
1	158
1	433
1	173
1	451
1	301
1	612
1	561
1	905
0	885
1	971
1	693
1	544
1	854
1	454
1	832
0	840
0	242
1	201
1	967
1	884
1	278
0	524
1	43
1	965
1	611
0	7
0	673
1	513
0	89
0	321
1	297
1	696
0	793
1	237
0	483
1	579
1	613
1	554
1	354
1	529
0	511
1	851
0	202
0	226
0	813
1	764
1	924
1	580
1	722
1	12
1	95
1	175
0	744
1	58
0	135
0	818
0	57
1	605
1	54
1	785
1	342
1	741
0	761
1	956
1	232
0	898
1	190
1	247
1	457
0	477
0	279
1	774
1	755
1	275
0	973
0	349
1	82
1	487
0	205
1	576
0	634
1	536
1	987
1	941
1	760
0	365
1	407
0	329
1	76
1	996
1	271
1	59
1	124
1	282
1	305
1	775
0	779
1	488
1	547
1	748
1	970
0	632
1	274
1	418
1	539
1	416
1	350
1	133
0	280
1	538
1	817
1	309
1	866
0	65
0	984
1	975
1	567
0	193
0	733
1	767
1	703
1	78
0	480
1	289
0	819
0	438
0	307
1	164
1	378
0	24
1	543
1	50
0	377
1	245
0	557
1	535
1	980
0	800
1	883
0	730
1	602
1	815
1	852
0	403
0	708
0	356
0	676
0	633
0	362
1	10
1	258
1	725
1	456
1	629
1	523
1	207
1	739
1	64
0	450
1	313
1	909
1	724
1	91
1	860
1	333
1	233
1	738
1	176
1	788
1	801
0	119
1	560
1	241
1	229
1	690
1	49
1	838
1	624
1	336
1	125
1	93
1	896
1	692
1	400
0	711
0	681
1	335
1	516
1	604
1	519
1	784
1	293
0	720
1	448
1	549
1	79
1	913
1	551
1	225
0	863
1	200
1	646
0	183
0	357
1	798
1	169
1	777
1	870
1	331
1	267
1	470
0	80
1	466
1	770
0	155
1	923
0	752
1	87
1	66
1	402
1	643
0	861
1	631
1	144
0	652
0	876
1	2
1	617
1	103
1	392
1	123
1	894
1	219
1	429
1	510
1	38
1	154
1	253
1	837
1	157
1	581
1	880
1	419
0	252
0	482
1	224
0	97
0	808
0	421
0	170
1	196
1	122
1	790
0	846
0	501
1	656
1	627
1	92
1	927
1	68
1	867
0	272
1	891
1	146
1	540
0	609
0	94
0	382
1	831
1	257
1	413
1	702
1	789
1	16
1	933
0	348
0	794
1	273
0	444
1	700
0	383
1	822
1	983
1	113
1	732
0	445
1	435
1	368
0	751
0	526
1	575
1	188
1	601
1	120
1	404
1	757
1	796
1	195
1	358
1	771
1	491
0	847
1	73
1	766
1	316
1	325
1	395
1	269
1	929
1	367
1	713
1	995
1	227
1	62
0	599
1	90
1	674
1	328
0	994
1	888
0	6
1	326
0	72
1	363
1	449
0	46
1	570
0	664
0	906
1	945
1	351
1	658
1	179
0	9
0	423
1	506
1	208
1	424
1	781
0	31
0	401
1	691
0	542
1	668
0	877
0	256
1	525
0	381
1	562
1	5
1	295
1	398
1	294
0	504
1	857
1	541
1	317
0	709
0	355
1	130
1	942
1	807
1	127
1	826
1	829
1	63
1	934
1	105
1	276
1	600
1	471
1	842
0	436
1	805
1	3
1	792
1	614
1	102
1	442
1	937
1	802
1	958
1	121
1	672
1	834
1	871
1	657
1	143
1	380
1	507
1	827
1	310
0	150
1	694
0	824
1	938
1	194
1	206
1	955
1	100
1	623
1	55
1	666
0	303
1	189
1	645
1	453
1	441
1	548
1	178
1	287
1	892
1	396
0	198
1	412
1	810
1	665
0	352
1	635
1	812
0	610
1	359
0	473
1	319
1	671
1	641
0	109
1	14
0	26
1	865
1	469
0	496
1	508
1	651
1	782
1	228
0	574
1	370
1	521
1	836
0	41
1	776
1	843
1	925
1	397
0	642
1	638
1	244
1	520
1	387
1	589
1	586
1	499
1	679
0	615
1	468
1	649
1	856
1	168
1	979
1	284
0	947
1	740
1	265
0	993
1	559
1	608
1	8
1	230
1	372
0	530
1	306
1	426
1	904
1	151
1	266
1	882
1	1
1	791
0	116
1	564
1	437
1	669
1	756
1	389
1	339
1	366
0	662
0	145
1	976
1	184
0	678
1	19
1	51
0	584
0	203
1	588
1	452
1	742
0	553
1	606
0	509
0	147
1	187
1	88
1	962
1	603
1	977
1	769
1	765
1	261
1	978
1	515
1	855