0	44
1	995
1	269
1	862
1	828
0	154
1	656
1	55
0	31
1	452
0	933
1	253
1	953
1	801
1	141
0	832
1	287
1	987
1	506
1	861
1	875
1	28
1	679
1	21
1	318
0	666
1	396
1	609
1	325
1	951
1	954
1	774
0	107
0	271
1	214
0	773
1	717
1	908
1	360
0	293
1	939
1	748
1	940
0	365
1	284
1	215
1	181
1	768
0	92
1	180
0	818
1	29
1	197
1	635
1	288
1	682
1	915
1	307
1	482
1	364
1	645
1	274
1	628
0	220
0	867
1	675
1	874
1	462
1	996
1	627
1	877
0	259
1	716
0	551
0	186
1	73
1	988
0	813
1	979
1	211
1	824
0	119
0	105
1	66
1	680
0	683
1	887
1	172
1	624
1	383
0	950
1	277
1	932
1	231
0	394
0	700
1	519
1	579
1	76
0	221
1	79
0	521
0	210
1	374
1	626
1	633
1	661
0	718
1	422
1	889
1	936
1	129
1	698
1	930
1	866
0	151
1	393
1	43
1	232
1	778
0	523
1	380
0	884
1	670
1	491
0	653
1	762
1	937
1	416
1	863
0	218
1	918
1	226
1	960
1	302
0	622
1	637
0	1
1	378
1	384
1	222
0	556
1	417
1	167
1	336
0	520
1	839
1	684
1	540
1	564
1	881
1	88
0	879
1	913
1	620
1	857
0	962
0	150
1	492
1	919
1	701
1	125
1	466
1	990
1	291
1	397
0	465
1	315
1	654
0	566
1	375
1	449
1	53
1	118
1	769
1	478
0	640
0	407
0	938
0	992
1	165
0	736
1	955
1	237
1	922
1	344
0	126
0	548
1	433
1	961
1	577
1	782
0	442
0	330
1	522
1	854
0	121
1	401
1	893
1	719
1	549
1	965
0	0
1	135
1	607
1	209
0	123
1	342
1	65
1	810
1	400
0	910
1	835
1	408
1	738
0	582
1	300
1	517
1	764
1	568
0	793
1	157
0	352
1	464
1	305
0	870
0	631
0	798
0	984
0	508
1	825
1	431
0	350
1	831
0	959
0	821
1	228
1	426
1	860
1	958
1	412
1	153
1	20
1	662
1	448
1	924
1	669
0	331
0	183
1	692
1	840
0	646
1	841
1	710
1	583
1	316
1	115
1	547
1	410
0	559
0	772
1	957
1	348
1	941
1	759
1	89
1	728
0	40
0	254
1	353
0	444
0	8
1	946
1	575
1	524
1	775
1	138
1	590
1	398
1	750
0	240
1	223
1	185
0	248
1	974
0	898
1	258
1	638
0	892
1	351
1	678
0	184
1	872
0	623
1	61
1	46
1	794
1	335
0	550
1	362
1	224
0	493
1	851
1	819
1	696
1	776
1	565
1	296
0	723
0	421
1	320
0	886
1	858
0	614
1	695
0	796
1	606
0	792
1	247
1	823
0	569
0	47
1	373
1	865
0	405
1	944
0	779
1	948
1	804
1	966
1	963
1	356
1	26
1	49
1	193
1	349
1	498
0	709
1	470
1	459
0	809
1	159
1	970
1	856
1	534
1	724
0	326
1	976
1	19
0	947
1	256
1	822
1	771
1	852
1	977
0	617
0	244
0	871
1	343
0	601
1	483
1	428
0	381
1	419
1	201
1	98
1	480
1	13
1	82
1	755
0	686
0	278
1	593
0	616
1	479
1	149
1	334
1	457
0	140
0	385
1	891
1	263
0	453
1	836
1	655
0	233
1	219
0	345
1	902
0	510
0	161
1	142
1	905
1	618
1	907
1	600
1	674
1	175
1	81
1	358
1	697
0	468
0	864
1	604
1	106
0	720
1	765
0	414
1	205
1	168
0	252
1	975
1	116
1	901
1	413
1	276
1	842
0	639
1	5
1	712
1	227
1	487
0	846
1	95
1	341
1	403
1	516
1	789
1	934
1	997
1	749
0	251
0	268
1	357
1	592
1	255
0	178
1	805
0	707
1	739
1	406
1	51
1	595
0	526
1	753
1	732
1	454
1	208
1	906
1	102
1	751
1	515
1	27
0	904
0	982
1	96
1	298
1	943
1	297
0	767
1	964
1	897
1	882
1	791
1	434
0	651
1	589
1	292
1	588
1	560
1	496
1	283
0	36
1	68
1	4
1	780
1	35
1	921
1	816
1	847
1	3
0	382
0	311
1	509
1	647
0	279
0	196
1	760
0	584
1	230
1	272
1	838
0	713
1	229
0	928
1	558
1	200
1	266
1	766
0	848
0	663
1	555
1	70
1	708
1	171
0	512
1	270
1	525
1	971
1	567
1	285
1	784
1	389
1	189
1	613
0	379
1	671
0	455
1	192
1	597
1	903
0	164
1	267
1	878
1	458
1	920
1	108
1	109
0	829
1	527
1	926
1	690
0	650
1	158
1	93
1	790
1	286
0	139
1	415
0	160
1	50
1	110
1	811
1	301
1	942
1	127
0	576
1	425
0	245
0	117
1	250
1	446
1	15
0	989
1	63
1	130
1	57
1	395
1	585
1	746
1	665
1	58
0	83
1	580
1	495
0	574
1	706
0	691
1	541
1	687
1	967
0	91
0	477
0	392
0	733
1	32
1	827
1	693
0	788
1	339
1	538
1	170
1	41
1	602
1	437
1	873
1	264
1	817
0	194
1	752
1	120
1	152
1	69
1	927
0	557
1	295
1	372
1	845
1	423
1	169
1	376
1	275
1	359
1	912
1	981
1	439
1	664
1	608
1	546
1	369
0	561
1	742
1	262
0	676
1	703
1	338
1	313
0	729
1	542
1	689
1	94
1	714
1	187
1	786
0	802
1	803
1	497
1	969
0	885
0	182
1	591
0	469
0	143
1	367
0	289
1	156
1	711
1	489
1	329
1	500
1	33
0	994
1	38
1	327
1	993
1	265
1	361
0	899
0	101
0	545
0	257
1	404
1	104
1	207
1	273
1	243
1	54
1	314
1	346
1	443
1	451
0	610
1	844
0	402
0	24
1	634
1	112
1	371
1	173
0	136
0	476
1	727
1	128
1	306
0	328
1	799
0	177
1	983
1	162
0	916
1	535
0	807
0	163
1	929
1	952
0	658
0	103
1	97
1	702
0	973
1	756
1	52
1	445
0	75
0	518
1	490
1	849
1	146
0	869
0	45
1	12
1	554
0	420
1	730
1	533
1	202
0	85
0	611
1	572
0	387
1	77
1	133
0	84
0	310
0	249
1	11
1	486
1	781
0	787
1	812
0	636
1	859
0	795
0	131
0	323
1	440
1	562
1	62
1	363
1	303
1	217
1	883
0	6
1	39
1	677
1	280
0	643
1	743
1	657
1	377
1	531
1	668
0	64
1	814
1	855
1	7
0	985
1	826
1	322
1	18
0	745
1	124
0	715
1	571
1	511
1	299
0	203
0	321
0	488
1	785
1	60
1	544
0	734
1	949
1	190
1	199
0	978
1	438
1	754
1	294
1	236
1	42
0	137
1	2
0	447
1	731
1	968
1	704
1	596
0	513
1	504
0	505
1	99
1	853
1	242
1	843
1	536
1	235
1	435
0	474
1	111
0	659
1	694
1	216
0	747
1	667
0	570
1	246
1	815
1	450
1	238
1	630
1	599
1	514
1	25
1	386
1	896
1	430
1	460
1	530
1	113
1	648
0	980
0	48
0	621
1	999
1	581
0	615
1	260
0	783
1	573
1	282
1	894
1	424
0	239
1	155
0	868
1	532
0	147
0	9
1	758
1	411
1	741
1	833
0	319
0	837
1	429
1	472
1	74
1	681
1	261
1	612
1	605
1	619
1	87
1	660
1	206
1	198
1	507
1	324
0	726
1	391
0	484
0	744
1	770
1	122
1	144
1	59
1	797
1	473
1	195
1	721
0	935
1	368
1	333
1	705
1	529
1	37
1	945
1	737
0	629
1	418
1	563
1	86
0	761
1	909
0	644
1	688
0	501
0	890
1	78
0	90
1	888
0	114
1	820
1	463
1	456
1	673
0	914
1	388
1	337
1	672
1	427
1	281
1	304
0	290
1	234
1	641
1	735
1	10
1	409
1	241
1	188
1	850
1	598
1	148
1	972
1	72
0	347
1	461
1	625
0	763
0	471
1	632
1	80
0	56
0	998
1	740
1	23
1	225
1	204
1	390
1	213
1	539
0	699
1	494
0	179
1	834
1	499
1	552
1	956
1	722
1	436
1	586
1	800
1	528
1	757
1	652
0	441
1	895
1	880
1	370
1	100
1	312
0	16
1	594
1	925
0	355
1	166
1	830
1	986
1	725
1	537
1	467
1	917
1	642
1	503
1	67
1	475
1	212
0	30
0	685
0	22
1	481
1	578
1	806
1	340
1	649
0	876
1	145
1	603
0	14
0	399
1	71
1	308
0	911
1	191
1	553
0	991
0	34
0	354
1	134
1	931
1	317
1	543
0	132
0	923
0	808
1	777
1	587
1	17
1	900
0	332
0	309
1	502
1	174
1	176
1	485
0	432
1	366