0	457
1	772
0	770
1	41
0	545
1	161
0	983
1	899
0	737
0	757
1	391
1	332
1	563
1	531
0	292
1	488
0	680
1	610
0	584
0	285
1	452
1	32
1	61
1	642
1	259
1	356
1	500
0	205
0	561
0	453
0	261
1	789
1	635
1	233
1	940
0	838
1	361
1	310
1	194
0	91
1	902
1	5
1	857
0	787
0	90
1	55
1	446
1	652
0	430
0	712
1	879
1	26
1	313
0	943
1	654
0	963
1	811
0	591
1	126
1	974
0	467
1	843
1	42
1	694
1	777
1	958
1	129
1	532
1	692
1	368
1	472
0	6
1	380
1	765
1	829
1	429
1	442
1	349
0	364
1	448
1	728
1	783
0	236
1	276
0	475
1	373
1	805
1	177
1	669
0	84
1	969
0	780
1	426
0	347
0	48
1	152
0	278
1	239
0	352
1	977
0	571
1	585
1	353
1	905
1	688
1	946
1	614
1	742
1	199
1	256
1	889
1	901
1	569
1	699
0	760
0	433
1	315
1	745
1	572
0	450
1	876
1	880
1	937
1	131
1	516
1	360
0	420
1	56
1	465
1	415
1	725
1	297
0	825
1	579
1	120
0	132
1	678
0	346
1	354
1	43
0	241
1	796
1	339
1	797
1	643
1	929
1	630
1	382
1	622
1	421
0	385
1	836
1	174
0	990
1	4
0	835
1	328
1	785
1	336
1	269
1	782
1	319
1	877
1	401
1	130
1	476
1	70
1	552
1	582
0	649
0	471
1	301
1	178
1	979
0	286
1	741
1	693
1	20
0	86
1	799
1	534
0	711
1	867
1	145
1	854
1	387
1	246
1	739
1	803
1	853
1	388
0	647
1	763
1	848
1	852
1	869
1	743
1	898
1	524
1	758
1	817
1	670
1	674
1	0
0	539
0	49
0	910
1	856
1	640
1	553
1	171
1	220
1	179
1	23
1	162
1	412
0	644
1	379
1	599
0	968
1	667
1	75
1	337
1	542
0	668
1	900
1	128
1	425
1	93
0	975
1	245
1	312
1	76
1	333
1	966
1	440
0	508
1	632
1	495
1	417
1	394
1	103
0	279
1	631
1	51
1	795
0	801
1	50
1	255
1	200
1	536
0	231
0	544
1	477
1	294
1	896
0	160
1	386
1	915
1	721
1	907
1	679
0	871
1	842
0	677
1	140
1	887
1	653
0	570
1	57
0	204
0	985
1	698
1	68
1	133
1	405
0	911
1	747
1	837
1	172
1	921
1	190
1	47
1	641
1	159
1	83
0	79
0	466
1	999
1	673
0	768
1	362
1	687
1	730
1	267
1	396
0	548
1	280
1	612
1	480
1	916
1	594
1	460
1	253
1	636
1	722
1	117
1	483
1	991
0	759
1	984
1	9
1	613
1	73
1	410
1	244
1	621
1	214
1	540
1	859
1	210
1	947
0	462
1	961
1	358
1	724
0	431
1	403
1	791
1	182
1	935
1	411
1	778
1	816
1	24
0	720
0	841
0	505
1	170
1	501
1	786
1	437
1	163
1	893
1	578
0	855
0	331
1	203
1	767
0	408
1	618
0	270
0	576
1	824
0	528
1	980
1	981
0	37
1	275
1	444
1	271
1	485
0	684
1	206
1	65
0	371
1	289
1	942
1	662
0	12
0	708
0	731
1	511
0	478
1	931
1	33
0	224
1	948
0	222
1	302
1	212
1	98
0	85
1	316
1	402
1	664
1	917
1	886
0	165
1	862
1	705
0	66
1	327
1	638
1	324
1	15
1	530
1	25
1	738
1	928
1	648
1	556
0	100
0	998
1	406
1	325
0	338
1	439
1	397
1	806
0	348
1	115
1	183
1	173
1	419
1	661
1	30
1	97
1	169
0	455
1	95
1	607
1	950
0	330
0	45
1	196
1	800
1	645
1	510
0	491
1	219
0	517
1	384
1	106
1	729
1	8
1	865
1	77
0	274
0	864
1	927
0	833
1	987
1	992
1	122
1	96
0	550
1	52
0	432
0	918
1	189
1	342
1	964
1	392
1	201
0	756
1	606
1	296
1	690
1	971
1	973
1	736
0	136
1	434
1	39
0	400
1	885
1	221
1	357
1	192
0	700
1	427
1	217
1	390
1	104
1	1
1	11
1	912
1	954
1	617
1	831
1	468
0	919
1	307
0	840
1	281
1	463
0	489
1	188
1	238
0	646
1	769
1	682
1	482
1	447
1	355
1	994
1	665
1	197
1	875
0	860
1	69
0	547
1	959
1	393
1	369
1	46
1	924
0	469
1	449
1	114
0	13
1	996
1	734
1	589
1	863
1	808
0	407
1	363
1	191
0	414
1	660
1	121
1	560
1	424
1	657
0	141
1	892
1	438
1	595
1	683
1	581
1	934
1	277
0	903
1	620
1	211
0	713
1	80
1	588
1	272
1	374
1	376
1	19
0	340
1	458
1	470
1	522
0	226
1	953
1	798
1	546
1	520
1	105
1	344
1	215
0	906
1	242
0	637
1	94
1	951
1	675
1	956
1	746
0	574
1	306
1	208
0	503
1	671
1	827
1	237
1	112
1	464
1	792
1	866
0	21
1	872
0	748
0	776
1	381
1	300
1	976
1	175
1	519
1	58
0	119
1	64
1	779
1	533
1	590
0	766
1	423
1	878
0	993
1	102
1	481
0	389
0	35
1	118
1	247
1	125
0	209
1	663
0	609
1	608
1	681
1	587
1	960
1	753
0	513
1	166
1	527
0	441
1	157
0	107
1	111
1	604
1	894
1	592
0	611
1	492
1	308
1	151
1	529
0	502
1	703
1	602
1	82
1	230
1	147
1	158
1	601
1	656
1	187
1	451
0	568
1	193
1	436
1	762
0	60
1	509
1	260
1	99
1	732
1	484
0	181
1	311
0	634
1	29
1	596
1	343
1	752
0	89
1	416
0	685
0	897
1	583
1	659
1	804
1	672
1	366
1	650
1	87
1	941
1	144
0	318
1	124
0	826
0	322
1	148
0	228
0	978
1	496
0	702
0	295
0	719
1	955
0	184
1	847
1	291
1	873
0	577
1	812
1	566
1	807
1	372
0	751
1	341
0	882
1	134
1	822
0	254
0	518
1	504
1	54
1	623
1	818
1	704
1	235
0	815
1	473
0	321
1	625
1	997
1	146
1	273
1	945
0	202
1	890
1	788
0	283
1	138
1	515
0	597
0	225
1	952
1	586
0	514
1	881
1	761
1	14
1	986
1	435
1	809
0	844
1	370
1	263
1	781
1	904
1	265
1	494
1	53
1	149
1	575
0	72
1	870
0	499
1	248
1	258
0	557
0	395
1	243
1	262
0	639
1	493
1	726
1	676
1	972
1	252
1	707
0	113
1	567
1	598
1	930
1	989
1	914
0	88
0	624
1	487
1	81
1	967
1	849
0	850
1	525
0	626
1	422
1	686
0	629
1	168
1	995
0	537
1	303
1	350
1	507
1	461
1	359
0	31
1	957
1	3
1	794
1	718
1	691
1	593
0	74
1	309
1	334
1	633
1	71
1	78
0	888
1	153
0	290
0	454
0	288
1	541
1	565
1	580
1	63
0	154
0	820
0	651
0	573
1	846
1	908
1	922
0	428
1	375
0	523
1	600
0	819
1	123
1	564
0	399
1	891
1	323
1	771
1	813
1	744
1	615
1	249
1	764
1	543
1	715
0	329
0	443
1	143
1	784
0	868
1	939
1	775
1	377
1	858
0	834
1	227
0	299
0	101
1	658
0	305
1	298
1	345
1	409
1	925
1	845
0	216
1	655
0	823
1	716
0	506
1	926
1	970
1	562
1	314
1	135
1	710
1	828
0	733
1	944
1	549
1	335
1	218
1	16
0	555
1	398
1	10
1	735
1	965
1	176
1	326
1	229
1	628
1	839
0	755
1	558
1	526
0	445
0	717
1	538
1	92
0	861
1	554
0	251
0	185
0	551
1	266
0	28
1	232
1	304
0	603
1	456
1	59
1	923
0	40
0	479
1	962
1	773
1	164
1	883
1	949
1	490
0	706
0	108
1	22
1	802
0	709
1	404
1	697
1	790
1	909
1	27
1	418
1	774
0	832
0	142
1	627
1	689
1	851
1	497
0	988
1	749
1	137
0	793
0	282
1	139
1	365
1	535
0	616
1	559
0	383
1	459
0	938
1	317
1	701
1	18
0	67
1	240
1	378
1	830
0	44
1	696
1	223
0	287
1	884
1	293
1	498
1	351
1	666
0	727
1	474
1	250
0	7
1	714
1	127
1	213
0	284
1	207
1	36
0	814
1	367
1	754
0	521
1	413
0	723
1	257
0	750
0	821
1	234
1	38
1	936
0	933
1	486
1	34
1	913
1	180
0	150
1	17
1	932
1	2
1	810
1	109
0	268
1	62
1	605
1	740
0	156
0	512
0	982
1	195
1	155
0	895
0	695
1	920
1	198
1	320
0	110
1	619
1	874
0	186
1	264
1	167
1	116