0	304
1	287
1	924
1	874
1	842
1	7
1	856
1	84
0	982
0	641
1	246
1	431
1	947
1	810
0	178
1	527
0	972
1	790
0	954
1	62
1	83
0	227
1	483
1	629
0	822
1	144
1	803
1	562
1	656
1	258
1	133
1	213
1	58
1	586
1	728
1	100
1	818
0	447
1	466
0	497
1	159
0	298
1	72
0	776
1	748
0	166
0	245
1	165
1	521
1	744
1	366
1	300
1	715
0	429
1	976
0	128
0	413
0	710
1	367
1	199
0	880
1	544
0	81
1	577
1	30
1	228
1	870
0	758
1	580
1	326
1	221
1	33
0	626
1	50
1	411
1	827
1	602
1	592
1	433
1	224
1	830
1	707
1	734
1	101
0	970
1	443
1	916
0	296
1	764
1	337
1	547
1	695
1	555
0	522
1	963
1	929
0	474
1	835
0	487
1	344
0	953
0	631
1	238
1	946
1	214
1	914
0	312
0	472
0	824
1	767
0	239
1	884
1	596
0	109
0	96
1	688
0	170
1	119
1	746
0	303
1	594
1	532
1	915
1	882
1	412
1	712
1	523
1	137
0	209
1	380
1	533
1	356
0	393
1	878
1	338
0	478
1	593
1	786
1	943
1	55
1	926
0	220
1	861
0	180
1	702
0	1
1	10
1	628
0	894
1	927
1	934
1	343
1	965
1	236
0	198
0	495
1	978
1	177
1	705
1	341
1	756
1	218
1	700
1	787
0	20
1	987
1	465
1	652
1	590
0	753
1	98
1	153
1	635
1	82
1	621
1	834
0	468
0	249
0	349
1	205
0	254
1	940
1	408
1	945
1	79
0	504
1	168
1	426
0	551
0	573
1	229
1	212
1	575
1	193
0	654
1	70
1	892
1	666
0	293
1	189
1	32
0	765
1	806
1	805
0	152
1	419
0	595
1	632
1	321
1	606
1	37
1	138
1	256
1	526
1	192
1	992
1	863
0	403
1	44
1	114
0	278
1	571
1	45
1	774
1	794
1	975
0	16
1	569
1	804
1	322
0	923
1	999
0	15
1	762
0	434
1	332
1	103
0	382
0	223
0	397
1	339
1	633
1	512
1	735
1	87
0	463
0	566
1	8
1	311
1	405
0	283
1	225
1	979
1	660
1	981
1	275
0	789
1	773
1	673
0	231
1	749
1	649
1	919
0	21
1	645
1	5
0	17
1	481
1	865
0	955
1	893
1	28
1	572
1	126
1	693
1	671
1	651
0	950
0	471
1	745
1	871
1	365
0	306
0	761
1	820
1	944
1	599
1	542
1	313
1	849
1	907
0	327
0	24
1	473
1	265
1	354
1	630
1	113
1	808
1	725
1	420
1	937
1	444
1	423
1	485
1	394
1	115
1	704
1	143
1	374
1	691
1	601
1	760
0	960
1	480
1	93
0	759
0	796
1	446
1	911
1	986
1	869
1	406
0	977
1	350
1	148
0	475
0	942
1	836
1	722
1	732
1	826
1	9
0	123
1	439
1	279
1	619
1	565
1	515
1	650
1	99
0	930
1	530
1	603
1	389
1	459
1	336
1	711
1	644
1	752
1	988
0	305
1	708
1	797
1	310
1	240
1	948
1	41
0	585
1	537
1	554
1	476
1	518
0	309
1	540
1	27
0	550
0	917
1	791
1	754
0	272
1	90
1	111
1	211
1	363
1	456
1	454
1	250
1	438
1	29
0	574
1	31
1	351
1	49
0	318
1	360
1	163
1	638
1	174
1	60
1	583
1	162
1	815
1	890
1	145
0	106
1	251
1	969
0	364
0	740
1	854
1	372
1	879
1	129
0	69
1	511
1	155
0	184
1	905
1	517
1	829
1	257
1	432
0	968
1	980
1	535
1	736
1	877
0	401
0	266
1	48
0	263
0	557
1	105
0	422
1	531
0	840
0	788
1	623
1	770
1	151
1	242
1	925
1	121
0	918
1	939
0	714
0	821
1	508
1	52
0	330
1	285
1	202
1	817
1	563
1	848
1	284
1	22
0	499
1	995
1	157
0	584
1	342
1	888
0	194
1	618
1	203
1	908
1	828
0	34
1	579
0	545
0	528
1	64
1	86
1	510
1	451
1	140
0	901
1	340
1	543
1	657
0	91
1	464
1	63
1	76
1	679
1	71
1	617
1	280
1	147
1	719
1	920
1	430
1	860
1	910
1	325
1	706
1	866
0	347
1	376
1	677
1	383
0	308
1	237
1	46
1	150
0	771
1	188
0	345
1	467
1	259
1	402
1	42
1	718
1	640
1	460
1	384
1	417
1	608
0	832
0	270
1	733
0	742
1	604
1	66
0	14
1	149
0	235
0	441
0	507
1	6
0	409
1	179
1	506
0	127
1	488
1	442
0	931
0	65
1	637
1	600
0	670
1	974
1	858
1	252
1	352
1	873
1	611
1	61
1	615
0	685
1	142
1	775
1	581
0	470
0	935
1	785
1	136
1	416
0	358
0	610
1	452
1	268
1	902
1	469
0	169
0	548
0	498
1	277
1	539
1	784
1	80
1	164
1	125
1	267
1	172
1	264
1	134
1	276
1	68
1	486
1	909
1	197
1	435
1	186
1	404
0	780
1	440
1	415
1	346
1	698
1	161
1	289
1	297
1	642
0	658
0	234
1	35
1	816
1	672
1	898
1	450
1	578
1	108
0	78
1	653
1	378
0	681
1	217
1	966
0	687
0	802
1	502
1	781
0	281
0	616
1	368
1	741
1	904
1	676
1	286
1	74
0	97
1	398
1	181
0	843
1	248
0	427
1	449
1	899
1	370
0	158
1	994
1	75
0	190
1	104
1	659
1	739
1	553
0	867
0	612
1	541
1	587
1	922
1	622
1	135
1	973
1	273
0	838
1	680
1	589
0	723
1	625
0	26
1	720
1	887
1	516
1	421
1	496
1	738
1	957
1	932
0	731
0	355
0	847
1	156
0	418
1	317
1	18
1	985
1	120
1	941
0	768
1	315
1	967
0	895
0	73
1	524
0	570
1	576
0	597
0	989
1	983
1	400
0	639
1	77
1	509
1	881
1	323
1	424
1	868
1	262
1	437
1	122
0	845
1	799
1	253
0	961
1	624
1	743
1	730
1	385
0	436
0	395
1	25
1	903
0	643
1	3
1	392
1	686
0	492
1	85
1	269
0	852
0	414
1	564
1	598
1	503
0	353
1	859
1	261
0	362
1	614
0	314
0	809
1	519
1	319
1	191
1	195
1	900
0	377
1	853
1	757
1	561
1	959
1	301
0	674
1	717
1	713
1	493
0	772
1	613
1	582
0	661
0	513
0	662
1	226
1	201
1	215
1	107
0	222
0	951
0	208
0	558
1	648
1	139
1	546
1	176
1	173
1	501
1	206
1	494
0	54
1	864
1	196
1	12
1	324
0	841
0	2
1	755
1	991
0	490
1	997
1	95
1	798
1	244
1	855
0	872
1	682
0	274
1	243
1	620
1	241
0	484
1	387
1	912
1	292
1	371
0	684
0	534
0	233
1	567
0	536
1	333
1	457
1	57
1	260
1	160
1	933
1	388
1	525
0	721
0	876
1	230
0	636
0	998
1	0
0	552
1	299
1	668
1	697
1	110
1	699
1	386
1	19
1	295
1	971
0	448
1	605
1	375
1	851
0	200
1	505
0	694
1	782
1	883
1	949
0	778
0	984
1	461
1	247
1	500
1	102
1	399
0	921
1	216
1	792
1	204
1	678
0	885
1	89
1	445
1	692
0	538
1	462
1	726
0	51
1	938
0	664
1	291
1	812
0	390
0	391
0	320
1	750
1	132
1	453
0	811
1	675
1	67
1	482
1	124
1	282
1	185
1	232
1	952
0	696
1	489
1	53
1	479
1	795
0	329
1	683
0	477
1	556
1	716
1	428
1	334
0	751
1	328
0	819
1	560
1	11
1	130
1	335
1	690
1	112
1	689
0	766
0	559
1	207
1	13
1	369
1	425
1	990
1	396
0	846
1	862
1	646
1	964
1	913
0	814
0	993
1	801
1	410
1	793
1	549
1	891
1	379
1	118
1	171
1	813
0	647
1	609
1	288
1	92
1	271
1	4
1	962
1	458
1	116
1	823
0	663
1	667
1	591
1	529
1	724
1	777
0	373
1	302
1	956
0	857
1	800
0	831
1	47
1	23
1	996
1	737
1	709
1	747
0	875
1	290
1	783
1	141
1	514
1	182
1	361
1	381
1	936
1	43
1	39
1	763
1	568
1	59
1	491
1	146
1	348
1	889
1	154
0	727
1	634
0	897
0	187
1	407
1	88
0	833
1	839
1	357
1	958
1	825
1	701
1	175
0	255
1	307
1	36
1	665
1	94
1	38
1	669
0	607
1	886
1	117
1	906
1	455
0	219
1	928
1	520
1	183
0	131
0	40
1	56
1	331
1	627
0	210
1	837
1	703
1	167
1	316
1	359
0	294
0	769
1	588
1	850
0	655
1	807
1	729
1	844
1	779
0	896