1	399
1	180
1	465
1	464
1	856
0	716
1	752
1	646
1	75
1	48
0	649
0	548
0	542
1	922
1	587
0	224
1	390
1	178
1	356
1	421
1	176
1	669
0	690
0	783
0	573
1	718
0	458
0	142
1	473
1	881
1	282
1	924
0	708
0	301
1	893
1	917
1	555
1	765
1	32
1	641
1	889
1	854
1	251
0	303
1	330
1	417
1	384
1	898
1	814
0	566
0	737
1	149
1	320
1	654
1	26
1	232
1	565
0	679
0	283
0	174
1	538
1	583
1	326
0	446
1	761
1	280
1	510
1	14
0	534
1	941
1	61
1	885
1	411
1	939
0	802
0	389
1	834
1	222
1	787
1	81
0	824
1	73
1	942
0	467
1	816
0	833
1	112
1	269
1	850
1	968
1	485
1	38
0	304
1	927
1	449
0	40
1	118
1	210
0	51
1	547
1	877
1	382
0	223
1	80
1	605
1	506
1	308
1	819
1	165
1	432
1	310
1	903
1	121
1	56
1	652
0	368
0	17
0	119
1	419
0	959
1	491
1	204
1	637
1	792
1	484
1	438
1	407
1	392
0	695
1	728
0	989
0	353
1	25
0	960
1	437
1	513
1	147
1	115
1	425
1	632
0	574
1	387
1	627
1	393
1	560
1	984
0	617
1	539
0	876
1	975
1	462
1	540
1	661
1	489
0	801
1	258
1	380
1	733
1	37
1	102
0	529
1	6
1	586
1	410
0	963
1	45
0	386
0	878
0	543
0	134
1	441
0	829
1	970
1	698
1	674
1	629
1	704
0	460
0	52
1	820
0	177
1	157
1	323
1	277
1	129
0	623
1	91
1	82
1	525
1	505
1	244
0	694
0	773
1	472
1	155
0	709
1	239
1	400
0	182
0	703
1	291
0	145
0	995
1	912
1	906
1	683
0	650
1	151
1	20
0	537
1	268
1	175
0	731
1	137
1	822
0	768
1	10
0	607
0	186
1	171
1	899
1	742
1	307
0	272
1	459
1	36
1	271
0	522
1	789
1	729
0	870
1	665
0	550
1	848
1	1
1	450
1	254
1	394
1	887
1	278
1	849
1	298
1	197
1	784
0	812
1	200
0	642
1	551
1	261
0	322
1	498
1	463
1	39
0	750
1	329
0	712
1	266
1	830
1	375
1	243
1	721
1	862
1	955
1	188
1	628
0	614
1	793
1	231
0	241
1	120
1	672
1	3
1	332
1	653
1	414
1	795
1	562
1	89
1	253
1	983
1	334
1	639
1	342
1	691
1	28
0	766
1	105
1	189
1	133
1	911
1	744
1	379
0	926
0	480
1	958
1	823
1	531
0	999
0	755
1	715
0	179
1	972
1	493
1	595
1	880
1	124
0	980
1	723
1	808
1	902
1	777
1	497
1	943
1	524
1	971
1	12
1	365
1	689
0	234
0	203
0	909
1	828
0	743
1	944
1	192
1	782
0	552
0	934
0	874
1	656
1	297
1	609
1	836
1	267
1	501
0	569
1	29
1	474
1	700
0	85
1	492
1	990
1	556
1	92
1	366
1	602
0	249
1	579
0	559
1	418
0	920
1	453
1	678
1	894
1	107
1	100
0	953
0	946
1	572
1	735
0	136
1	571
1	336
1	187
1	815
1	966
1	776
1	546
0	117
0	760
1	599
0	891
0	657
1	638
1	844
1	367
1	340
1	800
1	858
1	265
1	771
1	24
1	486
1	676
0	839
0	969
1	563
1	869
1	633
1	98
1	521
1	18
1	2
1	588
1	263
1	779
1	4
1	710
1	290
0	511
1	103
1	994
1	196
0	754
1	127
1	763
1	84
0	478
1	826
1	408
1	636
1	692
1	78
1	347
1	355
0	671
0	97
0	424
1	207
1	194
1	143
1	190
1	288
0	740
0	413
1	872
1	664
1	221
0	630
1	294
1	79
1	341
1	160
0	153
1	811
1	211
0	648
0	748
1	961
1	16
1	250
1	110
1	536
1	455
0	358
1	71
1	685
1	979
0	481
0	832
1	262
1	967
1	769
1	508
1	790
0	558
0	245
1	138
1	727
0	430
1	925
0	209
1	139
1	553
1	818
1	435
0	682
1	888
0	242
1	530
1	327
1	724
1	954
1	257
1	722
1	101
1	35
1	158
1	693
1	22
1	918
1	831
0	706
1	696
1	805
1	164
1	647
1	420
1	973
1	865
1	758
1	504
0	837
1	335
1	217
0	362
1	626
0	759
1	396
1	705
1	936
1	666
1	378
0	575
0	13
0	923
0	293
1	738
1	895
1	707
1	286
1	622
1	205
1	299
1	357
1	284
1	381
1	611
1	603
0	373
1	289
0	592
1	993
1	663
0	554
1	202
1	940
0	229
1	476
1	503
1	395
1	219
0	154
1	502
1	76
1	125
1	867
0	910
1	461
1	904
1	5
0	429
1	312
1	116
1	144
1	300
0	827
1	132
1	457
1	601
1	359
1	496
1	324
1	835
1	348
1	166
1	732
1	235
1	541
1	415
1	96
1	658
1	391
1	55
1	576
1	745
1	65
1	719
1	945
1	593
1	220
0	433
0	8
1	987
1	668
1	981
1	208
1	897
1	567
1	443
1	275
1	612
1	311
1	507
1	338
1	803
1	230
1	561
1	673
1	499
1	274
1	255
1	90
1	238
1	454
1	613
1	515
0	445
0	114
1	279
1	148
0	451
1	957
1	313
1	853
1	169
1	162
1	847
1	882
1	252
1	778
0	140
0	608
1	122
0	68
1	206
1	306
1	247
0	123
1	233
1	99
0	173
1	483
1	581
1	533
1	774
1	997
1	686
0	401
1	372
1	764
1	302
1	852
1	487
1	526
1	570
1	810
1	212
1	644
1	402
1	374
1	146
1	846
1	747
1	619
1	444
0	21
1	88
0	977
0	557
0	757
0	736
1	316
1	72
0	996
1	660
0	270
1	677
0	681
1	27
1	468
0	751
1	615
0	31
1	596
1	319
0	470
1	519
0	544
1	337
1	201
1	74
1	680
1	183
1	475
1	838
0	0
1	376
1	916
1	44
1	929
0	409
0	94
1	321
1	428
1	172
1	500
0	34
1	431
0	46
1	964
1	159
1	842
1	514
0	739
0	452
1	59
0	520
1	806
1	77
1	354
0	841
1	436
1	87
1	477
1	962
1	930
0	597
1	426
0	314
1	260
1	797
1	951
1	331
1	746
1	156
1	228
1	9
1	915
1	351
0	978
1	535
1	214
1	780
1	23
0	770
1	873
1	857
0	516
0	318
0	128
0	236
1	851
1	618
0	295
1	440
1	63
1	890
0	344
1	69
1	711
0	343
1	859
1	111
1	956
1	610
0	370
0	248
1	126
1	604
1	256
1	404
0	921
1	54
1	527
0	937
0	659
0	434
0	631
1	578
1	821
1	19
1	185
1	333
1	47
0	590
0	494
1	985
0	840
0	240
0	950
1	908
1	697
1	447
1	83
0	568
1	328
1	804
1	655
0	855
1	624
0	448
0	216
1	914
1	845
1	11
1	66
1	213
0	591
0	405
1	364
0	756
1	998
1	952
0	339
1	762
1	809
1	442
1	296
1	928
1	589
0	198
0	53
1	965
1	95
1	161
1	181
1	584
1	861
1	33
0	292
0	369
1	42
1	363
1	49
0	352
0	598
1	50
1	741
0	817
1	794
1	938
1	785
1	427
0	106
1	423
1	518
1	60
1	645
1	886
1	406
0	616
1	191
1	901
1	412
1	325
1	287
1	635
0	361
1	388
1	892
1	163
1	717
1	346
1	907
1	992
1	720
1	781
1	360
1	403
1	131
1	702
1	285
1	675
0	935
1	371
1	982
1	184
1	651
1	883
1	585
1	30
1	398
0	884
1	713
0	699
0	948
1	670
0	482
1	913
0	490
0	350
1	309
1	273
1	512
0	545
1	225
0	152
0	564
1	113
1	237
0	976
1	64
1	580
0	734
1	687
1	947
0	701
1	900
0	577
0	634
1	688
0	600
1	868
1	276
1	933
0	108
1	141
1	667
0	643
0	193
1	199
0	932
1	813
1	549
1	86
0	767
1	57
1	606
1	988
1	931
1	875
1	104
0	93
1	726
1	798
1	786
1	466
1	788
0	345
1	259
0	791
1	439
1	416
1	772
1	62
1	799
1	625
1	730
1	796
1	479
0	991
1	168
0	509
1	860
1	385
0	866
0	532
0	986
1	218
0	662
1	905
1	879
1	305
1	130
1	469
1	620
1	949
1	775
1	523
1	528
1	640
1	264
1	317
1	714
1	488
0	41
1	377
1	753
0	471
1	195
0	226
0	349
0	167
0	974
1	864
1	43
1	281
1	135
1	863
1	495
0	582
1	315
0	871
0	594
1	383
1	215
1	15
1	7
1	621
1	67
1	725
1	749
1	684
0	807
1	843
0	246
0	397
1	456
1	227
1	919
0	896
1	170
1	150
0	58
1	422
1	70
0	825
1	109
0	517