1	365
0	585
0	219
1	648
1	92
1	703
0	408
1	743
1	227
1	651
0	559
0	121
1	608
1	437
1	257
1	747
1	130
1	765
0	168
1	31
0	643
0	647
1	230
1	577
1	963
1	320
1	759
1	293
1	878
0	414
0	609
0	956
0	373
1	110
1	319
0	952
1	841
1	576
1	146
1	223
0	683
0	652
1	881
1	790
1	916
1	288
1	979
1	397
1	621
1	312
1	438
0	73
1	385
1	636
1	563
1	473
1	487
1	897
0	639
1	766
1	803
1	987
0	141
1	28
1	775
0	885
0	108
1	409
1	456
1	315
1	872
1	290
1	657
1	614
1	337
1	96
1	123
1	534
1	580
1	626
0	218
1	851
1	252
0	191
1	849
0	217
1	136
1	211
1	62
1	918
1	970
0	249
1	817
1	796
1	84
1	827
1	974
1	333
0	696
1	936
1	578
0	347
1	95
0	984
0	716
1	156
1	727
1	591
1	21
1	834
1	815
0	914
0	927
1	99
0	282
1	508
1	222
1	175
0	2
0	472
1	523
0	860
1	753
1	420
1	377
0	253
0	48
1	688
1	777
0	399
1	309
1	90
0	259
1	980
1	717
1	442
1	861
1	343
1	277
1	279
0	774
1	656
1	72
0	344
0	933
1	892
1	5
0	207
1	457
1	694
1	349
1	630
1	372
1	705
1	940
1	82
1	114
1	925
1	336
1	994
1	390
1	483
1	11
0	228
1	579
1	115
0	433
0	7
1	69
1	681
1	153
1	322
1	513
1	889
1	245
0	740
1	781
0	596
0	60
1	428
1	150
1	489
1	200
0	356
1	702
1	832
0	948
0	812
1	857
0	67
1	418
1	427
1	752
1	269
0	490
1	303
1	411
1	209
1	103
0	779
1	655
1	138
1	142
1	901
1	66
0	588
1	695
1	633
0	953
1	165
0	237
0	880
1	854
1	224
1	858
1	738
0	267
0	126
1	899
1	976
1	286
1	196
1	120
0	145
1	216
1	929
0	606
0	990
1	39
1	863
0	182
1	975
0	535
1	383
1	454
1	481
1	810
0	610
0	22
1	131
1	886
0	311
1	962
1	450
1	729
1	504
1	509
1	884
1	829
1	364
0	676
1	274
1	425
0	623
1	518
1	106
1	391
1	204
1	519
1	821
1	670
1	968
1	497
1	369
1	528
1	749
1	942
0	728
1	461
1	507
1	281
0	174
1	254
0	809
1	250
1	160
0	270
1	195
0	243
1	421
1	429
1	895
0	491
1	512
1	19
0	404
0	869
0	45
0	671
1	314
1	769
0	384
1	632
0	720
1	163
1	969
1	542
1	360
1	566
0	762
1	556
1	546
0	517
1	785
1	622
1	18
1	511
1	407
1	189
1	859
0	431
1	52
1	173
1	180
0	802
1	551
0	396
0	944
1	187
1	992
0	459
0	35
1	874
1	68
1	148
1	164
1	722
0	698
1	206
0	47
1	233
1	822
1	957
1	843
1	341
1	244
1	731
1	746
1	871
1	107
1	882
1	352
1	247
1	603
1	88
1	159
1	366
1	526
0	900
1	488
1	55
0	304
1	178
0	443
1	363
1	866
1	945
0	85
1	166
1	198
0	70
0	139
1	469
1	553
1	6
0	811
0	782
1	764
1	756
0	902
0	143
0	520
0	77
0	704
1	268
1	332
1	958
1	516
1	42
1	661
1	554
0	493
0	359
1	723
1	847
0	923
1	261
0	719
1	132
1	778
1	708
1	172
0	439
1	20
1	773
0	557
1	565
0	784
1	967
1	284
1	903
1	296
1	965
1	212
0	361
1	908
1	909
0	109
0	225
1	474
1	545
1	362
1	915
1	584
0	905
0	185
1	500
1	853
1	679
1	631
1	393
1	12
1	501
1	183
1	477
1	616
1	297
1	494
1	381
0	449
1	266
1	221
0	996
1	736
1	129
1	335
1	435
1	162
1	140
0	40
0	53
1	199
1	102
1	398
0	581
1	797
0	919
0	988
1	355
1	177
0	262
1	599
0	128
1	83
1	205
1	522
1	482
0	240
1	699
0	49
1	171
1	917
1	726
1	119
1	943
0	447
0	904
1	770
1	147
1	937
1	63
1	658
0	468
1	275
1	689
0	607
0	654
1	430
1	453
0	15
1	104
1	527
1	540
0	478
0	375
1	593
0	898
1	788
1	8
1	1
1	157
1	938
1	733
1	46
0	707
1	502
1	295
1	680
0	691
1	836
1	877
1	913
1	524
1	569
1	538
1	480
1	423
1	644
0	737
1	56
0	179
0	549
1	742
0	111
0	197
1	547
1	928
1	51
0	116
0	342
0	184
1	242
1	169
1	590
1	972
1	848
1	58
1	41
0	313
1	43
1	14
1	112
1	190
1	417
1	380
1	371
1	711
1	668
1	302
1	973
1	276
1	732
0	213
1	949
1	467
1	287
0	75
1	170
0	458
1	232
1	462
0	158
1	485
1	234
1	798
1	285
1	640
1	805
1	838
1	804
1	634
1	273
0	54
1	985
0	978
1	59
1	754
1	324
1	745
0	239
1	922
0	346
1	463
0	283
1	649
0	29
0	353
1	521
0	887
0	27
1	867
1	325
1	768
1	677
0	715
0	611
1	875
1	660
0	592
0	675
1	388
1	464
1	422
1	76
1	370
1	208
1	783
0	586
1	818
1	340
1	316
1	555
0	323
0	879
1	401
1	562
0	757
1	618
1	793
0	176
1	601
1	539
1	883
1	850
1	645
1	951
1	894
1	981
1	23
1	989
1	530
0	598
1	669
1	997
1	572
0	960
1	602
1	50
1	635
0	441
1	317
1	310
1	776
1	706
0	795
1	134
0	17
1	36
1	868
1	389
0	926
1	567
1	260
1	416
1	665
1	318
0	568
1	816
1	844
0	537
1	986
1	80
1	934
1	955
1	13
1	25
0	94
1	824
1	959
0	186
0	3
0	891
1	299
1	386
1	650
1	154
1	642
0	328
1	941
0	954
0	550
1	760
1	424
1	659
1	977
1	127
1	842
1	514
1	761
1	531
0	100
0	395
1	638
1	475
1	826
1	470
1	192
1	800
1	455
1	202
1	666
1	744
0	627
1	772
1	664
1	845
1	999
1	597
1	792
0	105
0	573
0	194
1	155
1	440
1	64
1	700
1	613
1	786
1	564
1	710
1	229
1	767
1	289
1	870
1	93
1	619
1	533
1	445
1	405
0	799
1	794
0	536
1	10
1	113
1	840
0	357
1	215
1	739
0	575
1	444
1	684
1	582
1	326
1	492
1	235
1	101
1	560
0	394
1	387
1	748
1	571
1	712
0	117
1	345
1	402
1	912
1	839
0	685
0	446
0	714
1	124
1	525
1	26
1	907
0	964
1	452
1	819
1	241
1	476
1	220
0	995
1	982
1	641
1	91
1	57
1	625
0	350
1	673
1	238
1	382
1	33
1	725
0	329
0	930
1	258
0	305
1	65
1	932
1	532
1	210
1	552
1	865
1	515
1	300
1	495
1	890
1	831
1	264
1	682
1	543
1	692
0	125
1	721
1	78
1	255
1	735
1	499
1	236
1	306
1	896
1	339
0	991
1	432
1	280
1	201
1	122
0	426
1	465
1	484
0	479
1	4
1	16
1	503
1	966
1	448
0	541
1	750
1	246
0	808
1	846
1	419
1	436
1	98
1	693
1	730
1	278
1	118
1	830
1	628
0	466
1	97
1	61
0	271
1	374
1	920
1	32
1	248
1	789
0	687
0	321
0	460
0	741
1	993
0	137
0	763
1	587
1	0
1	653
0	410
1	298
1	471
1	686
1	403
1	203
1	144
0	950
0	814
1	893
0	663
1	751
0	334
0	558
1	600
0	713
1	38
0	376
0	412
1	505
1	828
1	506
1	701
1	415
1	620
1	787
1	251
1	998
1	231
0	307
0	327
0	413
1	709
0	921
1	961
0	152
1	604
1	301
0	674
1	37
0	755
1	672
0	855
0	791
0	292
0	358
1	823
1	24
1	734
1	291
1	780
0	151
1	595
1	498
0	74
1	30
1	451
0	406
0	34
1	612
1	852
0	379
1	354
1	931
1	434
1	983
1	167
1	589
0	807
1	637
1	87
0	820
1	906
0	574
1	724
1	806
1	678
0	193
1	801
0	561
1	400
0	308
1	351
1	367
0	873
0	81
1	662
1	188
0	971
1	758
1	876
1	161
1	486
1	946
0	718
1	331
1	911
0	570
1	583
1	133
0	837
0	86
1	378
1	690
0	825
1	615
0	835
1	888
0	833
1	771
1	947
1	392
0	9
1	617
0	496
1	214
0	864
1	135
1	862
0	44
0	646
1	89
1	272
1	939
1	510
1	629
1	856
0	605
1	924
1	294
1	667
1	529
1	265
1	149
0	935
0	71
1	544
1	256
1	697
1	368
1	263
0	330
1	910
1	624
0	181
1	348
1	226
0	338
0	813
1	594
1	548
1	79