1	222
1	649
1	37
1	272
1	824
1	620
1	562
1	564
1	906
1	554
1	239
1	143
1	474
1	364
0	331
1	672
1	4
1	171
1	641
1	991
1	108
0	535
1	736
1	111
1	292
1	438
0	455
0	126
1	158
1	708
0	543
0	69
1	807
1	989
1	276
1	679
1	443
1	817
1	359
1	80
1	181
1	583
0	383
0	782
1	902
1	48
1	657
1	728
1	792
1	875
1	328
1	691
1	107
1	729
0	105
0	142
1	589
1	888
1	662
0	759
1	575
1	493
1	574
1	192
1	167
1	245
0	294
0	287
1	268
1	872
0	884
1	320
1	459
1	741
0	392
0	520
0	547
0	72
1	35
1	786
1	334
1	233
1	735
1	965
1	860
0	284
1	608
0	794
1	103
1	892
1	506
1	221
1	99
0	482
0	150
1	299
1	811
1	18
1	313
1	661
1	246
1	956
0	128
1	296
1	533
1	86
1	513
1	901
1	66
1	887
1	592
1	399
0	208
1	269
1	904
1	980
0	998
1	211
1	345
1	877
1	847
0	957
1	531
1	765
0	778
1	270
1	720
1	225
0	629
1	223
0	387
0	152
1	291
1	214
1	566
1	21
1	912
1	286
0	665
0	845
1	808
1	836
1	890
1	475
1	918
1	972
1	826
0	314
1	98
1	963
1	696
1	565
1	515
1	967
1	867
1	52
1	664
1	961
1	633
1	318
0	670
1	828
1	725
1	862
1	658
1	393
1	53
0	238
1	529
1	400
0	692
1	737
1	243
0	169
0	200
1	621
1	760
1	700
1	642
0	366
1	31
0	930
1	879
1	645
1	915
1	805
1	242
0	231
1	945
1	308
1	934
1	705
1	445
1	457
1	840
0	165
1	891
1	307
1	561
1	816
1	578
1	346
1	617
0	694
1	922
0	344
1	563
1	770
1	290
1	653
1	472
1	452
1	943
1	180
1	632
0	159
1	470
0	361
0	414
0	718
1	488
0	939
1	289
0	467
1	485
0	298
1	541
1	981
1	440
1	895
1	579
0	674
0	166
0	697
0	311
1	39
1	648
1	588
1	183
1	215
1	618
1	252
0	428
1	570
1	987
0	477
0	751
1	316
1	347
1	571
0	389
1	324
1	857
0	726
1	297
0	476
1	796
0	79
1	91
1	743
1	719
1	762
1	274
1	769
1	341
1	23
1	815
0	546
0	121
1	426
1	896
1	333
1	463
1	293
1	771
1	156
1	871
1	829
1	390
1	58
1	532
1	932
1	549
1	626
1	527
0	739
1	800
1	598
1	351
0	131
1	609
1	514
0	752
1	59
0	385
1	337
0	201
1	423
0	615
1	120
1	833
1	512
1	259
1	360
1	944
1	576
0	616
0	27
1	473
1	838
1	865
1	582
0	990
0	508
0	216
1	605
1	911
0	174
1	985
1	146
1	486
0	523
1	745
0	2
0	914
0	466
1	163
1	190
1	842
1	285
1	612
1	123
1	161
0	319
0	721
1	271
1	637
1	460
1	96
1	951
0	560
0	398
0	28
1	755
1	928
1	125
0	323
1	986
0	777
1	179
1	369
0	36
1	312
1	936
1	207
1	839
1	464
1	232
0	283
1	371
1	899
1	538
1	70
0	501
1	60
1	785
1	219
1	229
0	422
1	698
0	517
1	636
1	148
1	996
1	301
1	113
1	326
1	678
0	651
0	866
1	315
1	147
1	109
0	249
1	806
1	134
1	775
1	234
1	584
1	595
1	941
1	660
1	491
1	699
0	652
0	680
0	992
1	85
1	596
1	38
1	831
1	797
1	384
1	818
1	280
0	659
1	966
0	454
1	917
1	458
1	894
1	516
0	557
1	712
1	378
1	919
1	382
1	548
1	655
1	732
1	511
1	916
1	907
0	905
0	590
1	230
1	127
0	56
1	417
1	362
0	356
1	173
1	859
0	601
1	925
1	441
1	551
1	101
1	418
0	137
1	552
1	379
1	881
0	962
0	685
0	507
1	47
0	251
0	710
0	634
1	604
1	411
0	241
1	114
1	330
0	976
0	942
1	62
1	525
1	870
0	940
1	994
1	478
1	803
0	886
1	717
1	783
1	406
1	310
1	250
1	30
0	926
1	300
0	982
1	367
1	218
1	112
1	622
1	852
1	6
1	846
1	790
1	247
0	419
1	763
1	873
1	819
1	44
1	744
1	619
1	43
1	22
0	766
0	767
1	87
1	348
1	255
1	624
1	175
1	748
0	49
0	138
1	802
0	814
1	497
1	639
1	32
1	789
0	611
1	54
1	363
1	677
1	522
0	256
0	938
1	421
1	220
1	372
0	738
1	263
0	9
0	248
1	453
1	82
1	100
0	544
0	403
1	834
1	205
1	853
0	821
1	394
1	381
1	41
1	885
0	646
1	228
0	8
1	33
1	264
1	145
1	67
0	451
1	749
0	628
0	42
1	958
1	682
1	130
1	110
0	498
1	90
1	141
1	77
0	848
1	139
1	282
1	375
1	553
1	868
1	436
0	607
1	970
1	913
0	480
0	151
1	585
1	413
0	880
1	801
1	160
1	654
0	841
0	194
1	133
0	788
1	822
1	494
0	244
1	727
1	893
0	610
1	374
1	883
1	155
0	240
1	949
1	266
1	391
1	731
1	593
1	668
1	960
0	51
1	135
1	681
0	948
1	837
1	746
1	83
1	119
0	188
0	354
1	540
1	89
1	420
1	213
0	968
0	715
1	844
1	979
0	858
0	365
1	24
1	329
1	555
1	545
0	395
1	539
0	471
0	157
1	153
1	524
1	78
1	559
1	810
1	813
1	908
1	772
1	277
1	630
1	204
1	623
1	306
1	850
0	353
1	76
0	671
1	971
1	798
1	740
1	820
0	332
1	129
1	278
1	74
1	568
1	823
1	855
1	88
0	573
0	350
0	402
1	500
1	448
1	600
1	224
1	118
1	723
0	81
1	16
0	236
1	358
1	212
0	0
1	753
1	854
0	116
0	702
1	776
1	71
1	558
1	10
0	355
1	758
1	336
1	343
1	489
1	227
0	115
1	556
0	666
0	933
1	388
0	260
0	439
1	325
1	947
1	322
1	50
1	510
0	924
0	572
1	7
1	401
1	492
1	186
1	597
1	599
0	750
1	34
0	897
1	407
0	754
1	876
1	997
1	929
1	644
1	602
0	288
1	15
1	550
0	73
1	499
1	650
0	614
1	864
1	469
0	338
1	26
1	376
0	409
0	667
1	415
0	45
1	663
1	975
1	68
1	724
1	675
0	198
1	408
1	878
0	594
0	258
1	851
1	295
1	631
1	569
0	140
1	730
1	368
1	954
0	202
1	586
0	832
1	689
0	747
1	149
1	187
0	203
1	456
1	773
1	185
0	479
1	267
1	206
0	3
0	935
0	431
1	102
1	193
1	434
1	425
1	638
0	94
1	955
1	349
1	495
1	352
1	11
1	882
0	536
0	357
1	505
1	487
1	373
1	695
1	643
0	210
1	61
0	757
1	669
1	104
1	429
1	468
0	106
1	687
0	707
1	490
1	446
1	793
1	503
0	5
1	635
1	591
1	673
1	176
1	764
1	162
0	856
0	542
1	812
0	780
0	809
1	761
1	995
1	577
1	279
1	95
1	405
1	898
1	787
0	921
1	973
0	444
1	305
1	706
1	25
1	988
0	722
0	640
1	303
1	342
1	430
1	170
1	518
1	97
1	84
1	946
1	75
1	647
1	781
1	275
1	397
1	999
0	377
1	317
1	969
0	984
1	903
1	530
1	861
0	900
1	327
0	909
1	217
1	978
0	265
0	964
1	795
0	40
1	733
1	606
1	953
0	14
1	974
1	340
1	57
1	55
1	509
1	144
1	703
1	483
0	716
1	124
1	442
0	178
1	825
1	226
0	504
1	262
0	869
1	779
1	261
0	693
0	910
1	959
1	686
0	709
1	63
0	863
1	977
1	519
1	580
1	603
0	172
1	481
1	196
1	684
0	447
1	396
1	65
1	713
1	714
1	704
1	768
1	701
1	339
1	191
1	742
1	433
0	412
1	197
0	528
1	195
1	122
1	613
1	830
1	370
1	784
0	12
0	92
1	302
1	849
1	502
1	950
1	257
0	273
1	711
1	164
1	416
1	17
1	237
1	449
0	537
1	983
1	581
0	496
0	521
1	380
0	799
1	254
1	189
0	534
1	410
1	690
1	64
1	683
1	20
1	791
1	424
0	321
0	627
0	281
1	184
1	774
1	432
0	182
0	827
1	19
1	461
0	404
1	923
0	952
1	587
1	526
1	734
1	676
1	437
1	843
1	177
0	1
1	168
1	889
1	13
0	756
1	920
0	937
0	117
1	874
0	136
1	335
1	567
0	688
1	931
1	309
1	656
0	450
1	132
1	927
0	462
1	625
1	993
1	386
1	835
1	93
1	253
1	209
0	427
0	484
0	46
0	804
1	235
1	465
1	435
1	199
0	29
1	304
0	154