1	441
1	968
1	198
1	766
1	679
1	593
0	146
1	551
1	125
1	74
1	901
0	429
0	982
1	171
0	249
1	432
0	782
1	722
0	632
1	952
1	48
1	699
1	259
1	947
0	317
1	9
1	407
0	569
1	140
1	565
1	241
0	409
1	895
1	719
1	568
0	603
0	827
0	332
0	265
1	983
1	858
0	628
0	599
1	408
1	328
1	689
1	103
1	595
1	978
1	482
1	779
1	645
1	261
0	910
1	406
1	703
0	620
1	662
0	149
0	791
1	619
1	519
0	29
1	128
0	517
1	594
1	262
1	831
1	349
1	494
0	57
1	313
0	16
1	906
1	363
1	264
1	160
1	457
1	178
1	849
1	641
1	733
1	127
1	508
1	89
1	875
1	590
0	754
1	828
1	467
1	694
0	657
1	276
1	962
1	954
0	308
1	672
1	706
0	359
1	622
1	230
1	173
1	54
1	618
1	585
1	835
1	670
0	587
0	636
1	110
1	950
0	488
1	45
1	784
1	270
1	192
1	669
1	225
1	7
0	34
0	459
1	212
1	213
1	113
1	997
1	476
0	634
1	650
1	440
1	834
1	99
1	172
1	309
1	135
1	625
1	79
1	76
1	907
0	236
0	186
1	435
1	557
1	522
1	929
0	922
0	206
1	427
0	846
0	121
0	3
1	91
1	183
1	511
1	905
1	428
1	916
1	485
0	469
1	153
1	339
1	337
1	903
1	988
1	384
1	224
1	112
1	965
1	829
1	749
1	682
1	66
0	608
1	43
1	525
1	708
1	185
1	278
1	23
0	975
1	445
1	896
1	843
1	292
0	226
1	727
1	996
1	793
0	479
1	380
0	795
1	439
1	335
1	203
1	649
0	602
0	943
0	507
1	790
1	394
0	854
1	26
1	90
0	721
1	693
1	40
1	521
0	404
0	510
1	930
0	865
1	696
1	37
1	242
1	63
0	460
0	377
0	368
1	690
0	813
0	957
0	383
1	637
1	447
1	607
1	678
1	675
1	946
0	648
0	536
1	810
0	168
0	840
1	818
1	804
0	166
1	289
1	30
0	955
1	458
0	182
1	239
0	723
1	184
0	165
1	692
1	207
1	764
1	755
1	250
0	856
0	724
1	324
1	21
1	118
1	691
1	240
1	960
1	610
0	504
1	411
0	318
1	454
1	1
1	740
1	864
0	114
0	106
1	589
1	842
1	560
1	870
1	717
1	652
1	677
1	351
1	561
1	360
0	356
1	306
1	58
0	217
1	789
1	889
1	286
1	871
1	580
1	285
0	415
1	5
0	919
1	801
0	976
1	639
1	438
1	555
0	869
0	6
1	668
0	643
1	936
1	453
1	266
1	573
0	527
1	319
1	64
1	386
1	492
1	973
0	676
1	24
0	424
1	857
1	139
1	391
1	269
0	136
1	945
1	757
1	830
1	355
1	287
1	805
0	807
1	596
1	796
0	571
0	311
1	151
1	431
1	69
1	756
1	664
1	524
1	420
1	169
1	329
1	987
1	964
1	347
1	395
1	535
0	702
1	786
1	711
1	93
1	969
1	470
1	718
1	131
1	39
1	294
0	979
1	418
1	800
1	305
1	82
1	503
1	630
1	442
1	970
0	614
1	892
0	189
0	862
1	981
0	661
0	14
1	803
0	980
1	902
1	588
1	972
0	252
1	556
0	316
1	700
1	667
0	456
1	959
1	53
1	325
1	716
1	948
1	538
1	776
1	462
1	991
1	860
1	235
1	660
0	941
0	761
0	518
1	605
1	644
0	263
0	861
1	802
1	502
0	772
1	629
1	365
1	743
1	570
1	111
1	883
1	586
1	475
1	753
0	290
0	562
0	773
1	658
1	917
1	419
0	814
0	4
1	837
1	654
1	302
0	770
1	446
1	122
1	78
1	174
0	698
1	187
1	323
1	515
1	597
1	534
1	881
1	390
1	925
0	937
1	273
0	205
1	529
0	994
1	681
0	15
1	512
0	61
1	613
1	70
1	382
0	663
0	876
1	282
1	152
1	926
1	94
1	498
1	611
1	345
1	878
1	958
1	310
1	280
1	989
0	998
1	254
1	823
1	659
0	612
1	463
1	951
1	397
0	928
0	474
1	655
0	12
1	774
1	231
1	825
1	995
0	84
1	331
1	778
1	216
1	32
1	931
1	547
0	461
1	27
1	243
1	680
1	228
1	735
1	624
1	775
1	44
1	334
0	848
1	528
0	794
1	204
1	342
1	744
1	304
0	379
1	971
1	389
1	911
1	387
0	714
1	913
1	985
0	315
0	301
1	631
1	77
1	451
1	137
1	788
1	576
1	540
1	80
0	532
1	726
1	36
0	194
1	227
1	640
1	816
1	33
1	747
0	609
1	336
1	464
1	554
1	62
1	277
1	202
0	101
1	159
1	741
1	257
1	581
0	904
1	298
1	768
1	155
0	671
1	720
1	924
1	133
0	176
1	18
1	193
1	758
1	22
0	728
1	399
1	769
1	354
1	514
1	371
0	505
0	705
0	550
1	353
1	592
1	436
1	891
0	616
1	953
1	10
1	468
1	96
1	426
1	322
0	738
0	416
0	245
1	537
0	373
1	56
1	898
1	882
1	92
1	546
1	378
1	50
1	361
1	291
1	921
1	533
1	229
0	223
1	912
1	715
1	873
1	218
1	88
1	893
1	877
0	195
0	72
0	855
1	47
1	845
1	358
1	863
1	932
0	268
1	352
1	687
1	598
0	495
1	177
1	923
1	798
0	787
0	956
1	491
1	940
0	402
1	575
0	466
1	817
1	209
1	710
1	28
1	449
1	695
1	582
1	808
1	275
0	81
0	374
1	574
0	886
1	288
0	413
1	154
1	481
1	244
1	821
1	890
1	31
1	170
1	707
1	792
0	444
1	839
1	977
1	299
1	117
1	295
0	685
1	666
1	490
1	129
0	819
1	513
1	344
1	400
0	847
1	221
1	348
1	844
1	52
1	617
1	739
0	162
1	211
0	253
1	237
1	119
1	281
1	346
0	181
1	303
1	944
1	894
1	396
1	674
1	362
1	712
1	815
1	405
1	164
1	115
1	433
1	852
0	147
0	51
1	375
1	126
0	867
0	704
1	725
1	549
1	283
0	472
1	208
1	8
1	200
1	465
1	49
1	403
1	478
1	300
1	765
1	38
1	990
1	908
1	143
1	578
1	785
1	783
1	180
1	567
1	673
1	914
0	759
1	448
1	188
1	75
1	822
1	423
1	381
1	552
1	73
1	233
0	487
0	97
1	196
1	927
1	841
1	434
1	410
1	489
1	500
0	279
1	688
1	701
0	13
0	811
1	746
1	284
1	175
1	885
1	156
0	11
1	566
0	369
1	851
1	918
1	600
1	267
1	452
1	443
0	963
1	85
1	486
1	367
1	312
0	781
0	222
0	935
0	191
1	623
1	742
1	499
1	214
1	297
1	583
0	258
1	838
1	531
1	148
1	750
0	105
0	326
1	71
0	327
0	799
1	341
1	934
0	833
1	274
1	422
1	984
0	197
1	366
1	83
1	553
1	859
0	340
1	0
1	255
1	338
0	158
1	357
0	832
0	350
1	100
1	134
0	163
1	949
1	219
0	179
0	401
0	992
1	684
0	584
1	102
1	296
1	455
1	853
1	123
0	247
0	107
1	437
0	516
1	321
1	65
1	606
0	520
1	966
1	866
1	430
1	25
1	60
0	343
0	35
0	497
1	526
1	647
1	564
0	646
0	238
1	874
1	385
1	333
1	542
1	215
1	563
0	572
1	850
0	999
1	86
0	745
0	604
1	59
1	246
0	167
1	626
0	248
1	993
1	392
1	824
0	471
1	736
1	376
1	19
1	909
1	370
0	388
1	713
1	820
0	558
1	506
1	190
0	364
1	493
1	41
1	199
0	210
1	686
1	509
1	651
1	543
1	986
1	142
1	621
1	95
1	665
0	421
1	915
0	888
1	601
0	425
1	638
0	150
0	314
1	974
1	523
0	797
0	67
1	780
0	132
0	548
1	872
0	412
1	141
0	577
1	812
0	398
1	234
1	157
0	393
1	251
0	653
1	887
0	104
1	961
0	138
1	87
0	272
1	683
1	760
1	752
0	256
0	656
1	777
1	544
1	938
0	2
1	480
0	483
0	496
1	809
1	320
1	729
1	124
0	144
1	899
1	17
1	826
1	130
0	884
0	771
0	806
1	293
1	627
1	559
1	767
1	836
1	450
1	484
1	868
1	579
1	933
1	748
1	751
1	900
0	260
1	307
1	42
1	709
1	879
1	501
0	642
1	55
1	201
1	734
0	731
1	473
1	477
0	330
0	68
0	635
1	539
1	762
1	897
0	145
0	545
1	109
1	530
1	417
1	271
1	20
1	967
0	615
1	737
0	732
1	939
1	697
1	120
1	591
1	232
1	372
1	414
0	763
1	108
1	116
1	541
1	46
1	730
1	220
0	880
1	633
1	942
0	98
0	920
1	161