1	646
0	835
1	89
1	846
1	844
1	332
1	941
0	858
0	385
1	68
1	945
1	911
1	19
1	258
1	527
1	756
0	836
1	981
1	956
1	238
0	159
1	809
1	817
1	228
0	467
1	541
0	432
1	119
1	714
0	780
1	179
1	427
1	660
1	927
1	934
1	812
1	859
1	27
1	869
1	408
1	716
1	949
1	800
1	827
1	668
0	350
1	510
0	256
1	641
0	248
1	596
1	343
1	667
0	84
1	458
1	693
1	985
1	730
1	888
0	206
1	237
1	889
1	854
1	357
0	145
1	478
0	805
1	18
0	158
1	102
1	849
0	139
0	403
1	95
0	649
0	602
1	363
1	822
1	986
1	883
1	176
1	103
1	919
0	433
1	601
1	6
1	460
1	546
1	140
1	772
1	718
0	22
1	461
0	685
1	832
1	275
0	794
0	151
1	166
1	419
0	114
1	257
1	702
1	922
1	54
1	624
1	367
0	897
1	125
1	517
1	265
1	609
1	211
1	266
1	942
1	241
1	215
1	936
0	837
1	143
1	697
0	115
1	965
0	562
1	544
0	493
0	234
1	354
1	873
1	611
0	80
1	987
1	91
1	652
1	307
1	707
0	251
1	582
0	126
0	173
0	289
1	368
1	431
1	371
1	588
1	243
1	94
0	459
1	561
1	908
0	552
0	227
1	744
1	993
1	229
1	789
1	821
1	852
1	924
1	162
1	700
0	542
1	31
0	792
0	586
1	532
1	424
1	871
1	989
1	59
1	324
1	24
1	711
1	803
0	445
1	654
1	648
1	71
0	341
0	333
1	395
1	722
1	677
1	278
1	321
0	271
1	881
0	61
1	33
1	824
0	409
1	810
1	770
1	503
1	850
0	483
1	599
1	32
1	320
1	879
1	499
1	301
1	535
0	88
1	613
1	430
1	866
1	514
1	752
1	867
1	138
1	642
0	754
1	555
1	11
1	597
0	778
1	876
0	632
0	16
1	308
1	877
1	802
0	476
0	224
1	704
0	406
1	472
0	280
1	366
1	164
1	913
1	452
1	556
0	727
1	995
1	155
1	51
1	680
1	656
1	312
1	537
1	887
1	903
1	146
1	749
1	398
1	560
1	695
1	485
1	781
1	524
1	304
1	972
1	436
0	3
1	916
1	104
1	963
0	764
1	496
1	450
1	225
1	558
1	742
1	932
1	516
1	449
1	285
1	690
0	453
1	337
1	795
1	600
1	56
1	217
1	760
0	947
1	746
1	255
0	336
1	670
1	264
1	573
1	734
1	721
1	473
0	728
1	242
0	899
0	928
1	937
1	548
1	168
0	25
1	309
1	974
1	97
1	116
1	748
1	391
1	489
1	314
1	566
1	393
0	163
1	545
0	862
1	531
0	438
1	9
0	303
0	570
1	137
1	959
1	210
1	334
1	191
0	233
1	198
1	895
1	831
1	132
1	4
1	416
1	12
1	540
0	209
1	183
0	60
1	41
1	793
0	775
1	910
1	299
1	263
1	282
1	67
0	62
0	662
1	983
1	979
1	491
1	896
1	317
1	379
0	30
1	828
0	48
1	178
1	829
1	490
1	110
0	626
1	422
1	898
0	389
1	153
1	21
0	736
1	78
1	855
1	129
0	788
0	944
1	90
0	70
1	123
0	576
1	925
1	226
1	635
1	638
1	960
1	486
1	511
0	481
1	1
0	390
1	607
1	655
1	861
1	219
0	904
1	46
0	644
0	696
1	141
0	905
0	739
1	843
1	81
1	717
0	348
1	961
1	222
1	726
1	274
1	384
1	980
1	574
1	955
0	426
0	186
1	92
1	811
0	269
1	64
0	414
1	152
1	315
0	681
1	204
1	735
1	494
1	75
1	669
0	356
1	387
0	0
1	521
1	509
1	678
0	692
1	302
0	610
1	982
1	407
1	469
1	997
1	26
0	66
1	608
0	921
1	988
1	741
0	402
1	819
1	195
0	340
1	549
1	63
0	181
1	111
0	100
1	381
1	502
1	127
1	984
1	918
1	174
1	776
1	124
1	185
1	650
0	497
1	34
1	150
1	380
0	261
1	923
1	769
1	706
1	2
1	962
1	761
1	933
1	501
1	372
0	522
1	568
1	118
1	826
0	587
1	172
1	386
1	647
1	74
1	605
1	411
0	268
1	578
1	519
1	958
0	161
0	405
1	214
1	429
1	160
0	79
1	946
1	117
1	442
1	783
1	623
0	313
1	785
0	674
1	612
1	579
1	766
1	978
1	331
1	705
0	383
1	276
1	231
0	710
0	534
1	884
0	664
0	996
1	202
1	39
1	5
1	412
1	529
0	287
1	362
0	539
0	200
1	169
1	907
1	518
1	581
1	171
1	250
0	675
1	207
0	591
1	807
1	245
0	325
1	77
0	318
0	885
1	954
1	595
1	745
1	180
1	463
0	298
1	860
0	640
0	868
1	205
1	147
0	847
1	659
0	480
1	672
1	487
1	538
1	216
1	188
0	235
0	604
1	23
1	645
1	616
1	743
1	564
0	948
1	156
0	500
0	112
1	17
1	841
1	439
1	300
1	584
0	498
1	839
1	751
1	370
1	455
0	617
0	970
1	319
1	484
1	747
1	69
1	53
1	244
1	86
1	464
1	52
1	316
0	625
1	451
1	456
0	435
0	594
1	259
1	76
0	939
1	732
1	629
1	950
0	720
1	253
1	136
1	976
1	833
0	686
0	738
0	220
1	55
1	130
0	737
0	526
1	926
0	326
1	842
1	893
1	691
0	765
1	814
1	310
1	565
1	413
1	830
0	512
0	107
1	35
1	182
1	351
1	651
1	44
1	177
1	359
0	951
1	658
1	771
1	305
1	447
1	421
0	572
1	790
0	443
1	840
0	83
1	559
1	295
1	364
0	957
1	768
1	454
0	353
1	816
1	890
1	109
1	131
1	482
1	399
1	619
1	347
1	723
0	96
1	583
1	729
0	262
1	614
0	857
1	477
0	758
1	673
1	10
1	474
0	175
1	273
1	525
1	990
1	45
1	543
1	914
0	724
1	676
1	875
0	585
1	338
0	631
0	874
1	190
1	101
1	528
1	834
0	149
1	148
1	917
1	378
1	203
1	750
1	425
1	72
1	441
1	328
0	37
1	394
1	401
1	284
0	683
0	417
1	992
1	240
1	292
0	977
1	886
0	462
1	575
1	523
1	199
0	806
1	694
1	306
1	133
1	73
1	592
1	878
1	376
1	931
1	639
1	170
1	272
0	135
1	818
0	330
0	365
1	121
0	355
1	189
1	966
1	113
1	128
0	909
1	58
1	247
0	465
1	825
1	786
1	684
1	753
1	733
1	782
0	230
1	434
1	940
1	712
1	929
1	688
1	902
1	657
1	82
1	167
1	900
1	715
1	661
1	457
1	192
1	853
0	448
1	703
0	218
1	784
1	154
1	260
1	440
1	349
0	815
1	418
1	375
1	615
1	507
1	468
1	327
1	14
1	283
1	551
0	998
0	920
1	38
1	796
0	774
1	504
1	246
1	991
1	377
1	339
1	823
1	633
1	797
1	144
1	15
1	20
0	47
1	755
0	653
1	777
1	475
1	505
0	863
1	423
0	184
1	488
1	352
1	446
1	329
1	358
0	8
1	297
0	369
1	880
1	382
1	281
1	279
0	801
1	530
1	277
0	404
1	577
0	479
1	296
1	85
0	346
1	971
1	374
1	99
1	679
0	65
1	865
1	43
0	187
1	40
0	930
0	294
1	569
1	725
1	872
1	533
1	622
1	757
0	108
0	634
0	791
1	515
1	492
1	29
1	194
1	589
0	495
1	851
1	513
1	593
1	763
1	98
1	437
1	236
1	553
1	221
1	134
1	239
1	682
1	799
1	122
1	508
1	373
1	637
0	731
1	157
0	968
1	252
0	762
1	196
1	820
1	335
0	270
1	943
1	740
0	290
1	892
1	57
1	7
1	999
1	267
0	620
1	420
0	848
1	361
1	891
1	698
1	967
0	708
1	864
0	536
1	345
1	628
1	547
1	93
0	787
1	87
0	165
0	254
0	197
1	396
0	779
1	563
1	520
1	882
1	643
1	665
0	444
1	106
1	232
1	428
1	557
1	323
1	13
1	709
0	621
0	470
0	906
1	213
1	701
1	953
1	699
1	713
0	663
1	618
1	201
1	286
0	42
1	400
1	938
1	687
0	49
1	845
1	392
1	598
1	344
0	636
1	567
1	973
1	901
0	415
1	952
1	912
1	894
1	506
1	50
1	798
1	193
1	671
0	291
1	249
1	969
1	311
0	28
1	759
0	767
1	804
1	666
1	603
1	36
0	223
1	293
1	571
1	808
1	838
1	630
0	466
1	813
0	288
1	870
1	360
1	719
1	627
1	120
1	915
1	105
1	994
0	212
1	856
1	388
1	554
0	208
1	975
1	550
1	410
1	590
1	322
1	606
1	773
0	342
1	689
1	964
0	471
1	580
0	142
1	397
1	935