1	568
1	357
1	718
1	852
1	916
0	127
1	998
1	805
0	933
1	710
1	132
1	741
1	989
0	113
0	140
1	371
0	581
1	207
1	785
1	758
1	35
0	447
0	959
1	552
1	903
1	556
1	845
1	99
1	711
0	31
1	802
1	817
1	494
1	118
1	747
0	765
1	832
0	505
1	409
0	452
0	714
1	887
1	824
1	138
0	484
1	922
0	428
1	146
0	788
1	462
0	43
1	701
1	478
1	151
1	963
0	65
1	523
1	45
1	689
1	11
1	103
0	0
0	466
0	297
1	786
0	495
1	661
0	267
1	660
0	704
1	757
1	976
1	470
1	592
1	517
1	154
1	208
1	280
1	85
0	179
1	561
0	904
1	578
1	349
1	230
1	75
1	724
1	251
1	95
0	314
1	270
1	945
1	703
1	362
1	175
1	774
1	415
1	13
1	797
1	102
1	105
1	108
0	129
1	395
1	675
1	801
1	170
1	200
1	522
0	183
1	439
0	344
1	4
0	23
1	593
1	889
0	984
1	662
1	787
1	309
0	22
1	547
1	528
1	695
0	299
1	92
1	205
1	883
1	480
1	981
1	756
1	920
1	404
1	459
1	190
1	683
1	582
1	975
1	264
1	917
1	828
1	855
1	667
1	943
1	36
1	341
1	165
1	377
0	895
0	81
1	445
0	21
1	650
0	128
1	586
1	435
1	91
1	777
0	329
1	766
0	390
1	123
1	734
0	763
0	572
1	386
0	673
1	499
1	626
1	222
0	550
1	726
1	564
1	380
1	952
0	562
0	201
0	425
1	263
1	621
0	421
1	860
1	246
0	305
1	688
0	569
1	30
1	302
1	759
0	835
1	536
1	454
1	831
0	71
1	331
0	719
1	235
0	620
1	723
0	303
1	804
0	239
0	717
1	228
1	585
1	962
1	337
0	429
1	346
0	142
1	725
0	109
1	964
0	513
1	136
0	488
1	107
0	198
0	607
1	271
1	625
1	558
1	655
1	977
1	799
1	631
0	233
1	192
1	546
1	348
1	930
0	577
0	121
1	914
1	148
0	856
1	769
1	441
1	677
1	551
0	863
1	269
1	970
1	223
1	139
1	692
1	545
1	549
1	110
1	761
1	830
0	716
1	818
1	89
1	402
1	363
1	588
1	838
1	934
1	815
0	47
1	764
1	779
1	158
1	886
1	969
1	413
1	451
1	753
1	574
0	591
1	195
0	858
0	294
1	778
1	174
0	663
1	504
0	653
1	965
0	238
0	651
0	921
1	368
1	823
1	498
0	345
0	748
1	755
1	167
0	995
1	141
1	248
1	681
1	56
1	587
0	372
0	74
1	427
1	951
1	163
1	399
0	281
1	708
1	881
1	600
0	594
0	698
0	420
1	639
1	217
1	28
1	694
1	274
1	827
1	325
0	548
1	706
0	12
1	471
0	649
1	44
1	544
1	670
1	147
1	496
1	356
1	892
1	64
1	383
1	712
1	938
1	780
1	611
1	100
1	642
1	622
1	126
1	790
1	70
1	407
0	939
0	731
1	514
0	60
1	20
0	101
1	448
0	476
1	364
1	39
1	752
1	946
1	987
0	374
0	361
1	130
1	690
0	518
1	365
1	463
0	616
1	245
0	284
1	436
1	849
1	789
0	623
0	256
0	918
1	62
1	444
1	335
1	596
1	133
1	870
0	806
1	304
1	535
1	595
1	424
1	19
1	598
1	437
1	615
1	474
1	241
1	968
1	197
1	497
1	816
1	306
1	430
1	800
1	614
0	27
1	864
1	134
1	40
0	18
1	250
1	224
0	42
1	782
1	9
0	664
1	566
1	638
0	182
1	416
1	709
1	442
1	750
1	265
1	398
0	283
0	392
1	705
1	417
1	268
1	162
1	438
0	6
1	295
1	604
0	953
1	947
1	760
1	617
1	932
1	527
1	86
1	68
1	511
1	125
1	967
0	538
1	137
1	559
0	950
0	793
1	618
1	401
1	597
0	791
1	656
1	671
1	317
1	184
1	97
1	954
1	629
1	923
1	232
1	733
1	880
0	819
1	686
0	524
1	555
0	312
1	803
1	874
1	491
0	713
1	375
1	928
1	171
1	378
1	944
1	956
1	762
0	941
0	659
1	770
1	236
1	382
1	836
1	822
1	461
1	350
1	978
1	1
1	680
1	144
0	794
1	854
1	150
1	602
1	999
1	260
0	469
1	810
1	414
0	112
1	579
1	321
1	240
1	700
0	493
1	707
0	825
1	367
1	343
1	949
0	775
1	169
1	842
1	221
1	792
1	204
1	96
1	455
1	502
1	784
0	381
1	215
1	492
1	385
0	833
1	66
1	115
1	301
0	510
0	203
1	873
1	310
1	647
0	516
1	891
0	915
1	218
1	812
1	196
1	776
1	669
1	244
1	526
1	737
0	443
0	161
0	119
1	145
1	841
1	403
1	176
1	212
0	120
1	57
0	227
0	318
1	897
1	948
1	606
1	347
0	34
0	29
1	900
1	160
0	282
1	957
0	229
1	396
1	966
1	672
1	355
1	189
1	79
1	909
1	693
1	867
1	93
1	391
0	721
1	460
0	749
1	336
0	122
1	164
1	630
0	193
0	732
0	697
1	5
0	231
1	634
1	83
0	393
1	486
1	974
1	666
0	384
1	155
0	687
1	853
1	983
1	449
1	859
1	898
0	456
1	186
1	434
1	242
1	199
0	220
1	286
1	847
0	58
0	156
0	919
1	279
1	837
1	972
1	131
1	114
1	376
1	370
1	202
1	772
1	226
1	116
1	332
1	605
1	78
1	289
0	935
1	387
1	866
1	890
0	2
1	645
1	490
1	181
1	691
1	419
0	333
1	937
1	508
0	910
1	185
1	877
1	24
0	319
0	285
1	467
1	411
1	290
1	255
1	465
1	433
0	699
0	166
1	821
1	475
1	927
0	988
1	273
1	913
0	627
1	210
1	8
1	744
1	503
0	266
1	657
1	888
1	157
1	501
1	986
1	358
1	525
0	213
1	730
1	194
1	405
1	729
0	590
1	311
1	352
1	682
1	373
1	247
1	619
0	487
0	573
1	406
1	576
1	809
1	104
1	80
1	992
1	206
1	320
1	25
1	728
1	533
1	929
1	839
1	187
0	674
1	624
1	742
0	996
0	557
1	652
0	727
1	507
1	173
1	632
1	879
1	751
0	3
1	7
1	654
1	521
1	94
0	191
1	37
1	542
1	851
1	152
1	865
1	177
1	360
1	872
1	111
1	379
0	351
1	811
1	135
1	980
0	795
1	857
1	479
0	955
0	796
1	908
0	334
1	990
1	571
1	69
1	902
1	292
0	432
1	743
0	209
0	773
1	87
1	541
1	418
0	426
1	410
1	979
0	326
1	520
1	14
1	106
1	143
1	388
0	539
1	894
0	51
0	458
1	896
0	359
1	861
1	808
1	117
0	608
0	931
0	960
1	489
1	567
1	519
1	180
0	52
1	369
1	882
0	308
0	868
0	67
0	644
0	738
1	237
1	739
1	961
0	570
1	610
1	563
1	46
0	172
1	907
0	936
0	612
1	211
1	389
1	648
1	316
1	327
1	813
1	15
0	262
1	646
1	820
0	408
0	16
0	893
1	178
1	540
1	554
1	457
1	366
1	925
1	293
1	876
1	354
1	257
1	330
1	234
1	506
1	400
0	509
1	243
0	153
0	560
1	82
1	840
1	446
0	159
0	783
1	72
1	397
1	599
1	553
1	911
1	871
1	532
1	322
1	971
0	291
1	315
1	63
1	846
1	771
1	353
0	834
1	676
1	73
1	59
1	884
1	973
1	658
0	668
1	288
1	272
1	862
1	84
0	696
1	991
0	342
1	665
0	26
1	641
1	531
1	575
1	637
1	453
1	188
1	338
1	875
1	942
1	98
1	601
1	529
1	440
1	323
1	869
1	313
0	628
1	50
0	534
1	450
1	635
1	736
0	254
1	219
1	340
1	684
1	844
1	722
1	49
1	90
1	924
0	985
1	17
0	603
1	878
1	252
1	468
1	633
1	740
1	613
0	278
0	394
1	768
0	76
1	720
1	55
1	253
1	565
1	88
1	678
0	843
1	901
1	905
1	277
0	515
1	10
1	850
1	767
1	214
1	422
0	781
1	258
0	216
1	899
1	328
1	826
1	997
1	715
1	643
1	580
1	798
1	287
1	500
1	485
1	679
0	530
0	926
1	745
0	431
1	885
1	53
1	958
1	702
1	339
1	464
0	225
1	912
1	61
1	300
1	477
0	814
0	149
1	54
1	636
1	994
1	33
0	537
1	473
1	746
1	589
1	481
1	41
1	512
1	412
1	38
1	829
0	298
0	472
0	584
1	423
0	483
1	640
1	609
0	275
1	168
1	261
1	807
1	259
1	32
1	993
1	906
1	940
1	276
0	48
0	982
1	583
1	77
1	296
0	848
1	307
1	124
0	543
1	482
1	735
1	754
1	249
1	685
0	324