1	537
1	44
1	506
1	228
1	951
1	457
1	594
1	12
1	136
1	925
1	863
1	418
1	106
1	377
1	817
1	550
0	923
1	566
1	147
1	564
0	610
0	936
1	153
1	255
1	210
0	414
1	238
0	759
1	963
1	351
0	568
0	439
1	650
1	968
0	258
0	289
1	435
1	90
0	24
1	58
0	526
0	423
0	333
0	178
0	641
0	877
0	768
0	35
1	129
1	854
1	341
1	767
1	696
1	300
0	488
0	448
1	499
1	104
1	4
1	820
0	131
1	549
1	174
1	191
1	893
1	350
1	928
0	856
1	199
1	920
1	645
1	638
0	204
0	539
0	520
1	846
1	316
0	742
0	683
1	157
1	535
1	814
0	845
1	905
0	379
0	616
1	495
0	692
0	741
1	172
1	540
0	633
1	859
1	956
0	946
1	420
1	701
1	679
1	644
1	484
1	319
1	14
0	892
1	801
1	551
1	378
1	279
1	750
1	597
1	55
1	402
1	419
1	849
1	730
1	478
1	604
1	376
1	281
1	831
1	152
1	711
1	133
1	324
1	36
0	733
0	838
0	13
1	740
1	180
1	123
1	323
1	530
1	366
1	910
1	709
1	864
0	492
1	410
1	177
1	112
1	869
1	428
1	852
1	91
1	865
0	269
1	552
1	844
0	243
1	201
1	573
1	358
1	159
1	122
0	959
1	181
1	134
1	166
1	774
1	853
1	230
1	950
1	372
1	882
1	335
1	515
1	602
0	18
1	605
0	82
1	523
1	354
1	250
1	202
0	407
1	621
1	209
1	870
0	445
1	804
1	486
1	868
1	642
1	475
1	727
1	227
1	944
1	507
1	67
0	261
1	971
1	876
1	917
1	306
1	93
1	462
1	102
0	855
0	687
1	916
1	609
1	987
1	646
1	412
0	775
1	198
1	805
1	514
0	695
1	808
1	789
1	986
0	580
1	441
1	218
0	455
0	374
1	226
1	562
1	30
1	973
1	266
1	461
1	673
0	46
1	989
0	6
1	898
0	188
1	109
1	360
1	565
1	915
1	842
1	365
1	698
1	56
1	623
1	903
0	511
0	305
1	952
0	447
0	862
1	819
1	818
1	596
1	241
1	772
0	431
0	481
1	599
0	120
0	581
1	560
1	778
0	554
0	752
1	173
1	794
1	803
1	19
1	482
0	434
1	72
1	381
1	763
1	200
0	53
1	813
1	664
1	726
1	889
1	617
1	957
0	902
1	161
1	196
1	297
0	582
0	417
0	404
1	908
1	340
1	603
0	285
1	301
0	749
1	403
1	315
1	83
1	390
0	953
1	720
1	622
1	477
1	985
1	240
1	64
1	949
0	974
0	885
1	807
1	353
1	92
1	636
0	150
1	570
1	912
1	274
1	812
1	465
1	731
1	700
1	74
1	213
1	85
1	982
1	722
1	734
1	452
1	924
0	453
1	463
1	362
1	26
1	558
1	348
1	843
1	694
1	22
1	918
1	246
1	981
1	669
1	342
1	884
0	705
1	697
0	479
0	830
0	121
1	187
1	23
0	234
1	280
1	99
1	978
0	548
0	536
1	832
1	476
1	139
1	190
1	62
1	904
1	867
0	837
1	962
1	277
1	660
1	349
1	254
0	871
0	796
0	553
1	405
0	415
1	483
1	163
1	929
0	398
1	848
1	138
1	592
1	529
1	897
1	528
1	260
1	7
1	368
1	105
0	860
0	874
1	236
1	934
1	545
0	710
1	857
1	618
0	756
1	433
1	821
1	454
1	672
1	68
1	66
1	436
1	704
1	579
1	714
1	386
0	95
0	107
1	151
1	132
1	3
1	460
1	168
0	473
1	739
1	861
1	524
1	833
1	518
1	728
1	464
1	793
0	927
1	850
1	822
1	926
1	165
1	516
1	237
1	559
1	328
0	612
1	993
0	142
1	50
0	891
1	977
1	391
0	828
1	531
0	997
1	458
0	677
1	909
0	894
1	942
1	385
0	271
1	826
1	572
1	966
1	913
1	449
1	470
0	685
0	468
0	715
1	606
1	345
1	224
1	363
0	688
1	38
1	459
0	723
0	413
1	57
1	586
1	834
1	755
1	667
1	791
0	1
1	54
1	375
1	0
1	162
1	225
1	574
1	773
1	369
1	480
0	648
0	575
1	98
0	334
1	100
1	80
1	113
1	244
0	179
1	493
1	766
1	47
1	972
1	65
1	352
0	467
1	906
1	873
1	718
1	206
1	676
0	661
1	149
0	880
1	408
1	561
0	127
1	400
0	584
1	361
1	955
0	777
1	193
1	649
0	252
1	71
0	890
0	527
1	356
1	221
1	795
1	96
1	446
1	829
1	84
1	886
0	939
1	613
1	600
1	656
0	73
1	724
1	496
1	578
1	505
0	940
0	503
1	278
0	847
0	262
1	858
1	761
1	253
1	264
1	216
1	988
1	487
0	215
0	472
0	137
1	970
1	295
0	517
0	442
0	513
1	708
1	806
0	110
0	680
1	654
0	652
1	308
1	532
1	662
0	631
1	282
1	273
1	996
1	197
1	421
1	577
1	665
1	283
1	627
1	757
1	666
1	251
1	659
1	629
1	743
1	587
1	89
0	809
0	799
1	143
1	930
0	401
1	719
1	42
1	471
1	86
1	192
1	8
1	314
1	620
1	771
1	304
0	544
0	268
1	450
1	48
1	355
1	207
1	167
1	542
1	745
1	960
1	309
1	51
1	748
1	389
1	658
0	969
1	37
1	800
1	967
0	78
1	783
0	522
1	992
0	344
1	976
1	176
0	63
1	2
1	28
1	9
1	170
0	79
1	212
1	510
1	229
1	466
1	785
1	430
0	608
0	931
1	746
0	634
1	497
1	764
0	736
0	851
0	678
1	145
1	21
1	502
1	961
0	626
1	359
1	286
0	887
1	267
1	399
0	160
1	183
1	424
1	747
1	330
1	563
1	911
1	541
1	164
0	380
1	538
1	298
1	512
1	668
0	489
1	835
1	624
1	429
1	387
1	81
1	689
1	684
1	895
1	534
0	296
1	744
0	329
0	699
0	194
1	291
1	426
1	827
0	257
1	729
1	798
1	265
1	758
1	614
1	432
0	474
1	498
1	990
1	171
1	248
1	284
1	653
1	343
1	101
1	217
1	975
1	686
1	491
1	625
0	490
0	639
1	674
1	119
0	144
0	732
0	247
1	630
1	583
1	888
0	33
0	312
1	272
1	103
0	311
1	557
1	712
1	116
1	691
1	494
1	690
0	547
1	914
1	231
1	769
0	770
1	45
1	34
1	392
1	784
1	632
0	716
1	256
1	52
1	406
0	509
1	947
0	703
1	576
1	964
1	588
1	186
0	97
0	60
0	991
1	907
1	214
0	521
1	27
0	11
0	141
1	611
1	675
1	815
1	980
1	901
1	303
1	337
0	40
1	440
1	41
0	751
1	899
1	148
1	866
1	823
1	393
1	155
1	762
1	438
1	706
1	208
1	721
1	941
0	32
0	569
1	239
1	590
0	394
1	879
1	571
1	508
0	935
0	115
1	331
1	158
1	31
1	500
1	881
1	451
0	900
1	786
1	325
1	984
1	519
1	154
1	556
1	94
1	397
1	919
1	117
1	737
0	782
1	346
1	765
1	220
1	655
1	416
1	232
0	607
1	640
1	326
1	245
1	427
1	841
0	126
0	787
0	635
1	637
0	647
1	948
1	292
1	332
1	49
0	878
1	954
1	20
1	211
0	339
1	615
0	651
1	839
1	840
1	69
1	276
1	779
1	17
0	382
1	444
1	595
0	681
1	776
1	299
1	995
0	469
0	792
1	130
0	702
1	175
1	896
1	396
1	223
1	811
1	707
1	293
0	338
1	140
1	290
0	317
0	589
1	567
1	825
0	310
1	994
1	184
1	780
1	872
1	965
1	75
1	195
0	725
1	5
1	111
1	760
1	601
1	320
1	411
1	16
1	124
1	259
1	555
1	713
1	525
0	233
1	294
0	383
1	593
1	169
1	717
1	275
1	943
1	203
0	388
1	182
1	118
0	61
1	983
1	628
0	598
1	693
1	313
0	77
0	25
1	922
1	797
1	219
0	336
1	88
1	70
0	59
1	87
0	754
1	327
0	287
1	302
1	125
1	409
0	875
0	371
1	357
1	263
1	108
1	753
1	938
0	307
1	422
1	671
0	883
0	735
1	543
1	318
1	619
1	322
1	501
1	921
1	29
1	185
1	998
1	242
0	128
1	643
1	546
1	485
1	205
1	249
1	738
0	937
1	790
0	425
1	10
1	370
0	958
1	933
1	235
1	114
0	443
1	932
1	15
0	156
1	945
1	270
0	373
1	39
1	437
1	288
1	979
0	367
1	135
0	321
1	810
1	76
0	663
1	682
1	591
1	816
0	364
1	384
1	781
1	670
1	347
1	189
0	504
1	788
0	585
1	43
1	836
1	657
1	533
1	395
1	456
1	146
0	824
1	222
1	802
0	999