0	853
1	513
1	102
1	474
0	208
0	782
1	484
1	211
1	197
1	485
0	708
1	87
0	751
0	685
1	156
1	882
0	737
0	887
0	686
1	345
1	31
1	167
1	554
1	71
1	408
1	300
1	972
1	813
1	187
1	405
1	681
0	711
0	577
1	934
1	344
0	880
1	366
1	523
0	749
0	694
1	266
1	897
1	33
1	217
1	404
1	971
1	817
1	418
1	562
1	537
0	199
1	30
1	503
1	955
1	293
1	440
1	959
1	292
0	15
0	904
0	307
1	78
0	172
1	196
1	449
1	564
1	759
0	86
1	192
0	328
1	382
1	234
0	417
1	56
1	138
0	986
1	809
1	338
1	911
1	744
1	734
1	132
1	318
1	617
1	250
0	213
1	789
1	618
1	539
1	362
0	940
1	17
1	966
0	819
1	458
1	834
1	785
1	324
1	334
1	59
1	651
0	732
1	832
1	38
1	671
1	731
1	648
1	918
1	315
1	169
0	45
0	699
1	740
1	436
1	81
1	605
1	557
0	430
1	978
1	35
1	119
1	836
1	949
1	956
1	856
1	412
1	454
0	11
0	760
0	596
1	535
1	684
1	301
1	341
1	120
1	236
1	957
0	579
1	202
0	409
1	134
1	923
0	548
1	267
1	118
0	921
1	431
1	635
1	359
0	845
0	390
0	55
0	128
1	558
1	160
1	611
0	560
1	839
1	40
1	511
0	258
1	637
0	948
1	252
1	779
0	283
1	166
1	401
0	603
1	568
0	131
1	241
1	995
1	570
1	927
1	373
0	576
1	39
0	225
1	395
1	146
1	219
0	201
0	512
1	913
1	746
1	108
1	825
1	10
0	49
1	371
1	148
0	698
1	97
1	104
1	426
0	368
1	363
0	615
0	720
1	766
0	968
1	638
1	550
1	233
1	222
0	198
1	389
1	888
1	814
1	967
1	278
1	693
0	630
1	895
1	494
1	712
0	642
0	380
0	420
0	106
1	212
1	423
1	709
1	903
0	268
0	153
1	355
0	378
1	578
1	357
1	129
1	346
1	488
0	584
0	314
1	668
1	614
0	714
1	786
1	479
1	24
0	650
0	130
1	498
1	193
1	391
1	32
0	176
1	556
1	549
1	99
1	870
1	947
1	784
1	869
1	91
1	697
1	656
1	672
0	313
1	194
1	510
1	970
1	75
1	718
1	608
0	950
1	791
1	152
0	60
0	783
1	305
1	115
1	468
1	676
0	68
1	482
1	360
1	979
0	975
1	724
1	879
1	224
1	771
1	667
1	803
0	793
1	85
1	428
0	532
1	952
1	798
1	13
1	256
0	607
1	164
1	311
1	43
1	178
1	28
1	519
0	124
1	644
1	145
0	298
1	943
1	533
0	514
1	398
1	719
1	602
1	465
1	502
1	662
1	908
1	551
0	801
0	117
0	710
0	664
1	2
1	929
1	487
1	133
1	354
0	151
1	195
1	692
1	505
1	226
0	210
0	581
1	330
1	456
1	394
1	526
1	144
0	415
0	329
1	46
0	935
1	987
1	500
0	203
1	114
1	276
0	369
1	703
0	291
1	875
1	19
1	592
1	569
1	961
1	660
1	992
0	859
1	823
1	424
0	626
0	496
0	323
1	52
0	191
1	741
0	634
1	235
1	588
1	434
1	994
0	984
0	126
0	147
1	529
1	866
1	988
1	135
1	438
1	154
1	515
1	66
0	835
1	275
1	400
1	563
1	448
0	893
1	844
1	209
0	429
0	181
1	351
1	477
1	127
1	386
1	239
1	974
1	295
1	687
1	871
0	517
1	761
1	255
1	778
1	547
0	376
1	272
1	220
1	364
1	189
1	149
1	306
1	743
1	867
1	88
1	883
1	748
1	725
1	623
1	818
1	595
1	944
1	143
1	755
1	232
1	340
1	795
0	348
1	915
1	827
1	613
0	231
1	606
1	385
1	335
1	121
1	739
1	931
1	916
1	6
1	735
1	0
0	645
1	643
1	565
1	980
0	666
0	321
0	461
1	384
0	98
1	654
1	481
0	689
1	848
1	21
0	20
1	756
1	728
1	374
1	316
1	842
1	451
1	628
1	945
1	822
1	555
0	296
1	812
1	139
1	12
1	522
1	831
1	150
1	333
1	184
1	54
0	450
1	695
1	747
1	422
0	308
1	286
1	342
0	922
1	83
1	877
0	460
1	973
1	18
1	243
1	775
0	367
0	722
0	309
0	379
0	183
1	954
1	559
1	820
1	94
0	777
1	61
1	343
1	604
0	707
1	678
0	238
1	136
1	589
1	337
1	612
1	797
1	22
1	274
1	277
1	736
1	248
1	64
1	683
1	977
1	765
1	715
1	885
1	347
1	621
1	939
0	100
1	82
0	25
1	805
0	830
1	204
1	763
1	472
1	3
1	941
1	958
1	545
1	528
1	179
1	312
1	762
1	237
0	443
1	969
1	854
1	444
1	901
0	397
1	476
1	889
1	906
1	745
0	991
0	402
0	370
0	44
0	653
1	463
1	265
1	896
1	828
1	624
1	216
1	50
1	200
1	616
1	271
1	571
1	873
1	53
1	912
1	287
1	396
1	640
1	361
0	682
1	892
1	486
1	230
0	884
1	447
1	583
1	322
0	899
1	717
1	353
1	840
1	5
1	926
1	499
1	1
0	631
1	652
0	441
1	900
1	103
1	163
1	8
1	792
1	985
1	406
1	95
1	627
1	174
1	553
1	860
0	663
0	799
0	185
0	594
1	530
1	14
0	807
1	932
1	452
1	112
0	679
1	723
1	750
0	170
1	459
0	658
0	253
1	951
1	742
1	770
1	261
1	690
1	673
1	284
0	767
1	677
0	586
1	352
0	824
0	247
0	140
1	632
1	657
1	244
1	534
1	976
1	599
1	768
1	989
1	733
1	383
1	416
1	936
1	375
1	228
1	29
0	713
1	706
1	928
1	73
1	407
1	544
1	159
1	846
0	317
1	7
1	680
0	780
1	543
1	493
1	419
0	439
0	350
1	754
1	572
1	910
1	585
0	483
1	575
1	242
0	168
1	688
1	573
1	455
1	90
0	633
1	501
0	289
1	263
1	67
1	878
1	4
0	861
0	320
1	850
1	636
1	122
1	937
1	540
1	815
1	726
1	874
1	162
1	705
1	646
1	855
0	738
0	538
1	229
0	141
1	41
1	655
1	79
1	411
1	285
1	886
1	582
0	862
1	158
1	462
0	65
1	516
0	509
1	218
0	863
1	80
1	851
1	816
0	865
0	598
1	701
1	837
1	962
0	601
1	821
1	327
1	290
1	942
0	800
1	917
1	930
0	84
1	70
1	997
0	437
1	764
0	325
1	190
0	647
1	788
1	113
1	34
0	445
0	794
1	125
1	473
1	365
1	339
1	36
1	489
1	894
0	909
1	600
1	47
0	772
1	914
1	597
1	781
1	924
1	691
1	492
1	9
0	902
0	466
1	983
1	326
0	269
1	843
0	356
1	227
0	137
0	116
0	393
1	464
1	123
1	890
1	925
0	591
1	175
0	48
1	669
0	849
1	72
0	282
0	752
1	965
1	525
1	180
1	332
0	413
1	872
1	446
0	670
1	105
1	101
1	841
1	531
1	358
1	520
1	240
0	299
0	457
0	704
1	111
1	881
1	186
1	497
1	421
1	110
1	403
1	442
1	480
1	790
1	907
1	593
1	206
1	806
1	425
1	963
1	826
1	610
1	221
0	998
1	716
1	810
0	432
1	721
1	953
0	37
1	506
0	288
1	469
1	331
1	51
0	518
0	773
1	542
1	109
1	478
1	758
1	964
1	619
1	609
1	215
1	552
1	661
1	580
1	491
1	42
1	639
1	89
0	829
1	280
1	223
1	933
1	297
1	171
1	281
1	561
1	433
1	427
1	214
1	58
0	847
1	625
0	377
0	868
1	414
1	727
0	249
1	381
1	696
1	16
0	304
1	729
1	336
0	157
1	69
1	302
1	960
1	919
1	999
1	938
1	387
1	757
1	93
1	205
0	811
1	319
1	161
1	471
1	524
0	946
1	700
1	804
1	990
0	76
1	264
1	182
1	587
1	23
1	294
1	251
1	392
1	62
1	590
1	876
1	659
1	92
1	490
0	259
1	546
1	996
1	245
1	920
1	675
0	541
0	273
1	774
0	188
0	173
1	399
1	96
1	808
1	177
0	574
0	769
0	207
1	470
1	303
1	270
1	787
1	260
0	475
1	246
1	665
1	453
0	26
1	310
0	372
1	702
0	796
0	852
0	833
1	858
1	27
0	753
1	504
0	165
0	993
0	507
1	641
1	410
0	155
0	508
1	77
0	142
1	674
1	567
0	495
1	349
1	63
1	838
1	527
1	776
1	629
0	521
1	536
1	857
1	620
1	254
1	649
0	467
0	864
0	566
1	435
1	905
1	279
0	622
0	107
1	388
0	74
1	57
1	981
1	802
0	891
1	730
0	262
1	898
1	982
1	257