1	541
0	414
1	128
1	5
1	484
0	875
1	188
1	824
1	244
1	548
1	631
0	630
1	800
0	452
0	766
1	915
1	441
1	321
1	613
1	410
0	88
0	685
0	588
1	242
1	855
1	348
0	755
1	255
1	653
1	901
1	407
1	678
1	192
1	844
1	790
1	874
1	58
1	37
1	408
0	258
1	903
1	846
0	251
1	221
1	434
1	856
1	919
1	996
0	36
1	668
0	483
1	980
1	352
1	738
1	988
1	134
0	350
1	958
0	205
1	719
1	729
1	380
0	959
1	300
0	395
0	342
1	100
0	2
1	444
1	482
1	737
1	17
1	583
1	405
0	889
1	652
1	114
1	186
0	455
1	532
1	728
1	207
0	802
1	627
1	277
1	215
0	648
1	351
1	929
0	418
1	191
1	706
1	353
0	772
0	655
1	987
1	317
1	297
1	327
1	721
1	820
1	907
1	248
0	942
1	420
1	900
1	293
1	268
1	0
0	310
0	196
1	776
1	62
1	409
1	260
1	209
1	968
1	95
1	817
0	521
1	709
1	463
1	87
0	164
1	236
0	199
0	450
0	698
1	607
1	657
1	391
1	608
1	986
1	913
1	232
0	947
1	471
1	813
1	312
0	651
1	515
1	7
1	699
1	747
1	808
1	424
0	339
1	343
1	52
1	867
1	887
1	493
1	567
0	924
1	96
1	952
1	19
0	259
1	274
1	852
1	26
1	938
0	402
1	357
1	984
1	853
0	979
1	803
1	212
1	146
1	718
1	185
1	713
0	926
0	428
1	925
1	602
1	269
0	520
0	644
1	911
1	50
1	918
0	675
1	21
1	162
0	769
1	773
0	821
1	930
1	973
1	81
1	823
1	24
1	29
1	697
0	599
1	845
0	978
1	829
1	569
1	869
1	366
1	261
0	376
1	543
1	642
1	854
1	822
0	592
1	558
1	833
0	20
1	110
0	8
0	757
1	250
1	876
1	838
1	273
1	561
0	320
0	496
1	848
0	299
1	148
1	281
1	883
1	801
1	879
1	912
1	431
1	669
1	371
1	765
1	419
0	910
1	626
1	736
1	393
0	360
1	703
0	674
0	295
1	311
1	701
1	220
1	303
1	977
1	695
1	890
1	895
0	993
1	143
1	355
1	492
1	870
0	61
1	307
1	340
1	985
0	950
0	359
1	235
0	505
1	936
0	972
1	793
1	159
0	708
1	797
1	612
0	60
1	819
0	101
1	206
0	438
0	509
0	292
1	105
1	25
1	818
1	34
1	777
1	687
1	997
1	288
1	624
1	579
0	512
1	153
1	585
0	739
1	323
0	896
0	620
1	679
1	593
1	468
1	478
1	742
1	90
1	275
1	473
1	166
1	578
1	873
0	223
1	764
1	382
1	666
1	749
1	435
1	605
1	48
0	982
0	344
1	502
0	590
1	257
1	384
1	99
1	680
1	417
1	241
1	527
1	581
1	13
1	79
1	266
0	618
1	572
1	908
1	625
1	611
1	882
1	526
1	276
1	814
0	525
1	589
1	211
1	465
1	681
1	75
1	939
1	733
1	491
1	133
0	559
1	239
1	349
0	3
0	190
0	636
1	994
1	480
1	705
1	16
1	172
1	85
1	580
0	494
1	433
0	672
0	850
1	139
1	659
1	744
1	440
1	122
1	953
0	132
1	804
0	796
0	940
1	983
1	748
1	23
0	574
1	641
1	195
1	864
0	914
0	91
1	46
1	881
1	308
1	137
1	551
1	66
1	477
1	504
1	780
1	112
1	374
1	734
0	72
1	961
1	461
1	858
1	899
1	649
1	740
1	717
1	868
1	539
1	265
1	40
1	262
1	960
0	282
1	949
1	553
1	138
1	32
1	176
1	83
0	426
0	909
1	346
1	688
1	891
1	921
1	421
1	415
0	238
0	304
1	843
0	989
1	894
1	165
1	643
0	27
1	427
0	781
1	218
1	135
1	145
0	662
1	449
0	487
1	488
0	967
1	469
0	902
1	42
1	660
1	646
0	927
1	403
1	753
0	400
1	224
1	723
0	108
1	746
1	725
0	922
0	707
1	18
1	102
1	840
1	600
1	670
1	741
1	518
0	594
0	614
0	187
1	318
1	878
1	555
1	770
1	799
0	638
1	791
1	43
1	429
0	364
1	39
1	563
1	335
1	154
1	44
1	954
1	173
1	401
1	41
1	529
0	464
1	82
1	892
0	485
1	519
1	466
1	582
1	332
1	249
1	63
1	656
1	189
1	55
1	981
1	716
0	383
1	616
1	871
1	200
1	816
1	245
1	446
0	945
1	124
0	771
1	931
1	786
1	530
1	694
0	30
0	140
1	214
1	121
1	175
0	634
1	575
0	234
0	197
0	252
1	861
0	828
0	49
1	84
0	851
1	628
0	225
1	213
0	834
0	779
1	289
1	782
1	392
1	839
1	377
1	586
1	131
1	92
0	115
0	506
0	637
1	542
0	240
0	557
1	179
1	830
1	1
1	937
1	691
1	65
1	617
1	120
1	849
1	812
1	219
1	795
1	129
0	552
1	619
1	970
1	56
1	448
1	726
1	247
1	174
1	369
1	976
1	745
1	422
0	768
1	794
1	169
1	202
1	171
0	751
1	387
0	690
1	570
0	877
1	77
1	595
0	752
1	253
1	547
1	798
0	756
0	811
1	623
1	168
0	920
1	560
1	990
0	511
1	316
1	676
1	957
1	622
1	720
1	481
1	872
1	470
1	533
0	404
1	443
1	946
0	181
1	576
1	381
1	363
0	792
1	556
0	338
1	632
1	379
1	956
1	727
1	476
1	863
1	151
1	22
1	597
1	216
1	499
0	256
0	283
1	671
0	73
1	537
1	458
1	759
1	667
1	767
1	243
0	517
1	886
1	467
0	545
1	475
1	486
1	210
1	325
0	222
1	246
0	893
1	784
1	787
0	229
0	354
0	378
1	606
1	554
0	673
1	287
1	356
1	693
1	917
1	127
1	963
0	479
1	454
1	193
0	98
1	610
1	510
1	230
1	654
1	157
1	125
0	432
0	302
1	975
0	501
1	280
0	136
1	754
1	334
1	74
1	80
0	329
1	385
0	778
1	68
1	104
0	396
0	109
1	700
0	298
1	621
0	45
1	437
1	827
0	943
1	715
0	809
0	472
1	301
0	442
1	534
1	923
1	941
0	568
1	306
1	789
0	15
0	522
1	866
1	663
0	836
1	386
0	390
0	161
1	571
1	53
1	905
1	832
0	825
1	326
0	12
1	609
1	587
1	147
0	372
1	365
1	319
1	880
0	462
1	267
1	178
1	180
1	508
0	835
0	948
1	459
1	591
1	272
1	430
0	123
1	217
1	724
1	565
0	158
1	336
0	640
1	966
1	503
1	884
1	315
1	761
1	971
1	955
1	859
1	345
1	362
1	228
1	412
1	928
0	689
1	951
0	375
1	149
1	629
1	566
1	888
0	368
1	436
1	650
1	107
1	156
1	227
1	324
1	399
1	38
1	540
1	665
1	535
0	291
0	126
1	633
1	184
0	341
1	296
1	406
1	460
1	562
1	445
0	661
1	810
0	807
0	397
0	47
1	89
1	702
1	714
1	831
1	969
1	995
1	933
1	546
1	577
1	495
1	28
1	198
0	788
1	696
1	683
0	94
1	847
1	231
1	842
0	203
1	69
1	51
0	152
1	416
1	785
0	331
0	237
1	964
1	598
1	596
1	305
0	837
0	254
0	645
1	367
1	999
1	934
1	423
0	279
0	906
1	31
0	388
1	71
0	497
0	904
0	70
1	762
1	507
1	584
1	439
0	536
1	264
1	163
0	603
1	290
1	974
1	9
1	67
1	411
1	313
1	398
0	328
0	857
1	103
1	54
1	750
1	898
1	758
0	4
1	447
0	33
1	425
0	604
1	294
0	194
1	763
1	116
1	451
1	204
1	285
1	965
1	453
1	544
1	59
1	130
1	111
1	531
1	730
1	457
1	538
1	35
1	118
1	682
1	160
1	141
0	270
1	760
1	647
0	664
1	500
1	93
1	57
1	528
1	731
1	64
1	413
1	550
1	106
1	998
1	885
1	523
0	841
1	865
1	712
1	944
1	373
1	284
1	10
0	514
1	564
1	704
0	361
0	330
1	144
1	862
0	14
1	155
1	322
1	170
1	278
0	394
0	549
1	516
0	6
0	271
1	347
1	710
1	182
0	711
1	774
1	358
1	775
0	897
1	86
1	370
1	991
1	177
1	183
0	233
1	337
0	167
0	119
1	805
1	806
1	692
1	860
0	489
0	113
1	389
0	78
1	490
1	263
1	333
1	498
1	97
1	962
1	635
1	743
0	783
0	11
1	513
1	732
0	117
0	309
0	601
1	658
0	815
0	474
1	992
1	686
0	150
0	208
1	722
1	314
1	201
1	916
1	932
1	286
1	615
1	684
1	935
1	677
1	735
1	226
1	142
0	524
1	639
1	573
1	826
0	456
1	76