0	950
1	209
1	35
0	472
1	665
1	878
1	982
1	841
1	885
1	349
1	748
1	995
1	772
0	399
0	115
1	945
1	953
1	39
0	248
0	779
1	505
0	55
1	276
1	200
0	956
1	332
1	444
0	443
1	458
1	909
0	291
1	193
1	864
0	846
0	135
1	934
1	738
0	921
0	890
1	792
1	68
1	842
1	386
1	540
1	629
1	33
0	777
1	437
1	126
1	601
1	340
1	455
1	657
0	352
1	869
1	250
1	426
1	382
1	105
0	479
1	808
1	423
1	656
1	986
1	52
1	709
1	704
0	694
1	747
1	157
1	624
1	387
1	368
1	469
0	702
1	25
1	958
1	214
1	295
1	741
1	225
1	811
1	769
1	486
0	82
1	339
1	845
1	17
1	263
1	746
1	389
1	523
0	503
0	588
1	689
0	652
0	23
1	353
1	274
0	920
1	970
1	439
1	155
1	752
1	42
1	899
1	323
1	12
0	542
1	217
0	725
1	812
1	908
1	535
0	557
0	615
1	602
1	480
0	203
1	303
1	85
1	833
1	680
1	786
1	195
1	151
0	237
1	517
1	622
0	288
1	514
1	594
1	879
1	176
1	619
1	533
1	298
1	613
1	875
0	681
0	277
1	18
0	132
1	724
1	776
1	530
1	114
1	897
1	814
1	612
1	231
0	987
1	118
1	495
0	380
0	664
0	113
1	494
0	609
1	106
0	216
0	422
1	379
1	315
1	683
1	844
0	607
1	246
1	136
0	123
1	862
0	377
1	240
0	957
0	980
1	376
1	484
0	45
0	146
1	481
1	904
1	302
0	11
1	278
1	525
1	579
0	717
1	996
0	744
0	305
1	571
1	117
1	350
0	466
1	4
1	188
1	26
0	482
1	502
0	329
1	180
1	798
0	1
0	764
0	130
0	463
0	728
0	143
0	541
1	43
1	696
1	223
0	638
1	765
1	15
1	336
1	616
1	64
1	448
1	936
1	670
1	804
1	865
0	604
1	716
1	252
0	128
1	416
1	827
1	238
1	750
0	296
1	825
1	797
0	930
1	199
1	358
1	918
0	342
1	433
0	606
0	167
0	243
1	687
1	427
1	660
1	418
1	898
1	208
1	108
0	531
1	65
0	621
1	449
1	637
1	80
0	688
0	586
1	949
0	235
1	317
1	244
1	556
1	412
1	347
1	585
0	560
1	545
1	234
1	821
0	465
0	6
1	796
1	267
0	124
0	837
1	548
1	819
1	822
1	134
0	641
1	475
1	902
0	552
1	144
1	485
1	19
1	177
1	194
1	381
1	766
0	0
0	534
0	290
1	917
0	834
0	70
1	284
1	441
1	127
0	470
1	103
0	363
0	107
0	672
0	801
0	863
1	490
1	976
0	809
1	2
1	737
1	553
1	509
0	73
1	270
1	645
0	595
1	919
0	219
1	882
1	210
1	161
1	401
0	428
1	375
1	452
1	763
0	262
1	175
1	150
0	212
1	675
1	451
0	816
1	620
1	366
1	206
1	673
1	407
0	795
1	374
1	940
0	857
1	663
0	773
1	9
0	88
0	110
1	204
1	46
1	522
0	676
1	790
1	583
1	771
1	90
1	974
1	307
1	803
1	314
1	488
1	966
1	383
1	843
1	269
0	539
1	924
1	364
1	453
1	536
1	701
1	511
1	388
1	593
0	34
0	580
0	191
1	37
1	805
1	275
1	159
1	699
0	254
0	145
1	946
0	562
1	410
1	937
1	404
1	273
1	654
1	528
1	461
1	492
0	639
1	442
1	249
1	30
1	929
0	283
1	415
1	653
1	806
0	162
0	713
1	36
1	547
1	181
1	516
0	712
0	476
1	667
1	53
1	633
1	170
1	51
1	565
0	421
0	8
1	59
1	362
1	574
1	515
1	96
1	734
1	264
1	440
0	650
0	190
0	60
1	168
1	257
1	230
1	618
0	242
0	228
1	179
1	564
1	384
1	414
1	287
1	438
1	313
1	61
1	47
1	761
0	445
1	279
1	299
0	783
0	165
1	395
1	543
1	373
1	666
1	614
1	171
1	186
1	961
1	851
0	923
1	644
1	71
1	450
1	703
1	649
1	895
1	436
1	723
0	563
1	337
1	735
0	245
1	860
1	76
1	160
0	647
0	692
1	506
1	372
0	93
0	990
0	109
1	732
1	850
1	839
1	931
0	832
1	999
0	757
1	698
1	626
1	310
0	710
1	989
1	328
0	258
0	266
1	972
1	993
1	133
1	424
1	932
1	907
1	343
1	319
1	646
1	634
1	57
1	79
1	655
1	598
1	112
0	97
1	997
1	605
0	599
1	978
1	551
1	954
1	597
1	906
0	964
1	903
1	499
1	432
1	78
1	265
1	861
1	354
1	983
1	518
1	417
1	760
1	733
0	520
1	102
1	524
1	817
1	63
1	981
0	335
1	608
1	838
1	708
1	163
1	720
1	858
1	327
1	894
0	625
1	632
1	691
1	22
1	16
1	685
0	271
1	67
1	74
1	256
0	870
0	527
1	549
0	91
1	38
1	714
1	658
1	467
1	538
1	253
1	56
1	405
1	98
1	129
1	344
1	952
0	259
1	434
0	189
1	793
1	316
0	187
0	468
0	293
0	236
1	627
1	749
1	729
0	392
1	868
0	900
0	94
1	125
0	49
1	529
1	706
1	477
1	582
1	508
0	166
1	111
1	927
1	635
1	753
1	232
0	759
1	326
1	268
0	198
1	856
0	77
0	880
1	955
0	357
0	154
1	544
1	928
1	700
1	785
1	29
1	355
1	800
1	648
0	81
1	367
1	554
0	630
1	457
0	695
1	406
1	156
1	823
0	104
0	400
0	815
1	555
1	489
0	933
1	122
1	969
0	939
0	916
0	592
1	218
0	27
1	745
1	935
0	120
0	429
1	207
1	944
1	941
1	727
1	10
1	153
1	994
1	184
0	40
1	431
0	460
1	346
1	711
1	221
0	715
1	227
1	370
1	778
1	784
0	390
0	304
1	402
1	881
1	938
0	697
1	991
1	501
1	497
1	569
1	731
0	142
1	573
0	849
1	99
0	408
1	623
1	21
1	799
1	413
1	324
1	576
0	762
1	359
0	767
0	348
1	888
0	774
1	58
1	768
1	603
0	282
0	173
1	174
0	192
1	965
1	178
1	847
1	330
1	831
1	830
1	50
0	677
1	409
0	512
1	705
1	371
1	873
1	718
1	770
1	884
0	462
0	7
1	521
0	707
1	887
1	824
1	338
1	394
1	224
1	859
1	854
1	281
1	397
0	333
0	101
1	992
1	668
0	3
1	41
1	202
1	871
1	892
1	802
1	491
1	872
0	169
1	852
1	568
1	756
1	662
1	62
1	755
1	730
1	835
1	474
1	587
1	493
1	292
1	148
1	775
1	686
1	308
1	911
1	915
1	301
0	86
0	782
1	378
1	507
1	147
0	403
1	659
1	901
0	345
1	977
1	454
1	141
0	158
1	92
0	948
1	682
1	836
1	360
1	320
1	285
1	496
1	239
1	241
1	985
1	420
1	951
1	471
1	721
1	430
0	131
1	325
1	272
1	611
0	589
1	886
1	149
1	926
1	393
1	781
0	591
1	498
1	546
1	913
1	44
1	572
1	261
1	617
0	116
0	896
1	478
0	866
0	197
1	32
1	975
1	425
1	578
1	95
1	943
1	883
1	575
1	893
1	960
1	610
0	72
0	532
1	581
1	719
1	251
1	742
0	828
1	297
1	914
0	643
0	75
0	855
1	959
1	48
1	922
1	140
1	984
0	829
1	182
1	513
1	853
1	321
1	447
1	334
1	968
1	84
1	164
1	570
1	54
0	456
1	398
1	459
1	826
1	312
0	840
1	736
0	669
0	988
1	807
0	577
1	500
0	979
0	183
1	818
0	28
1	24
1	967
1	636
0	942
1	743
1	889
0	351
0	369
1	877
1	794
1	137
1	813
1	905
0	671
1	962
0	848
1	674
1	66
0	820
1	566
1	89
1	306
0	690
0	661
0	286
1	201
1	435
0	226
1	331
0	787
0	222
1	14
0	119
1	559
1	464
0	220
1	311
1	229
1	651
1	300
1	361
1	356
1	640
1	185
1	561
1	391
1	504
1	973
1	596
1	558
0	684
0	365
0	874
1	912
1	780
1	172
0	584
1	446
0	483
1	100
0	31
1	679
1	971
1	487
1	510
1	739
1	891
1	152
0	910
1	791
1	247
1	205
1	294
0	13
1	289
1	83
1	138
1	678
1	758
1	322
0	751
1	139
1	567
1	526
1	631
0	396
0	693
0	260
1	215
1	121
1	789
1	550
0	196
0	998
1	233
0	341
1	5
1	788
1	69
1	537
1	519
1	87
0	722
0	628
1	419
1	810
1	20
0	963
1	947
1	740
0	642
1	318
0	754
1	255
0	473
1	280
0	600
0	385
1	213
1	411
1	726
1	590
1	211
1	876
0	309
1	867
1	925