1	173
1	453
1	447
1	933
1	306
1	960
0	546
1	457
1	946
1	262
1	201
1	671
1	722
1	925
1	80
0	800
0	872
1	197
1	157
1	940
0	443
1	456
1	735
1	402
0	403
0	674
1	328
1	777
1	977
1	198
1	506
0	650
1	713
1	104
1	958
0	463
1	525
0	796
1	844
0	843
1	552
0	78
0	257
1	448
0	715
0	233
0	825
1	496
1	292
1	836
0	808
0	462
0	526
1	311
1	103
1	954
1	690
0	44
1	617
1	451
1	710
0	62
1	914
1	918
1	667
0	127
1	305
1	698
1	587
1	681
1	637
1	266
1	94
1	288
1	746
1	757
1	908
1	717
1	51
1	273
0	751
1	452
0	245
1	953
1	25
1	610
1	353
0	707
0	553
1	633
1	516
0	136
0	859
1	503
1	408
1	624
1	596
1	976
1	795
1	891
1	636
1	1
1	479
1	278
1	775
1	304
0	783
1	358
0	286
0	293
1	144
1	30
1	54
1	433
1	89
1	345
1	61
1	832
1	12
1	139
0	269
1	236
0	228
1	190
0	371
1	900
1	792
1	767
1	538
1	771
1	373
1	502
1	400
1	598
0	355
1	980
1	602
1	866
0	432
1	220
0	745
1	768
1	231
0	235
1	162
1	168
0	599
1	57
1	368
1	469
0	991
1	118
0	423
0	497
1	678
0	151
1	141
1	793
1	375
0	210
1	492
1	781
0	899
1	290
1	693
0	828
0	574
1	441
1	708
1	736
1	340
1	962
1	578
1	110
1	49
0	135
1	18
0	970
1	870
1	372
1	489
0	308
0	712
1	115
1	401
1	309
1	911
0	142
1	565
1	765
1	738
0	927
1	4
0	399
1	238
1	325
1	318
1	482
1	84
1	645
1	56
0	743
1	360
1	234
1	227
1	440
1	11
0	564
0	364
1	942
0	2
1	449
0	694
0	643
1	818
1	948
0	536
0	499
1	421
1	335
1	437
1	686
1	989
1	680
1	387
0	558
1	733
1	303
0	814
1	393
0	779
1	150
0	916
1	816
1	411
1	177
1	755
1	193
0	849
0	557
1	495
1	789
1	5
1	129
1	211
1	202
1	389
1	858
1	69
1	446
1	512
0	461
0	608
1	701
1	310
0	182
1	747
1	803
1	147
1	160
1	813
1	43
1	186
0	468
1	541
1	208
1	570
1	90
0	621
1	513
1	982
0	419
1	902
1	24
0	321
1	852
0	664
0	380
1	79
1	629
1	839
1	580
1	384
0	477
0	291
1	475
1	524
1	535
1	126
1	648
0	687
0	239
1	606
1	386
1	315
1	317
1	406
0	194
1	568
1	415
0	912
1	114
0	975
1	826
1	576
1	0
0	875
1	34
1	445
1	995
1	169
0	819
0	140
1	545
0	616
1	764
1	203
1	174
1	662
1	339
1	890
1	861
1	716
1	551
0	731
1	185
0	119
1	159
1	744
1	582
0	993
0	376
0	723
1	590
0	45
0	221
1	642
1	887
1	205
1	454
1	739
1	969
1	284
1	724
0	978
1	338
1	921
1	572
1	668
1	842
0	439
1	609
1	349
0	16
1	409
1	398
1	417
0	132
1	134
1	823
1	837
0	85
1	13
1	427
1	216
0	379
1	196
1	846
0	263
1	663
1	222
0	487
1	807
1	39
0	404
1	956
1	809
1	884
1	941
1	903
0	885
1	455
0	474
0	21
0	657
1	727
1	199
1	431
0	869
1	478
1	699
1	704
1	280
1	442
1	559
1	877
1	212
1	352
1	247
0	3
1	253
1	161
1	491
1	998
1	961
1	972
0	330
1	579
1	226
1	29
1	27
1	285
1	702
1	163
0	243
1	460
1	52
1	806
0	490
1	660
1	996
1	68
1	223
1	327
1	514
1	77
0	20
0	192
0	466
0	83
1	405
1	655
1	81
1	737
0	591
1	55
1	47
0	691
1	397
1	833
1	36
1	851
1	588
0	897
1	770
1	728
1	718
1	919
1	508
0	224
1	117
1	853
1	874
0	181
1	581
1	593
1	281
1	225
1	571
1	632
1	154
1	200
1	240
1	166
1	748
0	279
1	856
1	390
1	797
1	509
0	799
1	138
1	913
1	331
0	638
0	153
0	929
1	63
0	871
1	133
1	811
1	729
1	108
1	149
1	260
1	873
0	510
0	341
1	156
1	342
0	838
1	351
1	661
1	10
1	888
1	864
1	515
0	64
1	254
1	255
1	556
1	125
1	248
1	951
1	683
1	507
1	647
1	652
1	430
1	214
1	171
1	878
1	968
1	287
0	585
0	494
1	366
1	936
0	73
1	365
1	244
0	86
1	458
1	450
1	966
0	424
0	719
1	488
0	511
1	597
0	347
1	130
1	973
1	209
1	706
1	805
1	283
1	896
1	603
1	959
1	676
0	577
1	815
0	822
1	435
1	986
1	294
1	909
0	382
1	555
1	148
1	641
1	312
1	420
1	249
1	915
1	883
0	109
1	917
0	413
1	334
1	252
1	53
0	232
1	623
1	175
0	107
1	981
1	505
0	520
1	370
0	688
1	326
1	700
1	619
1	8
1	276
1	529
0	356
0	332
1	785
1	302
1	711
1	644
1	695
1	534
1	96
0	889
0	298
1	788
1	790
1	267
0	521
0	709
1	102
1	42
1	26
1	561
1	22
0	931
1	937
0	895
0	879
1	979
1	600
1	350
1	863
1	625
0	172
1	827
1	164
1	530
1	769
1	984
1	251
1	123
1	113
1	810
0	997
1	924
1	730
1	91
0	548
1	95
1	886
0	705
0	250
0	862
0	659
1	98
1	703
0	82
1	949
0	584
1	434
0	780
1	725
1	881
0	259
1	589
0	820
1	195
1	471
1	835
1	666
1	615
0	614
0	444
1	938
1	483
1	761
0	465
1	635
0	40
1	720
1	994
1	75
1	19
0	528
1	904
1	750
1	416
1	963
1	343
1	947
0	734
1	407
0	604
0	812
1	242
0	760
0	518
1	459
1	184
1	155
1	15
1	152
1	845
0	498
0	105
1	985
0	394
1	566
0	217
0	361
1	333
0	100
1	613
1	320
1	773
1	675
0	167
1	412
1	965
1	726
1	594
0	910
1	639
1	907
1	798
1	840
0	759
1	464
1	324
1	665
1	928
1	772
0	550
0	628
1	653
0	258
1	425
1	620
0	926
0	32
1	124
1	237
1	824
0	848
1	426
1	605
1	612
1	383
1	868
0	337
1	485
1	145
1	778
1	329
0	204
1	892
1	791
1	595
1	987
1	272
1	472
0	396
1	763
1	112
1	385
1	766
1	689
1	14
1	651
1	517
1	906
1	72
1	583
1	943
0	381
1	850
1	277
0	782
1	752
1	543
1	256
1	50
0	787
1	241
0	314
1	158
1	313
1	296
1	481
0	753
1	170
1	930
1	692
1	786
1	436
1	857
1	955
1	354
0	654
0	611
1	146
0	60
1	111
1	540
0	121
1	391
0	762
1	631
0	165
1	669
0	316
1	630
1	533
1	563
1	882
1	271
1	500
1	673
0	682
1	539
1	670
1	876
1	893
1	116
1	392
1	187
0	66
0	429
1	74
1	898
1	696
1	493
0	684
1	974
1	336
1	362
1	131
1	37
0	299
0	422
1	120
1	607
1	189
1	282
1	880
1	756
1	206
1	295
1	817
1	410
1	261
1	438
1	359
1	395
0	905
1	821
0	484
1	219
0	33
1	58
0	188
0	106
0	323
0	697
1	48
1	656
0	322
1	714
1	804
1	35
1	830
1	101
0	721
1	300
1	180
1	658
1	990
1	894
1	363
1	218
1	754
0	28
0	854
1	183
0	41
1	952
1	531
1	922
1	207
0	38
1	319
1	344
1	672
1	573
0	71
1	957
0	128
1	988
1	374
1	831
1	855
1	31
1	932
0	560
1	388
1	176
1	627
1	640
1	377
1	801
1	834
0	367
1	301
0	137
1	532
1	297
1	618
1	527
1	784
0	867
1	983
0	87
1	346
1	519
1	575
1	939
1	649
1	740
1	860
0	414
1	601
1	967
1	97
1	70
0	99
1	9
1	418
1	122
0	794
1	999
0	88
1	567
0	950
1	971
1	522
1	65
1	480
1	547
0	265
0	357
1	920
1	92
0	59
1	289
0	741
0	274
0	179
1	569
0	307
1	7
0	246
1	378
1	275
1	622
0	554
1	264
1	935
1	23
1	901
1	178
1	17
0	46
1	742
0	562
1	945
1	76
1	802
1	229
1	486
1	992
1	542
0	191
1	268
1	829
1	143
1	467
1	776
1	732
0	501
0	923
1	685
1	369
1	544
1	6
1	749
1	230
1	964
1	944
0	523
1	646
1	213
1	473
1	677
1	865
1	592
1	634
0	476
1	215
1	847
0	549
1	934
1	586
1	428
1	67
1	841
1	679
1	758
1	504
1	348
1	774
0	470
1	270
1	626
1	93
1	537