1	993
1	655
1	44
1	768
1	890
1	285
1	976
1	847
1	714
1	85
1	319
1	219
0	912
1	93
1	474
0	654
1	514
1	172
1	693
1	207
1	983
1	644
1	805
0	629
0	991
1	915
0	218
1	712
1	822
1	519
1	522
1	819
0	733
1	909
1	2
0	923
1	897
1	331
1	592
1	447
1	234
1	249
1	689
1	865
0	601
1	113
0	807
1	407
0	754
1	971
0	593
1	755
1	419
1	651
1	87
1	149
1	177
1	105
1	648
1	96
1	194
1	747
0	510
0	580
1	926
1	66
1	677
1	670
1	885
1	148
0	899
1	772
0	325
1	600
0	690
0	273
1	577
0	413
1	368
1	853
1	846
0	941
0	663
0	796
1	338
0	183
1	39
1	844
1	473
1	263
0	944
1	575
0	649
1	237
1	618
1	95
1	642
1	526
1	17
1	800
1	19
1	442
1	97
0	843
0	537
1	415
1	451
0	498
1	91
1	373
0	35
1	801
1	657
1	771
0	494
0	706
0	505
0	672
0	674
0	7
1	525
1	297
1	50
0	507
0	109
1	288
1	247
0	751
1	308
0	720
1	763
1	956
1	385
0	349
1	471
1	871
1	423
1	717
0	881
0	594
1	287
1	861
1	424
1	675
1	791
0	324
1	748
0	291
1	58
1	427
0	356
1	922
1	784
1	987
1	256
1	309
1	979
0	333
0	704
1	527
1	608
1	682
1	290
0	318
1	603
1	298
0	158
1	282
0	797
1	964
1	954
0	757
1	280
1	67
1	77
1	226
0	195
1	491
1	120
1	388
1	321
1	89
0	738
1	631
1	854
0	243
0	664
1	169
1	179
1	390
1	37
1	103
0	905
1	613
0	82
1	16
1	486
1	171
1	3
1	175
1	47
0	790
1	835
1	521
0	879
1	530
1	38
0	904
1	821
1	360
1	370
1	559
1	777
1	958
1	440
1	830
1	614
1	140
0	794
1	240
1	300
1	666
1	563
0	596
1	162
1	868
1	272
0	284
1	143
1	155
1	925
1	813
0	362
1	818
1	504
0	636
0	676
1	133
1	972
1	129
1	756
1	63
1	112
1	429
1	436
1	997
1	354
0	450
1	918
0	482
1	416
1	6
1	524
0	767
1	588
0	656
0	444
0	200
0	538
1	990
1	163
1	98
0	940
1	312
1	812
1	159
1	245
1	891
1	355
0	463
1	292
0	123
1	269
1	57
1	363
1	723
1	135
0	56
1	408
1	724
1	820
1	679
1	151
1	939
1	750
1	728
0	582
0	353
1	157
1	141
1	453
1	462
0	708
1	10
0	409
0	827
1	742
1	267
1	49
1	994
1	607
1	33
1	203
1	476
1	739
1	29
1	466
0	977
1	80
1	583
0	889
1	744
0	851
0	448
1	31
1	446
1	387
0	856
0	996
1	556
0	534
0	873
0	260
0	208
0	264
1	164
0	692
1	894
0	933
0	187
1	598
1	160
1	619
1	641
0	888
1	24
1	27
1	499
1	78
1	434
1	475
0	366
1	973
1	252
1	403
1	545
1	752
0	626
1	235
1	239
1	515
0	775
1	70
0	313
0	508
1	643
1	212
1	858
1	391
1	729
1	250
0	893
1	718
1	702
1	544
1	781
1	79
1	874
1	257
1	389
0	870
0	220
0	749
1	11
1	883
1	213
0	780
1	246
0	457
1	268
0	289
1	125
0	304
0	59
1	41
0	330
1	766
1	546
1	166
1	710
0	472
1	623
1	223
1	174
0	951
1	900
1	376
0	950
1	660
0	931
0	253
1	367
0	329
1	533
0	231
1	127
1	72
1	101
1	634
0	735
1	397
1	815
1	715
0	916
1	560
0	960
1	550
1	437
0	982
1	488
1	572
1	464
1	542
1	578
1	75
1	624
1	810
1	945
1	716
0	293
1	283
0	314
1	170
0	4
1	197
1	936
1	773
0	439
1	859
0	84
1	914
0	668
0	337
1	421
0	201
1	371
1	946
0	808
1	190
1	658
1	557
1	107
1	661
1	196
1	878
1	787
1	662
1	497
0	86
1	128
0	490
1	942
1	375
1	392
1	880
0	460
1	32
0	346
0	216
0	703
0	501
0	294
0	492
1	639
0	536
1	841
1	776
0	646
0	296
1	428
0	938
1	115
0	40
1	745
1	481
1	277
1	561
1	8
1	928
0	632
0	422
1	737
1	778
0	210
1	547
0	695
0	484
1	568
0	863
1	377
1	420
1	571
1	834
0	584
1	335
1	541
0	432
1	640
1	570
1	185
1	352
1	301
1	156
1	286
1	783
1	535
1	26
1	88
1	599
1	435
0	345
1	959
1	590
1	567
1	361
0	953
0	198
1	206
1	348
0	225
1	867
1	54
1	688
1	316
1	188
1	788
1	399
0	555
1	402
0	877
0	228
1	372
1	411
0	625
1	961
1	217
1	516
1	969
1	165
1	461
1	934
1	793
1	685
0	307
0	989
1	116
1	995
1	806
0	707
1	565
0	699
1	30
1	42
1	152
1	139
1	74
1	948
1	209
1	192
0	811
0	145
0	509
1	126
1	967
1	271
1	929
1	261
0	328
1	957
1	540
1	303
1	573
1	532
1	13
0	866
1	553
1	549
1	68
0	455
1	242
0	167
1	224
1	907
0	480
1	341
1	270
1	425
1	20
1	850
1	761
1	816
1	64
1	336
1	520
0	935
1	680
1	586
1	254
1	233
1	394
1	215
1	458
1	146
0	173
0	144
1	814
0	965
1	864
1	36
1	401
1	134
0	759
1	443
1	892
0	279
0	974
1	671
1	396
1	369
0	43
1	860
1	211
0	774
1	782
1	709
1	258
1	69
0	106
1	678
1	943
1	477
1	999
0	589
1	684
0	147
0	379
1	62
1	18
1	902
1	630
1	25
1	479
1	882
0	153
0	495
1	410
1	266
0	622
1	122
1	55
1	635
0	48
1	558
1	686
0	606
0	119
1	824
1	131
1	365
0	612
1	150
1	449
1	418
1	697
1	343
0	985
1	251
0	652
0	927
1	531
1	576
1	452
1	406
1	459
1	393
1	980
1	779
0	809
1	837
1	202
1	947
1	65
0	236
1	621
1	204
1	137
1	433
0	205
1	673
1	817
1	963
0	441
1	404
1	562
1	665
1	92
0	299
1	543
1	903
1	804
1	229
1	667
1	83
1	875
1	886
0	604
0	669
1	302
1	746
1	342
0	73
1	142
1	962
0	975
1	278
0	574
0	726
1	154
1	968
1	789
0	701
0	523
1	896
0	511
1	981
0	732
1	386
1	414
1	53
1	966
0	493
1	597
1	898
1	315
1	230
0	468
1	924
1	691
1	518
0	517
1	61
1	645
0	34
0	274
1	199
0	698
0	984
1	111
0	344
1	496
1	400
1	310
0	551
0	108
1	901
0	700
1	132
1	138
1	721
1	743
0	825
1	395
1	182
1	992
1	569
0	727
1	255
1	176
0	51
0	100
1	836
1	384
1	539
0	14
1	798
1	869
1	398
1	214
1	823
1	189
1	241
1	908
0	930
1	638
0	45
1	502
0	332
0	405
0	347
1	611
1	659
1	683
1	617
1	785
1	770
0	248
1	832
1	760
0	786
1	587
1	952
1	339
1	887
1	265
1	110
1	317
1	0
0	454
1	118
0	306
1	503
1	937
1	104
0	426
1	500
1	566
1	838
1	469
1	725
1	653
0	829
1	687
0	259
1	876
1	12
1	845
1	374
1	222
1	730
1	114
1	753
1	357
1	71
1	627
1	910
1	949
0	9
1	694
1	595
0	736
1	381
1	895
1	136
1	94
1	90
1	485
0	628
0	180
0	585
1	191
1	826
1	932
1	467
1	52
1	647
1	802
1	609
0	529
1	978
1	633
1	920
1	430
1	383
1	130
1	275
1	322
1	513
1	734
1	244
1	102
1	842
1	281
1	334
1	857
1	872
1	46
1	311
1	919
0	884
1	350
1	610
1	22
0	855
1	295
1	986
1	762
1	81
1	99
1	117
1	831
1	792
0	456
1	5
1	276
1	548
1	620
1	681
0	412
1	911
1	713
1	764
1	758
1	852
1	552
0	184
1	795
1	23
1	719
1	913
1	731
1	591
1	327
1	616
1	181
0	417
1	955
0	186
1	221
1	696
1	605
1	998
1	470
1	602
0	650
1	445
1	769
1	970
1	917
1	193
0	326
1	378
1	506
0	358
1	848
1	305
0	489
1	232
1	828
1	380
0	340
1	579
0	862
1	615
1	921
1	28
1	351
1	438
1	323
1	849
0	431
1	161
1	741
1	227
1	483
1	15
1	168
1	320
0	705
1	1
1	359
1	382
1	60
1	76
1	765
1	833
1	740
1	988
1	799
1	364
1	554
0	581
1	21
1	711
1	637
1	124
1	121
1	512
0	178
1	803
0	906
1	839
1	528
1	722
0	487
0	238
1	564
1	262
1	465
0	478
0	840