1	768
1	311
1	371
1	171
1	560
1	703
1	22
1	520
0	773
1	857
1	398
1	120
0	758
1	452
1	461
1	994
1	581
1	933
1	518
1	14
1	52
1	822
1	350
0	225
1	698
1	108
1	781
1	88
1	38
0	798
1	146
1	823
0	53
1	125
1	844
0	712
1	727
1	152
1	697
1	414
0	467
1	660
1	274
0	739
1	74
1	842
1	824
0	282
1	139
0	596
1	618
1	651
1	926
1	882
1	156
1	138
0	648
0	898
1	755
1	439
0	45
1	453
1	216
1	638
1	28
1	39
1	512
1	946
0	728
1	79
1	378
1	622
1	591
1	406
1	91
1	789
1	747
0	280
1	644
1	4
1	351
1	436
1	316
1	516
1	954
1	779
1	931
1	2
1	285
1	764
1	877
1	964
1	437
1	827
1	956
1	733
1	415
0	299
1	714
1	947
1	935
1	523
1	766
1	533
0	587
1	561
1	418
1	794
1	856
0	382
1	506
1	130
1	925
1	154
1	589
1	269
1	343
1	723
0	289
1	556
1	813
1	419
1	455
0	816
1	133
1	509
1	189
1	82
0	629
1	137
0	763
0	365
1	505
1	753
0	686
0	215
1	479
1	709
1	937
1	829
1	508
1	909
0	305
1	978
0	183
0	944
1	945
1	462
1	107
1	494
0	13
0	889
1	448
1	54
1	683
1	277
0	864
0	200
1	460
1	92
0	924
0	874
1	392
0	132
1	729
0	690
1	901
0	193
0	810
1	605
0	341
1	887
1	431
1	958
1	203
1	722
1	73
1	153
1	123
1	804
1	526
1	868
1	24
0	577
1	564
1	791
1	969
0	535
1	160
1	748
1	473
1	194
0	242
0	759
0	678
0	126
1	740
1	440
1	910
0	640
0	588
1	499
1	192
1	42
0	757
0	23
1	110
1	830
1	300
0	619
1	41
1	472
1	814
1	567
1	812
1	879
1	349
1	770
0	416
1	447
1	35
1	681
1	903
1	263
1	167
1	927
1	394
1	504
1	815
1	643
1	788
1	124
0	342
1	921
1	332
0	571
0	694
1	820
0	283
1	510
1	558
1	478
1	953
1	155
1	218
0	361
1	870
1	584
1	135
1	102
1	735
1	762
1	646
1	850
1	613
1	918
1	934
1	672
1	522
1	114
1	659
0	198
1	878
1	50
1	661
0	161
1	250
1	890
1	168
1	264
1	630
1	66
1	669
1	938
0	334
0	750
1	288
1	797
1	609
1	625
1	929
1	97
1	458
1	134
1	858
1	251
1	314
1	83
1	860
1	111
1	852
1	702
0	253
1	783
1	329
1	835
1	539
1	673
1	962
0	201
0	834
0	952
0	268
0	292
1	81
1	742
1	127
1	570
0	825
0	652
1	667
0	665
1	811
1	928
1	656
1	984
1	279
0	515
1	610
0	631
1	960
0	417
1	521
1	454
1	513
1	150
1	297
1	915
1	831
1	807
1	426
0	999
0	503
0	573
1	943
1	701
0	718
1	716
1	806
0	538
1	785
0	607
1	845
1	623
1	396
0	85
1	861
1	354
1	612
1	546
1	43
1	495
0	761
1	469
1	544
1	547
1	19
1	621
1	385
1	368
1	105
1	278
1	308
0	837
1	56
1	970
1	726
0	848
1	320
1	441
1	27
1	873
1	481
1	664
1	649
1	248
1	234
1	615
1	465
1	983
0	863
1	344
1	497
1	207
1	46
1	143
1	553
0	911
1	446
1	600
0	760
1	319
1	180
1	908
1	738
0	666
1	590
1	463
1	899
1	117
1	21
0	620
1	632
1	776
0	551
1	44
1	31
1	373
1	886
1	849
1	245
1	247
1	803
1	982
1	866
1	360
1	532
1	199
1	951
0	104
1	715
1	677
1	679
1	676
1	7
1	266
1	370
1	122
0	724
0	483
1	525
1	202
0	243
1	281
0	64
1	232
1	140
0	429
1	357
1	572
0	376
1	976
1	40
1	148
1	604
1	841
1	884
1	86
0	639
1	421
1	854
1	322
1	906
1	905
0	403
1	101
1	355
1	684
1	484
1	118
1	116
1	186
1	980
1	163
1	719
1	524
1	422
0	16
0	635
1	691
1	732
0	346
1	57
1	675
1	592
1	296
1	330
0	217
1	387
1	530
1	636
1	3
0	578
1	76
1	796
1	942
1	511
0	287
1	47
0	501
1	897
1	836
1	642
1	914
0	986
1	689
1	948
1	267
1	699
1	840
1	185
1	358
1	372
1	59
1	226
1	325
1	420
1	749
1	645
0	158
1	90
1	992
0	542
1	254
0	557
1	326
1	670
0	552
1	395
1	569
1	384
1	920
1	388
1	49
0	965
1	438
1	487
1	977
0	778
0	80
1	400
1	9
1	238
1	653
0	333
0	356
1	236
0	486
1	260
0	304
1	115
1	210
1	974
1	412
1	249
1	968
1	235
1	286
1	867
1	685
1	34
1	765
1	637
1	568
1	68
1	306
1	585
0	336
0	562
1	871
0	534
1	754
1	213
1	224
0	119
1	611
1	957
1	862
1	627
1	233
1	633
1	337
0	991
1	96
1	172
1	307
1	270
0	184
0	913
1	89
1	658
1	72
1	981
1	541
1	48
1	774
1	482
1	500
1	491
1	338
1	18
1	972
1	147
1	475
1	769
1	772
1	832
1	84
1	32
1	165
1	961
0	799
1	257
0	847
1	731
1	75
1	593
1	480
0	529
1	67
1	967
1	197
0	477
1	687
1	63
1	828
1	273
1	29
1	575
0	98
1	451
1	208
1	594
0	597
1	891
0	527
0	62
0	220
1	397
1	939
0	498
1	790
0	128
0	265
1	58
1	917
0	391
0	252
1	327
1	721
1	966
1	87
1	112
1	853
0	514
1	846
1	459
1	366
0	489
1	554
0	700
1	502
0	608
1	435
0	457
1	176
1	671
1	380
1	423
1	405
1	668
1	77
1	912
1	989
1	241
1	389
0	347
1	865
1	386
1	309
0	173
1	793
0	598
1	36
1	321
1	10
1	818
1	315
1	33
1	586
1	353
0	271
1	792
0	543
1	71
0	0
1	99
1	536
1	363
1	880
1	800
1	662
0	291
1	771
1	335
1	705
1	826
0	710
1	348
0	617
1	720
1	996
0	293
1	784
1	1
0	531
1	214
1	614
1	576
1	895
1	244
1	178
1	262
1	221
1	433
1	737
1	339
1	404
1	175
1	872
0	470
1	407
1	855
1	746
1	174
0	450
0	196
1	559
1	595
1	61
1	998
1	295
1	169
0	725
0	582
1	223
1	736
1	162
0	601
1	997
1	340
0	904
1	276
1	11
0	777
1	713
0	634
1	809
1	741
0	424
1	121
0	626
1	95
0	142
0	377
1	936
0	408
1	205
1	352
1	894
1	940
1	25
1	275
1	655
0	284
0	616
1	369
0	550
1	893
1	303
1	401
1	711
1	331
1	902
0	563
0	932
1	191
1	767
1	985
1	900
1	302
1	674
1	995
1	583
0	294
1	113
0	364
1	211
0	973
0	706
1	496
1	537
1	69
0	26
1	261
0	474
1	519
0	443
1	100
1	580
0	566
1	30
1	381
1	103
0	485
1	641
1	298
1	15
1	971
1	876
1	930
1	963
0	402
1	650
0	8
0	51
1	979
0	259
1	20
0	464
1	93
1	170
0	507
1	859
1	256
0	708
1	65
1	229
1	78
1	717
1	549
1	164
1	206
1	255
0	136
0	949
1	851
1	413
1	409
1	442
1	345
1	188
0	787
0	37
1	548
1	324
1	362
0	239
1	231
0	517
1	808
0	476
0	993
1	55
1	301
1	157
1	545
1	819
1	425
0	869
1	182
1	743
0	987
1	149
1	272
1	430
1	227
0	988
1	204
1	212
1	950
0	975
0	195
1	744
1	456
0	730
1	707
0	434
0	432
1	752
0	379
1	555
1	657
1	959
0	745
0	374
1	892
0	734
0	427
1	688
1	310
0	602
0	663
1	359
1	109
1	228
0	775
1	805
1	885
1	237
1	786
0	780
1	410
0	795
1	682
0	258
1	318
1	579
1	654
1	17
1	222
1	817
1	624
1	692
1	390
1	179
1	696
0	60
1	70
0	574
1	802
1	599
1	540
0	471
0	317
1	565
0	468
1	411
0	990
1	603
0	219
0	782
1	695
0	144
0	187
0	916
1	838
1	190
0	941
1	881
1	751
1	896
1	833
0	466
0	444
1	129
0	209
0	488
1	313
1	922
0	166
1	375
1	6
1	428
1	328
1	393
1	323
1	693
1	445
1	240
1	919
1	290
1	449
1	493
1	680
0	923
1	955
1	145
1	883
1	106
1	159
1	490
1	801
1	907
1	492
0	888
1	246
0	843
1	628
1	383
1	606
1	875
0	839
0	181
1	131
1	177
0	312
1	704
1	151
1	399
1	5
0	141
0	367
1	94
0	756
0	647
1	230
1	12
1	528
1	821