1	74
0	851
1	999
0	151
1	350
0	551
0	893
1	995
1	288
1	462
0	982
1	262
1	136
1	635
1	592
1	231
0	445
1	363
1	912
0	176
0	733
0	400
1	776
0	499
1	112
1	354
1	799
1	360
1	949
1	637
1	164
1	881
1	493
0	844
1	394
1	908
0	757
1	483
0	950
1	934
0	426
1	671
1	478
1	15
1	553
0	51
1	524
1	846
1	877
1	198
0	624
1	885
1	936
0	452
1	152
0	402
0	591
1	730
1	203
1	937
1	648
1	891
0	556
1	357
0	422
1	291
1	692
1	154
0	818
1	39
0	865
1	790
0	602
1	650
1	663
1	604
1	165
0	768
1	18
0	149
1	972
1	244
1	794
1	945
0	882
1	765
0	490
0	774
1	698
1	584
1	910
0	958
1	510
0	76
1	480
1	707
1	812
1	808
1	96
1	672
1	860
1	2
1	466
0	81
0	105
1	320
1	432
0	6
1	745
0	820
1	503
0	464
1	54
0	289
1	583
1	297
0	718
1	562
1	429
0	741
1	787
1	594
1	449
0	518
1	984
0	498
1	751
0	101
1	542
1	391
1	133
1	899
0	448
1	161
1	915
1	728
1	127
1	72
1	613
0	651
0	661
0	825
1	68
0	610
1	393
0	593
0	580
1	230
1	892
1	509
0	460
1	770
0	30
1	763
0	833
1	206
0	870
1	786
1	571
1	9
1	967
0	167
1	766
1	21
1	538
1	828
1	410
1	729
0	617
1	123
1	335
1	682
1	579
1	401
0	504
0	155
1	223
0	467
1	523
0	22
1	234
1	677
1	840
1	481
1	419
1	47
0	158
0	601
0	327
1	222
1	491
0	557
1	545
0	430
1	407
1	295
0	33
1	99
1	216
1	725
1	271
0	640
1	815
1	366
0	990
0	792
0	827
0	229
0	620
0	330
1	486
0	326
1	644
0	339
1	329
1	603
0	878
1	742
1	14
1	213
1	992
1	435
1	935
1	371
1	398
1	668
1	537
0	385
1	199
1	564
1	292
0	565
0	183
0	628
1	641
1	13
0	12
0	340
1	200
1	739
1	324
1	852
1	884
1	44
1	246
1	102
1	732
1	781
0	188
1	521
0	31
1	342
0	712
1	655
1	752
1	856
0	631
1	91
1	309
0	905
1	917
1	699
0	782
1	361
1	67
1	248
0	796
1	726
0	205
0	577
0	85
1	922
0	125
1	888
1	570
1	82
0	778
0	420
1	120
1	307
1	305
1	49
1	785
1	708
1	901
0	418
1	240
1	428
0	626
1	238
1	952
0	477
1	278
1	720
1	800
1	920
1	150
1	374
1	625
1	36
0	581
0	153
0	365
1	962
1	124
1	250
1	118
1	134
1	414
1	468
1	847
1	678
1	304
1	614
1	191
1	322
1	734
1	24
1	233
1	108
0	993
0	141
0	863
0	683
1	437
1	951
1	502
1	306
1	914
1	17
1	904
1	740
0	722
1	83
1	318
1	144
0	587
1	317
1	772
1	46
1	658
1	710
1	656
1	455
1	128
1	539
1	900
1	434
1	142
0	749
1	691
1	5
1	75
1	697
1	850
1	263
1	829
1	832
1	259
1	748
1	507
1	501
1	805
1	517
1	767
1	469
1	802
1	615
0	780
0	979
1	645
0	803
0	364
1	444
1	70
1	909
1	609
1	649
0	389
0	755
1	264
0	221
0	300
1	906
1	605
1	883
1	209
1	880
1	315
1	406
1	86
0	41
1	546
1	458
0	421
1	387
1	440
0	559
1	890
0	616
1	695
1	268
1	813
1	177
1	7
1	569
1	821
0	573
1	384
1	441
0	810
1	241
0	471
0	473
0	809
1	64
0	574
0	711
1	45
1	423
0	252
1	173
1	618
1	764
1	550
0	107
1	157
1	80
1	845
1	370
0	505
1	416
1	696
1	175
1	333
1	939
0	889
1	293
0	506
0	931
1	313
1	619
0	114
1	178
1	987
0	413
0	693
1	632
0	163
1	921
1	989
0	871
1	875
1	783
1	92
1	918
1	600
1	63
1	879
1	963
1	585
1	736
1	575
1	838
0	447
1	474
1	116
1	195
1	873
1	156
0	988
0	316
1	978
1	346
1	886
1	660
0	239
1	944
1	998
1	214
0	919
1	88
1	933
1	247
1	147
1	723
1	643
1	19
1	38
1	868
1	90
1	823
1	754
1	554
1	784
1	735
1	894
1	525
1	375
1	211
1	399
0	390
1	535
0	130
1	495
1	597
1	28
0	816
1	719
1	331
1	636
1	715
0	302
1	811
1	647
1	849
1	970
0	395
1	576
1	956
1	251
1	104
0	775
1	738
1	359
0	236
1	237
1	380
0	411
1	32
1	310
0	759
0	520
1	938
1	77
0	679
1	397
0	202
1	97
1	65
0	779
0	512
1	35
1	273
1	57
1	201
0	702
1	572
1	484
1	582
1	943
0	926
0	94
1	689
1	977
1	280
1	189
1	623
0	115
1	182
1	930
1	994
1	957
0	834
1	589
1	321
1	666
0	109
1	59
0	709
0	773
0	379
1	536
1	29
1	69
1	659
1	50
1	627
1	438
0	344
0	744
1	294
1	100
0	902
0	106
1	207
0	53
1	544
0	543
1	254
1	345
1	954
1	338
1	408
0	531
1	245
1	131
1	276
0	795
1	210
1	839
1	171
1	266
1	596
0	887
1	253
1	836
0	489
1	381
1	260
1	946
1	226
1	612
0	196
1	26
1	675
1	43
1	110
1	111
1	463
0	807
1	981
1	257
1	446
0	135
1	403
1	27
1	942
0	534
1	714
1	843
0	721
0	758
1	953
1	514
1	629
1	638
1	386
1	830
1	60
1	388
1	673
1	87
0	269
1	475
0	140
1	255
0	369
1	465
1	10
1	457
1	974
1	848
1	541
1	404
1	515
0	355
0	162
1	168
1	78
1	358
1	185
1	58
1	690
0	866
1	522
0	876
1	947
0	611
0	376
1	442
1	277
1	146
1	653
1	225
1	743
1	540
0	737
1	685
0	132
0	227
1	561
1	479
0	529
0	159
1	791
1	89
1	139
1	470
1	747
1	826
1	319
1	911
1	859
1	482
1	98
1	608
0	235
0	368
1	997
1	1
1	298
1	681
1	169
1	121
1	511
1	703
0	343
1	639
0	642
0	869
0	56
1	528
1	232
1	348
0	854
1	396
1	415
1	312
1	804
1	533
1	179
1	497
1	858
1	42
0	760
0	595
1	373
1	717
1	996
0	215
1	180
1	328
0	258
1	806
0	40
1	20
0	925
1	897
1	186
0	867
1	578
1	630
1	275
1	932
1	332
1	243
1	190
0	382
0	924
0	599
0	756
1	16
1	895
0	558
1	606
1	941
1	566
1	219
1	724
0	443
1	704
1	34
0	378
0	166
1	160
1	864
1	311
0	95
0	337
0	194
1	267
1	84
0	927
1	372
1	793
1	217
1	853
1	667
1	669
1	527
0	290
1	716
1	256
1	8
0	819
1	797
1	37
1	568
0	314
1	968
0	680
1	547
1	4
1	242
1	701
0	662
1	52
1	459
1	453
0	700
1	831
0	948
0	23
1	487
1	427
1	341
1	985
1	674
1	62
1	11
1	73
0	184
0	777
1	425
1	705
1	367
1	516
1	907
0	983
0	197
1	563
1	940
1	325
0	272
1	552
1	567
1	283
1	713
1	79
1	727
1	412
0	472
0	193
1	138
0	622
1	476
0	973
1	513
1	55
0	532
1	500
1	872
0	274
1	113
1	353
1	496
0	261
1	731
1	212
0	270
1	508
0	966
1	607
1	431
1	923
1	66
0	633
1	228
1	862
1	929
1	896
1	798
1	706
1	960
1	352
0	955
1	590
1	789
1	174
0	835
0	126
0	454
1	172
0	323
1	519
0	762
1	424
0	670
1	286
1	405
1	170
1	646
1	287
1	857
1	436
1	224
1	284
1	761
0	555
1	898
0	965
1	145
1	588
1	279
1	93
0	281
0	336
0	855
1	560
1	676
1	392
1	837
1	586
1	746
1	417
0	665
1	687
1	928
1	688
0	824
1	362
0	492
1	488
0	842
0	686
1	841
1	750
0	621
1	526
1	48
0	654
1	771
1	192
0	664
1	282
1	137
1	249
1	822
1	817
0	187
1	461
1	494
1	25
1	181
0	991
1	694
1	377
1	265
1	959
0	439
1	769
0	218
1	485
1	61
1	975
0	383
1	530
1	634
1	652
0	308
1	148
0	334
0	861
1	143
0	356
0	303
1	204
1	964
1	117
1	903
1	598
1	296
1	913
1	788
0	814
1	874
1	122
1	119
0	220
1	409
0	208
0	347
0	299
1	3
1	301
1	753
1	916
1	684
1	450
1	71
1	451
1	351
1	969
1	103
1	433
1	0
0	456
1	961
0	285
1	976
1	980
1	657
0	986
0	801
1	129
1	349
0	971
0	548
1	549