0	239
1	805
1	420
1	430
1	73
1	989
0	242
0	106
1	247
1	444
1	434
1	689
0	99
1	386
0	46
0	357
0	57
1	979
1	774
1	681
1	743
1	847
1	581
1	913
0	88
1	670
1	487
1	788
1	696
1	7
1	29
1	268
1	121
1	370
0	643
0	391
0	16
1	995
1	34
1	691
1	884
1	583
1	641
0	664
1	50
1	624
1	845
1	606
1	986
0	855
1	834
0	483
1	779
0	53
1	600
1	650
1	892
1	907
1	272
1	255
0	909
1	698
1	245
1	201
0	226
1	127
0	149
1	331
1	387
0	959
0	307
0	782
1	410
1	429
1	895
1	291
1	593
0	820
1	900
0	712
1	43
0	509
1	939
1	894
1	79
1	747
1	297
0	543
1	561
0	273
1	92
1	146
1	940
0	792
1	9
0	837
0	552
1	684
1	806
0	515
0	693
0	352
1	258
1	744
1	5
1	293
1	254
0	23
1	594
1	82
1	760
1	403
0	791
1	190
1	89
1	544
1	936
1	546
1	431
1	709
1	250
1	616
1	526
1	167
1	266
1	635
1	532
1	781
0	968
0	283
0	115
0	249
0	466
1	976
1	854
1	448
1	154
0	631
1	558
1	177
1	601
1	389
1	77
1	325
1	789
1	938
1	492
1	867
1	101
1	911
1	565
1	148
0	809
1	888
1	348
1	821
0	326
1	537
0	123
1	972
1	573
1	627
1	955
1	644
1	113
0	919
1	437
1	93
1	840
1	70
1	653
1	596
1	984
1	632
1	633
0	169
1	301
1	947
0	595
0	144
1	278
0	742
1	471
1	476
1	566
1	461
1	886
1	697
0	580
1	37
1	771
0	694
1	729
1	173
1	903
1	683
0	883
1	654
1	715
1	397
1	17
1	795
1	839
1	194
1	560
0	722
0	45
1	673
1	345
1	802
0	311
1	613
1	388
1	124
1	112
0	950
1	898
1	424
1	367
1	493
1	376
1	866
0	383
1	611
1	454
1	116
1	625
1	312
1	982
1	147
1	803
0	599
1	775
1	707
1	962
1	262
1	618
1	559
0	750
0	333
1	609
1	602
1	519
1	730
1	114
1	318
1	94
1	918
1	338
1	818
1	603
1	475
1	756
1	719
1	838
0	166
1	425
1	91
1	381
1	332
1	754
1	236
1	841
1	569
0	798
1	76
1	658
1	686
0	499
1	589
1	317
0	699
1	423
0	518
1	597
0	987
1	84
1	675
1	221
0	974
1	657
1	360
1	20
0	459
1	74
1	189
1	354
1	829
0	833
1	922
1	889
0	797
0	25
0	714
1	768
1	12
0	622
0	215
1	963
1	849
1	659
0	479
1	871
1	514
0	343
0	287
1	958
0	200
1	468
0	761
1	672
1	191
1	655
1	418
0	184
1	667
1	153
1	879
1	11
1	235
0	427
1	508
1	438
1	372
1	887
1	733
0	349
0	880
1	859
1	852
1	504
1	647
1	133
1	390
1	656
0	815
1	39
1	584
0	183
1	213
1	896
1	63
1	54
0	41
1	780
1	180
1	630
0	498
1	303
1	142
0	739
0	556
0	442
1	407
1	428
1	366
0	277
1	335
1	368
1	60
0	320
0	406
1	669
0	810
0	205
1	685
1	118
1	327
0	382
1	469
0	49
1	772
1	762
0	6
0	764
0	328
1	536
1	136
1	563
1	104
1	369
1	677
1	550
0	161
1	522
1	794
0	178
1	100
1	646
1	934
1	69
1	952
1	620
0	238
1	637
0	539
1	111
1	128
0	985
1	241
1	150
1	776
1	844
0	298
1	928
0	732
1	858
0	233
0	811
0	610
1	323
1	912
1	734
1	577
0	575
1	828
0	870
0	516
1	449
1	831
1	58
1	421
1	660
1	269
1	506
1	914
1	893
1	529
1	737
1	107
1	203
1	175
1	920
0	120
1	679
0	882
1	874
1	361
1	983
1	863
0	62
1	90
1	917
1	18
0	87
0	408
1	193
1	51
1	665
1	915
1	929
0	185
1	472
0	398
1	705
0	759
0	816
1	517
1	375
1	485
1	877
1	678
0	486
1	96
1	143
1	615
0	229
0	309
0	171
1	969
1	151
1	512
1	140
1	240
1	414
0	885
1	727
1	122
1	482
1	830
0	271
1	108
0	197
0	445
1	856
0	463
1	607
1	460
1	232
1	195
1	257
0	904
1	668
1	3
1	614
0	748
1	710
1	452
1	860
1	33
1	457
1	931
1	786
1	117
1	872
1	30
0	864
1	549
1	990
1	275
1	456
0	455
0	740
0	926
0	651
0	339
1	700
1	731
1	757
1	216
1	251
0	484
0	440
0	371
1	341
1	868
1	755
0	464
1	248
1	477
1	422
0	296
1	59
1	342
0	827
1	505
1	480
1	720
1	208
0	279
1	957
1	662
0	521
0	807
1	520
1	817
1	799
1	574
1	405
1	703
1	24
1	351
0	253
1	752
1	28
1	663
1	411
1	765
1	0
1	330
0	930
1	726
0	953
0	35
1	591
1	436
0	280
0	462
1	767
1	217
0	960
0	590
1	446
0	32
1	281
1	524
1	736
1	64
0	83
1	489
1	285
1	862
1	848
1	98
0	267
1	75
1	970
1	890
1	704
1	570
1	585
1	465
1	992
1	701
0	935
1	214
1	545
1	220
1	527
1	735
0	374
0	135
1	256
1	223
1	125
0	682
1	228
1	212
1	263
1	384
1	881
1	784
0	576
0	284
0	906
0	346
1	661
1	467
1	996
1	785
1	231
1	819
1	937
1	814
1	192
1	260
1	379
1	337
0	207
0	44
1	965
1	211
0	507
1	130
1	523
1	321
1	289
1	344
0	980
0	993
1	861
1	314
0	825
0	623
1	416
1	10
0	534
1	355
1	770
1	961
1	932
1	553
1	724
1	642
0	40
0	991
1	728
1	392
0	497
1	359
1	973
0	132
1	851
1	999
1	22
1	474
1	282
0	81
1	869
0	14
1	787
1	404
1	944
1	843
0	162
0	850
0	578
1	265
1	619
1	500
0	836
1	187
0	340
1	711
1	394
0	196
0	865
1	777
1	4
1	531
0	145
0	745
1	246
0	621
1	897
1	832
1	826
1	308
1	899
0	259
1	182
0	586
0	857
1	978
1	78
0	640
1	878
1	692
0	800
1	763
1	160
1	680
0	295
1	490
1	204
1	547
0	270
0	300
1	252
1	202
1	513
1	511
0	441
1	299
1	210
0	604
1	554
0	753
1	933
0	199
1	842
1	336
1	948
1	502
0	95
0	783
0	687
1	804
0	941
1	822
0	409
1	243
1	579
0	671
1	364
1	741
0	572
1	234
1	823
1	688
0	988
1	793
0	294
0	138
0	905
1	439
1	72
0	921
1	812
0	47
1	131
0	417
1	530
1	645
1	52
1	304
1	209
1	943
1	103
1	491
1	997
1	674
1	26
1	478
0	538
1	942
1	400
1	264
1	393
1	109
1	66
1	964
0	126
0	567
1	453
1	419
1	224
1	945
1	218
1	636
1	652
1	67
1	401
1	42
1	813
1	433
0	105
1	163
1	717
1	649
1	36
0	801
0	901
1	244
0	971
1	853
0	535
1	380
1	626
1	713
0	56
1	706
1	568
1	824
1	528
1	288
0	65
1	172
1	415
0	156
1	525
1	587
0	85
0	198
1	766
1	666
1	174
1	555
1	648
1	170
1	134
1	71
0	994
1	875
1	571
1	188
1	176
1	365
1	102
0	230
1	316
1	15
1	276
0	638
1	306
1	1
1	718
1	458
1	488
1	179
0	738
1	2
0	155
0	225
1	412
1	362
0	808
1	315
1	432
0	690
0	495
1	80
1	290
1	723
1	846
1	902
0	159
1	605
1	86
1	790
1	967
1	227
1	447
1	910
1	751
1	395
0	8
1	721
1	540
1	639
1	378
1	353
1	157
1	310
1	588
1	708
1	186
1	286
1	582
0	219
1	451
0	356
0	119
1	954
1	778
1	510
1	981
1	139
1	564
1	181
0	629
0	385
1	481
1	377
1	129
1	592
1	612
1	324
1	261
1	164
1	746
1	274
1	319
1	302
0	876
1	152
0	946
1	758
1	97
0	61
1	542
1	541
0	923
0	313
1	749
0	927
0	347
1	396
1	503
1	413
1	608
1	494
1	548
1	334
1	110
1	925
1	695
1	435
0	13
1	796
0	443
1	634
1	725
1	773
1	31
1	908
1	27
0	891
0	305
0	551
1	222
1	617
0	470
1	363
0	137
1	966
1	21
1	237
1	473
1	426
1	533
0	998
0	19
0	158
1	496
0	916
0	628
1	329
1	292
1	206
1	949
1	562
1	373
1	977
0	951
1	168
1	68
1	769
1	322
1	38
0	399
1	924
0	48
1	557
0	598
0	358
1	450
1	501
1	141
0	835
1	702
1	956
1	873
1	55
1	975
0	716
0	165
1	350
1	676
1	402