1	892
1	388
1	286
1	708
0	635
0	525
1	440
1	330
1	142
1	758
0	896
1	680
0	533
0	107
1	589
1	94
1	25
1	650
1	334
1	771
0	577
0	559
1	698
1	573
1	517
1	687
1	782
1	442
1	890
0	430
1	865
1	256
1	538
1	663
0	490
1	329
0	928
1	227
0	904
1	924
1	838
1	312
1	104
1	750
1	975
1	383
0	239
1	86
1	911
1	679
1	962
1	449
1	135
1	576
1	427
0	802
0	555
1	544
1	731
1	53
1	519
1	775
0	203
1	800
1	268
1	4
1	259
1	618
0	358
1	481
1	823
0	168
0	13
0	455
1	617
1	638
1	553
0	566
1	666
0	998
0	14
1	971
0	209
1	412
1	536
1	915
1	980
1	711
1	244
1	61
1	836
1	535
1	192
1	445
1	600
0	585
1	593
1	30
0	454
1	983
0	824
0	539
1	550
1	424
0	364
1	822
1	810
1	191
1	349
0	846
1	170
1	779
1	95
1	497
1	623
1	484
1	746
0	797
1	18
1	106
1	607
0	90
0	564
0	712
1	62
1	314
1	119
1	478
0	781
1	588
1	308
1	942
1	930
1	847
1	360
1	709
1	60
0	72
1	241
0	279
1	661
1	80
1	944
1	171
0	84
1	744
1	733
1	986
1	283
1	297
0	403
1	755
1	671
1	567
1	832
0	816
1	35
1	531
1	900
0	178
1	973
1	40
1	48
1	656
1	774
0	999
1	765
1	807
1	318
1	809
0	69
0	548
1	164
1	554
0	462
1	582
1	50
1	991
1	483
0	524
1	649
0	560
1	68
1	957
1	727
0	827
1	47
1	976
1	223
1	230
1	745
1	575
0	558
1	182
1	981
0	789
1	413
0	43
1	561
1	146
1	887
1	315
1	234
1	385
1	812
1	367
0	688
1	938
1	131
1	306
1	609
1	960
0	855
1	461
1	901
1	742
1	786
0	109
1	739
0	101
0	228
1	992
1	81
1	705
1	967
0	456
0	34
1	59
1	753
1	253
1	88
0	421
1	512
0	333
1	466
1	714
1	605
0	288
1	684
1	844
0	471
0	342
1	458
0	534
1	416
0	185
1	987
0	686
1	826
0	689
1	67
1	261
1	486
0	38
1	614
1	959
0	218
1	647
1	492
1	767
0	795
1	989
1	262
1	125
1	611
1	423
0	404
1	488
1	336
1	670
0	323
0	267
1	243
0	82
1	653
0	79
1	22
0	696
0	510
1	759
0	1
1	141
1	134
0	20
1	715
1	100
1	477
1	313
0	417
1	568
1	127
0	480
1	910
1	98
1	420
0	595
0	399
0	305
1	37
1	675
0	311
1	173
1	858
0	741
1	806
1	899
0	74
1	545
1	201
1	633
1	377
1	357
1	260
1	500
1	64
1	75
0	717
1	180
1	45
1	258
1	574
1	521
1	866
0	487
1	400
1	196
1	408
0	914
1	369
1	507
1	893
1	852
1	361
1	581
1	943
1	219
1	790
0	736
1	683
0	528
1	145
0	51
0	511
1	249
1	174
1	280
1	496
1	799
1	606
1	111
1	873
1	337
1	720
1	625
0	85
1	894
1	464
0	984
1	808
1	247
1	83
1	265
1	762
0	193
1	978
1	299
1	598
0	878
0	747
1	479
1	397
1	778
0	468
1	518
1	310
0	114
1	640
1	724
0	829
1	604
1	375
1	287
1	352
1	418
0	303
1	913
1	494
1	39
0	482
1	501
0	529
0	707
1	677
1	359
1	269
1	923
1	21
1	71
1	508
1	65
1	652
1	579
1	41
1	912
0	509
1	937
1	155
1	97
1	162
1	770
1	186
1	293
1	328
1	964
1	380
1	266
0	787
1	368
1	129
1	877
1	415
1	620
1	434
1	933
1	54
0	664
1	627
1	374
0	78
1	498
0	476
1	289
1	70
1	348
1	735
1	345
1	527
1	322
1	8
1	113
1	549
0	401
1	296
1	128
0	828
1	130
0	126
1	319
1	622
0	23
1	309
1	658
0	92
1	354
1	381
0	183
1	602
1	985
1	110
1	237
1	950
1	179
0	968
1	691
1	505
0	152
1	148
1	147
0	801
0	941
1	722
1	952
1	392
1	255
1	372
1	895
1	685
0	883
1	190
1	7
0	277
0	839
1	695
0	304
1	460
1	949
1	820
0	918
1	295
1	137
0	788
1	632
0	805
1	639
1	908
0	429
1	31
1	920
0	794
1	172
1	436
0	672
1	264
1	5
0	28
1	493
1	636
1	814
1	224
1	325
1	108
0	371
1	340
0	791
1	572
1	26
1	934
0	205
1	837
0	150
1	626
1	669
0	252
0	848
1	936
0	96
1	754
1	917
1	603
1	425
1	752
1	673
0	273
0	32
1	350
1	569
0	884
0	370
1	121
1	122
1	830
1	940
1	644
1	977
1	537
0	850
1	563
1	592
1	208
1	140
0	514
0	541
0	346
1	225
1	966
0	465
0	875
0	207
1	124
0	474
1	886
1	213
0	382
1	615
1	189
0	378
1	546
0	437
1	756
1	659
0	879
1	212
0	760
0	112
1	144
1	580
1	996
1	441
1	784
0	982
0	882
1	732
1	813
0	123
1	139
1	391
0	467
1	157
1	863
1	916
1	16
1	961
0	842
1	841
1	594
1	655
1	327
0	678
1	187
0	578
1	63
1	608
1	676
1	331
1	734
1	729
1	749
1	66
1	907
0	451
1	586
0	407
1	276
1	630
1	867
0	214
1	452
1	645
1	888
0	740
0	321
1	868
0	165
0	898
1	326
1	211
1	439
1	629
1	42
0	459
1	803
1	245
0	552
1	44
0	751
0	184
1	909
0	473
1	783
1	161
1	706
0	776
1	389
1	495
0	428
1	316
1	220
0	115
1	250
0	409
1	363
1	641
1	384
1	932
1	738
1	232
1	229
1	993
1	821
1	704
0	274
1	491
1	726
1	634
1	694
1	472
0	503
1	642
0	815
1	857
1	648
1	737
1	587
0	621
1	551
0	562
1	530
0	955
0	136
1	931
1	292
1	825
0	926
0	743
1	406
1	27
1	335
1	728
1	285
1	410
1	9
0	570
1	972
0	725
1	693
1	275
1	263
1	556
1	176
1	692
0	167
0	99
1	284
1	215
1	301
0	703
1	17
1	956
1	433
1	307
1	502
0	365
1	515
1	58
1	390
0	861
1	557
1	158
1	103
1	448
1	222
1	444
1	12
1	798
0	177
1	906
0	710
0	419
1	11
0	721
1	769
1	105
1	565
0	619
1	411
0	872
0	948
1	154
1	547
1	143
1	716
1	89
1	118
1	233
1	897
0	953
1	699
1	854
1	3
0	522
1	772
0	713
1	965
1	347
1	947
1	540
0	447
1	398
0	362
1	242
0	231
0	817
0	278
1	332
0	338
1	356
1	748
1	133
1	870
1	344
1	396
0	206
0	351
0	628
0	927
1	969
0	373
1	667
1	997
1	849
0	120
1	226
0	246
1	862
1	777
0	290
1	387
0	612
0	520
1	818
1	701
0	353
1	730
1	376
1	874
1	925
1	116
1	6
1	763
1	132
1	785
1	613
1	665
1	102
0	166
1	631
1	764
1	974
1	646
0	93
0	366
0	294
1	864
1	851
1	15
1	33
0	240
0	281
1	470
1	988
1	432
1	202
0	833
1	657
1	77
1	238
1	951
1	175
1	796
1	601
1	835
1	195
1	597
1	610
0	935
1	819
1	499
1	36
1	204
0	257
1	426
1	654
1	10
0	298
0	181
1	697
1	885
1	55
1	450
1	958
1	723
1	394
1	651
1	355
1	343
0	463
1	386
1	660
1	159
1	235
1	475
1	91
1	889
0	891
1	216
1	282
1	757
1	221
0	903
1	19
0	395
0	718
0	198
1	990
0	422
1	929
1	599
1	272
0	792
1	542
0	845
1	583
1	853
1	526
1	194
1	921
1	995
1	773
1	138
0	446
1	979
1	76
1	719
0	902
1	843
1	248
1	793
1	637
0	153
0	197
0	469
1	922
1	761
1	379
1	56
1	939
0	804
1	596
0	766
0	0
1	271
1	151
1	52
1	57
1	160
0	591
0	945
1	871
1	840
1	29
1	324
1	590
0	662
1	73
0	584
1	681
1	859
1	156
0	543
1	435
0	457
1	24
0	919
0	393
1	506
1	856
0	320
1	811
1	402
1	489
0	571
1	291
0	513
0	702
1	49
1	624
1	954
1	300
1	254
1	869
1	616
1	905
1	251
1	341
0	217
0	690
1	414
1	768
0	46
1	523
1	163
1	946
0	149
1	831
1	970
1	199
0	210
1	780
1	438
0	405
1	880
0	302
1	834
1	169
0	504
1	431
1	682
1	532
1	994
1	485
0	270
1	516
1	668
1	236
1	317
1	200
1	2
1	876
1	700
1	188
1	339
1	87
1	453
1	643
1	963
1	860
0	674
1	443
1	117
1	881