1	474
1	212
1	753
1	624
0	518
1	659
1	732
1	681
1	369
0	22
1	530
1	349
1	438
1	258
1	424
1	131
1	973
1	217
1	777
1	889
1	862
1	218
1	804
1	332
1	25
0	242
0	658
1	721
0	632
1	122
1	871
0	792
1	214
1	371
1	225
0	875
1	796
1	268
1	148
1	90
0	183
1	939
1	177
1	761
1	819
1	134
0	450
1	917
1	966
1	605
0	356
1	221
1	926
1	561
1	96
1	968
1	844
1	187
1	708
1	36
1	798
1	685
1	719
1	74
1	125
1	880
1	850
1	370
1	451
1	558
0	515
1	642
0	412
1	150
1	696
1	100
1	264
0	740
0	274
0	679
1	444
0	290
1	480
1	883
0	169
0	522
1	224
0	361
1	617
1	153
1	636
1	705
1	564
1	623
1	208
1	728
1	366
1	637
1	524
1	492
0	512
1	811
0	975
1	662
1	254
1	24
1	89
0	193
1	858
1	197
1	589
1	259
1	215
1	523
1	188
1	733
0	230
1	83
1	175
1	375
1	300
1	186
1	547
0	827
0	695
0	411
1	423
1	793
0	587
1	835
0	317
1	42
1	789
1	853
1	692
1	406
1	657
1	736
1	107
1	868
1	292
0	766
1	643
1	4
0	81
1	73
1	129
0	48
1	54
1	748
1	773
0	397
1	29
1	700
0	594
1	756
1	828
1	362
1	142
1	824
1	62
1	284
1	389
1	276
1	596
0	720
1	693
1	641
0	865
0	57
1	386
0	144
1	758
1	577
0	352
0	364
1	969
0	388
1	140
1	543
1	325
0	173
0	638
1	49
0	980
0	282
1	735
1	817
1	446
1	345
1	250
1	130
0	615
1	460
1	706
1	722
1	585
1	207
1	455
0	103
1	269
1	554
0	603
0	97
1	907
1	629
0	656
1	508
1	651
0	137
1	727
1	346
0	928
1	168
1	667
1	689
1	472
1	443
1	924
1	244
1	940
1	556
1	666
0	898
1	764
0	826
1	541
1	405
0	993
1	138
1	191
1	273
1	663
1	32
1	228
0	674
1	407
1	555
1	383
1	209
0	534
1	71
1	521
1	67
1	126
1	537
1	514
1	306
1	791
1	392
1	227
1	661
1	294
1	330
0	385
1	861
1	440
1	33
1	961
0	333
0	199
1	578
0	699
1	437
1	568
0	892
1	665
1	220
1	428
0	391
1	725
1	12
1	930
1	837
0	421
0	716
1	619
0	38
1	20
1	270
1	795
1	50
1	106
1	154
0	546
1	778
0	712
1	749
0	27
1	684
0	821
1	887
1	645
1	266
1	184
1	445
1	874
1	947
1	690
1	243
1	593
1	825
1	232
1	927
1	606
1	75
0	403
1	664
1	99
1	500
0	387
1	614
0	303
1	948
1	660
1	934
1	454
0	174
1	878
1	962
1	806
1	784
0	309
1	132
1	299
1	730
1	703
1	320
1	51
1	245
1	123
1	353
1	516
1	958
1	189
1	714
1	296
1	841
1	323
0	976
1	152
1	781
1	260
1	863
0	899
1	857
1	527
1	17
1	66
1	98
1	964
1	613
1	567
1	255
1	26
0	511
1	447
1	904
1	94
1	849
1	382
1	442
0	381
1	765
1	265
1	79
1	743
1	376
1	931
1	307
1	688
1	337
1	342
1	298
1	625
0	216
1	569
1	751
1	305
0	680
0	698
1	241
1	552
1	415
1	915
1	35
1	344
1	573
1	425
1	170
1	830
1	231
0	864
1	724
1	275
0	160
1	897
1	545
1	316
1	528
1	85
1	535
1	504
1	78
1	580
0	502
1	840
1	190
0	744
0	682
0	239
1	8
1	378
1	363
1	808
1	954
1	691
0	834
1	671
1	430
0	529
0	752
1	992
1	308
0	848
1	179
1	334
0	994
1	15
1	770
1	422
1	477
0	832
1	113
1	890
1	717
1	7
1	497
1	359
1	401
1	866
1	34
1	467
1	280
0	347
1	133
1	823
1	672
0	505
1	40
1	602
1	226
0	984
0	72
1	118
1	377
1	621
1	988
1	702
0	989
1	420
0	368
0	513
1	963
1	312
1	601
1	223
1	111
1	785
1	404
1	436
0	820
1	971
1	913
1	867
1	742
1	974
1	805
1	852
0	0
0	936
1	120
1	997
1	769
1	833
1	572
1	815
0	854
1	996
1	281
1	741
0	329
0	922
1	396
1	287
0	491
1	80
1	906
1	262
0	509
0	473
1	783
0	952
1	413
0	194
1	237
1	794
0	649
0	499
1	23
1	938
1	11
1	754
0	318
1	77
1	912
0	941
1	532
0	481
1	802
0	181
1	959
1	247
1	694
1	158
1	734
1	63
1	772
1	293
1	468
1	1
1	426
1	762
0	253
1	365
0	548
1	45
1	267
1	324
1	121
1	171
1	982
0	903
1	814
1	466
0	635
1	932
0	6
1	86
1	358
1	517
1	31
1	536
1	797
1	942
0	414
1	882
0	233
1	626
1	235
1	953
0	595
1	611
0	718
0	210
1	427
1	128
1	135
1	104
1	2
1	970
1	278
1	343
0	652
0	483
1	398
1	234
1	452
1	434
0	449
1	279
0	726
1	750
1	456
1	418
0	559
1	464
1	640
1	885
0	162
0	393
0	88
0	910
1	900
0	520
1	14
1	257
0	327
1	571
1	252
1	178
1	775
1	172
1	475
0	669
1	540
1	304
1	810
1	851
1	465
1	551
0	655
1	503
1	408
1	470
0	336
0	648
1	925
0	967
0	219
1	590
0	479
0	165
0	471
1	490
1	711
0	409
0	256
0	30
1	384
1	873
1	747
1	549
1	723
1	373
1	348
0	159
0	557
0	459
1	494
1	960
1	117
0	248
1	957
0	354
0	202
1	575
1	531
1	263
1	839
1	646
1	583
1	782
1	272
0	372
0	634
1	399
1	981
0	713
0	600
1	70
1	945
1	429
1	164
1	955
1	461
1	908
1	923
1	579
0	965
1	43
0	843
1	453
0	136
1	812
1	768
1	61
0	553
0	313
1	196
1	592
1	64
1	977
1	91
1	946
0	109
0	978
1	598
1	283
0	905
1	439
1	156
1	581
0	302
1	618
1	647
1	374
1	990
1	670
1	360
1	200
0	335
1	860
0	496
0	943
1	630
0	350
1	240
1	355
0	484
0	582
1	560
1	495
1	739
1	759
0	198
1	846
1	881
1	542
1	486
1	489
1	731
1	291
1	999
1	301
1	238
1	654
1	59
1	616
1	565
1	493
1	896
1	488
1	328
1	110
1	246
1	463
1	116
1	563
0	28
1	998
1	441
1	790
0	339
1	538
1	435
0	476
1	478
0	525
1	995
1	876
0	604
1	599
1	295
1	935
1	526
1	155
1	803
1	56
1	92
1	498
1	950
1	501
1	315
1	776
1	380
1	185
1	271
1	13
1	677
1	707
0	870
1	847
1	322
1	929
1	417
0	895
1	872
1	544
1	249
0	738
1	987
1	285
1	678
1	277
1	112
0	668
0	704
0	675
0	985
1	627
1	146
0	884
1	44
1	39
1	400
1	390
1	921
1	261
1	914
1	251
0	151
1	204
0	395
1	586
0	108
1	68
1	431
1	114
1	779
1	41
1	829
0	763
1	570
1	800
0	919
1	813
1	533
1	448
1	746
1	697
1	709
1	147
0	52
0	167
1	139
0	16
0	787
0	331
1	937
1	893
1	58
1	745
1	319
1	9
1	972
1	46
0	686
1	902
1	801
1	901
1	888
0	886
0	192
1	610
1	788
1	297
1	433
0	458
1	166
1	584
0	457
1	576
1	55
1	519
1	608
1	229
0	809
1	620
0	510
1	462
0	845
1	203
1	562
1	673
1	76
0	47
1	760
0	653
0	836
1	737
1	588
0	402
1	891
1	487
1	482
0	21
1	351
1	205
0	507
1	10
1	856
1	379
1	410
1	311
1	755
1	920
1	859
1	286
0	991
1	949
0	771
1	650
1	93
0	591
1	757
0	416
1	909
1	3
1	683
0	774
1	340
1	566
1	729
1	956
1	951
1	715
0	288
1	213
1	831
1	986
1	124
1	822
0	612
1	419
0	780
1	916
1	979
1	676
1	838
1	628
1	799
1	206
0	357
1	101
1	879
1	609
1	485
0	84
0	65
1	367
1	176
1	894
1	222
1	326
0	877
0	701
0	321
1	818
1	432
0	37
1	469
1	807
1	141
1	539
1	687
0	394
1	143
1	933
1	157
1	631
1	918
1	95
1	944
0	195
1	201
1	182
0	149
1	869
0	211
1	816
1	53
1	19
1	236
1	180
1	506
0	115
1	102
1	550
1	710
1	82
0	786
1	310
1	597
1	5
1	983
0	767
1	105
1	60
1	87
1	607
1	633
1	644
1	69
1	314
0	842
1	119
0	341
1	855
1	145
0	911
1	18
1	338
0	127
1	289
1	574
1	639
0	622
1	161
1	163