1	601
1	703
0	963
0	887
1	759
0	339
0	874
1	692
1	777
1	407
1	22
1	92
0	155
1	461
1	251
0	310
1	473
0	336
1	951
0	948
0	145
1	47
1	234
0	544
1	245
1	850
0	349
1	194
1	434
1	587
1	560
1	705
1	158
1	4
1	640
1	72
1	334
1	212
1	26
0	370
1	454
0	984
0	68
1	994
0	638
1	223
0	83
1	607
0	783
0	540
1	747
1	252
1	405
1	763
1	201
0	975
0	418
0	840
0	648
1	915
1	869
1	556
0	8
1	211
1	237
1	129
1	792
0	501
1	729
0	490
1	159
1	697
1	27
1	590
1	774
0	28
1	868
1	340
1	966
1	243
1	706
1	626
1	499
0	522
1	352
0	904
1	738
1	354
0	923
1	38
1	460
0	739
1	637
0	69
1	170
1	760
1	531
1	711
1	744
1	931
1	970
1	849
1	629
1	44
1	693
1	964
1	342
1	549
1	282
1	884
1	602
1	433
0	293
1	410
0	907
1	469
1	204
1	213
1	207
1	787
1	659
0	700
1	789
1	231
0	400
1	538
0	327
1	949
0	73
1	617
1	230
1	474
1	287
1	32
1	724
0	537
0	551
1	258
1	922
0	879
0	684
1	658
1	318
1	990
0	21
1	872
0	228
1	921
1	570
1	214
1	193
1	632
1	130
1	110
1	713
1	977
1	912
1	372
1	719
1	338
0	882
1	920
0	592
1	260
0	343
0	57
1	124
0	727
1	528
1	667
1	935
0	203
1	672
0	928
1	135
1	84
1	647
1	438
1	532
0	371
1	54
1	682
1	584
0	770
1	285
1	224
1	683
1	753
1	852
1	117
1	77
0	851
1	675
0	846
1	277
0	455
0	634
1	290
1	383
1	553
1	853
0	929
1	365
1	267
1	485
1	502
1	597
0	176
1	50
1	18
0	778
1	610
1	823
1	333
0	367
1	366
1	409
0	925
1	195
1	728
0	663
1	184
0	96
1	217
1	229
1	165
1	914
0	249
0	376
1	832
0	571
1	123
1	660
0	669
0	814
1	988
1	95
1	463
0	219
1	749
1	654
1	452
1	493
1	55
1	163
1	687
1	613
1	188
0	457
0	793
1	976
1	301
1	79
1	448
1	606
0	511
1	745
1	691
1	346
0	441
0	390
1	134
1	821
1	539
1	754
0	526
0	97
1	623
0	509
1	183
0	398
0	954
1	157
1	87
0	53
1	494
1	320
1	645
1	930
1	987
1	491
1	495
1	356
1	567
1	101
0	671
0	99
0	422
1	503
1	681
0	940
1	650
0	898
0	765
1	482
0	555
1	748
1	368
1	817
0	504
0	572
0	478
1	965
1	489
1	109
1	136
0	676
0	895
0	900
1	350
1	518
0	294
1	562
1	324
1	649
0	23
1	797
1	507
1	393
0	933
1	628
1	239
0	466
1	828
1	107
1	862
1	133
1	308
0	734
1	802
1	476
0	119
1	449
1	225
1	7
1	198
1	470
1	56
1	515
1	24
1	967
1	547
0	235
1	816
1	261
1	752
0	860
1	468
1	250
1	178
0	508
1	279
1	535
1	89
1	784
1	443
1	771
1	576
0	355
1	500
1	127
0	304
1	150
1	718
1	297
1	942
1	241
0	289
1	64
1	226
0	981
1	510
0	30
1	450
1	695
0	321
1	41
0	325
1	820
1	475
1	312
1	464
1	991
1	185
1	427
1	445
1	598
0	971
0	612
1	619
0	379
0	108
1	262
1	169
1	855
0	423
1	275
1	186
1	845
1	269
0	86
1	181
1	202
1	999
1	114
1	886
1	578
1	428
0	972
1	956
1	668
1	513
1	394
1	678
0	160
1	313
0	257
1	664
1	710
0	401
1	726
1	992
0	37
1	467
0	523
0	16
1	149
0	766
1	247
1	432
1	924
1	388
1	263
1	105
1	3
0	259
1	240
0	456
1	206
1	926
1	937
1	536
1	818
0	813
0	891
1	859
0	273
0	604
0	63
1	205
0	941
1	670
1	611
1	995
1	59
1	164
1	331
1	530
1	730
1	741
1	14
1	67
1	737
0	179
1	875
1	426
0	861
1	800
1	168
1	686
0	945
1	6
1	91
1	357
1	542
1	651
1	316
1	641
1	889
1	248
1	643
1	864
0	780
1	870
1	125
0	60
1	880
0	591
1	238
1	5
1	311
0	156
0	736
0	361
0	782
1	758
1	564
1	993
1	908
0	788
1	446
1	389
1	699
0	497
1	854
1	579
1	892
1	655
1	746
1	809
1	369
0	462
1	51
1	876
0	444
1	959
1	35
1	483
1	525
1	328
1	527
1	633
1	701
1	918
1	917
0	505
1	200
1	863
1	52
1	309
1	622
1	708
0	743
1	46
1	218
1	944
0	721
0	359
1	865
1	565
1	330
0	88
1	347
1	798
1	141
0	714
1	39
1	600
1	344
1	812
0	755
1	773
1	255
1	989
1	296
1	100
1	270
1	803
1	143
1	484
1	877
1	811
1	810
1	829
1	430
1	315
1	775
1	844
1	353
1	955
1	702
0	794
0	722
1	618
1	858
0	256
0	210
1	1
1	656
1	190
0	246
1	319
1	952
0	216
1	786
0	75
1	351
0	960
0	115
0	843
1	822
1	979
1	19
1	826
1	431
1	358
0	906
1	559
1	396
1	33
1	126
1	521
1	496
1	0
1	295
1	932
1	395
1	588
0	847
1	167
1	901
1	709
1	34
1	479
0	735
1	481
1	152
1	222
1	302
1	605
1	66
0	968
1	614
1	563
0	827
0	723
1	337
1	575
1	236
0	412
1	90
1	608
1	12
1	548
1	348
0	996
1	174
0	772
0	524
1	299
1	9
1	103
1	137
1	382
1	384
1	166
0	790
1	781
0	104
1	946
0	208
0	662
1	769
1	420
1	199
1	764
0	962
1	323
0	799
1	465
1	425
1	146
1	362
0	122
1	857
1	140
0	838
1	715
0	982
1	414
1	644
1	408
1	381
1	936
1	272
0	707
1	116
1	453
1	938
1	76
1	919
0	378
0	472
1	815
0	615
1	871
1	742
0	653
1	696
1	477
0	795
1	386
0	242
1	943
1	934
1	492
0	666
0	363
0	220
0	142
0	596
0	45
1	593
1	131
0	878
0	609
1	835
0	62
1	621
1	78
1	574
1	911
0	94
1	11
1	980
1	546
1	317
1	577
1	824
1	896
1	624
1	983
1	406
1	867
1	554
1	209
1	791
1	415
0	630
0	487
1	873
1	329
1	374
1	113
0	191
0	586
1	128
1	969
1	740
0	404
0	837
1	305
1	215
1	61
0	836
0	253
1	416
0	939
1	761
1	147
1	392
1	288
1	767
1	82
1	154
1	341
1	300
1	93
1	111
1	148
1	307
1	520
0	552
1	266
1	947
1	685
1	831
1	232
1	751
0	81
1	581
0	566
1	796
1	292
1	580
1	888
1	10
1	631
1	265
0	953
1	385
1	958
1	411
1	856
1	391
1	402
1	541
0	332
0	322
0	927
0	58
1	335
1	451
1	627
1	13
1	102
1	768
1	435
1	264
1	913
1	180
0	98
1	808
1	899
1	197
1	417
0	986
1	480
1	20
1	173
0	716
1	459
1	909
0	916
1	561
1	85
1	314
1	187
1	106
1	375
1	973
1	172
1	883
1	15
0	274
1	227
0	48
1	974
1	364
1	599
1	360
1	725
1	842
1	440
0	373
0	233
1	961
1	161
1	192
1	345
0	985
0	677
1	642
1	636
0	254
0	717
1	516
1	286
0	29
1	688
0	894
0	162
1	120
1	545
0	40
1	779
1	171
1	421
0	80
1	712
0	673
1	639
1	153
0	221
0	514
1	280
1	121
1	70
1	447
1	244
1	31
0	866
1	151
0	804
0	762
0	652
0	271
1	71
1	519
1	595
1	903
1	458
0	689
1	529
0	534
1	893
1	298
0	488
1	750
0	573
0	957
0	403
1	819
0	732
1	589
0	397
1	182
1	437
1	139
0	377
1	665
1	558
1	303
1	582
1	17
0	306
1	49
0	603
1	112
0	839
1	905
0	698
1	424
1	833
1	694
1	399
1	757
0	807
1	785
1	439
1	471
1	830
1	118
0	998
1	806
1	897
1	902
1	776
1	733
1	268
1	550
1	841
1	557
1	284
1	825
1	189
1	568
1	848
1	498
1	680
1	138
1	657
1	997
1	442
1	885
0	380
1	646
1	890
0	281
0	674
1	177
0	704
1	756
0	419
1	25
1	585
1	2
1	569
0	43
1	429
1	291
1	720
1	635
1	175
1	413
0	679
1	533
1	805
1	326
1	881
1	276
0	801
1	65
1	834
0	42
0	594
1	543
0	512
0	196
0	144
0	517
1	950
0	731
1	661
1	283
1	616
1	625
0	74
0	486
0	387
0	910
1	978
1	620
1	583
1	690
1	436
1	36
1	132
1	506
0	278