1	581
0	986
1	630
0	421
0	360
1	911
1	650
1	200
1	782
1	233
1	626
0	993
1	159
1	954
1	830
0	355
1	888
1	734
1	788
0	489
1	219
0	236
1	698
1	39
1	413
0	847
1	462
1	953
1	244
0	147
0	868
1	216
1	838
1	251
0	259
1	862
1	288
1	618
1	668
1	348
1	966
1	500
1	446
1	579
1	151
1	357
1	796
1	752
1	483
1	320
1	576
1	938
1	62
0	760
0	34
0	933
1	658
1	186
1	50
0	318
0	468
1	508
1	410
0	184
1	553
1	494
1	812
0	220
0	384
1	984
1	237
0	647
1	73
0	99
0	20
1	156
1	699
1	492
1	629
1	38
1	430
0	669
1	747
1	809
1	825
1	154
0	455
1	548
1	161
1	94
0	222
0	833
1	424
1	551
1	365
1	225
1	679
1	498
1	344
1	935
1	296
1	59
0	800
1	746
1	43
1	721
1	93
1	133
0	245
0	542
1	937
1	971
1	373
0	589
1	850
0	454
1	2
1	13
0	427
0	488
0	399
1	366
1	102
1	336
1	283
1	173
1	884
1	939
0	185
1	767
1	578
0	807
1	453
1	305
1	143
1	44
0	339
1	831
1	189
1	609
1	342
1	580
1	15
1	856
1	61
0	612
1	472
0	633
1	811
1	543
1	206
1	770
1	401
1	47
1	389
0	881
0	759
0	111
0	405
1	774
1	89
1	393
1	423
0	448
1	157
1	30
1	887
1	381
1	597
1	370
1	406
1	250
0	467
1	280
1	707
0	257
1	139
0	352
1	716
1	411
1	347
1	737
1	3
0	91
1	538
1	8
1	166
0	431
0	23
1	947
1	749
0	916
0	821
0	754
1	572
1	996
1	397
1	174
1	567
1	33
1	896
1	14
1	776
0	124
1	651
1	338
0	503
1	539
0	290
1	340
0	456
1	69
1	771
1	136
0	212
0	263
0	466
1	120
1	490
1	442
1	920
0	509
1	502
1	559
1	758
1	292
1	24
1	130
1	163
1	353
0	902
1	272
1	238
1	789
1	659
1	794
1	765
1	546
0	297
0	534
1	168
1	654
1	512
1	872
1	908
1	171
0	550
1	374
1	328
0	362
1	931
1	148
0	923
1	285
1	242
1	917
1	191
1	732
1	624
1	723
1	57
1	440
1	985
1	29
1	96
1	164
1	652
1	79
1	703
1	885
0	66
1	46
1	385
1	480
1	313
0	998
0	804
0	112
1	520
1	56
1	622
1	451
1	545
1	777
1	433
1	900
1	19
0	439
1	153
1	396
1	854
1	326
1	787
1	177
0	733
1	681
1	739
0	988
1	533
0	459
1	786
1	568
0	653
0	628
1	513
1	928
1	945
0	247
1	547
1	936
1	706
1	711
0	915
1	316
1	235
1	944
1	54
0	524
1	736
0	351
1	478
0	824
1	317
1	673
1	924
1	346
1	823
0	429
0	591
1	942
1	160
1	792
0	463
1	781
1	303
1	158
1	92
1	657
1	398
0	571
1	841
0	116
1	837
1	648
1	991
1	18
1	377
1	541
1	950
1	48
1	583
1	345
1	882
1	204
0	819
1	696
1	477
0	587
0	409
1	607
1	614
1	128
1	97
1	843
1	715
1	234
1	266
1	319
0	906
0	331
1	689
1	646
1	32
1	81
1	282
1	100
1	871
1	997
1	708
1	549
1	170
0	499
1	127
1	380
1	869
1	118
0	330
0	518
0	846
1	240
1	310
0	364
1	897
0	808
1	107
1	309
0	450
1	434
1	104
1	515
1	248
0	356
1	574
1	41
1	461
1	113
1	138
1	182
1	876
0	877
1	645
1	479
1	435
1	55
1	187
1	981
1	390
0	982
1	75
1	605
1	394
1	588
0	72
0	863
0	86
1	228
1	604
1	464
1	231
0	710
1	956
1	822
1	975
0	208
1	169
0	849
1	857
1	674
0	371
0	402
0	260
1	246
1	722
1	987
1	644
1	229
1	334
0	294
0	36
1	286
1	785
0	638
1	276
1	372
1	273
1	639
1	224
1	724
1	671
0	608
1	300
1	496
1	980
1	199
0	625
0	529
0	926
0	764
1	959
1	834
0	874
1	955
1	649
0	880
0	361
1	564
1	717
1	705
1	951
1	967
1	540
1	115
1	892
1	103
1	322
1	6
1	806
1	386
1	329
1	845
0	802
0	976
1	610
0	768
0	350
1	395
1	126
1	667
1	51
1	617
0	623
1	1
0	80
0	418
1	142
1	814
0	738
1	333
1	890
1	790
0	176
0	820
0	558
1	927
0	731
0	441
1	672
0	867
0	227
1	165
0	735
1	680
1	183
1	98
1	974
1	855
0	420
1	687
0	311
1	798
0	584
1	196
1	369
1	404
0	995
0	766
1	519
0	471
1	475
1	864
1	700
1	408
1	226
0	829
1	691
1	367
1	172
1	663
0	537
1	7
1	525
1	284
1	90
0	795
1	74
1	563
1	77
1	552
0	190
1	818
1	641
0	315
1	301
0	188
1	197
1	110
1	690
1	516
1	780
1	743
1	432
0	977
1	901
1	258
0	108
0	37
0	17
1	465
1	137
1	473
1	152
1	436
1	419
1	337
1	486
1	487
1	388
0	517
0	63
1	714
1	122
1	198
1	12
1	554
0	387
0	922
0	582
1	167
1	497
1	141
0	527
1	476
1	661
1	64
1	205
1	53
0	595
1	919
1	958
1	522
1	727
1	757
1	594
1	748
0	221
1	801
1	600
1	510
1	194
0	114
0	358
0	68
0	119
1	912
1	813
1	992
0	359
1	262
1	295
1	482
1	742
1	640
0	632
1	213
1	155
1	261
1	443
1	507
1	382
0	865
1	840
1	218
1	469
1	88
1	132
0	859
1	438
1	779
1	844
1	343
1	304
0	140
0	636
1	720
0	596
1	665
0	82
1	460
0	178
0	670
1	84
1	67
1	16
1	203
1	725
1	528
1	718
0	511
1	506
1	878
1	569
1	117
1	969
0	895
0	903
1	761
0	470
1	866
1	27
0	875
1	210
1	602
0	615
1	852
1	816
0	268
1	741
0	730
1	965
1	907
1	719
1	129
0	925
1	692
1	312
0	270
1	694
0	535
1	817
1	306
1	577
1	412
1	810
1	561
0	422
1	585
1	58
1	918
0	254
1	530
0	562
1	175
1	712
1	932
1	368
1	255
1	403
1	277
0	704
1	149
1	452
0	929
1	209
1	10
1	101
1	909
1	805
0	239
1	474
0	634
0	131
0	391
0	994
0	281
1	832
1	21
1	797
0	753
0	214
1	49
1	642
0	314
1	121
1	793
1	264
0	195
1	598
1	146
1	972
1	586
1	655
1	772
0	253
1	60
1	211
1	886
0	150
0	444
1	299
1	964
0	349
1	341
1	970
1	293
1	256
1	415
1	298
0	105
1	202
1	686
1	799
1	71
1	555
1	308
0	914
1	414
1	536
1	783
1	685
1	145
0	989
1	493
1	573
1	307
0	560
1	565
0	848
1	879
0	445
0	751
1	378
1	606
1	656
1	324
1	740
0	990
0	946
1	893
1	983
1	531
0	485
0	376
0	851
0	978
1	458
0	762
1	162
0	514
0	193
0	45
1	76
1	332
1	144
0	201
1	265
1	267
1	11
1	428
0	828
1	192
1	217
1	905
0	481
1	230
1	960
1	894
1	858
0	505
1	815
1	417
0	52
1	836
1	778
0	321
1	223
1	491
1	601
1	269
1	523
1	791
1	252
1	592
1	25
1	769
1	495
1	678
0	627
1	416
1	666
1	684
0	662
0	873
1	275
1	521
1	775
0	289
1	675
1	949
0	426
0	28
0	709
1	232
1	532
1	889
1	784
1	619
0	934
1	962
0	999
1	621
0	85
0	447
0	643
1	501
1	910
1	9
1	660
1	323
1	327
1	688
1	22
1	78
1	968
1	484
1	180
1	457
1	620
1	904
0	631
1	243
1	693
0	566
1	695
0	504
0	590
1	835
0	379
1	325
0	70
1	948
0	842
1	664
0	575
1	95
1	249
1	5
1	729
0	870
1	613
1	763
1	407
1	979
0	961
1	135
1	750
1	392
1	87
1	274
1	179
0	570
0	957
1	611
1	302
1	109
1	702
0	616
1	853
1	215
1	913
1	544
0	40
1	898
1	42
1	241
1	930
1	603
1	755
1	449
1	861
0	65
1	883
1	860
1	279
1	940
0	683
1	677
0	125
1	0
0	697
1	123
1	335
1	744
1	943
0	635
1	599
1	35
0	682
1	899
1	437
1	4
1	271
1	676
0	278
1	291
1	287
1	637
0	375
1	941
1	526
1	83
1	921
1	593
1	773
0	400
1	826
1	952
1	963
0	557
1	363
1	556
1	803
0	106
1	354
1	701
0	207
1	728
1	891
1	26
1	973
1	756
1	839
1	31
1	726
1	134
1	181
0	827
1	383
1	425
0	745
1	713