1	163
0	767
0	887
1	313
1	366
1	762
0	507
1	733
0	518
1	290
0	498
1	761
1	351
0	892
1	113
1	580
0	454
1	155
1	125
1	514
1	564
0	934
1	240
0	350
0	606
0	225
1	361
0	612
1	158
1	175
0	922
1	453
1	387
1	626
1	406
1	958
1	623
1	394
1	229
1	239
0	417
1	263
0	181
1	957
1	167
1	604
0	748
1	670
1	210
1	553
0	763
1	997
0	328
1	503
1	494
0	193
0	675
1	485
1	41
0	194
1	246
0	375
0	147
1	490
1	174
1	404
0	357
0	74
1	320
1	757
0	677
1	465
0	96
1	54
1	908
1	595
1	613
1	645
1	770
1	119
1	831
1	446
1	969
1	816
1	596
0	686
1	81
1	424
1	818
1	412
1	843
1	506
1	141
1	251
0	699
1	590
0	369
1	930
1	224
1	947
1	731
1	448
1	896
1	78
1	822
0	200
1	68
1	622
1	171
1	713
1	797
0	136
1	339
0	442
1	372
0	329
1	968
0	209
1	332
1	600
1	869
0	737
1	30
1	152
0	819
1	186
1	182
0	581
1	935
0	691
1	315
0	341
0	269
1	669
1	117
0	95
0	563
1	505
1	7
0	376
1	133
1	519
1	242
0	217
1	702
1	687
1	807
1	509
1	667
0	116
1	567
0	131
1	917
0	654
1	500
1	522
1	555
1	776
1	477
0	395
1	300
1	168
0	266
1	536
0	256
1	804
0	346
0	628
1	5
0	279
1	852
0	756
0	414
0	146
1	809
1	262
0	786
1	130
0	881
1	478
1	299
0	451
1	730
1	841
1	331
0	25
1	790
1	795
1	526
1	347
0	469
1	829
1	598
1	985
1	38
1	301
1	94
1	322
1	637
1	773
1	274
1	572
0	932
0	348
1	751
1	753
1	28
1	752
1	951
1	811
0	994
1	643
1	754
0	779
0	586
1	601
1	850
1	352
0	107
1	468
1	983
0	741
1	858
1	461
0	657
1	202
1	734
1	27
1	17
0	45
1	624
1	405
0	249
1	632
0	31
1	945
1	50
1	813
0	373
0	537
1	407
1	286
1	805
1	708
1	207
1	644
1	808
0	534
1	539
0	70
1	685
1	47
1	234
1	528
1	929
1	466
1	714
1	293
1	59
0	362
0	236
1	532
0	364
1	371
0	416
1	836
1	828
0	4
1	219
1	6
1	875
0	649
0	257
0	607
1	627
0	183
1	244
1	227
1	594
1	979
0	12
1	605
1	655
1	533
1	420
1	491
0	722
0	618
1	882
1	132
1	806
1	851
1	33
1	178
1	926
1	583
1	709
1	824
0	783
1	143
1	53
1	834
1	429
1	676
1	755
0	825
1	796
1	307
1	749
1	381
1	759
1	724
1	717
1	214
1	493
1	261
1	865
0	467
1	944
1	276
1	942
1	185
1	121
1	789
1	814
1	22
1	857
1	842
0	48
1	855
1	587
1	529
1	291
0	122
1	112
1	284
1	388
0	877
0	102
1	324
1	862
0	591
1	483
0	750
1	860
0	481
1	982
1	384
1	281
1	318
1	525
1	566
0	484
0	548
1	126
1	609
0	848
0	569
1	349
1	170
0	161
1	967
1	29
1	91
1	80
1	474
1	88
1	774
0	889
1	159
1	915
1	837
0	833
0	413
1	619
1	280
1	617
1	386
1	938
0	408
0	521
1	382
0	180
1	597
0	317
1	778
1	794
0	496
1	99
0	326
1	310
0	423
1	901
1	76
1	479
0	415
0	876
1	316
0	981
1	559
0	228
1	565
0	37
1	593
1	920
1	439
1	693
1	237
0	515
0	955
0	988
1	334
1	792
1	704
1	820
1	949
1	821
1	723
1	701
1	907
0	57
1	314
1	990
1	470
1	712
1	427
1	497
1	854
1	66
1	933
1	23
0	196
0	489
1	440
1	20
1	176
1	65
1	62
1	697
0	640
1	283
1	853
1	428
1	247
1	345
1	846
1	195
1	703
1	336
1	211
1	663
0	891
1	996
1	639
1	827
1	665
1	197
1	711
1	97
1	886
1	599
1	486
1	392
1	77
0	966
0	311
1	516
0	34
1	561
0	636
1	859
0	745
1	393
0	998
1	906
0	870
1	353
0	975
1	55
1	510
1	434
1	216
1	895
1	835
0	401
0	476
0	149
1	64
0	960
0	650
1	838
0	765
0	832
1	574
1	452
1	671
1	608
0	26
1	641
1	73
1	705
0	323
0	918
1	651
1	272
1	867
0	208
1	616
1	419
0	856
1	913
1	292
1	974
1	562
0	718
1	2
0	134
0	402
1	956
1	403
0	964
1	267
1	87
1	573
1	698
1	128
0	61
1	172
0	801
1	674
0	462
0	728
1	547
0	245
1	912
1	165
0	928
1	340
1	682
1	425
1	798
1	495
1	603
1	463
1	32
1	82
1	844
1	707
0	308
0	557
0	184
1	684
1	92
0	615
0	90
0	905
1	306
0	993
0	736
1	368
0	954
1	963
1	164
1	199
0	610
1	710
1	303
1	861
1	85
1	278
1	927
1	961
0	719
1	872
1	662
0	127
1	634
1	746
0	512
1	678
0	953
1	940
1	58
0	187
1	330
0	203
1	169
1	646
1	666
1	904
1	579
1	696
0	63
1	35
0	105
0	380
1	972
1	1
0	114
1	800
1	443
0	365
1	936
1	810
1	232
1	585
0	378
1	259
1	689
1	287
1	980
1	150
0	473
1	803
1	445
0	223
0	8
1	592
1	989
0	472
1	139
1	888
1	635
1	720
0	391
1	973
0	937
0	277
1	900
1	411
1	546
1	15
1	771
1	108
1	738
1	215
0	777
1	233
1	46
1	455
1	950
1	823
0	120
1	577
0	772
1	153
1	377
1	743
1	39
1	866
0	398
1	204
1	863
1	192
0	44
0	552
0	115
0	768
1	397
1	294
0	541
1	760
1	230
1	162
0	894
1	695
1	919
1	941
1	659
1	633
0	129
1	431
1	620
0	629
1	358
1	897
1	903
0	75
0	243
1	554
1	475
1	602
1	560
1	642
1	103
1	40
0	436
0	909
1	464
1	288
1	19
1	544
1	501
0	588
1	775
1	976
0	726
1	271
1	535
0	673
0	971
0	289
0	492
0	576
0	679
1	460
0	578
1	298
1	769
1	977
1	742
1	106
1	206
1	11
1	589
1	93
1	98
1	450
1	785
0	739
0	680
1	840
1	513
0	747
1	965
1	111
1	849
1	700
1	297
1	363
1	433
0	793
0	432
1	487
1	868
0	471
0	948
0	978
1	342
0	879
0	672
1	354
0	52
0	987
1	109
0	931
1	253
1	71
1	89
1	124
1	939
0	79
1	549
1	871
1	625
1	499
1	815
1	681
1	570
1	252
1	839
1	893
1	390
1	992
1	343
1	656
1	118
1	540
1	435
1	56
1	568
1	437
1	325
1	21
1	692
1	995
1	14
0	638
0	198
1	138
0	899
1	884
1	449
0	86
1	551
1	282
0	727
0	137
0	344
1	367
1	51
1	226
1	72
1	732
0	916
0	389
1	653
1	690
0	285
1	241
1	248
1	438
1	530
1	110
0	327
0	399
1	480
1	205
1	830
1	321
1	550
0	527
1	254
1	142
0	458
0	914
0	42
1	49
1	614
1	212
0	83
1	826
1	706
1	173
0	0
1	359
1	422
1	812
1	788
0	764
0	201
0	735
1	9
1	970
1	668
0	145
1	100
1	725
1	911
1	13
1	898
1	784
1	441
1	157
0	925
1	374
0	716
0	729
1	447
1	309
1	312
1	456
1	231
1	304
1	104
0	410
1	511
1	101
1	400
1	621
1	524
1	148
1	787
1	123
1	370
1	611
1	874
1	883
1	190
1	60
1	221
0	43
1	258
1	319
1	275
1	220
1	648
1	356
1	213
0	864
1	24
0	396
1	694
1	457
1	488
1	517
0	385
1	18
1	575
1	542
1	781
1	260
1	270
1	508
0	721
0	556
0	890
0	335
1	36
1	16
1	999
1	218
1	885
0	502
0	154
1	791
1	379
1	660
1	84
1	545
1	295
1	845
0	873
1	67
1	780
1	430
1	802
0	923
0	664
0	296
0	264
0	166
1	571
0	984
1	156
1	991
1	582
1	338
0	661
1	946
1	179
1	782
1	959
1	444
0	688
1	418
0	523
1	630
1	250
1	255
0	740
1	355
1	584
1	383
1	189
1	902
1	943
1	531
0	333
1	135
1	482
1	924
1	758
0	191
0	235
1	715
1	520
1	426
0	952
1	268
1	817
0	631
0	921
0	962
1	543
0	910
1	558
1	305
1	421
0	144
1	878
1	647
0	459
1	766
1	302
1	744
1	409
1	360
1	273
0	10
1	69
1	799
1	658
1	238
1	140
1	504
1	188
1	847
1	177
1	3
1	151
1	652
1	337
1	160
1	265
1	222
0	986
1	683
0	538
1	880