1	214
1	634
1	641
0	59
1	37
1	40
1	880
0	947
1	340
0	307
1	928
0	916
1	804
1	180
1	311
0	610
0	984
1	89
1	92
0	830
0	45
1	223
0	177
0	619
1	507
1	411
1	587
0	163
0	70
1	497
1	531
0	327
1	910
0	457
1	341
0	735
1	757
1	130
1	399
0	862
1	515
1	528
0	202
0	914
0	944
1	744
1	872
1	784
1	718
1	687
0	35
1	229
1	82
1	155
1	339
0	903
1	490
1	893
0	809
1	17
1	909
1	733
1	326
1	977
0	5
1	580
0	616
1	279
1	808
1	770
1	705
1	206
1	186
1	410
1	306
0	27
0	178
1	418
1	932
0	469
1	896
1	752
0	878
1	920
0	166
0	700
0	493
1	717
1	280
1	915
1	889
1	517
1	785
1	901
1	618
1	819
1	917
1	648
0	743
1	856
0	99
1	865
1	603
1	44
1	535
1	372
1	980
1	248
0	759
1	649
1	87
1	91
1	337
1	816
1	8
0	98
1	828
1	950
1	602
0	395
1	858
1	284
1	61
1	93
1	751
0	200
1	435
1	711
1	161
1	802
1	951
1	480
0	23
0	982
0	32
1	502
1	686
1	760
0	523
1	462
1	831
1	417
1	945
0	762
1	455
0	564
0	643
1	15
1	763
1	333
1	377
0	974
1	3
1	38
1	110
1	120
1	985
0	818
1	148
1	332
1	695
1	882
0	432
1	897
1	698
1	857
1	778
1	94
0	292
1	445
1	726
1	216
1	812
0	342
1	10
1	167
1	226
1	765
1	796
1	860
0	25
1	651
1	345
1	184
1	612
1	584
1	644
0	106
1	675
1	579
1	787
1	669
1	4
1	949
1	697
0	835
0	254
1	505
1	347
1	881
1	539
0	456
1	964
1	448
0	547
1	929
1	0
1	348
0	460
1	672
1	228
0	631
1	716
0	414
1	638
0	927
1	636
0	256
1	512
1	232
1	677
1	871
0	136
1	24
1	461
1	314
0	113
1	363
1	722
1	150
1	164
0	730
1	623
0	371
1	965
1	937
0	285
1	310
1	422
1	621
0	360
0	824
0	14
1	359
1	107
1	640
1	629
1	922
1	416
1	388
1	213
1	694
1	663
1	129
1	230
1	266
1	50
1	189
1	434
1	1
1	642
0	670
1	833
1	513
1	519
1	403
1	491
1	122
1	536
1	967
0	423
1	96
1	960
1	249
0	941
1	283
1	101
1	942
0	734
1	13
1	442
1	86
1	563
1	146
1	627
1	844
1	465
1	251
1	406
1	451
1	736
1	930
0	240
1	404
0	647
0	317
0	350
0	277
1	849
1	626
1	443
0	543
1	659
1	771
1	74
1	244
1	428
0	845
0	811
1	876
0	923
1	58
1	62
0	100
1	558
1	276
0	141
1	328
1	609
0	738
0	265
0	260
1	780
1	652
0	296
0	581
1	933
1	817
1	441
1	754
1	176
1	689
1	425
1	489
0	807
1	492
1	390
0	534
1	475
0	115
0	801
1	191
1	656
1	174
0	538
1	511
0	454
1	568
0	162
1	679
1	600
0	321
1	938
1	527
0	589
0	481
0	747
1	145
1	373
0	868
0	486
1	210
0	692
1	772
1	330
0	798
0	379
1	382
0	924
1	329
0	224
1	799
1	664
0	986
1	729
1	891
0	409
1	727
1	429
1	291
1	879
1	105
0	119
1	126
1	934
0	494
1	357
1	11
1	121
1	413
1	805
0	769
0	742
1	702
1	957
0	814
1	823
1	790
1	33
1	255
1	392
0	160
1	116
1	510
1	605
1	103
1	211
1	257
1	264
1	313
0	855
1	290
0	192
0	668
0	904
1	496
1	286
0	561
1	861
1	474
0	870
1	518
1	559
0	219
0	151
1	710
0	225
1	732
0	67
1	995
1	397
0	837
1	450
1	354
1	549
1	550
1	54
1	978
1	709
1	485
1	281
0	660
1	598
0	529
0	55
1	956
1	975
1	832
1	597
0	508
1	369
0	16
1	731
0	319
0	707
1	899
1	234
1	183
1	750
1	843
0	446
0	703
1	724
1	586
1	990
0	782
0	601
1	463
1	204
1	773
0	766
1	26
1	198
1	323
0	459
1	374
0	376
0	821
1	315
0	282
1	680
1	793
1	701
1	988
1	810
1	199
0	779
1	998
1	682
1	338
1	792
0	557
0	488
0	789
0	185
1	95
1	197
0	525
1	49
0	138
1	43
1	553
1	813
0	608
0	6
1	788
1	427
1	355
0	193
1	749
0	973
1	541
1	569
1	343
1	97
1	31
0	628
0	902
1	239
1	203
1	218
0	864
0	650
1	658
1	582
1	560
0	791
0	466
1	194
1	981
0	961
1	68
1	825
1	948
1	678
0	848
1	394
1	890
1	908
1	169
1	994
1	235
1	452
1	532
1	725
1	400
1	118
1	883
1	972
1	867
1	846
1	415
1	140
0	217
1	258
1	127
1	613
1	303
1	926
0	85
1	309
1	991
0	959
1	533
1	504
1	247
1	925
1	111
1	131
1	170
1	761
1	36
0	708
0	943
0	300
1	2
1	108
0	467
1	936
1	297
1	775
0	577
1	421
1	482
1	57
1	168
1	630
1	365
1	274
1	65
1	88
1	854
1	344
1	774
0	591
1	617
0	834
0	433
1	655
1	676
0	509
1	667
1	721
1	270
0	171
1	81
0	154
1	565
1	666
1	976
1	312
1	51
1	776
0	521
0	576
1	134
1	47
1	979
0	654
0	578
1	758
1	537
0	430
1	946
0	954
1	826
1	839
1	380
1	157
1	554
1	996
1	713
1	273
1	829
1	424
0	741
1	305
1	906
1	152
0	393
1	362
0	622
0	188
1	133
1	520
0	72
1	139
1	566
1	783
0	483
1	356
0	963
0	838
0	748
0	548
1	471
1	607
0	149
1	179
1	633
1	768
1	815
0	795
1	294
1	585
1	271
1	308
0	786
0	396
1	236
1	907
0	378
1	673
0	955
1	739
1	159
1	389
1	293
1	562
0	352
1	288
1	645
1	781
1	318
0	304
0	592
1	714
1	939
1	524
0	847
0	231
1	478
0	449
0	501
1	48
0	753
1	551
0	877
0	952
1	66
1	77
1	353
1	295
1	287
1	408
0	18
1	187
1	458
1	940
0	552
1	662
1	851
1	468
0	840
1	125
1	746
1	440
1	173
1	437
1	983
1	875
1	117
1	278
0	794
1	272
1	64
1	728
1	289
1	75
1	575
0	438
0	931
0	653
1	674
0	208
0	156
1	691
1	109
1	398
1	207
1	299
1	227
1	506
1	892
0	993
0	181
1	935
1	911
1	987
1	158
1	34
1	842
1	572
1	381
0	699
0	243
1	968
1	165
1	30
1	137
1	567
1	209
0	346
0	253
1	841
0	453
1	625
1	866
1	19
1	836
1	436
1	913
1	723
1	820
0	921
1	800
1	135
1	499
1	850
1	52
1	685
1	573
1	201
1	361
1	222
1	367
1	822
1	570
1	540
1	997
1	500
1	112
0	142
1	405
1	604
1	756
1	606
1	331
1	583
0	755
0	962
1	593
1	238
1	439
0	484
1	245
1	894
1	571
1	368
0	358
1	637
1	498
0	767
1	212
1	594
1	325
0	391
1	514
1	269
0	556
1	375
1	190
1	42
1	715
1	407
0	706
1	614
1	90
0	745
1	316
1	476
1	69
0	999
1	873
1	221
1	806
1	237
0	487
1	80
1	693
1	143
1	242
0	545
1	696
0	473
1	215
1	259
1	39
1	681
1	970
1	688
1	544
1	884
1	905
1	639
1	261
0	53
1	21
0	172
1	84
0	302
1	555
1	712
1	918
1	620
1	869
1	336
1	252
1	588
1	522
1	969
1	324
1	665
1	385
1	420
1	73
0	477
1	22
0	989
1	444
1	132
1	599
0	464
0	953
1	595
1	912
1	900
1	386
0	737
1	885
1	56
0	661
0	383
0	123
1	268
0	719
1	966
1	690
1	63
1	335
0	720
1	615
1	267
1	262
1	971
1	79
1	29
1	624
1	401
1	704
1	546
1	590
1	992
1	683
0	611
1	419
1	777
1	919
0	426
1	28
1	632
1	241
1	41
1	83
0	298
0	147
1	71
1	495
1	863
1	76
1	853
1	472
1	322
1	182
1	740
1	646
1	20
1	334
1	60
1	275
1	874
0	412
1	46
1	233
0	320
1	470
1	128
0	124
1	387
0	852
1	196
1	516
0	114
0	144
1	888
1	104
1	797
1	958
1	503
1	364
1	402
1	635
0	349
1	431
1	530
1	803
0	12
0	886
1	370
1	153
1	366
1	301
0	542
0	220
1	7
1	895
1	671
1	596
1	574
1	263
1	447
1	250
1	384
1	205
1	764
1	887
0	827
1	351
1	657
0	78
0	526
1	9
1	175
0	246
1	684
1	859
1	102
1	898
0	195
1	479