0	184
0	557
0	548
0	304
1	479
1	747
0	824
1	804
1	518
1	610
0	352
1	595
1	878
0	685
1	411
1	211
1	532
1	620
1	384
1	682
0	219
0	616
1	957
1	277
1	917
0	786
1	667
1	881
1	647
1	130
1	426
0	432
1	728
0	864
1	810
1	101
0	445
1	538
1	932
0	586
1	700
1	154
0	859
1	46
1	883
1	322
1	640
1	482
1	245
0	648
1	899
1	326
0	274
1	267
1	136
1	71
1	217
1	576
0	397
1	569
0	706
1	26
1	167
1	394
1	95
0	339
0	943
0	158
0	718
1	180
0	156
1	607
1	421
1	877
0	601
1	416
1	839
1	152
1	567
0	641
0	596
1	205
1	617
1	690
1	185
1	511
0	103
1	841
0	558
0	449
1	938
0	467
1	535
1	447
1	492
1	385
1	556
0	298
1	58
1	686
0	348
1	809
1	500
1	406
1	460
1	443
1	892
1	582
0	551
1	63
1	237
0	650
0	760
1	195
1	972
1	727
1	235
1	328
1	395
1	377
1	680
0	293
1	462
1	367
0	549
1	220
1	153
1	400
1	976
1	273
1	398
1	247
1	390
0	733
1	331
1	908
0	628
1	922
1	440
0	507
1	333
1	176
0	593
0	19
0	542
1	436
1	745
1	950
0	862
1	250
1	313
0	842
0	141
0	115
1	627
0	90
0	190
1	198
0	729
1	483
0	836
0	146
1	404
1	503
1	732
1	895
0	193
0	856
1	740
0	178
1	22
0	340
1	477
1	208
0	139
0	285
1	84
0	666
1	829
0	311
0	815
1	119
1	790
1	730
1	172
1	944
1	857
0	4
0	97
1	555
1	56
1	42
1	39
1	825
1	870
1	414
1	827
1	319
1	533
1	946
0	454
0	636
1	192
1	21
1	939
1	787
0	323
1	132
1	868
1	867
1	914
0	631
1	688
1	303
1	78
1	70
1	170
1	64
0	315
1	233
1	566
1	861
0	295
1	894
1	805
1	431
1	74
0	521
1	855
0	505
1	434
1	516
1	834
1	644
1	792
1	798
1	722
0	993
0	11
1	138
1	519
1	776
1	451
1	484
1	969
0	14
1	692
1	691
1	29
1	684
1	243
1	508
1	212
1	439
1	721
1	30
1	852
1	668
0	714
1	918
0	713
1	677
0	705
1	613
1	678
0	183
0	338
1	191
0	343
0	446
1	40
1	485
1	581
0	575
1	36
1	441
1	289
1	194
1	188
1	775
1	928
0	589
1	525
1	926
0	510
1	929
1	886
1	129
1	737
1	707
1	425
0	734
0	430
0	281
0	197
1	159
1	278
1	242
1	490
1	710
1	847
1	284
0	468
1	597
1	694
1	358
1	305
1	723
0	140
1	940
0	466
1	374
1	615
1	909
1	351
0	955
1	23
1	702
1	122
1	27
1	803
0	903
1	168
1	280
0	407
1	814
1	975
1	316
0	758
0	643
1	656
1	974
1	419
1	491
1	876
1	382
1	143
1	618
1	342
1	887
0	165
0	224
1	716
1	817
1	622
0	811
1	701
1	560
1	314
1	594
0	104
1	709
1	956
1	386
0	258
1	25
0	470
1	605
1	767
0	651
1	893
0	935
1	387
1	372
1	794
1	54
1	109
0	494
1	287
0	634
1	911
1	428
1	602
1	93
1	754
1	399
1	86
1	251
0	725
1	915
1	61
1	330
1	3
1	606
1	835
1	403
1	155
1	599
1	332
1	590
0	329
0	795
1	637
0	654
1	493
1	365
1	571
1	891
0	481
1	888
0	13
0	239
1	256
1	77
1	498
1	199
1	504
1	979
1	144
1	68
1	796
0	553
1	81
1	409
1	310
1	753
1	695
1	67
1	388
0	832
0	828
0	216
1	380
1	910
0	789
1	698
0	231
0	120
1	92
1	182
0	379
0	838
1	203
1	509
1	160
0	260
0	840
1	778
1	34
1	506
0	253
1	179
0	135
1	200
0	459
0	807
1	757
1	292
1	609
1	818
1	334
1	565
1	959
0	15
1	270
1	674
1	633
1	471
1	72
1	942
1	522
0	837
1	282
0	851
1	524
0	964
1	797
1	392
0	739
1	924
1	422
0	572
0	362
1	98
0	978
1	562
1	487
0	474
1	465
0	782
1	66
1	724
0	872
1	294
1	347
0	749
1	370
0	552
1	371
1	530
1	949
1	770
1	720
1	900
0	869
1	773
0	663
1	408
1	963
1	854
1	33
1	91
1	469
1	534
0	799
1	675
0	450
1	584
1	958
1	885
0	873
1	230
1	6
1	227
1	880
0	823
0	359
1	642
0	283
0	833
1	369
1	204
0	863
1	389
1	473
0	20
0	401
0	992
0	45
1	623
1	965
1	214
1	133
0	912
0	570
1	669
0	547
1	381
0	585
1	927
0	53
1	860
0	201
0	238
1	457
0	629
0	325
1	453
1	813
1	784
0	986
1	82
1	768
0	327
1	934
1	65
0	901
1	151
0	719
1	10
1	577
1	252
1	418
1	843
1	820
1	953
1	255
1	424
1	499
1	368
1	437
1	111
1	925
1	989
1	145
1	225
1	268
1	554
0	568
1	196
1	515
1	984
0	321
0	80
1	657
0	488
1	134
0	681
1	527
1	429
1	600
0	312
1	812
0	308
1	920
0	574
1	79
1	588
1	906
1	785
0	62
0	279
1	213
1	271
1	746
1	765
1	393
1	396
1	580
1	7
1	801
1	464
0	174
1	137
1	546
1	24
0	664
1	405
0	772
0	564
0	286
0	444
1	652
0	704
1	391
1	655
0	357
0	921
0	128
1	458
0	528
1	625
1	731
0	916
1	337
1	306
1	497
1	502
1	536
0	296
1	826
0	699
1	671
0	630
1	611
1	423
1	16
0	240
0	105
1	346
0	923
1	73
1	540
1	486
1	69
1	830
1	248
1	750
1	866
1	711
0	375
0	608
1	360
0	257
0	412
0	476
0	480
0	614
1	417
1	309
1	919
1	948
1	472
0	48
1	44
1	603
1	846
0	604
1	660
0	341
1	844
1	210
1	687
1	320
0	735
1	96
0	662
1	171
1	353
1	226
0	354
1	31
1	438
1	495
0	478
1	800
0	126
0	990
0	676
1	124
1	997
0	764
1	884
1	57
1	752
1	51
0	76
1	982
0	578
1	945
0	683
0	361
1	980
0	383
0	116
0	206
0	744
1	264
1	875
1	693
1	18
0	587
1	717
0	550
1	222
1	177
1	59
1	971
0	259
1	517
1	763
1	512
0	933
1	215
1	350
1	378
1	808
1	821
1	175
1	106
1	189
1	402
1	513
0	994
0	272
1	913
0	344
1	591
1	17
0	531
0	653
1	223
1	302
1	269
1	489
1	761
0	8
1	162
1	762
1	110
0	317
1	539
1	621
1	47
0	164
1	32
0	937
1	83
0	5
1	791
1	102
0	952
1	995
1	715
1	475
1	999
1	12
1	954
1	356
1	635
1	537
1	435
1	738
0	113
0	822
1	276
1	241
1	413
0	149
0	931
0	649
1	373
1	882
1	99
0	743
0	88
0	788
1	781
1	147
1	858
0	275
0	114
1	670
1	726
1	968
1	173
1	75
1	831
1	163
0	9
1	355
1	898
1	689
0	94
1	85
1	973
1	169
1	672
1	157
1	107
1	771
1	461
1	246
1	266
1	501
1	541
1	161
1	849
0	659
1	363
1	118
1	35
0	290
1	696
1	936
1	981
1	209
1	559
1	703
1	263
1	100
0	221
1	561
1	1
0	364
1	665
1	819
1	148
1	291
0	543
0	526
1	415
0	779
1	853
0	751
1	125
1	748
1	228
1	845
1	890
1	632
1	249
0	985
1	879
1	117
1	520
1	902
1	529
1	207
0	708
1	452
1	848
0	874
1	742
0	987
1	52
1	563
0	123
1	783
0	736
1	232
1	951
1	410
0	43
0	941
1	897
1	896
0	442
0	131
1	112
1	592
1	962
1	166
1	41
0	244
1	545
1	780
1	777
0	455
0	759
1	766
1	998
1	816
1	573
1	626
1	769
1	639
1	889
1	619
1	756
1	420
1	579
1	658
1	697
0	261
1	907
1	307
0	523
0	741
1	335
1	108
1	960
0	967
1	234
1	187
1	254
1	121
1	38
1	366
1	755
1	645
1	262
1	970
1	612
1	300
0	181
1	904
0	2
0	236
0	871
1	661
1	961
1	977
1	433
1	60
1	376
1	806
1	336
1	127
1	301
1	947
1	345
0	448
0	297
1	324
0	583
1	142
1	229
0	793
0	456
1	288
0	712
1	0
0	930
1	463
1	991
1	218
0	349
1	50
0	150
1	49
0	638
0	299
1	966
0	905
0	427
1	496
1	802
0	89
1	996
0	544
1	624
1	37
0	202
0	673
0	318
1	679
1	28
1	850
1	514
1	186
1	774
1	983
1	865
0	598
1	55
1	646
1	87
1	988
1	265