1	958
1	750
1	946
1	305
1	832
1	134
1	132
1	102
1	275
1	300
0	440
0	740
1	139
0	100
1	595
0	719
1	471
1	614
1	120
1	605
1	26
1	663
0	195
1	619
1	515
1	922
1	602
0	545
1	297
1	265
1	830
1	115
0	206
1	203
1	554
1	722
1	500
1	828
0	653
1	145
1	436
0	768
1	661
1	363
1	261
0	166
1	890
0	368
0	282
1	37
1	151
1	0
1	735
1	944
0	353
1	644
0	335
1	356
1	862
0	332
1	478
0	995
1	83
1	160
1	427
1	264
1	410
1	942
1	522
1	280
1	655
1	258
0	91
1	429
1	306
0	579
1	438
1	658
1	425
1	508
1	999
0	899
1	943
1	881
0	480
1	566
1	863
0	874
0	482
0	643
1	909
1	121
1	720
1	925
1	859
1	420
1	36
0	156
1	446
1	844
1	334
0	178
0	994
1	553
1	804
0	329
1	200
0	221
0	467
1	600
0	207
0	159
1	569
1	687
1	348
1	868
0	808
0	299
1	640
1	733
1	361
0	269
1	333
0	43
1	879
1	815
1	31
1	54
0	313
0	339
1	866
1	318
0	746
0	74
1	82
0	531
1	189
1	205
1	255
1	188
0	389
1	997
0	548
1	209
1	632
1	634
1	704
1	174
1	674
1	411
0	256
0	47
1	514
1	717
1	395
0	58
1	857
0	953
1	558
1	459
1	967
1	7
0	270
1	623
0	776
0	236
0	557
1	30
1	113
1	941
1	875
0	341
1	671
1	726
1	927
0	753
1	315
1	497
1	260
1	246
1	772
1	99
0	509
1	108
1	412
1	320
0	68
1	324
0	150
1	225
1	805
0	303
1	911
0	962
0	215
1	718
0	988
1	75
1	701
1	688
1	810
0	373
1	964
1	243
1	954
1	599
1	185
1	651
1	841
1	680
1	992
1	976
1	130
1	247
0	286
1	670
0	535
1	176
0	85
1	14
0	441
1	572
1	777
1	277
1	95
0	751
1	331
0	490
1	955
1	461
0	812
1	477
1	262
0	742
1	801
1	345
1	321
0	851
1	231
0	90
1	86
1	667
0	730
1	148
0	511
1	347
1	79
0	287
1	464
1	155
1	935
1	302
1	34
1	987
0	170
1	218
1	778
0	379
0	444
1	310
1	998
0	106
1	296
1	271
1	878
1	823
1	715
1	972
1	274
1	244
1	544
1	896
1	250
1	645
1	926
1	950
1	375
0	984
1	564
1	338
1	463
1	78
1	88
0	133
0	257
1	51
0	319
1	736
1	383
1	555
1	123
0	631
1	343
1	457
0	357
1	657
1	529
0	52
0	284
1	838
1	573
1	834
1	836
1	523
1	382
1	799
0	936
0	358
1	466
1	785
1	786
0	817
1	611
1	414
0	135
1	416
0	49
1	888
1	629
1	571
1	232
1	570
1	374
0	27
0	646
1	400
1	517
1	818
1	712
1	118
0	371
1	604
0	846
1	845
0	706
1	914
1	947
1	951
1	590
1	598
1	499
1	910
1	3
1	9
0	432
1	642
1	738
1	860
1	502
0	352
1	934
1	960
1	131
0	538
1	104
1	802
1	224
1	525
1	437
1	698
1	635
1	328
1	233
1	774
1	89
1	803
1	144
1	673
1	709
1	23
0	323
0	782
0	198
1	734
1	839
1	486
1	76
0	146
1	393
1	684
0	140
1	551
0	601
0	762
1	180
1	928
0	192
1	372
1	18
1	196
0	5
0	304
0	384
1	451
1	163
1	905
1	966
0	813
1	707
1	897
0	737
1	593
1	21
1	876
1	238
1	534
0	64
1	362
1	798
0	933
1	915
1	577
1	449
0	612
1	945
1	475
1	4
1	613
1	683
1	889
1	711
1	783
1	952
1	127
1	797
1	567
1	213
1	852
1	330
1	435
1	702
1	809
1	226
0	660
1	141
1	638
1	756
0	355
0	399
1	891
1	563
1	754
1	606
1	392
1	473
1	986
1	67
1	228
0	948
1	496
0	743
1	365
1	181
1	892
0	20
1	589
1	32
1	732
1	263
1	767
1	749
1	755
1	72
1	112
1	532
1	19
1	921
1	985
1	728
0	129
1	882
1	483
1	731
1	66
1	666
1	360
1	541
1	387
1	819
1	568
1	326
1	450
0	114
1	870
0	536
1	565
0	485
1	316
1	543
1	814
1	880
0	787
1	317
1	618
1	981
1	364
1	794
1	850
0	507
1	22
1	484
1	919
1	530
1	293
0	974
0	989
1	93
1	453
1	647
1	763
1	62
1	294
0	35
1	59
1	217
1	147
1	716
1	586
0	404
1	488
1	519
0	582
1	291
1	44
1	877
0	346
1	622
0	474
1	424
1	869
1	468
0	183
1	24
1	128
0	610
1	187
1	549
1	691
1	73
1	259
1	713
1	773
1	222
1	386
1	397
1	588
1	747
1	193
1	199
0	402
1	983
1	584
0	369
1	390
0	418
0	48
1	77
1	855
1	81
1	575
1	487
1	607
1	169
1	377
0	314
1	442
0	827
1	708
1	122
1	603
0	692
1	57
1	697
0	370
1	585
1	539
1	111
0	281
0	322
1	829
1	765
1	518
1	248
1	587
1	342
1	831
1	699
1	469
1	252
1	142
1	906
0	907
0	154
1	650
1	208
1	349
1	278
0	298
1	312
1	422
1	533
1	107
1	41
1	705
1	748
1	454
1	288
1	42
1	116
1	80
1	540
1	447
1	381
1	594
1	489
0	780
0	973
1	136
1	721
0	505
1	725
0	546
1	109
0	472
1	524
1	624
1	677
1	413
0	833
1	191
0	65
0	498
1	211
1	458
0	119
0	990
1	272
1	103
0	465
1	556
1	98
1	930
1	608
1	276
1	628
0	443
1	309
0	254
1	793
1	96
1	240
1	800
1	354
0	592
1	789
1	455
1	678
1	301
1	537
1	668
1	292
1	965
1	883
1	901
1	350
1	895
1	494
1	491
1	620
1	689
1	434
0	223
1	415
1	126
1	693
1	578
1	968
1	788
1	46
1	820
1	639
1	210
1	807
1	636
0	53
0	840
1	884
1	460
0	656
1	550
1	669
0	854
1	152
1	366
1	55
1	835
0	101
1	63
1	858
1	675
0	886
1	649
0	847
1	197
1	924
1	923
0	172
0	92
1	520
1	149
0	741
1	679
0	125
1	245
1	177
1	385
0	344
0	45
1	214
0	327
1	39
0	16
0	29
0	216
1	417
1	837
1	40
1	971
1	842
0	795
1	184
1	963
1	527
1	637
0	574
1	110
1	409
0	781
1	816
1	581
1	887
1	212
0	664
1	596
1	308
0	493
0	456
0	641
1	979
1	124
1	739
1	625
1	398
0	849
0	325
1	917
1	672
1	234
1	202
0	516
0	56
1	723
1	295
1	576
0	194
1	938
1	408
0	727
1	822
1	378
1	724
0	11
1	806
1	153
0	757
0	865
0	559
0	1
1	561
0	165
1	492
1	336
1	694
0	521
1	821
0	796
1	38
1	770
0	380
1	426
1	405
1	871
1	562
0	182
1	359
1	501
1	633
0	462
1	452
0	448
1	920
1	249
1	993
1	50
0	279
1	61
1	978
1	479
1	158
1	665
1	961
1	621
1	290
1	848
0	6
1	932
0	695
1	790
1	826
0	421
0	977
1	367
1	229
1	682
1	700
1	982
0	703
0	512
1	407
1	912
1	510
1	394
1	686
0	481
1	71
1	12
1	162
1	956
1	900
0	758
1	25
0	843
1	495
1	916
1	872
1	648
0	752
1	267
1	10
1	937
1	526
1	769
1	918
1	542
1	760
1	143
0	161
0	791
1	853
0	242
0	340
1	87
1	401
1	311
1	904
0	283
1	8
0	991
1	289
0	391
1	547
1	591
0	97
1	957
1	403
1	996
1	898
1	235
1	230
1	513
1	433
1	714
0	775
1	893
1	867
1	376
1	337
1	580
0	627
0	659
0	28
0	227
0	676
1	959
1	175
0	201
0	824
1	597
1	70
0	503
1	908
1	902
0	856
1	219
0	105
1	970
1	430
1	939
0	690
1	506
1	237
0	419
1	388
1	17
1	864
1	504
1	84
1	825
0	885
1	949
1	241
1	940
1	157
1	439
1	138
1	431
1	779
0	861
1	220
1	396
1	94
1	168
1	764
0	931
1	167
1	696
0	811
1	60
1	406
0	681
1	744
0	616
1	445
1	975
1	873
1	2
0	617
1	351
0	710
1	470
1	285
1	173
1	903
0	253
1	190
0	428
1	792
1	266
1	164
1	630
0	980
1	528
1	913
1	15
1	761
1	652
1	273
1	771
0	685
0	307
0	766
0	251
1	423
0	745
1	204
1	615
1	560
1	729
1	784
1	268
1	609
1	171
0	33
1	929
1	69
0	552
1	662
1	13
0	137
1	179
0	476
1	759
1	969
1	239
1	654
1	894
1	186
1	583
1	117
1	626