1	798
1	392
1	965
1	19
1	448
1	881
0	293
1	461
1	258
1	91
1	137
0	984
1	233
1	669
1	893
1	176
0	184
1	727
0	90
1	975
1	970
1	242
0	349
1	97
1	571
0	283
1	178
1	600
1	548
1	670
0	801
1	776
1	944
1	372
1	890
0	394
1	420
1	435
1	296
1	114
1	790
0	827
0	467
1	205
1	886
0	447
0	762
1	597
1	689
0	123
1	747
1	314
1	343
0	48
1	46
0	579
0	391
1	236
1	777
1	800
1	292
1	9
1	248
1	879
0	53
0	72
1	534
1	102
1	454
1	697
1	475
1	949
1	971
1	78
0	601
1	196
0	204
1	81
1	997
1	613
1	291
0	594
1	546
1	89
0	0
1	486
1	279
1	742
1	193
1	756
1	884
1	186
1	718
0	271
1	354
1	731
1	745
1	539
1	987
1	865
1	382
1	719
1	707
1	796
1	66
1	266
0	408
0	791
1	808
1	932
1	934
0	307
0	159
0	462
1	409
1	676
0	239
1	929
1	243
1	951
0	154
1	619
1	524
1	199
0	750
1	834
1	418
0	376
1	368
1	746
1	899
1	725
0	434
1	815
1	877
0	564
1	658
1	326
1	502
1	98
1	957
1	63
1	821
1	512
1	385
1	93
0	749
1	638
0	557
1	882
1	41
1	124
1	166
0	861
1	424
1	135
1	542
0	347
0	814
1	912
1	634
1	519
0	712
0	525
1	96
1	553
1	94
1	273
1	436
0	254
1	450
1	624
1	925
1	826
1	377
1	540
0	129
1	162
1	313
1	839
1	810
1	209
1	407
1	717
1	482
1	789
0	27
1	215
1	793
0	47
1	23
1	863
1	610
0	318
1	194
1	216
1	207
1	812
1	173
1	967
1	211
1	831
1	938
1	552
1	960
1	470
1	64
1	185
0	422
1	362
1	608
1	824
0	60
1	889
0	75
1	538
1	851
0	128
1	896
1	10
0	13
0	384
1	705
1	541
1	779
1	809
0	302
1	833
1	950
1	20
1	227
0	874
1	374
1	119
1	942
0	32
1	864
1	754
0	609
1	734
1	891
0	245
1	678
1	460
0	464
1	68
1	234
1	373
0	270
1	885
1	956
1	532
0	628
1	883
0	56
0	527
1	495
1	477
1	145
1	498
0	961
1	575
1	966
1	92
0	259
0	108
1	643
1	202
0	835
0	509
0	163
1	396
1	369
0	43
0	399
1	61
1	729
1	26
1	88
1	710
0	468
1	241
1	778
1	693
1	361
0	505
1	181
1	857
1	210
0	876
1	612
1	567
1	54
0	792
0	481
1	869
0	576
1	513
1	342
1	635
1	105
1	716
1	101
1	763
1	466
1	171
0	238
1	683
1	931
1	443
1	671
1	954
1	915
0	168
1	880
1	200
1	423
1	11
1	253
0	632
1	130
0	110
0	592
1	113
1	133
0	625
1	735
1	30
1	8
1	690
0	998
1	765
1	878
1	559
1	99
0	257
1	104
1	353
1	829
1	656
1	174
0	364
1	646
1	222
1	440
0	45
0	855
1	703
1	387
1	760
1	352
1	319
0	149
0	303
1	336
1	730
0	269
0	673
1	386
1	820
1	529
1	327
1	914
1	516
1	909
1	71
1	794
1	751
1	964
0	995
1	370
0	478
1	939
1	537
0	920
0	158
1	618
1	416
1	405
0	955
1	653
1	830
1	926
1	588
1	700
1	651
1	787
1	125
1	649
1	235
1	365
0	898
1	732
1	148
0	766
1	160
1	120
0	846
1	77
1	39
1	126
1	528
1	544
1	429
1	206
1	157
1	339
0	985
0	682
1	866
0	70
1	225
1	916
0	680
1	872
1	100
1	561
1	297
1	400
1	301
1	580
1	684
1	752
1	803
1	201
1	151
1	341
1	569
0	224
1	921
1	59
0	357
0	1
1	351
1	231
1	107
1	112
1	189
1	179
1	767
0	753
0	681
0	330
1	577
1	22
1	667
0	770
1	3
0	728
1	928
1	16
1	755
1	146
1	294
0	188
0	265
1	52
1	82
0	688
0	586
1	758
1	587
1	981
1	268
1	771
0	837
1	578
1	639
0	51
0	919
1	666
0	177
1	428
1	708
1	687
1	431
0	856
0	647
1	924
1	722
0	65
0	817
1	430
1	549
1	838
1	469
1	923
1	483
1	996
1	358
1	356
0	520
1	380
1	848
1	515
1	806
1	40
0	457
1	560
1	479
1	476
1	410
1	398
1	699
1	223
1	217
0	121
1	67
1	852
1	338
1	570
1	977
1	841
1	221
1	138
1	721
1	604
1	582
0	664
1	31
0	904
1	572
0	740
1	661
1	836
1	927
1	660
0	862
1	340
0	805
1	109
1	337
0	562
1	118
0	240
1	4
0	445
1	574
0	290
1	982
1	323
1	150
1	315
1	21
1	295
1	819
0	37
1	299
0	903
1	287
1	818
1	277
0	304
0	141
1	936
1	355
1	785
1	854
1	990
1	650
1	952
1	500
1	844
1	25
1	906
1	614
1	414
1	853
1	691
1	298
1	937
1	591
1	686
1	581
1	183
1	452
1	49
1	675
1	263
1	606
0	607
1	554
0	948
1	12
1	103
0	393
1	663
0	615
0	288
1	472
0	992
1	913
1	840
1	621
1	261
0	182
0	308
1	983
1	444
0	930
1	547
1	153
1	397
1	237
1	439
1	140
1	73
1	251
0	895
1	507
1	232
1	593
1	947
1	986
0	197
1	348
1	715
1	333
1	412
1	134
1	804
1	506
0	692
1	599
1	652
1	828
1	7
1	192
1	648
1	590
0	485
1	901
1	726
1	403
1	972
0	802
1	155
1	175
1	551
0	782
1	378
1	596
1	83
0	272
1	190
0	360
1	2
1	781
1	24
1	694
1	332
1	974
0	775
0	164
0	334
1	979
1	474
1	845
0	799
1	823
1	629
0	759
1	565
0	278
0	489
1	86
0	496
0	432
1	451
1	536
1	504
1	375
1	976
1	413
1	58
0	620
1	871
1	662
0	630
1	677
1	480
1	252
0	471
0	626
1	867
1	38
1	388
0	310
1	702
1	458
1	34
1	274
1	748
0	85
1	733
1	859
1	773
1	847
1	459
1	247
0	724
0	868
1	959
1	623
1	958
1	170
1	488
1	132
1	317
0	521
1	783
1	131
0	659
1	264
1	6
0	371
0	943
1	331
0	346
1	492
1	74
0	602
0	57
1	711
1	645
0	568
0	441
0	723
0	144
1	704
1	180
1	312
0	14
0	994
1	905
1	655
1	127
0	281
0	788
1	640
1	786
0	978
0	438
1	550
1	768
1	267
1	665
0	744
1	44
1	111
0	453
1	5
1	69
0	433
1	873
0	106
0	18
1	813
0	894
1	988
1	437
1	262
1	709
1	616
1	714
1	772
1	514
1	870
1	583
1	636
1	28
1	858
1	275
1	117
1	633
1	87
1	946
1	493
1	611
1	900
1	36
1	325
1	17
1	816
1	228
0	953
1	442
1	419
1	260
1	503
1	417
1	76
1	446
1	300
1	922
1	311
1	256
1	832
0	321
1	169
1	244
0	545
1	286
1	589
1	320
1	487
1	860
1	797
1	706
1	945
1	84
1	350
1	425
1	165
1	411
0	79
1	736
1	497
1	822
1	701
0	285
1	902
1	309
1	968
1	739
1	555
1	456
1	167
1	556
1	230
1	324
1	465
0	484
0	811
1	289
1	531
1	427
1	415
1	449
1	359
0	282
1	381
0	780
1	214
1	558
1	738
1	991
1	897
0	941
1	421
1	455
1	395
0	631
0	518
1	888
1	720
0	212
1	156
0	993
1	147
1	276
1	679
1	499
1	907
1	963
1	875
1	33
1	973
1	246
0	172
1	491
1	218
1	306
1	122
1	641
1	530
0	389
1	284
1	345
1	743
1	989
1	187
1	280
1	563
1	980
1	685
0	220
1	535
0	116
0	142
1	328
0	825
1	191
1	29
1	316
1	595
1	842
1	573
0	203
1	533
1	404
0	401
0	426
0	335
1	208
0	737
0	490
1	406
1	139
1	674
1	784
1	849
1	143
1	255
1	250
1	644
0	962
1	329
1	892
1	672
1	637
1	510
0	526
1	115
1	741
0	795
1	402
1	50
0	229
1	379
1	654
1	249
1	494
1	152
1	55
0	473
1	769
0	584
1	501
0	598
1	226
1	999
1	642
1	935
1	940
0	136
0	807
1	161
1	522
1	367
0	15
1	843
0	517
1	566
1	511
1	383
1	366
1	910
0	757
1	42
0	774
1	80
0	761
1	713
1	213
0	543
1	657
0	627
0	764
0	933
1	918
1	603
1	585
1	463
0	969
1	195
1	62
1	390
1	305
1	696
0	908
1	911
1	668
0	363
1	698
1	198
1	95
1	508
1	917
1	344
0	322
1	850
1	695
1	622
1	887
0	35
1	605
1	219
1	523
1	617