1	997
1	561
1	615
1	543
0	429
1	743
1	887
1	217
1	934
1	654
1	558
1	446
1	622
0	685
0	224
0	288
0	602
1	846
0	870
0	955
1	374
0	855
0	662
1	165
0	982
0	703
1	481
1	642
0	822
0	240
1	82
1	411
1	566
1	435
1	799
1	687
1	501
1	641
0	926
0	522
1	603
1	852
1	378
1	535
1	431
0	172
0	907
0	403
0	768
0	937
1	998
1	249
1	35
1	576
1	370
1	493
1	325
1	858
1	96
1	456
1	560
1	408
1	161
1	873
1	546
1	135
0	843
1	163
1	728
0	800
0	952
0	617
1	129
1	191
0	205
1	11
1	364
1	862
1	43
0	986
1	339
1	117
0	911
1	475
1	97
1	226
0	439
1	842
1	272
0	326
1	691
1	808
1	478
0	608
1	436
1	756
1	669
1	175
1	228
1	133
0	922
1	549
0	718
1	202
1	569
1	741
1	940
0	259
1	438
1	141
1	881
0	85
1	265
1	75
1	818
1	802
1	201
1	750
1	171
1	343
1	578
1	248
1	107
1	30
0	383
0	736
1	983
1	961
1	453
0	220
1	297
1	737
1	813
1	944
1	452
0	555
1	848
1	528
1	121
1	189
1	284
1	127
1	801
0	455
1	938
1	709
0	814
0	7
0	609
1	447
0	645
0	751
1	763
0	338
1	437
1	919
1	547
1	755
1	789
0	607
1	155
0	73
1	567
1	995
0	464
1	350
1	951
0	604
1	854
1	587
1	664
0	327
1	734
0	993
1	509
1	585
0	883
1	859
0	779
0	486
1	281
0	203
1	682
1	935
0	332
0	353
0	123
1	742
1	678
1	980
1	541
0	584
0	925
0	335
1	360
0	798
0	791
1	839
0	803
0	251
1	210
1	900
1	659
0	329
0	140
1	236
0	298
1	489
1	702
1	254
0	723
1	949
1	290
1	942
1	88
1	295
0	794
1	234
1	19
1	701
1	449
1	714
1	853
1	688
1	524
1	651
1	550
0	912
1	638
1	485
1	652
1	796
1	494
1	577
1	915
1	909
1	209
1	396
0	806
1	1
1	206
1	445
1	992
1	484
1	115
1	556
1	530
1	112
1	461
1	744
1	672
0	23
1	878
1	496
1	136
1	557
1	908
1	319
0	316
1	999
1	245
0	526
0	257
0	330
1	94
1	60
1	967
1	10
1	341
1	416
0	26
1	746
0	59
1	564
0	113
1	757
0	780
1	2
1	262
1	86
1	190
1	344
0	269
0	902
0	180
1	310
0	898
1	996
1	301
1	722
1	15
1	337
1	888
0	145
0	518
1	637
1	237
0	176
1	208
0	430
1	273
1	213
1	817
0	631
1	538
1	346
1	589
1	777
0	924
0	754
1	884
1	892
1	218
1	65
1	198
1	342
0	216
0	597
1	223
1	399
0	648
0	825
1	619
1	38
1	247
1	275
1	66
1	539
1	708
0	650
0	320
1	285
1	639
0	61
1	212
0	379
1	719
1	3
1	428
1	278
1	410
1	185
1	488
1	811
1	394
1	52
1	625
0	287
1	56
1	590
1	514
1	425
1	913
1	422
0	681
1	988
1	621
0	816
1	382
1	29
0	833
1	358
1	510
0	229
1	627
1	565
1	299
0	188
1	354
1	897
0	467
1	972
1	658
1	122
1	689
1	769
1	469
0	147
1	69
1	644
1	164
1	362
1	943
1	781
1	875
1	828
1	333
1	72
1	406
0	729
1	389
1	752
1	4
0	253
0	775
1	132
1	956
1	684
1	309
1	613
1	790
1	134
1	963
1	624
1	507
0	974
0	930
0	261
1	947
0	877
1	114
1	492
1	104
1	895
1	89
1	32
1	483
1	71
1	880
0	707
1	244
1	415
0	57
1	809
1	334
1	491
1	168
1	157
1	720
0	128
1	169
1	421
1	138
1	84
1	596
1	987
1	765
1	192
0	328
1	976
1	130
1	634
1	696
0	513
1	516
1	917
1	601
0	474
0	239
1	591
1	404
1	401
1	67
1	274
1	594
1	264
1	384
1	554
1	457
1	143
1	419
1	324
1	100
1	882
1	294
0	939
1	620
0	222
1	95
1	373
1	221
1	766
1	819
0	517
1	532
1	255
1	580
1	542
1	563
1	352
0	973
1	283
1	181
0	805
1	90
1	39
0	293
1	656
0	856
0	636
1	705
1	545
1	747
1	315
1	671
1	83
1	351
1	824
1	588
1	380
0	369
1	595
1	405
1	962
1	17
1	154
1	991
0	914
1	204
0	490
1	511
1	146
1	958
1	366
1	918
1	599
1	64
1	476
1	77
1	441
0	423
1	593
1	151
0	444
0	810
1	732
1	738
1	906
1	63
1	186
1	950
1	41
1	618
1	640
1	712
1	886
1	512
1	308
1	540
1	377
1	804
0	667
1	323
0	103
1	149
1	792
1	160
0	252
1	724
1	400
1	317
1	841
1	413
1	44
1	774
0	359
1	896
1	836
0	623
1	459
0	361
1	874
1	184
0	834
1	700
1	679
1	826
0	68
0	865
1	838
1	500
1	440
1	402
1	713
1	6
0	674
1	581
1	905
1	443
1	193
0	8
1	920
1	788
1	197
0	289
0	450
1	670
1	653
1	256
0	179
1	178
1	162
0	971
1	630
1	312
1	831
1	837
1	356
1	47
1	605
1	148
1	144
1	612
1	241
1	393
1	519
1	954
1	851
1	676
0	243
0	16
1	427
1	276
0	579
0	868
0	487
1	686
1	124
1	108
1	628
0	27
0	322
1	473
1	977
0	710
1	258
1	844
0	525
0	529
1	367
0	840
0	398
0	471
1	876
1	706
1	773
1	981
1	166
1	941
1	119
0	470
1	872
1	18
1	821
1	22
1	235
1	62
1	296
1	968
1	463
0	173
1	665
1	869
1	533
1	966
0	270
1	409
0	303
1	739
1	110
1	879
1	98
1	194
1	225
1	716
1	230
1	721
1	462
1	139
1	25
0	37
0	975
1	673
1	807
1	153
1	49
1	260
1	503
1	933
1	101
1	460
1	762
0	575
1	116
1	904
1	417
0	232
0	304
1	948
1	372
1	923
1	167
1	730
1	472
0	131
1	531
0	745
1	586
1	207
1	633
1	657
1	985
1	183
1	660
0	715
1	349
1	420
0	699
1	786
0	683
1	477
0	76
1	573
1	385
0	815
1	55
1	291
1	331
0	733
0	916
1	544
1	20
0	970
0	266
1	783
1	787
1	74
1	764
1	553
1	314
1	412
0	677
1	504
1	797
0	137
0	305
1	616
1	106
1	187
1	5
1	307
0	829
1	726
1	812
0	238
1	771
1	125
1	758
0	506
1	365
1	749
0	849
1	387
0	692
1	311
1	891
1	793
1	348
0	48
1	717
1	200
1	91
1	901
1	418
1	451
1	21
1	426
1	9
1	54
1	355
1	931
1	395
1	871
1	964
1	79
1	242
1	928
1	704
0	649
1	929
0	778
1	479
1	894
1	92
1	45
1	521
0	614
1	371
1	195
1	760
1	860
0	606
1	847
1	830
0	759
1	156
1	695
0	582
1	51
1	42
0	318
1	690
0	520
1	118
0	505
1	820
1	559
0	434
1	857
1	899
1	279
1	583
0	571
0	363
1	174
1	215
1	24
1	795
0	711
1	28
1	211
1	81
0	893
1	727
0	562
1	647
0	214
0	126
0	448
1	386
1	932
0	433
0	219
0	40
0	785
1	50
1	978
1	336
1	36
1	845
1	655
1	592
1	375
0	357
0	508
1	292
0	861
1	866
1	250
1	159
1	515
0	697
0	397
1	945
1	610
0	953
0	927
0	523
1	735
1	666
1	863
0	661
0	600
0	537
1	280
0	99
1	152
1	482
1	960
0	936
1	34
0	105
1	903
1	782
1	495
1	731
0	267
0	864
0	921
1	391
0	499
1	120
1	313
1	80
1	784
1	282
0	392
1	458
1	626
1	552
1	663
1	675
1	199
0	646
1	832
1	680
1	502
1	979
1	598
1	142
1	246
1	347
1	306
0	827
1	753
1	442
1	424
1	233
1	776
1	407
1	698
1	158
1	302
1	468
1	536
1	109
0	196
1	46
1	867
0	629
1	466
0	885
1	286
0	465
1	611
1	725
0	376
1	14
0	635
1	432
1	957
1	748
1	150
1	572
0	910
0	227
1	959
0	13
1	969
0	12
1	548
1	835
1	643
1	984
1	78
1	33
1	368
0	480
1	70
0	994
1	850
1	170
1	102
0	772
1	527
0	551
0	414
0	93
1	632
0	381
1	574
0	87
0	263
1	693
1	111
0	497
1	454
0	534
1	770
0	277
1	53
1	761
1	668
0	989
0	268
0	740
0	231
0	889
1	388
1	946
1	694
0	31
0	990
0	570
1	177
1	498
0	321
1	58
0	568
1	300
1	340
1	890
1	345
1	767
0	0
1	965
1	271
1	390
0	823
1	182