0	795
1	645
0	244
1	387
1	505
1	700
1	326
1	973
0	272
1	578
1	65
1	642
1	506
0	981
1	974
1	407
1	756
1	637
1	102
1	32
1	239
1	44
1	482
1	385
1	567
0	623
1	895
1	577
0	851
1	36
1	944
1	807
1	177
0	317
0	978
1	621
1	994
1	34
1	517
0	634
1	477
0	576
1	267
1	967
1	112
1	541
1	108
1	950
0	691
1	864
0	216
1	665
0	50
1	723
1	282
1	189
0	412
0	237
1	425
0	271
1	522
0	708
0	422
1	278
0	268
1	969
1	442
1	585
0	144
1	884
1	39
0	405
1	390
1	341
1	281
1	379
0	448
1	429
1	719
1	332
1	836
1	59
0	192
1	150
1	453
1	670
1	435
0	968
1	561
1	231
1	66
1	499
1	76
1	389
1	588
0	409
1	680
1	997
1	542
0	362
1	26
1	343
1	161
0	85
0	307
1	521
1	38
1	664
1	738
1	97
1	733
1	83
1	555
1	663
1	632
1	690
1	866
0	489
1	751
0	594
0	91
1	107
0	128
1	904
1	633
1	330
1	887
0	380
1	731
1	855
0	163
0	289
1	15
0	614
1	188
0	695
1	693
1	408
1	720
1	888
1	344
1	377
1	123
1	936
1	17
1	394
0	556
0	574
1	153
1	803
1	654
1	367
1	959
1	451
0	902
0	135
1	881
1	10
1	487
1	479
1	543
1	673
0	1
0	319
1	873
0	329
1	498
1	183
0	471
1	941
0	648
1	763
1	681
1	844
0	116
0	207
1	167
1	913
1	833
0	821
1	940
0	894
1	54
1	339
0	655
1	777
1	21
1	612
0	217
1	219
1	98
1	753
1	6
0	587
0	310
0	210
1	24
0	659
1	747
1	369
1	896
0	727
1	878
1	496
0	195
1	982
1	146
1	63
0	261
1	483
0	81
1	240
1	90
0	726
1	16
1	171
1	504
1	481
0	53
1	815
0	454
1	402
1	55
1	770
1	914
0	417
1	942
1	238
1	303
1	266
1	419
1	14
0	68
1	947
0	552
1	783
0	93
1	382
1	839
0	651
1	446
1	549
1	830
0	459
0	737
1	299
1	724
1	958
0	891
1	246
1	460
1	816
1	406
1	20
1	666
1	191
0	42
1	539
1	573
1	288
1	174
1	148
1	592
0	279
0	320
1	563
1	772
1	846
0	316
1	327
1	842
0	989
0	526
1	139
0	478
0	9
1	832
1	324
0	158
1	497
1	212
1	861
1	852
1	781
0	359
1	208
1	325
1	202
1	635
1	121
1	962
1	580
1	472
1	564
0	37
1	141
1	784
0	245
1	558
0	907
0	925
1	323
1	730
0	371
0	519
1	415
1	848
1	118
1	834
0	701
1	921
1	87
1	375
1	620
1	686
1	386
0	933
0	739
0	132
1	503
1	661
1	100
1	759
1	190
1	924
0	154
0	182
1	286
1	627
0	857
1	874
1	447
1	589
1	94
1	241
1	622
0	597
1	586
1	463
1	792
1	438
0	990
1	875
1	749
1	502
0	421
1	562
1	235
1	283
0	764
1	72
1	988
1	467
0	711
1	889
0	780
1	221
0	513
1	937
1	814
1	291
1	774
0	987
1	180
1	528
1	426
1	771
0	7
1	837
1	140
0	257
1	400
1	414
1	823
0	124
0	223
0	604
1	265
1	810
0	657
1	397
1	255
1	800
1	295
0	766
0	638
1	413
1	96
0	474
0	149
1	393
1	979
1	757
1	147
1	337
1	789
1	650
1	685
1	525
1	883
1	372
1	545
1	652
0	224
1	977
1	613
1	575
0	523
1	395
1	364
0	461
0	510
1	532
1	28
0	466
1	351
1	998
0	741
1	176
1	838
1	849
1	794
0	965
1	653
0	490
1	824
1	253
0	631
1	769
1	170
1	56
1	456
1	963
1	752
0	964
1	540
1	746
1	259
1	130
1	826
1	228
1	687
1	677
1	353
1	689
0	649
1	273
1	880
1	114
1	230
1	660
1	926
0	179
1	952
0	119
1	184
1	656
1	328
0	384
1	798
1	172
1	865
0	740
1	872
1	900
0	101
1	550
0	388
1	185
1	554
1	236
1	760
1	507
1	593
1	929
1	74
0	233
1	935
0	378
1	806
1	109
1	703
1	256
1	218
1	95
1	308
0	728
1	440
1	716
1	560
1	411
1	972
1	520
1	694
1	722
1	392
1	480
0	910
1	761
1	200
0	793
1	886
0	975
0	215
1	879
1	870
1	817
1	646
0	779
1	252
1	697
1	492
1	819
1	117
0	338
1	948
0	13
1	923
0	399
0	960
1	822
1	624
1	931
1	431
1	321
1	669
0	928
1	242
0	584
1	292
1	416
1	276
1	69
1	58
1	922
1	110
0	251
1	391
1	939
1	828
1	247
1	151
0	48
1	115
1	984
1	155
0	432
1	618
0	808
1	262
0	342
1	488
0	786
0	629
0	404
1	159
0	809
1	168
1	0
1	293
0	820
1	885
0	509
0	862
1	755
1	860
1	813
1	853
1	220
0	983
0	683
0	930
1	953
1	758
1	306
1	214
1	270
1	383
0	77
1	626
1	225
1	905
1	565
1	443
1	785
1	458
1	263
0	445
1	744
0	249
1	970
1	43
1	75
0	104
1	346
1	702
1	572
1	45
1	46
1	169
1	103
1	455
1	213
1	625
0	893
0	966
1	582
1	619
1	812
1	374
1	725
1	949
1	226
1	882
1	906
1	444
1	773
0	8
0	570
1	312
1	762
1	358
0	533
1	918
1	309
1	721
1	137
0	718
0	717
0	82
0	999
0	469
1	424
0	901
1	867
1	546
1	22
1	610
0	136
1	356
1	336
0	493
1	318
1	340
1	193
0	518
0	529
0	776
1	373
0	142
1	365
1	617
1	64
1	196
0	2
0	157
0	847
1	485
1	692
1	465
1	370
1	111
1	957
1	31
1	951
1	354
0	401
1	122
1	568
1	334
1	955
1	515
1	602
0	547
1	869
0	991
1	912
1	688
0	628
1	201
1	127
1	302
0	403
1	920
0	898
1	583
1	92
0	439
1	164
1	799
1	305
1	915
1	166
1	234
1	787
0	229
1	366
0	287
1	658
1	126
1	535
0	712
0	450
1	355
1	971
1	398
1	18
1	899
0	927
1	551
1	314
1	698
1	859
1	47
1	671
1	194
1	544
1	131
1	630
1	199
1	797
1	274
1	349
0	290
1	790
1	84
0	750
0	298
0	206
1	297
1	616
1	704
1	640
1	596
1	674
1	945
1	538
0	705
1	743
1	863
0	796
0	294
0	537
1	995
1	890
0	27
0	778
1	835
0	134
1	457
0	854
0	840
1	452
1	49
0	418
1	476
1	858
1	527
1	791
0	333
1	40
0	470
0	106
0	603
1	138
1	300
1	125
1	675
1	156
1	254
1	57
0	845
1	52
1	524
1	668
1	331
1	672
1	643
0	932
1	322
0	748
1	464
1	938
1	437
1	876
1	280
0	775
1	801
0	60
1	850
1	508
1	285
0	706
1	462
1	976
0	120
0	357
0	361
1	360
1	187
1	553
1	175
1	765
1	250
1	512
0	591
1	23
1	608
0	579
1	679
1	284
1	908
1	961
1	29
1	475
1	678
1	35
1	152
1	729
1	811
1	754
1	841
1	827
1	173
1	713
1	113
1	825
1	211
1	99
1	315
1	595
1	350
1	909
1	30
1	516
1	536
1	494
0	559
1	209
1	88
1	427
1	363
1	856
1	736
1	165
0	129
1	145
0	877
0	946
1	985
1	473
1	892
1	954
1	644
1	133
1	986
0	606
1	275
1	67
0	745
1	162
0	205
1	782
1	569
0	89
1	264
1	311
1	227
1	682
1	996
1	735
1	105
1	734
1	491
1	805
1	557
0	676
1	710
1	430
1	449
1	647
0	919
1	248
1	25
0	707
1	260
1	3
1	684
1	868
1	911
0	301
0	381
1	636
1	667
1	534
1	181
1	33
1	348
1	993
1	71
0	709
1	500
1	5
1	788
1	486
1	335
1	269
0	916
1	843
0	903
1	160
1	11
1	86
1	804
1	428
1	831
0	484
0	611
1	347
1	186
1	143
1	468
1	222
1	818
0	410
1	79
1	641
1	313
0	441
1	4
1	605
1	434
0	51
1	934
0	992
1	423
1	204
0	80
0	956
1	62
1	639
1	232
1	548
1	566
0	304
0	531
1	197
0	511
1	70
1	768
1	501
1	742
1	345
1	495
1	699
1	601
1	61
0	203
1	368
1	581
1	871
1	943
1	715
1	12
1	198
1	714
0	615
1	19
1	530
1	73
1	590
1	829
1	258
1	732
1	41
1	696
0	78
1	243
1	802
1	396
1	607
0	376
1	599
1	980
1	178
1	352
1	917
0	514
1	571
0	420
1	897
1	767
1	600
1	296
1	433
1	598
1	609
1	436
1	277
1	662