1	859
1	53
1	543
0	114
1	388
1	548
1	5
1	832
0	279
1	923
1	187
1	276
1	403
1	557
1	251
0	112
1	410
0	575
1	311
1	926
1	817
1	798
0	179
1	211
1	134
1	585
0	918
1	702
1	318
1	140
0	620
1	133
1	587
1	418
1	841
0	202
0	992
0	725
1	820
1	237
1	947
0	460
0	541
1	44
0	818
0	380
1	457
1	31
1	406
0	292
1	390
1	940
0	458
1	290
1	13
1	391
0	72
1	509
1	911
0	22
1	701
0	756
1	754
0	809
1	165
1	470
1	601
1	596
1	273
1	109
0	975
0	304
0	839
0	301
1	666
1	724
1	367
1	480
1	598
0	411
0	837
1	329
1	584
1	728
1	670
1	264
1	209
1	424
1	800
1	608
1	767
1	526
0	720
1	500
1	162
0	591
1	874
1	637
0	872
1	376
1	189
1	19
1	902
1	92
1	232
1	469
1	465
1	459
0	61
1	552
0	535
1	335
1	602
1	897
1	196
1	582
0	94
1	257
1	812
1	938
1	994
1	474
0	125
1	215
0	184
1	544
1	562
0	618
1	793
0	10
1	475
0	998
1	80
1	66
0	611
1	590
1	785
1	931
0	968
0	713
1	626
0	891
1	97
0	547
1	816
1	549
1	342
0	450
1	169
1	37
1	636
1	844
0	90
1	939
0	2
1	698
1	180
1	675
1	531
1	263
1	453
1	490
1	672
1	222
1	525
1	882
1	308
1	1
1	468
1	50
1	937
1	374
1	788
1	35
1	108
0	24
0	221
0	864
1	413
1	512
1	981
1	778
1	919
1	783
1	102
0	324
1	929
1	663
0	15
1	855
1	282
1	913
0	671
1	375
1	255
1	25
1	445
0	944
0	171
1	871
0	402
0	110
1	737
1	533
1	130
0	801
1	917
1	755
1	905
0	578
1	71
1	843
0	271
0	887
1	400
0	740
1	381
1	200
0	236
1	951
1	139
1	757
1	100
1	280
1	854
0	96
1	743
1	129
0	634
0	483
0	227
1	742
1	683
0	990
0	20
1	685
0	847
1	442
1	270
0	213
0	993
1	814
0	382
1	303
0	943
1	687
1	691
1	963
0	677
0	529
0	346
1	201
1	517
1	212
1	768
1	789
0	643
1	612
1	996
1	878
0	238
1	729
1	104
0	429
0	260
1	194
0	662
1	416
1	873
0	368
0	205
0	309
1	337
1	496
1	787
1	932
1	935
0	631
1	317
1	733
1	896
1	28
1	46
0	119
0	357
1	605
0	235
1	684
1	497
0	443
1	655
1	326
1	415
0	721
1	678
1	29
1	437
0	680
1	815
1	709
0	245
1	156
1	828
1	682
1	593
1	875
0	154
1	68
0	545
0	972
1	135
0	613
1	752
1	567
1	606
1	978
0	836
1	803
0	409
1	446
1	749
1	867
1	315
1	210
1	33
0	560
1	18
1	86
0	471
1	122
1	706
1	617
0	952
1	538
0	933
1	16
0	695
1	414
1	441
1	360
1	265
1	764
1	352
1	131
1	266
1	313
1	915
0	455
1	989
0	506
1	501
0	275
0	486
1	433
1	297
1	723
1	253
1	291
0	861
1	6
0	640
1	287
1	530
1	840
1	588
1	893
1	565
1	641
1	126
1	159
0	344
1	339
1	285
1	137
1	610
1	387
0	412
0	851
0	373
1	83
1	853
1	43
1	334
1	8
0	734
1	298
1	427
1	806
1	633
1	295
1	784
1	216
0	55
1	624
1	142
1	653
1	372
1	995
0	27
1	356
1	49
0	234
1	118
1	393
0	708
1	985
1	521
1	609
1	262
1	328
1	692
1	732
1	707
1	69
0	674
1	182
1	444
1	639
1	197
1	254
0	70
1	281
1	961
1	95
0	603
0	343
1	773
1	136
1	667
1	885
0	518
1	679
1	772
1	82
1	802
1	699
1	811
0	829
1	571
1	435
1	286
1	714
1	523
1	85
1	407
0	195
1	553
1	835
0	769
1	250
1	351
1	23
1	354
1	903
1	347
1	906
0	904
1	220
1	310
0	362
0	522
1	240
1	268
1	883
1	54
1	192
0	697
1	573
1	690
1	660
0	60
1	580
1	434
1	366
0	394
1	958
0	248
0	166
0	47
0	152
0	826
1	645
1	106
0	705
0	766
0	170
1	115
1	214
0	668
1	616
0	777
0	586
0	63
1	461
1	519
1	570
1	178
0	796
1	299
1	3
1	226
1	30
1	866
1	111
0	751
1	735
0	107
1	908
1	759
1	600
1	353
1	386
1	277
0	463
0	925
1	64
0	505
1	12
1	17
0	38
0	371
1	423
1	536
1	436
1	128
0	834
1	495
1	664
0	350
0	673
1	138
1	881
1	448
0	199
0	966
1	649
1	305
1	712
1	472
1	622
1	988
1	572
1	822
1	147
1	34
1	953
1	791
1	581
1	912
1	198
1	949
1	148
1	969
1	703
1	73
1	186
1	934
1	404
0	635
1	700
1	901
1	566
1	161
0	794
1	89
1	116
1	983
1	272
0	91
0	62
1	233
1	379
1	451
0	924
1	145
0	40
1	563
1	39
1	464
1	359
0	41
1	331
1	868
1	819
1	249
0	967
1	774
1	813
1	857
1	719
1	644
1	984
0	167
1	482
1	244
1	718
1	957
0	113
1	910
1	176
1	948
1	173
1	168
1	449
1	124
0	48
0	289
1	879
1	858
1	779
1	504
1	67
1	493
1	686
1	7
1	425
1	327
1	971
1	731
1	57
0	175
1	241
1	661
1	583
0	79
0	676
1	763
0	930
1	739
0	551
1	589
1	696
0	84
0	599
1	987
0	594
1	527
1	762
1	59
0	717
1	239
0	604
0	77
0	365
1	597
0	190
1	0
0	747
0	886
1	954
1	499
0	507
1	650
1	314
1	980
0	158
1	183
0	863
1	776
0	302
0	203
1	790
1	421
1	542
1	554
1	164
1	880
1	974
1	765
1	345
0	422
1	151
0	185
1	569
0	892
1	389
1	9
1	838
0	101
0	336
0	782
1	231
1	177
0	117
1	960
1	638
1	830
1	614
1	997
1	750
1	370
1	428
0	648
1	831
1	659
0	32
1	325
0	927
0	278
1	889
1	157
1	160
1	726
1	982
1	361
1	964
1	884
1	577
1	105
0	296
1	316
1	481
1	781
1	669
1	654
1	438
0	307
1	746
1	852
1	417
1	269
0	595
0	392
1	452
1	625
0	399
0	579
0	479
1	532
1	877
1	727
1	75
1	758
1	986
1	478
1	498
1	11
1	383
0	920
0	87
0	651
1	204
1	258
1	825
1	799
1	540
0	550
0	93
1	564
1	492
1	730
0	338
0	341
1	534
0	508
1	369
0	385
1	642
0	163
1	537
0	559
1	246
0	56
0	447
1	81
1	780
0	150
0	426
1	936
1	823
1	716
1	860
0	970
1	477
0	745
1	955
0	510
1	539
1	45
1	894
1	333
0	689
0	786
1	76
1	358
1	300
0	959
1	555
1	761
1	223
0	848
1	323
1	332
1	513
1	398
1	895
0	991
1	629
0	628
1	494
1	711
1	26
1	916
1	804
0	856
1	665
1	103
1	738
1	143
1	58
1	808
1	556
1	558
0	744
0	658
0	322
1	487
1	252
1	810
1	405
1	715
0	293
1	515
1	247
1	845
1	514
1	615
1	261
1	395
1	888
1	242
0	288
0	432
0	568
1	502
0	647
1	850
0	869
1	973
1	805
1	520
1	528
0	849
1	355
0	430
1	155
1	132
1	485
1	14
1	456
1	218
0	144
1	516
0	694
1	321
1	956
1	349
0	950
1	149
1	153
1	454
1	294
0	741
1	524
1	396
1	52
1	206
0	243
1	846
1	65
1	979
0	319
1	962
1	219
1	491
1	348
1	797
1	123
0	88
1	377
1	225
1	623
0	274
0	193
0	207
0	965
0	876
1	284
1	467
0	312
0	228
0	657
1	899
0	466
1	439
1	306
1	646
1	681
0	462
1	397
1	619
1	621
1	546
1	576
1	946
1	208
1	748
1	230
0	120
1	121
0	753
1	977
0	976
1	146
1	42
1	259
0	807
1	652
1	476
0	320
1	217
1	78
0	865
1	174
1	484
1	191
0	592
1	4
1	688
1	827
1	900
1	440
0	941
0	99
1	141
1	473
1	792
0	942
1	561
1	224
1	419
1	256
1	922
1	420
1	722
1	267
0	928
0	503
1	824
1	914
1	511
1	821
0	704
1	842
0	870
0	74
0	999
1	51
1	127
1	632
1	574
0	364
1	909
0	172
1	378
1	229
1	771
1	401
1	833
1	627
1	36
1	890
1	431
1	921
0	898
1	607
0	760
1	710
1	363
1	489
1	330
1	795
1	384
0	340
0	488
0	770
1	21
1	693
1	408
1	98
1	862
1	736
1	945
1	181
1	775
1	630
1	656
0	188
1	907
0	283