0	182
0	850
0	556
0	537
0	331
1	688
0	165
0	58
0	250
0	472
0	793
0	918
0	890
0	498
0	35
0	113
0	84
0	692
1	355
0	925
0	576
0	214
1	364
0	882
0	514
1	194
1	568
0	785
1	970
0	828
1	298
0	873
0	989
0	892
1	373
0	312
0	660
0	759
0	504
0	145
0	89
0	489
1	64
1	977
0	361
1	440
0	225
0	696
0	105
0	860
0	564
0	42
0	725
1	109
0	353
0	157
0	624
1	216
0	27
0	812
1	582
0	193
0	701
0	941
0	532
1	152
0	956
0	622
1	579
0	61
1	756
0	571
0	420
0	23
0	838
1	470
0	714
0	85
0	808
1	132
0	211
0	909
0	805
1	577
0	99
0	53
1	620
0	419
1	22
0	25
0	171
1	186
0	333
1	765
0	981
0	363
0	198
0	88
1	269
1	452
0	661
0	487
0	178
0	920
0	479
0	816
0	102
0	34
1	322
0	693
0	954
0	545
0	717
0	459
1	31
0	775
0	768
1	347
0	623
0	240
0	40
1	409
0	973
0	868
0	206
0	603
1	972
0	858
0	606
0	847
0	442
0	822
1	2
1	318
0	820
0	63
0	330
1	114
0	98
0	163
0	95
0	614
0	466
0	136
0	543
0	280
1	449
0	426
1	195
0	940
0	877
0	666
1	474
0	492
0	246
0	723
0	903
0	927
0	883
0	893
0	912
0	842
0	677
0	841
0	387
0	209
0	967
0	856
1	728
0	257
0	16
0	937
0	307
0	799
0	461
0	958
0	299
1	780
0	404
0	946
0	948
0	737
0	253
0	887
0	900
0	103
1	173
1	810
0	724
0	755
0	71
0	443
1	144
0	544
0	787
0	788
0	752
0	435
0	748
0	773
0	800
0	713
0	336
0	460
0	507
0	874
0	580
0	391
0	869
0	608
1	640
1	586
1	76
0	329
1	81
0	350
0	619
0	675
0	813
0	117
0	162
1	401
0	796
0	485
0	243
0	375
0	188
0	636
0	39
1	770
0	271
0	551
1	106
0	179
1	673
0	764
0	334
0	155
1	797
0	906
0	993
0	631
0	481
0	166
1	129
0	643
1	79
1	804
0	388
0	455
0	295
0	558
1	80
1	971
0	786
0	87
1	851
0	51
0	505
0	236
0	945
0	884
0	846
1	782
0	886
1	700
0	436
0	751
0	777
0	381
1	403
0	938
0	790
0	282
1	272
0	668
1	535
0	870
0	124
0	807
0	687
0	296
0	849
0	605
0	423
0	959
0	115
0	226
0	346
0	942
1	90
1	953
1	513
0	641
0	297
0	356
0	314
1	512
1	370
1	200
0	488
1	327
0	428
0	837
1	611
0	517
0	483
0	597
0	29
0	10
0	848
0	20
1	610
0	520
0	811
0	417
0	547
1	539
0	598
1	410
0	521
0	343
0	316
0	230
0	872
0	344
0	77
1	523
0	939
0	789
1	91
0	635
0	531
0	367
1	94
0	159
1	621
0	74
0	151
0	44
0	615
0	727
0	682
1	128
1	750
0	235
0	881
0	670
0	441
0	6
0	244
0	798
1	500
0	809
0	932
0	524
0	49
1	761
0	70
0	310
1	241
1	203
0	238
0	902
0	276
1	116
0	223
1	921
0	43
0	602
0	548
0	407
0	646
1	916
0	499
0	83
0	148
0	349
0	482
1	278
1	414
0	678
0	131
0	522
0	371
0	46
1	526
1	806
1	510
1	494
0	695
0	386
1	578
0	161
1	292
0	433
1	478
0	880
1	463
0	889
1	337
0	935
1	304
1	277
0	694
0	596
0	421
0	192
1	176
1	864
0	319
1	379
1	649
0	248
0	947
0	969
0	952
1	745
1	964
0	992
0	212
0	475
1	719
0	281
0	630
0	3
0	261
0	434
0	56
0	914
0	5
0	852
0	982
0	345
0	685
0	233
0	546
0	384
0	429
0	803
0	778
0	907
0	929
0	529
0	205
0	321
0	590
0	662
1	857
1	229
0	392
0	639
0	767
0	554
0	383
1	256
1	358
0	59
0	134
0	572
0	258
0	988
1	824
0	140
0	267
0	783
0	217
1	599
0	712
0	562
0	359
0	490
0	862
0	133
0	247
0	854
0	398
1	408
1	536
1	519
1	473
0	697
0	305
0	389
1	659
0	199
0	949
0	405
0	915
0	680
1	878
0	656
1	821
1	202
1	26
0	72
0	963
0	338
0	612
0	262
0	190
0	618
0	818
0	111
0	396
1	663
0	19
1	968
0	127
0	255
0	508
0	326
0	432
0	588
0	772
0	220
1	369
1	497
0	275
1	732
1	303
1	781
1	999
0	237
1	252
0	833
0	439
1	377
0	583
1	996
0	274
0	917
1	215
0	339
0	86
0	835
0	703
1	795
0	17
0	156
0	739
0	118
0	32
1	231
0	913
1	861
1	819
1	829
0	324
0	976
1	721
0	30
0	447
1	100
0	716
0	720
0	679
0	464
1	506
1	341
0	38
0	177
0	4
0	376
1	559
1	119
1	137
1	495
0	742
0	477
0	650
0	722
0	815
1	68
0	411
0	533
1	769
0	393
0	853
0	456
0	698
0	832
0	638
0	158
0	283
0	931
0	154
1	738
1	652
1	740
0	686
0	566
0	444
0	672
1	96
0	57
0	758
0	8
0	593
0	627
1	905
0	542
0	601
1	994
0	170
0	584
0	153
1	766
0	669
0	167
1	710
0	122
0	836
0	139
0	709
0	974
0	757
0	528
0	181
0	997
1	871
1	560
0	69
0	581
1	60
0	617
0	843
0	503
1	681
1	741
0	187
1	573
0	557
0	962
0	730
0	486
0	702
0	570
0	47
0	445
0	412
1	149
0	587
1	794
0	143
0	1
0	922
0	374
0	731
0	418
0	457
1	427
1	955
0	657
1	268
0	468
0	866
1	534
0	21
0	845
0	108
0	589
1	260
1	340
0	705
0	744
0	628
0	382
1	458
1	950
0	928
0	191
0	655
0	985
0	36
0	885
1	320
1	394
1	365
1	67
1	24
0	263
0	653
0	998
0	397
0	254
0	227
0	476
0	368
0	555
0	422
1	980
0	180
0	979
0	169
0	637
0	867
0	14
0	919
0	876
0	73
0	908
0	135
0	287
1	834
0	210
1	112
0	92
1	754
0	172
0	104
0	218
0	55
0	273
0	632
0	676
0	450
1	690
0	934
0	332
0	480
0	300
0	97
0	990
0	294
0	390
0	174
0	425
0	711
1	126
1	616
0	930
0	207
0	706
0	715
0	647
0	18
0	110
0	648
1	569
0	12
0	936
0	667
0	552
1	987
0	323
0	530
0	291
0	629
0	865
1	93
0	354
0	859
1	749
0	791
0	289
0	416
0	325
1	899
0	879
0	792
1	402
0	516
0	438
0	814
0	451
0	699
0	664
0	734
1	747
0	613
0	894
0	141
1	54
0	130
0	175
1	515
0	147
0	448
0	875
0	540
0	33
0	400
0	625
1	196
0	729
0	121
0	691
0	467
0	378
0	249
0	746
0	888
0	844
1	219
1	707
1	718
0	395
0	574
0	831
0	978
1	626
0	293
0	228
0	125
0	348
0	221
1	683
0	995
0	960
0	168
0	265
0	897
0	776
0	62
1	802
0	565
0	224
0	966
0	142
0	911
0	362
0	313
0	78
0	471
0	986
1	736
0	465
0	301
0	633
1	651
1	380
0	826
1	896
0	309
1	541
0	957
1	553
0	823
0	763
0	975
1	50
0	308
1	910
1	342
0	406
0	567
0	415
0	965
0	502
1	335
1	311
0	399
0	446
0	185
0	726
0	511
0	961
0	48
1	123
1	13
0	52
0	245
1	753
0	164
0	592
0	735
0	840
0	525
0	855
0	351
0	665
1	674
0	561
0	991
1	290
0	454
0	684
0	645
0	951
0	264
0	901
0	538
0	431
0	774
0	213
0	242
0	827
0	208
1	563
0	585
0	201
0	41
0	895
0	286
0	839
1	923
0	366
0	251
0	317
0	284
1	591
0	266
0	924
0	189
1	654
0	204
0	352
0	234
0	302
1	107
0	150
1	933
0	743
0	183
0	315
0	604
0	357
0	101
0	891
0	944
0	600
0	642
0	222
0	328
0	66
0	549
1	658
0	120
1	146
0	830
1	65
0	501
1	550
0	437
1	733
0	360
0	285
0	983
1	288
0	453
0	82
0	817
1	943
0	491
0	138
0	825
0	160
0	7
0	904
0	575
0	671
1	372
0	984
0	15
0	863
0	270
0	527
1	9
1	644
0	232
0	0
0	37
0	771
1	801
0	704
0	413
0	28
1	779
1	279
0	462
1	898
0	385
0	45
0	430
0	424
1	493
0	509
0	75
0	306
0	469
0	689
0	708
1	762
0	595
0	11
1	184
0	239
1	259
0	609
1	594
0	496
0	607
0	784
0	634
0	926
0	197
0	484
1	518
0	760