1	197
1	269
1	670
1	341
1	409
1	451
1	602
1	243
0	77
1	124
1	639
0	551
1	204
1	733
1	445
0	709
0	161
1	215
0	43
1	233
1	794
1	578
1	99
1	430
1	75
1	33
1	312
1	160
0	914
1	377
0	571
1	69
1	888
1	122
0	298
1	701
1	154
1	955
1	557
0	695
0	916
1	492
1	682
1	416
1	565
1	655
1	789
1	378
1	997
0	521
1	737
1	768
1	93
1	123
1	286
1	24
0	929
1	905
0	751
1	434
1	987
1	734
1	687
1	652
1	600
1	448
1	420
1	191
1	893
1	300
0	469
1	119
1	167
0	51
0	220
1	32
1	258
0	544
0	272
1	304
1	629
1	594
1	650
1	690
1	81
1	831
1	308
1	179
1	334
1	249
1	116
0	641
1	725
0	813
1	296
0	85
1	966
0	765
1	543
1	634
1	503
1	777
1	729
1	686
1	15
1	382
1	472
1	361
1	700
1	556
1	216
1	355
1	713
1	142
0	917
1	952
1	174
0	790
0	750
1	895
1	438
1	465
0	440
0	626
0	968
0	943
1	19
1	16
1	1
1	653
0	452
1	517
1	826
1	959
1	538
1	42
1	433
1	553
1	126
1	201
1	254
0	394
1	607
0	559
1	320
1	783
1	368
1	270
1	527
1	793
1	415
1	520
1	422
0	583
1	676
1	250
0	56
1	166
1	276
1	217
1	157
1	155
1	429
0	957
1	463
1	889
1	664
1	104
0	975
1	196
0	432
1	117
0	115
0	397
1	206
1	481
1	39
1	283
1	925
1	836
1	977
1	73
0	869
1	624
1	661
1	9
0	46
1	262
1	8
0	532
0	689
1	486
1	437
1	504
0	291
1	6
0	970
1	485
0	996
1	945
0	564
0	321
1	337
0	807
1	617
1	4
0	898
1	484
0	184
0	568
0	587
1	225
0	460
1	371
1	656
1	360
1	232
1	735
1	967
1	933
1	417
1	280
1	100
1	212
1	931
1	490
1	120
0	669
1	330
0	131
1	537
0	984
0	159
1	981
1	884
0	612
0	862
0	840
0	758
1	800
1	633
1	322
1	803
0	369
1	423
1	143
1	867
1	273
1	31
0	658
0	715
1	562
1	346
1	930
1	181
1	109
1	189
1	569
0	919
1	36
1	347
1	285
1	588
1	414
1	746
1	801
1	3
1	12
1	535
1	399
1	493
1	846
0	674
1	251
1	645
1	511
1	969
0	644
1	14
0	937
0	447
0	72
1	53
1	863
1	630
1	435
1	87
0	156
1	228
1	781
1	604
1	662
0	852
1	255
1	208
1	908
1	717
0	706
1	990
1	136
1	224
1	431
0	98
0	407
0	236
1	83
1	748
1	534
1	134
0	988
0	965
1	983
1	592
1	97
1	494
1	891
1	853
1	411
0	591
1	799
1	20
0	953
1	466
0	932
1	593
0	45
1	816
0	872
0	336
0	132
0	947
1	50
1	847
1	78
0	795
1	207
0	47
0	311
1	822
1	714
1	198
1	857
1	342
1	40
1	121
0	227
1	275
1	523
1	293
0	871
0	49
1	58
1	202
1	934
1	599
1	779
0	282
1	668
1	524
0	443
0	956
1	439
0	597
0	941
1	264
1	28
1	938
1	183
0	921
0	897
1	549
1	854
1	882
1	366
1	726
1	545
0	297
1	828
1	468
0	329
0	907
1	424
1	343
1	660
1	509
1	139
1	608
0	708
1	101
1	598
1	601
1	153
0	35
0	770
1	615
0	137
1	387
1	406
1	992
0	763
1	477
0	185
1	572
0	775
1	792
0	972
1	573
0	76
1	245
1	681
1	315
1	412
1	193
0	685
1	241
1	680
0	861
1	289
0	738
0	84
1	778
1	163
1	96
0	482
1	766
1	363
1	470
0	704
1	673
1	388
1	838
1	475
0	718
1	902
1	964
1	479
1	904
0	835
1	906
1	260
1	325
1	830
0	80
1	582
1	335
1	922
1	151
1	514
0	454
1	279
0	773
1	140
1	820
1	362
1	471
1	890
0	761
1	70
0	638
1	796
1	25
0	552
0	875
1	247
1	510
0	458
1	784
1	663
0	971
1	473
1	495
1	548
1	619
1	760
1	478
1	730
1	691
1	37
0	818
1	744
1	762
1	277
1	688
1	178
0	456
1	244
1	827
1	842
0	804
1	833
1	755
0	522
1	29
1	268
1	540
0	496
1	843
1	985
1	413
0	488
1	246
1	791
1	769
1	903
1	234
1	774
1	613
1	635
0	886
1	164
1	165
1	455
0	376
1	618
1	386
1	170
1	107
1	38
1	978
1	654
0	252
1	352
1	114
1	759
1	18
1	926
1	579
1	839
1	410
1	973
1	290
1	809
0	909
1	697
1	287
1	313
1	900
1	692
1	764
0	21
1	542
0	498
1	841
1	303
0	525
0	716
1	339
1	393
0	584
0	712
0	610
1	752
1	319
1	539
0	757
1	402
1	611
1	209
1	331
1	374
1	586
1	727
1	148
0	723
1	239
1	138
1	939
1	450
0	358
0	186
0	736
1	359
1	449
1	811
1	989
1	379
0	823
1	328
1	513
1	961
1	787
0	152
1	912
1	171
0	175
1	570
1	640
1	27
0	866
1	603
1	667
0	48
0	533
0	419
0	999
1	332
1	483
1	92
0	408
1	108
0	721
1	881
1	149
1	894
1	622
1	263
1	229
1	487
1	675
1	188
1	223
1	707
1	425
1	309
1	90
0	128
1	62
0	106
1	168
1	13
1	364
0	856
1	316
1	516
0	834
1	214
1	580
0	307
1	821
0	459
1	850
0	259
0	333
0	620
0	577
1	772
1	874
0	848
0	345
1	89
1	383
1	22
1	824
1	265
1	731
1	497
1	637
0	10
0	873
1	5
1	651
1	949
0	550
1	558
1	605
1	314
0	507
0	357
0	391
1	74
0	0
1	210
0	741
1	684
1	806
1	614
1	878
1	628
1	113
1	190
0	63
1	349
0	982
1	747
1	546
1	632
1	659
1	351
1	112
1	91
1	173
1	974
1	88
1	288
0	817
1	281
1	162
1	547
1	231
0	814
1	326
1	980
1	892
0	95
0	879
1	500
1	427
0	631
1	776
1	146
1	883
1	338
1	211
1	130
0	868
1	944
1	575
0	385
1	942
1	248
1	920
1	994
0	94
1	722
1	400
1	133
1	169
1	679
1	724
1	461
1	876
1	877
1	353
1	86
1	899
1	627
0	305
1	808
1	118
0	266
1	436
1	261
0	802
1	864
1	986
1	392
0	110
0	998
1	609
1	82
0	694
1	356
1	555
1	476
1	657
1	541
1	665
1	913
1	389
1	354
0	596
1	798
1	946
1	677
0	515
1	396
0	767
1	401
1	446
0	531
1	501
1	226
1	805
1	30
1	595
0	41
1	127
0	284
0	963
1	172
1	61
1	928
1	102
1	489
0	147
0	7
1	649
1	561
1	390
0	924
1	683
1	711
1	370
1	327
1	563
1	923
1	240
0	672
1	318
1	294
1	11
1	782
1	222
0	743
1	567
0	865
1	323
1	991
1	194
1	398
1	205
0	467
0	256
1	278
0	819
1	317
0	728
1	306
1	979
1	732
1	585
0	702
0	299
1	230
0	60
1	464
0	855
0	44
0	2
0	367
1	859
1	948
1	742
1	851
0	499
1	519
0	141
1	71
1	844
1	253
1	372
1	643
1	936
1	506
0	623
0	462
1	754
1	958
1	453
1	403
1	927
1	442
1	825
1	274
1	935
1	528
1	238
0	797
1	810
1	995
1	187
1	530
1	671
1	375
0	301
1	858
1	324
1	302
1	590
1	344
1	457
0	508
1	405
1	976
1	885
0	621
1	218
1	749
1	380
1	235
1	720
1	404
1	753
0	502
1	54
1	66
1	940
1	849
0	200
0	705
1	918
1	901
1	518
1	788
1	23
1	144
0	554
1	699
1	180
0	832
1	887
1	267
1	745
0	292
1	666
1	526
1	421
0	870
0	103
0	340
1	428
1	815
1	203
0	646
1	693
0	647
1	837
1	829
1	177
0	625
1	560
1	678
1	182
1	581
0	158
1	34
1	574
1	348
1	213
1	491
1	418
1	950
1	65
1	150
1	566
1	512
1	771
1	785
1	480
1	756
1	911
0	384
0	310
1	960
1	381
0	860
1	221
0	993
0	59
1	786
1	365
1	739
1	125
1	642
0	636
1	79
1	17
1	703
1	271
1	426
1	52
1	57
0	135
0	536
0	954
1	105
1	474
0	812
1	199
1	740
1	55
1	257
1	237
1	896
1	951
1	698
0	444
0	219
0	696
1	350
0	129
0	505
1	26
0	395
1	616
0	67
1	845
0	176
1	710
1	195
1	606
1	242
1	441
1	111
1	68
1	962
1	589
1	295
1	192
1	529
1	64
1	880
1	648
1	576
0	145
1	373
1	915
1	719
0	910
1	780