1	923
1	925
0	27
0	780
1	97
1	223
0	292
0	492
1	458
1	875
1	621
1	315
0	981
1	9
1	165
0	355
1	551
1	65
1	233
1	844
1	250
1	413
1	23
0	337
1	902
1	44
1	473
0	857
1	843
1	566
0	184
1	786
0	948
1	252
1	147
0	111
0	896
1	237
1	452
0	432
0	149
1	672
1	763
1	439
1	341
1	133
1	546
0	269
1	335
1	450
1	447
1	475
1	225
1	876
0	166
1	910
1	318
0	568
0	599
1	437
1	284
1	951
0	60
1	803
0	712
1	564
0	457
1	253
1	348
1	164
1	569
1	228
1	743
0	721
1	230
1	268
1	755
1	654
1	517
0	52
1	173
1	958
0	587
1	69
1	474
1	895
1	813
1	336
1	945
1	258
1	231
1	704
1	398
1	115
1	628
0	396
1	661
1	139
0	864
1	126
0	248
1	51
1	932
1	239
0	79
1	141
1	390
1	11
0	383
1	702
1	724
1	559
1	531
0	993
0	991
1	405
1	334
0	163
1	720
1	78
0	535
1	646
0	100
0	255
1	75
1	116
1	234
1	829
0	195
0	693
0	700
1	363
0	90
1	88
1	120
0	300
1	257
1	713
0	783
1	218
1	807
1	572
1	199
0	46
1	497
1	913
1	187
1	502
1	975
1	738
0	926
1	366
1	635
0	561
0	177
1	399
0	867
0	758
0	711
1	756
1	31
1	854
0	778
0	793
1	393
1	825
1	660
0	846
1	247
1	28
1	279
1	67
0	58
0	267
1	608
1	343
1	57
1	37
0	347
1	504
0	894
1	515
1	695
0	716
1	412
0	616
1	555
1	775
1	684
1	980
1	146
1	827
1	219
0	592
1	446
1	893
1	236
1	988
1	259
1	26
1	820
1	308
1	408
1	649
1	476
1	624
1	884
0	640
1	966
1	699
1	903
0	214
1	500
0	648
1	871
1	224
1	651
1	406
1	678
1	619
1	821
1	730
0	963
0	595
1	697
1	532
1	795
0	777
1	459
0	874
1	317
1	76
1	682
1	912
0	558
1	95
1	112
0	282
0	409
1	213
0	232
1	246
1	191
1	632
1	277
0	613
1	936
0	329
1	542
0	433
1	18
1	297
0	978
1	123
1	832
0	785
1	172
0	954
0	625
1	72
1	614
1	750
1	186
0	119
1	360
1	53
1	400
1	278
1	939
1	125
1	865
1	886
1	39
1	490
1	193
1	68
1	538
1	891
0	154
0	203
1	541
1	183
1	200
0	442
0	524
1	324
1	835
0	927
1	488
1	866
0	906
1	606
1	666
1	972
1	1
0	48
1	863
0	444
1	602
1	671
1	826
1	831
1	665
1	245
1	293
0	715
1	967
1	20
1	904
0	836
0	313
0	144
1	618
1	859
0	899
1	708
1	908
1	883
1	6
1	319
0	306
1	484
0	371
1	309
1	946
0	760
1	4
0	560
0	422
1	690
1	264
1	971
1	501
0	769
1	301
1	534
0	215
1	986
1	411
1	681
1	388
1	573
1	762
1	576
1	249
1	970
1	483
1	944
1	657
1	579
1	285
1	328
1	138
1	392
0	468
1	385
1	143
0	235
0	410
1	705
0	537
1	605
1	373
0	740
1	174
0	968
0	356
1	799
0	491
0	805
1	74
1	990
0	847
0	47
1	510
1	21
1	565
0	365
1	600
0	880
0	83
1	152
0	811
1	985
1	765
1	261
1	506
1	91
0	957
1	96
1	81
1	180
0	160
0	691
1	757
1	379
0	361
1	806
1	417
1	809
1	418
1	159
1	636
1	642
1	892
1	241
1	362
1	553
1	856
0	816
0	462
1	176
1	610
1	976
1	132
1	905
0	583
0	71
1	914
1	586
0	578
1	575
1	128
1	372
0	456
1	289
1	45
1	837
1	109
1	333
0	376
1	103
1	667
1	767
0	137
1	931
1	849
1	464
1	882
0	322
1	374
1	8
0	852
1	950
0	424
1	659
0	741
1	615
0	305
1	881
1	818
0	70
1	41
0	291
0	7
1	295
1	25
0	982
0	220
1	969
1	638
0	136
1	789
1	928
0	62
1	54
1	965
1	748
1	634
1	997
1	298
1	242
1	953
0	274
1	344
1	571
0	772
1	593
1	731
1	588
1	723
1	584
0	108
1	135
1	401
1	275
1	206
1	465
1	885
0	577
1	14
1	314
1	226
0	29
1	338
0	781
0	869
1	33
0	105
1	351
1	375
0	327
0	850
0	509
1	658
1	102
1	403
1	508
0	552
1	574
1	907
1	368
0	994
1	428
1	286
1	513
1	696
1	589
1	918
1	262
0	349
1	420
1	770
0	389
0	549
1	650
1	34
1	612
0	145
1	639
1	345
1	607
1	879
1	679
0	788
0	407
1	352
0	745
1	973
1	50
1	101
1	495
1	676
0	897
1	943
1	841
1	858
1	947
1	104
0	868
1	339
1	440
1	98
1	2
1	382
0	325
1	644
1	131
1	240
1	12
1	516
1	189
1	5
0	725
1	485
1	522
1	35
1	387
1	937
1	480
1	201
1	377
1	227
0	687
1	431
0	942
0	280
0	683
1	747
1	744
1	80
1	24
1	198
1	511
1	415
1	493
0	113
1	989
0	792
1	536
1	580
0	470
1	157
0	734
1	698
1	641
1	872
0	732
0	801
1	878
1	394
1	36
0	244
1	0
1	19
1	175
1	359
1	32
1	265
1	66
0	802
1	694
0	794
1	935
0	296
1	900
0	992
1	89
0	815
1	77
1	631
0	710
0	140
1	148
1	17
0	202
1	217
1	834
1	519
1	487
1	384
1	814
1	528
1	386
1	192
1	188
1	824
1	256
1	503
0	320
0	404
0	596
1	507
0	668
1	288
0	204
1	270
1	601
1	85
1	87
1	548
1	350
0	917
1	205
1	804
1	554
1	170
1	434
1	753
1	190
1	312
1	656
1	819
1	84
1	441
1	706
0	707
1	996
1	771
1	155
1	862
0	790
0	414
1	453
1	526
0	287
0	142
1	525
1	727
0	178
1	59
0	302
1	961
1	941
1	197
0	323
1	842
1	737
1	889
1	527
1	294
1	221
1	620
0	448
1	934
1	898
0	796
1	449
1	703
1	598
1	10
0	752
0	122
0	283
0	570
1	181
1	709
1	445
1	15
0	822
1	974
1	754
0	505
1	167
1	901
1	185
0	663
0	331
1	547
1	455
1	494
0	562
1	212
1	94
1	680
1	358
1	168
0	429
0	55
1	303
0	127
1	463
0	43
0	369
1	797
1	342
1	395
1	929
1	207
1	30
1	645
1	689
0	870
1	435
0	332
1	701
1	800
1	998
1	590
1	838
1	16
1	416
1	499
1	938
0	208
1	346
1	959
1	764
1	556
1	855
0	486
1	124
0	591
0	378
1	430
0	921
1	310
1	779
1	949
1	466
0	471
1	461
1	983
1	984
1	749
1	776
1	22
1	977
1	273
0	828
1	438
0	611
1	987
1	3
1	550
1	920
1	110
1	460
0	427
1	766
1	782
0	930
0	380
1	86
0	653
0	617
1	42
1	106
1	768
1	134
1	623
1	761
1	266
0	13
0	340
0	107
0	321
1	82
1	909
1	478
1	121
1	545
0	272
0	853
0	810
1	604
1	129
1	714
1	674
1	873
1	787
1	544
1	845
1	216
1	162
1	153
0	281
1	454
0	93
1	489
1	171
1	603
0	304
1	118
0	521
1	637
1	567
0	719
0	196
1	718
1	38
1	117
1	746
0	311
1	861
0	354
0	370
0	955
1	729
0	643
1	238
0	916
1	773
1	533
1	64
1	426
1	888
1	61
1	254
1	915
1	940
0	161
1	860
0	481
1	627
0	271
0	597
1	469
1	482
1	979
1	40
1	307
1	210
1	839
1	151
0	669
1	851
1	353
1	726
1	419
1	99
1	798
1	751
1	933
1	585
1	520
1	670
1	742
1	130
1	581
1	169
0	890
1	924
1	260
1	156
0	397
0	158
1	479
1	357
1	919
1	759
1	840
1	830
1	664
1	251
1	467
1	692
0	299
1	316
1	633
1	673
0	539
1	211
0	999
1	655
1	263
1	582
0	92
1	290
1	518
1	685
0	73
1	402
1	498
0	686
0	477
0	276
1	722
1	114
0	995
1	609
0	49
1	774
1	423
1	367
0	425
1	952
1	194
1	647
1	688
1	962
1	652
1	594
1	496
0	733
1	791
1	630
1	922
1	514
1	540
0	877
0	182
1	677
1	675
1	808
0	543
0	629
1	222
1	626
1	956
1	735
1	887
1	784
0	964
1	436
1	662
1	391
0	326
1	736
1	209
1	717
1	63
1	381
1	812
1	739
1	229
1	179
1	512
0	823
1	960
1	817
1	523
0	911
1	530
1	622
0	330
1	833
0	364
0	421
1	443
1	848
1	56
1	472
1	728
1	451
0	243
0	150
0	529
1	557
1	563