1	598
0	548
1	564
1	94
0	809
1	873
1	889
0	312
1	203
1	539
0	592
1	594
1	234
1	558
1	121
0	534
1	504
0	789
1	58
1	545
0	525
1	998
1	780
0	294
1	347
0	109
0	633
0	474
1	354
1	610
1	169
1	278
0	763
1	650
1	742
1	651
1	449
1	607
1	28
0	819
1	11
1	790
0	487
1	851
1	360
1	767
1	26
1	54
1	80
1	654
1	458
0	838
1	282
1	912
1	546
1	375
1	81
0	920
1	137
1	422
1	673
1	692
1	83
1	374
1	262
1	817
1	194
0	174
0	737
1	345
1	315
0	616
1	973
1	291
1	184
1	879
1	597
1	395
1	740
1	934
1	158
1	112
0	857
0	472
1	701
1	314
1	717
1	645
1	143
1	217
0	12
1	368
1	483
1	526
0	305
1	391
1	49
0	382
1	302
1	237
1	455
1	816
0	461
1	396
1	844
0	162
1	958
1	99
1	614
1	435
1	172
0	849
1	21
1	398
0	266
1	272
1	976
1	573
1	751
1	806
1	757
1	212
0	470
0	793
1	980
1	581
0	13
1	213
0	77
0	139
1	531
1	662
1	440
1	823
1	812
1	48
1	201
1	554
1	279
1	392
1	148
1	933
1	43
1	515
1	238
1	399
1	207
0	295
0	95
0	45
1	954
1	959
0	722
0	404
1	258
1	383
0	335
1	513
0	557
0	338
1	528
1	658
1	771
1	204
1	126
1	905
1	177
0	714
1	886
0	968
1	20
1	188
1	779
1	299
1	967
0	90
0	412
1	932
1	157
1	107
0	8
1	300
0	76
0	960
1	745
1	350
1	756
1	187
1	73
1	867
0	840
1	408
1	103
0	948
1	880
0	678
1	773
0	834
1	630
0	344
1	353
0	582
0	301
0	623
1	367
1	946
1	663
0	914
1	808
1	997
1	666
0	569
1	530
0	870
1	261
1	913
1	599
1	519
1	429
0	796
1	612
1	97
1	618
1	945
1	389
1	3
1	827
1	734
1	690
1	978
1	721
1	694
1	443
1	644
1	768
1	830
1	496
1	965
0	68
1	416
0	691
0	893
0	192
1	764
1	567
1	59
1	200
1	536
1	993
0	571
1	85
1	855
1	296
1	69
1	517
0	456
1	813
1	74
1	657
0	117
1	330
0	325
1	197
1	406
1	891
1	444
1	532
1	371
1	357
1	170
0	156
1	955
1	358
0	848
1	826
1	794
1	122
1	249
0	524
0	179
1	725
1	566
1	494
1	918
1	596
1	836
0	699
1	783
1	414
1	608
1	321
0	415
1	152
0	896
0	271
1	996
1	628
0	309
0	409
1	547
0	104
0	40
1	65
1	240
1	421
0	23
1	502
1	866
1	550
0	909
0	865
1	286
0	580
1	438
1	949
0	365
1	323
1	642
1	373
0	765
1	1
1	876
0	30
0	17
1	629
1	189
1	854
1	587
1	878
0	280
1	953
1	196
1	41
1	833
1	289
1	304
0	140
1	716
1	475
1	370
0	541
1	124
0	352
1	916
1	966
1	715
1	34
1	251
0	895
0	37
0	908
1	485
1	70
1	407
1	818
1	268
1	478
0	787
1	220
1	841
1	426
0	634
1	366
1	641
1	820
1	306
1	195
1	285
1	232
0	497
0	183
1	489
1	744
1	510
1	56
1	310
1	868
1	639
1	723
1	802
1	424
1	508
1	595
1	35
0	775
1	328
1	822
0	804
1	882
1	938
1	336
0	420
1	471
1	766
1	929
1	476
0	343
1	507
1	677
1	205
0	123
1	727
1	219
1	664
1	741
0	575
0	940
1	425
1	695
0	233
1	589
1	248
0	733
1	267
1	591
1	919
1	480
1	805
0	390
0	922
1	708
1	924
1	376
1	273
0	427
1	72
0	835
1	728
1	44
0	488
1	631
0	447
1	681
1	969
1	928
1	562
1	223
1	593
0	821
1	341
1	166
1	228
1	570
0	332
1	19
1	227
1	986
0	761
1	861
1	585
1	405
1	512
0	442
1	795
1	601
1	995
1	284
1	514
1	100
0	15
1	747
0	131
1	603
0	334
1	346
0	981
1	355
1	4
0	837
1	253
1	82
0	108
1	32
0	686
1	706
1	361
1	538
0	25
0	899
1	263
1	810
0	222
1	147
1	394
1	942
1	498
1	621
1	457
1	731
1	685
1	843
1	64
0	676
1	853
1	750
1	982
0	89
1	348
0	402
1	815
1	130
1	746
0	586
1	680
1	230
1	687
1	79
1	168
1	125
1	303
1	977
1	947
0	331
1	288
1	774
1	991
1	339
0	743
1	563
1	509
1	505
1	862
0	951
1	178
1	47
0	915
1	653
0	604
1	864
1	640
0	33
1	675
1	229
1	712
1	342
0	798
0	811
0	57
0	719
1	224
0	729
1	758
1	660
0	943
1	983
1	441
1	385
1	2
0	10
0	281
1	846
1	210
1	726
1	622
1	748
1	791
1	250
1	617
1	419
0	225
1	86
1	555
1	636
0	736
1	36
1	619
0	149
1	448
1	777
1	369
0	24
1	724
1	762
1	439
1	671
0	164
1	917
1	60
1	875
1	637
0	492
0	602
1	839
0	884
1	613
0	609
1	625
0	67
0	696
0	900
1	635
0	477
1	486
1	659
1	254
1	776
0	971
1	992
1	379
1	175
1	326
1	479
0	814
0	311
1	297
1	985
0	269
0	245
0	518
1	87
1	565
1	688
0	150
1	432
1	667
1	829
1	890
0	198
0	869
1	101
1	885
1	214
1	665
1	638
1	91
0	0
1	516
1	377
0	114
1	333
0	318
1	78
0	984
1	926
1	155
1	584
1	831
0	560
1	181
1	615
1	556
1	7
1	579
1	327
1	682
0	29
1	549
1	703
0	577
1	226
1	626
1	206
0	906
1	668
1	190
0	871
1	208
1	120
1	138
1	173
1	693
1	423
1	276
1	351
1	858
1	119
1	38
1	270
0	611
1	852
1	624
1	652
1	672
1	231
1	464
1	872
1	588
1	102
1	191
0	417
0	235
0	739
1	22
1	96
1	903
1	307
1	16
1	529
1	784
0	241
1	782
1	523
0	459
1	925
1	356
0	923
1	466
1	277
0	247
1	825
1	484
1	340
1	710
1	553
1	781
1	627
1	847
1	753
1	436
1	786
0	572
1	176
0	469
1	450
0	533
0	397
0	453
1	55
1	51
1	135
1	165
0	904
0	499
1	42
1	583
1	182
1	216
0	807
1	92
1	785
0	974
1	845
0	431
0	362
1	243
0	93
1	186
0	788
0	975
1	859
1	520
0	939
1	828
0	257
1	465
1	511
1	118
1	907
1	979
0	167
1	322
0	999
0	105
0	493
0	467
1	881
1	50
0	199
1	989
1	413
0	759
1	720
1	381
1	704
1	434
1	6
1	46
1	462
1	221
0	952
0	256
1	537
0	620
1	961
1	738
1	679
1	797
1	160
1	255
1	236
1	364
0	144
1	246
1	259
1	446
1	264
0	403
1	452
0	674
1	935
1	317
1	606
1	576
1	316
0	590
0	75
1	151
1	128
0	730
1	755
1	543
1	901
1	888
1	770
1	578
0	856
1	433
1	387
0	283
0	987
1	98
0	463
0	260
1	850
1	428
0	883
0	115
0	544
0	482
1	956
1	418
0	988
1	552
1	944
0	393
1	153
0	874
1	643
1	5
1	769
1	568
0	134
0	842
1	559
1	437
1	163
1	39
1	298
1	887
1	521
0	430
1	700
0	661
1	18
1	211
1	800
1	244
1	27
1	683
1	363
0	141
1	127
1	324
0	185
1	963
1	129
1	648
0	898
1	116
1	84
1	14
1	61
1	202
1	684
1	957
0	400
1	265
0	500
1	527
1	792
1	110
1	863
1	9
0	142
1	154
1	384
1	106
0	275
1	111
0	359
1	994
1	388
0	62
1	964
1	522
1	329
0	136
0	63
1	930
1	180
0	937
1	705
1	892
1	71
0	490
1	252
1	732
1	411
1	702
1	824
1	410
1	605
1	931
1	132
0	503
1	669
0	31
1	749
0	372
1	600
1	760
1	292
0	832
1	649
1	647
1	902
0	542
0	910
1	337
1	670
1	88
1	561
1	481
1	66
1	209
0	468
1	473
1	380
0	460
0	754
0	113
1	506
1	801
1	501
1	386
1	735
1	133
1	772
1	941
0	972
1	911
1	656
1	454
1	646
1	52
1	697
1	927
1	970
1	860
0	551
1	778
1	349
1	218
1	193
1	711
1	495
0	313
1	632
1	146
1	707
1	145
1	962
1	320
0	239
0	877
1	274
1	540
1	950
0	215
1	451
1	401
1	698
1	287
1	897
1	491
1	445
1	655
1	718
1	803
1	799
1	936
1	242
1	574
1	171
1	709
1	713
1	378
0	308
1	290
1	752
1	161
1	159
1	53
0	293
1	535
1	921
1	990
1	894
1	689
1	319