1	897
1	295
1	598
1	482
1	894
0	112
0	851
1	288
1	282
1	909
0	611
1	937
1	310
0	215
0	429
1	546
0	815
0	594
0	541
1	419
1	62
1	536
1	656
1	538
1	187
1	531
1	402
0	592
0	330
0	889
1	443
1	523
1	114
0	715
1	343
1	365
1	913
1	71
1	313
1	94
1	605
1	27
1	35
0	24
1	293
1	403
1	185
1	778
1	25
1	649
1	95
0	775
1	539
0	473
0	175
1	151
0	166
1	385
1	90
0	461
1	926
0	923
1	955
1	993
1	470
1	569
0	23
1	213
1	342
1	174
1	874
0	334
1	229
1	45
0	808
1	42
1	502
1	813
1	84
1	276
1	696
1	756
1	653
1	529
0	449
1	331
1	328
1	361
1	436
0	165
1	519
0	319
1	212
1	432
0	507
0	160
1	299
1	49
0	173
0	8
1	452
1	669
0	390
1	642
1	243
1	921
1	242
1	794
0	982
1	752
0	268
1	515
1	382
1	278
0	513
1	988
1	703
0	883
1	802
1	290
1	947
0	558
1	549
1	869
1	805
0	211
1	690
1	133
1	896
1	189
1	417
1	535
1	961
1	912
1	976
0	156
1	426
1	966
0	235
0	74
1	726
0	261
1	514
1	932
1	497
1	944
1	760
1	469
0	304
1	629
1	892
1	307
1	19
1	451
1	994
1	807
0	134
1	428
1	749
1	26
1	545
1	489
1	516
1	182
0	936
1	43
1	218
0	863
1	210
1	670
1	486
0	753
1	552
1	221
1	884
0	367
1	22
1	945
0	680
1	21
1	15
1	792
1	747
0	643
1	968
0	396
1	487
1	714
0	718
1	493
1	860
1	795
1	350
1	286
1	853
1	113
1	984
0	384
1	689
0	480
1	593
1	588
1	742
0	87
1	648
1	537
1	847
1	306
1	351
0	599
0	793
0	150
1	627
1	303
0	225
1	826
1	301
0	578
1	141
1	29
1	401
1	120
0	344
1	246
1	317
1	730
1	391
1	338
1	509
1	920
1	821
1	63
0	333
1	767
1	64
0	902
0	970
1	553
1	325
1	494
1	610
1	544
1	777
1	302
0	783
1	152
0	305
1	930
1	665
1	631
1	654
1	233
1	177
0	488
1	638
1	992
0	674
1	595
1	828
1	782
0	949
1	617
1	524
1	628
1	511
0	735
1	577
1	1
0	145
1	650
1	109
1	626
1	567
1	887
1	796
1	227
1	209
1	118
1	969
1	852
1	530
1	925
1	825
1	122
1	362
1	105
1	819
0	248
1	790
1	287
1	698
1	757
1	194
1	762
1	962
1	119
1	5
1	632
0	786
1	253
1	624
0	829
1	270
0	938
1	454
0	203
1	445
1	705
1	958
1	779
1	799
1	148
1	830
1	373
1	758
0	216
1	890
0	269
1	453
1	761
1	492
0	427
0	704
1	247
0	191
1	162
1	289
1	684
1	83
1	300
0	824
1	844
1	279
1	512
0	948
1	369
0	259
1	906
0	398
0	864
1	149
0	727
0	835
1	47
0	52
1	929
1	946
1	142
1	80
1	137
1	528
1	898
0	263
1	716
1	406
1	809
1	254
1	501
1	817
0	127
1	508
1	116
1	131
1	388
1	918
0	283
1	72
0	640
1	836
1	163
1	442
1	820
1	848
1	20
0	939
0	755
1	784
1	40
0	281
1	636
1	564
1	619
1	439
1	405
1	840
0	922
1	691
1	904
1	613
1	687
0	244
0	128
1	347
0	722
0	199
0	257
1	967
1	41
1	418
0	364
0	607
1	804
1	879
0	609
0	940
0	525
1	700
0	86
0	144
1	446
1	872
1	750
0	249
1	329
1	38
1	645
1	226
1	764
0	104
1	318
0	576
1	676
1	818
1	661
1	634
1	496
1	733
0	76
1	602
1	81
1	712
1	224
0	178
1	356
1	183
1	972
1	791
1	543
1	857
1	457
1	785
1	411
1	77
0	587
1	320
1	207
1	298
1	729
1	190
0	542
1	462
1	692
1	434
1	659
0	798
1	358
0	555
1	616
1	797
1	228
1	950
1	154
1	230
1	903
0	678
1	943
1	88
1	36
1	456
1	739
1	252
1	589
1	355
1	370
1	180
0	219
1	467
0	907
1	32
1	172
0	315
0	400
1	573
1	92
0	720
0	155
1	463
0	745
1	693
1	101
1	459
1	337
1	37
0	986
0	277
0	359
0	479
0	234
0	973
0	623
1	666
0	850
0	399
0	346
0	834
1	129
0	557
1	873
1	415
1	854
1	744
1	532
0	285
1	198
1	440
1	280
0	464
1	612
1	135
1	867
1	724
1	256
0	291
0	919
1	754
1	917
1	957
1	466
1	237
1	841
1	200
1	941
0	560
1	977
0	407
0	776
1	915
1	770
1	910
1	928
1	597
1	99
0	975
1	565
0	571
1	803
1	240
1	220
0	481
0	741
0	787
1	622
1	959
1	271
1	987
1	547
1	168
1	9
1	504
1	357
1	997
1	858
1	981
1	931
1	130
1	682
0	801
1	478
1	474
1	93
1	746
0	673
1	375
0	372
1	393
1	849
0	349
0	781
1	721
0	311
1	371
1	965
1	186
1	383
0	197
1	839
1	441
1	138
0	143
1	167
1	192
1	822
0	740
0	139
1	117
1	900
0	771
0	157
0	392
1	241
1	255
0	621
1	97
0	408
1	96
1	103
1	140
1	685
1	586
0	521
1	657
1	655
1	548
1	217
1	876
1	44
1	435
1	48
1	499
1	500
1	871
0	837
0	540
1	275
1	208
1	706
1	908
1	663
1	100
1	82
0	709
1	603
0	79
1	699
0	584
1	158
0	58
1	413
1	991
1	245
1	89
0	763
1	630
1	159
0	339
1	204
1	409
0	618
0	855
0	181
1	153
1	862
1	491
1	811
0	136
1	376
1	914
1	377
0	132
0	788
1	412
1	831
1	881
1	748
0	866
1	978
0	522
1	635
1	55
1	774
0	476
1	551
1	677
0	668
1	971
1	75
1	363
0	895
1	800
0	732
1	146
1	57
1	731
1	737
1	3
1	17
1	713
1	28
0	885
0	34
1	437
0	572
1	554
1	85
1	842
1	701
1	472
1	266
1	176
0	326
1	647
1	694
1	901
1	679
1	686
1	911
1	615
0	14
1	772
1	308
0	878
1	65
1	880
1	335
1	53
1	0
1	39
0	260
1	397
1	999
1	639
0	980
1	423
0	380
0	424
1	614
0	126
1	814
1	69
1	608
0	769
1	620
1	580
0	195
0	471
0	495
1	893
1	431
1	935
1	604
1	990
1	66
1	766
1	681
0	13
1	147
1	579
0	534
0	422
1	258
0	68
1	265
1	596
0	352
1	979
1	672
0	184
1	510
0	719
0	765
0	108
1	348
1	171
1	924
1	353
0	33
0	905
0	70
1	475
1	989
1	827
1	316
1	996
1	327
0	485
1	284
1	707
1	447
1	102
1	448
1	845
1	697
1	985
1	161
1	550
1	738
1	899
0	239
0	368
1	468
1	267
1	868
1	67
1	711
1	416
1	321
1	374
0	60
1	115
0	933
0	566
0	386
1	222
1	98
0	61
1	51
0	458
1	585
1	789
1	31
1	683
1	503
1	394
1	773
1	91
1	734
1	956
1	59
0	490
1	121
1	2
1	658
0	387
0	56
1	662
0	231
0	389
1	664
1	296
0	354
0	856
1	702
0	30
1	54
0	688
1	274
0	582
0	410
0	11
1	323
1	637
1	232
1	581
1	768
0	861
1	916
1	780
1	345
1	951
1	505
1	223
1	888
0	823
1	710
1	292
0	728
1	983
1	483
1	272
1	806
1	322
1	517
1	273
0	264
1	810
1	954
1	450
1	314
1	110
0	12
0	843
0	927
1	601
1	164
1	250
1	498
1	934
1	73
1	46
1	4
0	414
1	644
1	170
0	625
1	816
1	960
1	465
0	574
1	812
1	196
1	533
1	477
1	590
0	838
1	942
1	312
1	877
0	651
1	125
0	193
1	238
0	563
1	438
0	870
0	107
1	886
1	667
1	340
1	78
1	846
1	433
1	865
1	583
1	124
1	214
1	336
1	875
1	751
0	294
1	660
1	379
1	671
1	360
1	652
0	520
1	404
1	964
1	395
1	575
1	421
1	953
1	6
1	568
0	169
0	484
1	859
0	420
0	332
1	562
1	123
1	262
1	425
1	297
1	832
1	460
0	833
1	518
1	205
1	50
1	646
0	708
1	7
1	366
1	963
1	309
1	430
1	341
1	455
1	444
1	891
1	641
1	10
1	251
1	18
0	188
1	16
1	606
1	561
1	378
0	759
1	952
1	179
1	206
0	527
1	723
1	556
1	695
1	725
1	106
1	717
1	995
1	591
1	506
0	526
1	201
1	675
1	743
0	633
1	111
1	974
0	998
0	736
1	559
1	381
0	236
1	570
1	882
1	202
1	600
0	324