1	862
0	416
1	666
1	157
1	700
1	971
1	920
1	940
1	320
1	441
1	557
0	443
1	334
1	89
1	835
1	551
1	511
1	192
0	265
1	72
0	86
1	727
1	432
1	159
0	80
0	967
1	429
1	872
1	182
1	477
1	302
0	708
1	586
1	374
1	21
1	326
1	130
0	347
1	915
1	400
0	599
1	706
0	198
1	281
0	336
1	814
1	571
1	714
1	833
1	533
1	116
1	372
1	956
1	593
1	762
1	422
0	888
1	260
0	746
1	331
0	337
1	606
0	0
1	173
1	330
0	455
1	505
0	869
1	448
0	812
1	507
1	624
0	398
0	526
1	241
1	819
1	253
1	419
1	195
0	827
1	300
0	22
1	779
1	874
1	305
1	433
0	770
1	524
1	375
0	966
1	277
1	338
0	845
1	564
0	390
1	685
1	495
1	995
1	977
1	751
0	572
1	637
1	949
1	914
1	587
1	202
1	478
0	561
0	629
0	909
1	323
0	893
0	795
1	59
1	794
0	125
1	896
1	856
1	203
0	123
1	885
1	733
1	518
1	969
1	118
1	26
1	355
1	377
1	595
0	604
1	396
1	480
1	904
1	361
1	961
1	114
1	238
0	544
0	41
1	152
1	101
0	100
1	395
1	525
1	990
1	23
1	807
1	113
1	954
0	170
0	627
1	364
1	922
1	631
0	523
0	141
0	718
1	897
0	225
0	131
1	828
1	54
1	349
1	974
0	353
0	107
1	901
1	88
0	983
1	103
1	934
1	892
1	226
1	18
1	818
1	866
1	384
0	930
1	565
1	618
1	549
1	111
1	166
1	858
1	262
0	180
0	800
0	699
0	303
1	388
1	799
1	164
1	781
1	394
1	682
1	889
1	636
0	154
1	741
1	668
0	616
1	341
1	436
0	292
0	29
1	873
1	415
1	569
1	997
0	839
0	677
1	391
0	534
1	721
1	33
1	61
1	179
1	786
1	438
1	133
1	464
1	408
1	219
0	612
1	764
1	749
1	815
0	402
1	703
1	461
1	63
1	348
1	92
1	502
0	135
0	120
1	742
1	979
1	562
1	229
0	322
1	139
0	8
1	501
1	584
1	486
1	951
1	605
1	996
1	43
0	775
1	312
0	329
1	532
1	623
1	529
1	667
1	567
1	894
0	273
0	316
0	590
1	110
1	701
1	40
0	656
0	457
1	928
1	450
0	264
0	687
1	25
1	639
1	913
1	351
1	9
0	939
1	884
1	428
1	42
1	49
1	458
1	642
0	871
1	168
1	421
1	52
0	717
0	266
0	169
1	692
1	60
1	558
1	324
1	826
0	611
0	473
1	5
1	622
1	132
0	171
0	792
1	406
1	975
0	435
0	78
1	48
1	852
1	877
0	488
1	496
1	319
1	138
0	643
1	725
1	36
1	918
1	35
1	94
1	654
1	959
1	306
1	283
1	165
1	64
1	126
1	476
1	263
1	55
1	825
1	209
1	397
1	14
1	854
1	122
1	311
1	250
0	246
1	537
0	272
1	575
1	196
0	194
1	715
1	843
1	291
1	76
1	183
1	357
1	748
0	87
0	497
1	609
1	542
0	45
1	482
0	267
1	373
1	50
1	82
1	77
1	680
0	688
0	653
1	716
1	929
1	142
1	212
1	757
0	759
1	722
1	817
1	641
1	665
1	57
1	543
1	875
1	487
0	257
1	318
1	840
1	734
1	739
1	697
1	625
1	531
0	847
1	493
1	206
1	494
0	508
0	420
1	602
1	740
1	161
1	923
1	867
1	68
1	210
1	607
1	750
0	921
0	53
1	232
1	705
0	221
0	13
1	500
0	753
0	902
1	356
1	335
1	369
0	34
1	222
1	354
0	552
1	147
1	447
1	117
0	95
0	704
1	345
1	880
1	941
1	581
1	62
1	407
0	844
0	84
1	657
0	240
1	580
1	504
0	592
0	806
1	248
1	106
0	811
1	270
0	809
1	851
0	409
1	423
0	756
1	366
1	520
0	314
0	898
1	801
1	129
1	576
1	553
1	743
1	860
0	279
1	414
1	738
1	38
1	430
1	601
1	66
1	467
0	162
1	485
0	999
1	837
1	881
1	619
1	297
1	676
1	689
1	613
1	79
1	859
0	119
1	813
1	579
0	907
1	528
0	340
1	679
1	449
1	381
1	70
0	67
0	943
1	208
1	820
1	91
0	191
1	223
1	200
1	965
1	735
1	417
1	737
1	970
1	393
1	74
0	796
1	151
1	293
1	754
1	172
1	27
0	763
1	425
1	440
1	910
1	93
1	527
1	760
0	343
1	960
0	846
0	368
1	886
0	782
1	274
1	684
0	927
1	686
1	946
1	719
1	521
1	404
0	490
1	556
0	346
1	276
1	985
1	499
1	994
0	99
1	972
1	936
1	465
1	790
1	662
1	218
1	803
1	403
0	868
1	96
1	410
0	271
1	724
1	472
0	376
0	220
0	12
1	895
1	475
1	891
0	83
1	387
0	647
1	620
1	906
0	691
1	431
0	459
1	367
1	517
1	879
0	672
0	2
0	610
1	127
1	58
0	973
1	821
1	673
1	585
1	399
0	286
0	255
1	698
1	745
0	931
1	838
1	882
0	439
1	278
1	865
1	437
0	243
0	108
1	729
0	804
1	412
1	359
0	231
1	958
1	379
1	522
1	908
1	816
1	863
0	568
1	632
1	540
0	787
1	989
1	541
1	201
0	321
0	650
1	339
1	344
0	215
1	385
0	56
1	199
1	39
1	310
1	463
1	663
1	899
1	570
0	772
1	603
1	633
1	702
1	926
1	256
1	134
1	675
0	315
1	932
0	789
0	227
0	560
1	104
0	968
1	747
1	358
1	887
1	634
1	539
1	515
1	732
0	136
0	282
1	774
0	261
1	470
0	723
1	167
0	115
0	424
1	380
1	937
0	857
1	978
1	582
0	483
1	945
1	342
1	608
1	765
0	834
1	980
1	301
1	992
1	645
1	519
0	842
1	362
1	4
1	269
0	681
1	578
1	555
1	7
0	776
1	693
1	15
1	596
0	548
1	386
1	785
1	189
0	831
1	307
1	855
1	628
1	919
1	186
0	249
1	640
1	798
1	981
1	986
0	916
0	405
1	468
1	280
1	234
0	597
0	85
1	121
1	124
1	559
1	469
0	950
1	574
1	671
0	870
0	674
1	830
1	771
1	658
1	550
0	861
1	479
1	197
0	69
1	678
0	382
0	3
0	594
1	583
1	545
1	365
1	413
0	128
1	453
1	294
1	145
1	51
1	325
1	848
0	158
1	24
1	46
1	489
0	713
1	503
1	635
1	1
1	309
1	236
1	30
1	259
0	924
1	876
1	710
1	451
1	181
0	547
1	466
1	660
1	998
1	16
1	418
0	849
1	944
1	554
1	184
1	146
1	149
1	695
0	205
1	176
1	784
1	434
1	938
1	905
1	982
1	105
0	308
1	726
1	769
0	638
0	137
1	864
1	174
1	512
0	933
1	853
1	942
1	659
1	883
1	506
0	563
1	156
0	783
0	766
1	744
1	187
1	736
1	178
1	244
0	20
0	664
1	615
1	614
0	295
1	460
1	258
1	444
1	711
1	102
1	935
1	456
1	538
1	617
0	791
1	510
1	649
0	233
1	768
1	31
0	911
1	823
1	90
1	454
1	777
1	228
1	81
1	109
1	900
1	217
1	728
1	284
1	363
1	237
1	6
1	287
1	299
1	204
1	773
1	591
0	955
1	160
0	252
1	802
1	360
1	655
1	976
1	370
1	97
1	213
0	598
0	720
1	144
0	328
1	707
1	588
0	498
1	11
0	251
1	10
0	661
1	275
1	670
1	28
0	964
0	47
1	573
1	317
0	709
0	327
1	788
1	481
1	163
1	148
1	513
1	903
1	155
1	651
1	805
1	239
1	224
1	988
1	296
1	73
1	298
0	140
1	352
1	793
0	289
1	383
1	694
1	712
0	427
1	71
1	797
1	153
1	185
1	98
1	235
0	917
1	75
1	841
0	993
1	332
1	193
1	471
0	242
0	285
1	288
1	333
1	952
1	824
0	177
1	731
1	411
1	474
1	516
1	767
1	810
1	392
0	44
1	912
1	150
0	491
0	829
1	446
1	644
1	621
0	957
0	696
1	890
1	313
1	530
0	214
1	188
1	32
1	626
1	484
0	878
0	630
1	730
0	378
1	780
1	690
1	304
1	947
0	683
1	254
1	600
1	389
0	492
0	535
1	963
1	589
1	290
0	112
1	452
1	987
0	566
1	652
0	216
1	991
1	546
1	37
1	984
1	808
1	211
1	577
0	143
1	190
1	442
1	850
1	778
1	836
0	426
0	925
1	953
0	509
0	207
1	371
1	536
0	669
1	175
0	648
1	462
1	245
1	247
0	832
1	401
1	822
1	268
1	948
0	445
0	646
1	758
1	230
1	19
1	350
0	761
1	752
1	514
0	962
1	17
1	755
1	65