0	254
0	856
1	246
1	931
1	313
1	0
0	272
1	227
1	298
1	255
0	639
1	406
1	387
0	675
1	135
0	229
0	378
0	536
1	49
1	921
1	398
1	306
0	278
1	159
1	13
1	157
1	426
1	83
1	464
0	239
1	240
1	650
1	713
0	646
0	954
1	9
1	331
1	428
0	281
1	710
1	33
1	63
1	262
0	444
0	512
0	274
0	85
1	26
0	203
1	670
1	139
1	200
1	247
1	582
1	979
0	757
1	322
0	830
0	615
1	748
1	844
0	852
1	601
0	739
0	837
0	715
1	149
1	137
1	737
1	358
1	492
1	78
1	16
1	918
0	225
0	787
1	828
0	780
0	342
1	332
1	448
1	220
1	248
0	981
1	740
1	301
0	683
1	587
1	528
0	105
1	765
1	904
0	423
1	974
1	366
1	657
1	667
1	885
0	566
1	608
1	99
0	244
1	57
1	845
1	905
1	70
1	36
0	934
0	263
0	23
1	912
0	194
1	415
1	959
1	957
1	963
0	956
1	344
1	383
0	642
0	728
1	510
1	878
1	672
1	209
1	614
1	821
0	414
1	654
0	403
1	520
1	581
0	688
0	731
1	242
1	997
1	6
1	174
0	723
1	207
1	910
1	485
0	770
1	833
0	115
1	753
0	990
0	865
1	55
0	91
1	264
1	127
0	917
1	441
1	789
0	367
1	228
1	734
0	74
0	570
0	191
0	900
1	355
1	883
1	662
0	196
1	216
1	143
0	807
1	47
1	607
1	90
0	427
1	354
0	924
1	42
1	504
1	706
1	749
1	946
0	993
1	533
1	235
1	288
0	56
0	169
1	51
0	449
1	699
0	429
1	655
1	410
0	129
1	589
1	309
1	888
1	827
0	15
1	501
0	864
0	112
1	286
0	677
1	825
1	783
0	975
1	214
1	579
1	161
1	532
1	955
1	243
1	39
1	19
1	44
1	502
1	102
1	764
1	154
0	695
1	386
0	687
1	397
0	284
0	94
1	674
0	719
1	819
1	113
0	486
1	992
1	79
0	155
1	707
1	887
1	790
1	733
1	379
1	840
1	767
0	659
0	558
1	612
1	577
1	302
1	76
1	553
1	797
1	392
1	647
1	153
1	977
1	527
0	524
1	289
1	110
1	644
1	343
1	459
1	436
1	158
0	544
1	531
1	393
1	801
1	189
1	762
1	265
1	206
0	788
1	252
1	212
1	184
1	204
1	559
0	711
1	938
1	564
1	363
1	69
0	236
0	173
1	722
1	402
1	863
1	318
1	178
0	160
1	405
1	705
1	222
1	368
1	730
1	440
0	620
1	634
1	743
1	67
0	507
1	294
1	285
1	435
1	967
1	437
1	645
1	766
1	122
1	691
1	208
0	68
0	952
1	671
1	109
0	101
1	817
1	794
0	30
1	949
1	116
1	45
0	362
1	682
1	914
1	89
1	525
1	951
1	38
1	107
1	121
1	152
0	716
0	919
1	718
1	425
1	841
1	857
1	400
1	167
1	987
1	499
1	750
1	500
1	714
1	539
0	307
1	855
1	960
1	700
1	605
0	624
0	897
1	439
1	164
1	895
1	894
0	124
1	826
1	25
1	176
1	259
1	329
1	535
1	786
1	619
0	989
1	352
1	874
0	631
0	522
1	868
1	861
1	839
1	751
1	223
0	561
1	183
1	984
1	238
0	556
0	879
1	814
1	540
1	630
1	903
0	3
1	599
1	913
1	119
0	804
1	312
1	810
1	948
1	769
1	611
1	530
1	629
1	870
1	717
0	591
1	755
1	560
1	648
0	519
1	404
0	31
0	676
1	549
1	515
0	811
1	572
1	148
0	859
1	50
1	985
1	334
1	836
1	481
1	851
1	93
1	880
1	156
1	832
1	940
1	40
1	618
0	179
1	854
1	145
1	543
1	250
1	665
1	640
0	872
0	224
0	467
0	349
0	457
0	661
0	759
1	505
1	150
1	359
1	81
1	260
0	834
1	590
1	221
1	478
1	409
1	823
1	413
0	276
0	643
1	210
1	408
0	694
1	495
1	808
1	463
0	305
1	201
1	623
1	96
1	775
1	251
0	321
1	270
0	347
1	871
1	776
0	232
1	598
1	35
0	369
1	341
0	867
1	86
1	795
1	446
1	799
0	747
0	950
0	923
1	497
1	43
1	17
1	147
1	496
1	557
1	820
0	727
1	597
1	493
0	477
1	491
1	138
0	668
1	547
1	231
1	633
1	197
1	316
1	745
1	517
1	669
0	182
0	213
1	636
1	721
1	18
0	217
1	896
0	311
1	970
1	488
1	64
0	738
1	971
1	968
1	458
1	438
0	401
1	146
1	603
1	724
0	594
1	847
1	295
0	574
1	60
1	929
1	796
1	273
0	268
1	171
0	656
0	391
1	621
1	77
1	454
1	340
0	681
1	534
0	576
0	54
1	509
1	818
1	468
1	838
1	802
0	198
1	982
1	380
1	304
1	374
1	622
1	291
1	22
1	434
0	82
1	175
0	999
1	805
1	65
1	606
1	673
1	563
0	389
1	506
1	937
1	735
0	548
0	456
1	575
1	550
1	568
1	357
1	746
1	678
1	7
1	474
0	782
1	461
1	973
0	752
0	73
1	772
0	97
1	52
1	58
1	514
1	455
1	24
1	125
1	168
0	337
0	465
1	962
1	554
0	686
1	578
0	290
1	632
1	336
1	546
1	114
1	986
1	388
1	4
1	420
1	308
1	898
0	80
1	381
0	299
1	324
1	422
0	835
1	71
1	873
1	10
1	130
1	925
1	399
1	394
0	142
0	697
1	516
1	584
0	927
0	628
1	219
1	165
0	482
1	602
1	345
0	166
1	831
0	269
1	933
0	338
0	292
1	372
1	928
1	627
0	816
1	134
1	432
0	27
0	792
1	508
1	995
1	376
1	702
1	21
1	61
1	453
0	287
0	876
1	28
1	193
0	371
1	117
1	761
1	843
1	763
0	653
1	813
1	215
1	98
1	163
0	339
0	944
1	649
0	562
1	267
1	472
1	756
1	892
0	815
1	824
0	663
1	626
1	725
1	983
1	460
1	144
1	583
1	452
1	692
1	526
1	778
1	390
1	635
1	758
1	958
0	395
0	846
1	14
1	693
1	537
1	806
1	511
1	732
1	199
1	768
1	489
1	186
1	545
1	188
1	932
1	698
1	610
0	976
0	712
1	945
1	503
1	185
1	877
0	529
1	586
1	283
1	151
0	930
1	375
1	580
1	277
1	330
1	431
0	809
1	445
1	902
1	261
1	953
1	237
1	829
1	890
1	41
1	442
1	679
1	791
1	708
1	333
1	685
1	37
1	396
1	893
1	555
1	884
1	421
1	297
1	462
0	385
1	258
1	742
1	660
1	651
1	12
1	234
1	942
1	680
1	211
1	451
1	869
0	108
1	664
1	571
0	59
0	2
1	87
1	202
0	936
1	480
1	300
1	92
1	319
1	370
0	226
0	490
1	141
0	1
0	471
1	104
1	523
0	29
1	323
0	424
1	317
1	701
0	542
0	998
1	205
1	513
1	853
1	280
1	350
1	95
0	466
1	195
1	360
1	84
1	652
0	909
0	689
1	889
0	911
1	353
1	901
1	922
1	744
1	133
1	218
1	123
0	996
1	798
1	483
1	473
1	842
1	88
1	947
1	106
1	991
1	100
1	891
1	245
1	777
1	416
1	812
1	327
1	249
1	774
1	573
0	181
1	5
1	961
0	447
1	310
1	118
1	412
1	433
1	66
1	34
0	326
1	784
1	593
1	48
1	760
1	849
1	279
1	518
0	567
1	875
1	476
0	785
1	11
1	111
1	666
0	443
1	320
1	541
1	177
1	704
0	20
0	192
1	850
0	939
1	498
0	315
1	136
0	131
1	862
0	293
1	187
0	484
0	140
1	908
1	190
1	407
1	906
1	972
1	793
1	994
1	592
0	926
1	696
1	886
0	170
1	521
1	709
0	53
1	822
0	596
0	916
1	180
1	941
1	920
1	430
1	617
0	356
1	726
1	46
0	487
1	348
0	551
1	613
1	980
1	800
0	128
0	803
1	966
0	361
1	866
1	328
0	943
1	172
1	964
1	230
0	418
1	266
1	881
1	335
0	373
0	475
1	565
1	729
1	690
0	233
1	257
1	988
1	275
0	126
0	271
1	641
1	978
0	741
1	736
0	616
1	779
1	684
1	703
1	935
1	469
1	377
1	479
0	907
1	419
0	604
1	325
0	773
1	75
1	72
0	282
1	32
1	384
1	585
1	103
1	538
1	965
1	609
1	382
0	470
0	494
0	351
1	241
0	296
1	450
1	882
0	256
1	314
1	915
1	899
1	969
1	303
1	417
1	848
1	658
0	781
1	860
1	625
1	771
1	132
1	754
0	120
1	62
0	364
1	637
0	346
1	600
1	638
1	595
1	588
1	569
1	411
1	552
1	253
1	8
1	365
1	162
1	720
0	858