0	692
1	471
1	922
1	82
1	513
1	395
1	363
1	980
1	850
1	92
1	358
1	390
0	918
0	897
0	131
1	141
1	585
0	971
0	937
1	901
1	480
1	66
1	583
1	695
0	752
1	308
1	303
0	604
0	534
0	239
1	882
1	147
0	481
1	638
1	587
1	148
1	43
1	169
0	330
1	459
1	989
1	854
1	4
1	706
1	16
1	663
1	796
1	531
1	952
1	762
1	186
1	675
1	299
1	721
1	949
1	542
1	96
1	343
1	371
1	150
1	581
1	116
1	908
0	486
0	953
1	5
1	703
1	837
0	242
1	870
1	712
1	895
0	766
1	247
1	132
1	374
1	233
1	640
1	959
1	221
0	350
1	279
0	168
1	787
0	612
1	188
1	311
1	352
1	403
1	1
1	469
1	463
1	72
1	921
1	911
1	995
0	0
1	641
1	349
1	261
1	156
0	364
1	120
1	280
0	827
1	434
0	52
1	13
1	185
0	601
0	357
1	797
0	563
0	586
0	449
1	455
1	429
1	691
1	251
1	649
0	522
0	216
1	942
1	493
0	485
1	73
1	558
1	77
0	547
0	475
1	620
1	765
0	807
1	182
1	606
0	420
0	464
1	399
1	680
0	824
1	552
1	548
1	755
1	117
1	912
1	417
1	519
1	978
1	461
1	799
1	140
1	232
1	400
0	490
0	240
1	296
0	943
0	621
1	47
1	710
1	803
1	344
1	541
0	123
1	657
0	982
1	273
1	682
1	121
1	381
1	817
0	538
1	224
0	176
1	867
1	779
0	456
1	979
1	741
0	858
1	217
1	963
1	929
1	777
0	626
1	650
1	133
0	997
1	567
0	327
1	565
1	388
0	254
1	379
1	334
1	672
1	875
1	696
1	769
1	749
0	262
1	446
0	229
0	505
1	885
1	915
1	328
1	220
1	433
1	12
0	947
1	605
1	137
1	745
0	410
1	193
1	504
1	15
1	393
0	698
1	891
0	990
1	165
1	290
1	616
1	914
1	491
1	87
0	566
1	954
1	264
1	619
1	263
1	157
0	916
1	532
1	60
1	856
1	744
1	451
0	950
1	815
1	209
1	342
1	623
1	112
1	35
1	976
1	591
1	163
1	129
0	359
0	973
1	644
1	925
1	201
1	453
1	716
1	778
1	868
1	503
1	375
1	30
1	436
0	187
1	892
1	809
1	687
1	97
1	54
0	318
1	65
1	629
1	139
0	848
1	717
1	26
1	889
1	818
0	42
1	63
1	975
1	833
0	506
1	309
1	750
1	728
0	228
1	69
1	556
1	487
1	354
1	222
1	271
1	488
1	38
0	269
1	780
1	917
1	763
1	939
1	162
0	338
0	555
1	98
1	397
1	50
1	253
1	944
1	564
1	348
1	325
0	478
0	36
0	714
0	249
1	690
1	525
0	8
1	158
1	492
1	119
1	500
0	686
1	727
1	694
1	497
1	962
1	29
1	836
1	518
0	361
1	443
0	831
0	394
1	857
0	329
1	794
1	609
1	450
1	853
1	851
0	521
1	729
0	955
1	368
0	166
1	346
1	153
1	409
1	435
1	852
1	983
0	208
1	466
1	537
1	3
1	413
1	813
0	498
0	814
1	878
1	615
0	27
1	747
1	447
0	324
1	951
1	339
1	753
1	287
1	115
1	258
1	767
1	144
0	104
1	810
1	310
0	658
1	553
1	639
0	844
0	653
1	634
1	664
1	998
1	28
1	160
1	631
1	6
0	7
1	100
1	544
0	646
1	630
1	64
0	238
1	700
0	85
0	662
0	574
0	412
1	276
1	130
1	227
1	733
1	380
0	347
1	933
1	118
1	514
0	748
1	378
1	355
1	756
1	473
1	383
0	314
1	758
1	593
1	164
1	969
1	226
0	707
1	270
0	966
1	835
0	297
1	893
0	323
1	39
1	964
0	11
1	372
1	597
1	23
1	90
1	757
1	754
1	414
0	146
0	904
1	204
1	440
1	617
0	945
1	512
1	932
1	465
0	389
0	439
1	846
1	842
1	266
1	444
1	312
0	114
1	539
1	775
1	321
1	61
1	438
1	483
1	743
1	520
0	353
0	31
1	442
1	790
0	900
1	782
1	125
1	419
1	996
1	863
1	196
1	930
1	704
1	669
1	988
1	862
1	999
1	305
1	272
1	913
1	661
1	746
1	739
1	360
1	511
1	256
1	828
1	404
1	709
0	402
1	41
1	285
1	211
1	805
1	411
1	437
0	618
1	267
1	79
0	737
0	572
1	960
1	958
0	622
1	708
0	18
0	74
1	545
1	647
1	407
1	113
1	823
1	788
0	847
1	190
1	902
0	697
1	418
1	726
1	212
1	984
1	535
1	234
1	458
1	401
1	589
1	170
1	931
1	111
1	598
1	257
1	632
1	441
1	53
1	533
0	936
0	884
1	88
1	957
1	603
1	57
1	554
1	241
1	792
1	454
1	702
1	668
0	849
1	839
1	181
0	457
0	33
0	331
1	246
1	905
1	20
1	293
1	332
1	530
1	636
1	103
1	205
1	599
1	425
0	872
1	48
0	816
1	268
1	320
1	927
0	909
1	213
1	801
1	86
1	819
1	14
1	422
0	791
1	109
0	676
0	896
1	883
1	546
1	252
1	693
1	771
1	452
1	333
1	994
1	243
1	594
1	642
1	91
0	215
1	723
1	899
1	806
1	89
1	199
1	759
0	135
1	580
1	124
1	840
0	470
0	578
1	396
0	448
0	55
0	811
1	812
0	421
1	740
1	887
0	970
1	244
1	573
1	476
1	467
1	189
1	992
1	424
0	689
1	292
1	571
1	734
0	128
0	781
1	154
0	295
0	660
1	610
1	972
1	301
1	210
1	877
1	934
1	920
1	516
1	134
1	804
1	865
1	876
1	938
1	590
1	795
1	218
1	798
1	645
0	376
0	278
1	49
1	802
1	428
0	886
0	880
1	731
0	108
1	529
1	225
1	384
1	159
1	671
1	888
1	974
1	576
1	408
1	2
0	236
1	40
1	577
1	171
1	136
1	613
1	300
1	106
0	373
1	830
0	203
0	627
1	377
1	517
1	317
1	967
1	431
1	174
0	673
1	101
1	679
1	834
1	625
1	71
1	946
0	894
0	772
0	523
0	34
1	283
0	861
1	102
1	479
1	81
1	655
1	592
1	70
1	392
1	898
1	326
1	879
0	736
1	607
1	822
1	105
0	367
1	770
1	869
0	370
1	821
1	720
1	405
0	602
1	415
1	981
1	637
0	575
0	369
1	298
1	155
1	277
0	25
1	366
1	866
1	426
1	345
0	561
0	365
1	845
1	306
1	961
1	173
1	785
1	838
1	738
0	903
1	191
1	635
1	423
1	711
1	206
1	501
1	315
0	302
1	260
1	289
1	76
1	282
1	17
1	825
0	24
1	126
1	340
1	582
1	965
1	677
1	859
1	351
1	510
1	84
1	871
0	248
0	924
1	993
1	633
0	666
0	80
1	906
0	829
0	569
1	83
0	783
0	462
1	705
1	732
1	724
1	235
1	670
1	928
0	910
1	595
0	21
1	313
1	560
1	143
1	107
0	683
1	543
0	362
1	161
1	197
1	474
1	665
0	44
1	255
0	37
0	643
0	855
1	559
1	991
1	935
1	275
1	335
1	167
0	719
0	202
0	231
0	307
1	178
1	151
1	179
1	99
1	735
1	550
1	322
1	138
0	751
1	624
1	200
0	940
1	406
1	430
0	526
0	219
1	549
0	149
1	678
1	195
0	570
1	482
1	611
1	194
1	499
1	152
0	237
1	427
1	713
0	183
0	472
1	941
1	540
1	528
1	214
1	22
1	800
1	667
1	536
1	58
0	336
0	489
1	722
1	284
0	337
1	507
1	860
1	62
1	776
1	304
0	873
1	291
0	45
0	628
1	142
0	67
1	19
1	468
1	923
0	832
1	685
1	382
1	764
0	78
1	391
1	356
1	508
0	688
0	341
1	588
1	648
0	793
1	919
1	568
1	502
1	110
1	288
1	319
1	10
1	968
0	684
1	730
1	477
0	562
1	94
1	177
1	198
1	808
0	75
1	207
0	715
0	760
1	773
1	820
1	386
0	608
1	250
1	681
1	786
1	494
1	579
1	725
1	527
1	784
1	281
0	656
1	316
1	948
1	864
1	551
1	986
0	385
1	259
1	651
0	789
0	768
1	881
0	761
0	596
1	699
1	956
0	245
1	59
1	509
1	460
1	432
1	652
0	274
1	659
1	584
1	68
1	926
1	51
0	95
1	230
0	718
1	286
0	387
1	515
1	987
1	192
1	93
1	674
1	742
0	484
1	145
1	56
1	841
0	46
1	416
0	180
1	557
1	600
1	184
1	223
0	265
1	127
0	495
1	175
0	890
1	122
1	172
0	524
1	654
1	445
0	9
1	907
1	977
0	398
0	294
1	985
1	843
1	32
1	826
1	874
1	774
1	496
0	614
1	701