0	865
1	7
1	161
1	428
0	740
0	129
1	175
1	769
1	213
1	411
1	331
1	940
1	702
1	330
1	105
1	826
1	916
1	747
1	324
1	587
1	613
0	574
1	976
1	289
0	87
0	614
1	739
1	180
0	350
1	499
1	971
1	857
1	381
1	989
1	493
1	164
1	653
1	6
1	372
0	43
1	467
1	728
1	440
0	715
1	309
1	657
1	113
1	232
1	907
1	125
1	148
1	931
0	961
1	830
1	455
1	172
0	569
0	347
1	281
1	590
1	485
1	821
0	274
0	648
1	687
1	966
1	226
1	471
1	54
1	64
1	926
0	450
1	501
1	361
1	79
1	116
1	879
0	387
1	617
0	635
0	253
1	227
1	264
1	820
1	603
1	647
1	371
1	768
0	773
1	958
0	582
1	193
1	506
1	983
1	186
1	714
1	997
1	519
1	33
1	178
0	120
1	927
1	4
1	398
1	378
1	228
0	611
0	198
1	824
0	640
1	479
1	856
1	52
1	577
1	335
1	314
1	31
1	127
1	949
0	268
1	91
1	95
1	272
1	102
0	572
1	709
1	679
0	654
0	744
0	191
1	28
1	625
0	753
0	356
1	442
1	273
1	792
0	627
1	495
1	29
1	396
1	594
0	379
1	16
1	934
1	609
0	498
1	921
1	512
0	538
1	537
0	463
0	711
1	844
1	246
0	549
1	586
1	409
1	323
0	965
1	497
0	718
1	242
1	486
1	70
1	292
1	196
1	382
1	776
1	850
1	862
0	828
1	42
0	473
1	599
1	784
1	855
1	336
1	561
1	794
1	482
0	444
0	936
1	962
0	182
1	397
1	121
1	655
1	652
0	170
1	573
0	231
1	849
0	332
1	367
1	434
0	527
1	369
0	843
1	677
0	891
1	491
0	688
1	816
1	208
0	302
0	249
1	665
0	755
0	279
1	321
1	737
1	578
1	970
1	436
1	720
0	834
1	454
1	765
1	303
1	637
1	377
1	328
1	225
1	543
1	721
1	224
1	818
1	380
1	608
1	283
0	131
1	829
1	60
1	646
0	119
0	278
1	589
0	298
1	644
1	247
0	300
1	73
1	56
0	388
1	676
1	451
0	114
1	363
1	628
1	63
1	904
1	112
0	215
1	223
0	933
1	258
1	564
1	174
1	842
1	51
1	25
1	20
1	835
1	299
1	62
1	959
1	781
1	669
1	667
1	406
1	831
0	337
1	403
1	915
1	513
1	89
1	243
1	675
1	433
1	922
0	698
0	595
0	257
1	173
1	221
1	211
1	762
1	373
1	427
1	848
1	286
1	984
0	734
1	183
1	953
1	876
0	530
0	464
1	342
1	115
0	982
1	508
0	67
0	136
0	729
1	523
0	210
1	782
1	840
0	531
1	446
0	846
1	143
1	660
1	24
0	712
1	839
0	394
1	882
1	284
1	748
1	240
1	468
1	505
1	557
1	796
0	884
1	684
0	248
1	251
1	233
1	209
1	267
0	575
1	909
1	852
1	800
1	358
0	135
0	893
0	663
0	313
1	261
1	760
1	76
1	146
0	149
0	668
1	488
1	447
0	84
0	542
0	80
0	809
1	771
1	823
1	672
1	518
1	185
1	583
1	101
1	763
1	521
1	1
1	896
1	757
1	320
1	500
1	851
1	623
0	704
1	349
1	778
1	511
1	981
1	973
1	354
1	408
0	957
1	960
0	789
1	194
1	642
0	0
1	360
0	716
1	666
0	699
1	407
1	230
1	55
1	738
1	866
1	806
1	38
0	585
0	395
1	432
0	825
0	783
1	36
1	339
1	817
0	167
1	930
1	130
1	898
1	905
1	199
0	357
1	200
1	612
1	504
0	37
1	788
0	219
1	532
1	822
1	633
1	104
0	83
1	691
1	670
0	886
1	888
1	863
1	616
0	13
0	421
1	177
1	151
1	838
1	34
1	90
1	864
1	766
1	571
1	152
0	23
1	108
0	448
1	942
1	53
1	742
1	925
1	260
1	138
1	327
1	69
1	322
0	430
1	392
1	526
1	528
1	881
1	661
1	551
0	18
1	674
0	107
1	713
1	944
1	597
1	30
1	271
1	756
1	287
0	496
0	137
0	126
1	74
1	216
0	402
1	937
1	27
1	110
0	779
1	516
1	375
1	181
0	899
1	759
1	621
0	365
0	238
1	441
0	420
1	875
1	333
1	956
1	366
1	620
1	860
1	799
1	263
0	294
1	384
1	658
1	998
1	477
1	12
0	404
1	877
0	978
1	103
1	656
0	65
0	142
0	425
1	803
1	72
1	996
0	662
1	82
1	393
1	935
1	480
0	489
1	343
0	8
1	345
1	686
1	11
1	244
1	544
0	556
1	153
0	700
1	524
1	723
0	943
1	811
1	743
1	868
1	990
0	972
1	568
0	602
1	355
1	254
1	470
1	457
1	598
1	805
1	509
1	845
0	869
0	641
0	963
1	810
1	466
0	351
1	968
1	692
1	293
0	993
1	554
1	68
1	301
1	106
1	923
1	902
1	639
0	256
0	26
0	474
0	158
0	887
1	693
0	994
1	883
1	401
1	929
1	567
1	187
1	15
0	10
1	791
1	166
1	746
1	812
1	841
1	362
0	833
0	552
1	312
1	75
0	690
0	492
1	424
1	685
1	890
1	374
1	872
1	631
1	57
0	490
1	954
1	275
1	190
0	376
1	348
1	745
0	132
1	297
1	207
1	576
1	697
1	813
0	241
0	44
1	469
0	399
1	808
1	814
1	780
1	100
1	560
1	801
1	741
1	459
1	5
0	938
1	664
0	390
1	539
1	291
1	155
1	40
1	727
0	732
1	645
0	638
1	134
0	220
1	815
1	21
1	751
0	566
1	133
1	918
1	111
0	269
0	867
1	903
1	510
1	735
1	14
1	290
1	465
1	703
1	797
0	22
0	295
0	832
1	906
0	807
1	752
1	917
1	58
1	410
0	319
0	606
1	50
1	195
0	484
0	695
0	555
1	553
1	502
1	878
1	910
1	400
1	86
1	730
0	341
1	265
1	615
0	280
1	71
1	237
0	592
1	533
1	96
0	964
1	977
0	920
1	775
0	701
1	77
1	154
1	47
1	250
1	897
1	128
1	991
1	311
1	932
0	481
1	545
0	326
1	344
0	871
1	204
0	651
1	731
1	988
0	924
1	205
0	967
1	117
1	364
1	694
1	802
1	979
0	81
1	719
1	39
1	793
1	124
1	546
1	439
0	786
1	218
1	565
0	423
1	304
1	288
0	389
1	203
0	94
1	558
1	306
0	259
0	596
0	547
0	165
1	601
0	188
1	912
1	179
1	749
1	650
0	429
1	534
1	724
1	584
1	649
1	97
1	517
0	308
0	48
1	600
1	671
1	772
1	9
1	494
0	412
0	974
1	46
0	525
1	559
0	889
1	610
1	562
0	449
1	836
0	329
0	689
1	202
1	593
0	305
1	952
0	901
1	777
1	948
1	245
1	928
1	276
1	980
1	618
1	750
1	514
1	460
1	475
1	787
1	580
1	160
1	774
1	605
1	163
1	683
1	150
1	168
1	255
0	636
1	987
0	892
1	316
1	206
1	32
1	986
1	169
1	536
1	458
1	682
0	798
0	754
1	722
1	726
1	630
1	282
0	307
0	804
0	522
1	880
0	252
0	717
1	239
0	705
0	761
1	462
1	370
0	854
0	391
0	118
1	710
1	386
1	913
1	49
1	847
1	184
1	236
0	171
1	795
1	673
1	352
1	385
1	520
0	659
1	266
1	678
1	222
1	634
1	157
1	452
0	861
0	487
1	588
1	419
1	35
1	315
0	785
1	122
1	992
0	914
0	346
1	859
1	368
1	919
0	563
0	950
0	353
0	431
0	985
1	414
0	192
0	262
0	234
0	229
0	197
1	619
0	270
0	88
0	45
1	725
1	99
1	955
1	995
1	607
1	59
0	870
1	437
0	456
1	285
1	310
1	643
1	736
1	908
1	696
0	422
1	975
1	503
1	418
1	632
1	945
1	140
1	941
0	570
1	874
1	145
1	946
1	764
1	85
0	483
1	144
0	681
1	443
1	201
1	147
0	338
0	17
0	708
1	624
1	141
1	66
1	445
0	548
1	317
1	550
1	853
1	189
1	733
0	770
1	790
1	535
0	109
1	334
1	827
1	706
0	626
1	900
1	435
1	325
1	758
1	93
0	873
1	78
1	277
1	318
1	139
1	296
1	476
1	895
1	581
1	426
1	123
1	579
1	707
1	2
1	359
1	540
0	604
1	438
1	629
1	159
1	416
1	767
1	885
1	405
1	98
1	413
1	176
1	947
1	969
1	383
1	591
1	541
1	911
1	41
1	622
1	819
0	837
1	461
1	162
0	453
1	340
1	680
0	417
1	3
1	515
0	415
1	92
1	478
1	156
1	858
0	507
1	214
1	217
1	939
1	951
1	19
0	235
1	212
1	894
1	472
1	529
1	999
1	61