0	13
1	230
1	600
1	482
1	652
1	589
1	51
1	685
0	628
0	745
0	249
1	254
0	935
1	71
0	207
1	205
1	945
0	222
1	242
1	827
0	964
1	329
1	244
1	774
1	111
0	896
0	987
1	580
1	566
1	565
1	84
1	842
1	678
0	598
0	722
0	517
0	746
0	20
1	732
1	427
1	368
1	632
0	985
1	767
1	419
1	773
0	80
1	919
1	74
1	334
1	898
1	851
0	62
1	900
1	614
1	540
0	251
1	756
1	416
1	787
1	766
0	531
1	99
1	298
1	428
1	85
1	477
1	118
0	799
1	933
1	286
1	422
1	512
0	283
1	415
0	772
1	568
1	4
1	662
1	417
1	191
1	750
1	806
1	162
1	912
0	279
1	326
0	655
0	922
1	561
1	682
1	550
1	534
0	960
1	762
1	278
1	325
1	290
1	583
0	223
1	777
0	335
1	798
1	820
0	130
0	400
1	718
1	740
0	537
0	142
0	320
0	241
1	331
1	39
1	533
1	463
0	452
1	887
1	956
1	349
1	308
1	936
1	258
1	939
1	15
0	681
1	379
1	163
1	651
1	270
1	491
0	248
1	811
1	48
1	447
0	545
1	97
0	341
0	826
0	211
0	577
1	318
0	697
1	481
1	546
1	464
1	253
1	330
1	236
1	30
0	627
1	838
1	549
1	755
1	625
0	876
1	823
1	122
1	815
1	606
0	607
1	23
1	216
1	228
1	930
1	886
0	240
1	571
1	141
1	739
1	174
1	680
0	410
1	593
0	365
1	169
1	601
0	442
1	736
1	414
1	294
1	714
1	981
1	178
0	623
1	555
1	54
1	698
1	620
1	860
1	734
1	194
1	759
0	731
0	196
1	963
1	720
0	584
1	370
1	528
1	937
1	311
1	786
1	22
0	490
1	269
1	497
1	354
1	474
0	735
1	165
0	771
1	559
1	597
1	100
0	423
1	229
1	594
1	128
1	201
1	810
0	333
0	383
0	305
1	748
1	399
0	999
1	238
1	281
0	980
1	849
0	751
1	776
1	754
1	87
1	319
1	420
1	719
0	123
0	29
1	232
1	891
1	780
1	836
1	973
1	426
1	710
1	712
1	152
1	11
1	353
1	437
1	758
1	983
1	621
1	243
0	321
1	858
1	536
0	782
1	367
1	261
1	328
1	76
0	753
1	895
1	585
1	336
1	570
1	676
1	805
1	948
1	706
1	770
1	95
1	569
0	496
0	384
1	744
1	953
1	738
1	42
0	234
1	691
1	611
1	864
1	897
1	984
1	743
1	507
1	41
1	483
0	657
1	173
1	775
1	35
1	671
1	390
1	959
1	957
1	372
1	807
1	846
1	666
1	925
1	506
0	332
1	503
0	995
0	188
0	187
0	646
1	56
0	70
0	364
1	18
1	784
1	913
0	401
1	285
1	848
1	636
0	977
1	284
0	246
1	164
1	392
1	752
0	342
1	288
1	176
1	274
0	557
1	679
0	792
1	448
1	143
1	692
1	637
1	387
1	317
1	562
1	629
1	619
1	954
0	472
0	456
1	667
1	444
1	893
0	186
1	505
1	413
0	609
1	769
1	92
0	340
1	794
1	790
1	202
1	581
0	723
1	871
1	63
1	271
0	824
1	45
0	167
1	50
1	499
0	647
1	604
1	33
1	189
1	730
1	890
1	605
1	93
1	906
1	127
0	60
1	398
1	972
0	108
1	971
1	104
0	943
1	902
1	888
1	453
0	725
0	825
0	376
1	209
0	711
1	280
0	733
1	133
0	668
1	852
0	814
1	115
1	523
1	916
1	989
1	307
1	986
1	117
0	881
1	98
1	527
1	180
1	388
1	485
0	457
1	273
1	845
1	231
0	110
1	923
1	411
1	237
1	408
0	982
1	206
1	873
1	791
1	293
0	641
1	974
1	837
1	779
1	624
1	361
1	650
1	677
1	265
1	94
1	702
1	26
0	239
1	572
0	539
1	843
1	185
0	664
1	882
1	407
1	687
0	694
1	170
1	863
1	109
0	795
1	25
0	113
1	7
1	88
1	901
0	966
1	299
1	519
1	829
1	942
1	992
1	616
1	297
0	396
1	884
1	183
1	726
1	134
1	406
0	137
1	44
1	509
1	77
1	515
1	292
0	653
0	369
0	816
0	521
1	131
0	227
1	613
1	147
0	892
1	182
1	889
1	145
1	352
0	287
0	947
1	800
1	66
1	516
1	757
1	82
1	96
1	68
0	789
0	282
1	219
0	126
1	635
1	969
1	119
1	343
1	446
1	195
1	675
1	574
1	200
1	885
1	316
1	875
1	61
1	686
1	541
1	199
1	28
1	386
1	252
1	175
0	705
1	910
1	102
1	190
1	934
1	669
0	724
0	146
0	648
1	713
1	337
1	158
1	547
1	24
0	659
1	309
1	324
0	487
1	6
1	138
1	856
1	480
1	208
0	304
0	471
0	439
1	717
1	920
1	81
0	233
1	716
0	105
1	181
1	421
1	689
0	950
1	79
1	266
0	150
1	663
1	5
0	67
1	156
1	412
0	868
1	841
1	993
1	617
0	914
0	53
1	857
1	454
1	443
1	177
0	903
1	168
1	819
1	869
1	700
1	55
0	658
1	612
1	276
0	552
1	588
1	514
1	661
1	468
1	684
0	670
1	728
0	808
1	90
1	907
0	31
1	587
1	859
0	488
1	347
1	129
1	492
1	579
1	155
0	257
1	715
1	49
1	438
1	250
1	844
1	34
1	429
0	861
0	120
1	834
1	385
1	525
1	608
1	268
1	747
1	3
0	817
0	708
0	220
0	459
1	124
1	83
1	465
0	436
0	431
0	484
1	905
0	929
1	101
1	375
0	153
1	432
0	8
1	393
1	380
1	10
1	198
1	197
1	434
1	917
0	149
1	245
1	466
0	43
0	522
0	603
1	645
0	405
1	796
1	394
1	558
1	475
0	763
1	962
1	14
1	535
0	0
0	709
0	835
1	529
1	991
1	582
1	263
1	235
1	862
1	112
1	260
1	633
1	313
1	327
1	433
1	473
1	351
1	967
0	215
0	938
0	701
1	296
1	958
1	355
0	813
1	904
1	915
1	894
0	551
1	139
0	69
1	121
0	699
0	479
1	267
0	793
1	797
1	16
1	91
1	445
1	548
0	553
1	462
1	306
1	275
0	785
0	322
0	944
1	277
1	866
1	721
1	642
0	151
1	544
1	994
1	359
1	781
1	832
1	157
0	760
1	610
1	874
1	847
1	524
1	378
1	508
0	926
1	381
1	362
0	854
1	259
1	674
0	314
1	683
0	193
1	500
1	599
1	567
0	1
0	665
1	928
1	520
0	160
1	951
1	768
0	12
0	154
1	357
0	990
1	596
0	366
1	978
1	301
0	802
1	703
0	441
1	303
1	850
1	765
1	300
1	295
1	818
1	970
1	688
1	729
1	504
1	360
1	47
1	560
1	338
1	542
0	788
1	830
0	171
1	638
1	749
0	57
0	872
0	486
1	204
0	402
1	2
1	214
0	40
1	961
0	458
1	461
0	403
1	350
1	136
0	809
1	315
1	941
0	576
0	210
1	395
1	391
1	822
0	302
0	212
0	870
0	988
1	192
1	924
0	656
1	595
1	855
0	435
1	921
1	626
1	374
1	470
1	918
1	975
1	586
1	502
1	518
1	741
1	501
1	144
1	346
1	965
1	803
0	140
0	513
1	704
0	418
1	498
1	166
1	510
0	78
1	203
1	440
1	312
1	494
1	224
1	58
1	397
1	707
1	778
1	804
1	86
1	21
1	116
0	172
1	931
0	449
1	538
0	952
1	348
1	363
1	831
1	693
0	107
0	998
0	672
1	879
1	358
0	256
0	979
1	532
0	467
1	853
1	909
1	530
0	72
1	323
1	737
1	591
1	899
0	590
1	976
0	764
1	489
0	878
1	46
0	821
1	373
1	660
1	880
1	409
1	955
0	64
1	17
1	217
1	877
1	460
1	828
1	291
1	19
1	742
1	59
1	161
0	52
1	450
1	634
1	37
1	389
1	556
1	839
1	639
0	339
0	478
1	801
0	159
0	225
0	430
1	946
1	218
1	179
1	575
0	404
1	32
1	526
1	493
1	867
1	38
1	495
0	654
1	382
1	883
1	36
1	695
1	135
1	476
1	578
1	543
1	696
1	264
1	272
1	103
0	649
0	289
1	125
1	908
0	927
1	630
1	455
1	640
0	221
1	344
1	148
1	75
1	345
1	618
1	424
1	932
0	356
0	644
0	592
0	262
0	615
1	563
0	425
1	727
1	997
1	226
0	940
1	911
1	833
1	761
1	106
1	631
1	968
1	469
1	840
1	451
1	812
1	643
1	554
1	564
1	213
1	247
1	132
1	114
1	89
1	27
1	602
0	690
1	573
1	996
1	673
0	73
1	255
1	865
1	622
1	9
1	783
0	949
0	184
1	377
1	511
0	310
0	65
1	371