1	607
1	315
0	594
1	630
1	672
1	642
0	494
1	123
1	721
1	67
1	608
1	377
0	972
1	316
1	882
0	564
0	741
0	982
1	969
1	497
1	354
1	40
1	646
0	808
1	851
1	152
1	863
1	65
1	461
0	705
1	441
1	436
1	35
1	487
1	478
1	477
0	771
1	627
1	417
1	815
0	371
0	789
1	930
1	698
1	963
1	388
1	283
0	989
1	295
1	566
1	845
1	526
0	140
0	130
1	445
1	375
0	971
0	468
1	707
1	601
1	928
1	545
0	303
1	811
1	869
1	345
1	814
1	626
1	584
1	720
1	825
1	347
1	186
1	61
1	527
1	710
0	649
0	278
0	253
0	680
1	884
1	660
1	834
1	368
0	740
1	251
1	556
1	582
1	204
0	376
1	33
1	893
1	798
0	861
0	623
1	389
1	336
0	142
1	82
1	401
1	621
1	951
1	366
1	567
1	10
1	211
0	569
1	60
0	634
0	683
1	709
1	309
1	491
0	628
1	455
0	244
1	261
0	756
1	609
0	920
0	100
1	387
1	727
1	241
1	664
1	598
1	835
0	512
1	589
1	615
1	101
1	467
0	942
1	726
1	1
1	837
1	163
1	399
1	923
1	652
1	830
1	796
0	472
1	629
0	547
1	848
1	64
1	772
1	613
1	746
1	202
1	676
1	813
0	272
1	717
1	735
0	988
1	407
1	45
1	669
0	121
1	104
1	337
1	541
1	612
0	488
0	240
1	976
0	469
1	952
0	933
1	841
1	81
0	500
1	870
0	0
1	900
1	826
1	273
0	132
1	160
0	373
0	319
0	466
1	428
1	146
1	581
1	723
1	818
1	446
0	551
1	498
0	643
1	668
1	180
1	232
0	935
1	961
1	902
1	271
1	310
1	868
1	840
1	767
1	690
1	357
1	995
1	28
1	786
1	438
1	59
0	703
0	325
0	259
0	225
1	331
1	106
1	32
1	313
1	422
0	391
1	747
0	891
1	282
1	26
1	996
0	351
1	901
0	109
1	411
1	116
1	724
0	866
1	42
0	819
1	521
1	107
1	404
1	308
1	700
1	800
0	913
0	751
0	229
1	795
1	637
1	335
1	290
1	243
0	24
0	873
1	599
1	539
1	54
1	70
1	459
0	18
0	266
0	432
1	237
1	349
1	191
1	187
0	978
1	817
1	102
1	820
1	744
1	985
1	748
1	854
1	367
1	194
0	443
1	857
1	86
0	947
1	426
1	780
1	424
0	125
1	667
0	763
0	172
1	936
1	49
1	68
1	206
1	58
1	394
1	6
0	463
1	678
1	585
1	14
1	997
1	44
0	593
0	955
1	553
1	905
1	393
0	738
0	557
1	980
1	362
1	9
1	501
1	765
0	196
1	111
1	16
1	412
0	138
0	616
1	525
1	958
1	203
0	759
1	94
1	836
0	247
0	398
1	250
1	712
1	314
1	576
1	522
1	632
0	323
0	896
1	120
1	12
1	397
0	577
0	344
1	43
0	806
0	990
1	651
1	542
1	39
0	973
1	543
1	458
0	256
1	333
0	998
1	977
0	865
1	252
0	414
0	386
1	742
0	124
1	29
1	264
1	112
0	207
1	575
1	803
0	305
1	515
1	506
1	413
1	34
0	402
0	871
1	548
0	384
1	761
1	448
1	898
1	324
1	175
1	688
1	222
0	822
1	785
1	255
0	13
1	223
1	358
0	580
1	447
1	311
1	440
0	4
1	859
1	113
1	694
1	410
1	275
0	110
0	829
1	597
0	984
1	749
1	531
0	262
1	37
1	199
0	611
1	471
0	153
1	568
1	743
0	151
1	238
1	529
1	750
1	7
0	372
1	22
1	322
1	236
0	595
0	55
1	339
1	214
1	98
0	931
1	485
1	200
1	793
1	409
1	318
1	520
1	234
0	482
1	276
0	773
1	880
1	62
1	591
1	92
0	538
1	258
0	105
0	221
1	550
1	492
1	605
1	249
1	38
1	679
0	899
1	622
1	431
1	516
1	326
1	975
1	949
0	427
1	718
1	666
1	937
1	912
0	257
1	157
0	176
1	423
0	117
1	451
0	177
1	287
1	442
1	502
0	633
1	791
1	170
1	218
1	670
1	648
1	716
1	299
1	396
1	843
1	583
1	624
0	460
1	810
1	330
1	450
1	284
0	365
0	168
1	5
1	480
1	572
1	563
1	434
1	93
1	558
0	570
0	158
1	922
0	682
0	263
1	889
1	838
0	48
0	631
0	956
1	464
1	787
1	513
0	288
0	992
0	919
0	135
1	182
1	435
1	87
0	867
1	23
1	562
0	839
0	878
1	248
1	19
1	128
1	770
1	959
0	185
1	983
0	692
1	677
1	656
1	519
1	715
0	674
1	661
1	701
1	20
0	220
1	754
0	552
0	406
0	794
1	114
0	684
1	755
1	169
1	85
1	534
1	352
0	758
1	530
0	779
0	190
1	999
1	714
0	286
1	886
1	554
0	479
0	728
1	790
0	31
0	164
1	208
0	449
0	775
1	161
1	192
1	929
1	298
0	267
0	994
1	166
1	888
1	280
0	704
1	916
1	653
1	752
1	760
1	948
1	849
1	518
1	46
0	139
0	265
0	587
0	695
1	239
1	802
1	184
0	753
1	532
0	647
1	844
1	645
0	862
0	462
1	872
1	96
0	960
1	75
1	681
0	11
0	416
1	957
1	228
1	967
1	212
0	364
1	47
1	697
0	783
0	77
1	453
1	618
1	338
1	691
0	429
0	254
1	133
1	639
1	853
1	493
1	499
1	824
0	456
0	602
1	245
1	592
1	341
1	917
0	219
1	400
1	918
1	603
0	361
1	954
1	892
1	69
1	390
1	636
1	63
1	523
1	148
0	72
1	792
1	941
1	579
0	546
1	823
1	842
1	685
1	970
1	874
1	178
0	993
1	36
0	729
0	559
1	421
1	302
1	524
0	809
1	144
0	855
1	470
0	78
1	932
1	734
0	235
1	226
0	320
1	745
1	360
1	231
1	737
1	924
1	343
1	297
1	425
1	887
1	812
1	925
1	719
1	908
1	987
1	696
1	907
1	306
0	179
1	444
1	711
0	801
0	289
1	41
0	846
0	27
0	782
1	877
1	604
1	379
1	799
0	395
0	136
1	99
1	317
1	856
1	797
0	183
1	269
1	640
1	260
1	540
1	586
1	205
1	544
1	730
1	600
1	292
1	403
0	781
0	304
1	508
1	300
0	555
1	83
1	165
1	418
0	914
1	21
1	189
1	876
1	635
0	332
0	911
1	657
1	340
1	224
0	991
1	671
1	242
1	88
0	535
1	415
1	490
1	560
1	610
1	732
1	50
1	833
1	457
1	968
0	342
0	910
0	881
1	408
1	230
0	906
0	654
0	764
0	346
0	964
1	574
1	145
1	465
1	381
1	505
1	536
0	689
1	79
1	675
1	573
1	946
0	606
0	149
1	852
0	507
1	938
1	686
1	327
0	294
1	944
0	644
1	733
1	903
0	483
1	774
0	776
1	890
1	915
1	118
0	198
1	769
0	328
0	702
0	227
1	897
1	962
0	943
1	143
1	53
1	950
1	693
1	270
1	454
1	926
1	766
1	883
1	528
0	777
1	974
1	155
1	894
0	119
1	129
1	940
0	578
1	549
0	650
1	419
1	277
1	596
1	312
0	511
1	293
1	620
1	355
0	268
1	473
1	137
1	188
1	156
0	71
1	614
1	174
0	537
1	350
1	617
1	380
1	474
1	334
0	658
1	757
1	437
1	762
1	831
1	281
1	879
1	209
1	699
1	805
1	509
1	51
1	285
1	74
1	131
0	193
1	385
1	832
0	875
1	363
1	359
1	3
0	939
1	514
0	739
1	476
1	517
0	374
1	708
0	571
1	233
0	382
0	673
0	510
1	147
1	162
0	904
0	356
1	934
1	134
1	25
0	687
0	80
0	167
1	662
1	659
1	986
0	296
0	76
1	66
0	807
1	965
1	95
1	217
1	495
1	452
0	484
1	108
0	52
0	638
1	279
1	481
1	307
1	625
0	141
0	2
1	489
1	713
1	885
1	392
1	210
0	369
1	860
0	213
1	215
1	84
1	30
1	17
1	433
1	565
1	475
1	533
1	504
0	56
1	57
0	171
0	663
1	154
0	181
1	496
1	778
1	981
1	945
1	301
0	966
1	725
1	103
1	503
1	619
1	895
1	383
1	816
0	979
1	788
1	561
1	665
1	847
1	159
1	115
1	858
1	927
1	736
1	348
1	420
1	590
1	291
1	864
0	73
1	827
0	246
0	195
0	706
0	321
1	89
0	274
0	201
1	953
1	439
0	486
0	641
1	405
1	588
1	850
1	122
0	173
0	353
1	784
1	90
1	378
0	921
0	828
1	97
1	329
1	821
1	15
1	768
1	150
1	197
0	430
1	216
1	909
1	91
1	126
0	722
0	8
1	804
1	127
1	655
1	370
0	731