1	298
1	502
0	318
0	655
1	678
1	757
0	345
1	853
1	401
1	624
0	495
1	131
0	994
0	335
0	864
1	333
1	197
0	105
1	223
1	836
0	730
0	667
1	869
1	473
1	709
1	993
1	343
1	389
1	769
0	788
1	57
1	841
1	914
0	158
0	865
0	876
1	112
1	254
1	1
1	806
1	746
1	923
1	675
1	376
1	190
0	264
0	702
1	916
1	352
1	37
1	925
1	38
1	758
1	229
1	98
1	974
1	585
0	796
0	121
0	572
1	143
0	392
1	17
0	129
1	448
1	827
0	289
1	748
1	409
1	405
1	561
1	843
0	347
1	784
1	885
1	890
1	177
1	880
0	631
1	439
1	342
1	825
0	30
1	367
1	771
0	366
1	969
0	662
0	95
0	428
1	351
1	93
0	704
0	965
1	778
1	713
1	273
1	754
1	47
1	450
0	144
0	245
1	299
1	5
1	79
1	964
0	905
0	681
0	532
1	133
1	921
1	68
1	759
1	507
0	517
0	344
1	559
0	616
1	805
1	712
0	4
1	339
1	803
1	987
0	635
1	153
1	113
1	145
1	794
1	77
1	705
1	175
0	817
1	548
0	740
0	846
1	487
1	115
1	785
1	558
1	657
1	186
1	188
0	522
0	842
1	327
1	171
1	108
1	586
1	651
0	322
1	749
1	360
0	357
1	719
1	632
1	219
1	956
1	533
1	738
1	663
1	224
1	381
1	402
0	15
1	164
1	782
1	2
1	173
1	647
0	811
0	584
1	939
1	286
1	577
1	720
1	899
1	295
1	395
0	114
0	256
1	207
1	94
1	516
1	440
0	52
1	980
1	972
1	387
1	506
1	977
0	63
1	832
1	215
1	833
0	554
1	787
1	165
1	103
0	863
0	167
1	955
1	341
1	828
1	887
1	920
1	67
0	421
0	384
1	21
1	180
1	721
0	205
1	776
1	39
1	241
1	642
1	852
1	162
1	672
0	166
1	154
1	913
1	875
1	123
1	138
1	118
1	253
1	691
0	717
1	332
0	999
1	127
1	867
1	996
1	912
1	991
0	564
0	697
1	244
1	581
1	242
0	419
1	136
1	284
1	669
1	80
0	569
0	872
0	962
1	385
1	349
1	908
1	884
1	515
1	44
1	189
1	397
1	686
0	232
1	122
1	50
1	280
1	995
1	529
0	505
1	225
1	465
1	775
0	772
0	403
1	960
1	645
1	199
0	589
1	265
1	32
1	726
1	423
1	858
1	668
1	945
1	12
1	986
1	724
1	324
1	377
1	849
1	764
1	862
0	340
1	267
1	874
0	882
0	78
1	271
0	139
0	263
1	424
1	476
1	370
1	742
1	192
0	767
0	699
1	599
1	378
1	623
1	928
1	580
1	212
1	380
0	288
1	656
1	417
1	246
0	879
1	426
1	499
0	494
1	374
1	513
0	431
1	633
1	444
0	282
0	711
0	501
1	676
1	182
1	588
0	239
1	217
1	168
1	611
1	220
1	338
1	101
1	416
0	291
1	218
0	552
1	73
1	508
1	729
1	187
1	735
1	61
1	142
0	604
0	783
1	443
1	33
1	211
1	470
1	250
1	760
1	20
0	307
1	971
1	445
0	857
1	997
0	953
0	441
1	894
0	249
1	434
1	321
1	309
1	941
0	520
1	915
1	683
0	498
1	375
1	124
1	854
1	752
1	715
1	538
0	268
1	751
1	957
0	204
1	648
1	466
1	132
1	684
1	868
0	821
1	637
1	386
1	621
1	510
0	557
1	906
1	261
1	159
1	790
0	156
1	477
1	373
0	447
0	919
1	556
1	950
1	804
1	840
1	336
1	634
0	404
0	573
1	961
1	615
0	130
1	732
0	630
1	97
0	766
0	984
0	290
0	710
1	234
1	255
1	551
1	350
1	456
0	527
1	578
1	582
1	968
0	311
1	658
1	169
1	904
0	659
1	747
1	983
1	640
1	411
1	275
0	963
1	774
1	973
1	607
1	201
1	943
1	471
1	568
1	834
1	594
1	883
1	302
1	716
1	695
1	399
1	612
1	107
1	619
1	25
1	240
0	946
1	74
1	196
1	7
0	379
1	221
1	155
1	671
1	534
1	55
1	850
1	792
0	266
1	967
0	722
1	851
1	896
1	422
1	591
1	954
1	521
1	830
1	835
1	363
1	432
1	81
1	549
0	570
0	489
1	910
1	161
1	930
0	777
1	111
0	40
1	407
1	415
1	725
1	744
0	739
0	141
1	680
1	605
0	449
1	598
1	679
1	530
1	786
0	952
1	753
0	420
1	480
0	837
0	727
1	85
1	891
1	808
1	593
0	222
1	293
0	603
1	706
1	661
0	214
1	512
0	54
1	628
1	433
1	820
1	741
0	490
1	247
1	809
1	881
1	942
0	296
1	902
1	310
1	292
0	149
0	36
1	364
1	922
1	565
1	514
1	390
0	160
1	762
0	707
0	485
1	728
0	600
1	617
1	194
1	66
1	560
0	259
1	120
0	479
0	674
1	70
1	369
1	861
1	92
1	823
1	460
1	618
1	412
1	9
1	134
1	464
0	824
1	526
0	48
1	147
1	13
1	536
1	356
1	546
1	137
0	587
0	500
1	62
1	208
1	737
1	359
1	348
1	209
1	46
1	69
1	924
1	797
1	845
1	779
1	860
0	23
1	270
0	789
0	745
0	391
1	119
1	59
1	493
1	917
1	608
1	926
1	469
1	83
1	243
1	693
1	274
1	907
1	816
1	262
1	932
1	509
1	6
1	646
1	406
1	355
1	146
0	326
1	673
1	276
0	150
0	396
1	388
0	670
1	202
1	468
1	539
1	353
0	523
1	106
1	313
1	700
1	610
1	306
1	287
1	826
1	978
0	172
0	847
1	320
1	801
0	481
1	99
1	486
1	418
1	685
1	435
0	989
1	455
0	940
0	664
1	451
0	427
1	178
0	84
1	100
1	644
1	743
1	31
1	200
1	682
1	414
1	330
0	791
1	472
1	14
0	126
1	16
1	877
0	467
0	918
1	96
1	660
1	34
1	579
1	689
1	174
1	329
1	152
1	638
0	195
1	653
1	454
1	334
1	949
1	452
1	26
1	278
1	300
1	947
1	531
0	102
1	555
1	382
0	807
1	574
1	620
1	613
1	474
0	183
1	258
1	770
0	71
1	58
0	198
1	889
1	365
1	886
1	482
0	856
0	116
1	303
0	938
1	975
1	325
1	818
1	446
1	979
0	575
1	839
1	614
1	151
1	277
1	606
0	76
1	90
0	898
0	49
1	736
0	11
1	511
1	104
1	936
0	819
0	714
1	897
1	410
1	248
0	462
1	544
0	636
0	677
1	629
0	51
0	304
1	425
1	944
1	755
0	41
1	358
1	317
1	563
0	795
1	86
0	937
1	768
0	931
1	297
0	442
1	518
1	900
1	625
0	87
1	519
1	810
1	170
0	976
1	372
1	492
0	3
1	75
1	91
0	780
1	24
1	10
1	438
1	42
1	694
1	592
0	696
0	609
0	690
1	117
0	461
0	988
1	496
1	773
1	88
1	992
0	484
1	346
1	878
0	394
1	802
1	649
0	45
0	966
1	970
1	641
0	128
1	504
0	895
1	430
0	413
1	400
1	491
1	453
0	176
1	233
0	72
0	562
1	781
1	272
1	260
1	626
0	829
1	958
1	230
1	542
0	723
0	871
1	901
1	948
0	761
1	488
0	53
1	927
1	110
1	64
1	765
1	596
1	909
1	213
0	497
1	793
0	478
1	368
1	859
1	251
1	216
1	541
0	184
1	998
1	18
0	269
1	226
0	812
0	331
1	89
0	203
0	911
1	959
0	566
1	929
1	595
0	314
1	814
1	163
0	597
1	210
0	361
1	934
0	576
1	981
0	227
1	650
1	590
0	206
1	22
1	43
1	535
0	733
1	362
1	312
1	308
1	543
1	855
1	60
0	701
0	459
1	109
0	540
1	301
1	228
1	756
1	237
0	294
1	56
1	316
1	654
1	734
0	157
1	800
1	892
1	140
1	718
1	813
1	708
1	698
1	19
1	193
0	252
1	354
1	475
1	550
1	135
0	236
1	503
1	688
1	305
1	866
1	601
1	82
1	0
1	822
1	731
0	148
1	191
1	703
1	622
1	798
1	903
1	8
1	28
1	125
1	985
1	545
1	65
0	933
0	181
1	337
1	692
1	371
0	687
0	982
1	179
1	283
1	665
1	285
1	436
0	238
1	815
1	35
1	750
1	429
1	315
1	627
1	848
1	652
1	844
1	463
1	639
0	893
1	279
1	547
1	525
1	235
1	437
0	763
0	29
0	281
0	398
1	319
1	873
1	831
1	383
1	524
1	185
1	257
1	643
0	483
1	323
1	990
0	583
1	528
1	666
0	408
1	870
1	799
1	458
1	571
0	27
1	457
1	567
0	838
1	602
1	537
1	328
1	951
0	231
1	553
1	935
1	393
1	888