1	554
1	432
1	233
0	317
1	113
0	11
1	856
1	669
1	138
0	522
1	314
1	812
1	640
1	539
1	120
1	597
1	418
1	678
0	871
1	654
1	51
1	589
0	512
1	345
1	372
1	828
1	785
0	509
1	201
1	380
1	246
1	445
0	988
1	986
1	47
1	960
1	4
0	443
1	313
1	743
1	981
1	679
1	572
1	107
1	601
1	267
0	553
0	713
0	630
1	505
0	850
0	909
0	269
0	984
0	701
1	628
1	116
0	862
0	533
0	123
1	103
1	475
1	144
1	717
1	300
0	904
0	620
0	365
1	243
0	161
0	954
1	887
1	665
1	114
1	343
1	616
1	718
0	852
0	83
1	776
1	879
0	251
1	711
0	215
0	258
0	483
1	748
1	565
0	315
0	497
1	604
1	35
1	517
1	563
1	434
1	175
1	921
0	145
0	288
1	352
1	420
1	45
1	891
0	421
1	8
1	754
1	839
1	91
0	973
1	133
1	412
1	431
1	738
1	735
0	404
0	478
1	68
1	119
0	660
0	874
1	803
1	128
1	975
1	977
1	627
0	885
1	247
1	344
1	199
1	778
1	908
0	728
1	818
1	355
1	846
1	311
1	131
1	901
1	452
1	468
1	141
1	93
1	110
1	198
1	913
1	868
1	411
1	928
1	71
0	807
1	780
1	219
0	98
0	137
1	495
0	413
1	698
1	55
1	829
1	159
1	721
0	178
1	291
1	508
1	727
1	222
0	849
1	618
0	23
1	837
1	165
0	647
1	147
1	622
0	424
1	649
1	408
0	82
0	160
0	409
1	348
0	190
1	6
0	936
1	459
0	337
1	558
1	968
1	692
0	663
0	765
0	322
1	18
1	861
1	296
1	652
0	77
1	870
1	867
0	80
0	223
1	800
1	845
1	428
1	48
0	827
1	755
1	731
1	30
1	683
1	911
1	857
1	530
1	809
1	118
1	791
1	927
1	805
1	234
1	736
0	249
1	374
1	779
0	115
1	416
1	487
1	494
1	33
1	426
1	822
0	792
1	349
1	584
1	279
1	894
1	461
0	13
1	225
1	211
1	580
0	449
0	486
0	753
1	744
0	333
1	997
1	360
0	880
0	794
1	422
1	582
0	875
1	802
0	624
0	899
1	438
1	469
1	742
1	844
1	88
1	36
0	929
1	963
1	959
1	240
0	401
1	611
1	256
1	480
1	341
1	213
1	298
1	920
1	312
1	550
1	102
0	456
1	769
1	101
1	962
1	417
1	916
1	168
1	278
0	709
1	609
1	324
1	561
1	444
1	672
1	28
1	272
0	739
0	393
1	389
1	185
1	204
1	878
1	967
1	895
1	203
0	520
0	79
1	76
1	214
1	784
1	516
1	931
1	637
1	684
1	170
1	50
1	510
1	730
0	534
0	943
1	111
1	992
1	377
1	196
0	37
1	386
0	538
1	940
0	653
0	772
1	511
0	112
1	668
1	192
0	332
1	605
0	762
0	394
1	371
1	644
1	606
1	318
1	177
1	529
0	254
1	403
0	259
1	585
1	301
1	557
1	321
1	306
1	184
1	506
1	274
0	74
1	531
0	816
1	982
1	919
0	265
1	415
1	151
0	750
0	824
1	674
1	362
0	358
0	455
1	402
0	544
1	671
0	157
0	657
1	774
1	821
1	292
1	958
1	815
1	450
1	448
1	250
1	820
0	21
1	108
1	655
0	570
0	381
0	598
0	907
1	99
1	205
1	626
1	221
1	395
1	470
0	264
1	953
1	378
1	612
1	319
1	49
0	364
1	121
0	217
0	547
0	704
0	26
1	210
1	906
0	182
1	693
0	53
0	189
1	575
1	961
0	876
1	482
0	346
0	78
1	756
1	783
1	797
1	375
1	295
1	917
1	853
1	993
1	169
1	176
1	66
1	369
1	702
1	603
1	987
1	564
1	642
0	305
0	574
1	985
1	524
1	525
1	965
1	825
0	607
0	631
1	42
1	20
1	590
0	813
1	473
1	326
1	884
1	747
1	367
1	767
1	636
0	7
0	167
1	376
0	335
1	19
1	614
0	633
1	89
0	695
1	270
1	81
1	586
1	158
1	795
1	195
1	62
1	583
1	1
0	814
0	656
1	945
1	370
1	685
1	414
1	63
0	519
1	796
0	923
0	834
0	577
1	922
1	667
1	17
0	39
1	881
1	970
1	297
1	273
1	863
0	106
1	737
1	715
1	255
1	127
0	485
1	194
1	638
1	831
1	629
0	866
1	277
0	504
1	877
0	594
1	357
1	384
0	700
1	479
1	823
1	610
1	699
1	723
1	238
0	500
1	132
0	498
1	359
1	645
0	789
0	560
0	105
1	830
1	69
1	691
0	353
1	29
0	788
1	252
1	764
1	602
1	696
0	489
1	303
1	999
1	786
0	154
0	40
0	741
1	275
1	61
1	635
1	562
1	24
1	458
1	383
1	925
1	90
1	368
1	543
1	944
1	454
1	496
1	682
0	847
0	285
1	331
1	156
1	798
0	639
0	978
0	316
1	60
1	523
1	320
0	811
1	363
0	149
1	851
1	396
1	720
1	96
1	623
1	14
1	503
1	143
0	84
1	708
0	910
1	268
1	232
1	172
0	890
1	515
1	681
0	373
1	490
1	398
0	340
1	287
0	173
0	229
1	641
1	302
1	746
1	578
1	244
0	751
1	400
1	666
0	226
1	488
1	719
1	325
1	680
1	183
1	725
1	284
1	675
1	892
0	97
0	304
1	435
0	361
0	989
1	464
1	549
1	514
0	12
1	73
1	100
1	918
1	474
0	898
1	957
0	209
1	188
1	92
1	166
1	350
1	56
1	197
1	759
0	648
0	996
1	139
0	926
1	248
1	22
1	571
0	52
1	729
1	716
0	146
1	902
1	939
1	860
1	307
0	573
0	933
0	994
1	835
1	912
1	770
1	347
1	419
0	130
0	893
1	536
1	387
1	817
1	886
1	174
1	46
1	484
1	521
1	253
1	703
1	70
1	481
1	991
1	758
1	437
0	771
1	65
1	462
0	446
0	493
1	476
1	501
0	231
1	832
1	163
0	57
0	162
1	245
0	262
0	257
0	688
1	542
1	220
1	299
0	427
0	164
1	732
0	781
1	659
1	425
1	662
1	858
1	179
0	782
1	328
1	43
1	705
1	507
1	155
1	289
1	873
1	766
0	793
1	266
1	429
1	710
1	972
0	734
0	950
1	171
0	27
1	661
1	787
0	25
1	872
0	41
0	206
1	125
0	436
0	983
1	492
1	447
0	235
1	966
1	964
1	239
1	998
1	237
0	836
1	440
1	790
1	664
0	826
1	551
1	150
1	552
0	379
1	935
1	979
1	947
1	104
0	58
1	804
1	546
1	310
0	202
1	276
1	650
1	581
1	460
1	181
1	566
1	579
1	942
0	477
1	643
1	864
1	768
1	126
0	658
1	208
1	227
1	593
1	86
1	900
1	956
0	187
0	930
1	385
1	32
0	532
1	848
1	193
1	354
1	224
1	388
1	840
0	706
1	595
1	537
1	707
1	216
1	896
0	801
1	323
1	869
1	3
1	212
0	955
1	334
1	513
1	463
1	293
0	948
1	453
0	903
0	838
1	64
1	934
1	938
0	670
1	451
1	760
1	242
0	399
1	592
1	677
0	44
1	615
1	124
1	819
1	634
1	271
0	924
1	290
1	842
1	608
1	621
1	351
0	976
1	286
1	619
1	714
1	625
0	733
0	87
1	687
1	712
0	0
0	442
1	915
1	556
1	559
1	263
1	390
1	526
1	261
1	67
0	761
1	808
1	397
0	745
0	191
1	952
1	294
1	218
1	843
1	613
1	309
1	200
1	599
1	153
0	576
1	228
1	974
1	129
1	932
1	410
0	441
1	937
1	186
1	207
0	140
1	339
1	883
1	646
1	472
1	995
0	763
0	136
1	405
1	135
0	865
0	152
1	15
1	142
1	949
1	971
1	338
1	833
1	548
0	541
1	281
1	951
0	109
1	260
1	859
1	329
1	540
1	969
1	749
0	905
0	31
1	752
1	94
0	330
1	617
1	471
1	327
0	889
0	568
1	230
0	356
1	5
0	308
0	806
1	439
1	567
1	914
1	690
1	148
1	2
1	122
0	799
1	366
1	406
1	466
0	596
1	342
1	16
1	134
1	499
1	673
1	467
0	689
1	59
1	392
1	545
1	491
1	855
1	555
1	10
0	180
1	528
1	651
1	85
0	632
1	241
0	457
1	95
1	588
1	280
0	722
0	382
0	740
1	9
1	75
1	38
1	465
1	117
1	686
1	724
1	882
1	407
0	946
1	854
1	777
1	990
0	775
1	697
1	726
1	694
0	391
0	591
0	841
0	527
1	757
0	773
1	810
1	34
0	283
1	535
1	423
0	569
1	941
0	980
1	888
1	676
0	518
1	236
0	587
1	502
1	282
1	54
1	433
1	600
1	72
0	430
1	897
0	336