1	524
0	359
1	28
1	978
1	791
0	351
0	248
1	128
1	297
0	827
1	567
0	947
1	422
1	802
1	365
1	209
0	604
1	356
0	668
1	381
0	72
1	202
1	108
0	268
0	429
1	628
1	141
0	840
1	228
0	326
1	284
1	168
1	409
1	882
0	994
1	132
1	163
1	900
0	616
1	392
0	15
1	229
1	112
1	20
0	689
1	436
1	210
1	801
1	102
1	643
1	705
1	245
1	407
0	298
1	116
1	389
1	241
1	354
1	75
1	549
0	203
1	873
1	38
1	42
0	946
1	924
1	883
1	679
1	200
1	717
1	150
1	596
1	752
1	562
0	736
1	911
1	291
1	130
1	32
1	925
0	718
1	923
0	125
1	260
1	244
1	385
1	119
1	374
1	761
1	865
0	973
0	55
1	635
0	336
1	967
1	40
1	830
1	729
1	867
1	688
0	498
1	26
1	580
1	597
1	921
1	521
1	188
0	743
1	770
0	201
1	948
1	703
1	145
1	133
1	406
1	780
1	919
1	617
1	261
1	622
1	685
1	394
0	431
1	223
1	103
1	529
1	820
1	930
1	77
0	293
1	667
1	824
1	59
0	855
1	442
1	859
0	463
1	366
1	482
0	417
1	185
0	213
0	144
1	747
1	142
1	95
1	172
0	123
0	226
0	216
0	886
1	114
1	922
1	491
1	615
1	644
1	149
0	698
1	904
1	81
1	157
1	889
1	710
0	339
0	255
0	184
1	330
1	117
0	352
0	343
1	571
1	186
0	975
1	808
0	208
1	957
1	587
1	811
1	257
1	7
1	902
0	8
1	681
1	476
0	526
0	542
1	982
1	700
1	435
1	893
1	613
1	577
1	809
0	778
1	785
1	545
1	944
1	31
1	741
1	892
1	803
0	272
1	378
1	288
1	492
1	713
0	837
0	755
1	812
1	872
0	458
0	224
1	362
1	839
0	551
1	938
0	127
1	489
0	788
1	535
1	779
1	473
1	926
1	853
1	645
1	906
1	36
1	501
1	456
1	810
1	765
1	424
1	358
0	816
1	648
1	649
0	898
1	709
1	772
1	488
1	450
0	533
0	83
0	479
0	723
1	706
1	360
1	586
1	560
1	884
1	843
1	84
1	758
0	23
1	115
1	591
1	218
1	275
0	508
1	24
1	943
0	243
1	589
1	97
1	678
1	472
1	767
0	618
0	722
1	25
1	534
1	433
0	85
1	793
1	221
1	361
0	205
1	372
1	528
1	607
0	659
1	306
1	212
0	522
1	282
1	556
1	942
1	74
0	357
1	744
0	295
0	96
1	237
0	995
1	178
1	279
1	443
1	539
0	980
1	89
1	47
1	955
1	21
0	219
0	484
0	355
1	214
1	143
1	657
1	94
1	109
1	959
1	270
1	92
1	825
1	990
1	639
0	2
0	897
0	371
1	314
1	225
0	428
1	781
1	874
0	523
1	842
0	6
0	579
1	546
1	190
1	483
0	611
0	468
1	661
1	520
0	612
1	14
1	505
1	860
0	852
0	961
0	401
1	895
1	316
1	862
1	57
1	650
1	894
1	322
1	400
1	309
1	760
1	238
1	814
0	53
1	368
1	363
0	998
1	317
0	846
1	583
1	49
1	918
1	870
1	540
0	899
0	466
0	651
1	328
0	294
1	11
1	259
0	764
0	712
0	702
0	100
0	966
1	413
0	319
0	518
1	949
1	251
1	156
1	647
1	969
1	329
1	603
0	695
1	434
1	247
0	111
1	879
1	232
1	625
1	118
1	419
1	701
1	162
0	786
0	559
0	979
1	90
1	387
1	242
0	578
1	388
1	537
0	93
1	686
1	414
1	931
1	815
1	217
1	851
0	183
1	197
0	775
1	76
1	137
1	988
0	175
0	821
1	391
1	194
1	997
1	601
1	847
0	147
1	756
0	986
1	910
1	684
0	568
0	671
1	320
1	503
1	48
1	236
1	416
0	605
1	726
0	451
1	227
0	37
1	932
1	598
1	398
0	290
1	987
1	627
1	266
0	592
0	215
1	170
1	641
1	538
1	742
1	680
1	207
1	566
1	905
0	782
1	174
1	335
1	674
1	427
1	696
1	799
1	301
0	629
0	991
1	195
1	908
1	733
1	920
1	806
1	73
0	909
1	536
1	176
1	4
1	453
1	771
1	965
0	776
1	353
1	239
1	575
1	496
1	515
1	692
1	310
1	240
1	835
1	655
0	277
1	440
1	325
1	871
1	777
1	794
1	642
1	418
1	768
1	936
0	485
1	384
1	17
0	730
1	67
1	153
1	140
1	332
1	462
1	691
1	735
0	716
1	630
1	269
1	152
1	750
0	281
0	504
1	146
1	187
0	590
1	29
1	941
1	280
1	573
1	273
1	300
1	588
1	439
1	543
1	844
1	956
1	841
0	134
0	714
1	512
1	953
1	831
1	331
1	3
1	375
0	813
1	204
0	220
0	738
1	192
0	199
1	789
1	783
0	161
1	662
1	917
0	274
1	933
1	951
1	62
1	958
1	734
1	569
1	751
1	52
1	171
1	0
0	470
0	86
0	683
1	464
1	887
1	296
1	337
1	863
1	828
1	41
1	595
1	725
0	333
1	804
1	113
1	728
1	397
0	278
1	903
1	677
1	753
1	798
1	901
0	302
1	311
0	530
1	390
0	80
0	467
0	675
1	179
1	69
1	408
0	158
0	836
1	555
0	564
1	474
1	87
1	748
1	621
0	740
1	98
1	79
1	166
1	263
1	323
1	334
0	1
1	634
1	877
1	985
1	826
0	222
1	845
1	868
1	565
1	915
1	749
1	950
0	51
1	762
1	699
1	253
1	448
1	609
1	283
1	715
1	106
1	44
1	346
0	211
1	866
0	307
1	983
0	888
1	110
0	446
1	890
1	5
1	68
0	454
0	27
0	993
0	527
1	850
1	30
1	286
1	585
0	759
0	876
1	459
1	506
1	405
1	258
0	457
0	246
0	525
0	318
1	382
1	838
1	410
1	105
1	937
1	447
1	606
0	379
1	35
1	22
1	250
1	480
0	495
1	370
1	348
1	857
1	834
0	181
1	797
0	557
1	790
1	971
0	126
0	324
1	303
0	490
1	660
1	444
1	541
1	376
0	796
1	460
0	823
1	746
1	369
1	395
1	56
0	636
0	829
1	574
1	412
1	861
1	977
1	122
1	511
1	276
1	71
1	189
0	792
0	619
1	18
0	299
1	469
1	666
1	854
1	720
1	610
0	107
0	614
0	136
1	721
1	640
0	731
1	139
1	754
1	833
1	576
1	19
0	231
1	757
0	308
1	510
1	945
1	514
1	697
1	350
1	970
1	377
1	64
1	773
1	373
1	386
1	315
1	745
1	404
0	916
1	235
0	891
0	848
1	582
1	341
1	347
1	206
1	196
1	61
1	552
0	654
1	349
1	34
1	519
1	954
0	869
1	399
1	292
0	43
1	807
0	976
1	45
1	912
1	774
1	438
1	784
1	646
1	486
1	952
1	517
1	78
1	724
1	800
1	704
1	669
1	91
0	708
0	403
1	637
1	664
1	475
1	561
1	338
1	631
1	426
1	914
0	135
0	739
0	101
0	88
1	411
1	996
1	547
0	271
1	989
0	548
1	340
0	939
1	550
1	554
1	327
1	531
1	437
1	632
1	233
0	425
1	380
0	711
1	65
1	13
0	249
1	553
1	494
1	169
0	66
1	999
0	285
1	676
0	858
1	732
1	9
0	962
1	974
1	452
1	256
0	927
1	878
1	875
1	769
0	672
1	265
1	104
1	682
1	928
1	653
0	289
1	981
1	254
1	449
1	230
0	581
1	623
1	934
1	513
1	633
1	822
1	624
1	477
1	154
0	445
1	849
1	493
1	54
1	461
1	935
1	364
1	151
1	402
1	180
1	262
1	173
1	818
0	481
1	393
1	563
1	129
1	960
1	164
1	63
1	60
1	160
1	120
1	342
1	502
0	763
1	572
1	191
0	177
1	415
0	167
1	182
0	345
0	304
1	155
0	193
1	321
1	509
1	832
1	58
1	593
0	50
1	39
1	267
1	602
1	82
1	787
0	252
1	500
0	420
1	656
1	544
1	992
0	817
1	805
1	737
0	487
1	584
1	670
1	287
1	907
1	896
1	33
1	626
0	570
0	963
1	234
1	693
0	305
1	478
1	880
1	499
1	312
1	766
1	652
1	46
0	313
0	727
1	881
1	198
1	972
0	929
0	819
1	532
1	690
1	159
0	856
1	423
1	455
1	968
1	600
0	663
1	795
1	984
0	465
1	707
0	10
0	885
1	516
0	421
1	599
1	471
0	344
1	383
1	264
1	940
1	964
1	620
1	594
0	687
1	441
1	148
1	430
1	131
1	719
1	432
0	658
1	638
0	864
1	70
1	16
1	665
0	558
1	367
1	673
0	507
1	913
1	165
1	396
1	121
1	138
1	124
0	12
1	608
1	694
1	99
1	497