1	895
0	778
1	103
0	149
0	492
0	624
0	650
0	380
0	976
0	479
1	179
0	6
0	248
1	256
1	357
0	394
0	910
1	782
1	526
0	83
0	579
0	435
0	851
0	337
1	591
0	127
0	863
1	834
1	789
0	786
0	486
0	509
0	30
1	351
0	331
0	955
0	663
0	461
1	197
1	824
0	652
0	559
0	873
0	649
0	527
0	583
0	121
0	659
1	761
0	780
0	565
0	632
0	74
1	727
0	720
0	760
1	960
0	48
1	390
0	731
0	698
0	850
0	472
0	200
0	534
0	625
1	886
0	771
0	823
0	373
0	108
1	566
0	973
0	242
1	160
0	999
0	352
0	758
1	152
1	43
0	506
1	113
0	593
1	315
0	275
1	503
0	320
0	820
1	930
0	482
0	353
0	620
0	633
0	833
1	538
0	889
1	24
0	226
0	777
0	32
1	940
0	616
1	407
0	465
0	816
0	50
1	831
0	800
0	207
0	60
0	883
0	598
0	997
0	268
0	849
0	125
0	673
0	546
0	221
0	993
0	912
0	963
0	519
0	841
0	619
1	639
1	728
0	21
0	655
0	581
0	678
0	243
0	681
0	471
0	555
0	744
0	10
0	249
1	939
0	533
0	324
0	412
0	237
0	743
0	570
0	130
0	429
0	865
0	784
1	614
1	688
0	842
1	220
1	952
1	453
0	853
0	14
1	99
1	447
0	858
0	150
0	723
0	661
1	872
0	295
0	646
0	542
1	856
1	923
0	192
0	550
0	376
0	971
1	582
0	340
0	374
0	308
1	294
0	958
1	898
0	244
0	982
1	699
0	0
0	253
0	345
0	75
0	478
1	687
0	428
0	891
1	904
0	838
1	307
0	602
1	140
1	877
0	132
0	684
0	822
0	426
1	433
0	81
0	839
1	456
0	998
1	769
0	540
0	764
0	631
0	396
1	798
0	738
0	679
0	230
0	214
1	927
0	153
0	371
0	918
0	66
0	101
0	309
1	260
0	935
0	577
0	171
0	730
0	989
0	755
0	867
0	594
0	96
1	475
0	921
1	122
0	106
0	919
1	77
0	395
0	389
0	137
0	861
1	821
0	783
0	110
0	172
0	670
0	165
0	217
0	978
0	9
1	259
0	726
1	313
0	932
0	254
0	437
1	795
0	535
0	204
0	847
1	444
0	776
1	413
1	477
0	335
0	22
0	622
0	487
0	191
0	826
0	697
1	469
0	709
0	186
0	781
0	379
0	361
1	878
0	819
0	580
0	890
0	133
0	170
1	45
0	343
0	205
0	265
0	568
0	876
1	18
0	983
0	129
0	187
1	988
1	991
0	641
0	801
1	759
0	754
0	199
1	937
0	359
0	348
1	864
1	981
0	448
0	370
0	490
1	304
0	233
0	562
0	411
0	270
0	729
0	569
0	703
0	965
1	796
0	969
1	666
0	721
0	942
0	888
0	474
0	155
0	844
0	573
0	747
0	79
0	424
0	722
0	115
0	365
0	57
0	689
0	603
1	107
1	880
0	62
0	695
0	618
0	495
1	805
0	289
0	232
1	223
0	902
0	329
0	811
0	608
0	119
0	745
1	543
1	303
1	704
0	299
0	762
1	683
0	814
1	184
0	422
0	987
1	885
0	514
0	926
1	713
0	705
1	860
0	148
0	151
0	732
1	840
0	284
1	483
0	53
0	626
0	118
0	968
0	547
0	58
0	228
1	201
0	367
1	105
1	489
0	828
0	852
0	545
0	668
0	341
1	8
0	491
0	773
0	635
0	797
1	158
1	612
0	837
1	779
0	836
0	530
0	5
0	815
1	586
1	654
0	645
0	146
0	408
0	349
0	169
0	719
0	595
0	675
0	592
0	977
0	802
0	957
0	124
1	88
1	418
0	775
0	943
1	292
0	599
0	928
1	269
0	286
0	701
0	67
0	211
0	306
1	126
1	272
1	917
0	91
0	587
0	753
0	406
0	131
1	949
1	664
0	557
0	98
0	936
0	142
0	691
0	504
0	44
0	740
0	251
0	283
0	449
1	241
0	65
0	431
1	372
0	994
0	167
0	190
0	531
0	774
1	317
0	183
0	102
0	111
0	159
1	415
1	906
0	92
0	298
0	213
0	990
1	804
1	610
0	588
0	419
0	669
0	93
0	322
0	375
0	481
0	672
0	859
0	13
0	980
0	41
1	884
0	69
0	793
1	16
0	147
1	258
0	700
1	954
0	401
0	857
0	338
1	334
0	882
0	817
0	356
1	182
0	524
0	694
0	326
1	430
0	33
1	896
0	89
1	552
0	382
1	686
0	897
0	785
0	180
0	120
0	397
0	748
0	161
0	85
1	282
0	38
0	238
0	735
0	442
0	264
0	350
0	219
0	393
0	869
0	72
0	571
0	737
0	515
0	451
1	128
0	803
0	609
0	848
0	558
1	56
0	708
0	739
0	627
1	575
0	787
1	423
1	49
0	234
0	355
0	564
1	445
0	316
0	416
1	136
0	73
1	216
0	95
0	336
1	457
0	255
1	525
0	590
0	109
0	607
0	300
1	193
0	788
1	76
1	752
0	746
1	138
0	2
0	19
0	640
0	387
0	464
1	584
0	36
0	460
0	342
1	333
0	354
1	951
1	59
0	915
0	615
0	702
1	344
0	280
0	825
0	288
0	80
0	420
0	86
1	621
0	561
0	319
0	806
0	266
0	328
1	484
1	810
0	613
0	252
0	247
0	893
1	63
0	290
0	956
1	392
0	97
1	648
1	454
0	261
0	438
0	35
1	717
1	879
1	421
0	770
0	446
0	363
0	368
0	360
1	846
0	974
0	572
0	556
0	611
0	84
1	578
0	585
0	432
0	908
0	257
1	466
0	384
0	181
1	554
0	175
0	984
1	196
0	476
0	318
1	693
0	862
1	513
0	441
0	388
0	94
1	291
0	215
0	676
0	881
1	229
1	522
0	227
0	605
0	398
0	4
0	302
0	634
0	314
0	20
0	763
0	212
0	78
1	198
0	894
0	818
0	386
1	332
0	235
1	537
0	901
0	425
0	450
0	630
0	657
0	975
1	34
0	46
0	662
0	410
0	29
0	979
0	790
0	40
0	567
0	134
0	500
1	277
1	369
0	597
0	544
0	765
0	548
0	855
1	310
0	967
1	551
0	224
0	933
1	507
0	656
0	17
0	913
0	541
0	899
0	400
0	496
0	434
1	498
0	772
1	835
0	439
0	642
0	920
1	54
1	647
0	70
1	870
0	203
0	715
0	455
0	511
0	404
0	959
1	510
1	829
0	143
0	452
0	7
0	716
1	321
0	47
0	696
0	658
1	117
0	68
0	296
0	287
0	970
0	463
0	830
1	996
1	26
0	964
0	900
0	112
0	692
0	71
0	23
0	629
0	323
1	907
0	931
1	279
0	734
0	892
1	512
0	962
0	330
1	751
0	403
0	792
1	28
0	909
1	493
0	405
1	950
0	177
0	948
1	653
0	707
1	934
0	665
0	358
1	135
1	757
0	467
1	517
0	868
0	312
1	854
0	685
1	601
0	671
0	843
1	690
0	90
0	718
0	274
1	339
1	162
0	516
0	168
0	944
1	961
0	285
0	628
0	636
0	293
0	458
0	644
0	440
0	488
0	637
0	986
1	911
0	12
0	576
0	992
0	174
0	682
0	924
0	741
0	231
1	443
1	946
1	194
0	667
0	154
0	494
1	347
0	750
0	262
0	25
0	402
0	596
0	742
0	195
0	225
1	246
1	604
0	427
1	104
0	925
0	677
1	617
1	139
1	100
0	523
1	209
1	945
0	749
0	953
1	145
0	327
0	903
0	916
0	311
1	123
0	417
0	766
0	37
1	922
0	563
0	156
0	520
0	549
1	905
0	1
0	485
0	812
0	281
0	218
1	263
1	391
1	827
0	674
0	305
0	799
0	712
0	239
0	436
0	114
1	794
1	188
1	767
0	378
0	346
0	222
0	462
0	874
0	271
0	508
0	301
0	276
0	61
0	813
1	711
1	176
1	809
1	364
0	529
0	499
0	768
0	399
1	385
0	660
0	600
1	518
0	887
0	832
0	929
0	473
1	560
1	501
0	651
1	51
0	808
0	55
1	414
1	706
0	362
1	536
0	553
0	278
0	381
0	31
0	497
0	638
0	680
1	409
0	173
0	480
1	807
1	141
1	240
0	972
0	736
0	714
0	52
0	966
0	914
0	87
0	947
1	623
0	995
0	178
0	273
1	470
0	791
0	606
1	208
0	206
1	521
0	42
0	574
1	116
0	245
0	528
0	459
0	845
1	875
1	985
0	163
0	871
0	39
1	643
1	210
0	589
0	164
1	710
1	724
1	144
0	250
0	11
0	377
0	267
1	27
0	756
0	866
0	725
0	938
1	82
1	202
1	15
1	383
0	166
1	64
0	185
1	468
0	325
1	236
0	505
0	157
1	733
0	532
0	3
0	502
0	941
0	189
0	297
0	539
0	366