1	562
0	5
0	965
0	925
1	449
1	215
1	858
1	877
0	570
0	778
0	469
1	499
1	186
0	917
1	220
0	142
1	467
0	136
1	546
0	968
1	614
1	602
1	657
1	72
1	580
1	636
0	668
1	754
0	988
1	593
1	805
1	728
1	865
0	629
0	256
1	924
0	231
1	591
1	920
1	56
1	701
0	443
1	316
1	820
0	902
1	22
0	68
1	731
1	224
1	553
1	859
1	112
1	353
0	699
0	146
1	761
0	867
1	890
0	903
1	758
1	35
1	539
1	323
1	910
1	155
1	411
1	402
0	768
0	801
1	476
0	47
0	414
1	620
1	597
1	556
1	214
1	29
1	26
1	432
1	90
0	592
0	769
1	363
1	286
1	263
0	763
0	379
1	356
1	673
0	816
0	945
1	983
1	919
1	648
1	833
1	39
1	32
0	706
1	521
0	371
1	322
1	799
1	625
1	334
1	850
1	784
1	756
1	921
1	886
1	654
1	671
1	700
0	891
1	345
1	897
1	615
1	564
0	97
1	392
1	85
1	477
1	939
1	403
1	91
0	993
1	841
1	368
1	407
1	753
1	43
1	827
1	922
1	230
1	475
0	904
0	957
1	914
0	45
1	852
1	663
1	866
0	509
0	489
1	460
1	642
0	542
1	229
1	446
0	940
0	482
0	789
1	868
1	905
1	439
0	349
1	504
1	378
0	806
1	338
0	71
1	878
0	82
1	694
1	33
1	111
1	208
1	299
1	48
0	8
1	487
1	662
1	606
1	479
1	765
0	464
1	963
1	211
0	696
0	346
1	834
1	713
1	96
1	987
1	454
1	180
1	128
1	961
0	951
1	273
1	418
1	915
1	530
1	574
1	386
0	603
1	459
1	533
1	711
1	433
1	108
0	948
1	126
0	113
1	582
1	153
1	206
1	480
1	274
1	576
1	677
0	760
0	228
0	137
1	213
1	585
1	484
0	121
1	11
1	609
1	242
1	960
0	518
1	170
1	488
1	626
1	714
0	337
0	369
0	973
1	879
1	981
0	847
1	496
0	419
0	98
0	165
0	545
1	519
0	25
1	581
1	67
1	627
0	653
0	659
1	520
1	388
0	191
1	887
1	185
0	352
0	335
1	205
1	465
1	837
0	447
1	404
0	271
0	358
1	759
1	27
1	934
0	980
1	747
0	109
1	416
1	83
1	991
1	624
1	397
1	531
0	726
1	792
1	923
1	674
1	856
1	174
0	318
1	46
0	660
1	786
1	875
1	818
0	689
1	284
1	645
0	745
0	637
1	218
1	773
1	285
0	445
1	812
1	54
1	808
1	100
1	557
1	669
1	141
1	527
0	13
1	947
1	587
1	160
1	485
1	1
0	380
1	103
1	493
0	560
1	839
1	324
0	424
1	266
1	802
0	864
1	752
1	253
1	169
1	718
1	162
1	909
1	999
0	836
1	984
0	267
0	129
1	740
1	406
1	4
1	506
1	106
1	53
1	342
1	257
0	64
1	73
1	995
1	785
0	929
1	426
1	537
0	641
1	238
1	881
0	510
1	732
1	382
1	333
1	327
0	154
1	395
1	161
1	292
1	252
0	498
1	584
1	87
1	293
1	394
1	686
1	75
1	569
0	262
0	994
1	579
1	41
1	918
1	436
1	571
1	94
1	355
1	969
0	975
0	787
1	320
1	110
1	793
1	736
1	646
0	23
1	313
1	854
0	147
1	172
1	551
1	735
0	926
1	423
1	37
0	807
1	474
1	959
1	911
1	962
1	749
0	966
1	321
1	885
1	540
1	831
1	437
1	295
1	227
0	42
1	974
0	289
0	365
1	466
0	264
0	139
1	717
1	512
1	733
1	370
1	594
1	10
0	666
1	462
0	471
1	232
1	524
1	607
1	874
1	762
1	522
1	515
0	842
1	950
1	828
1	638
0	187
1	565
1	588
1	780
0	196
1	742
0	535
0	31
1	364
1	748
1	7
1	849
1	248
0	907
0	132
1	298
0	216
1	387
1	483
1	212
1	790
1	50
1	716
1	118
0	340
0	468
0	707
1	195
0	720
1	888
1	840
0	697
1	308
0	209
1	985
1	362
0	682
0	79
1	348
1	612
1	946
0	270
1	692
1	971
0	507
1	675
1	315
1	619
0	741
1	18
1	451
1	835
1	900
0	628
1	319
1	456
0	632
1	901
1	623
1	547
0	712
1	589
0	781
1	201
1	428
1	0
1	143
1	294
0	304
0	40
1	190
1	652
0	62
0	290
1	798
1	982
0	61
0	326
1	566
1	119
1	508
0	116
0	34
1	967
0	972
1	894
1	899
1	600
1	639
1	223
1	57
1	705
1	412
1	586
1	70
1	989
1	400
1	511
0	552
1	173
1	729
1	277
0	555
1	89
1	863
1	177
0	60
1	194
1	339
0	719
0	95
1	473
1	617
0	133
1	599
1	175
1	538
1	860
0	549
1	280
1	656
1	140
1	568
1	817
1	310
0	942
0	490
0	163
0	184
1	457
0	996
0	811
0	183
1	567
1	738
1	595
1	513
0	377
1	122
1	862
1	300
1	246
0	771
1	855
1	19
1	341
1	486
1	955
1	415
1	621
1	250
0	548
1	710
1	821
0	21
1	383
0	245
1	427
1	241
1	605
0	622
0	77
1	693
1	3
1	990
0	880
1	16
1	123
1	375
1	269
1	667
1	301
1	302
0	766
1	870
0	282
1	536
0	158
1	723
1	976
1	168
1	783
1	661
0	782
1	933
1	977
1	949
1	916
0	815
0	204
1	221
1	618
1	577
0	543
0	325
1	192
1	409
1	932
1	892
0	751
1	391
0	601
1	978
1	115
1	74
0	529
1	258
1	420
1	992
1	389
1	336
1	986
0	497
1	895
1	500
1	823
1	150
0	396
1	138
0	30
0	725
1	125
1	777
1	343
1	134
0	398
1	354
1	425
1	956
1	744
1	703
1	350
1	578
0	182
0	78
1	941
0	896
1	399
1	55
1	755
1	179
0	188
1	66
1	764
1	851
1	357
0	131
1	936
0	684
1	633
1	928
0	347
1	189
1	372
0	450
1	120
1	494
1	554
1	655
1	481
1	99
0	275
1	516
1	873
1	2
1	181
1	199
1	658
1	417
0	385
0	838
1	14
1	440
1	435
0	251
0	303
0	233
1	249
1	124
1	857
1	65
1	702
1	15
1	779
0	534
0	872
0	869
0	672
1	871
1	935
1	200
1	635
1	278
1	361
1	234
1	239
1	853
0	611
1	730
0	596
1	680
1	724
1	259
0	558
1	381
0	832
1	814
0	954
1	360
0	58
1	255
1	265
0	906
1	631
0	105
1	6
1	291
1	665
1	283
0	149
0	49
0	690
1	430
1	501
1	236
1	9
0	307
1	408
1	908
0	822
1	287
1	670
0	610
1	104
1	260
1	410
1	202
1	889
1	130
1	825
1	63
1	376
1	114
1	461
1	167
1	583
1	776
1	528
1	695
1	503
1	422
0	178
1	608
0	92
1	944
1	876
0	203
0	727
0	102
0	688
1	882
1	767
1	590
1	441
1	819
1	640
1	912
0	845
1	413
1	159
1	76
1	704
1	898
1	288
0	517
1	332
0	721
1	664
1	171
1	643
1	613
1	563
0	846
1	598
1	374
1	472
1	573
0	458
1	774
1	86
1	651
1	930
1	225
1	434
1	826
1	470
1	28
0	210
1	405
1	217
1	794
0	344
0	804
1	366
1	297
0	796
0	997
1	331
0	20
1	80
1	148
1	495
0	743
1	681
1	268
0	526
1	36
0	254
1	797
1	421
1	750
0	226
0	709
0	198
1	309
0	746
0	722
1	649
0	561
1	279
1	117
1	687
0	970
1	830
0	93
1	107
0	207
1	329
1	691
1	193
1	734
1	52
1	478
0	739
1	455
1	514
1	803
1	247
1	448
1	757
1	523
1	937
1	604
0	813
1	359
0	328
0	444
0	311
1	330
0	281
1	676
1	243
1	244
1	953
0	240
1	166
1	312
1	998
1	630
1	453
1	575
1	367
1	44
1	550
1	12
1	715
1	683
1	502
1	222
1	351
1	647
1	463
0	272
1	317
0	156
1	393
1	634
1	431
1	541
1	157
1	572
1	135
1	979
1	442
0	314
0	791
1	931
1	144
1	390
1	296
0	51
1	884
0	927
1	59
1	384
1	88
1	452
1	861
0	685
1	964
1	438
1	81
1	127
1	698
1	883
1	938
1	491
1	544
1	678
0	505
1	276
1	844
1	795
1	24
1	913
0	843
1	101
1	829
1	152
1	772
0	775
1	952
1	532
1	824
1	770
0	306
1	164
0	69
1	650
0	401
0	261
1	800
1	708
1	305
0	848
1	235
1	176
1	38
0	644
0	788
1	810
1	197
1	958
1	219
0	492
1	616
0	809
0	145
1	525
0	429
0	17
1	737
0	893
1	373
1	679
1	151
1	943
1	237
1	84
1	559