1	98
1	370
0	582
1	570
0	333
1	497
1	813
1	810
1	817
1	65
0	247
1	934
1	834
1	31
1	756
1	804
1	533
0	624
0	242
0	914
1	167
0	256
0	814
1	686
1	230
1	236
1	586
0	558
1	495
0	454
0	899
1	118
1	696
1	776
1	280
1	709
1	802
1	406
1	837
1	600
1	543
0	507
1	945
0	589
1	392
1	790
0	0
0	687
0	225
1	4
1	306
1	552
0	807
1	64
1	604
0	521
1	231
0	963
1	209
1	757
1	524
0	653
0	466
1	140
1	971
1	276
0	866
1	857
1	295
1	771
1	61
1	259
0	313
1	367
0	780
0	897
1	530
1	215
1	919
1	240
0	611
0	909
0	286
1	753
1	840
1	777
1	519
1	708
1	272
0	590
1	115
1	27
0	300
1	677
0	518
1	844
1	839
0	346
1	410
1	573
1	671
0	145
1	266
1	342
1	822
0	617
1	348
1	475
1	82
1	733
1	435
1	500
1	336
1	394
1	662
0	493
1	529
1	549
1	322
0	153
1	170
1	610
0	486
1	976
1	284
1	293
1	922
1	472
1	510
1	415
1	338
1	784
1	819
1	725
1	712
1	923
0	11
1	877
1	158
1	23
1	121
1	62
0	764
0	196
1	173
1	541
1	854
1	90
1	305
1	859
1	430
1	918
1	337
1	778
1	998
0	494
1	315
1	312
1	184
1	213
1	920
1	264
1	357
1	711
0	349
1	572
1	565
1	291
1	666
1	177
1	695
1	606
0	403
1	136
0	169
0	409
0	45
1	609
1	429
1	758
0	630
1	680
0	773
1	850
1	615
1	453
0	882
1	160
0	506
1	891
1	990
1	251
1	123
1	69
1	540
1	501
1	461
1	956
0	204
1	151
0	413
1	668
1	551
1	553
0	772
1	83
1	632
1	599
1	163
1	761
1	730
1	81
1	417
1	358
1	628
1	375
1	654
1	754
1	244
0	120
1	86
1	143
0	825
1	648
1	364
0	964
0	476
1	50
0	216
0	100
1	705
1	129
0	178
0	73
1	736
1	619
1	233
1	387
1	85
0	906
1	885
1	567
0	936
0	563
0	618
1	584
1	925
0	395
0	113
1	14
1	441
1	396
1	745
1	442
0	101
1	568
1	13
1	335
1	845
1	16
0	556
0	718
0	755
1	274
0	460
1	428
1	869
0	202
1	279
1	278
1	670
1	57
1	252
0	193
1	152
1	799
1	538
1	935
1	323
0	380
1	499
1	67
1	26
0	525
0	208
1	739
0	299
1	3
1	927
0	287
0	48
1	15
0	689
1	685
1	750
1	793
1	791
1	781
1	464
0	80
0	228
0	848
1	78
1	36
0	102
1	310
1	939
1	397
1	146
0	249
1	798
0	362
0	544
0	603
1	426
1	741
1	168
1	446
1	907
1	938
1	965
1	830
0	557
1	436
1	189
1	571
1	639
1	344
1	917
0	710
1	467
1	185
1	908
1	742
0	522
1	896
0	984
1	271
0	768
1	203
1	797
0	382
1	411
0	444
1	959
0	222
1	389
0	508
0	682
0	875
1	835
1	898
1	219
1	924
1	384
1	8
1	717
0	288
0	616
1	954
1	691
0	46
1	479
1	503
0	816
1	155
1	855
1	283
1	42
1	676
1	605
0	488
1	547
1	165
0	829
1	378
1	993
1	542
1	669
1	737
1	331
0	318
0	843
1	574
1	439
1	698
0	644
0	425
1	393
1	721
1	915
1	554
1	637
1	353
1	307
1	532
0	105
1	852
1	7
0	401
1	110
1	564
1	937
1	427
1	137
1	372
0	40
1	608
1	363
1	734
1	527
1	703
0	340
1	480
1	803
0	862
0	723
1	806
1	931
1	531
1	71
1	690
1	613
0	107
0	320
1	513
1	782
1	591
0	904
1	930
1	316
1	175
0	577
1	388
1	597
1	726
0	629
0	258
1	390
1	261
1	398
1	127
0	443
1	766
1	992
1	986
1	255
0	783
1	509
1	649
1	902
1	447
1	967
1	929
0	135
1	752
0	646
1	477
1	303
1	52
1	89
1	183
1	593
1	325
1	952
1	596
0	762
1	894
1	996
1	715
1	126
1	921
1	232
1	749
1	465
0	559
1	912
1	345
1	770
1	445
1	18
1	355
1	735
1	33
1	433
1	933
1	418
0	379
1	800
0	292
0	724
1	311
0	179
1	450
1	224
0	714
1	867
1	371
1	969
1	587
0	97
1	635
0	729
1	109
1	190
0	579
1	54
1	5
1	972
1	43
0	868
1	148
1	112
1	811
1	56
1	214
0	824
1	545
0	195
0	489
0	699
1	267
0	220
1	520
1	944
0	207
1	360
0	911
1	890
1	789
1	68
1	692
1	987
1	356
0	707
1	93
1	159
1	66
1	243
1	517
1	881
0	683
1	468
1	955
1	150
1	889
1	515
1	536
1	592
1	39
0	982
1	481
0	277
0	229
1	424
1	860
1	900
1	423
1	431
1	374
0	383
0	329
0	282
1	385
1	994
1	701
1	694
0	511
1	141
1	201
0	437
0	327
1	2
1	246
0	627
1	285
0	842
1	365
1	647
0	672
1	833
0	720
1	133
1	262
0	878
1	227
1	330
0	978
1	765
1	103
1	738
1	785
0	449
1	575
1	55
0	621
1	713
1	200
1	92
1	561
1	827
1	144
1	366
1	941
1	856
1	633
1	10
1	162
0	769
1	980
1	555
1	161
0	361
1	297
1	595
1	491
1	528
1	838
0	99
0	350
1	452
1	352
1	132
1	138
0	903
1	496
1	970
1	719
1	661
0	265
0	821
1	831
0	704
1	172
0	32
1	932
1	309
1	108
1	130
1	28
1	154
0	514
1	746
1	667
1	473
0	893
1	248
0	794
1	347
1	314
1	386
1	434
0	117
1	402
0	787
1	301
1	578
1	655
1	763
0	376
0	688
1	858
1	706
1	664
1	79
1	341
1	87
1	296
1	809
1	569
1	731
1	926
0	77
0	226
0	198
1	876
1	70
1	407
0	116
1	846
0	34
1	294
0	181
0	88
1	235
0	487
0	594
0	673
1	72
1	459
1	498
1	221
1	482
1	601
1	339
1	29
0	751
1	660
1	997
0	35
1	512
1	788
1	106
1	961
1	30
1	580
1	622
0	326
1	182
1	864
0	815
0	974
0	187
1	625
1	186
0	51
1	44
0	968
1	679
1	767
0	47
1	957
0	740
1	157
1	260
0	422
1	234
0	391
1	381
1	308
1	119
1	76
1	657
1	786
1	949
1	241
1	826
1	779
1	950
1	95
0	197
1	656
1	585
0	913
1	948
1	728
1	456
1	560
1	448
1	41
1	369
1	192
1	851
1	759
1	905
1	744
1	888
1	455
0	6
0	474
1	820
0	59
1	21
0	847
0	484
0	537
1	642
1	273
0	989
1	414
0	332
1	205
1	588
1	412
1	253
1	562
1	128
1	614
0	631
1	206
0	471
1	164
1	281
1	416
1	962
1	546
1	550
0	818
1	147
0	319
1	188
1	124
0	612
0	693
0	9
1	641
1	634
1	269
1	324
0	432
1	607
0	74
1	211
0	478
1	775
1	419
1	317
1	343
1	91
1	75
1	879
1	438
0	302
1	895
1	134
1	96
1	523
1	836
1	237
1	887
1	870
0	304
1	440
1	678
0	321
1	485
1	988
1	999
0	49
1	598
1	684
1	451
1	981
1	368
0	943
0	131
1	217
1	359
0	874
1	122
1	697
1	861
1	63
1	946
1	19
1	298
0	111
1	977
1	218
0	263
1	983
1	457
1	832
1	490
1	985
1	823
1	681
0	828
0	139
1	808
1	774
1	180
1	534
1	863
0	24
1	400
1	638
1	463
1	149
1	194
1	623
0	268
1	658
1	636
1	841
1	290
0	910
0	675
0	883
1	270
1	716
1	602
1	462
1	470
1	12
1	652
1	289
0	966
1	727
1	420
1	405
1	535
1	212
1	469
1	373
1	665
0	199
1	483
1	942
1	795
1	38
1	20
0	191
1	351
0	583
1	973
1	651
0	892
1	404
1	408
1	125
0	650
1	210
0	114
1	566
1	872
0	354
1	812
1	174
1	947
1	743
1	748
1	238
0	334
1	250
0	37
0	643
1	84
1	645
1	275
1	880
1	886
1	732
1	581
1	801
0	576
0	22
1	328
1	25
0	884
1	853
0	504
1	399
0	871
1	377
1	760
1	901
1	58
0	663
1	257
1	620
0	458
1	674
1	94
1	142
0	526
0	873
0	239
1	796
1	166
1	60
1	659
1	245
1	492
1	792
1	951
1	991
1	626
1	865
0	995
1	1
1	747
1	502
1	958
1	421
1	640
1	104
1	700
1	176
1	979
1	171
1	505
1	702
0	722
0	156
1	953
0	928
1	805
1	516
1	940
0	53
0	223
0	916
0	548
0	975
1	254
1	539
1	849
1	17
1	960