1	375
1	724
0	739
1	615
1	258
0	386
1	954
1	207
0	551
1	570
1	227
1	744
1	693
1	686
1	882
1	298
1	789
1	902
1	637
0	445
0	62
1	782
0	76
1	339
1	112
1	349
0	791
1	299
1	718
1	592
1	263
1	107
1	639
1	850
0	836
1	360
0	978
1	341
1	622
1	667
0	868
1	143
0	734
1	672
1	409
0	81
0	537
1	692
1	90
1	787
1	970
1	134
1	38
1	982
0	687
1	397
1	553
1	711
1	120
1	25
1	498
1	636
1	995
1	94
0	885
1	772
1	629
0	179
1	103
1	755
0	215
1	759
1	710
1	516
0	894
0	461
1	503
1	821
1	797
1	247
1	14
0	701
1	632
1	488
1	232
1	406
1	891
1	402
1	321
1	189
0	89
1	584
1	568
0	415
1	661
0	115
1	843
0	37
1	848
1	564
0	141
1	803
1	581
0	479
1	574
0	852
1	327
1	504
1	676
0	778
0	858
1	95
1	155
1	291
1	731
1	408
1	847
1	706
0	209
1	380
1	857
0	889
1	216
1	900
1	983
1	346
1	314
0	534
1	605
1	376
1	392
0	450
0	131
1	308
1	550
0	138
0	906
1	348
0	280
1	931
0	558
1	487
1	393
1	466
1	284
0	245
1	204
1	33
1	434
1	211
0	927
1	785
1	826
1	728
1	401
1	895
0	893
1	463
1	955
1	761
1	122
0	53
1	922
0	249
1	486
0	910
0	305
0	681
0	278
0	781
1	256
0	985
1	17
1	169
1	32
1	1
0	682
1	519
1	279
0	182
0	619
0	166
1	59
0	187
1	425
0	936
1	909
1	372
1	480
1	300
1	136
0	740
1	576
1	222
1	747
1	358
1	923
0	601
0	270
1	148
1	975
1	2
1	950
1	163
0	426
1	454
1	696
1	42
0	549
0	925
0	85
1	974
0	996
1	331
0	608
1	965
0	598
1	929
0	869
1	452
1	362
0	914
0	74
1	39
1	396
0	812
1	633
1	0
1	841
1	297
1	544
1	981
1	595
1	599
1	610
1	340
1	164
1	984
1	664
1	116
1	941
1	403
0	529
1	11
0	172
1	958
0	963
1	766
0	371
1	176
1	295
0	962
1	520
1	533
1	500
1	455
0	237
1	736
1	271
0	517
1	916
1	30
1	600
1	723
1	419
1	943
1	399
1	851
0	752
0	71
1	845
0	792
1	815
1	290
1	381
1	657
1	218
1	777
0	596
0	992
1	100
1	855
1	377
1	624
1	666
1	384
1	702
1	722
0	631
1	808
0	242
1	129
0	721
1	63
1	310
1	369
0	457
0	653
1	214
1	417
1	395
0	580
1	320
1	418
1	125
0	220
0	231
1	971
0	630
1	961
0	990
1	907
1	651
0	83
1	140
0	684
1	159
1	753
1	609
0	51
0	441
1	949
0	585
1	318
1	382
1	999
1	332
0	15
1	673
1	620
1	546
1	745
0	16
0	536
1	939
1	886
1	347
1	794
1	583
1	92
1	301
1	147
1	449
1	345
1	175
1	255
1	157
1	160
1	158
1	234
1	9
1	881
1	400
0	765
1	10
1	228
1	109
0	127
1	238
1	555
0	662
1	296
0	361
1	267
1	524
0	61
1	370
1	206
0	827
1	638
1	543
1	709
1	379
0	591
1	325
1	273
1	665
1	439
1	283
1	19
1	23
1	86
0	867
1	956
1	202
1	853
1	521
1	795
1	552
0	198
1	456
1	171
1	55
1	602
0	312
1	926
1	135
1	741
1	151
1	240
0	590
1	427
1	302
1	260
1	509
1	877
1	8
1	374
0	448
1	436
1	627
1	244
1	217
1	649
1	355
1	873
1	571
0	124
1	725
1	338
1	233
0	998
1	839
1	139
0	497
1	938
1	383
1	948
1	490
1	352
1	223
0	225
0	356
1	72
0	531
1	779
1	351
1	264
1	192
1	472
1	41
0	547
1	221
0	359
0	458
1	482
1	527
1	896
1	754
0	119
1	659
1	856
0	742
0	719
1	281
1	162
1	960
1	430
1	708
0	522
1	513
1	508
1	870
0	890
1	433
1	989
0	60
0	946
1	28
1	110
1	973
0	864
1	545
1	277
1	626
0	828
1	483
1	464
1	5
1	972
0	548
0	342
0	680
1	292
1	788
1	538
1	510
1	677
1	770
1	837
0	799
1	46
1	288
1	582
1	188
0	618
1	254
0	145
1	4
1	113
1	660
1	634
1	18
1	540
0	184
1	49
0	993
0	391
1	313
0	644
1	123
1	606
1	862
1	268
1	101
0	481
1	698
1	818
0	219
1	451
1	658
1	411
1	248
1	446
1	919
1	831
0	142
1	130
1	146
0	80
1	928
1	326
1	539
1	670
1	29
1	823
1	593
1	191
1	824
1	423
1	565
1	440
1	920
1	468
1	977
0	699
1	617
1	866
0	93
1	180
0	275
1	153
1	603
0	813
1	364
1	678
1	780
1	31
1	720
1	257
1	563
1	64
1	477
1	835
1	20
1	224
1	462
1	994
1	773
1	715
1	344
0	783
1	243
1	294
1	330
1	241
1	197
1	716
0	809
0	315
1	822
1	366
1	991
1	195
1	730
0	557
1	763
1	471
1	367
1	559
1	589
1	532
1	945
0	323
0	67
1	613
1	756
1	832
1	905
1	901
0	695
1	888
1	506
1	876
1	99
1	874
0	398
1	878
0	793
0	825
1	303
1	908
1	732
1	444
1	226
0	405
1	526
0	690
1	484
1	554
1	846
1	437
1	621
1	883
0	98
0	173
0	810
1	469
1	365
1	236
0	378
1	507
1	871
0	144
0	193
0	493
1	35
1	285
1	88
1	177
0	12
1	652
0	614
1	272
1	957
1	118
1	128
0	420
0	786
1	496
1	811
1	502
1	904
1	771
1	804
0	668
1	491
0	769
0	903
1	892
1	623
1	737
0	66
1	898
0	293
1	229
1	573
1	713
1	966
1	566
1	700
1	474
1	650
1	588
1	494
0	170
1	121
1	838
1	73
1	707
0	988
0	149
1	239
0	691
1	645
1	178
1	282
1	407
1	717
0	183
1	24
1	671
1	887
1	899
1	501
0	276
1	336
1	967
1	802
1	36
1	266
1	69
0	842
0	798
1	820
1	319
1	932
1	643
1	816
1	746
0	918
1	186
1	951
1	915
1	625
1	432
1	579
1	726
0	577
1	642
0	685
1	253
0	133
1	749
1	78
1	52
1	190
0	646
0	748
1	647
0	790
1	924
1	875
1	641
0	560
0	937
1	22
0	597
0	476
1	167
1	505
0	485
0	594
1	251
1	953
0	541
1	309
1	410
1	442
0	806
0	40
1	246
0	512
0	269
1	844
1	106
1	703
1	968
1	96
0	525
1	542
0	152
1	530
1	854
1	205
0	161
1	775
1	830
1	75
1	947
1	515
1	77
0	387
1	528
1	607
1	428
1	287
1	556
1	68
1	648
1	13
1	363
0	478
0	688
0	289
1	611
0	181
1	705
1	413
1	935
0	45
1	499
1	200
1	84
1	286
1	679
0	465
1	980
1	694
0	884
1	814
0	834
1	168
1	764
1	185
1	6
0	329
0	429
0	154
1	57
1	82
1	424
0	114
1	87
1	897
0	952
1	654
1	997
0	712
1	132
1	921
1	79
1	492
1	421
1	404
1	373
1	388
1	389
1	3
1	640
1	412
0	56
1	675
1	416
1	203
1	174
0	880
1	316
1	776
1	829
0	385
0	335
1	438
1	727
1	447
0	97
1	350
1	969
1	311
0	840
1	612
0	535
1	567
1	768
0	343
1	833
1	307
1	252
1	872
1	230
0	91
0	987
1	562
0	50
1	390
1	774
0	714
1	859
0	34
1	453
0	757
1	212
1	944
0	337
0	43
1	784
1	976
0	801
1	733
0	111
1	489
0	689
0	357
1	262
1	235
0	475
1	656
0	767
0	514
0	304
0	511
1	354
1	758
0	104
1	575
1	47
0	265
0	460
1	495
0	470
0	628
1	796
1	328
1	729
0	807
0	616
1	250
1	210
1	934
1	523
1	817
1	26
1	959
0	518
0	435
1	663
0	743
0	274
0	156
1	697
1	762
0	604
1	467
1	911
1	261
1	199
1	587
1	108
1	208
1	561
1	65
1	213
1	165
1	805
1	58
1	683
1	105
0	738
1	879
0	431
0	443
1	196
0	459
1	933
1	333
1	860
1	324
1	979
1	750
0	317
1	394
0	578
0	704
1	194
0	414
1	422
1	669
1	912
1	569
1	126
1	353
1	760
1	54
1	44
1	819
1	586
1	735
1	306
1	21
1	861
1	137
0	259
0	964
1	863
1	48
1	930
0	800
1	865
1	102
1	70
1	322
0	7
1	986
1	150
1	473
1	201
1	572
0	917
0	674
1	940
1	334
1	942
1	117
1	368
1	635
1	655
0	751
1	913
1	27
1	849