1	531
1	732
1	141
1	61
1	779
0	409
0	935
0	270
0	79
1	645
0	408
1	648
1	17
1	612
0	764
1	697
1	497
0	319
1	20
1	619
0	474
0	708
1	472
0	318
1	825
1	924
0	572
1	339
0	950
1	441
1	889
1	817
0	814
1	55
1	328
1	375
1	131
0	256
1	401
1	13
1	656
1	993
1	906
1	391
0	405
1	727
0	643
0	651
1	411
1	895
0	107
1	698
1	987
1	942
0	514
1	156
1	713
0	702
1	215
0	613
1	217
0	759
1	552
0	871
1	685
0	392
1	558
1	399
0	990
1	47
1	170
1	84
1	581
0	603
1	949
1	219
1	191
0	456
1	418
1	663
1	687
1	830
1	669
1	720
1	159
0	801
1	492
0	484
1	776
1	11
1	525
1	263
1	586
1	953
1	563
0	9
1	686
1	587
1	974
1	436
1	284
1	248
1	886
1	849
1	316
1	537
1	594
1	272
1	601
1	454
0	920
0	395
0	845
1	176
0	661
1	609
1	543
0	105
1	567
1	123
1	588
1	77
0	56
0	500
1	633
1	985
1	860
1	976
0	333
1	926
1	439
1	342
1	314
1	66
1	865
0	918
1	984
1	576
1	181
1	677
1	31
1	51
1	390
1	366
1	135
0	922
1	944
1	88
1	536
1	774
1	162
1	467
1	463
1	490
1	555
0	752
1	16
1	0
0	716
1	503
0	961
1	855
1	103
0	64
1	245
0	634
1	382
1	422
1	995
0	166
1	526
1	53
0	751
0	929
1	768
1	867
1	818
1	725
1	167
0	402
1	99
1	832
0	493
1	448
0	488
0	959
1	717
0	194
1	250
1	78
1	173
0	359
1	247
1	632
0	864
1	700
1	317
1	377
0	426
1	294
0	380
1	696
1	662
1	870
1	243
1	471
0	183
0	188
1	52
0	279
1	71
1	255
1	726
1	242
1	165
1	30
0	978
1	678
1	883
0	303
0	168
1	872
1	665
0	379
0	62
1	969
1	854
1	334
0	842
1	508
0	964
1	605
0	2
1	955
1	289
0	424
0	570
1	98
1	143
1	846
1	28
0	227
0	840
1	184
1	421
1	21
0	363
1	822
1	200
1	928
0	766
1	305
1	133
1	192
1	37
1	639
0	364
0	522
0	780
1	1
1	157
1	790
1	898
1	835
1	362
1	321
1	136
0	753
1	190
1	403
1	512
1	137
0	505
1	927
1	374
1	228
1	844
1	907
1	760
1	850
1	859
1	93
1	57
1	7
0	561
0	222
1	238
1	340
0	150
0	182
1	211
1	882
1	122
1	589
1	36
1	705
1	115
1	623
1	695
1	784
1	653
0	459
1	196
0	963
0	351
0	786
0	414
0	689
0	481
0	542
0	527
0	410
1	767
1	931
1	683
1	608
1	970
1	803
0	174
1	146
1	617
0	590
1	821
1	691
1	965
1	486
1	724
1	532
1	743
1	458
1	33
1	693
1	704
1	442
1	416
1	802
1	347
0	330
1	666
1	980
1	234
1	154
1	921
1	994
1	425
1	445
0	249
1	932
1	378
1	718
0	336
1	23
0	905
0	260
0	396
1	397
1	274
1	523
1	447
1	600
0	204
1	273
1	348
0	187
1	851
1	827
1	866
1	241
0	772
0	76
1	428
1	606
1	839
1	476
1	763
1	919
0	68
0	891
1	820
0	300
1	747
1	956
1	709
1	551
0	676
1	302
1	220
1	264
1	385
1	797
1	387
1	349
1	473
1	337
1	730
1	917
1	195
1	788
1	376
1	721
0	796
1	670
1	694
1	127
1	355
0	757
0	142
1	858
1	25
1	690
1	475
1	604
1	972
1	288
1	138
1	635
1	789
1	517
0	559
1	899
1	89
0	3
1	566
1	800
1	544
1	541
1	521
1	896
1	485
1	202
1	205
1	951
0	44
1	58
0	628
1	538
1	706
0	495
1	553
0	862
1	46
1	626
0	593
0	161
1	298
1	890
1	646
1	291
1	415
0	235
1	224
0	186
1	770
1	692
1	464
0	734
1	344
0	636
1	910
1	83
1	597
1	29
1	853
0	275
1	982
1	848
1	549
1	81
1	577
1	529
0	292
1	177
1	863
0	357
1	934
0	977
1	381
1	916
0	674
0	356
1	829
1	144
0	621
1	368
1	939
0	946
1	65
1	936
1	483
1	313
1	373
1	268
1	49
1	554
1	69
1	92
1	650
1	320
0	607
1	70
1	5
1	244
0	902
1	466
1	856
1	14
1	997
1	386
0	940
1	104
0	627
0	180
1	160
1	434
1	761
1	667
0	72
1	19
0	893
1	894
1	329
1	120
1	343
1	45
1	130
0	371
1	876
1	824
1	540
1	983
1	778
1	781
1	139
1	59
0	901
1	947
1	592
0	960
1	338
1	811
1	746
0	304
0	900
1	622
1	681
1	365
1	755
1	6
1	461
1	477
1	394
0	236
1	95
1	297
1	262
1	412
1	750
0	945
0	783
0	413
1	208
1	631
1	804
1	85
1	437
0	185
1	714
1	491
1	43
1	847
0	510
1	740
0	271
0	837
1	912
1	798
1	175
1	828
1	229
1	132
1	75
1	151
1	246
0	427
1	923
1	996
1	710
1	736
1	533
0	450
1	711
1	838
1	591
1	539
0	857
1	113
0	198
1	680
1	573
1	968
1	388
1	843
1	293
0	232
1	172
0	350
0	444
0	520
1	39
0	560
1	728
1	550
1	487
0	557
0	799
1	323
0	616
1	223
0	660
0	741
1	579
1	489
1	276
0	515
0	24
1	596
1	925
0	283
0	178
1	545
1	583
1	723
1	109
1	496
1	513
0	307
0	795
1	659
1	624
1	647
1	904
1	957
1	582
1	101
1	672
0	630
1	748
1	100
1	417
1	452
1	404
1	637
1	664
1	326
1	568
0	216
1	841
1	502
1	943
1	94
1	226
1	679
1	438
1	792
1	433
1	930
1	494
0	908
1	909
0	914
1	640
0	209
1	462
1	938
1	443
0	794
0	361
0	465
1	117
1	509
1	806
1	654
1	516
1	988
1	312
1	739
1	737
1	449
1	524
1	435
1	121
1	8
1	744
1	562
1	668
1	791
1	10
1	129
1	873
1	213
1	975
0	140
1	852
1	118
0	989
0	877
1	756
0	253
0	102
1	480
1	147
0	913
1	201
1	400
1	777
0	203
0	530
1	15
1	602
1	469
1	507
0	432
1	875
1	18
1	625
0	429
0	638
1	712
1	34
1	207
1	826
1	308
0	420
1	218
1	722
1	831
1	40
1	163
1	888
1	574
1	773
0	671
1	106
0	733
1	810
1	809
1	251
1	74
1	169
0	346
1	254
1	738
0	569
1	528
0	63
1	782
1	754
1	482
1	506
1	372
1	762
1	155
1	548
1	171
1	998
1	309
1	742
1	370
0	214
0	311
1	611
0	108
1	280
1	966
0	519
0	534
1	823
0	114
1	189
0	345
1	991
1	352
0	231
1	287
1	384
1	73
1	731
0	584
1	546
0	179
1	27
1	112
0	296
0	86
1	657
1	38
0	126
1	281
0	478
1	266
1	12
1	119
1	499
1	259
1	903
1	655
1	785
1	948
1	869
0	158
0	719
1	35
0	149
1	80
1	805
1	771
1	878
0	675
1	836
1	60
1	808
1	332
1	116
1	199
1	973
1	325
1	897
0	282
1	958
0	299
0	775
1	735
1	880
1	457
1	398
1	580
1	237
1	813
1	324
1	32
1	230
0	834
1	535
1	479
1	335
1	610
0	48
0	97
1	595
1	210
1	252
0	937
1	652
1	915
1	258
1	615
1	110
0	206
0	152
1	981
1	455
1	54
1	310
1	585
1	992
0	239
1	315
0	42
1	807
0	933
0	999
1	367
1	383
1	148
1	629
1	26
0	833
1	407
1	701
1	749
1	87
0	91
0	353
1	261
1	265
0	769
0	787
0	884
1	819
1	941
1	868
1	565
1	745
0	430
0	498
1	41
1	620
1	111
1	331
1	564
1	658
1	233
1	453
1	861
0	295
1	277
1	641
1	575
0	699
1	684
1	460
1	547
1	124
1	406
0	128
0	729
1	446
1	642
1	501
0	50
1	221
1	556
0	67
1	599
1	758
1	967
1	618
1	468
1	327
1	269
1	301
1	197
0	240
1	451
1	962
0	682
1	688
1	971
0	22
0	369
1	286
0	703
1	82
1	96
1	881
1	306
0	193
1	393
1	885
1	518
1	423
1	511
1	598
1	571
1	360
1	887
1	125
1	892
1	134
1	812
1	614
1	341
1	879
1	715
1	793
1	285
1	673
0	504
1	153
1	90
1	225
1	267
0	290
1	419
0	431
1	389
0	952
1	145
1	212
1	986
1	644
1	164
1	816
0	874
0	354
1	649
1	358
1	440
1	979
0	815
1	322
0	470
1	765
1	707
1	257
1	954
1	278
1	911
1	4
1	578