1	402
0	232
1	387
0	257
1	514
1	199
1	579
0	925
0	85
0	114
1	474
1	67
0	448
1	573
0	301
1	908
1	969
1	772
0	787
1	177
1	248
1	642
1	66
1	465
0	806
1	461
1	751
1	856
0	899
0	468
1	71
1	394
1	850
1	790
1	666
0	411
1	554
1	117
1	82
0	866
1	168
1	740
1	946
1	999
0	937
1	316
0	358
1	680
1	20
1	941
1	84
1	695
1	561
1	40
1	363
1	901
1	345
0	303
0	849
0	699
1	111
0	32
1	412
1	567
0	978
1	334
0	922
1	94
0	870
1	868
1	389
1	267
1	576
1	721
0	250
1	973
1	826
0	492
1	917
1	501
1	714
1	344
1	229
1	182
1	750
1	472
1	703
1	152
1	770
1	299
0	352
1	11
1	663
1	62
0	825
1	224
1	686
0	244
0	736
1	33
1	646
0	733
0	545
1	852
1	100
1	632
1	816
0	15
0	436
1	633
1	530
1	340
0	844
1	249
1	256
0	174
1	798
1	326
1	285
0	150
1	711
1	939
0	622
1	431
0	782
0	35
1	976
1	597
1	107
0	774
1	805
0	761
1	241
1	136
1	424
1	499
1	712
0	396
1	945
1	354
1	678
1	218
1	162
1	807
0	197
1	974
0	274
1	74
1	310
1	684
1	7
0	902
0	741
1	847
1	384
1	784
1	838
1	211
0	658
1	202
1	243
0	833
1	135
1	853
1	124
1	200
1	277
0	795
0	464
1	608
1	65
0	331
0	994
1	205
1	56
1	72
1	246
1	964
1	22
1	322
1	515
0	221
1	444
0	808
0	882
1	16
1	138
0	955
1	19
1	362
1	738
1	746
1	242
1	153
0	470
1	137
1	611
1	817
1	329
1	180
1	506
0	426
1	264
1	50
1	397
0	43
1	876
1	613
1	498
1	762
1	269
1	727
1	551
1	961
1	438
1	637
0	565
1	371
1	940
1	121
1	341
1	910
1	535
1	494
0	449
1	192
1	9
1	889
1	926
1	993
1	539
1	615
0	166
1	739
0	296
1	102
0	6
1	81
1	951
1	577
1	723
0	610
1	848
1	435
1	523
0	359
1	29
1	649
1	80
1	191
1	466
1	520
1	620
0	311
1	247
1	510
0	872
1	823
1	906
1	113
0	406
0	46
0	693
0	776
0	183
1	258
0	651
1	629
1	479
0	346
1	948
1	624
1	38
1	418
1	467
1	10
0	625
0	433
1	547
1	702
1	716
1	569
1	803
0	157
1	213
0	764
1	709
1	652
1	664
1	254
1	851
0	319
0	369
1	533
1	543
0	855
0	321
1	671
1	860
1	368
1	39
1	541
0	48
1	91
1	259
1	858
1	356
1	679
0	794
1	873
1	818
1	293
0	888
1	31
0	753
1	681
1	422
1	454
0	884
1	519
1	977
1	440
1	528
0	441
1	588
1	282
1	175
1	112
0	420
1	572
1	348
1	877
1	227
1	421
1	571
1	683
0	380
1	696
1	226
1	943
0	797
1	801
0	196
1	766
0	918
1	63
0	231
1	290
1	173
0	77
1	701
1	251
1	735
1	667
1	954
0	932
1	59
1	131
1	720
0	647
1	332
1	742
1	648
1	271
1	128
1	553
0	574
0	628
1	883
0	490
1	947
0	689
0	641
0	971
0	518
0	863
1	302
0	457
1	456
1	26
1	158
1	956
0	509
0	485
1	110
1	235
1	687
1	207
1	92
1	744
1	8
1	55
1	959
0	144
1	476
1	300
1	288
1	458
1	890
0	78
1	365
1	599
1	284
1	280
0	991
1	685
1	591
0	719
1	90
1	45
1	653
1	336
0	894
1	370
0	127
0	780
1	769
1	607
0	186
1	429
0	566
1	147
0	390
0	21
1	864
1	659
0	12
0	505
1	407
1	266
0	442
1	372
1	789
0	487
1	614
0	49
1	717
1	315
1	595
1	936
1	524
0	149
1	54
1	644
1	453
0	525
1	812
0	832
1	895
1	286
0	589
1	893
1	36
1	728
1	752
1	252
1	548
1	432
1	549
1	536
1	98
1	942
1	471
1	219
1	28
1	904
0	126
1	935
1	618
1	779
0	245
1	983
1	481
1	179
1	979
1	462
0	732
0	289
1	220
1	903
0	410
0	325
1	142
0	233
1	478
1	483
0	691
0	217
0	230
1	278
1	593
1	60
1	169
0	759
0	488
1	802
1	42
1	609
1	963
1	601
0	123
1	367
1	215
1	484
1	600
0	783
1	156
1	931
1	756
1	634
0	83
0	927
1	13
0	261
1	747
1	829
1	446
1	190
1	638
1	605
1	159
0	698
1	58
1	212
1	459
1	583
1	216
1	792
1	210
0	729
1	23
1	164
1	715
1	338
1	184
0	708
1	656
1	585
1	255
1	377
1	27
1	767
1	73
0	538
1	760
1	14
1	455
0	333
1	880
0	347
1	118
1	292
1	400
1	886
1	342
1	754
1	115
1	570
1	428
0	163
0	617
1	167
1	194
0	800
1	415
1	120
0	967
0	950
1	395
1	386
1	469
0	700
1	654
0	920
0	193
1	61
0	272
1	57
1	385
0	544
1	626
0	896
1	425
1	361
1	975
1	669
1	778
1	297
0	814
0	206
1	324
0	151
1	275
1	990
1	824
1	630
0	125
1	786
1	108
1	737
1	995
0	537
1	546
0	619
1	260
1	905
1	513
1	635
0	921
0	879
1	378
1	187
1	79
1	508
0	44
0	909
0	869
0	820
0	119
0	911
1	676
1	968
1	912
1	835
0	399
1	375
1	603
0	379
0	627
1	788
1	223
0	578
0	97
0	643
1	966
1	328
1	745
1	594
1	76
1	830
1	660
1	557
1	236
1	982
0	304
1	204
1	540
1	612
1	534
1	743
1	1
1	181
1	89
1	749
1	837
1	75
1	170
1	343
0	439
1	133
0	996
0	109
1	710
0	836
1	41
1	517
1	586
1	507
0	262
1	962
1	374
0	382
1	602
0	2
1	203
1	198
1	101
1	793
1	819
1	915
1	228
0	562
1	914
0	265
0	713
1	106
1	405
1	867
1	0
0	493
1	413
0	132
0	497
1	811
1	529
0	225
1	129
1	373
1	555
1	623
0	839
1	141
0	393
0	96
1	475
1	581
1	875
1	773
1	682
1	52
1	831
1	804
1	871
1	960
1	592
1	360
0	552
1	294
1	516
1	771
1	307
1	171
0	674
1	934
1	636
1	923
1	845
1	924
1	726
0	53
1	208
1	419
1	865
1	992
1	381
0	556
1	295
1	598
0	443
0	337
1	550
1	87
0	857
1	185
0	705
0	317
1	958
1	416
0	51
1	900
1	730
0	209
0	176
0	5
0	781
1	758
1	891
1	874
0	287
1	580
1	70
1	408
1	104
0	237
1	3
0	122
1	765
1	655
1	105
1	981
1	631
1	503
1	957
0	339
1	722
1	64
1	840
1	283
1	95
1	878
1	919
0	309
0	99
0	34
0	861
0	582
1	24
1	308
1	306
0	201
1	898
1	214
1	427
0	351
1	47
1	645
1	240
1	791
1	330
1	160
0	447
0	145
1	482
0	263
1	353
0	985
1	949
1	364
1	907
1	810
1	323
0	834
1	17
0	734
0	401
1	148
1	477
1	4
1	881
1	621
1	392
1	846
0	253
1	897
1	480
1	558
1	799
1	672
0	417
1	661
1	542
1	989
1	88
0	298
1	575
1	222
0	522
1	606
1	376
1	238
1	768
1	785
1	563
1	391
1	143
1	843
1	673
1	437
0	155
1	178
0	707
0	450
1	725
0	953
1	473
1	496
1	18
0	690
0	291
1	887
1	383
1	161
0	25
1	997
1	590
1	139
1	694
0	165
1	980
1	276
1	451
0	670
1	489
1	724
1	777
1	273
1	828
1	775
1	511
0	314
1	527
1	815
1	842
1	650
1	409
0	763
1	103
0	568
1	822
1	491
1	692
1	662
1	313
0	859
1	813
0	560
0	279
1	403
1	486
1	327
0	559
0	268
1	892
1	140
1	434
1	938
1	809
0	984
1	821
1	665
1	675
1	986
0	430
0	495
1	584
1	965
1	928
1	69
1	37
0	639
1	704
1	460
0	423
0	933
1	718
1	587
1	755
1	929
1	988
1	841
0	697
1	130
1	463
0	944
1	564
1	195
1	913
0	596
0	930
0	862
1	452
1	757
1	350
1	404
1	502
1	532
1	987
0	318
1	796
1	68
1	388
1	526
1	270
1	172
1	916
1	998
1	366
1	398
1	677
1	30
0	854
0	445
1	521
1	688
0	952
1	706
0	86
0	512
0	504
1	189
1	414
1	531
0	885
1	604
1	731
0	500
0	668
1	312
1	748
1	134
1	349
1	616
0	972
1	827
0	154
1	146
1	355
1	335
0	305
1	657
1	116
0	640
0	320
1	970
1	281
1	239
1	357
1	234
0	93
0	188