1	26
0	443
1	562
0	969
1	227
1	695
1	503
1	217
1	138
0	112
1	370
1	320
1	913
1	192
1	828
1	565
1	610
1	444
1	858
1	762
1	915
0	612
1	874
1	406
1	810
1	528
0	807
0	581
1	32
1	567
1	111
1	930
1	206
1	65
1	96
1	711
0	167
0	59
1	651
1	793
0	345
1	731
0	920
1	586
1	784
1	853
1	699
1	756
1	727
1	982
1	252
1	458
1	937
0	88
0	258
1	102
0	680
1	272
0	666
1	158
1	854
1	669
1	980
0	772
0	811
1	927
1	933
1	407
1	687
1	819
1	434
1	417
1	107
1	839
1	99
0	510
1	518
1	383
1	801
1	672
1	592
0	498
1	850
1	564
1	144
0	191
1	94
1	411
1	559
1	213
1	916
1	768
1	958
1	690
0	515
1	178
1	678
1	803
1	668
1	532
1	479
1	157
1	266
0	173
1	827
1	357
1	522
1	910
1	303
1	223
1	148
1	713
1	179
1	992
0	647
1	499
0	220
1	176
1	450
1	262
1	289
1	855
1	415
1	23
0	497
1	80
1	31
1	837
1	546
1	343
1	627
0	834
1	826
1	282
1	427
1	361
1	908
1	576
1	812
1	748
1	3
1	51
1	533
1	873
1	390
1	753
1	327
1	48
1	188
1	923
1	573
1	201
0	377
1	917
1	185
0	401
0	808
0	939
0	794
0	952
0	296
0	764
1	348
0	354
1	626
1	465
1	55
0	608
0	609
1	122
1	587
1	237
1	929
1	688
0	324
1	186
1	332
1	782
0	629
1	57
1	316
1	379
0	322
0	541
0	437
1	967
0	735
1	605
0	2
1	438
1	583
1	818
1	373
0	190
0	333
0	423
1	959
1	655
1	464
1	202
0	287
1	430
1	621
1	7
1	975
1	199
1	340
1	594
0	865
1	288
0	788
1	72
0	694
0	779
0	607
1	925
1	619
1	226
0	146
1	896
0	203
0	634
1	126
0	233
0	631
1	472
1	309
1	160
1	970
1	723
0	404
1	475
1	132
0	940
1	235
1	139
0	765
0	281
0	142
0	6
1	230
1	395
1	163
1	392
1	9
1	259
0	308
0	763
1	868
1	251
0	792
1	129
1	539
0	542
1	436
1	95
1	516
1	941
1	725
1	737
1	769
0	210
1	25
0	412
1	560
1	355
0	602
1	183
1	263
0	34
1	82
1	633
0	575
0	744
1	319
1	643
1	972
0	566
1	501
1	507
0	170
1	700
1	386
1	776
1	894
1	98
1	570
1	599
1	938
1	473
1	797
0	254
1	825
0	686
0	93
1	168
0	676
1	334
1	954
1	692
0	571
0	698
0	552
1	456
0	312
0	554
1	297
0	182
0	268
0	351
1	418
1	224
1	551
1	250
0	932
1	606
1	585
0	409
1	752
0	225
1	574
1	86
1	317
0	482
1	545
1	817
0	242
1	364
0	313
1	703
1	165
0	246
0	121
1	987
0	466
1	388
0	979
0	267
1	881
1	13
0	164
1	770
1	747
0	809
0	67
1	374
1	714
0	269
1	161
0	152
1	133
0	429
1	907
1	256
0	241
1	659
1	463
1	665
1	338
0	767
1	530
1	264
1	556
0	128
1	888
1	718
1	484
0	204
1	347
1	200
1	872
0	974
1	232
1	460
1	491
1	8
1	538
1	248
1	36
0	493
0	935
1	884
1	846
0	997
1	661
1	43
1	115
0	568
0	601
1	977
1	35
1	740
1	998
1	625
1	909
1	350
1	300
1	646
1	44
0	660
1	579
1	670
0	17
1	74
1	991
1	558
0	77
1	962
1	19
1	754
1	398
0	477
1	777
1	889
1	194
0	876
1	349
1	705
1	337
0	16
0	81
0	904
0	766
0	523
1	11
1	733
0	28
1	719
1	449
0	419
0	380
1	277
1	14
1	569
1	620
1	413
1	796
0	184
1	679
1	356
1	336
1	228
1	100
1	187
1	553
1	786
1	153
1	691
1	301
1	83
1	143
1	485
1	441
0	40
1	956
1	489
1	508
0	869
0	462
1	540
1	45
1	422
0	715
1	505
1	33
1	109
0	707
0	432
0	684
1	49
1	877
1	89
1	145
0	778
0	708
1	604
0	483
1	598
1	999
1	704
1	172
1	831
1	328
0	365
1	408
1	245
1	295
1	469
1	37
1	729
1	760
0	331
1	205
1	221
1	285
1	771
1	613
1	175
0	926
1	844
1	841
1	903
1	240
1	496
0	986
1	886
0	851
0	368
1	781
1	12
1	696
1	5
1	360
1	169
0	85
1	447
1	721
1	315
1	446
0	376
0	46
0	195
1	957
1	815
1	75
1	231
1	526
1	382
0	615
1	405
1	880
1	384
1	78
1	866
0	789
1	63
1	410
1	739
0	664
0	741
1	284
1	947
1	265
1	755
1	504
1	891
0	196
1	994
1	836
1	593
1	279
1	650
1	506
1	624
1	821
1	673
0	924
1	511
0	321
1	156
1	151
0	730
1	369
1	131
0	572
0	710
1	614
1	922
1	50
1	693
1	249
1	712
1	517
1	219
1	842
1	162
1	716
1	547
1	180
1	757
1	653
1	159
1	123
1	832
0	899
1	813
1	435
1	480
1	58
1	330
0	840
1	785
1	787
1	595
0	135
0	611
1	39
1	805
0	548
1	580
1	495
1	944
0	70
0	934
0	964
1	189
1	682
0	97
1	912
0	474
1	113
1	736
1	928
1	867
1	857
1	822
1	471
1	500
1	134
1	71
1	273
1	887
1	985
0	280
0	339
1	147
1	639
1	905
1	311
1	329
1	863
1	193
0	589
1	734
1	461
0	804
0	898
1	918
1	677
1	155
0	468
1	335
1	22
1	847
0	38
1	616
1	455
0	623
1	124
1	448
1	892
0	906
0	724
0	238
1	780
1	453
1	823
1	1
1	42
1	239
1	861
1	864
1	104
0	283
1	197
0	76
0	181
1	649
1	385
1	52
0	171
1	976
1	92
1	963
1	662
1	118
1	10
1	234
0	582
1	119
1	271
1	130
0	943
1	394
1	521
1	685
1	534
1	218
1	314
1	638
0	87
1	294
1	247
1	433
1	21
1	366
0	870
1	257
0	728
1	110
1	965
0	260
0	117
0	603
1	890
1	942
1	761
0	751
1	640
1	849
1	391
1	689
1	838
1	198
1	459
0	536
0	525
0	402
1	363
1	207
0	656
0	352
1	177
1	125
0	914
1	56
1	702
0	346
1	298
1	641
0	555
1	883
0	645
1	4
1	519
1	824
1	882
1	862
1	878
1	476
1	421
1	292
1	426
1	800
1	671
1	214
1	467
1	513
0	820
0	362
1	900
1	667
1	310
1	211
0	897
1	274
1	229
1	750
0	371
1	24
1	425
1	630
1	654
0	791
1	600
1	372
1	399
0	745
1	101
1	584
0	396
1	60
1	529
1	802
1	798
0	578
1	486
1	84
1	983
1	742
1	306
0	652
1	367
0	544
1	502
0	325
1	697
1	875
0	30
1	454
1	856
0	577
1	106
0	53
1	54
0	990
1	591
1	150
1	658
1	270
1	326
0	717
1	773
1	948
1	955
0	236
1	968
1	852
1	69
1	901
1	995
1	215
1	790
1	675
0	64
1	20
0	871
1	487
1	859
0	120
1	701
0	893
1	644
1	806
0	902
1	141
1	440
1	439
1	642
1	291
0	79
1	514
0	674
0	323
0	358
1	416
1	617
0	531
1	759
0	921
1	299
1	397
1	720
1	563
1	103
1	359
0	481
1	799
1	520
1	244
0	816
1	795
1	746
0	835
1	451
0	960
0	278
1	949
0	344
1	47
0	618
0	492
1	946
1	116
1	996
1	276
0	845
1	375
1	628
1	966
1	174
1	885
1	860
1	15
0	783
1	919
1	127
1	457
0	632
1	981
1	911
0	709
1	588
1	973
1	527
0	774
1	738
1	988
1	512
1	936
1	830
1	41
1	208
1	424
1	524
1	622
1	950
1	209
1	222
0	378
1	216
0	931
0	945
1	140
1	961
1	149
1	307
0	509
0	302
0	535
0	951
0	293
1	91
1	341
0	470
1	428
1	243
1	596
1	829
0	253
0	636
0	706
0	0
1	848
0	290
1	62
1	29
1	749
1	971
1	814
0	597
1	68
1	879
1	561
1	442
1	993
1	550
1	681
1	166
1	212
1	255
1	286
1	549
0	414
1	304
1	105
1	732
1	452
0	543
0	353
1	635
1	557
1	843
1	989
1	154
0	683
0	743
1	637
1	445
0	61
1	758
0	494
1	387
1	488
1	648
1	66
1	342
0	420
1	114
1	663
0	895
0	478
1	722
1	305
1	984
1	833
1	108
1	275
0	136
0	953
1	726
0	27
1	261
0	393
0	400
1	978
1	403
0	775
1	490
1	73
1	90
1	18
1	590
0	431
0	137
1	657
0	389
1	381
1	537
0	318