1	84
0	896
1	117
1	665
0	555
1	890
1	483
1	273
0	673
0	615
1	293
0	979
1	287
1	378
0	496
1	522
0	850
1	407
1	741
1	305
0	848
1	946
1	468
1	456
1	205
1	419
0	778
1	611
0	953
0	814
1	179
1	663
0	53
1	393
1	308
1	700
1	562
1	584
1	887
1	418
0	282
0	751
1	796
0	94
0	827
1	444
0	864
1	918
0	184
1	474
1	158
1	75
1	31
1	37
1	520
1	872
0	449
1	20
1	196
1	241
1	810
0	559
1	635
1	962
1	250
1	671
1	832
1	982
0	384
1	142
1	199
1	4
0	100
1	134
1	926
1	681
1	33
1	567
0	861
1	911
1	398
0	989
1	88
1	343
0	855
0	68
1	506
1	222
1	107
1	171
1	423
1	674
1	373
1	28
1	669
1	971
1	845
1	973
1	403
1	346
0	354
1	24
0	454
1	180
1	744
1	385
1	686
1	316
1	243
0	401
1	268
1	472
0	242
0	580
1	233
1	631
1	544
1	395
1	240
1	208
1	568
1	270
1	189
1	987
1	410
1	557
0	135
0	450
1	34
1	583
1	476
1	173
1	42
1	261
1	3
1	811
1	935
1	753
0	120
1	735
1	462
1	481
1	605
0	657
1	353
1	815
1	156
1	940
1	399
1	800
1	26
1	195
1	98
1	851
0	336
1	756
0	513
0	767
1	214
0	947
1	86
1	647
1	839
1	603
0	201
1	939
0	176
1	274
1	328
1	221
1	972
1	402
1	137
1	956
1	530
0	985
1	362
1	431
1	337
1	406
1	640
1	558
1	231
0	411
1	344
1	254
1	218
1	730
1	119
1	881
1	320
1	216
0	710
1	122
1	812
1	172
1	255
0	792
1	154
1	97
1	177
1	455
1	358
1	547
1	420
1	161
1	66
1	886
1	516
0	606
1	949
1	191
1	997
0	263
1	89
1	428
0	873
1	595
1	46
0	804
1	548
0	116
1	200
1	464
1	204
1	758
1	92
1	493
0	728
1	632
1	553
0	664
1	416
0	963
0	699
1	836
0	146
1	638
1	315
1	451
1	515
1	247
1	349
1	43
1	719
1	874
1	45
1	110
0	128
1	892
1	948
1	284
1	112
0	871
1	286
1	101
1	541
1	830
1	727
1	330
1	206
1	499
1	169
1	380
1	813
1	880
1	72
0	722
0	85
1	383
1	415
1	713
1	539
0	919
1	381
1	269
1	83
1	313
1	927
0	809
1	357
1	114
1	121
1	675
1	7
1	801
0	697
1	888
0	825
0	575
1	978
1	831
1	220
1	174
0	780
0	604
1	295
1	581
0	49
0	835
0	9
0	988
0	782
1	709
1	447
0	389
1	625
0	429
1	253
1	633
1	806
1	715
1	996
1	999
1	74
1	488
1	917
1	849
1	465
1	458
1	36
0	96
1	660
1	182
0	294
1	526
1	265
1	529
0	60
0	236
1	612
0	915
1	551
0	961
1	682
1	968
1	280
1	585
1	637
0	106
1	667
1	720
0	319
0	916
1	739
1	907
1	643
1	427
1	618
1	734
1	629
0	141
1	834
1	833
1	564
1	817
1	716
1	275
1	71
1	574
0	377
1	573
1	306
1	23
1	78
0	426
1	170
1	930
1	366
0	990
1	230
1	818
1	355
0	895
1	437
1	108
1	125
1	737
1	717
0	327
1	103
1	563
1	155
1	943
1	422
0	370
0	58
1	648
0	387
1	434
1	457
1	44
1	369
0	303
1	159
0	405
1	267
1	29
1	945
1	740
1	81
0	598
0	334
1	228
1	627
1	249
1	397
1	224
1	898
1	704
1	788
1	929
1	51
0	317
0	858
1	227
1	446
1	685
0	944
1	766
1	69
1	748
1	495
1	124
1	970
1	950
0	933
1	512
1	396
0	937
1	348
1	99
1	966
0	597
0	475
0	854
0	360
1	309
1	545
1	859
1	566
1	645
0	791
1	175
1	18
1	666
0	794
0	775
1	67
1	903
0	507
1	981
0	501
1	352
1	550
1	714
1	651
1	39
1	752
1	891
1	879
0	793
1	338
0	976
1	147
1	696
0	77
1	578
1	469
1	299
1	882
1	658
1	235
0	759
0	490
1	404
1	705
0	57
1	589
1	55
0	902
0	194
1	525
0	335
1	186
1	10
1	192
0	144
0	443
1	430
1	326
1	131
0	463
1	912
1	90
1	215
1	32
0	207
0	893
1	670
0	761
1	232
1	123
1	653
1	484
1	900
1	321
1	784
1	486
0	15
1	837
1	852
1	257
1	300
1	763
0	772
1	876
0	296
0	133
1	994
1	61
1	22
1	894
1	518
1	959
0	650
0	453
0	497
1	54
1	869
1	779
1	923
0	594
1	445
1	771
1	707
1	614
1	347
0	819
0	166
1	168
0	500
1	485
1	695
1	340
1	439
1	913
0	672
1	111
0	807
1	138
0	258
0	105
0	388
1	521
1	586
1	1
1	351
1	350
1	2
1	865
0	656
1	433
1	278
1	941
1	841
0	209
1	698
1	318
1	535
0	783
0	478
1	844
1	601
1	50
1	157
1	341
1	17
1	829
1	374
1	276
0	921
1	266
0	239
0	745
1	754
1	165
1	505
1	760
1	59
1	560
1	718
0	659
1	76
1	582
1	822
1	95
1	613
1	619
1	130
1	324
1	82
1	408
1	768
1	229
1	534
1	302
1	846
1	885
0	259
1	965
1	883
1	932
1	392
0	993
1	13
1	390
0	995
0	307
1	145
1	149
1	924
1	226
1	440
0	729
0	291
1	843
1	213
0	183
1	467
1	884
1	925
1	238
1	412
1	126
1	459
0	225
1	571
1	726
0	277
1	649
1	593
0	984
0	151
1	162
0	461
1	252
1	63
0	115
0	12
1	210
1	878
1	765
1	489
0	359
1	934
0	136
1	379
1	826
0	188
0	14
1	314
0	181
1	776
1	556
1	152
1	642
0	853
1	298
1	866
1	906
0	609
1	628
1	237
1	661
1	742
1	690
1	679
0	596
1	56
0	712
0	789
1	862
1	35
1	641
1	356
0	724
0	577
0	523
1	260
1	610
0	477
0	591
0	289
1	197
1	636
1	960
1	363
0	482
0	823
1	368
1	986
1	802
1	87
1	928
0	688
1	694
1	683
1	863
1	630
1	957
1	570
0	552
0	639
1	608
1	554
1	532
0	991
1	524
1	436
1	590
1	706
0	954
1	936
0	528
1	62
1	723
0	805
1	764
0	703
1	621
0	272
1	391
1	777
0	140
1	52
1	312
1	382
1	998
1	733
1	503
1	331
1	546
1	537
0	689
0	281
1	251
0	113
1	325
1	211
1	652
0	644
1	438
1	491
1	311
1	442
1	246
1	417
0	702
1	646
1	365
1	178
0	952
1	736
1	400
1	25
1	310
1	70
0	572
0	364
1	938
1	509
1	678
0	297
0	470
1	749
0	721
1	323
0	774
1	536
1	909
1	803
1	339
1	473
0	842
1	692
1	38
1	579
0	821
0	838
0	16
1	701
1	279
1	795
1	187
1	799
1	345
1	762
1	899
0	708
1	964
1	21
1	955
1	129
1	514
1	599
1	212
0	897
1	262
1	301
1	371
1	617
0	492
0	223
0	332
1	680
1	329
1	677
1	79
0	256
1	746
1	787
1	47
1	624
0	394
1	922
0	798
1	857
0	435
0	0
1	533
1	931
1	30
1	150
1	655
1	549
1	409
1	769
1	245
0	588
1	910
1	786
1	234
0	808
1	565
0	361
1	860
0	785
1	969
1	264
1	248
0	322
1	441
0	592
0	48
1	143
1	217
1	958
0	91
1	244
1	975
1	828
1	543
1	992
1	542
1	747
1	167
1	413
1	285
1	870
0	448
1	576
1	743
1	202
1	622
1	93
1	510
1	977
1	425
1	504
1	487
1	569
1	731
1	687
1	148
0	64
1	607
1	527
0	8
1	602
0	292
0	193
1	27
1	967
1	711
1	755
1	494
0	185
1	662
1	824
0	519
1	508
0	840
1	868
1	290
0	668
1	531
0	620
1	983
0	304
1	908
1	517
0	65
1	816
1	471
1	790
1	109
1	40
0	781
1	288
1	73
0	725
1	867
1	414
1	164
1	432
1	283
0	905
1	480
1	684
1	386
1	333
1	203
0	980
1	452
1	80
1	732
1	41
0	856
1	797
1	587
1	160
1	820
0	904
1	421
1	654
0	102
1	691
0	466
1	974
1	901
0	511
1	19
0	847
1	770
1	271
1	616
1	367
1	375
1	877
1	626
1	750
1	127
1	889
0	376
1	693
1	342
0	540
1	538
1	498
1	460
1	502
0	676
0	479
0	163
1	600
1	951
1	757
1	5
0	738
0	942
0	6
1	153
0	219
1	773
0	372
1	634
1	920
1	561
1	132
1	139
1	424
1	198
1	118
1	914
0	11
1	104
1	190
1	623
1	875