1	424
1	702
1	16
0	695
1	388
1	25
1	822
1	288
1	303
1	770
0	313
1	547
1	49
1	91
1	409
1	909
1	99
0	976
1	974
1	5
1	401
1	173
1	686
1	85
1	382
0	463
1	818
1	80
1	640
1	61
1	534
1	735
1	24
1	832
1	147
0	814
1	146
1	236
0	431
1	673
0	165
0	158
1	983
1	347
0	361
0	1
1	838
1	551
1	290
1	664
0	281
1	213
1	184
1	756
1	20
0	257
0	402
0	958
1	960
0	888
1	479
1	605
1	723
0	103
1	863
1	925
1	846
0	458
1	15
1	253
0	407
1	540
0	880
1	150
1	68
1	656
0	56
1	55
1	332
1	589
1	530
1	335
0	464
1	995
0	439
0	990
1	750
1	410
1	328
1	227
1	406
1	827
1	889
1	252
1	161
1	211
1	491
0	876
1	292
0	427
1	700
1	178
0	615
0	63
1	384
1	654
0	581
0	604
0	697
0	143
0	473
1	323
1	897
1	197
1	729
0	768
1	230
1	955
1	134
1	845
1	167
1	325
1	892
1	309
0	789
1	943
0	13
1	928
1	705
1	122
1	912
1	452
0	481
1	88
1	801
1	613
1	580
1	852
1	844
1	811
1	69
1	67
1	369
1	32
1	861
1	748
0	682
0	460
1	800
1	413
1	555
1	790
1	848
1	820
1	878
1	411
1	310
1	670
1	266
1	295
1	803
1	426
1	447
1	330
1	903
0	874
1	992
1	496
1	219
1	777
1	275
0	334
0	273
1	437
1	386
1	441
1	946
1	676
1	968
0	45
0	336
0	548
1	941
1	849
1	233
0	870
0	271
0	396
1	285
1	619
1	779
1	559
1	802
0	763
1	217
1	492
1	804
1	886
1	228
0	940
1	461
1	102
0	47
1	312
1	758
1	6
1	914
0	27
0	393
0	170
1	894
1	693
0	826
1	100
1	871
0	539
1	657
1	626
1	518
1	164
0	37
1	500
1	564
1	501
0	79
1	792
0	240
0	412
0	984
1	703
1	899
1	241
0	787
1	111
0	494
0	692
1	921
1	740
1	646
0	339
1	535
1	868
0	933
0	135
1	635
1	231
1	617
1	177
1	806
1	203
1	12
0	996
1	341
1	456
1	70
1	258
1	719
0	865
1	905
0	202
1	778
1	728
1	422
1	704
1	484
0	639
1	566
0	297
1	395
1	18
1	596
0	363
1	250
1	282
0	906
1	11
1	304
1	269
0	810
1	622
1	446
1	358
0	957
0	93
1	567
1	398
0	315
1	883
0	685
1	633
1	107
0	474
0	415
1	90
1	329
1	186
1	666
1	375
1	77
1	516
0	767
1	381
0	898
1	433
1	529
1	346
1	593
1	659
1	33
0	558
1	272
1	965
1	634
0	280
1	76
0	314
1	882
1	442
1	587
1	850
1	568
1	488
0	116
1	110
1	862
1	453
0	357
1	10
1	698
0	226
0	753
1	8
0	391
0	28
0	784
1	493
1	999
1	105
1	710
1	606
1	214
1	166
0	696
1	81
1	367
1	963
1	919
0	192
1	631
0	542
1	794
1	52
0	718
1	650
1	678
0	873
1	171
1	118
0	623
0	454
0	739
1	632
1	245
1	7
1	563
1	982
0	115
1	503
1	212
1	302
1	429
0	371
1	420
1	841
1	50
1	29
1	895
1	507
0	572
1	764
1	224
1	176
0	379
0	263
1	445
1	911
1	38
1	993
0	472
0	973
0	126
1	155
1	383
1	419
1	469
1	502
1	931
1	727
1	373
1	450
0	349
0	981
1	291
1	483
1	721
0	238
1	602
0	689
1	590
1	65
0	807
1	980
0	0
0	796
1	124
0	66
1	390
1	301
0	835
0	72
1	935
1	108
0	289
1	734
1	858
1	707
1	482
1	681
0	966
1	423
1	255
1	662
0	571
1	343
1	722
1	462
0	738
1	42
1	977
0	183
0	342
1	254
0	353
1	652
1	610
1	34
1	554
1	305
1	345
1	432
1	180
1	321
1	157
1	791
1	249
1	867
1	455
1	359
0	149
1	711
0	854
0	579
1	805
0	35
0	17
1	608
1	476
1	525
1	114
1	351
0	971
0	786
1	831
1	766
1	26
1	621
1	795
0	546
1	961
1	119
1	836
1	913
0	828
1	645
1	113
0	598
1	267
0	31
1	936
0	128
0	759
0	392
1	607
1	140
1	680
1	765
0	839
0	536
1	923
1	229
1	855
0	864
1	204
0	414
1	109
1	677
0	774
1	726
0	374
1	600
1	853
1	318
0	884
0	824
1	808
0	21
0	362
1	690
1	44
1	674
1	628
1	891
1	129
1	51
1	137
1	59
0	872
1	819
0	207
1	951
1	132
1	953
0	537
1	148
0	736
1	712
1	978
1	117
1	225
1	860
1	918
1	131
1	459
0	577
1	917
1	163
1	708
1	744
1	833
0	326
1	915
1	92
1	286
0	444
1	952
0	842
1	922
1	205
0	3
0	262
0	495
0	714
1	243
1	788
1	443
1	366
0	813
1	967
1	733
0	101
1	264
1	991
1	256
0	268
1	799
1	133
0	550
1	588
0	701
1	709
1	741
1	83
1	851
1	815
1	930
1	793
1	683
1	715
1	296
1	920
1	87
1	611
1	276
1	591
0	191
0	430
1	556
1	400
1	573
0	306
1	287
1	121
1	36
1	222
0	123
1	584
1	601
0	215
1	900
1	688
1	916
1	198
1	9
1	350
1	749
1	541
1	377
1	521
0	86
0	19
0	259
1	823
0	405
1	816
0	511
0	23
1	145
1	989
0	570
1	370
1	665
1	544
1	988
0	436
0	910
1	902
0	408
1	830
0	232
1	193
1	638
0	94
0	73
1	531
1	585
1	208
1	649
1	399
1	261
1	667
1	575
1	583
1	196
1	901
1	385
1	954
0	181
1	769
1	365
1	380
1	368
1	630
1	926
1	188
1	970
1	987
1	106
0	975
1	675
1	730
1	565
1	159
1	209
0	527
1	435
1	58
1	896
1	284
1	300
1	320
1	104
1	169
1	120
1	457
1	438
0	154
0	478
1	440
1	251
0	742
1	755
1	663
0	523
1	299
1	244
1	71
1	594
0	837
1	466
1	616
1	48
1	747
0	761
0	298
1	127
1	467
1	821
0	498
1	522
1	877
1	218
0	294
1	612
0	283
1	809
1	944
1	945
1	364
1	477
0	356
1	561
1	348
0	389
0	60
1	797
1	948
1	651
1	625
1	956
1	404
0	636
0	14
1	125
1	694
1	772
1	829
1	97
1	499
1	543
1	486
1	448
1	475
1	187
1	964
1	595
1	671
1	760
1	206
1	524
0	513
0	691
0	515
1	142
1	731
1	216
1	843
1	43
1	904
1	322
1	574
1	489
1	360
0	934
0	745
1	417
1	660
1	929
1	239
1	979
0	138
1	316
1	672
1	514
1	699
1	465
1	425
0	937
0	716
1	773
1	603
1	2
1	732
0	887
1	609
1	331
1	679
1	947
1	418
1	893
1	962
1	582
0	260
1	41
1	194
1	637
1	658
1	783
1	485
1	641
1	798
0	737
1	856
1	265
0	403
1	743
0	780
1	866
1	890
0	938
1	416
0	509
1	344
1	89
1	200
1	57
1	643
1	471
1	130
0	497
1	578
1	378
1	22
1	528
0	655
0	139
0	168
1	949
1	549
1	98
1	355
0	210
1	526
1	506
0	144
1	327
1	153
1	942
1	505
1	220
1	96
0	592
1	817
1	762
1	162
1	775
1	480
1	997
0	785
1	879
1	932
1	907
0	337
1	397
0	847
1	517
0	812
0	279
1	352
1	687
0	451
1	746
1	78
1	112
1	881
1	512
0	538
0	53
0	246
1	195
1	642
0	939
1	74
0	834
1	771
1	394
1	908
0	141
1	661
1	562
1	720
1	136
1	319
1	75
0	40
1	468
1	725
0	560
1	857
1	333
1	557
1	724
1	354
1	859
0	199
1	552
0	278
1	969
0	152
1	46
1	201
1	449
1	624
1	175
0	470
0	885
1	629
1	618
0	713
1	576
1	160
1	237
1	520
1	620
1	172
1	959
0	490
1	519
1	545
1	277
1	553
1	875
0	840
1	248
0	487
1	234
1	653
0	372
0	510
0	752
1	717
1	189
1	247
1	242
0	950
0	293
0	95
1	434
1	504
1	776
0	648
1	311
1	30
1	235
1	307
0	62
1	754
1	376
1	869
0	221
1	274
1	190
1	428
1	4
1	668
1	182
1	533
1	757
1	317
0	684
1	156
1	998
1	338
1	669
0	825
1	340
1	84
0	994
0	781
1	54
0	569
1	986
1	508
1	597
1	179
1	421
1	532
0	614
1	627
1	151
1	223
1	64
1	644
1	586
1	82
1	324
1	927
0	270
1	599
1	972
1	751
1	387
1	782
1	985
1	174
1	924
1	308
1	39
0	647
0	706
1	185