1	366
1	624
0	146
1	425
1	308
0	208
0	181
1	942
1	435
1	804
0	429
0	372
1	641
0	352
0	896
1	474
1	954
1	169
1	323
0	698
1	477
0	345
1	559
1	652
1	699
0	452
1	739
0	813
1	202
1	100
1	861
0	476
0	261
1	266
1	519
1	212
1	203
1	793
0	574
1	572
1	86
1	613
1	870
0	867
0	314
0	907
1	914
1	675
1	983
1	886
1	101
1	622
0	927
1	926
0	963
0	689
1	897
1	811
1	260
1	784
1	556
0	296
1	598
1	962
1	953
1	801
1	391
1	581
1	109
1	844
1	93
1	153
1	848
0	336
1	356
1	966
1	713
0	15
0	317
1	409
1	303
1	558
1	118
0	445
1	834
1	502
1	85
0	351
1	152
1	113
0	718
0	496
0	339
1	483
1	704
1	588
1	190
0	850
1	551
1	766
1	9
0	405
1	64
1	44
1	819
1	138
1	747
0	520
1	32
1	909
0	869
1	39
1	41
1	900
1	708
1	597
1	554
0	354
1	935
1	757
0	189
0	523
1	55
1	891
1	884
1	62
1	723
0	560
0	710
1	768
0	663
0	412
1	569
0	282
0	628
0	770
0	788
1	472
1	45
0	279
0	923
1	307
1	30
1	936
0	394
0	997
1	92
0	128
1	6
1	608
1	762
0	664
1	939
1	910
0	321
1	83
1	958
1	143
0	119
1	398
1	691
0	593
1	418
1	727
1	135
1	582
1	996
0	488
1	238
1	709
1	162
0	653
1	426
0	294
1	571
1	475
1	842
1	254
1	286
1	331
1	735
0	262
1	58
0	511
1	229
1	240
1	774
1	629
1	684
1	396
1	87
0	838
0	780
0	463
1	434
1	840
1	160
1	661
1	785
1	47
1	814
0	634
1	313
1	978
1	941
1	217
1	769
1	615
1	439
1	318
1	414
1	481
1	125
0	290
1	772
1	283
1	836
1	292
0	562
1	775
0	548
1	919
1	522
1	570
1	115
1	388
0	993
1	35
0	310
1	117
1	961
1	573
1	70
1	60
1	311
1	174
1	176
1	449
1	694
1	529
1	185
0	771
0	270
1	843
1	462
0	839
1	338
1	979
1	466
0	585
1	820
0	23
0	207
1	373
0	431
1	221
0	521
1	53
1	402
1	453
1	231
0	873
0	461
0	456
1	440
1	96
1	11
1	549
1	734
1	527
1	697
1	362
1	737
1	280
1	604
1	802
1	56
0	506
1	428
1	370
1	357
1	220
1	155
0	895
1	693
1	829
1	992
1	816
1	54
1	541
1	564
1	80
0	187
1	878
1	599
0	782
0	580
1	297
1	745
1	512
1	326
1	490
1	662
1	27
1	913
1	16
0	707
0	263
1	908
1	327
1	751
1	24
1	994
1	36
1	459
1	712
1	411
1	984
1	416
1	863
1	226
1	791
1	271
1	617
1	915
0	136
1	754
1	955
0	379
1	274
1	447
1	228
1	397
1	156
1	29
0	706
1	614
0	505
1	912
1	605
0	883
1	610
1	925
1	905
1	387
0	808
1	486
1	346
1	967
0	903
1	832
1	642
1	677
1	68
1	513
1	875
1	537
0	389
0	526
1	328
1	165
1	611
1	200
0	40
1	67
1	938
1	245
1	315
0	518
1	454
1	427
1	437
1	42
1	141
1	649
1	716
0	525
1	589
0	79
1	46
1	460
1	104
1	34
0	256
0	450
1	395
1	720
1	777
1	195
1	619
0	2
1	952
0	214
0	219
0	48
0	246
1	237
0	595
0	140
1	696
1	636
1	222
1	306
1	441
1	656
0	776
1	929
1	108
0	278
1	995
1	116
0	516
1	758
1	717
1	806
0	650
1	847
0	359
1	715
0	681
1	276
1	553
0	448
1	330
1	206
0	350
0	244
1	332
1	479
0	258
1	831
0	933
1	625
0	107
0	825
1	917
0	786
1	920
1	946
1	852
1	930
1	233
0	201
1	860
1	800
1	250
0	906
1	432
1	375
1	284
1	470
1	674
1	702
1	803
0	795
1	163
1	4
1	134
1	601
0	383
1	13
1	956
0	986
0	856
0	898
1	73
0	688
1	744
1	876
1	524
1	666
1	410
0	478
1	265
1	75
1	281
0	690
1	344
0	400
1	471
0	191
1	823
1	322
1	358
1	742
1	408
1	536
1	194
0	14
1	76
1	498
1	609
1	172
1	82
0	399
1	319
0	514
1	295
1	763
1	353
0	403
1	458
1	103
1	369
1	216
1	645
1	959
1	224
0	501
1	333
0	753
1	74
1	627
0	794
1	90
1	355
1	859
1	3
0	533
1	150
1	673
1	419
0	944
0	293
1	833
1	382
1	192
1	539
0	550
0	197
0	204
1	575
0	890
1	130
1	729
1	657
1	964
0	423
0	499
1	659
0	170
1	178
0	669
1	393
1	236
1	69
1	500
1	868
1	637
0	493
1	586
1	810
0	932
1	50
1	171
1	289
0	830
0	329
1	215
1	726
1	655
1	545
1	455
1	111
1	931
1	365
1	821
1	835
1	969
0	879
1	193
1	761
1	442
1	880
1	407
1	492
1	218
1	975
0	620
1	491
1	591
1	71
0	970
1	854
0	12
0	420
1	446
0	787
1	743
1	129
1	746
1	779
1	960
1	84
1	940
1	765
1	376
0	792
0	989
1	300
1	285
0	335
1	672
1	234
1	489
0	385
1	874
1	991
1	621
1	733
1	133
1	287
0	635
1	198
1	110
1	484
1	957
1	531
0	248
0	579
0	253
0	623
1	149
1	612
1	386
1	606
0	566
1	347
1	728
0	538
1	52
1	947
0	948
1	552
1	837
1	855
1	937
1	337
1	540
0	127
1	568
1	797
0	31
1	186
1	209
1	998
1	725
0	443
1	670
0	269
0	166
0	864
1	563
1	392
1	972
1	417
1	275
1	818
1	105
1	49
1	755
1	894
1	679
1	183
1	805
1	72
1	943
1	89
1	120
0	647
1	301
1	633
1	264
1	124
1	139
0	510
1	678
1	542
1	799
1	43
1	990
0	485
1	862
1	741
0	658
1	421
0	57
1	893
1	19
0	648
1	272
1	626
1	159
1	719
0	154
1	999
1	587
1	94
1	603
1	151
0	686
1	503
0	251
1	515
1	348
1	20
1	928
0	687
1	121
1	872
1	316
0	199
1	225
1	911
1	361
0	976
1	781
1	790
0	561
1	112
1	404
0	922
1	517
1	433
0	126
0	846
1	227
1	888
1	752
1	749
1	415
0	594
1	578
0	147
1	738
1	239
1	705
1	644
1	81
1	508
0	363
1	750
1	748
0	98
1	887
0	342
1	732
0	968
1	7
1	305
0	671
1	175
1	949
0	822
1	406
0	97
0	827
1	555
1	59
1	467
0	249
1	858
1	205
0	161
0	95
1	451
0	37
1	721
0	495
1	465
1	334
1	965
1	646
1	773
0	482
1	714
1	63
1	865
0	184
0	565
0	676
1	468
1	235
0	981
0	722
1	853
1	378
1	950
1	534
1	123
1	210
1	302
1	851
1	682
1	924
1	667
1	230
0	349
1	78
1	668
1	61
1	65
1	242
1	546
1	857
1	167
1	232
1	885
1	413
1	577
1	241
1	583
0	252
1	889
0	173
1	390
0	789
1	987
1	660
1	796
0	877
1	654
0	22
1	845
0	618
1	764
0	312
1	10
0	807
1	137
0	535
1	695
1	881
1	180
1	122
1	982
1	91
1	401
1	25
0	364
1	157
0	866
0	131
1	640
1	324
1	21
1	567
0	759
1	902
0	340
0	783
1	102
1	374
1	592
1	148
1	145
1	665
1	277
1	680
0	547
1	985
1	1
1	18
1	778
1	182
1	590
0	631
1	730
1	882
1	247
1	951
1	144
1	584
1	638
1	824
0	918
0	457
1	179
1	602
1	826
0	798
1	424
1	509
0	469
1	164
1	380
1	701
1	815
1	298
1	980
1	700
1	384
0	309
1	368
1	381
0	343
0	871
1	299
1	817
1	828
1	132
1	632
1	557
1	223
0	0
1	213
1	934
1	692
0	51
1	464
1	188
1	736
1	444
1	760
0	114
0	683
1	530
0	630
1	596
1	291
1	5
1	977
0	196
0	158
0	988
1	211
1	341
1	544
1	430
1	731
1	99
1	711
0	703
1	480
1	600
1	543
1	371
1	267
0	685
1	142
1	273
1	28
0	497
1	436
1	243
1	66
1	507
0	973
0	288
1	26
1	77
1	438
1	177
1	377
1	504
1	257
1	532
0	168
1	971
1	422
0	974
1	576
1	812
0	528
1	756
1	38
1	487
1	921
1	724
1	767
1	255
1	473
0	17
1	360
1	8
1	259
1	892
0	740
1	945
0	616
0	849
1	901
1	304
1	268
1	367
1	643
1	325
0	320
1	88
1	809
1	494
1	916
0	33
1	607
1	841
0	899
1	639
0	904
1	106
0	651