0	118
0	640
0	382
0	471
0	703
0	998
0	172
0	337
0	858
0	246
0	628
0	143
0	418
0	466
0	825
1	455
0	439
1	200
1	497
0	368
0	340
0	701
0	821
0	992
1	814
0	935
0	119
0	375
0	844
0	384
0	946
1	973
0	698
0	730
0	351
0	553
0	822
0	378
0	762
0	567
0	206
1	843
0	230
0	841
0	558
1	343
1	47
0	334
0	214
0	33
0	522
1	201
0	377
1	112
0	711
1	861
0	549
0	178
0	846
0	157
1	763
0	782
0	727
1	303
1	578
0	149
0	163
0	813
0	958
0	109
0	641
0	106
0	116
1	551
0	580
0	870
0	130
0	684
0	464
0	939
0	786
0	286
0	146
0	777
1	737
1	313
0	155
0	647
0	796
0	98
0	900
1	175
1	863
0	545
0	637
0	712
0	670
0	790
0	356
0	209
0	964
1	608
1	651
0	532
1	666
0	835
0	931
0	355
0	21
0	22
1	287
0	34
0	299
0	542
0	55
0	191
0	519
0	709
0	195
0	902
1	969
1	915
0	871
1	654
0	42
0	678
1	512
0	764
1	599
1	262
1	990
0	124
1	932
0	615
1	86
0	682
1	144
1	515
0	518
0	7
0	823
0	235
0	593
0	636
1	365
1	1
1	517
1	919
0	686
0	569
1	792
0	752
1	643
0	330
0	943
0	270
1	731
0	207
0	184
0	166
0	160
1	795
0	221
0	153
0	170
1	136
1	213
0	864
0	423
0	791
0	723
1	380
0	520
1	775
0	565
1	638
1	639
1	586
0	899
0	231
0	328
1	344
0	440
0	590
0	576
1	918
1	284
0	139
0	968
0	531
0	872
0	83
0	699
1	452
0	461
0	463
0	573
0	810
0	888
0	357
0	783
0	866
1	921
1	110
0	819
0	563
0	716
0	806
0	196
0	159
0	189
0	956
0	444
0	494
1	131
1	428
0	743
0	265
1	360
1	527
1	473
0	253
0	239
0	434
0	205
0	245
0	544
0	506
1	788
1	653
1	754
0	296
0	983
1	479
0	406
0	661
0	359
0	875
0	802
0	924
0	208
1	708
0	561
1	417
0	358
0	745
1	840
0	741
0	804
0	674
0	229
0	56
0	194
0	528
0	307
1	84
0	402
0	0
0	204
0	364
0	566
1	985
0	396
1	66
0	290
0	938
0	880
0	649
0	388
0	125
0	252
0	76
0	848
1	705
0	904
1	760
0	268
0	138
0	108
1	594
0	96
1	583
0	851
0	818
1	79
1	408
1	568
0	989
0	78
0	493
1	570
0	347
0	192
1	177
1	173
0	19
0	954
0	993
0	120
1	281
1	718
0	807
0	18
0	327
1	622
1	115
0	677
0	51
0	681
0	967
0	164
1	976
0	445
0	665
0	909
0	927
0	853
0	805
0	923
0	816
0	339
1	259
0	458
0	215
0	176
0	236
0	389
0	336
1	857
0	223
0	997
1	352
0	771
0	113
0	693
0	188
0	117
0	24
1	141
0	554
1	254
0	488
0	604
0	80
1	199
0	613
0	203
0	193
1	29
0	165
0	625
1	289
0	85
0	363
0	952
0	128
0	687
0	571
1	691
1	535
0	785
0	306
0	65
0	438
0	316
1	971
0	945
0	333
0	831
1	646
0	425
0	219
0	450
1	297
1	92
1	707
0	6
0	310
0	2
0	602
0	393
0	430
0	198
0	250
0	465
0	325
0	23
0	972
1	910
0	749
0	581
1	811
0	855
0	413
1	69
0	516
1	476
0	54
0	412
0	947
1	603
1	314
0	260
0	30
0	90
0	916
0	683
1	350
1	371
1	832
0	668
1	601
0	772
0	243
0	64
0	58
0	238
0	277
0	906
0	232
1	459
0	555
1	598
0	883
0	11
1	315
0	776
0	62
0	713
0	103
0	391
0	266
1	167
0	496
1	282
0	644
0	26
0	692
0	460
0	582
0	725
0	623
1	672
0	49
0	273
0	770
0	966
1	801
1	676
0	145
0	348
1	833
0	180
0	960
0	186
0	28
0	70
0	937
0	31
0	274
0	579
0	432
0	742
1	107
0	999
0	978
0	400
0	507
0	629
1	39
0	4
0	827
1	156
0	729
0	595
0	456
0	809
0	523
1	293
0	372
1	346
0	876
1	645
0	429
0	838
0	734
0	441
0	891
0	688
0	174
0	655
0	220
1	837
0	869
0	97
0	505
0	81
0	540
0	46
0	511
0	626
0	917
0	454
0	227
0	272
0	301
0	341
0	308
0	44
1	929
0	530
0	331
1	127
0	379
1	233
1	335
0	94
0	732
0	854
0	41
0	457
1	256
0	267
0	856
0	436
1	799
0	72
0	928
0	35
1	962
0	529
0	190
0	123
1	537
1	884
0	600
0	169
0	826
1	769
1	318
0	671
0	907
0	808
0	633
1	572
0	222
0	9
0	370
0	369
0	722
0	984
0	366
0	736
0	820
0	963
1	137
0	965
0	362
0	930
1	986
1	747
0	322
0	977
0	895
0	852
0	442
0	323
0	162
0	940
0	761
0	524
0	547
0	696
0	589
1	779
1	996
0	859
0	912
0	133
0	71
0	420
0	702
0	93
0	401
0	694
1	411
0	17
0	87
1	657
0	881
0	142
0	405
0	504
1	597
1	758
0	714
0	789
0	422
0	424
0	562
0	525
0	161
0	890
0	269
0	878
0	472
1	922
0	873
0	995
0	59
1	845
0	867
0	879
0	564
1	280
0	376
0	510
0	475
0	433
1	526
0	216
1	624
1	744
1	690
0	642
1	342
0	756
0	944
0	467
0	10
1	421
0	91
0	815
0	606
0	546
1	100
0	43
1	298
0	295
0	877
1	631
1	981
1	394
0	77
1	575
1	481
0	868
0	920
1	237
1	105
0	901
0	700
1	953
0	541
0	552
1	32
1	557
1	158
0	592
1	73
0	302
0	211
1	673
1	865
0	482
0	447
0	150
1	738
0	513
0	361
1	367
0	994
0	443
0	663
0	828
1	536
0	667
1	20
0	148
0	487
0	720
0	768
1	634
0	616
0	941
0	114
1	849
0	961
0	448
1	662
0	285
1	395
1	617
0	257
0	319
1	407
0	503
0	126
0	949
0	774
0	514
1	781
0	886
1	574
1	398
0	349
0	897
0	860
1	719
0	451
0	12
0	695
0	332
0	689
0	605
1	773
0	735
1	759
0	982
0	212
0	830
0	383
1	147
0	309
0	419
0	658
0	903
1	793
0	480
0	483
0	305
0	453
0	521
0	168
0	485
0	491
0	706
1	685
0	753
0	798
1	591
0	842
0	508
0	748
1	498
1	618
1	824
1	179
1	326
0	228
0	509
1	37
0	399
1	933
1	392
0	850
0	664
0	560
0	151
0	68
1	187
0	882
0	959
1	271
1	261
0	988
0	345
0	607
0	132
0	829
0	556
1	202
0	501
0	559
0	385
0	50
0	534
0	650
0	766
0	435
0	587
0	82
0	784
0	45
1	474
1	739
0	847
0	279
1	404
1	697
0	715
0	469
0	462
0	386
0	104
0	415
1	134
1	27
0	311
1	210
1	251
0	913
1	898
1	283
0	680
1	320
0	588
0	679
0	751
1	234
0	610
0	609
1	611
0	478
0	728
0	217
0	16
0	803
0	800
0	914
1	240
0	675
0	726
0	874
0	15
1	970
0	185
0	797
0	304
1	183
0	893
1	403
1	905
0	942
0	584
1	817
0	925
0	354
0	896
0	894
0	225
0	889
0	427
0	224
1	975
0	52
0	121
0	468
0	242
0	410
0	278
1	957
1	381
0	14
0	980
0	486
0	979
0	627
0	787
1	312
0	247
0	767
0	321
0	88
0	892
0	249
1	765
0	500
0	951
0	255
0	40
1	317
0	8
0	25
0	539
0	36
0	449
1	746
0	67
1	197
0	750
0	241
0	102
1	577
0	492
0	733
0	218
1	353
0	276
0	656
0	538
0	548
0	495
0	660
0	122
0	387
0	934
0	987
0	140
0	502
1	836
0	258
1	60
1	612
0	329
0	288
0	717
1	477
0	926
0	374
1	152
1	292
0	300
0	95
1	911
0	63
0	89
1	635
0	135
0	181
0	839
0	710
1	414
0	669
0	264
0	755
0	619
1	550
1	38
0	862
0	948
0	794
1	226
0	630
1	778
0	780
1	724
1	57
0	489
0	397
0	5
1	409
0	950
0	48
0	426
1	3
0	470
0	991
0	263
0	61
0	416
0	620
1	659
1	373
0	721
0	652
1	13
0	99
0	596
0	887
0	490
0	908
0	390
0	338
0	704
1	484
0	291
0	446
0	533
0	585
0	294
1	248
1	101
0	740
1	324
0	632
0	275
0	757
0	834
0	499
1	244
0	53
0	75
0	648
0	111
0	129
1	431
0	974
0	614
0	885
1	936
0	182
0	437
1	171
1	812
1	955
1	154
0	621
0	543
0	74