1	784
1	255
1	980
0	74
1	857
1	204
1	134
1	55
1	129
0	373
1	838
0	171
1	555
1	345
0	236
0	169
1	686
1	158
1	773
1	757
1	61
1	168
0	596
1	583
1	100
1	750
1	987
0	167
0	229
1	858
1	959
1	150
1	232
1	674
1	460
0	319
1	200
0	481
0	551
0	974
0	722
1	642
1	0
1	284
1	97
1	307
1	727
0	515
1	211
1	597
1	287
1	378
1	199
1	215
1	25
0	65
1	108
1	54
0	657
0	21
1	221
1	196
1	272
1	572
1	465
1	713
1	589
1	4
1	662
1	573
1	102
1	946
0	779
1	621
1	887
1	96
1	866
1	803
0	893
1	485
0	326
0	865
1	581
1	860
1	574
0	734
1	794
1	513
0	909
1	897
1	111
1	415
0	400
0	166
1	510
1	530
1	807
1	406
1	886
1	892
0	263
0	185
1	989
1	35
1	300
1	641
1	906
1	804
1	280
0	759
1	819
0	154
1	138
0	70
1	256
1	539
1	250
1	522
0	832
1	249
1	334
1	411
1	376
1	990
1	247
1	105
1	541
0	191
1	379
1	839
1	24
1	464
1	506
0	369
1	677
0	746
1	847
1	999
1	962
0	965
0	480
1	559
1	269
1	42
0	274
1	685
1	856
1	988
0	432
1	817
1	433
0	347
1	321
1	318
1	629
1	570
1	618
1	879
1	395
1	781
0	725
1	630
1	133
1	246
1	944
1	549
1	163
0	793
1	764
1	708
1	949
1	333
1	566
1	777
1	356
0	484
1	993
0	482
0	270
0	571
0	173
1	762
1	175
0	352
1	924
1	693
1	344
0	800
0	715
1	82
1	453
1	900
1	380
1	383
1	952
1	488
1	664
1	689
1	48
1	145
1	874
1	940
1	902
1	844
1	295
1	635
1	881
1	178
0	796
1	954
1	885
0	436
1	14
0	616
0	615
1	639
1	951
1	311
0	998
0	471
0	918
1	840
0	385
1	34
0	695
1	792
1	976
0	877
1	456
0	340
1	502
1	483
0	8
1	680
1	244
1	188
1	600
1	672
1	177
1	604
1	508
1	648
1	95
1	933
1	907
1	397
1	620
1	736
1	153
1	525
1	367
1	503
1	320
1	501
1	896
1	7
0	514
1	956
1	721
1	742
1	202
1	285
1	724
0	934
1	461
1	901
1	852
0	203
1	278
1	705
1	187
0	864
1	6
1	771
1	619
1	3
1	861
1	292
1	402
0	884
0	942
0	418
1	425
0	266
1	521
0	327
1	81
0	277
0	916
1	955
1	92
1	700
1	748
1	644
1	809
0	289
1	698
1	586
1	427
1	995
1	241
1	923
0	463
0	207
1	913
1	19
1	148
1	155
0	16
1	132
0	718
1	651
0	690
1	419
0	162
1	28
1	867
1	985
0	493
1	341
1	37
1	626
1	262
1	363
1	694
1	547
1	854
1	770
0	982
0	767
1	314
1	569
0	527
0	669
1	930
1	837
1	66
1	371
1	267
1	585
1	688
1	754
0	40
1	156
0	50
0	926
1	966
0	575
1	729
1	346
1	797
1	174
1	743
1	38
1	825
0	470
1	117
1	749
1	831
1	403
1	603
1	935
1	323
1	542
1	780
0	201
1	63
1	911
1	410
0	908
1	859
1	131
1	386
1	552
1	473
0	649
1	588
1	863
1	409
1	43
1	880
1	301
0	60
0	533
1	997
1	71
1	798
0	720
1	932
0	392
1	64
1	666
0	671
0	716
1	235
0	144
1	225
1	528
1	894
1	775
1	891
1	238
1	617
1	824
1	332
1	969
1	650
1	578
1	670
1	968
0	68
1	195
1	878
1	613
1	240
0	467
1	625
0	898
0	526
1	841
1	338
1	353
0	870
0	85
1	977
1	507
0	855
1	801
1	136
1	835
1	293
1	72
1	401
1	176
1	398
0	93
1	996
1	104
0	788
1	668
1	984
0	36
1	159
1	124
0	396
0	730
1	308
1	592
1	704
1	437
1	214
1	627
1	872
1	875
0	765
1	531
1	78
1	313
0	107
1	564
1	224
0	633
0	943
1	744
1	673
0	964
1	683
1	810
1	605
1	27
1	702
0	576
1	89
1	546
0	827
1	443
1	414
1	328
0	137
1	931
1	421
1	822
1	895
0	271
0	91
0	366
1	290
1	258
1	381
1	317
1	912
1	655
1	49
1	2
1	830
0	422
1	260
1	665
1	970
1	213
0	577
1	518
0	511
1	336
1	283
0	733
0	87
1	986
0	953
1	254
1	806
0	478
1	536
1	638
1	712
1	805
1	393
1	634
1	44
1	288
1	184
1	538
0	179
0	186
1	374
1	413
1	282
0	919
1	590
1	228
1	903
1	774
1	711
0	439
0	335
1	264
1	18
1	828
1	853
1	799
0	13
1	325
0	520
1	869
0	405
1	888
1	434
1	675
0	580
0	233
1	462
1	786
1	5
1	46
1	109
1	495
0	351
1	165
1	622
1	656
0	73
1	316
0	291
0	268
0	276
1	337
1	322
1	553
1	737
0	684
1	687
1	230
1	83
1	180
1	498
1	920
1	331
0	209
1	329
1	732
0	829
1	157
1	273
1	57
1	821
0	598
1	407
1	848
0	599
1	251
0	915
1	361
1	358
0	122
1	226
1	558
0	763
0	981
1	497
1	741
0	79
1	170
1	667
1	135
1	190
0	868
1	315
1	723
1	408
1	31
0	210
0	499
0	681
0	659
1	245
1	941
1	524
0	198
0	889
1	118
0	69
1	423
1	237
1	751
1	560
1	372
1	682
1	516
1	286
1	194
1	761
0	257
1	537
1	114
1	532
1	489
1	123
1	701
1	299
1	431
1	126
1	661
1	813
1	758
0	29
1	223
1	947
1	490
1	469
1	611
1	98
0	445
1	17
1	783
0	846
0	812
1	910
1	719
1	548
1	529
1	849
1	305
1	772
1	845
1	364
1	905
1	593
1	973
1	399
1	387
0	294
1	349
1	182
0	945
1	883
1	631
1	359
1	375
0	697
1	355
0	458
1	882
0	591
0	438
0	755
1	342
1	778
0	192
1	444
0	115
0	802
1	440
0	808
0	550
1	430
1	234
1	696
1	130
1	769
1	512
1	992
0	978
0	216
1	23
1	160
1	141
1	404
1	110
1	450
0	26
1	610
1	52
1	643
0	304
1	579
0	183
1	850
1	382
1	540
1	816
1	768
1	56
1	127
1	459
0	455
0	94
1	15
1	487
1	927
0	231
1	146
1	652
1	745
1	242
1	151
0	88
1	420
0	20
0	391
1	876
1	357
1	833
1	103
1	739
1	142
1	820
1	181
1	726
0	451
1	243
1	377
0	429
1	101
0	59
1	394
1	281
1	709
1	963
1	654
0	86
1	261
1	602
1	504
1	309
0	703
0	32
0	76
1	595
1	388
1	519
1	565
0	306
0	152
1	239
1	39
0	948
1	660
1	298
1	523
0	937
1	360
1	112
1	119
0	389
1	608
0	330
1	206
1	424
0	362
1	658
1	75
1	917
0	77
1	259
1	491
1	636
1	365
1	33
1	607
1	624
0	782
0	51
0	53
0	731
0	1
1	699
1	958
0	632
1	125
1	47
1	967
0	961
1	275
1	582
1	253
1	58
1	811
1	663
1	312
1	494
0	222
1	416
0	818
0	248
1	457
1	606
1	714
1	426
1	609
0	994
1	557
0	476
1	500
1	227
0	197
0	587
0	752
0	505
1	640
0	279
1	468
1	535
1	219
0	442
1	67
1	143
1	991
0	447
1	826
1	925
0	594
1	815
1	441
1	348
1	862
1	972
1	843
0	785
1	343
1	728
0	554
1	435
0	417
1	740
1	9
1	706
0	496
0	486
0	836
1	735
1	368
0	62
0	776
1	99
1	710
1	567
1	303
1	218
1	957
1	628
0	475
1	679
1	534
1	220
1	466
1	983
1	390
1	851
1	428
0	950
1	904
1	790
0	193
1	834
1	113
1	121
1	612
1	676
1	914
1	814
1	717
0	871
1	302
0	22
1	543
1	265
1	760
1	873
1	84
1	189
0	90
1	149
0	339
1	678
1	544
1	252
1	412
1	979
1	120
0	139
1	561
1	370
0	172
1	106
0	899
1	10
1	938
1	707
1	12
1	41
0	787
0	45
0	11
1	789
1	452
1	691
1	208
1	454
1	921
0	646
0	645
1	922
1	474
0	116
1	30
1	354
0	140
0	164
1	310
1	212
0	584
1	80
1	449
1	296
1	753
1	492
1	350
1	205
0	795
1	517
1	738
1	960
0	128
1	647
1	637
0	568
1	448
1	623
1	936
0	823
1	766
1	384
1	842
0	975
1	756
1	161
1	556
1	928
1	324
1	791
0	479
1	446
1	929
1	971
1	692
1	890
0	653
1	509
1	747
1	477
1	614
1	472
1	601
1	147
1	545
1	939
1	562
1	217
1	563
1	297