0	782
0	489
0	807
1	467
0	763
0	607
0	706
0	553
1	177
1	676
1	894
1	898
1	949
0	993
1	497
1	474
1	529
1	406
1	800
0	874
1	754
1	61
1	710
1	546
1	801
0	517
0	189
1	696
1	297
1	620
1	974
1	659
1	542
1	266
1	72
1	983
0	45
0	1
1	672
1	393
1	838
1	6
0	851
0	487
0	384
0	778
1	613
0	634
1	581
1	726
1	574
1	730
1	129
0	369
1	126
1	52
1	954
1	707
0	123
1	29
1	116
1	431
1	746
0	816
1	63
1	514
1	7
0	689
0	256
1	464
1	252
1	151
1	796
1	743
1	588
0	645
1	165
1	387
1	967
1	62
1	938
1	585
1	86
1	813
0	394
1	694
1	375
0	847
1	951
0	502
1	405
1	181
0	441
1	404
1	758
1	309
0	834
1	81
1	684
1	320
1	916
1	981
1	544
1	733
1	249
0	210
1	132
1	960
0	240
1	745
1	870
1	382
1	836
0	468
0	569
1	668
1	395
0	318
1	71
1	257
1	261
1	790
0	925
1	5
0	507
1	226
1	786
1	425
0	829
1	881
1	175
0	311
1	246
1	835
0	140
1	78
1	28
1	185
1	776
1	299
1	24
0	568
1	390
1	545
1	95
1	217
1	510
1	725
1	402
0	499
1	956
1	381
1	861
0	139
1	283
1	683
1	520
1	935
1	873
1	440
1	120
1	523
1	632
1	825
1	100
1	564
1	812
1	260
1	565
1	891
1	420
1	247
1	771
1	991
1	693
0	173
1	741
0	321
1	718
1	810
1	962
1	111
0	340
1	883
1	275
1	58
1	968
0	200
1	15
1	530
1	986
1	418
1	350
0	685
1	795
1	248
1	552
1	285
1	345
1	535
1	914
1	527
1	992
1	244
1	857
1	789
0	770
0	262
1	133
1	740
1	480
1	429
1	408
1	997
1	878
1	592
1	399
1	688
1	661
1	250
1	346
1	232
1	531
1	877
1	326
1	84
0	424
0	609
1	721
1	958
1	422
1	617
1	625
1	332
1	793
1	308
0	358
1	401
1	828
1	473
1	714
1	180
1	905
1	339
1	941
1	310
0	447
0	765
1	432
0	711
1	626
1	88
1	767
1	820
0	732
1	700
0	47
1	586
1	928
1	872
1	209
1	598
1	917
1	121
1	461
1	118
1	597
0	457
1	122
1	352
1	335
1	566
1	846
1	349
1	296
1	616
1	889
0	708
1	680
0	817
0	896
1	547
1	697
0	748
0	235
1	136
1	641
1	289
1	736
0	104
1	809
1	452
1	572
1	37
1	927
0	932
1	316
1	876
1	562
1	987
1	584
1	470
1	286
1	411
0	56
0	969
1	80
1	134
1	380
1	160
1	540
1	939
1	534
1	114
0	35
1	13
0	330
0	744
1	301
1	784
1	587
1	40
1	775
1	458
1	699
1	366
1	148
1	866
0	892
1	945
1	17
1	143
1	966
1	317
1	926
1	30
1	853
1	811
1	187
1	169
0	599
1	12
1	33
1	31
1	669
1	97
1	923
1	379
0	662
1	135
1	490
1	666
0	671
0	179
1	324
1	211
1	670
1	243
0	471
1	157
1	164
1	887
1	664
1	323
1	823
1	4
1	419
1	183
1	781
1	543
1	777
1	105
0	46
1	976
0	158
0	357
0	282
1	658
1	334
0	400
1	303
1	385
1	101
0	715
1	213
0	761
0	376
0	904
1	716
1	484
1	677
0	302
1	511
1	39
0	141
1	855
0	518
1	18
1	970
1	255
1	199
1	600
1	513
1	901
0	942
1	102
1	831
1	679
1	558
1	220
1	650
1	348
0	284
1	701
1	818
1	434
0	573
1	844
0	41
0	214
1	216
1	475
1	912
0	67
1	506
1	929
1	576
1	980
1	639
1	279
1	239
0	651
1	263
1	57
1	278
1	601
1	839
1	362
1	964
1	112
1	223
1	532
1	769
1	292
1	478
1	612
1	186
1	559
1	455
1	11
0	504
1	635
0	496
0	579
0	922
1	842
0	963
1	863
1	233
1	865
1	952
1	106
1	628
1	77
1	500
0	984
1	536
1	344
1	342
1	153
1	433
1	885
0	512
0	34
1	204
1	995
0	60
1	205
1	463
1	959
1	327
0	907
1	575
1	68
1	563
0	353
1	875
1	271
1	755
1	549
1	64
1	934
0	347
1	178
0	899
1	386
1	589
1	119
1	757
1	273
1	98
1	93
1	103
0	36
0	176
1	619
0	241
1	766
1	792
1	909
1	648
1	146
1	848
0	526
0	681
1	649
1	331
1	860
0	615
1	466
1	138
1	556
1	388
1	479
0	218
0	955
1	87
1	516
1	571
1	85
1	270
1	421
1	738
1	16
0	890
1	221
1	636
0	137
0	840
1	170
1	973
1	797
1	391
1	561
1	850
1	76
0	481
0	864
1	819
1	96
0	448
1	652
0	110
1	774
1	606
0	336
0	377
0	508
1	259
1	337
1	453
1	785
1	90
1	742
0	333
1	163
1	361
1	712
1	53
1	551
1	618
1	231
1	555
1	501
1	449
1	341
0	293
1	94
1	493
1	724
1	360
1	191
0	288
1	957
0	663
1	355
1	212
1	930
1	933
0	560
1	372
1	313
1	43
1	703
1	19
1	604
1	412
0	403
1	719
0	482
1	773
0	747
0	788
1	124
1	306
1	307
0	982
1	723
0	780
1	130
1	269
1	867
1	567
1	948
1	695
1	2
1	131
1	74
1	902
1	608
1	48
0	22
0	14
1	988
0	159
0	450
1	633
1	519
0	343
0	704
0	155
1	410
1	682
1	735
1	936
1	629
1	79
1	989
0	577
1	23
1	206
1	75
1	673
1	674
1	409
1	219
1	201
1	227
0	525
1	961
0	582
0	709
0	415
0	59
1	999
1	859
0	3
0	977
1	505
0	996
1	647
0	833
1	438
1	483
1	304
1	492
1	548
1	274
1	858
0	594
1	192
1	722
1	953
1	460
1	351
0	994
1	322
1	886
1	446
1	921
1	476
0	657
1	950
0	751
1	251
0	756
0	195
1	413
1	265
1	814
1	42
0	624
1	528
0	893
1	49
1	203
1	675
0	623
1	82
1	713
1	83
0	768
1	230
1	762
1	193
1	915
1	144
0	879
1	477
1	242
1	32
1	656
1	368
0	373
1	750
0	644
1	145
1	630
1	196
1	300
1	830
1	182
1	268
0	753
1	638
1	171
1	267
0	109
1	764
1	975
1	862
1	91
1	803
1	44
1	154
1	407
1	142
0	258
0	906
1	678
0	127
1	392
1	0
0	614
1	698
1	328
0	168
1	557
1	356
1	827
1	65
1	882
0	849
1	550
0	128
1	944
1	779
1	454
1	837
0	895
0	228
0	486
1	538
1	845
1	888
1	603
0	367
1	427
1	593
0	445
1	979
1	325
1	456
1	978
1	728
1	281
1	852
0	731
0	498
1	760
1	472
0	521
0	643
0	824
0	998
1	9
1	806
0	254
1	364
1	50
1	642
1	931
1	911
1	653
0	869
1	264
1	522
1	611
1	465
1	329
1	799
1	276
0	363
1	459
1	222
0	229
1	280
1	298
1	880
0	253
1	370
1	428
0	602
0	443
1	225
0	752
0	821
1	918
0	396
0	965
1	237
1	25
1	596
1	161
0	509
1	115
1	38
1	436
1	783
1	737
0	167
0	152
1	21
1	554
0	51
1	374
1	655
1	919
1	908
1	903
1	174
1	444
1	125
1	583
0	808
1	900
1	156
1	660
1	238
0	147
0	791
1	913
1	319
0	727
1	524
1	197
1	943
0	985
1	435
0	884
1	654
1	66
1	937
1	590
1	73
1	315
1	868
0	691
1	627
1	972
0	215
0	804
1	54
0	113
1	291
1	686
1	26
0	20
1	940
1	622
1	236
1	687
0	794
0	224
1	69
1	389
1	537
1	717
1	469
1	354
1	702
0	488
1	423
1	495
1	692
0	359
1	398
1	117
1	272
0	591
0	198
0	430
1	107
1	734
1	437
1	70
1	89
1	841
1	338
1	749
0	314
1	667
1	990
1	690
1	485
1	580
1	55
1	705
1	462
0	414
1	188
0	383
1	208
1	166
0	494
0	207
1	491
1	92
1	99
1	190
0	533
1	371
0	920
0	843
0	245
1	856
1	365
1	720
0	27
1	162
0	312
1	8
1	646
1	802
1	631
1	277
1	416
1	172
0	910
1	295
1	397
0	621
1	194
1	202
1	897
0	442
1	637
1	290
1	439
0	287
0	947
1	739
1	451
1	578
0	924
1	426
0	729
1	539
1	971
1	826
1	822
1	832
1	946
1	640
1	854
1	417
1	595
0	503
1	798
1	108
1	515
0	150
1	294
1	610
1	305
1	149
1	378
0	815
1	605
1	184
1	665
1	234
1	805
1	10
0	772
1	541
0	759
1	787
1	871
0	570