1	670
1	262
0	542
1	737
1	33
0	228
0	840
0	58
1	409
1	307
1	97
0	314
1	642
1	997
0	399
1	721
1	65
0	192
0	548
0	443
1	173
1	653
1	558
1	397
0	609
0	352
0	402
0	894
1	43
0	919
1	568
1	236
1	87
1	586
1	376
1	326
1	324
1	244
1	538
1	150
1	385
1	354
1	204
1	416
0	822
1	264
1	76
1	596
1	463
1	688
1	449
0	293
0	732
0	129
1	628
1	640
1	915
1	148
1	406
1	169
1	619
0	355
0	754
0	724
1	861
1	218
1	592
0	597
0	571
0	343
1	231
1	910
1	803
0	495
1	940
1	185
1	510
0	145
1	194
1	673
0	846
1	749
1	291
1	646
1	614
1	237
1	261
1	412
1	146
1	99
1	555
0	991
1	338
0	130
1	778
0	317
1	151
1	774
1	565
1	327
0	570
1	330
1	283
1	889
0	383
1	38
1	838
1	723
0	395
1	699
1	550
0	971
1	789
1	925
1	95
1	821
1	134
0	954
0	193
0	164
1	451
1	888
1	394
1	86
1	334
0	46
1	671
1	104
0	7
0	284
1	175
1	410
1	806
0	832
1	160
1	103
0	60
1	438
1	877
1	124
1	220
0	48
1	423
1	496
1	883
1	585
1	286
1	434
0	801
1	779
1	967
1	606
1	424
1	200
1	201
1	777
0	984
1	906
0	494
1	400
0	953
1	881
1	181
1	481
0	998
1	133
1	408
1	53
1	977
0	332
1	429
0	85
0	947
0	422
1	444
1	188
1	288
0	710
0	165
1	246
1	19
1	812
1	856
1	252
1	569
1	25
1	582
0	269
1	230
1	943
1	626
1	77
0	141
1	874
1	10
1	761
0	920
1	248
1	232
0	240
0	905
1	323
1	243
0	823
1	986
1	158
1	935
0	208
1	21
0	475
1	875
1	808
0	274
0	272
1	182
1	303
1	305
1	694
1	196
1	168
1	89
1	583
0	520
1	683
1	788
1	847
1	675
1	662
1	321
1	769
0	952
0	301
0	184
1	504
1	90
1	15
1	559
1	295
0	344
1	637
0	197
0	575
0	603
0	81
1	227
1	318
1	759
1	522
1	743
1	955
0	275
0	213
1	983
1	59
1	579
1	106
1	593
1	621
1	618
1	186
0	957
1	143
1	419
1	820
1	829
1	100
1	660
1	848
1	442
1	350
1	959
0	712
1	564
1	849
1	40
1	515
0	612
1	372
0	426
0	921
1	556
0	439
1	441
1	364
1	693
0	285
0	524
0	289
1	223
0	393
1	219
1	887
0	532
1	427
1	477
1	27
0	448
1	591
1	963
0	242
1	446
1	125
1	691
0	649
1	476
0	234
1	35
0	602
1	899
1	581
1	744
1	329
1	379
1	513
1	611
1	668
1	651
1	471
1	309
1	942
1	845
1	353
0	966
1	155
1	54
1	666
1	374
1	834
1	431
1	860
1	458
1	526
1	325
1	68
1	641
0	667
1	852
1	366
0	270
0	454
1	367
0	135
0	483
1	37
0	132
1	485
0	799
1	432
0	212
1	686
1	665
1	482
1	217
1	61
1	716
1	521
1	340
1	30
1	465
0	136
1	757
1	347
1	468
1	386
1	551
0	505
0	604
1	91
1	474
1	503
1	73
1	934
1	251
1	260
1	956
1	750
1	311
0	161
1	461
1	706
1	924
1	580
0	279
1	839
1	857
1	308
1	545
1	71
1	462
1	885
0	203
1	546
1	607
1	560
0	790
1	18
1	978
1	445
1	720
1	862
0	108
1	844
1	297
1	469
0	404
1	14
1	663
1	968
1	66
1	509
0	615
1	375
1	755
1	625
1	389
0	623
0	772
1	972
1	172
0	600
1	428
1	70
1	719
0	975
0	578
1	950
0	537
1	617
1	282
1	112
0	345
0	298
1	958
1	907
1	430
0	572
1	636
1	796
1	277
0	96
1	5
1	487
0	855
1	359
1	294
1	41
1	728
0	992
1	3
1	199
0	281
1	588
1	944
0	631
0	23
1	902
0	266
1	704
1	202
1	835
1	945
1	825
1	748
0	946
1	886
0	198
1	174
1	648
1	123
0	745
1	57
1	974
0	249
1	159
0	985
0	684
1	489
0	508
1	187
1	539
1	819
0	866
1	730
0	643
0	630
1	989
1	351
1	793
1	740
1	500
1	903
1	756
1	923
1	498
1	892
1	425
1	787
0	518
1	362
1	645
0	290
1	576
1	918
0	17
1	452
1	49
1	562
0	780
0	936
1	632
1	138
1	195
1	996
0	378
1	876
1	171
1	795
1	436
1	304
1	999
0	605
1	969
1	733
1	850
1	310
1	544
1	113
0	685
1	464
1	884
1	824
1	786
1	552
1	644
1	361
0	224
1	973
1	768
1	842
1	567
1	370
0	898
1	647
1	709
1	851
1	951
0	506
1	620
0	931
1	369
0	51
1	656
1	473
1	818
1	703
1	154
0	328
1	833
0	654
1	682
1	484
0	460
1	990
1	610
0	962
1	798
0	914
1	655
1	523
1	497
1	527
0	773
1	533
1	932
1	405
1	177
0	363
1	178
1	225
1	67
1	78
1	702
1	530
0	590
1	44
1	815
0	826
0	776
0	371
1	276
1	259
1	837
1	970
0	365
1	122
1	292
0	676
0	650
1	470
1	514
1	127
0	639
1	440
1	153
0	105
1	34
0	561
1	300
1	638
1	55
1	333
0	380
1	939
1	56
1	170
1	183
1	216
1	63
1	22
1	827
1	167
1	698
1	490
1	501
0	722
0	381
1	98
1	804
0	677
1	467
1	900
1	189
1	613
0	725
0	255
0	75
1	635
1	83
0	980
1	895
1	781
0	800
0	727
0	12
0	79
1	554
0	566
0	680
0	45
1	747
1	543
1	705
1	39
0	341
1	995
0	271
0	867
0	765
0	828
0	830
1	783
0	634
1	206
1	110
1	864
1	411
1	657
0	813
1	536
1	47
1	608
1	433
1	214
1	872
1	306
1	356
1	791
0	599
0	335
1	121
0	687
1	82
1	455
0	736
1	437
1	622
0	707
1	624
1	854
1	4
1	587
0	930
0	807
1	949
0	708
1	109
1	93
1	690
1	870
1	478
1	241
1	961
1	731
0	809
1	115
1	911
1	652
1	111
1	215
1	1
0	229
0	717
1	499
0	472
0	72
1	377
1	880
1	382
1	601
1	563
1	491
1	531
1	909
1	519
1	420
1	664
1	233
1	713
1	320
1	816
0	163
0	739
1	767
1	817
1	459
0	414
0	36
1	574
1	633
0	466
1	348
0	144
1	118
1	557
1	988
1	456
0	948
1	453
0	696
1	152
0	16
1	209
0	126
1	42
1	858
1	658
1	128
1	84
1	979
1	741
1	912
1	873
0	802
1	941
1	511
1	119
1	679
1	965
1	811
1	987
0	162
0	771
0	190
1	52
1	267
0	794
1	879
0	287
1	278
0	322
1	179
1	24
1	50
1	319
1	681
0	176
1	734
1	29
1	435
1	760
1	584
1	853
0	517
1	718
1	929
1	547
1	901
1	904
1	928
1	221
1	933
1	805
1	742
1	738
1	541
0	331
1	360
0	926
1	415
1	316
1	479
0	701
0	80
1	149
1	313
1	868
1	859
1	689
1	417
1	549
1	938
0	882
1	595
0	20
1	250
1	107
0	659
1	120
1	299
1	315
1	752
0	280
1	937
1	116
0	695
1	692
1	142
1	418
1	140
1	13
1	843
1	896
1	26
1	373
1	396
1	312
1	726
1	871
0	131
1	235
0	296
1	147
0	257
1	714
0	891
0	64
0	226
1	766
0	770
1	863
0	893
0	890
1	697
1	263
1	384
1	258
1	729
1	488
1	525
1	897
1	254
1	401
0	964
1	841
1	516
1	238
0	180
0	447
1	337
1	627
1	388
1	239
1	392
1	9
1	594
1	207
0	339
1	28
1	927
1	810
1	211
0	589
1	814
1	735
1	960
1	994
0	480
1	573
1	763
1	2
0	346
1	403
0	775
0	535
1	94
1	869
1	507
1	88
0	273
0	256
1	785
1	486
0	390
1	598
1	358
0	982
1	629
0	758
1	797
1	502
0	268
1	391
1	0
1	916
1	407
0	114
1	102
1	457
1	245
1	672
1	540
1	166
1	222
1	764
1	981
1	528
1	247
0	751
1	836
1	674
1	387
0	357
1	205
0	265
0	137
1	661
1	336
0	753
0	908
1	69
0	865
0	62
1	976
1	711
1	792
1	210
0	616
1	342
1	492
1	529
1	669
1	8
0	450
1	553
1	253
1	577
0	746
0	421
1	156
1	157
0	139
1	534
1	6
1	398
1	913
1	715
1	512
1	917
1	922
1	762
1	368
1	678
0	993
1	784
0	32
1	117
1	191
1	31
0	493
1	878
0	101
1	302
1	349
0	74
0	782
1	11
1	831
1	92
0	413
1	700