0	119
0	147
1	118
0	105
0	107
0	116
0	180
0	197
0	176
1	100
1	184
0	128
0	189
0	146
0	142
0	130
1	162
0	103
0	155
0	129
0	151
0	164
0	195
0	106
0	173
0	127
0	154
0	140
0	182
0	153
0	156
1	178
0	135
0	139
0	193
0	132
0	109
0	152
1	121
1	168
0	169
0	161
0	125
0	158
0	166
0	196
0	172
0	150
0	160
0	167
0	159
0	117
0	144
0	137
1	145
0	112
0	110
0	126
0	134
1	183
0	131
0	185
0	133
1	101
1	149
0	148
0	177
0	187
0	171
0	102
0	120
0	186
1	170
0	179
0	104
1	141
0	198
0	124
0	143
0	111
0	191
0	181
0	192
1	157
0	163
0	108
1	136
1	194
1	114
0	199
0	175
0	188
0	138
0	123
0	115
0	190
0	165
0	122
0	113
1	174