0	160
0	150
0	179
1	198
0	120
0	105
0	161
0	110
0	164
1	194
1	197
0	100
1	138
1	118
1	126
0	107
0	103
1	127
1	145
0	102
0	189
0	169
0	139
0	132
0	133
0	192
1	104
0	129
1	163
0	156
0	170
0	122
0	151
0	152
0	191
0	190
0	146
0	165
0	199
0	171
0	167
0	180
1	174
0	134
0	137
0	116
0	182
0	181
1	125
0	196
0	159
0	177
1	178
0	193
1	130
1	114
0	124
0	131
0	147
0	184
1	117
0	148
1	143
0	121
0	175
0	128
0	111
0	162
0	106
0	188
0	187
1	112
0	135
1	115
1	142
0	158
0	109
0	119
0	108
0	153
0	166
1	176
0	168
0	155
0	183
0	186
1	141
0	101
0	154
1	140
0	136
0	144
0	172
0	149
0	173
0	113
1	185
0	195
0	123
0	157