1	103
0	148
0	146
1	154
0	118
0	100
0	194
1	177
1	185
0	113
0	155
0	107
1	149
0	122
1	158
0	123
0	128
1	180
1	162
1	124
0	109
0	142
0	110
1	175
0	116
0	196
0	102
0	186
0	188
1	143
0	132
0	161
1	160
1	167
0	163
1	108
1	115
0	147
0	120
0	193
1	192
0	133
1	137
1	178
0	101
0	190
1	150
0	159
1	179
0	138
0	126
1	199
0	189
0	195
0	157
0	164
0	117
0	174
0	105
0	197
0	191
1	184
0	141
0	135
1	168
0	134
0	145
0	171
1	176
1	139
0	183
0	165
0	153
0	144
0	104
1	129
0	198
1	127
0	106
1	173
0	114
1	169
0	140
1	187
0	125
0	156
0	136
0	172
0	151
0	182
0	166
0	130
0	112
0	131
0	152
0	119
1	170
0	111
0	121
0	181