1	159
1	103
1	134
1	119
0	131
1	193
0	195
1	161
1	171
0	101
1	144
1	138
1	188
1	185
1	133
1	118
1	115
0	174
1	196
0	147
0	113
0	169
1	139
1	112
1	190
1	156
1	100
1	194
0	164
0	154
1	123
1	121
0	184
1	132
1	129
1	107
1	187
1	162
1	106
1	189
0	181
1	137
0	191
1	110
1	116
0	182
1	167
1	135
0	104
1	197
1	140
1	172
1	170
1	102
0	163
1	186
1	177
1	130
1	199
1	117
1	128
1	105
0	168
1	143
1	148
1	124
1	145
0	192
0	173
0	142
1	127
1	146
0	157
0	183
0	152
1	141
1	158
1	176
1	136
1	175
1	178
0	198
1	109
1	151
1	165
0	180
0	108
0	179
1	149
1	111
1	114
1	125
1	150
1	155
1	166
1	160
1	153
1	122
1	120
0	126