0	163
0	197
0	129
0	172
1	174
0	169
0	198
0	153
1	161
1	140
1	145
0	120
0	162
0	125
1	144
0	181
1	164
1	195
1	106
1	192
0	142
1	119
0	168
1	147
0	110
0	157
1	123
1	184
1	100
0	124
0	122
0	180
0	103
1	177
1	101
1	108
0	156
1	112
0	196
0	115
0	167
0	190
1	150
1	132
0	182
0	193
0	127
1	130
1	141
1	179
0	165
1	199
1	138
1	137
1	178
0	160
1	114
1	148
1	146
1	104
1	176
0	131
0	194
1	189
1	121
1	118
0	155
1	173
1	151
0	166
1	126
1	117
0	152
1	111
0	135
1	149
0	183
0	159
1	113
1	191
1	102
1	105
0	158
0	187
1	186
1	170
1	128
1	109
0	134
1	188
1	175
0	143
1	154
1	107
1	136
1	171
1	139
0	133
1	185
1	116