1	108
0	121
1	169
1	128
1	115
1	194
0	147
1	156
1	126
1	161
0	101
0	152
0	134
1	138
1	145
0	111
1	190
1	103
0	133
1	131
0	114
1	136
1	171
1	192
1	178
1	167
1	124
1	189
0	139
1	176
1	106
1	154
1	150
1	132
1	199
1	119
1	113
1	175
1	158
1	117
1	168
1	198
1	151
1	123
1	135
1	153
1	130
1	191
1	104
1	188
1	172
1	142
1	146
1	144
0	159
1	140
1	110
1	193
1	162
1	129
0	170
1	195
1	180
0	196
1	127
1	116
1	125
1	148
1	166
1	102
1	182
1	137
1	163
1	112
1	141
1	120
1	107
1	122
1	177
0	118
1	186
1	174
1	197
1	181
1	100
1	105
0	165
1	149
1	157
0	109
1	183
1	155
1	179
1	184
1	143
1	164
1	160
1	173
1	187
1	185