0	173
0	180
0	148
0	196
0	107
0	143
0	135
1	146
0	138
1	190
0	181
0	117
0	133
1	188
0	126
1	195
1	185
0	137
0	183
0	159
0	172
0	123
1	168
0	115
0	145
1	193
0	144
0	102
0	132
1	161
1	111
1	104
0	136
1	112
1	192
1	121
0	130
1	169
0	151
0	122
1	153
0	140
0	108
0	163
0	165
0	116
0	156
1	199
1	141
1	194
0	139
0	106
0	166
0	134
1	178
0	119
1	170
0	147
1	152
0	160
0	129
1	110
1	120
1	198
0	114
1	189
0	149
1	103
1	131
1	150
0	157
0	127
1	176
1	177
0	175
0	125
1	191
0	174
1	171
0	100
0	124
1	158
1	187
0	154
0	142
0	184
0	155
1	164
0	162
0	105
0	109
0	182
0	113
0	128
1	179
1	197
0	101
1	167
0	118
0	186