1	177
0	162
1	147
1	172
0	169
1	156
0	143
0	199
0	111
0	181
0	139
1	175
0	186
0	179
0	183
0	167
0	113
0	102
1	155
0	178
1	176
0	154
1	194
0	137
0	126
0	150
0	107
1	197
1	130
0	131
0	138
1	191
0	109
1	170
0	132
0	114
1	166
0	145
0	116
0	123
0	105
1	187
1	115
1	100
1	119
0	103
0	106
0	158
0	128
0	104
0	159
0	133
0	120
1	125
1	148
1	195
0	196
0	146
1	192
1	193
1	198
0	124
1	185
0	153
1	188
0	171
0	160
1	122
1	142
0	121
1	108
0	101
0	140
1	163
1	182
0	144
0	110
1	157
1	135
0	168
0	190
1	180
1	129
1	189
0	127
0	141
0	165
0	174
0	151
1	117
0	136
0	152
1	112
0	173
0	149
0	184
0	164
1	161
0	134
0	118