0	124
1	121
0	156
0	136
0	137
1	149
0	125
0	113
1	181
1	115
1	192
0	185
0	120
0	194
0	166
0	170
1	190
1	145
0	141
0	103
0	147
0	119
0	144
1	199
1	171
0	109
0	110
0	188
0	182
0	134
0	152
1	151
0	161
0	198
0	100
0	111
0	142
0	112
0	189
0	135
1	196
0	175
0	172
0	122
0	177
0	128
1	153
0	195
0	165
0	123
0	143
1	108
1	107
1	164
1	174
0	127
0	133
0	130
0	140
0	148
1	118
0	157
0	160
0	106
0	191
0	131
1	167
1	173
0	193
0	105
1	179
0	154
1	180
1	162
0	150
0	102
0	114
0	197
1	168
0	129
0	155
0	146
1	101
1	178
1	158
0	117
1	163
1	187
1	159
0	132
0	176
0	126
0	104
1	169
0	183
1	184
0	138
0	139
0	186
0	116