0	151
0	143
1	129
0	180
0	137
0	142
0	169
0	134
0	191
0	141
1	193
0	192
0	138
0	121
1	144
0	158
1	160
0	126
0	199
0	157
0	170
0	131
0	104
0	173
0	101
1	130
0	109
1	178
1	167
0	117
1	115
0	183
0	128
1	189
1	165
0	153
1	171
0	132
0	108
1	175
0	194
0	162
1	102
1	152
0	116
0	123
1	140
0	114
1	163
0	154
1	145
0	133
0	120
1	155
0	185
0	112
0	110
1	166
1	124
1	186
1	125
0	136
1	197
1	164
1	148
1	172
1	168
0	177
0	190
1	161
0	135
0	106
0	107
0	179
0	195
0	198
0	119
0	111
0	100
0	113
1	188
0	156
0	176
1	187
0	181
0	149
0	196
0	159
1	139
0	182
0	103
0	105
0	122
1	146
0	127
1	174
0	118
0	150
1	147
1	184