1	155
0	143
0	166
0	106
0	115
1	167
0	175
1	188
0	111
1	164
0	191
0	119
0	113
0	138
1	154
1	142
1	172
0	173
0	114
1	127
1	103
1	178
0	182
0	117
1	158
1	132
0	177
0	126
1	197
0	189
0	140
0	144
0	160
0	121
1	180
1	169
1	156
0	194
0	135
0	104
0	148
0	159
1	139
0	150
0	116
0	185
0	147
0	163
0	151
1	199
1	183
0	165
0	122
0	171
0	131
1	146
0	184
0	195
0	136
0	128
1	187
1	137
1	153
0	168
1	196
1	145
0	162
0	125
1	198
0	192
1	186
1	190
1	130
1	161
1	152
0	157
0	124
1	107
1	109
1	129
0	118
1	193
0	170
0	134
0	101
0	112
0	100
0	141
1	149
0	108
0	179
0	110
0	102
0	105
0	120
0	123
0	181
0	176
0	133
0	174