1	194
0	138
1	176
0	166
0	128
1	160
0	156
1	199
1	124
1	182
1	108
1	102
1	154
1	125
1	116
0	159
1	172
0	103
0	122
1	178
1	162
0	186
1	141
1	152
1	106
1	173
1	187
1	136
0	126
1	121
0	118
1	120
1	196
0	175
1	158
1	185
1	197
0	193
1	112
0	146
1	119
1	113
1	191
0	137
1	168
1	140
1	163
0	114
1	111
1	192
1	177
1	115
1	144
1	149
1	151
1	132
1	133
1	164
1	143
1	195
0	157
1	155
1	142
1	189
0	170
1	171
1	110
1	153
1	123
1	147
1	131
0	107
0	134
1	180
1	130
1	169
0	188
0	135
1	181
0	105
1	190
0	148
1	184
1	161
1	101
1	174
1	150
1	198
1	104
1	145
1	183
0	100
1	127
0	129
1	179
1	167
1	117
0	139
1	165
0	109