1	192
1	148
0	141
1	118
0	188
1	143
1	120
1	178
1	196
1	161
0	198
1	145
1	101
1	165
1	139
0	100
1	110
1	102
0	189
1	172
1	191
0	155
0	136
0	129
1	176
1	174
0	104
1	127
1	121
0	108
1	133
1	187
1	169
1	193
0	160
1	171
1	119
1	194
1	111
1	195
1	140
1	144
1	126
1	186
0	142
1	175
1	109
1	197
1	149
1	134
1	150
1	163
0	106
1	147
1	105
0	137
0	179
1	123
1	131
0	185
0	158
0	138
1	152
1	115
1	122
0	153
1	159
0	166
1	154
0	146
0	182
0	173
0	132
0	181
1	124
1	184
0	117
0	156
1	128
1	130
1	125
0	199
0	183
0	103
0	167
1	157
1	135
1	190
1	170
0	107
1	168
1	162
0	112
1	113
0	151
1	177
1	164
1	114
0	180
1	116