0	195
0	164
0	183
0	169
0	145
0	189
0	155
0	156
0	148
0	105
0	191
0	102
0	127
0	120
0	130
0	129
0	108
0	141
0	121
0	174
1	142
0	184
1	140
0	149
0	152
0	167
0	138
0	160
0	179
0	104
1	192
1	122
0	170
1	111
0	133
0	126
1	161
0	123
1	197
0	177
0	180
1	114
0	185
0	132
0	176
1	196
1	153
0	117
1	199
0	143
1	100
1	186
0	171
1	137
1	154
1	136
0	165
0	110
1	187
1	181
1	109
0	116
0	163
1	157
1	162
0	144
0	128
0	147
1	173
0	134
0	194
0	158
0	112
0	131
1	124
0	119
0	159
0	182
0	150
0	113
0	175
0	125
0	118
0	135
0	198
0	172
1	115
1	107
0	101
1	103
0	146
0	151
0	139
1	188
0	106
0	190
1	193
0	178
1	166
0	168