1	165
0	171
0	184
0	102
0	105
0	163
1	161
0	177
1	162
0	118
1	186
1	182
0	181
0	195
0	119
1	146
1	124
0	179
1	156
0	143
0	160
0	121
0	183
0	117
0	189
0	113
1	185
0	197
0	190
0	196
0	142
0	131
1	108
1	145
1	112
1	138
0	173
0	106
0	166
1	157
0	175
0	159
0	120
0	111
0	174
1	199
0	178
0	155
0	129
0	154
0	152
0	172
1	198
1	153
0	141
0	101
1	176
1	147
0	180
0	151
1	130
0	168
0	100
1	164
1	127
0	116
0	132
0	135
1	115
1	187
1	193
1	114
0	169
0	188
0	104
0	107
0	122
1	123
0	144
0	170
1	140
0	110
0	126
0	192
0	103
0	148
1	134
0	149
1	139
0	125
0	133
0	191
0	136
0	150
1	158
0	128
0	137
0	194
1	109
1	167