0	131
1	163
1	180
0	187
1	133
1	116
0	129
1	142
1	108
0	118
0	126
1	140
1	113
1	134
0	154
1	150
1	167
1	106
1	193
1	153
1	148
0	130
1	100
1	191
1	122
1	159
0	164
1	169
1	184
0	160
0	189
1	168
1	135
1	107
1	109
1	194
1	199
0	178
1	120
1	112
1	175
0	104
1	185
1	182
0	125
1	186
1	166
0	111
0	152
1	172
0	147
1	188
1	103
1	114
1	138
1	110
1	174
1	149
1	162
0	170
1	136
1	151
1	158
1	143
0	127
1	141
0	195
1	145
0	197
0	192
1	121
0	119
1	179
1	139
0	156
1	144
1	198
0	177
1	146
1	128
0	181
0	124
1	117
1	105
1	171
0	155
1	123
1	165
1	173
1	115
1	196
1	183
1	190
1	101
1	161
1	157
1	102
1	132
1	137
0	176