1	146
1	116
1	145
1	194
1	177
1	174
1	152
1	178
0	186
0	190
1	167
1	139
1	148
1	129
1	155
1	189
0	163
1	113
1	141
1	165
1	192
1	171
0	182
0	157
1	193
1	124
1	170
1	153
1	180
1	173
1	126
1	142
0	105
1	185
1	100
1	123
0	122
0	198
1	104
1	121
1	184
0	119
0	176
1	183
1	132
1	134
1	133
0	191
1	109
1	114
0	169
0	125
1	150
1	135
1	144
1	156
0	106
1	195
0	164
1	112
1	187
1	101
1	160
1	188
1	108
1	197
1	151
0	159
1	128
1	166
0	199
1	140
1	175
1	110
1	131
1	181
1	120
0	158
1	107
1	115
1	103
1	162
1	130
0	161
0	172
0	154
1	147
0	168
0	117
1	143
1	111
0	127
1	179
0	138
1	137
1	102
0	196
1	136
1	118
1	149