0	109
1	184
0	177
0	169
1	190
1	150
1	161
1	129
0	115
0	171
1	114
1	189
1	135
1	120
1	117
1	123
1	130
1	167
1	110
1	142
1	139
0	180
1	102
1	162
1	160
0	166
0	133
0	118
1	183
0	156
1	112
0	137
0	173
1	134
0	182
0	193
1	176
1	124
1	141
1	108
0	103
0	181
1	131
0	126
1	143
1	113
1	100
1	121
1	107
1	168
1	178
1	101
0	164
1	191
1	105
1	174
0	194
1	163
1	125
0	175
1	155
0	104
0	153
1	187
0	151
0	152
0	136
1	116
1	172
1	132
1	149
1	198
1	147
1	148
1	192
1	145
1	186
1	157
1	144
1	179
1	138
1	188
0	159
1	119
0	154
0	197
0	158
0	199
1	122
1	165
1	127
1	128
0	195
1	111
0	170
0	185
1	106
0	196
1	140
0	146