1	130
0	188
0	138
0	167
0	153
0	189
1	174
0	183
0	160
0	114
1	180
0	143
0	128
0	182
0	181
0	152
0	123
0	163
0	121
0	124
1	175
0	171
0	131
0	198
0	191
0	134
0	197
0	185
0	151
1	106
0	136
0	187
1	158
0	148
0	177
0	155
0	118
0	154
0	140
1	165
0	149
0	146
0	193
0	192
1	176
1	137
0	115
0	159
0	126
0	105
0	139
0	161
1	112
0	178
1	156
1	101
0	147
0	122
0	127
0	111
1	164
0	125
0	179
0	199
1	169
0	103
0	135
0	100
0	173
0	172
0	170
1	150
1	141
1	196
0	166
0	120
0	113
0	142
0	109
0	195
0	184
0	144
0	190
1	194
0	117
0	133
1	129
0	145
0	116
0	132
0	186
0	157
0	108
1	107
0	110
0	104
0	162
0	102
0	119
0	168