1	104
1	109
1	145
0	156
1	123
1	173
1	124
1	165
1	146
1	151
1	169
1	116
1	113
1	139
1	198
1	102
0	154
1	178
1	130
0	183
1	175
1	108
0	119
1	114
1	129
1	121
1	100
1	153
0	162
1	148
1	103
1	132
0	182
1	134
1	135
1	118
1	161
1	120
1	172
0	143
0	106
0	163
0	168
1	131
1	191
0	111
0	128
0	136
1	190
1	174
1	186
1	147
1	180
1	142
0	126
1	138
1	166
1	140
1	125
1	105
1	141
0	184
1	176
0	133
1	107
0	177
1	158
1	193
0	167
1	194
1	110
1	189
0	170
1	101
0	157
1	181
1	196
0	185
1	150
1	159
1	112
1	197
0	127
1	117
0	192
1	137
0	199
1	144
1	164
0	195
1	171
1	188
0	122
1	155
1	179
1	149
1	115
1	160
1	187
0	152