0	109
1	189
0	172
0	118
0	199
0	164
1	171
0	194
0	143
0	108
0	166
0	151
1	100
1	124
0	126
0	198
1	176
0	129
0	110
0	195
0	156
1	119
0	146
0	174
0	153
0	173
0	141
1	193
0	132
0	152
0	157
0	170
0	112
1	116
1	133
0	144
1	120
0	111
0	161
0	187
0	102
0	138
0	192
0	105
1	177
0	117
0	196
0	158
0	104
0	168
0	154
0	175
1	137
0	184
0	128
1	169
0	149
0	115
0	147
0	107
1	121
0	181
0	190
0	139
0	183
0	160
0	122
0	130
0	142
0	135
1	165
0	182
0	127
0	148
0	159
0	150
1	163
0	113
0	155
0	178
0	140
1	136
0	180
1	103
1	123
0	186
0	101
0	162
0	197
0	114
1	179
0	191
0	167
1	188
0	106
0	145
1	125
1	134
0	185
0	131