0	122
1	103
1	100
1	169
1	155
1	171
1	134
1	192
0	166
1	124
1	131
1	101
0	146
1	161
0	115
1	144
0	111
0	182
1	168
1	154
0	118
0	153
0	147
0	108
1	164
1	199
1	151
1	114
0	109
1	139
0	165
1	136
1	123
0	104
1	135
0	156
0	106
1	142
0	130
1	193
1	113
1	112
1	133
1	181
0	107
1	183
0	127
1	116
1	128
1	190
1	141
0	173
1	170
1	137
1	162
1	174
0	198
0	191
1	117
0	177
0	176
1	160
1	188
1	125
1	129
1	148
1	105
0	110
1	132
1	187
1	152
1	143
0	150
0	172
0	184
1	126
0	157
0	195
0	186
0	185
0	158
1	145
1	178
0	149
1	194
1	119
0	175
1	138
1	120
1	102
1	167
1	140
1	189
0	163
0	196
1	121
0	197
1	180
0	159
0	179