0	101
1	153
1	109
1	191
1	196
1	198
0	186
0	106
1	164
0	161
1	133
1	170
1	189
1	107
0	192
0	162
0	151
1	137
1	184
1	146
0	171
1	115
0	182
1	110
0	105
1	131
1	134
1	194
1	195
1	142
0	180
0	179
1	122
1	159
1	144
1	167
1	155
0	138
0	132
0	181
0	116
1	166
1	141
0	149
1	130
1	145
1	136
0	197
1	121
1	187
1	135
1	143
0	102
1	103
1	113
1	120
1	125
1	124
1	118
0	175
1	114
0	117
1	174
1	128
1	112
0	158
0	140
0	190
0	168
1	185
0	172
0	199
1	100
1	148
1	188
1	165
1	119
0	154
1	139
1	177
1	127
1	173
1	111
0	152
1	126
1	176
1	150
1	183
1	104
1	163
1	157
1	108
0	160
1	193
1	123
1	147
1	156
0	169
1	129
1	178