0	198
0	112
0	151
0	118
0	128
0	175
0	163
0	116
0	139
1	165
0	125
0	188
0	184
0	143
0	102
0	183
1	190
0	119
0	126
0	138
1	109
0	115
0	194
0	103
0	146
0	141
0	105
0	167
0	179
0	108
0	110
0	132
0	114
1	134
0	113
0	148
0	129
0	140
0	158
1	131
1	186
1	161
1	160
0	144
0	181
1	191
1	120
1	154
1	135
0	196
0	171
0	104
1	180
1	152
0	137
1	133
0	166
0	107
0	100
0	156
0	123
1	162
1	170
0	145
0	117
1	142
1	150
1	197
1	199
0	127
1	189
0	193
0	155
0	122
0	168
0	121
0	173
1	195
0	157
0	185
1	153
0	124
1	176
1	187
0	147
0	178
0	101
1	172
0	106
0	136
0	174
0	164
0	159
0	130
0	182
0	192
0	111
0	169
1	149
1	177