1	132
0	101
0	166
0	173
0	178
0	156
1	114
1	115
1	109
0	185
0	194
1	118
1	122
1	106
0	195
1	130
1	131
0	197
0	192
0	164
1	161
1	186
0	144
0	112
1	191
0	145
0	175
1	128
0	165
1	138
1	183
1	198
1	142
0	169
0	170
1	136
0	158
0	168
1	182
0	111
1	162
0	100
0	123
0	177
1	104
1	116
1	103
1	143
1	135
1	134
0	148
1	184
1	127
1	113
1	193
0	188
0	160
0	133
1	110
1	105
1	163
1	141
0	171
1	181
0	176
1	150
1	146
0	154
0	140
1	124
0	151
1	152
1	121
0	187
1	102
1	174
1	159
1	199
1	149
0	129
0	139
0	125
0	179
1	119
0	155
0	120
1	126
0	196
1	189
1	137
1	108
1	107
1	190
1	153
0	167
1	117
1	180
0	147
0	172
1	157