0	158
1	199
1	179
0	198
1	101
0	193
0	134
1	170
1	171
0	133
0	184
0	182
1	103
1	151
1	136
1	142
1	196
1	140
0	119
1	183
1	187
1	126
0	130
1	165
1	138
1	191
0	160
0	186
1	152
1	132
1	169
1	125
1	109
0	112
1	146
1	147
0	176
1	113
1	131
0	153
1	141
1	137
1	118
1	108
0	174
1	159
0	194
1	168
1	114
0	157
0	156
0	190
0	192
1	163
0	143
0	181
1	106
1	177
0	185
1	128
0	155
0	129
1	107
0	100
1	105
0	104
0	120
1	124
0	150
0	161
1	139
1	110
1	127
1	175
0	189
0	172
0	164
1	121
1	111
1	167
1	122
1	144
1	162
1	166
0	195
1	115
1	116
1	117
1	148
0	154
1	123
1	188
0	173
1	135
0	178
0	197
1	149
1	180
1	102
1	145