1	103
1	183
0	101
0	180
0	143
1	189
1	161
0	190
0	191
1	176
1	126
0	133
0	199
0	113
0	125
0	173
0	139
0	194
0	168
0	121
0	151
0	148
0	185
0	132
0	141
0	106
0	124
0	130
1	184
0	186
0	159
0	131
0	129
0	127
0	167
0	149
0	179
1	100
0	171
0	146
0	150
0	170
0	123
1	117
0	107
0	116
0	110
1	112
0	136
0	120
0	192
0	178
0	195
0	153
0	163
1	118
0	196
1	169
0	198
0	122
0	111
0	140
0	188
1	114
1	154
0	135
0	156
1	155
1	108
1	105
0	172
1	109
0	187
0	119
0	128
1	144
0	175
0	138
1	197
0	158
0	157
0	137
0	164
0	147
1	165
0	115
1	142
0	104
0	162
0	174
0	181
0	145
1	166
1	102
0	152
1	182
0	193
0	134
0	177
0	160