1	164
1	139
1	171
1	185
1	108
1	176
0	168
1	106
1	114
1	119
1	101
0	177
1	165
1	127
1	125
0	152
1	174
1	161
1	110
1	118
1	130
0	178
1	181
1	146
1	170
0	147
1	145
0	183
1	163
0	124
1	113
0	138
1	154
1	167
1	105
1	198
1	186
1	180
0	175
1	143
1	111
1	142
1	135
1	141
1	128
1	199
1	169
1	193
1	166
0	182
1	155
1	100
1	190
1	107
1	136
1	149
0	140
1	173
0	197
1	158
1	104
0	194
1	191
0	117
1	116
1	121
1	131
1	162
1	184
1	187
0	172
1	148
0	157
1	192
1	120
0	196
1	159
1	160
1	188
1	115
1	102
1	103
0	137
0	156
0	133
1	112
0	109
0	179
1	126
1	122
1	132
0	195
1	144
0	189
0	129
1	123
1	134
0	150
0	153
1	151