1	128
0	117
1	105
1	120
1	171
1	115
0	142
1	170
0	100
1	132
1	173
1	116
1	147
1	131
1	188
1	161
1	193
1	191
1	134
1	178
1	112
1	186
1	143
1	129
1	110
1	164
1	158
1	192
1	150
0	175
0	140
1	179
0	154
1	153
1	156
1	126
1	122
1	185
0	145
1	137
0	152
1	146
1	198
1	162
1	108
0	138
0	190
1	159
1	136
1	125
1	174
0	109
1	127
1	155
1	196
0	151
0	111
1	187
1	133
1	165
1	107
1	113
1	168
0	114
1	184
0	172
1	163
1	130
1	149
1	180
1	181
1	135
0	197
1	169
0	118
1	182
1	144
0	160
1	194
1	157
1	199
1	103
1	101
1	102
1	139
1	148
1	141
1	195
1	177
0	166
0	123
1	119
1	189
1	104
0	106
1	167
1	176
1	124
1	183
1	121