1	179
1	184
0	135
0	127
0	196
1	115
0	152
1	141
0	154
1	137
1	136
0	105
0	180
0	118
0	173
0	116
0	109
0	165
0	172
1	177
0	112
0	195
0	106
0	199
0	162
0	142
0	123
0	139
0	178
0	122
0	107
1	108
1	119
0	131
0	188
1	111
0	110
0	176
0	129
0	148
1	143
1	151
0	103
0	120
0	138
0	155
0	181
0	140
1	128
0	159
0	161
1	185
1	166
1	169
0	174
0	117
0	193
0	197
1	121
0	153
1	198
0	146
0	182
0	149
0	100
0	191
0	132
0	190
0	113
0	194
0	164
0	163
0	168
0	150
0	130
0	125
1	186
0	171
1	145
0	104
0	183
1	133
1	101
1	160
1	175
0	157
0	114
0	124
0	189
0	187
0	102
0	192
0	144
1	158
0	167
0	147
1	134
0	170
0	126
0	156