1	101
0	173
1	181
1	135
0	180
0	189
1	126
1	177
1	192
1	185
1	139
1	109
0	131
0	187
0	130
0	174
1	196
1	136
1	124
1	120
1	134
1	176
1	108
1	111
1	193
1	144
1	198
1	133
1	160
1	143
1	175
0	104
1	199
0	125
1	142
1	194
0	184
1	132
1	115
1	188
1	161
1	137
1	112
0	121
1	166
0	195
1	178
1	118
1	168
1	191
0	117
1	110
0	186
0	145
1	105
0	197
1	179
1	129
1	147
1	114
1	146
0	123
1	182
0	190
1	152
0	172
1	113
1	154
1	170
1	165
1	164
0	141
0	128
1	157
1	119
1	102
1	156
1	163
1	150
0	116
1	171
1	151
1	107
0	159
1	153
0	106
1	183
1	169
1	127
1	122
1	162
1	100
1	149
1	158
0	167
0	140
1	148
0	155
1	138
1	103