1	102
1	172
0	121
0	130
0	140
1	154
1	160
1	118
1	147
1	112
1	124
0	108
1	144
1	199
1	151
1	152
1	187
1	155
1	181
1	134
1	141
1	180
1	116
1	119
1	129
1	114
1	174
1	111
0	169
1	132
1	183
0	198
1	153
1	176
1	123
1	190
1	184
1	138
0	139
1	156
1	105
0	127
1	166
1	192
0	122
1	113
1	188
0	196
1	182
1	179
1	191
1	193
1	150
0	126
1	136
0	100
1	170
0	164
1	186
1	168
1	173
1	165
1	142
1	128
1	177
1	197
0	158
0	185
1	194
1	117
1	110
1	143
1	159
1	167
1	195
1	104
1	115
1	131
0	171
0	109
1	137
1	157
1	149
1	189
0	125
1	162
0	178
0	146
0	148
1	101
1	120
1	163
1	175
0	145
1	107
0	135
1	103
1	161
0	133
1	106