0	139
0	123
1	151
0	161
0	170
0	150
1	182
0	125
0	135
1	144
0	116
0	199
0	160
1	147
0	105
0	137
0	129
0	101
1	190
1	121
1	126
0	167
0	178
0	131
0	158
0	169
0	159
0	134
0	130
1	114
0	196
1	195
0	110
0	185
0	179
0	156
1	149
0	175
0	162
0	122
0	118
0	132
1	188
0	140
0	102
1	108
0	184
1	153
0	104
0	186
0	174
0	166
0	143
1	193
0	115
1	107
0	127
0	198
0	197
0	181
0	180
1	148
1	124
0	168
0	109
0	189
0	173
0	172
0	117
0	177
0	136
1	146
1	187
1	194
0	103
1	133
0	165
0	176
1	138
0	171
0	191
0	119
0	163
0	192
0	164
1	128
0	100
1	106
1	111
0	145
1	141
0	113
0	154
0	142
1	183
0	152
0	120
0	157
1	155
0	112