1	100
0	152
1	173
0	179
0	151
1	163
0	129
0	193
1	153
0	159
0	165
0	126
1	183
1	140
0	138
0	117
0	115
0	156
0	167
0	119
1	171
0	192
0	108
0	174
0	190
1	124
0	178
0	136
0	166
1	195
0	120
0	141
0	150
0	176
0	116
0	106
1	104
0	146
0	155
1	147
0	177
0	125
1	154
0	113
1	198
0	107
0	182
0	127
1	137
1	148
0	109
0	199
1	188
0	102
0	145
0	197
0	194
1	186
1	172
0	149
1	168
0	139
0	175
1	185
0	105
1	187
0	118
1	196
0	131
0	111
1	169
0	114
0	170
0	162
1	128
0	130
0	103
0	122
1	160
0	144
0	112
0	134
1	180
0	121
1	191
1	184
1	143
0	132
1	164
0	158
1	161
0	101
0	133
0	189
1	157
0	123
0	135
0	181
0	142
0	110