0	173
1	114
1	133
1	130
1	128
1	143
1	117
0	183
1	158
1	145
1	104
1	135
1	160
0	195
1	139
0	138
0	167
0	178
1	162
1	198
1	140
1	105
0	188
0	166
0	110
1	132
1	144
0	106
1	194
1	113
0	192
0	193
0	186
1	107
1	136
0	151
1	164
0	161
0	115
0	169
1	149
1	141
1	126
1	146
0	159
0	171
1	156
0	196
1	191
0	127
1	134
1	176
0	177
1	111
1	131
0	125
0	168
1	147
1	187
0	199
1	189
0	181
1	174
0	120
0	172
1	129
1	197
0	109
1	148
0	165
1	100
1	190
0	185
0	180
1	108
1	163
0	118
0	152
1	184
1	123
0	153
1	155
0	124
1	157
0	154
1	175
1	121
1	101
1	119
1	102
1	116
1	179
1	137
1	182
1	103
1	142
0	122
1	150
1	112
1	170