0	140
0	159
1	198
1	170
0	169
0	162
1	135
1	136
1	116
1	185
0	143
1	155
1	180
0	145
0	187
0	173
0	172
1	141
1	122
1	104
1	124
0	163
1	179
0	199
0	139
1	137
0	115
1	126
0	175
1	149
0	131
1	101
0	157
0	189
0	160
1	112
0	130
1	178
1	134
1	177
1	103
1	117
1	132
1	113
1	105
0	146
1	191
0	109
0	121
0	154
0	125
1	152
0	182
0	168
1	100
1	166
1	127
1	106
0	194
0	193
1	114
1	151
1	108
1	107
0	148
1	150
1	129
1	138
1	181
1	161
0	158
0	147
1	133
0	197
1	118
1	120
1	174
1	102
1	164
1	119
0	167
1	142
1	176
0	128
0	111
1	123
1	165
1	196
1	195
1	190
0	192
0	156
0	188
1	186
1	184
0	183
0	171
1	153
0	110
1	144