1	164
1	191
1	197
1	167
1	186
1	188
1	152
1	194
0	171
0	165
0	112
1	184
0	104
0	181
0	142
0	174
0	110
1	160
0	146
1	161
0	124
1	187
1	101
0	118
0	125
0	133
0	172
0	182
1	106
1	130
0	128
1	136
1	121
1	137
0	195
0	134
1	185
1	178
0	157
1	176
1	154
0	129
0	158
0	139
1	153
0	168
1	105
0	151
1	170
0	117
0	116
1	140
1	122
0	131
0	189
0	143
0	138
1	144
0	180
0	111
0	196
0	108
1	155
0	147
1	162
0	135
1	193
0	190
1	156
1	163
0	119
0	199
0	177
0	173
1	169
1	113
1	148
1	183
0	102
0	100
0	141
0	192
1	159
1	120
0	132
0	109
0	123
1	145
1	127
0	149
1	166
0	150
1	103
0	115
0	198
1	175
1	126
0	114
1	107
1	179