0	177
0	103
1	145
0	102
1	186
0	152
0	171
0	112
1	117
0	127
1	150
0	106
0	119
0	118
0	159
0	116
0	161
0	143
1	175
0	101
0	129
0	132
0	105
1	142
0	180
0	120
0	136
0	188
1	100
0	172
0	104
0	173
0	125
0	189
1	133
0	185
1	187
1	130
0	121
1	108
1	137
1	178
0	107
0	184
1	196
0	179
0	199
0	174
1	128
1	111
0	181
1	126
1	193
0	195
0	146
0	158
1	140
1	164
1	157
1	151
1	190
0	123
0	182
0	131
1	197
1	176
1	110
1	156
0	135
0	167
1	148
1	183
1	166
1	153
1	141
1	168
0	194
0	134
0	109
0	147
0	191
0	113
0	155
0	144
1	154
1	162
0	169
0	138
1	139
1	165
0	115
0	114
1	160
0	149
0	122
1	198
0	124
0	163
1	170
1	192