0	195
0	148
1	116
1	177
1	136
1	188
0	122
1	171
1	184
0	160
1	151
1	126
1	153
1	138
1	117
1	198
1	129
1	106
0	140
0	113
1	128
1	166
1	103
1	192
0	108
1	111
1	107
1	134
1	130
1	132
1	157
1	146
1	102
1	137
1	163
1	145
1	181
1	110
1	162
1	149
1	154
1	123
1	135
1	164
0	104
0	172
1	196
1	186
0	125
0	169
1	199
1	152
1	139
0	159
1	190
0	119
1	100
1	121
0	147
0	161
1	175
1	193
1	109
1	155
1	182
1	158
1	183
1	179
1	144
1	133
1	189
1	112
1	173
1	167
1	118
1	127
1	150
1	180
1	174
1	120
1	168
1	105
1	165
0	170
0	178
1	194
1	191
0	197
1	187
1	141
1	143
0	142
1	131
1	115
1	185
1	156
0	101
1	176
1	124
0	114