1	181
1	190
1	108
0	125
1	162
1	177
0	131
1	182
1	196
1	148
1	121
1	115
1	111
1	178
1	132
1	197
1	175
1	144
1	139
1	158
1	163
1	140
1	157
0	103
0	105
0	153
1	165
1	176
1	169
1	179
1	135
1	134
1	193
0	119
0	159
0	146
1	166
1	180
1	171
1	154
0	112
1	160
1	198
1	133
1	191
1	142
0	129
1	167
1	192
0	174
1	143
0	147
1	189
0	120
0	137
1	173
0	124
1	187
1	141
1	186
1	101
0	149
1	109
0	138
1	122
0	185
1	116
1	152
1	168
1	151
1	184
1	130
1	170
1	118
0	113
1	145
1	128
1	150
1	100
0	188
0	199
1	114
0	172
1	104
1	155
1	123
1	183
1	127
0	102
1	164
1	195
1	194
1	161
0	107
1	156
1	136
1	106
1	117
1	126
1	110