0	134
1	150
0	180
1	108
0	157
0	118
0	195
0	152
0	168
1	130
1	102
0	139
0	129
0	181
0	198
0	154
0	141
0	100
0	183
0	188
1	146
0	192
0	124
0	135
0	131
0	165
0	140
0	123
0	110
0	104
1	164
1	114
0	159
0	182
0	171
0	158
0	142
0	169
0	103
0	149
0	132
1	193
0	187
0	116
1	185
0	101
0	178
1	117
1	122
1	138
0	148
1	133
0	119
0	136
0	106
1	120
0	197
0	156
0	199
0	147
0	161
0	190
0	173
0	186
0	109
0	107
1	184
0	170
1	176
0	113
1	151
0	194
0	126
0	121
0	189
0	127
0	160
0	143
0	155
0	172
0	115
1	177
1	112
0	105
0	153
0	196
0	175
1	179
1	174
0	144
0	111
1	163
1	166
0	128
1	125
0	137
0	162
0	191
1	145
0	167