0	111
0	150
0	115
0	105
0	148
0	182
0	137
0	155
0	135
0	171
0	169
1	133
0	145
0	138
0	116
0	191
0	194
0	154
1	157
0	113
0	174
0	158
1	114
0	159
1	192
0	193
0	180
0	165
1	129
0	183
1	139
0	199
0	184
1	164
0	178
0	167
0	134
0	146
0	102
0	188
0	197
0	170
0	166
0	147
0	161
0	103
0	195
0	151
1	172
0	175
1	143
0	104
1	100
1	101
0	141
0	127
0	196
0	126
0	122
0	106
0	181
0	117
0	160
0	119
1	128
0	142
1	163
1	187
0	168
0	132
0	149
0	121
1	118
0	186
0	189
0	152
0	198
0	131
1	156
1	108
0	136
0	173
0	144
0	179
0	110
0	177
0	112
0	123
0	140
0	176
0	125
0	130
0	109
0	190
0	185
0	153
0	124
0	107
0	162
0	120