1	106
1	102
1	159
1	186
1	111
1	119
1	139
1	173
1	144
1	171
1	122
1	166
1	178
1	172
1	175
1	163
0	187
1	164
1	167
0	108
1	143
1	182
1	121
1	191
1	155
1	183
1	188
0	107
0	199
1	148
1	117
1	169
1	194
1	185
1	134
0	112
0	138
0	125
1	162
1	140
1	174
1	133
0	105
0	103
1	129
1	128
1	181
1	109
0	196
0	118
1	141
0	152
1	157
0	198
1	136
0	180
1	104
1	150
1	168
0	170
1	127
1	130
1	154
1	190
1	179
1	110
1	146
1	131
1	153
0	195
1	151
1	189
1	132
1	197
1	126
1	160
1	120
1	158
1	101
0	193
1	135
1	142
1	192
0	176
1	114
1	113
1	116
0	124
1	137
1	165
0	100
1	156
1	149
1	123
1	177
1	115
1	161
1	145
1	184
1	147