0	113
0	125
0	108
1	151
0	160
1	170
0	177
1	124
0	156
0	162
0	197
0	181
0	159
0	193
0	171
0	119
1	165
1	196
0	192
0	167
1	190
0	105
0	191
1	174
0	183
1	152
0	172
0	127
0	142
0	101
1	140
1	199
1	150
0	100
0	134
0	147
1	158
0	168
0	139
0	180
1	155
0	169
0	121
0	166
0	144
1	112
0	115
0	173
0	154
0	132
0	145
1	131
0	153
1	128
1	198
0	138
1	126
0	102
0	188
0	163
0	141
0	133
0	184
0	136
1	103
1	175
0	182
0	130
0	106
0	109
0	114
1	189
0	110
0	187
1	186
1	157
0	148
0	129
0	123
0	116
0	135
0	122
0	143
1	194
1	118
1	146
1	179
0	149
1	111
0	137
0	176
0	164
1	178
0	104
1	161
0	107
0	185
0	117
1	120
0	195