0	129
1	145
1	193
0	172
1	168
1	101
1	197
0	173
0	114
1	188
0	130
0	107
0	102
0	179
1	158
0	171
0	194
1	120
1	174
0	133
0	105
0	117
1	150
1	167
0	187
1	141
1	151
0	199
1	175
0	137
1	180
1	104
1	131
0	195
0	113
1	184
0	149
0	109
0	181
0	138
1	115
1	164
1	183
0	177
1	108
0	103
1	139
1	166
1	178
1	153
1	156
1	196
0	143
1	190
0	119
0	152
1	122
0	106
1	169
1	147
0	132
1	118
1	192
0	134
1	124
1	191
0	128
0	142
0	157
0	123
0	154
1	185
0	126
1	110
0	146
0	186
0	144
0	111
0	148
0	163
0	135
1	112
0	155
0	100
1	176
1	165
0	182
0	160
0	161
1	170
0	159
0	140
0	162
1	189
0	136
0	198
0	121
0	116
0	125
0	127