0	111
0	184
0	139
0	102
0	132
0	171
0	112
0	198
1	101
0	148
0	141
0	109
0	155
0	136
0	118
0	187
1	168
0	156
0	178
0	131
0	138
1	122
1	196
1	115
0	120
0	108
0	149
0	104
0	186
0	124
0	159
1	106
1	185
0	153
0	125
0	188
0	170
1	137
1	123
0	147
0	158
0	135
0	199
0	165
0	121
1	195
0	157
1	140
1	174
0	180
1	163
1	182
1	179
1	151
0	130
0	192
0	114
0	110
0	144
0	116
1	143
0	134
0	181
0	150
1	190
1	167
1	129
0	162
1	161
0	176
0	145
0	175
0	100
0	117
0	107
1	127
1	152
0	177
0	191
0	113
0	173
0	166
0	183
1	105
1	189
0	146
0	133
0	154
0	128
0	142
0	103
0	172
0	193
1	126
1	194
0	164
1	160
1	169
0	197
0	119