1	157
1	100
1	161
0	142
0	128
0	101
0	175
1	196
0	129
0	170
1	180
1	191
0	108
1	164
1	182
1	115
0	176
0	194
0	160
0	143
1	104
0	134
0	146
0	145
0	190
0	121
0	132
0	173
0	167
1	109
1	138
1	168
1	192
0	106
0	147
0	181
0	122
1	174
0	114
0	141
0	137
0	111
0	140
0	118
0	155
0	171
0	112
1	169
1	136
0	127
1	105
0	199
0	120
0	185
0	195
1	151
0	193
0	110
0	148
0	179
1	188
0	135
1	139
1	158
0	178
0	102
1	166
0	149
0	125
0	130
0	113
1	187
0	197
0	103
1	163
1	165
0	123
1	198
1	144
0	184
1	177
1	162
0	189
1	152
0	153
1	150
0	131
0	133
1	183
0	107
1	156
0	172
0	119
0	116
1	117
0	154
0	159
1	124
1	186
0	126