1	171
0	108
1	134
0	164
1	170
0	151
0	103
0	174
0	193
0	157
0	140
1	181
1	109
0	136
0	110
1	176
1	182
0	158
1	129
0	116
1	161
0	102
0	133
0	112
0	183
0	167
1	180
0	144
0	101
0	154
0	188
1	100
0	114
0	147
0	132
0	145
1	152
1	107
1	135
0	117
1	196
0	142
0	124
0	169
0	106
0	162
1	175
0	104
0	191
0	130
0	192
1	190
0	199
1	120
0	156
0	126
1	159
0	146
0	137
0	122
1	138
0	118
0	194
0	123
0	105
0	166
0	198
0	119
1	187
1	185
0	172
1	186
1	141
1	150
1	178
0	128
0	127
1	125
0	160
0	111
1	197
1	184
1	189
0	131
0	163
0	177
1	153
0	173
0	148
1	113
0	115
0	179
0	168
0	149
0	165
0	121
0	195
0	139
0	143
0	155