1	175
1	147
1	111
1	174
1	195
0	178
0	192
1	164
1	169
1	128
1	121
0	186
1	150
0	131
0	199
1	101
1	144
1	171
1	108
1	132
1	100
1	159
1	187
1	112
1	149
1	104
0	115
1	179
0	125
1	198
1	167
1	158
1	185
1	134
0	117
0	165
1	197
1	118
0	177
1	122
1	142
0	113
1	155
1	140
1	109
1	180
0	135
1	119
1	136
1	163
1	137
1	170
1	191
1	153
0	196
1	116
1	103
1	102
1	127
1	133
0	120
0	184
1	183
1	172
1	190
1	130
1	129
0	139
0	146
0	162
1	145
0	161
0	168
0	143
0	182
1	106
1	107
1	160
1	157
1	152
1	188
0	173
1	181
0	148
1	151
0	141
0	114
1	126
1	176
0	193
1	154
0	156
1	166
1	138
0	105
1	194
1	189
1	110
1	124
0	123