1	146
1	136
1	107
1	139
1	161
1	164
1	166
1	185
1	174
0	173
1	196
1	154
1	105
1	178
0	157
1	100
1	179
0	182
1	148
1	102
1	159
1	133
1	129
1	130
0	169
0	190
0	126
1	145
0	199
0	170
1	156
1	135
1	128
1	138
1	165
0	195
0	120
0	124
0	194
0	160
1	175
1	153
1	198
1	197
1	103
0	147
1	119
1	150
1	163
1	116
1	101
0	137
1	187
1	115
1	144
1	104
0	155
0	112
1	108
1	140
1	168
1	127
1	184
0	188
1	189
0	106
1	183
1	152
1	149
1	193
1	114
1	134
0	113
0	143
1	142
1	110
1	131
1	117
1	123
1	192
1	151
0	176
0	191
1	122
0	171
0	121
0	162
1	109
1	181
1	125
0	177
0	172
0	180
0	167
1	158
1	111
1	132
0	186
1	141
1	118