0	186
0	156
1	159
0	102
0	177
0	180
1	164
0	174
0	146
1	199
0	172
0	113
0	110
1	162
0	114
0	190
1	161
1	154
0	131
0	106
0	147
0	103
1	116
0	149
0	122
1	187
1	157
1	143
0	145
0	139
1	196
0	124
0	168
0	148
0	144
1	170
0	184
0	182
0	158
1	163
0	115
1	166
0	137
0	108
1	185
1	181
1	109
1	176
1	189
0	125
1	171
0	133
1	169
0	160
0	123
1	175
1	197
0	140
0	134
0	100
1	112
0	104
0	194
0	129
0	117
0	121
1	155
0	141
0	118
0	138
0	152
0	136
0	188
0	119
0	135
0	191
0	130
1	178
0	142
1	193
0	107
0	120
0	101
0	126
0	195
0	179
1	132
1	183
1	151
1	111
0	167
0	128
1	165
0	127
0	173
1	153
1	192
0	198
0	150
0	105