0	122
1	156
1	191
0	182
0	123
1	192
0	110
0	139
1	199
1	114
0	157
1	104
0	105
0	102
0	136
0	155
1	164
0	171
0	158
0	162
0	169
1	174
0	116
0	106
0	118
0	121
0	160
0	148
1	176
0	197
0	143
0	175
0	150
1	198
0	185
0	133
1	100
1	135
0	103
1	127
0	152
0	151
1	183
1	129
0	165
0	163
0	186
0	144
0	134
0	113
0	120
0	190
1	153
0	195
1	196
0	117
0	112
0	145
0	131
0	108
1	193
1	166
0	119
0	184
0	187
0	109
0	188
0	172
0	137
0	154
0	149
0	167
0	126
0	170
0	181
0	125
0	130
1	147
0	140
0	146
0	124
0	161
0	178
0	194
0	132
1	142
0	115
0	180
0	111
1	168
0	101
0	189
1	128
0	173
0	179
0	177
0	159
0	138
1	107
0	141