1	160
1	113
0	174
0	142
1	143
0	115
1	175
0	134
0	196
0	154
0	161
0	181
1	127
0	103
0	194
0	165
0	101
0	177
1	129
0	148
1	117
1	197
0	150
0	126
0	139
0	155
0	121
0	107
0	132
0	163
0	191
0	104
1	171
0	112
1	109
0	189
0	123
1	162
0	138
1	125
1	124
0	152
0	186
0	190
0	144
0	170
1	168
1	108
0	192
0	158
0	183
0	169
0	133
0	173
0	179
0	130
0	167
0	110
0	100
1	180
0	198
0	176
0	118
0	106
0	120
0	116
0	157
1	188
1	137
0	141
0	153
0	128
0	159
1	145
0	136
0	131
1	166
0	114
1	149
0	178
1	182
0	147
0	102
0	172
0	156
0	151
1	122
0	164
1	184
0	105
0	146
0	199
0	135
0	185
0	119
0	140
1	111
0	195
0	187
1	193