0	103
0	192
1	146
0	174
1	189
0	138
1	118
1	127
1	148
0	134
0	188
1	171
1	133
1	173
1	194
1	104
1	109
1	158
1	165
1	175
1	182
1	112
1	161
0	136
0	113
0	122
0	185
0	157
1	110
1	193
1	116
0	154
1	198
1	167
1	125
1	147
0	186
1	121
1	131
0	128
1	159
0	162
0	105
1	123
1	190
1	177
1	164
1	120
0	108
1	155
1	106
1	137
1	129
1	135
1	102
0	140
0	156
0	100
1	151
1	172
0	124
1	166
0	139
1	176
1	178
0	180
0	187
1	184
1	119
1	101
0	142
1	152
1	126
1	163
1	153
1	141
1	150
1	143
1	183
1	195
0	197
1	111
0	107
0	130
1	144
1	169
0	117
1	199
1	132
1	196
0	179
1	115
1	145
1	191
1	170
1	181
0	149
1	168
1	114
1	160