1	147
0	142
1	102
1	101
0	162
1	138
1	145
0	121
0	120
1	115
1	104
1	159
1	193
1	173
1	194
1	129
1	170
1	196
1	130
1	163
1	100
1	192
1	143
1	149
1	155
1	172
0	114
0	132
1	140
1	151
0	199
1	122
1	177
1	119
1	187
1	156
1	113
1	176
1	103
0	118
1	190
1	165
0	148
1	181
1	171
1	134
1	109
1	174
1	178
1	133
1	158
0	179
1	189
0	150
1	191
1	108
0	166
1	168
1	167
1	124
1	131
1	169
1	128
1	183
1	164
1	126
1	123
1	127
1	197
0	182
0	154
1	175
0	110
1	116
0	152
1	107
1	157
1	160
1	111
1	146
1	186
1	180
1	117
1	135
1	195
1	105
1	112
1	184
1	136
0	137
1	198
1	144
1	185
0	125
1	161
1	153
1	141
1	188
1	106
1	139