0	141
1	173
0	188
0	195
0	185
0	166
0	192
0	189
0	132
1	182
1	101
0	147
0	110
1	187
0	161
1	177
1	157
0	129
1	154
0	145
0	165
0	146
0	106
1	175
1	160
1	169
1	151
1	150
0	143
1	196
0	193
1	124
1	111
1	123
0	116
1	164
0	194
0	138
0	135
0	155
0	142
0	121
0	174
0	152
0	115
1	180
1	140
1	113
1	114
1	158
0	112
0	198
1	184
0	133
0	128
0	149
0	125
0	139
0	126
0	122
0	118
1	186
0	178
0	162
1	167
1	153
0	159
0	127
0	100
0	156
0	148
0	144
1	108
0	197
0	131
1	102
0	199
0	117
0	105
1	107
0	136
0	172
1	170
0	130
0	176
0	181
0	137
0	171
1	134
0	168
1	109
0	191
0	103
0	190
1	179
0	104
0	163
1	183
0	120
1	119