1	172
0	187
0	197
1	184
0	153
1	103
1	185
0	146
1	156
1	111
0	118
0	141
1	195
1	120
1	113
1	152
1	121
0	115
1	108
1	157
0	168
0	183
1	114
1	193
1	160
1	169
1	173
1	162
0	125
0	194
1	135
1	178
1	134
1	143
1	179
1	147
1	188
0	127
0	110
0	198
1	130
1	149
0	144
1	180
0	158
1	119
1	174
1	116
1	170
0	151
0	186
1	133
1	192
0	123
1	171
1	107
1	126
1	155
1	101
1	124
1	112
1	166
1	150
0	191
1	106
0	109
1	132
1	167
1	148
1	137
1	140
1	177
0	105
0	199
1	176
1	175
1	104
0	145
0	159
1	164
1	129
1	161
0	154
1	138
1	100
0	165
1	122
1	182
1	102
1	136
0	189
0	139
1	142
0	117
1	190
1	131
0	128
1	196
1	163
0	181