Number of Worker Pools: 1
Number of Workers in Pool 1: 1000
Original mean,standardDev for Pool 1: 4.000000,0.300000
Number of Workers in Pool 2: 1000
Original mean,standardDev for Pool 2: 3.500000,0.200000
Number of Problems: 1000
ProblemNo,Answer,TrueAnswer,Cost,Difficulty,TrueDifficulty
0,0,0,8.000000,0.900000,0.500000
1,0,0,7.000000,0.700000,0.500000
2,1,1,7.000000,0.800000,0.500000
3,0,0,4.000000,0.000000,0.500000
4,1,1,5.000000,0.400000,0.500000
5,1,0,6.000000,0.700000,0.500000
6,1,1,5.000000,0.400000,0.500000
7,1,1,5.000000,0.400000,0.500000
8,1,1,5.000000,0.400000,0.500000
9,1,1,5.000000,0.400000,0.500000
10,1,0,8.000000,0.900000,0.500000
11,0,0,11.000000,0.900000,0.500000
12,0,0,5.000000,0.400000,0.500000
13,0,0,5.000000,0.400000,0.500000
14,0,0,8.000000,0.800000,0.500000
15,0,0,5.000000,0.400000,0.500000
16,0,0,4.000000,0.000000,0.500000
17,1,1,8.000000,0.900000,0.500000
18,0,0,6.000000,0.700000,0.500000
19,1,0,8.000000,0.900000,0.500000
20,1,0,8.000000,0.800000,0.500000
21,0,0,5.000000,0.400000,0.500000
22,1,1,5.000000,0.400000,0.500000
23,0,0,5.000000,0.400000,0.500000
24,0,0,10.000000,0.900000,0.500000
25,0,0,5.000000,0.400000,0.500000
26,1,1,5.000000,0.400000,0.500000
27,1,1,6.000000,0.700000,0.500000
28,1,1,5.000000,0.400000,0.500000
29,0,0,6.000000,0.700000,0.500000
30,0,0,4.000000,0.000000,0.500000
31,0,0,5.000000,0.400000,0.500000
32,1,1,6.000000,0.700000,0.500000
33,0,0,4.000000,0.000000,0.500000
34,0,0,4.000000,0.000000,0.500000
35,0,0,4.000000,0.000000,0.500000
36,0,0,9.000000,0.900000,0.500000
37,1,1,5.000000,0.400000,0.500000
38,0,0,6.000000,0.700000,0.500000
39,0,0,7.000000,0.800000,0.500000
40,1,1,4.000000,0.000000,0.500000
41,0,0,5.000000,0.400000,0.500000
42,1,1,10.000000,0.900000,0.500000
43,0,0,5.000000,0.400000,0.500000
44,0,0,4.000000,0.000000,0.500000
45,1,1,9.000000,0.900000,0.500000
46,1,1,4.000000,0.000000,0.500000
47,0,0,5.000000,0.400000,0.500000
48,1,1,5.000000,0.400000,0.500000
49,1,1,7.000000,0.800000,0.500000
50,0,0,6.000000,0.700000,0.500000
51,1,1,4.000000,0.000000,0.500000
52,1,0,5.000000,0.400000,0.500000
53,0,0,5.000000,0.400000,0.500000
54,1,1,4.000000,0.000000,0.500000
55,1,0,14.000000,1.000000,0.500000
56,0,0,5.000000,0.400000,0.500000
57,0,0,6.000000,0.700000,0.500000
58,0,0,5.000000,0.400000,0.500000
59,0,0,5.000000,0.400000,0.500000
60,1,1,7.000000,0.700000,0.500000
61,0,0,4.000000,0.000000,0.500000
62,1,0,8.000000,0.800000,0.500000
63,0,0,5.000000,0.400000,0.500000
64,0,0,5.000000,0.400000,0.500000
65,0,0,4.000000,0.000000,0.500000
66,0,0,11.000000,1.000000,0.500000
67,0,1,8.000000,0.800000,0.500000
68,0,0,8.000000,0.800000,0.500000
69,0,0,6.000000,0.700000,0.500000
70,0,0,6.000000,0.700000,0.500000
71,1,1,5.000000,0.400000,0.500000
72,1,1,5.000000,0.400000,0.500000
73,1,1,5.000000,0.400000,0.500000
74,1,1,9.000000,0.900000,0.500000
75,0,0,6.000000,0.700000,0.500000
76,0,0,4.000000,0.000000,0.500000
77,0,0,6.000000,0.700000,0.500000
78,0,0,5.000000,0.400000,0.500000
79,1,1,5.000000,0.400000,0.500000
80,0,0,13.000000,1.000000,0.500000
81,1,1,4.000000,0.000000,0.500000
82,1,0,7.000000,0.900000,0.500000
83,1,1,5.000000,0.400000,0.500000
84,0,0,5.000000,0.400000,0.500000
85,1,1,6.000000,0.700000,0.500000
86,1,0,8.000000,0.900000,0.500000
87,0,0,4.000000,0.000000,0.500000
88,1,1,4.000000,0.000000,0.500000
89,0,0,5.000000,0.400000,0.500000
90,1,1,4.000000,0.000000,0.500000
91,0,0,6.000000,0.900000,0.500000
92,0,0,5.000000,0.400000,0.500000
93,0,0,4.000000,0.000000,0.500000
94,1,1,7.000000,0.700000,0.500000
95,0,0,5.000000,0.400000,0.500000
96,0,0,5.000000,0.400000,0.500000
97,0,0,7.000000,0.700000,0.500000
98,0,0,5.000000,0.400000,0.500000
99,0,0,5.000000,0.400000,0.500000
100,0,0,6.000000,0.700000,0.500000
101,0,0,6.000000,0.700000,0.500000
102,0,1,10.000000,0.900000,0.500000
103,0,0,5.000000,0.400000,0.500000
104,1,1,5.000000,0.400000,0.500000
105,1,1,5.000000,0.400000,0.500000
106,0,0,7.000000,0.700000,0.500000
107,1,1,9.000000,0.800000,0.500000
108,1,1,6.000000,0.700000,0.500000
109,1,0,8.000000,0.800000,0.500000
110,0,0,6.000000,0.700000,0.500000
111,0,0,5.000000,0.400000,0.500000
112,0,0,5.000000,0.400000,0.500000
113,1,0,7.000000,0.800000,0.500000
114,1,1,5.000000,0.400000,0.500000
115,0,0,5.000000,0.400000,0.500000
116,1,1,7.000000,0.800000,0.500000
117,1,1,4.000000,0.000000,0.500000
118,1,1,6.000000,0.700000,0.500000
119,1,1,5.000000,0.400000,0.500000
120,0,0,5.000000,0.400000,0.500000
121,0,0,5.000000,0.400000,0.500000
122,1,1,6.000000,0.900000,0.500000
123,1,1,5.000000,0.400000,0.500000
124,1,1,5.000000,0.400000,0.500000
125,0,0,4.000000,0.000000,0.500000
126,0,0,6.000000,0.700000,0.500000
127,0,1,6.000000,0.700000,0.500000
128,0,0,5.000000,0.400000,0.500000
129,1,1,4.000000,0.000000,0.500000
130,0,0,4.000000,0.000000,0.500000
131,0,0,5.000000,0.400000,0.500000
132,0,0,6.000000,0.700000,0.500000
133,1,0,6.000000,0.900000,0.500000
134,1,1,6.000000,0.700000,0.500000
135,1,1,5.000000,0.400000,0.500000
136,0,0,9.000000,0.900000,0.500000
137,0,0,6.000000,0.700000,0.500000
138,1,1,5.000000,0.400000,0.500000
139,1,1,5.000000,0.400000,0.500000
140,1,1,7.000000,0.700000,0.500000
141,0,0,5.000000,0.400000,0.500000
142,0,0,5.000000,0.400000,0.500000
143,1,1,4.000000,0.000000,0.500000
144,0,0,4.000000,0.000000,0.500000
145,1,1,6.000000,0.700000,0.500000
146,1,1,5.000000,0.400000,0.500000
147,0,0,4.000000,0.000000,0.500000
148,0,0,4.000000,0.000000,0.500000
149,1,1,4.000000,0.000000,0.500000
150,0,0,5.000000,0.400000,0.500000
151,0,0,6.000000,0.700000,0.500000
152,0,0,9.000000,0.900000,0.500000
153,1,1,8.000000,0.800000,0.500000
154,0,0,4.000000,0.000000,0.500000
155,1,1,4.000000,0.000000,0.500000
156,0,0,5.000000,0.400000,0.500000
157,1,1,5.000000,0.400000,0.500000
158,0,0,5.000000,0.400000,0.500000
159,0,0,4.000000,0.000000,0.500000
160,0,0,7.000000,0.700000,0.500000
161,1,1,5.000000,0.400000,0.500000
162,1,1,9.000000,0.900000,0.500000
163,0,0,5.000000,0.400000,0.500000
164,1,1,4.000000,0.000000,0.500000
165,1,1,4.000000,0.000000,0.500000
166,1,1,7.000000,0.800000,0.500000
167,0,0,5.000000,0.400000,0.500000
168,0,0,5.000000,0.400000,0.500000
169,0,1,6.000000,0.700000,0.500000
170,0,1,6.000000,0.700000,0.500000
171,0,0,4.000000,0.000000,0.500000
172,1,1,8.000000,0.900000,0.500000
173,0,0,5.000000,0.400000,0.500000
174,1,1,6.000000,0.700000,0.500000
175,1,1,13.000000,1.000000,0.500000
176,1,1,4.000000,0.000000,0.500000
177,1,0,8.000000,0.900000,0.500000
178,1,1,7.000000,0.700000,0.500000
179,0,0,10.000000,0.900000,0.500000
180,0,0,4.000000,0.000000,0.500000
181,1,1,7.000000,0.700000,0.500000
182,1,1,5.000000,0.400000,0.500000
183,0,1,6.000000,0.700000,0.500000
184,1,1,7.000000,0.700000,0.500000
185,0,0,9.000000,0.900000,0.500000
186,0,1,12.000000,1.000000,0.500000
187,1,1,4.000000,0.000000,0.500000
188,0,0,6.000000,0.700000,0.500000
189,1,1,4.000000,0.000000,0.500000
190,0,0,6.000000,0.700000,0.500000
191,0,0,6.000000,0.700000,0.500000
192,0,0,5.000000,0.400000,0.500000
193,1,1,5.000000,0.400000,0.500000
194,0,0,4.000000,0.000000,0.500000
195,0,1,6.000000,0.700000,0.500000
196,1,0,8.000000,0.800000,0.500000
197,1,1,8.000000,0.800000,0.500000
198,1,1,7.000000,0.800000,0.500000
199,0,0,10.000000,0.900000,0.500000
200,1,1,4.000000,0.000000,0.500000
201,1,1,4.000000,0.000000,0.500000
202,0,0,4.000000,0.000000,0.500000
203,1,0,11.000000,0.900000,0.500000
204,1,1,4.000000,0.000000,0.500000
205,1,1,4.000000,0.000000,0.500000
206,0,0,4.000000,0.000000,0.500000
207,1,1,5.000000,0.400000,0.500000
208,1,1,5.000000,0.400000,0.500000
209,1,1,10.000000,0.900000,0.500000
210,1,1,5.000000,0.400000,0.500000
211,0,0,7.000000,0.700000,0.500000
212,0,0,7.000000,0.700000,0.500000
213,1,1,5.000000,0.400000,0.500000
214,0,0,8.000000,0.900000,0.500000
215,1,1,4.000000,0.000000,0.500000
216,1,1,5.000000,0.400000,0.500000
217,0,0,4.000000,0.000000,0.500000
218,0,0,5.000000,0.400000,0.500000
219,0,0,5.000000,0.400000,0.500000
220,0,0,7.000000,0.700000,0.500000
221,0,0,4.000000,0.000000,0.500000
222,0,0,5.000000,0.400000,0.500000
223,0,0,4.000000,0.000000,0.500000
224,0,0,5.000000,0.400000,0.500000
225,1,1,6.000000,0.700000,0.500000
226,1,0,10.000000,0.900000,0.500000
227,1,0,8.000000,0.800000,0.500000
228,1,1,4.000000,0.000000,0.500000
229,1,1,4.000000,0.000000,0.500000
230,0,0,6.000000,0.700000,0.500000
231,0,0,7.000000,0.700000,0.500000
232,1,1,4.000000,0.000000,0.500000
233,1,0,5.000000,0.400000,0.500000
234,1,1,9.000000,1.000000,0.500000
235,1,1,7.000000,0.700000,0.500000
236,1,1,11.000000,0.900000,0.500000
237,1,0,8.000000,0.900000,0.500000
238,0,1,8.000000,0.900000,0.500000
239,1,1,5.000000,0.400000,0.500000
240,0,0,4.000000,0.000000,0.500000
241,1,1,5.000000,0.400000,0.500000
242,0,0,6.000000,0.700000,0.500000
243,0,0,7.000000,0.700000,0.500000
244,1,1,9.000000,0.900000,0.500000
245,1,1,4.000000,0.000000,0.500000
246,1,1,5.000000,0.400000,0.500000
247,0,0,8.000000,0.800000,0.500000
248,1,1,7.000000,0.800000,0.500000
249,1,1,5.000000,0.400000,0.500000
250,1,1,5.000000,0.400000,0.500000
251,0,0,4.000000,0.000000,0.500000
252,1,1,4.000000,0.000000,0.500000
253,0,0,4.000000,0.000000,0.500000
254,0,0,6.000000,0.700000,0.500000
255,1,1,5.000000,0.400000,0.500000
256,0,0,5.000000,0.400000,0.500000
257,1,1,4.000000,0.000000,0.500000
258,1,1,6.000000,0.700000,0.500000
259,0,0,7.000000,0.800000,0.500000
260,1,1,7.000000,0.700000,0.500000
261,1,1,5.000000,0.400000,0.500000
262,0,0,8.000000,0.800000,0.500000
263,1,1,4.000000,0.000000,0.500000
264,1,1,5.000000,0.400000,0.500000
265,0,0,4.000000,0.000000,0.500000
266,1,1,8.000000,0.800000,0.500000
267,0,0,7.000000,0.900000,0.500000
268,1,1,5.000000,0.400000,0.500000
269,0,0,5.000000,0.400000,0.500000
270,0,0,5.000000,0.400000,0.500000
271,0,0,4.000000,0.000000,0.500000
272,1,1,4.000000,0.000000,0.500000
273,1,1,5.000000,0.400000,0.500000
274,1,0,9.000000,0.900000,0.500000
275,1,1,7.000000,0.700000,0.500000
276,1,1,6.000000,0.700000,0.500000
277,0,0,4.000000,0.000000,0.500000
278,1,1,5.000000,0.400000,0.500000
279,1,1,4.000000,0.000000,0.500000
280,0,0,4.000000,0.000000,0.500000
281,1,1,5.000000,0.400000,0.500000
282,1,1,8.000000,0.800000,0.500000
283,1,1,4.000000,0.000000,0.500000
284,1,1,5.000000,0.400000,0.500000
285,0,0,12.000000,1.000000,0.500000
286,0,0,5.000000,0.400000,0.500000
287,0,1,10.000000,0.900000,0.500000
288,1,0,6.000000,0.700000,0.500000
289,0,0,4.000000,0.000000,0.500000
290,0,1,8.000000,0.800000,0.500000
291,0,0,4.000000,0.000000,0.500000
292,0,0,7.000000,0.700000,0.500000
293,1,1,4.000000,0.000000,0.500000
294,0,0,14.000000,0.900000,0.500000
295,0,0,4.000000,0.000000,0.500000
296,1,1,6.000000,0.700000,0.500000
297,1,1,4.000000,0.000000,0.500000
298,1,1,4.000000,0.000000,0.500000
299,1,0,7.000000,0.800000,0.500000
300,1,1,6.000000,0.700000,0.500000
301,1,1,4.000000,0.000000,0.500000
302,1,1,10.000000,0.900000,0.500000
303,1,1,4.000000,0.000000,0.500000
304,0,1,4.000000,0.000000,0.500000
305,1,1,8.000000,0.800000,0.500000
306,0,0,7.000000,0.700000,0.500000
307,0,0,7.000000,0.700000,0.500000
308,1,1,4.000000,0.000000,0.500000
309,0,0,5.000000,0.400000,0.500000
310,1,1,6.000000,0.700000,0.500000
311,0,0,4.000000,0.000000,0.500000
312,0,0,6.000000,0.700000,0.500000
313,1,1,11.000000,0.900000,0.500000
314,1,1,4.000000,0.000000,0.500000
315,1,1,5.000000,0.400000,0.500000
316,0,0,7.000000,0.900000,0.500000
317,0,0,5.000000,0.400000,0.500000
318,0,0,8.000000,0.800000,0.500000
319,0,0,5.000000,0.400000,0.500000
320,1,1,6.000000,0.700000,0.500000
321,1,1,5.000000,0.400000,0.500000
322,0,0,5.000000,0.400000,0.500000
323,1,1,4.000000,0.000000,0.500000
324,1,1,4.000000,0.000000,0.500000
325,1,1,5.000000,0.400000,0.500000
326,0,0,4.000000,0.000000,0.500000
327,0,0,6.000000,0.700000,0.500000
328,0,0,4.000000,0.000000,0.500000
329,1,1,6.000000,0.700000,0.500000
330,0,0,6.000000,0.700000,0.500000
331,1,1,6.000000,0.900000,0.500000
332,0,0,4.000000,0.000000,0.500000
333,0,0,6.000000,0.700000,0.500000
334,0,0,4.000000,0.000000,0.500000
335,0,0,5.000000,0.400000,0.500000
336,0,0,5.000000,0.400000,0.500000
337,0,0,5.000000,0.400000,0.500000
338,0,0,5.000000,0.400000,0.500000
339,0,1,6.000000,0.700000,0.500000
340,0,0,6.000000,0.700000,0.500000
341,1,1,10.000000,0.800000,0.500000
342,0,0,4.000000,0.000000,0.500000
343,1,1,4.000000,0.000000,0.500000
344,0,0,4.000000,0.000000,0.500000
345,0,0,8.000000,0.800000,0.500000
346,0,0,6.000000,0.700000,0.500000
347,1,1,5.000000,0.400000,0.500000
348,1,0,5.000000,0.400000,0.500000
349,1,0,4.000000,0.000000,0.500000
350,0,0,5.000000,0.400000,0.500000
351,1,1,8.000000,0.800000,0.500000
352,0,0,5.000000,0.400000,0.500000
353,0,0,4.000000,0.000000,0.500000
354,1,0,4.000000,0.000000,0.500000
355,1,1,4.000000,0.000000,0.500000
356,1,1,5.000000,0.400000,0.500000
357,1,1,4.000000,0.000000,0.500000
358,1,1,10.000000,0.900000,0.500000
359,1,1,4.000000,0.000000,0.500000
360,1,1,6.000000,0.700000,0.500000
361,1,0,6.000000,0.700000,0.500000
362,0,0,6.000000,0.700000,0.500000
363,0,0,6.000000,0.700000,0.500000
364,0,0,5.000000,0.400000,0.500000
365,1,1,4.000000,0.000000,0.500000
366,0,0,8.000000,0.800000,0.500000
367,1,1,6.000000,0.700000,0.500000
368,1,1,4.000000,0.000000,0.500000
369,0,0,5.000000,0.400000,0.500000
370,1,1,4.000000,0.000000,0.500000
371,1,1,7.000000,0.800000,0.500000
372,0,0,5.000000,0.400000,0.500000
373,0,0,5.000000,0.400000,0.500000
374,1,1,6.000000,0.700000,0.500000
375,1,1,7.000000,0.700000,0.500000
376,1,1,4.000000,0.000000,0.500000
377,0,0,4.000000,0.000000,0.500000
378,1,1,9.000000,0.900000,0.500000
379,0,0,5.000000,0.400000,0.500000
380,1,1,5.000000,0.400000,0.500000
381,0,0,5.000000,0.400000,0.500000
382,1,1,4.000000,0.000000,0.500000
383,1,1,6.000000,0.700000,0.500000
384,0,0,4.000000,0.000000,0.500000
385,1,1,8.000000,0.800000,0.500000
386,1,1,7.000000,0.700000,0.500000
387,0,0,5.000000,0.400000,0.500000
388,0,0,6.000000,0.700000,0.500000
389,1,1,5.000000,0.400000,0.500000
390,0,0,7.000000,0.700000,0.500000
391,0,0,4.000000,0.000000,0.500000
392,1,1,7.000000,0.700000,0.500000
393,0,0,10.000000,0.900000,0.500000
394,1,1,8.000000,0.800000,0.500000
395,0,0,6.000000,0.700000,0.500000
396,1,1,5.000000,0.400000,0.500000
397,1,1,8.000000,0.800000,0.500000
398,0,0,4.000000,0.000000,0.500000
399,1,1,4.000000,0.000000,0.500000
400,0,0,5.000000,0.400000,0.500000
401,0,0,6.000000,0.700000,0.500000
402,0,0,7.000000,0.700000,0.500000
403,1,1,4.000000,0.000000,0.500000
404,0,0,4.000000,0.000000,0.500000
405,1,0,6.000000,0.700000,0.500000
406,1,1,6.000000,0.700000,0.500000
407,0,0,5.000000,0.400000,0.500000
408,1,1,5.000000,0.400000,0.500000
409,1,1,4.000000,0.000000,0.500000
410,0,0,4.000000,0.000000,0.500000
411,0,0,4.000000,0.000000,0.500000
412,0,0,10.000000,0.900000,0.500000
413,0,0,8.000000,0.800000,0.500000
414,1,1,10.000000,0.900000,0.500000
415,1,1,8.000000,0.800000,0.500000
416,1,0,8.000000,0.900000,0.500000
417,0,0,5.000000,0.400000,0.500000
418,0,0,4.000000,0.000000,0.500000
419,0,0,4.000000,0.000000,0.500000
420,1,1,5.000000,0.400000,0.500000
421,0,0,5.000000,0.400000,0.500000
422,0,0,8.000000,0.800000,0.500000
423,0,0,4.000000,0.000000,0.500000
424,0,0,4.000000,0.000000,0.500000
425,0,0,6.000000,0.700000,0.500000
426,0,0,5.000000,0.400000,0.500000
427,1,1,5.000000,0.400000,0.500000
428,0,0,5.000000,0.400000,0.500000
429,0,0,5.000000,0.400000,0.500000
430,1,1,5.000000,0.400000,0.500000
431,1,1,5.000000,0.400000,0.500000
432,0,0,6.000000,0.700000,0.500000
433,1,1,4.000000,0.000000,0.500000
434,1,1,4.000000,0.000000,0.500000
435,1,1,12.000000,0.900000,0.500000
436,0,0,4.000000,0.000000,0.500000
437,0,0,6.000000,0.700000,0.500000
438,1,1,7.000000,0.700000,0.500000
439,0,0,4.000000,0.000000,0.500000
440,0,0,7.000000,0.900000,0.500000
441,0,0,9.000000,0.900000,0.500000
442,0,1,5.000000,0.400000,0.500000
443,0,0,4.000000,0.000000,0.500000
444,1,1,7.000000,0.700000,0.500000
445,1,1,5.000000,0.400000,0.500000
446,1,1,5.000000,0.400000,0.500000
447,0,0,6.000000,0.700000,0.500000
448,1,1,5.000000,0.400000,0.500000
449,1,1,4.000000,0.000000,0.500000
450,1,1,5.000000,0.400000,0.500000
451,1,1,6.000000,0.900000,0.500000
452,0,0,5.000000,0.400000,0.500000
453,1,1,5.000000,0.400000,0.500000
454,1,1,4.000000,0.000000,0.500000
455,1,1,4.000000,0.000000,0.500000
456,0,0,4.000000,0.000000,0.500000
457,0,0,6.000000,0.700000,0.500000
458,1,1,6.000000,0.700000,0.500000
459,1,1,4.000000,0.000000,0.500000
460,0,0,6.000000,0.700000,0.500000
461,1,1,5.000000,0.400000,0.500000
462,0,0,5.000000,0.400000,0.500000
463,0,0,8.000000,0.800000,0.500000
464,0,0,4.000000,0.000000,0.500000
465,1,1,4.000000,0.000000,0.500000
466,0,0,5.000000,0.400000,0.500000
467,1,1,5.000000,0.400000,0.500000
468,0,0,5.000000,0.400000,0.500000
469,1,1,7.000000,0.800000,0.500000
470,1,1,4.000000,0.000000,0.500000
471,1,1,6.000000,0.700000,0.500000
472,1,1,5.000000,0.400000,0.500000
473,1,1,5.000000,0.400000,0.500000
474,1,1,9.000000,0.900000,0.500000
475,0,0,4.000000,0.000000,0.500000
476,1,1,5.000000,0.400000,0.500000
477,0,1,6.000000,0.700000,0.500000
478,0,0,6.000000,0.700000,0.500000
479,0,0,6.000000,0.700000,0.500000
480,1,1,8.000000,0.800000,0.500000
481,1,1,6.000000,0.700000,0.500000
482,0,0,4.000000,0.000000,0.500000
483,1,1,4.000000,0.000000,0.500000
484,0,1,7.000000,0.800000,0.500000
485,0,0,5.000000,0.400000,0.500000
486,1,1,5.000000,0.400000,0.500000
487,1,1,5.000000,0.400000,0.500000
488,0,0,5.000000,0.400000,0.500000
489,0,0,7.000000,0.800000,0.500000
490,1,1,6.000000,0.700000,0.500000
491,0,0,4.000000,0.000000,0.500000
492,1,1,5.000000,0.400000,0.500000
493,0,0,10.000000,0.800000,0.500000
494,1,1,4.000000,0.000000,0.500000
495,0,0,5.000000,0.400000,0.500000
496,1,0,6.000000,0.700000,0.500000
497,1,1,6.000000,0.700000,0.500000
498,1,1,4.000000,0.000000,0.500000
499,1,1,9.000000,0.900000,0.500000
500,0,0,10.000000,0.900000,0.500000
501,1,1,6.000000,0.700000,0.500000
502,0,0,5.000000,0.400000,0.500000
503,0,0,5.000000,0.400000,0.500000
504,1,1,5.000000,0.400000,0.500000
505,1,1,5.000000,0.400000,0.500000
506,1,1,4.000000,0.000000,0.500000
507,0,0,6.000000,0.700000,0.500000
508,0,0,5.000000,0.400000,0.500000
509,1,1,4.000000,0.000000,0.500000
510,0,0,7.000000,0.700000,0.500000
511,0,0,7.000000,0.700000,0.500000
512,1,1,7.000000,0.700000,0.500000
513,0,0,6.000000,0.700000,0.500000
514,1,1,6.000000,0.700000,0.500000
515,1,1,5.000000,0.400000,0.500000
516,0,0,4.000000,0.000000,0.500000
517,0,0,4.000000,0.000000,0.500000
518,1,1,4.000000,0.000000,0.500000
519,1,1,4.000000,0.000000,0.500000
520,1,1,15.000000,1.000000,0.500000
521,0,0,4.000000,0.000000,0.500000
522,1,1,6.000000,0.700000,0.500000
523,0,0,8.000000,0.800000,0.500000
524,1,1,7.000000,0.700000,0.500000
525,1,1,8.000000,0.800000,0.500000
526,1,1,9.000000,0.900000,0.500000
527,1,1,5.000000,0.400000,0.500000
528,0,1,6.000000,0.900000,0.500000
529,1,1,5.000000,0.400000,0.500000
530,1,1,5.000000,0.400000,0.500000
531,1,1,4.000000,0.000000,0.500000
532,0,0,5.000000,0.400000,0.500000
533,0,0,5.000000,0.400000,0.500000
534,0,0,4.000000,0.000000,0.500000
535,1,1,9.000000,0.900000,0.500000
536,0,1,8.000000,0.800000,0.500000
537,0,0,5.000000,0.400000,0.500000
538,0,0,5.000000,0.400000,0.500000
539,0,0,7.000000,0.700000,0.500000
540,1,1,4.000000,0.000000,0.500000
541,0,0,4.000000,0.000000,0.500000
542,0,0,9.000000,0.900000,0.500000
543,1,1,5.000000,0.400000,0.500000
544,0,0,5.000000,0.400000,0.500000
545,0,0,7.000000,0.700000,0.500000
546,1,1,5.000000,0.400000,0.500000
547,1,1,4.000000,0.000000,0.500000
548,1,1,5.000000,0.400000,0.500000
549,1,1,7.000000,0.700000,0.500000
550,0,0,4.000000,0.000000,0.500000
551,1,0,5.000000,0.400000,0.500000
552,1,1,5.000000,0.400000,0.500000
553,0,0,8.000000,0.800000,0.500000
554,1,1,8.000000,0.600000,0.500000
555,1,1,4.000000,0.000000,0.500000
556,0,1,5.000000,0.400000,0.500000
557,1,1,5.000000,0.400000,0.500000
558,1,1,5.000000,0.400000,0.500000
559,1,1,6.000000,0.700000,0.500000
560,0,0,5.000000,0.400000,0.500000
561,0,0,4.000000,0.000000,0.500000
562,0,0,4.000000,0.000000,0.500000
563,0,0,8.000000,0.600000,0.500000
564,0,1,8.000000,0.900000,0.500000
565,1,1,5.000000,0.400000,0.500000
566,0,1,6.000000,0.700000,0.500000
567,0,0,5.000000,0.400000,0.500000
568,0,0,5.000000,0.400000,0.500000
569,0,0,4.000000,0.000000,0.500000
570,1,1,4.000000,0.000000,0.500000
571,0,0,5.000000,0.400000,0.500000
572,1,1,6.000000,0.700000,0.500000
573,0,0,5.000000,0.400000,0.500000
574,1,1,4.000000,0.000000,0.500000
575,0,0,4.000000,0.000000,0.500000
576,0,0,8.000000,0.800000,0.500000
577,0,0,4.000000,0.000000,0.500000
578,1,1,5.000000,0.400000,0.500000
579,0,0,4.000000,0.000000,0.500000
580,1,1,5.000000,0.400000,0.500000
581,0,0,4.000000,0.000000,0.500000
582,0,0,4.000000,0.000000,0.500000
583,0,0,9.000000,0.900000,0.500000
584,1,1,5.000000,0.400000,0.500000
585,1,1,4.000000,0.000000,0.500000
586,1,1,6.000000,0.700000,0.500000
587,0,0,5.000000,0.400000,0.500000
588,1,0,7.000000,0.700000,0.500000
589,1,1,5.000000,0.400000,0.500000
590,0,1,6.000000,0.900000,0.500000
591,1,1,5.000000,0.400000,0.500000
592,1,1,4.000000,0.000000,0.500000
593,1,1,4.000000,0.000000,0.500000
594,1,1,10.000000,0.900000,0.500000
595,1,1,4.000000,0.000000,0.500000
596,1,1,7.000000,0.700000,0.500000
597,1,1,6.000000,0.700000,0.500000
598,1,1,5.000000,0.400000,0.500000
599,1,1,5.000000,0.400000,0.500000
600,1,1,4.000000,0.000000,0.500000
601,1,1,4.000000,0.000000,0.500000
602,0,0,4.000000,0.000000,0.500000
603,1,1,4.000000,0.000000,0.500000
604,1,1,4.000000,0.000000,0.500000
605,0,0,4.000000,0.000000,0.500000
606,0,0,5.000000,0.400000,0.500000
607,0,1,4.000000,0.000000,0.500000
608,1,1,8.000000,0.800000,0.500000
609,1,1,5.000000,0.400000,0.500000
610,0,0,4.000000,0.000000,0.500000
611,0,0,4.000000,0.000000,0.500000
612,0,0,8.000000,0.800000,0.500000
613,0,0,5.000000,0.400000,0.500000
614,0,0,5.000000,0.400000,0.500000
615,0,0,5.000000,0.400000,0.500000
616,1,1,7.000000,0.900000,0.500000
617,0,0,5.000000,0.400000,0.500000
618,1,1,8.000000,0.600000,0.500000
619,1,1,4.000000,0.000000,0.500000
620,0,0,4.000000,0.000000,0.500000
621,0,0,5.000000,0.400000,0.500000
622,0,0,9.000000,0.900000,0.500000
623,0,0,6.000000,0.700000,0.500000
624,1,0,6.000000,0.700000,0.500000
625,1,0,7.000000,0.800000,0.500000
626,0,0,9.000000,0.900000,0.500000
627,1,0,6.000000,0.700000,0.500000
628,0,1,7.000000,0.800000,0.500000
629,1,0,8.000000,0.900000,0.500000
630,0,0,5.000000,0.400000,0.500000
631,1,0,8.000000,0.900000,0.500000
632,0,0,4.000000,0.000000,0.500000
633,0,0,7.000000,0.800000,0.500000
634,0,0,6.000000,0.700000,0.500000
635,1,1,4.000000,0.000000,0.500000
636,1,1,4.000000,0.000000,0.500000
637,0,0,6.000000,0.700000,0.500000
638,1,1,5.000000,0.400000,0.500000
639,0,0,5.000000,0.400000,0.500000
640,1,1,4.000000,0.000000,0.500000
641,1,1,5.000000,0.400000,0.500000
642,0,0,4.000000,0.000000,0.500000
643,0,0,5.000000,0.400000,0.500000
644,1,1,11.000000,1.000000,0.500000
645,0,0,5.000000,0.400000,0.500000
646,1,1,8.000000,0.800000,0.500000
647,1,1,9.000000,0.900000,0.500000
648,1,1,4.000000,0.000000,0.500000
649,1,1,6.000000,0.700000,0.500000
650,1,0,8.000000,0.800000,0.500000
651,0,0,5.000000,0.400000,0.500000
652,0,0,4.000000,0.000000,0.500000
653,0,0,6.000000,0.700000,0.500000
654,1,1,5.000000,0.400000,0.500000
655,0,0,6.000000,0.900000,0.500000
656,0,0,5.000000,0.400000,0.500000
657,0,0,4.000000,0.000000,0.500000
658,0,0,7.000000,0.700000,0.500000
659,0,0,8.000000,0.600000,0.500000
660,0,0,6.000000,0.700000,0.500000
661,1,1,5.000000,0.400000,0.500000
662,1,0,5.000000,0.400000,0.500000
663,1,1,4.000000,0.000000,0.500000
664,1,1,7.000000,0.700000,0.500000
665,1,1,4.000000,0.000000,0.500000
666,0,0,5.000000,0.400000,0.500000
667,1,1,7.000000,0.700000,0.500000
668,0,0,4.000000,0.000000,0.500000
669,1,1,5.000000,0.400000,0.500000
670,1,1,9.000000,0.900000,0.500000
671,1,1,6.000000,0.700000,0.500000
672,0,0,5.000000,0.400000,0.500000
673,1,1,6.000000,0.700000,0.500000
674,1,1,6.000000,0.700000,0.500000
675,1,1,4.000000,0.000000,0.500000
676,1,1,8.000000,0.800000,0.500000
677,1,1,4.000000,0.000000,0.500000
678,1,1,4.000000,0.000000,0.500000
679,1,1,7.000000,0.700000,0.500000
680,0,0,5.000000,0.400000,0.500000
681,0,0,8.000000,0.800000,0.500000
682,0,0,7.000000,0.700000,0.500000
683,0,0,5.000000,0.400000,0.500000
684,1,1,4.000000,0.000000,0.500000
685,1,1,4.000000,0.000000,0.500000
686,1,1,9.000000,0.900000,0.500000
687,0,0,5.000000,0.400000,0.500000
688,1,1,7.000000,0.700000,0.500000
689,0,0,5.000000,0.400000,0.500000
690,1,1,4.000000,0.000000,0.500000
691,1,1,5.000000,0.400000,0.500000
692,0,0,5.000000,0.400000,0.500000
693,0,0,4.000000,0.000000,0.500000
694,0,0,4.000000,0.000000,0.500000
695,0,0,6.000000,0.700000,0.500000
696,1,1,9.000000,0.900000,0.500000
697,0,0,5.000000,0.400000,0.500000
698,0,0,6.000000,0.700000,0.500000
699,0,0,5.000000,0.400000,0.500000
700,1,1,8.000000,0.800000,0.500000
701,0,0,4.000000,0.000000,0.500000
702,0,0,9.000000,1.000000,0.500000
703,0,1,9.000000,0.900000,0.500000
704,0,0,4.000000,0.000000,0.500000
705,0,0,7.000000,0.700000,0.500000
706,0,0,5.000000,0.400000,0.500000
707,1,1,4.000000,0.000000,0.500000
708,0,0,11.000000,0.900000,0.500000
709,0,0,4.000000,0.000000,0.500000
710,0,0,5.000000,0.400000,0.500000
711,0,0,5.000000,0.400000,0.500000
712,0,0,5.000000,0.400000,0.500000
713,1,1,5.000000,0.400000,0.500000
714,1,0,5.000000,0.400000,0.500000
715,0,0,4.000000,0.000000,0.500000
716,0,0,12.000000,0.900000,0.500000
717,0,0,4.000000,0.000000,0.500000
718,1,1,4.000000,0.000000,0.500000
719,0,0,5.000000,0.400000,0.500000
720,0,0,4.000000,0.000000,0.500000
721,0,0,5.000000,0.400000,0.500000
722,0,0,10.000000,0.900000,0.500000
723,0,0,4.000000,0.000000,0.500000
724,1,1,5.000000,0.400000,0.500000
725,0,0,5.000000,0.400000,0.500000
726,1,1,5.000000,0.400000,0.500000
727,1,0,8.000000,0.800000,0.500000
728,1,1,4.000000,0.000000,0.500000
729,1,0,8.000000,0.900000,0.500000
730,1,1,4.000000,0.000000,0.500000
731,0,0,4.000000,0.000000,0.500000
732,1,1,10.000000,0.800000,0.500000
733,0,0,4.000000,0.000000,0.500000
734,0,0,4.000000,0.000000,0.500000
735,1,1,4.000000,0.000000,0.500000
736,1,1,5.000000,0.400000,0.500000
737,1,0,8.000000,0.900000,0.500000
738,0,0,4.000000,0.000000,0.500000
739,0,0,8.000000,0.800000,0.500000
740,0,0,5.000000,0.400000,0.500000
741,1,1,7.000000,0.700000,0.500000
742,0,1,6.000000,0.700000,0.500000
743,1,1,5.000000,0.400000,0.500000
744,0,1,8.000000,0.900000,0.500000
745,1,1,6.000000,0.700000,0.500000
746,1,1,5.000000,0.400000,0.500000
747,1,1,4.000000,0.000000,0.500000
748,1,1,9.000000,0.900000,0.500000
749,1,0,6.000000,0.700000,0.500000
750,0,0,4.000000,0.000000,0.500000
751,0,0,6.000000,0.700000,0.500000
752,0,1,5.000000,0.400000,0.500000
753,0,0,4.000000,0.000000,0.500000
754,1,1,4.000000,0.000000,0.500000
755,1,1,4.000000,0.000000,0.500000
756,0,0,10.000000,0.900000,0.500000
757,0,1,7.000000,0.800000,0.500000
758,1,1,4.000000,0.000000,0.500000
759,1,1,5.000000,0.400000,0.500000
760,0,1,5.000000,0.400000,0.500000
761,0,0,7.000000,0.700000,0.500000
762,1,1,5.000000,0.400000,0.500000
763,1,1,5.000000,0.400000,0.500000
764,0,0,5.000000,0.400000,0.500000
765,1,1,4.000000,0.000000,0.500000
766,1,1,7.000000,0.700000,0.500000
767,1,1,6.000000,0.700000,0.500000
768,0,0,4.000000,0.000000,0.500000
769,0,0,5.000000,0.400000,0.500000
770,1,1,6.000000,0.700000,0.500000
771,1,1,6.000000,0.700000,0.500000
772,0,0,5.000000,0.400000,0.500000
773,0,0,7.000000,0.800000,0.500000
774,0,0,6.000000,0.900000,0.500000
775,0,0,10.000000,0.900000,0.500000
776,1,1,7.000000,0.900000,0.500000
777,0,0,5.000000,0.400000,0.500000
778,1,1,7.000000,0.800000,0.500000
779,1,0,6.000000,0.900000,0.500000
780,0,0,6.000000,0.700000,0.500000
781,0,0,5.000000,0.400000,0.500000
782,1,1,5.000000,0.400000,0.500000
783,0,0,4.000000,0.000000,0.500000
784,0,1,11.000000,1.000000,0.500000
785,0,0,4.000000,0.000000,0.500000
786,1,1,5.000000,0.400000,0.500000
787,0,0,8.000000,0.800000,0.500000
788,1,1,5.000000,0.400000,0.500000
789,0,0,7.000000,0.700000,0.500000
790,1,1,4.000000,0.000000,0.500000
791,0,0,8.000000,0.900000,0.500000
792,0,0,7.000000,0.700000,0.500000
793,1,1,5.000000,0.400000,0.500000
794,0,0,4.000000,0.000000,0.500000
795,1,1,4.000000,0.000000,0.500000
796,0,0,6.000000,0.700000,0.500000
797,1,1,4.000000,0.000000,0.500000
798,1,1,5.000000,0.400000,0.500000
799,1,1,7.000000,0.700000,0.500000
800,1,1,5.000000,0.800000,0.500000
801,1,1,5.000000,0.400000,0.500000
802,1,1,5.000000,0.400000,0.500000
803,0,0,6.000000,0.700000,0.500000
804,0,0,4.000000,0.000000,0.500000
805,1,1,6.000000,0.700000,0.500000
806,0,0,4.000000,0.000000,0.500000
807,1,1,5.000000,0.400000,0.500000
808,1,1,4.000000,0.000000,0.500000
809,0,0,4.000000,0.000000,0.500000
810,1,1,5.000000,0.400000,0.500000
811,1,1,5.000000,0.400000,0.500000
812,1,1,7.000000,0.700000,0.500000
813,0,0,5.000000,0.400000,0.500000
814,1,1,5.000000,0.400000,0.500000
815,1,1,6.000000,0.700000,0.500000
816,0,0,5.000000,0.800000,0.500000
817,0,1,5.000000,0.400000,0.500000
818,0,0,10.000000,0.900000,0.500000
819,0,0,5.000000,0.400000,0.500000
820,1,0,6.000000,0.700000,0.500000
821,1,1,4.000000,0.000000,0.500000
822,1,1,4.000000,0.000000,0.500000
823,1,1,7.000000,0.700000,0.500000
824,0,0,4.000000,0.000000,0.500000
825,1,1,5.000000,0.400000,0.500000
826,1,0,6.000000,0.700000,0.500000
827,1,0,5.000000,0.400000,0.500000
828,0,0,5.000000,0.400000,0.500000
829,0,0,4.000000,0.000000,0.500000
830,1,1,4.000000,0.000000,0.500000
831,0,0,4.000000,0.000000,0.500000
832,0,1,6.000000,0.700000,0.500000
833,1,1,5.000000,0.400000,0.500000
834,0,0,4.000000,0.000000,0.500000
835,1,1,4.000000,0.000000,0.500000
836,1,1,5.000000,0.400000,0.500000
837,1,1,5.000000,0.400000,0.500000
838,1,1,7.000000,0.700000,0.500000
839,0,0,4.000000,0.000000,0.500000
840,1,1,4.000000,0.000000,0.500000
841,1,1,5.000000,0.400000,0.500000
842,0,0,6.000000,0.700000,0.500000
843,1,1,8.000000,0.800000,0.500000
844,1,1,5.000000,0.400000,0.500000
845,1,1,4.000000,0.000000,0.500000
846,1,1,6.000000,0.700000,0.500000
847,1,1,5.000000,0.400000,0.500000
848,0,0,4.000000,0.000000,0.500000
849,1,1,6.000000,0.700000,0.500000
850,1,0,7.000000,0.700000,0.500000
851,0,0,4.000000,0.000000,0.500000
852,0,0,5.000000,0.400000,0.500000
853,0,0,4.000000,0.000000,0.500000
854,0,0,4.000000,0.000000,0.500000
855,0,0,5.000000,0.400000,0.500000
856,0,0,7.000000,0.800000,0.500000
857,1,1,6.000000,0.700000,0.500000
858,1,1,5.000000,0.400000,0.500000
859,1,1,6.000000,0.700000,0.500000
860,1,1,6.000000,0.700000,0.500000
861,0,1,6.000000,0.700000,0.500000
862,0,0,5.000000,0.400000,0.500000
863,1,1,6.000000,0.700000,0.500000
864,0,0,4.000000,0.000000,0.500000
865,1,1,5.000000,0.400000,0.500000
866,1,1,5.000000,0.400000,0.500000
867,0,0,7.000000,0.700000,0.500000
868,1,1,6.000000,0.700000,0.500000
869,0,0,7.000000,0.700000,0.500000
870,1,1,12.000000,1.000000,0.500000
871,1,1,5.000000,0.400000,0.500000
872,1,1,7.000000,0.700000,0.500000
873,0,0,5.000000,0.400000,0.500000
874,0,0,4.000000,0.000000,0.500000
875,1,1,4.000000,0.000000,0.500000
876,1,0,8.000000,0.900000,0.500000
877,1,1,7.000000,0.700000,0.500000
878,1,1,4.000000,0.000000,0.500000
879,0,0,5.000000,0.400000,0.500000
880,0,0,4.000000,0.000000,0.500000
881,1,1,5.000000,0.400000,0.500000
882,0,0,4.000000,0.000000,0.500000
883,1,1,8.000000,0.800000,0.500000
884,1,1,5.000000,0.400000,0.500000
885,0,0,4.000000,0.000000,0.500000
886,1,1,5.000000,0.400000,0.500000
887,0,0,5.000000,0.400000,0.500000
888,1,0,8.000000,0.900000,0.500000
889,0,0,5.000000,0.400000,0.500000
890,0,1,7.000000,0.800000,0.500000
891,1,1,7.000000,0.700000,0.500000
892,0,0,5.000000,0.400000,0.500000
893,1,1,4.000000,0.000000,0.500000
894,0,1,6.000000,0.900000,0.500000
895,1,1,6.000000,0.700000,0.500000
896,0,0,5.000000,0.400000,0.500000
897,1,1,6.000000,0.700000,0.500000
898,1,1,4.000000,0.000000,0.500000
899,0,0,7.000000,0.700000,0.500000
900,1,1,4.000000,0.000000,0.500000
901,1,1,13.000000,1.000000,0.500000
902,0,0,5.000000,0.400000,0.500000
903,1,1,5.000000,0.400000,0.500000
904,1,1,8.000000,0.800000,0.500000
905,1,1,4.000000,0.000000,0.500000
906,1,1,5.000000,0.400000,0.500000
907,1,1,4.000000,0.000000,0.500000
908,1,1,4.000000,0.000000,0.500000
909,0,0,6.000000,0.900000,0.500000
910,0,0,4.000000,0.000000,0.500000
911,0,0,5.000000,0.400000,0.500000
912,0,0,4.000000,0.000000,0.500000
913,0,0,4.000000,0.000000,0.500000
914,0,0,5.000000,0.400000,0.500000
915,0,0,5.000000,0.400000,0.500000
916,1,1,4.000000,0.000000,0.500000
917,1,1,4.000000,0.000000,0.500000
918,1,1,7.000000,0.700000,0.500000
919,0,0,7.000000,0.700000,0.500000
920,0,0,6.000000,0.700000,0.500000
921,1,1,5.000000,0.400000,0.500000
922,0,0,5.000000,0.400000,0.500000
923,1,1,5.000000,0.400000,0.500000
924,0,0,7.000000,0.700000,0.500000
925,0,1,8.000000,0.800000,0.500000
926,1,1,7.000000,0.700000,0.500000
927,0,0,5.000000,0.400000,0.500000
928,1,1,12.000000,1.000000,0.500000
929,1,1,8.000000,0.900000,0.500000
930,0,0,5.000000,0.400000,0.500000
931,0,0,6.000000,0.700000,0.500000
932,1,1,5.000000,0.400000,0.500000
933,1,1,6.000000,0.700000,0.500000
934,0,0,5.000000,0.400000,0.500000
935,0,0,5.000000,0.400000,0.500000
936,0,0,5.000000,0.400000,0.500000
937,0,0,4.000000,0.000000,0.500000
938,1,1,6.000000,0.700000,0.500000
939,0,0,5.000000,0.400000,0.500000
940,1,1,5.000000,0.400000,0.500000
941,0,0,6.000000,0.700000,0.500000
942,1,0,9.000000,1.000000,0.500000
943,0,0,4.000000,0.000000,0.500000
944,0,0,5.000000,0.400000,0.500000
945,1,1,10.000000,0.900000,0.500000
946,0,0,5.000000,0.400000,0.500000
947,1,1,6.000000,0.700000,0.500000
948,1,1,5.000000,0.400000,0.500000
949,1,1,5.000000,0.400000,0.500000
950,1,1,6.000000,0.700000,0.500000
951,0,0,5.000000,0.400000,0.500000
952,1,1,4.000000,0.000000,0.500000
953,1,1,9.000000,1.000000,0.500000
954,1,0,6.000000,0.700000,0.500000
955,0,0,4.000000,0.000000,0.500000
956,0,0,6.000000,0.700000,0.500000
957,1,1,6.000000,0.700000,0.500000
958,1,1,5.000000,0.400000,0.500000
959,0,0,7.000000,0.700000,0.500000
960,0,0,4.000000,0.000000,0.500000
961,1,1,6.000000,0.700000,0.500000
962,0,0,5.000000,0.400000,0.500000
963,1,1,4.000000,0.000000,0.500000
964,0,0,4.000000,0.000000,0.500000
965,0,1,5.000000,0.400000,0.500000
966,0,0,6.000000,0.700000,0.500000
967,0,0,8.000000,0.800000,0.500000
968,0,0,5.000000,0.400000,0.500000
969,0,0,4.000000,0.000000,0.500000
970,1,1,5.000000,0.400000,0.500000
971,0,0,5.000000,0.400000,0.500000
972,0,0,5.000000,0.400000,0.500000
973,1,0,6.000000,0.700000,0.500000
974,0,0,10.000000,0.900000,0.500000
975,1,1,4.000000,0.000000,0.500000
976,0,1,7.000000,0.900000,0.500000
977,0,0,5.000000,0.400000,0.500000
978,1,0,14.000000,1.000000,0.500000
979,0,0,4.000000,0.000000,0.500000
980,1,1,6.000000,0.700000,0.500000
981,1,1,8.000000,0.800000,0.500000
982,0,0,4.000000,0.000000,0.500000
983,1,1,7.000000,0.700000,0.500000
984,0,0,5.000000,0.400000,0.500000
985,1,1,10.000000,0.900000,0.500000
986,1,1,4.000000,0.000000,0.500000
987,0,0,7.000000,0.700000,0.500000
988,1,1,5.000000,0.400000,0.500000
989,1,1,6.000000,0.700000,0.500000
990,0,0,6.000000,0.700000,0.500000
991,0,0,7.000000,0.800000,0.500000
992,0,0,7.000000,0.700000,0.500000
993,1,1,7.000000,0.800000,0.500000
994,1,1,5.000000,0.400000,0.500000
995,1,1,7.000000,0.700000,0.500000
996,1,1,6.000000,0.700000,0.500000
997,0,0,4.000000,0.000000,0.500000
998,0,0,9.000000,1.000000,0.500000
999,1,1,8.000000,0.800000,0.500000
WorkerID,Gamma,TrueGamma
154,0.553548,1.714007
961,0.437433,0.858373
890,0.589606,1.052205
297,0.455339,0.853290
898,0.559597,2.137288
255,0.437871,0.507494
257,0.517857,1.358978
330,0.512338,1.703951
183,0.453889,2.188374
41,0.455926,0.818959
845,0.478720,0.832896
308,0.611866,1.366978
828,0.561891,1.022938
678,0.478358,0.628493
223,0.506067,1.651374
869,0.561854,2.054613
928,0.455024,0.512710
393,0.484255,1.463225
877,0.509877,0.690556
989,0.493436,1.044370
217,0.473303,0.795846
517,0.540201,1.738883
914,0.457899,0.831463
841,0.513356,0.289633
347,0.563944,1.551548
579,0.485320,1.132325
212,0.435979,0.596026
251,0.492257,0.490242
530,0.582269,0.413080
691,0.634685,1.056565
685,0.545583,1.204677
116,0.475711,1.179370
280,0.466460,1.241687
750,0.525681,0.937567
735,0.531985,0.978727
703,0.477189,0.515955
477,0.559422,1.343370
846,0.442693,1.731115
273,0.462772,0.684044
551,0.476872,1.726892
601,0.480236,0.872967
359,0.491126,1.710684
285,0.545108,1.543025
155,0.497873,0.885715
222,0.497294,1.322558
209,0.533111,1.449152
840,0.503391,1.253545
162,0.638990,1.099090
470,0.545808,1.818717
115,0.491893,1.477526
353,0.550846,1.528467
684,0.482352,0.875591
906,0.472124,1.049685
910,0.560424,1.559642
355,0.503340,0.931643
321,0.528627,1.855165
941,0.549792,0.920909
728,0.461797,1.412638
31,0.557294,1.530149
442,0.454657,0.666493
130,0.519334,0.631307
137,0.601662,2.479630
748,0.504138,1.247165
805,0.461577,0.561501
641,0.504729,0.464397
224,0.512469,0.655116
6,0.524677,1.516044
868,0.468636,0.872317
602,0.516428,1.061894
544,0.461340,1.094485
237,0.464835,0.535025
365,0.502731,1.635312
474,0.531146,1.533479
299,0.502538,1.188795
737,0.438421,1.154737
578,0.555118,3.571470
314,0.497996,2.094250
656,0.607192,1.106033
174,0.516979,0.537266
426,0.500922,1.283673
173,0.501517,1.821216
864,0.515447,1.961299
792,0.516540,0.687194
427,0.509813,0.963365
732,0.485879,0.928203
405,0.450150,0.974623
235,0.451081,1.210864
391,0.510249,1.589381
652,0.459592,0.791601
873,0.534353,1.508077
95,0.461607,1.386747
5,0.488502,0.307512
847,0.492779,2.073201
950,0.617225,2.017207
20,0.446754,1.481015
81,0.501752,1.031184
590,0.627110,0.989166
93,0.492883,1.387870
720,0.473946,1.207746
446,0.551918,0.542498
356,0.488992,1.515924
696,0.544126,1.094793
573,0.574079,1.102527
387,0.506701,1.194077
172,0.560771,1.189842
789,0.495304,1.143287
638,0.461444,0.881345
817,0.505922,0.472060
710,0.474769,0.884549
141,0.519951,0.915466
507,0.550052,3.038766
250,0.484846,0.212515
875,0.532792,0.821547
734,0.466809,0.870834
69,0.529983,0.734275
957,0.554571,1.303970
658,0.505470,1.184139
760,0.460710,0.829438
74,0.523021,1.033751
277,0.588367,1.320263
90,0.531846,1.205182
473,0.456556,1.351332
752,0.504044,1.499645
488,0.474167,1.061905
112,0.499803,0.538221
889,0.538617,1.145840
264,0.556962,0.685394
591,0.447889,3.205345
200,0.504596,0.952434
269,0.590926,1.645317
61,0.494818,0.712529
409,0.554096,2.141850
272,0.524131,1.145678
313,0.507914,0.852673
708,0.599309,1.867294
645,0.502396,0.444094
364,0.605266,2.483105
754,0.496160,0.786656
406,0.464002,0.239788
32,0.544692,0.815880
891,0.471289,0.745832
958,0.503917,0.306275
404,0.596376,1.728471
303,0.567538,2.220698
946,0.473043,0.829232
226,0.553424,2.124763
445,0.501177,1.927733
585,0.526534,1.091215
984,0.616932,1.381777
774,0.506987,1.040725
376,0.522615,2.767380
3,0.473866,1.065351
48,0.687513,1.864914
549,0.499093,0.440538
452,0.461036,0.439917
944,0.509061,1.090571
344,0.579759,1.338601
671,0.509146,1.247578
608,0.491933,0.777103
372,0.455659,0.777530
307,0.566806,1.147598
903,0.535635,1.279127
969,0.503751,0.469121
888,0.485239,0.519945
968,0.467383,1.063999
152,0.583497,1.552991
346,0.553898,2.083072
288,0.453772,0.762438
389,0.515140,1.414439
402,0.629504,2.058155
451,0.534939,0.478663
422,0.499316,1.053770
373,0.462455,0.610122
833,0.519733,1.877933
749,0.517074,0.664628
266,0.472673,0.844469
994,0.527122,1.282069
117,0.581402,1.068084
744,0.474066,1.046389
837,0.493117,1.546580
495,0.517006,1.836000
84,0.574062,1.120882
740,0.468276,1.363141
616,0.539192,1.900718
215,0.498521,1.859944
897,0.648917,1.609097
979,0.490720,0.857746
70,0.479749,1.151382
956,0.531652,0.689237
19,0.503000,0.525206
931,0.542690,1.156331
440,0.504036,0.245884
892,0.444474,0.809371
863,0.521620,1.192081
819,0.579967,1.209997
254,0.490219,1.183461
976,0.534236,0.903551
485,0.499018,1.030769
779,0.525739,1.724884
437,0.475734,0.130868
420,0.475828,1.569602
413,0.454654,0.745984
909,0.527850,0.986436
677,0.470555,0.410836
876,0.570246,1.405201
463,0.478154,1.073363
429,0.582381,2.298231
312,0.507803,0.917885
680,0.440780,0.943388
567,0.515250,0.352867
43,0.466736,1.118689
361,0.544169,3.035083
925,0.493274,0.661467
244,0.514052,0.821443
38,0.456044,0.434028
332,0.519037,1.297060
331,0.467375,0.829387
186,0.485041,0.787809
895,0.533781,0.997037
198,0.607067,2.359091
25,0.467029,0.647302
844,0.551546,0.788245
30,0.569514,0.728901
396,0.589715,1.755566
241,0.449470,0.824109
986,0.542836,1.678251
700,0.533138,0.982199
572,0.526766,1.585535
642,0.459767,0.970713
311,0.549450,1.568655
484,0.496745,2.460483
383,0.490757,1.338859
87,0.481328,0.631751
177,0.487297,0.790940
831,0.495902,0.434668
47,0.482727,1.418719
519,0.469194,0.616349
799,0.537819,0.908155
52,0.468867,0.882941
921,0.522000,1.039291
329,0.489274,2.197680
126,0.534667,2.008116
62,0.575445,1.092267
966,0.524399,0.872936
635,0.449680,1.404162
814,0.568665,1.552614
196,0.499403,1.062418
565,0.555999,0.525511
386,0.531435,0.391313
951,0.428978,0.481691
620,0.518695,1.137402
60,0.495873,1.273609
397,0.531952,0.863494
899,0.526468,1.495666
259,0.625504,1.802922
816,0.456195,1.106836
725,0.462174,1.200141
769,0.555805,0.780146
246,0.545539,0.995677
664,0.625753,1.996854
742,0.478604,0.269903
114,0.545823,1.707157
839,0.473215,0.673865
672,0.461439,1.112307
698,0.499670,0.890883
304,0.581587,3.674873
880,0.445141,0.922848
281,0.481727,1.100035
915,0.497449,0.259755
714,0.496154,1.268573
499,0.563125,1.021831
385,0.510865,1.611787
998,0.519697,1.535706
617,0.508372,0.922148
7,0.472890,0.744468
415,0.519709,0.874596
202,0.580667,1.060569
50,0.498149,0.272840
315,0.496486,1.120571
927,0.491606,1.326401
694,0.577914,1.169442
711,0.490425,0.954228
870,0.548476,1.319344
234,0.478727,1.076042
746,0.531442,0.600587
674,0.556657,1.937266
552,0.657376,2.829828
300,0.529057,0.360508
240,0.603946,1.760441
647,0.509306,1.329238
812,0.484924,1.055347
733,0.529792,1.260216
256,0.483630,1.628894
371,0.521593,2.468548
699,0.553500,1.761820
806,0.558291,1.038297
583,0.495527,0.528666
410,0.528440,0.541002
191,0.555380,1.275269
624,0.517526,0.374182
802,0.551655,0.874213
625,0.532214,0.367686
133,0.454400,0.299482
236,0.531209,2.308695
743,0.493882,0.625584
764,0.532281,1.099454
16,0.527257,2.396053
129,0.539390,1.039862
204,0.536013,0.744628
780,0.505566,3.014912
796,0.549680,2.167610
523,0.548950,1.834136
443,0.475950,1.787902
878,0.502243,1.728760
101,0.544569,0.896516
765,0.568149,1.162617
947,0.530003,1.183071
679,0.522328,0.906680
388,0.489159,0.849493
770,0.546835,1.257735
26,0.636911,1.308389
859,0.567530,0.745453
148,0.481952,0.107603
724,0.542711,0.709015
761,0.569142,1.586245
525,0.537110,1.323620
972,0.526217,0.538086
588,0.512029,0.404371
370,0.595268,0.658999
310,0.513857,0.946442
306,0.574930,0.361825
80,0.562097,1.174223
492,0.533571,1.579006
597,0.486828,0.474833
603,0.534252,1.124483
23,0.519002,1.511400
65,0.636494,0.760231
562,0.514051,0.676968
0,0.508502,1.490108
651,0.514904,1.026312
937,0.640475,1.691704
319,0.497991,0.689563
905,0.510709,1.563527
896,0.546041,1.198733
421,0.474094,1.789848
472,0.591446,1.399645
502,0.529826,0.191540
717,0.528996,0.974881
98,0.480549,0.717727
866,0.477831,0.991636
689,0.590558,1.495074
180,0.546134,1.388778
599,0.543176,1.738405
282,0.476286,1.446291
22,0.629564,0.819200
448,0.592723,1.239580
768,0.478312,1.433951
135,0.586193,2.037236
631,0.581276,2.639446
977,0.516763,0.712026
92,0.504157,0.477006
995,0.502773,0.964720
469,0.541774,0.955339
586,0.473375,0.747081
424,0.590657,0.982182
634,0.562528,1.737897
902,0.486584,1.178985
593,0.491877,0.599665
4,0.572482,0.741513
555,0.520859,1.016496
324,0.525866,0.567981
648,0.518455,1.592958
532,0.532416,0.415187
136,0.628982,2.079686
164,0.572901,0.488303
175,0.520868,0.669360
207,0.509788,1.036507
419,0.556193,0.595958
465,0.568228,0.515404
35,0.526976,1.028525
418,0.544473,0.516803
203,0.532141,1.286938
113,0.490325,0.827687
596,0.686877,1.109976
94,0.526641,0.768467
655,0.500460,0.810961
534,0.545056,2.348706
981,0.486013,0.780092
72,0.503264,1.068089
494,0.538504,1.098895
611,0.530406,1.014072
697,0.518897,0.717333
813,0.532932,1.148168
569,0.527731,0.992050
822,0.519024,0.719632
238,0.589722,1.480775
830,0.517749,0.379145
771,0.503708,0.402041
757,0.490902,0.722755
563,0.573140,0.754429
75,0.514856,0.694045
348,0.583408,0.350180
980,0.543374,1.183794
17,0.575595,0.756633
496,0.496408,1.078594
276,0.512069,0.405437
660,0.527591,0.495365
963,0.559773,2.815638
102,0.521287,0.458025
431,0.534832,1.392476
693,0.530223,0.854956
587,0.501669,0.949003
171,0.514894,0.701220
439,0.562884,0.793266
295,0.484346,0.651800
342,0.496751,1.121457
561,0.584927,0.968361
615,0.606299,1.757536
975,0.515026,2.104278
681,0.718710,2.696487
340,0.627213,1.272223
637,0.467217,0.476902
726,0.531249,0.598589
28,0.519834,0.758501
584,0.507233,1.867277
741,0.515048,1.465067
455,0.512405,1.256810
450,0.526076,1.612629
881,0.502186,0.248861
997,0.484649,0.488746
843,0.539902,1.259439
86,0.502876,1.306024
475,0.525970,0.540732
147,0.534005,0.799751
990,0.547750,1.475357
943,0.506986,1.728297
801,0.500549,1.831562
128,0.497156,1.936640
763,0.496134,1.696181
786,0.520185,0.846927
556,0.494741,0.991986
719,0.518366,1.300948
842,0.571765,1.577734
384,0.509149,0.831052
350,0.589300,2.496816
649,0.504909,0.984544
622,0.525401,0.432848
885,0.560759,0.998352
918,0.485389,0.696976
581,0.545359,0.792226
858,0.494121,0.610390
375,0.532709,0.206348
54,0.554955,0.490338
399,0.525301,1.273825
791,0.548257,1.127571
605,0.477833,0.255581
159,0.537664,0.872652
142,0.577727,1.495143
557,0.460272,2.092263
360,0.504415,0.447257
219,0.501122,1.516698
123,0.533637,2.212395
275,0.479692,0.461963
731,0.526327,1.779486
996,0.509266,1.268988
988,0.641902,2.122945
253,0.585457,1.625500
938,0.529929,0.469162
810,0.573338,0.591920
64,0.585867,0.930895
210,0.489224,1.019823
354,0.497784,1.145840
134,0.489188,0.921624
412,0.504623,1.317363
221,0.501896,0.577549
727,0.496194,1.153257
91,0.496835,0.636547
337,0.491819,0.844217
230,0.531789,0.527169
339,0.580298,1.181349
568,0.562000,1.879835
103,0.485474,0.459866
592,0.518516,1.516236
537,0.522812,2.074919
462,0.562441,1.055584
76,0.549562,1.065285
676,0.517323,1.083099
150,0.504092,1.788721
542,0.478626,1.208282
884,0.533284,1.298675
184,0.513170,2.721579
778,0.519955,1.343439
785,0.467127,0.538785
195,0.556095,1.055230
471,0.574440,1.718214
461,0.519445,0.932225
491,0.478659,0.636506
464,0.523906,0.988190
627,0.570112,1.280870
515,0.520492,0.655725
992,0.575669,1.030803
36,0.502030,0.543753
338,0.573462,1.370408
378,0.614045,0.942667
208,0.567853,1.142193
37,0.497781,1.989436
758,0.520325,0.897870
610,0.508089,1.248266
912,0.496175,0.180486
368,0.567770,0.614718
441,0.497889,0.772866
811,0.495644,1.809419
430,0.562497,1.549134
953,0.483825,1.780659
852,0.517150,0.739266
194,0.528139,1.041853
289,0.543184,1.661902
670,0.567298,0.491666
428,0.484171,0.693363
317,0.478354,1.036276
628,0.497050,1.829827
284,0.471713,0.723603
661,0.549454,0.945598
767,0.535721,1.641653
263,0.502403,1.266980
654,0.483264,1.008496
945,0.498068,0.934838
883,0.567064,0.718151
723,0.638609,2.002408
803,0.497191,0.222414
425,0.586787,0.521592
157,0.554497,0.579657
476,0.553824,0.977460
242,0.540281,1.271435
294,0.496225,1.510397
53,0.600861,2.530244
181,0.566569,2.659356
309,0.544482,1.185081
766,0.539007,1.272218
379,0.538996,1.488917
970,0.537811,0.786769
197,0.547356,1.364321
121,0.525966,1.074894
904,0.564731,2.289277
279,0.514483,1.983348
182,0.534586,1.712466
926,0.521155,1.085254
730,0.491276,0.645689
298,0.633774,1.619966
374,0.540103,0.798565
179,0.492150,1.561828
506,0.550499,0.456819
636,0.686261,1.285648
882,0.565934,0.780363
974,0.528616,0.917474
40,0.543972,1.600307
913,0.544097,0.225468
901,0.547304,0.657731
163,0.598580,1.152282
99,0.497591,0.774081
132,0.521661,2.079801
349,0.607453,1.377361
835,0.573673,2.458494
580,0.498503,1.000291
716,0.567216,1.739310
34,0.521727,1.365397
205,0.548811,1.088474
535,0.570254,1.212892
965,0.563870,0.998465
438,0.518730,0.613069
58,0.516297,0.816159
860,0.505983,0.426864
423,0.567005,1.180825
71,0.471146,0.516221
401,0.574885,2.154548
629,0.533840,0.960675
504,0.536987,1.663961
316,0.567675,0.907641
466,0.589118,2.084929
261,0.510825,0.794462
683,0.491852,1.296221
524,0.531083,1.110492
747,0.579667,0.910426
185,0.538606,1.154884
104,0.538203,0.816387
560,0.568669,1.506380
705,0.510379,0.789457
782,0.561678,3.320639
124,0.522219,0.619417
673,0.479468,0.941012
151,0.673232,0.972157
122,0.562650,0.464909
618,0.615636,1.286706
444,0.548590,1.801951
776,0.550046,0.709684
398,0.565825,0.668930
820,0.559059,0.622673
824,0.592438,2.069217
666,0.582166,0.602100
358,0.522517,0.997308
243,0.525912,1.088037
773,0.581287,1.295253
380,0.564767,0.792378
46,0.576780,0.868724
509,0.626053,1.681734
108,0.616328,1.424837
865,0.553047,1.056134
228,0.611622,1.698929
739,0.588892,1.350738
146,0.563060,1.005619
871,0.646209,1.309065
815,0.546116,0.788170
804,0.563322,1.631733
738,0.521814,1.948628
482,0.568232,0.819944
351,0.546729,1.248061
540,0.534960,0.530642
168,0.557356,0.709137
619,0.530327,0.667967
934,0.529417,0.334376
935,0.527291,0.893864
900,0.564689,0.655904
178,0.590267,1.123368
682,0.528527,0.793187
962,0.565110,0.488074
800,0.635003,0.809389
125,0.559963,0.884107
460,0.598977,1.114994
999,0.571947,1.508811
856,0.541389,1.394166
548,0.589137,1.976519
265,0.564919,1.171663
955,0.634593,0.823610
539,0.569027,0.624534
531,0.552113,0.887475
529,0.523218,0.875584
849,0.548693,1.393875
663,0.605618,2.320986
821,0.545668,1.237499
514,0.557049,0.933140
158,0.520286,2.786333
919,0.692246,2.102900
220,0.591651,1.520767
787,0.597363,1.281396
335,0.551324,1.053865
357,0.663281,2.327803
894,0.576383,0.627385
106,0.578659,0.980586
232,0.500785,0.567234
861,0.547829,2.545600
991,0.522393,1.538447
1,0.646954,0.831918
712,0.576394,1.190772
395,0.587984,1.096840
138,0.523151,0.747728
245,0.598207,1.137550
675,0.569729,0.679908
704,0.557533,1.003941
56,0.621395,1.877960
206,0.545177,0.927820
589,0.598933,0.769394
566,0.517279,2.215581
109,0.610597,2.112934
322,0.573901,1.293015
201,0.572446,2.335576
305,0.591764,1.574437
706,0.575979,0.640648
411,0.511972,0.300595
199,0.597467,0.997903
687,0.627218,1.410132
808,0.604871,0.888369
381,0.591667,0.709283
78,0.634562,1.100726
510,0.528299,0.909985
538,0.570129,0.904902
320,0.527340,1.841646
577,0.659632,2.215542
775,0.564289,2.533734
756,0.632345,0.867422
447,0.568189,1.950029
623,0.577269,1.125453
952,0.516327,1.688480
408,0.606021,1.574597
520,0.660170,1.404041
772,0.612467,1.706348
487,0.577161,1.803556
248,0.527543,0.934438
15,0.604137,2.181559
793,0.593854,1.983470
190,0.523983,0.826688
214,0.563553,0.730021
575,0.652997,1.263418
825,0.513456,1.224283
149,0.569871,1.271975
547,0.594673,0.931337
707,0.551128,1.350848
594,0.559908,2.183642
692,0.608824,1.196446
156,0.584326,1.033392
613,0.520800,0.798044
252,0.570555,1.179452
606,0.515418,0.779311
713,0.603750,1.527136
211,0.602216,0.310043
290,0.546575,1.616281
341,0.598942,1.298354
218,0.581288,0.272334
286,0.565733,0.665735
291,0.637407,1.970262
932,0.584226,0.462640
630,0.647203,0.574083
798,0.521337,0.684761
260,0.589372,1.661503
366,0.556228,0.381459
940,0.523270,1.011984
633,0.621687,1.235503
14,0.535497,0.994950
302,0.585925,0.503553
144,0.593221,1.742757
42,0.563151,0.547743
392,0.632374,1.539789
454,0.591239,0.910639
480,0.595664,1.498139
521,0.534621,1.530329
598,0.609369,2.214628
827,0.580976,2.060286
930,0.599481,2.446263
139,0.688106,1.129956
503,0.575500,0.669026
879,0.566780,1.163172
45,0.531155,2.912709
227,0.571724,0.889903
239,0.504022,1.675008
809,0.575672,1.431545
85,0.612395,3.888110
79,0.640292,1.295200
911,0.645863,1.169901
77,0.553920,0.791912
167,0.589435,1.575826
574,0.607949,1.812331
458,0.516262,1.518648
459,0.592263,1.717502
522,0.577848,1.906226
939,0.526792,0.776955
501,0.532040,0.801020
874,0.543207,1.729675
753,0.593201,1.421214
639,0.508126,1.072289
247,0.562542,0.730781
513,0.596386,1.022644
107,0.645810,2.207263
119,0.554919,1.484476
759,0.628302,3.260977
807,0.651641,2.698576
287,0.524054,1.385209
632,0.632027,1.195515
924,0.558674,0.996116
668,0.567587,0.979607
193,0.604922,1.672292
63,0.556063,0.567131
971,0.648471,1.385199
449,0.568165,1.162446
614,0.604915,1.973351
922,0.628941,1.606832
949,0.508039,0.490434
795,0.561001,2.354849
18,0.501465,0.476223
729,0.577737,0.915001
762,0.500060,0.856183
352,0.511345,1.722693
872,0.545173,0.780789
867,0.541656,1.152863
695,0.673981,1.609504
797,0.639677,0.492896
669,0.600667,1.297817
964,0.592337,1.338937
709,0.559195,1.227022
153,0.522027,0.892972
528,0.607691,0.446900
417,0.571694,0.878004
790,0.553072,0.550025
498,0.631947,1.560645
274,0.556677,2.140179
545,0.541899,0.638926
213,0.558089,0.395220
88,0.672617,1.279241
722,0.532976,1.596659
851,0.560231,1.033173
249,0.528327,1.656493
493,0.602408,1.546962
686,0.550536,1.538628
432,0.626188,1.965672
643,0.772032,1.593921
481,0.627160,3.173114
483,0.594344,1.661033
650,0.605827,1.343000
862,0.569731,1.457901
559,0.574982,1.610699
604,0.575715,2.814886
653,0.578491,1.766869
111,0.555980,0.593315
323,0.500445,1.092294
836,0.578226,0.990335
189,0.586244,0.470522
363,0.625454,0.519580
954,0.597963,0.884121
886,0.567718,0.964292
701,0.545095,0.901122
67,0.481377,0.758328
166,0.563000,2.120016
478,0.625612,2.279062
794,0.599144,1.844825
715,0.667740,1.080282
755,0.516403,0.751699
983,0.551050,0.552600
10,0.598915,0.506795
518,0.568670,2.101964
516,0.538812,0.552887
327,0.573899,1.299017
394,0.603081,1.507166
73,0.596895,1.744527
24,0.527487,0.661036
293,0.515170,1.070670
457,0.585452,1.658275
12,0.572225,2.061351
640,0.564731,0.952099
595,0.551329,0.601940
326,0.537759,0.638260
500,0.627681,0.729316
262,0.565864,0.698083
267,0.548838,0.700682
403,0.544766,0.931885
416,0.556259,0.603811
390,0.611642,1.483274
345,0.563977,1.798510
400,0.564899,1.257374
328,0.520417,1.131926
558,0.591798,2.178966
526,0.639901,1.454445
68,0.528698,0.772984
229,0.638644,1.625515
543,0.566410,0.788615
512,0.517009,1.374548
169,0.598465,0.783970
436,0.624963,0.618415
702,0.577818,0.819982
325,0.688948,1.418497
29,0.513767,0.895381
929,0.610472,0.369912
8,0.670630,2.054827
646,0.553017,0.975502
57,0.583485,1.155949
435,0.560985,0.722555
751,0.674444,1.902711
49,0.607822,1.930309
301,0.662993,0.906148
853,0.559909,0.413880
268,0.631241,1.263656
665,0.600256,0.567853
278,0.560088,1.872473
292,0.635385,1.544990
343,0.572889,0.691391
933,0.715902,2.745360
66,0.579299,0.454014
987,0.576583,0.857562
609,0.659278,1.553343
11,0.622910,2.294608
165,0.636057,1.474409
467,0.608200,1.369398
120,0.664647,1.786185
118,0.579237,0.142442
788,0.574718,3.362766
570,0.637601,2.192948
44,0.624217,1.201064
140,0.670650,2.004492
612,0.599049,1.480982
55,0.560292,0.449351
27,0.622371,2.264042
9,0.589830,0.934300
554,0.622366,0.606938
82,0.629007,0.995651
823,0.565772,0.502668
318,0.602643,1.280017
908,0.546535,0.204186
296,0.602984,1.813865
258,0.601405,1.257507
283,0.635538,1.782178
536,0.565333,1.303125
145,0.589024,1.412522
39,0.575621,0.222750
576,0.602303,2.068872
564,0.536555,0.469729
362,0.605933,1.805915
553,0.605931,0.923472
571,0.586955,1.091551
527,0.636518,1.460787
893,0.551218,1.353900
721,0.522533,0.839310
832,0.617564,1.043922
188,0.621561,1.459681
960,0.601678,0.909455
959,0.561170,0.507519
659,0.671815,2.331200
848,0.600729,1.878827
857,0.595309,0.903551
508,0.588131,1.346822
170,0.618432,1.053042
225,0.615974,1.810111
83,0.670404,0.816391
948,0.628592,1.594708
777,0.594125,0.904339
657,0.595027,0.848523
834,0.657144,1.506021
854,0.565248,0.854315
993,0.723614,3.026662
97,0.589793,1.242083
231,0.637956,2.313610
600,0.564296,0.546980
923,0.610261,1.525799
110,0.729221,1.550760
433,0.623941,0.576961
192,0.622180,0.762090
367,0.600799,0.860759
414,0.571280,2.149861
607,0.645716,1.077472
662,0.689556,1.279194
855,0.593164,1.752720
161,0.554864,1.528274
745,0.665570,3.028675
826,0.546598,0.417654
51,0.592966,2.536628
850,0.523150,0.390144
838,0.650970,1.525286
978,0.662302,4.183775
160,0.642387,1.078552
59,0.615041,1.067360
2,0.551934,1.769609
100,0.583040,1.572841
688,0.623447,1.321843
89,0.633767,0.415991
967,0.636006,0.433309
105,0.716924,2.556124
887,0.695284,1.223484
271,0.632799,2.484291
985,0.680042,1.600313
377,0.594616,0.637531
784,0.588629,0.205252
486,0.716854,1.474963
783,0.592372,3.119225
233,0.587125,1.947464
216,0.599428,1.825074
718,0.552240,1.335473
334,0.559327,0.833838
490,0.591194,1.922765
505,0.659582,2.204914
369,0.622204,1.326547
917,0.619624,0.514844
333,0.629976,2.542083
626,0.632532,1.228245
541,0.650653,0.939316
453,0.719937,1.474735
176,0.640652,1.233040
407,0.641011,1.120502
468,0.597185,0.917638
582,0.654771,2.496186
920,0.665047,1.024471
982,0.670537,2.109683
497,0.751717,1.591369
96,0.538609,1.060904
336,0.661754,1.214121
479,0.727623,2.120034
690,0.651019,1.519187
434,0.583977,0.447759
829,0.624769,1.802451
546,0.588275,0.844303
550,0.632346,1.591074
21,0.697944,0.981627
907,0.582402,0.762369
644,0.624016,0.609486
270,0.623668,2.449049
818,0.580597,0.429112
127,0.671200,0.791470
13,0.676508,1.267681
143,0.595430,0.541122
916,0.652525,1.579181
33,0.614086,1.317283
489,0.709222,0.981423
781,0.627531,1.024629
533,0.634429,0.468646
621,0.639620,1.471523
736,0.646714,2.011080
942,0.609747,0.604140
187,0.662119,1.877877
667,0.605200,0.306375
936,0.602480,1.370618
Average Cost: 5.713000
Accuracy: 90.700000
Accuracy 0: 100.000000
Cost 0: 4.000000
Accuracy 1: 100.000000
Cost 1: 4.000000
Accuracy 2: 100.000000
Cost 2: 4.000000
Accuracy 3: 100.000000
Cost 3: 4.000000
Accuracy 4: 100.000000
Cost 4: 4.000000
Accuracy 5: 100.000000
Cost 5: 4.000000
Accuracy 6: 100.000000
Cost 6: 4.000000
Accuracy 7: 100.000000
Cost 7: 4.000000
Accuracy 8: 100.000000
Cost 8: 4.000000
Accuracy 9: 100.000000
Cost 9: 4.000000
