1	113
1	153
1	182
0	190
1	142
1	145
1	166
1	158
1	170
1	146
1	159
1	178
0	128
1	115
1	137
1	122
1	161
1	189
1	101
1	187
1	172
1	114
1	156
0	110
0	104
1	197
0	175
1	163
1	184
1	149
0	171
1	144
1	134
0	123
1	140
1	129
1	107
1	130
1	150
0	108
0	185
0	196
1	199
1	180
0	125
1	126
1	109
1	106
0	112
1	120
1	138
0	133
1	118
1	192
1	168
1	116
1	102
1	165
1	111
1	193
1	147
1	177
1	152
0	119
1	131
1	198
0	173
1	117
0	105
1	124
1	132
0	157
1	148
1	121
1	103
1	183
1	188
1	162
1	167
1	174
1	135
1	194
1	164
1	127
1	151
1	169
0	179
1	181
1	195
0	141
1	160
1	191
0	186
1	100
1	176
1	136
0	154
1	139
1	155
0	143