0	113
0	105
0	171
0	108
0	167
0	131
1	146
0	179
1	164
0	155
1	135
1	192
0	176
0	198
0	161
0	100
0	186
1	137
1	169
1	109
0	125
0	114
0	136
1	141
0	160
1	138
0	123
1	191
0	118
0	111
0	101
0	117
1	185
1	150
0	165
0	115
0	180
0	193
1	107
0	104
0	199
0	173
0	182
1	163
1	158
0	128
1	187
0	148
0	195
0	127
1	110
0	177
0	106
0	144
0	168
1	116
1	130
0	166
1	175
0	183
0	181
0	132
0	184
0	151
1	103
0	145
0	119
0	143
1	139
0	196
0	154
0	174
1	190
1	153
0	126
1	197
1	188
0	133
1	112
1	129
0	194
0	156
0	159
1	134
0	142
0	120
0	162
0	172
1	121
1	122
0	147
0	149
1	102
0	178
1	152
0	170
1	140
0	157
0	189
1	124