1	188
1	135
1	181
0	129
1	182
0	148
1	173
1	116
0	172
1	128
1	146
1	121
0	141
1	185
1	169
0	111
0	183
1	142
1	124
1	109
0	156
0	189
0	104
1	108
1	151
1	196
1	192
1	134
1	167
0	179
1	110
1	122
0	103
1	118
1	139
1	100
0	125
1	131
1	168
1	164
1	177
1	198
0	166
1	105
0	155
1	197
1	127
0	150
1	149
1	163
0	130
1	152
1	132
1	191
1	190
1	114
1	112
1	199
1	140
1	145
0	154
0	106
0	159
1	170
1	195
1	136
1	133
1	193
1	161
1	160
1	178
1	194
1	113
1	137
1	119
1	117
1	123
1	153
1	187
1	157
1	101
0	158
1	143
1	186
0	175
1	165
1	102
1	126
1	180
1	138
1	115
1	171
1	120
1	107
1	147
0	176
1	184
1	144
1	162
1	174