1	138
0	119
1	166
1	100
1	182
1	111
1	185
1	145
1	148
1	110
1	150
1	196
1	121
1	152
1	135
1	134
1	149
1	195
1	162
1	115
1	155
0	109
1	130
1	193
1	164
1	154
0	131
1	194
1	102
1	112
1	187
1	151
0	143
1	120
1	123
1	175
1	189
1	199
1	183
1	132
1	139
1	101
1	180
0	181
1	107
1	192
0	126
1	161
1	127
0	136
1	171
1	188
1	140
0	105
1	157
1	142
1	118
1	168
1	163
1	141
1	124
1	116
1	144
1	197
1	108
0	128
1	133
1	113
1	178
1	146
1	191
0	153
1	170
1	177
1	173
1	147
1	137
1	186
0	125
1	114
1	117
1	165
1	159
1	106
1	158
1	160
1	122
1	198
0	104
1	103
0	184
1	156
0	190
1	172
1	129
1	167
1	174
1	169
1	179
1	176