0	174
0	163
0	111
1	175
1	107
1	194
1	102
0	106
0	157
0	198
0	133
0	145
1	158
1	141
1	128
0	113
0	192
0	186
1	126
0	148
0	176
0	143
0	167
0	182
0	129
0	101
0	191
0	130
1	172
0	116
0	160
0	135
1	193
0	173
0	112
0	132
1	156
0	152
0	185
1	122
1	161
0	162
0	108
0	151
0	184
0	169
1	134
0	100
0	187
1	121
1	114
0	118
0	144
0	131
0	180
0	159
0	140
0	189
0	124
0	196
0	179
0	127
0	164
0	170
1	166
0	190
0	142
1	139
0	138
0	110
0	199
0	117
0	168
0	123
0	177
1	197
0	178
0	146
0	137
0	109
1	171
1	188
1	150
0	165
0	136
0	119
0	103
0	181
1	149
0	195
1	154
0	115
0	104
0	105
1	155
0	125
1	153
0	183
1	147
0	120