0	154
0	161
0	168
0	104
0	128
1	111
0	138
0	109
0	181
1	108
0	180
0	164
0	153
0	107
0	124
0	112
1	150
0	189
1	172
1	174
0	123
0	159
0	194
1	101
0	117
0	119
1	155
0	193
0	152
0	133
0	169
0	110
1	195
0	198
1	179
0	149
0	137
0	185
1	177
0	151
0	131
0	167
1	145
0	139
0	115
0	122
0	142
0	183
1	190
1	141
0	130
0	196
0	143
0	113
0	192
1	148
0	165
1	157
0	182
1	103
0	127
0	116
0	136
0	144
0	163
0	135
1	184
0	100
0	125
0	146
0	199
0	197
1	156
0	132
0	186
0	102
0	134
0	120
0	140
0	173
0	105
0	129
0	170
0	106
1	187
0	191
0	175
0	126
1	147
0	118
0	166
1	176
1	188
1	121
0	158
1	162
0	171
0	178
0	160
0	114