1	126
1	125
1	112
0	150
1	129
1	169
1	177
1	128
1	151
1	118
1	154
0	105
1	142
0	193
1	162
1	119
1	148
1	132
1	101
1	167
1	178
1	145
1	127
1	181
1	114
1	104
0	149
0	159
0	185
1	195
1	138
0	111
1	176
1	187
1	115
1	120
1	134
0	194
1	152
1	110
1	130
1	137
1	133
0	122
1	121
1	139
1	103
1	164
1	166
1	160
1	124
1	108
1	123
1	156
1	102
0	140
1	113
1	155
1	141
1	192
0	183
1	153
1	161
0	107
1	117
1	175
1	196
1	188
0	197
1	184
1	116
1	171
1	174
1	143
1	157
1	190
1	186
1	100
1	146
1	191
1	180
1	199
1	158
0	131
0	165
1	182
1	135
0	170
1	189
0	136
1	179
1	106
1	109
0	173
0	198
1	168
1	163
1	147
0	172
1	144