0	145
0	150
1	174
0	122
0	126
0	147
0	190
0	104
0	130
0	136
0	135
0	143
0	102
1	196
0	123
0	185
0	199
0	168
0	166
0	144
0	116
1	115
0	179
0	194
0	141
0	110
1	193
0	103
0	187
0	125
0	158
0	131
0	167
1	175
0	106
0	153
0	189
0	142
0	195
0	124
0	191
1	129
0	155
0	149
0	101
1	105
0	118
0	133
0	128
0	173
1	152
0	165
0	163
1	100
0	140
0	151
1	197
0	157
1	156
0	119
1	182
0	121
0	120
1	181
0	164
0	134
1	138
0	108
0	159
0	146
0	148
0	112
0	178
0	170
0	139
0	161
0	198
0	188
0	162
1	184
0	107
0	172
0	180
0	154
0	137
0	192
0	111
0	160
0	117
0	183
0	176
0	113
0	169
0	127
1	171
1	186
1	109
0	132
0	114
1	177