0	149
0	102
0	150
0	125
0	155
1	115
0	140
1	157
0	186
0	124
0	160
0	198
0	156
1	146
0	172
0	139
0	151
0	128
0	189
0	127
1	181
0	183
0	113
0	138
0	188
0	199
0	147
0	184
0	117
1	197
0	114
1	132
0	103
0	112
1	129
0	196
0	144
0	131
0	174
1	106
1	176
0	182
1	126
0	123
1	152
0	148
1	118
0	190
1	192
0	165
1	153
0	130
1	109
0	169
0	134
0	177
0	162
0	164
0	119
0	143
0	120
0	137
0	193
1	166
1	175
0	121
0	105
0	100
0	110
1	187
0	107
1	159
0	111
1	141
0	185
0	122
0	170
0	194
0	178
0	154
0	133
0	142
0	171
0	158
0	104
0	179
0	167
0	135
0	163
0	101
0	180
0	145
1	136
0	116
0	191
1	161
0	168
0	195
0	173
0	108