0	117
0	172
1	177
1	183
1	186
1	112
1	163
1	193
0	138
1	176
1	116
0	100
0	102
1	101
1	135
1	137
1	149
1	155
0	152
1	192
1	129
1	119
0	104
0	142
1	145
1	109
1	181
1	179
0	199
1	151
1	124
0	110
1	123
0	147
1	194
1	105
1	165
1	198
0	160
1	136
1	157
1	166
1	108
0	111
1	161
1	162
0	103
1	126
0	187
1	130
1	158
1	106
0	154
1	125
0	184
1	174
1	128
1	107
1	139
1	132
1	178
1	150
0	175
0	134
0	153
1	146
1	173
1	122
1	170
1	171
1	188
1	195
1	143
0	190
0	118
1	197
1	156
1	168
1	144
0	191
0	113
0	180
1	114
1	169
1	159
1	189
1	120
1	121
1	133
1	115
1	148
1	164
1	196
0	127
0	141
0	182
0	140
0	167
1	131
1	185