1	188
0	149
1	167
0	154
1	105
0	181
1	155
1	110
1	135
1	138
0	103
1	184
0	108
1	120
1	121
1	100
1	134
1	144
1	150
1	175
0	174
0	128
0	130
1	157
0	112
1	113
1	136
1	160
1	168
0	161
1	189
0	102
1	125
1	117
1	153
1	107
0	122
1	183
1	162
1	193
1	185
1	123
1	177
1	131
0	139
1	118
1	140
0	190
0	111
1	178
1	199
0	176
1	192
0	142
1	195
1	147
1	169
1	114
0	106
1	119
1	146
0	165
1	170
1	179
0	166
1	159
1	194
1	187
0	152
1	171
1	151
0	116
1	145
1	101
1	143
1	129
1	173
1	133
1	163
1	141
1	164
1	198
1	124
0	191
0	186
1	197
1	115
1	196
1	158
1	180
0	132
1	126
1	182
0	156
0	137
1	148
0	104
1	127
0	172
1	109