0	166
0	126
0	180
0	133
0	196
0	129
0	139
1	150
0	137
0	194
0	104
0	108
0	153
1	178
0	125
0	192
1	135
0	119
0	112
1	151
0	160
0	161
0	142
0	190
0	144
0	154
0	163
1	183
0	179
0	158
1	102
0	114
1	105
1	182
0	198
0	159
1	149
0	127
0	174
1	128
0	186
1	110
0	199
0	172
0	145
0	155
0	115
1	193
0	175
0	118
0	107
0	152
0	170
0	113
0	143
0	191
0	188
0	164
0	169
1	134
1	165
0	130
0	167
0	106
0	116
0	138
0	184
0	146
0	123
0	109
1	168
0	156
0	177
0	157
0	176
1	101
1	131
0	140
0	173
0	187
0	117
0	171
1	121
0	111
0	148
1	120
0	181
0	162
0	136
1	100
1	189
0	103
0	147
0	132
0	185
0	195
1	141
0	122
0	197
1	124