0	123
0	146
0	142
0	157
1	161
1	113
0	141
0	148
0	159
1	122
1	103
0	173
1	134
0	181
0	126
1	169
0	154
1	151
0	183
0	137
0	130
0	194
0	150
0	174
1	121
0	170
0	158
1	105
0	180
0	112
0	147
0	118
0	190
0	114
0	125
0	168
0	165
1	104
1	189
0	196
1	129
0	167
1	172
0	149
0	153
1	198
0	195
0	155
0	106
0	115
0	144
0	184
1	101
0	175
0	117
0	164
1	108
0	191
0	133
0	138
0	110
0	111
0	107
0	135
1	124
1	152
1	143
0	109
1	176
0	102
0	186
0	145
0	100
1	140
0	163
1	193
0	119
0	136
0	162
0	179
0	197
0	127
0	178
1	156
0	182
1	166
1	192
1	185
0	177
0	160
0	139
0	199
0	132
0	187
0	131
0	171
0	188
0	120
0	116
0	128