0	107
0	186
0	199
0	171
0	154
0	106
0	176
0	155
0	159
0	152
1	158
1	100
0	195
1	136
0	175
1	156
1	145
0	120
0	168
0	162
1	196
0	122
0	139
0	189
1	179
0	157
0	151
1	190
0	166
0	194
0	111
0	150
0	119
0	124
0	105
0	149
0	108
0	129
0	118
0	132
1	117
0	182
0	191
0	134
0	188
0	121
0	163
1	144
0	130
0	143
0	193
1	181
0	178
0	160
1	116
0	197
0	102
0	177
1	140
1	115
0	131
0	153
0	135
0	147
0	123
1	109
0	141
1	148
0	137
0	173
1	125
0	169
0	112
0	198
1	128
0	146
0	101
1	164
0	113
0	104
0	161
0	183
0	192
0	180
0	110
0	170
0	114
0	133
0	165
0	103
1	187
0	142
0	184
0	185
0	126
0	172
0	127
0	138
0	174
0	167