1	114
1	142
1	125
1	123
0	111
1	175
0	194
1	119
1	101
1	138
1	197
1	139
1	124
1	153
0	131
1	193
0	154
1	145
1	135
1	149
1	106
0	183
0	169
1	100
1	165
1	177
1	115
1	109
0	159
0	147
1	146
1	104
1	128
0	126
1	129
1	121
1	105
1	116
1	151
1	150
1	184
1	188
1	161
1	195
1	186
1	156
1	192
1	160
1	189
1	167
1	181
1	171
1	191
0	122
1	108
1	120
1	190
0	170
1	132
1	143
1	127
1	110
1	140
1	130
1	137
0	172
1	136
0	173
1	148
1	166
1	164
1	199
0	157
1	176
1	163
1	182
1	198
1	155
0	179
0	133
1	152
1	162
1	102
1	185
1	168
1	134
0	180
0	118
1	158
1	112
0	141
0	196
1	178
1	107
1	103
1	144
1	113
1	174
1	117
0	187