1	156
1	146
1	145
1	163
1	113
1	194
0	157
1	155
1	165
0	122
1	184
0	197
1	195
1	160
0	179
1	150
0	103
0	181
0	173
1	161
1	159
1	123
0	186
0	151
1	110
0	192
0	158
1	136
0	172
1	104
1	176
1	148
0	143
0	196
1	141
1	137
1	121
1	169
0	115
1	142
1	105
1	133
1	116
0	107
1	175
1	100
1	166
0	187
1	164
1	130
1	185
1	129
1	154
1	188
0	190
1	111
1	108
1	182
0	177
1	119
1	109
1	134
1	101
1	171
1	117
1	118
0	140
0	191
0	138
1	153
1	199
1	174
1	124
1	126
0	112
1	183
1	120
1	147
1	170
1	114
1	139
0	149
0	162
0	152
1	132
1	178
1	106
1	125
1	193
1	128
0	167
1	144
1	198
1	168
1	102
1	180
1	127
0	131
1	135
1	189