0	139
1	171
1	191
0	153
1	198
0	178
1	152
0	108
1	138
0	195
0	197
1	151
1	141
1	147
1	100
0	157
1	102
0	163
1	136
1	180
0	131
1	154
1	170
0	160
1	172
1	143
1	194
1	121
0	165
1	132
0	110
1	119
1	114
1	127
1	135
0	162
1	144
1	192
0	149
1	177
1	117
1	158
1	169
1	109
1	142
1	148
1	183
1	123
1	107
1	182
1	185
1	126
1	112
1	186
1	159
1	106
1	189
1	174
1	150
1	113
1	168
0	111
1	124
1	193
1	130
1	187
1	115
1	145
1	164
1	199
1	101
0	129
0	155
1	104
1	140
1	181
1	134
1	188
1	166
1	122
0	105
1	161
1	190
1	103
0	173
1	179
1	133
1	196
0	184
1	156
1	120
0	128
1	167
1	176
1	125
0	116
1	175
1	118
1	146
0	137