1	103
1	165
1	113
1	189
1	127
1	140
1	126
1	100
1	198
1	148
0	150
1	132
1	142
1	136
1	186
1	162
1	106
1	139
1	102
0	158
1	112
1	105
1	111
1	195
1	151
1	182
1	179
1	183
1	130
1	166
1	118
1	143
1	169
1	185
0	190
0	115
0	123
0	177
1	184
0	154
1	121
0	145
1	122
1	149
1	161
1	174
1	197
1	192
0	104
1	159
1	141
1	163
1	180
1	164
0	138
1	188
1	144
1	170
1	152
1	135
0	156
0	124
1	171
0	108
1	193
1	194
0	128
1	134
1	176
1	153
1	131
0	125
1	146
1	175
1	168
0	116
1	109
1	155
0	101
1	187
1	157
1	191
0	107
1	110
0	117
1	114
1	129
1	133
1	160
1	181
1	120
1	147
1	173
1	137
1	199
0	167
0	178
0	172
1	119
1	196