1	166
1	103
0	197
1	128
0	190
0	169
1	108
1	117
1	144
0	156
1	140
1	162
0	115
1	155
0	160
1	101
1	176
1	167
0	174
0	104
1	143
1	188
1	150
1	118
1	113
1	105
0	183
1	199
1	151
1	122
0	165
1	191
1	107
1	184
1	102
1	178
0	134
1	154
0	193
1	139
1	177
1	145
1	158
1	161
1	149
1	131
1	185
1	111
1	187
1	129
1	194
1	112
1	195
1	180
1	163
1	116
1	198
1	179
0	138
0	124
1	141
1	172
1	186
1	100
1	189
0	119
1	127
1	130
1	148
1	109
1	175
1	132
0	192
0	123
1	120
1	181
1	136
1	133
1	142
0	126
1	173
0	147
1	159
1	164
0	196
0	110
1	106
1	114
0	157
1	135
1	182
0	152
1	125
0	153
0	168
1	146
0	121
1	170
1	171
1	137