1	113
1	130
1	108
1	194
1	151
1	160
1	102
1	164
1	120
1	133
1	107
1	106
1	124
1	163
1	129
0	142
1	127
0	192
0	132
0	157
1	126
1	185
1	188
0	171
1	170
1	173
1	154
1	146
1	135
1	156
1	176
1	183
1	139
1	111
1	189
0	193
1	149
0	182
0	140
0	155
1	167
0	184
1	131
1	168
1	150
1	161
1	198
1	175
1	117
1	141
1	172
1	177
0	181
1	109
0	114
1	134
1	187
1	191
0	103
1	180
0	178
1	123
1	136
1	143
1	199
1	138
0	137
1	174
1	148
1	121
0	169
1	186
1	190
1	166
1	144
1	152
1	197
0	159
1	147
1	158
1	122
1	165
1	145
1	115
1	110
0	195
1	100
0	179
0	162
1	112
1	153
1	196
1	119
0	116
1	118
1	105
1	128
1	101
1	104
0	125