1	198
1	197
0	190
1	114
0	113
1	140
1	163
1	164
1	133
1	123
1	176
1	156
0	169
1	186
1	161
1	162
1	149
1	142
0	188
0	128
1	101
1	134
1	136
1	107
1	196
1	177
0	108
1	119
1	165
0	112
1	193
1	139
0	125
1	117
1	160
0	109
1	154
1	144
0	130
0	141
1	155
0	178
1	170
1	199
1	118
0	182
1	126
1	173
1	171
1	150
1	152
0	195
1	192
0	158
1	184
1	166
1	194
1	153
1	159
1	168
0	104
1	110
1	174
0	102
1	103
1	146
1	129
1	105
1	100
1	132
1	137
1	111
1	106
1	172
1	131
0	189
1	180
0	148
0	181
0	147
1	135
1	185
1	183
0	175
1	120
1	121
1	115
1	127
0	167
1	143
1	179
1	187
1	145
1	116
1	138
1	191
0	157
1	151
1	124
1	122