1	159
1	196
0	138
1	155
1	151
1	182
1	136
1	175
1	185
1	167
1	111
1	152
1	106
1	140
1	143
1	191
1	188
1	169
1	199
1	108
1	131
1	114
1	128
1	156
1	173
0	186
1	144
1	148
0	190
1	176
1	194
0	181
1	116
1	124
1	139
0	180
1	162
0	122
0	192
0	172
1	118
1	134
1	110
1	198
1	115
1	153
0	189
1	126
1	127
1	168
0	135
1	117
1	160
1	174
1	193
1	129
0	109
0	101
1	103
1	145
1	154
1	105
1	141
1	170
1	184
1	158
0	146
0	119
0	107
1	112
1	195
1	177
0	165
1	142
1	166
1	120
1	178
0	125
0	132
1	164
1	150
1	171
1	147
1	104
0	157
1	100
1	121
1	113
1	163
1	130
1	123
0	179
1	133
0	137
0	183
1	102
1	197
1	149
1	161
0	187