0	117
1	181
0	198
1	184
0	103
1	107
1	118
1	132
0	126
0	159
1	188
0	122
1	156
1	128
1	111
0	160
0	143
1	182
1	148
1	104
1	140
1	177
1	170
1	129
1	199
1	121
0	171
1	144
0	183
1	141
1	153
0	134
1	161
1	147
1	109
1	136
1	110
1	120
1	172
1	131
1	191
1	130
1	125
1	102
0	152
0	158
1	166
1	100
0	138
1	194
1	195
0	193
0	165
1	123
1	135
1	187
1	157
0	190
1	167
1	186
1	145
0	119
1	146
1	185
1	162
0	106
1	133
1	112
1	101
1	178
1	151
1	105
1	114
1	173
1	180
1	176
0	169
1	150
1	168
1	139
1	192
1	115
1	196
1	155
1	127
1	189
0	154
1	164
1	137
1	175
0	108
1	174
1	142
1	163
1	149
1	124
1	113
1	179
1	197
1	116