1	106
1	112
1	179
0	114
1	158
1	130
1	103
0	199
1	184
0	135
1	145
1	140
0	107
1	100
1	110
1	115
1	121
1	131
1	141
1	174
0	117
1	144
1	134
0	173
1	170
1	196
1	102
1	193
0	137
0	146
1	149
1	172
1	133
1	101
0	151
1	148
1	165
0	136
1	116
1	132
0	187
1	160
1	162
1	161
1	190
1	147
1	150
1	191
0	129
1	118
1	119
1	159
1	111
1	105
1	197
1	157
0	176
1	198
1	167
0	139
0	128
0	194
1	186
0	138
0	178
0	125
0	104
1	182
1	120
1	188
1	127
1	122
0	181
1	185
1	169
1	163
1	126
1	195
1	109
0	180
0	142
1	175
1	189
0	155
0	152
1	108
1	164
0	156
1	113
1	153
0	177
0	183
1	168
1	166
1	123
0	124
1	192
1	171
1	154
1	143