1	111
1	139
1	154
0	133
1	135
1	103
1	157
1	192
0	170
1	148
1	140
0	123
1	179
1	189
1	184
1	153
1	128
1	193
1	163
1	147
1	141
1	182
1	159
1	113
0	104
1	131
0	130
1	173
1	122
1	155
1	181
1	129
0	169
1	152
1	149
1	150
1	194
1	136
1	102
1	132
0	199
0	195
0	114
1	151
1	146
1	180
0	118
1	145
1	137
1	127
1	121
1	142
0	166
1	106
1	175
1	168
1	108
1	138
1	178
1	162
1	107
0	161
0	124
1	144
1	171
0	112
1	143
1	191
0	126
1	160
1	156
1	105
0	110
1	117
1	176
0	119
0	185
0	167
1	174
0	188
1	164
0	186
1	183
0	115
0	177
0	190
1	134
1	187
1	109
0	120
1	125
0	196
1	116
0	172
1	101
1	158
1	197
1	198
0	100
1	165