1	163
1	161
1	110
1	142
1	103
1	131
1	122
1	138
1	129
0	119
1	162
1	123
0	127
1	100
1	190
1	199
1	116
0	145
0	188
0	170
0	174
1	186
0	139
1	136
1	109
1	137
0	193
1	171
0	146
1	115
1	184
1	164
0	143
1	101
0	134
1	196
0	108
0	124
1	150
0	132
0	197
1	140
1	180
1	179
1	191
1	120
1	194
1	178
0	177
1	165
1	126
1	152
0	141
1	160
1	105
1	154
1	135
0	149
1	118
0	166
1	113
0	111
1	144
0	147
1	187
0	156
1	175
1	130
1	148
1	183
1	176
1	114
1	198
1	185
1	121
0	189
1	102
1	167
0	168
0	158
1	151
1	125
1	153
1	106
1	195
1	112
0	133
0	181
1	157
1	155
0	104
0	173
1	182
0	172
1	169
1	117
1	107
1	128
0	192
1	159