0	148
1	175
1	172
0	108
0	164
1	129
1	177
0	181
1	123
1	169
0	104
1	136
1	124
1	180
1	113
1	197
1	160
0	155
0	145
1	122
1	178
0	117
1	103
0	110
0	105
1	183
1	193
1	196
1	140
1	119
1	162
1	143
1	166
1	195
0	101
1	170
1	115
1	150
1	192
1	118
0	157
0	167
1	102
1	114
1	171
1	100
1	128
1	158
0	199
0	174
1	182
0	131
1	116
1	139
0	163
1	187
1	135
1	186
1	146
1	133
1	121
0	176
0	107
0	138
0	189
0	154
0	188
1	149
1	132
1	126
1	194
1	185
0	112
0	142
1	173
0	147
1	120
1	109
1	153
1	184
0	190
1	161
1	168
1	165
1	127
1	111
1	134
1	106
0	198
1	152
1	141
1	159
1	130
1	156
1	125
1	191
1	137
1	144
1	179
1	151