1	169
1	157
1	139
0	128
0	101
1	175
1	134
1	121
0	144
0	195
1	178
1	103
1	159
1	119
1	150
1	160
1	162
1	184
1	152
1	110
0	118
1	176
1	185
0	105
0	126
1	172
1	129
0	125
1	183
1	170
1	164
1	133
0	127
1	111
0	140
1	123
1	142
1	114
0	145
1	115
1	186
1	120
1	182
1	141
1	107
1	174
1	180
0	189
1	104
1	106
0	188
1	136
0	187
1	179
1	131
1	100
1	167
1	132
1	198
1	194
0	112
1	143
1	117
1	116
1	154
0	155
1	130
1	156
1	166
0	192
1	109
0	158
1	196
1	181
0	147
1	197
1	122
1	173
0	168
0	138
1	148
1	108
1	177
1	153
1	135
1	193
1	190
1	151
1	199
1	171
1	146
1	163
1	124
1	161
1	102
1	149
0	113
0	137
1	165
1	191