0	118
1	140
1	177
1	124
1	155
1	127
1	195
1	189
0	142
1	107
1	108
0	197
1	158
0	182
1	102
1	128
1	146
1	180
1	165
1	134
1	110
1	114
1	198
1	164
1	185
1	178
1	125
0	137
0	106
1	136
1	143
1	139
1	133
0	169
0	168
1	191
1	103
1	188
1	109
0	194
1	186
1	163
1	126
1	144
1	141
1	167
0	181
1	147
1	153
1	122
1	105
0	172
1	159
1	190
1	192
1	119
1	123
1	160
1	161
1	104
1	120
1	149
1	173
0	187
0	193
1	176
1	154
1	162
1	199
1	100
0	135
0	171
1	183
1	157
0	145
1	175
0	115
1	138
1	116
1	129
1	150
1	132
1	196
1	117
0	112
1	151
1	121
1	148
1	174
0	113
0	130
1	156
0	131
1	166
0	111
1	101
1	170
1	184
1	179
1	152