0	196
0	122
0	136
0	119
0	118
1	188
1	190
0	157
1	132
0	114
0	126
0	149
0	162
0	169
1	128
0	127
1	199
0	165
0	146
0	168
0	167
0	144
0	158
0	163
1	135
1	177
0	185
0	141
0	182
0	142
0	151
0	186
0	109
0	143
1	123
0	113
0	150
0	116
0	183
0	130
0	193
0	159
0	110
0	111
1	187
0	108
0	195
1	179
0	153
1	104
0	180
0	145
0	103
0	191
0	138
1	140
1	198
0	176
0	189
0	131
1	134
0	173
1	164
0	102
1	194
0	129
1	175
0	133
0	155
1	156
0	160
0	171
0	161
0	192
0	112
1	106
0	139
0	197
0	178
0	105
0	117
1	121
0	124
0	120
1	154
0	184
0	137
0	172
0	181
0	115
0	148
0	170
0	166
0	147
0	125
0	152
0	107
0	174
0	101
0	100