0	136
1	165
1	185
1	103
1	164
1	152
0	148
0	175
1	196
1	194
1	177
1	141
1	190
0	171
1	114
0	160
1	116
1	176
1	145
0	149
0	147
1	138
0	169
1	131
0	133
0	166
1	119
0	125
0	193
1	155
1	179
0	151
1	161
1	112
1	130
1	135
1	121
1	183
1	127
1	170
1	173
1	181
1	154
1	197
0	146
1	168
0	117
1	120
1	172
1	118
1	159
1	129
0	199
0	109
1	122
1	153
1	150
1	108
0	126
1	105
1	188
1	174
1	111
1	186
0	139
1	137
1	180
0	167
1	195
0	191
0	128
1	187
0	104
1	106
1	157
0	115
1	158
1	163
1	192
1	184
0	140
1	132
0	123
0	101
0	107
1	110
1	198
1	156
1	134
1	100
0	102
1	124
1	113
1	178
0	162
0	144
0	143
0	142
0	189
1	182