1	183
1	184
1	126
1	161
0	115
1	105
1	180
0	160
0	159
1	134
1	132
1	106
1	107
0	120
0	129
0	137
0	138
1	176
1	178
1	154
1	100
1	150
1	190
1	145
0	135
1	133
0	110
1	139
1	177
1	123
0	104
0	116
0	193
1	163
1	109
1	174
0	118
1	172
0	157
0	170
0	158
1	165
1	198
1	153
1	185
1	152
1	124
1	111
1	186
1	103
0	164
1	175
1	192
1	169
1	112
1	189
1	149
0	108
1	179
0	199
1	196
1	195
1	197
1	136
1	171
0	156
0	143
0	117
1	121
1	182
0	142
0	113
1	155
1	188
1	147
1	131
1	122
1	173
1	162
1	168
1	148
1	194
1	146
1	141
1	140
1	144
0	128
1	125
1	119
0	166
1	187
0	101
1	151
1	191
1	130
1	127
1	167
1	114
1	181
0	102