1	199
0	192
1	153
1	136
1	110
1	195
1	152
0	173
0	154
1	115
1	117
1	169
0	145
0	193
1	106
1	125
1	187
1	159
1	165
1	121
1	101
1	108
1	148
1	191
1	107
1	111
1	112
0	160
1	139
0	114
0	132
1	174
1	175
1	190
1	166
1	158
1	197
1	105
1	196
0	122
0	137
1	144
1	127
1	130
1	104
0	109
1	142
1	113
0	131
1	163
0	156
1	181
1	143
1	147
0	177
1	155
1	102
1	100
0	194
1	124
1	179
1	162
1	134
1	116
1	184
0	118
1	103
0	133
1	178
1	164
1	149
1	129
1	135
0	189
1	198
1	140
0	119
0	161
0	176
1	141
1	126
1	157
1	167
1	146
1	183
1	168
1	188
1	151
1	171
0	120
1	186
0	172
1	123
1	182
1	150
0	138
1	185
1	128
0	180
0	170