1	167
1	129
1	174
0	199
1	103
1	158
1	188
1	192
1	146
1	193
1	186
1	106
1	113
0	111
0	108
1	116
0	145
1	119
0	182
1	194
0	121
1	179
1	149
1	172
1	114
1	104
1	162
1	117
0	176
1	137
0	132
0	143
1	183
1	135
1	184
0	170
0	101
1	196
1	180
0	190
1	187
1	173
1	122
1	189
0	105
1	142
1	169
1	141
1	164
0	102
1	115
1	155
1	160
0	181
0	126
1	157
1	198
1	131
1	112
1	153
0	118
1	120
0	128
1	123
1	100
1	150
1	107
0	163
1	140
0	139
1	124
1	134
1	191
1	151
0	165
1	175
1	148
1	138
0	152
1	197
1	166
0	130
1	171
1	159
0	178
1	177
1	125
0	154
1	195
1	147
1	136
1	168
1	127
1	110
1	109
1	185
1	156
1	161
1	133
1	144