1	147
1	163
0	131
0	139
1	121
1	120
1	166
1	137
1	114
1	184
1	136
1	133
1	149
0	190
1	134
1	153
0	100
1	183
0	174
1	180
1	138
1	104
0	108
1	148
1	179
0	143
1	191
1	171
1	127
1	170
1	113
0	102
1	110
0	156
1	132
1	140
0	117
1	142
1	172
1	124
1	173
1	188
1	151
1	198
1	155
1	164
1	112
0	169
0	101
1	125
0	103
1	118
1	159
1	146
0	106
1	197
1	178
1	154
0	165
1	189
1	175
1	107
1	177
1	130
1	196
1	135
1	145
1	116
0	186
1	168
0	158
1	126
1	141
1	157
1	119
1	161
1	129
0	123
0	185
1	167
1	144
1	122
1	199
1	105
1	181
1	194
0	115
0	160
1	111
1	152
0	192
1	195
0	187
0	176
0	128
1	162
0	150
1	109
1	193
0	182