1	122
0	158
1	115
1	150
1	172
1	160
0	138
1	116
0	112
1	145
0	106
1	147
1	144
1	159
1	188
1	185
1	129
1	128
1	177
1	164
1	161
1	132
1	199
0	104
1	105
1	134
1	146
1	102
1	148
1	193
0	197
1	119
1	170
1	167
1	156
1	166
1	191
0	110
1	176
1	113
0	186
1	169
1	135
1	192
0	143
1	136
1	118
0	168
1	157
1	171
1	123
1	178
1	194
1	101
0	140
0	153
0	142
1	163
1	162
1	198
1	137
0	133
0	152
0	180
0	149
1	127
1	183
1	130
1	141
0	189
0	125
1	111
0	154
1	108
1	103
0	174
1	155
0	151
0	120
0	173
1	114
1	121
1	175
1	165
1	124
0	107
0	187
0	184
1	195
1	126
1	181
1	196
1	139
1	190
1	109
0	117
1	179
1	182
1	131
1	100