0	134
1	165
1	153
1	114
0	110
1	139
1	155
0	107
1	163
0	187
1	131
1	184
1	161
0	162
1	120
1	151
1	177
1	191
1	103
1	100
1	181
0	133
1	132
0	108
1	198
0	174
1	166
1	102
1	171
1	130
1	109
1	125
1	149
1	152
1	164
1	150
1	145
1	186
1	148
1	136
0	123
1	129
1	194
0	106
1	116
0	190
1	193
1	147
1	192
1	113
1	141
0	122
0	167
1	195
1	127
0	135
1	185
1	140
0	117
1	126
1	128
1	159
0	199
1	105
1	158
0	160
1	179
0	146
1	168
1	121
1	169
0	138
1	124
1	119
1	197
1	189
0	172
0	173
0	180
1	175
0	111
1	196
0	154
1	137
1	144
1	176
0	101
0	142
1	182
1	104
1	112
1	115
1	156
0	157
1	143
0	170
1	178
1	118
1	188
0	183