1	157
1	164
0	105
1	122
0	193
0	120
0	100
0	180
0	142
0	147
0	150
1	141
0	191
1	161
1	183
0	110
0	198
1	188
0	102
1	156
0	153
0	139
0	195
0	155
0	116
0	185
0	108
0	194
1	178
0	166
0	159
0	121
0	197
0	123
0	113
0	111
0	144
1	148
1	131
0	163
0	104
0	158
1	134
0	112
1	190
0	177
0	186
0	140
0	132
0	181
1	115
0	170
0	126
0	135
0	109
0	168
0	130
0	145
1	114
1	196
1	173
0	184
0	137
0	129
0	152
1	106
0	151
0	143
1	175
0	117
0	169
0	125
0	103
0	171
1	128
1	146
0	118
0	138
0	162
1	101
0	182
0	189
0	179
0	107
1	119
0	174
0	187
0	192
1	127
1	124
0	165
1	160
0	154
0	133
1	176
1	172
0	167
0	149
0	199
0	136