1	116
1	101
1	140
1	177
1	122
1	138
0	161
1	170
1	198
1	100
1	186
1	145
1	165
1	169
0	130
0	189
1	175
1	193
1	129
1	143
1	132
0	168
0	153
1	166
1	181
0	171
1	179
1	180
0	102
1	157
1	115
1	142
1	183
1	110
1	146
1	141
1	197
0	136
1	173
1	191
1	108
0	187
1	105
1	135
0	158
0	109
1	131
0	119
1	160
0	176
1	124
1	121
1	104
1	113
0	163
1	152
0	148
1	192
1	144
0	106
1	137
1	194
0	114
1	159
0	185
1	164
1	151
0	155
0	178
1	199
1	172
1	184
1	139
1	190
1	182
1	195
0	162
1	112
0	154
1	150
0	167
0	107
1	127
1	120
1	111
1	133
1	149
1	126
1	134
1	196
1	174
0	103
1	128
1	125
1	118
0	147
1	123
0	156
1	188
1	117