1	186
1	164
0	126
1	105
0	146
1	125
1	108
0	155
1	158
1	117
1	182
1	190
0	132
0	120
1	103
0	160
1	179
1	138
1	127
0	198
1	176
1	128
1	156
1	165
1	184
1	188
0	116
1	131
1	129
1	130
0	104
1	199
1	162
1	172
1	142
1	193
1	173
0	175
1	133
0	110
1	123
1	144
1	169
1	118
0	178
0	124
1	149
1	171
0	140
1	136
1	150
0	168
1	191
1	170
0	137
1	141
1	194
1	100
0	147
1	166
1	109
1	106
1	163
0	102
1	157
1	152
1	145
1	148
1	174
1	101
0	180
1	177
0	135
1	187
1	143
1	151
0	189
0	134
1	167
1	181
0	121
1	122
1	195
0	139
1	153
0	114
1	161
1	183
0	112
1	119
1	111
0	192
1	107
1	197
1	185
1	159
1	154
0	113
1	115
1	196