1	114
0	145
0	115
0	100
0	197
0	144
0	133
0	195
0	122
0	168
0	157
0	180
0	138
0	101
0	132
0	179
0	178
0	164
1	182
0	172
0	110
0	124
0	134
0	151
0	127
0	163
0	169
1	156
0	105
0	148
0	125
1	175
0	103
0	142
0	123
0	150
1	137
1	118
0	162
0	111
0	136
1	149
0	117
0	146
0	191
1	176
0	194
0	173
1	154
0	106
1	160
0	143
0	174
0	128
0	131
0	102
0	170
1	181
0	188
0	198
0	140
0	135
0	161
0	165
0	166
0	112
1	190
0	199
1	186
1	177
0	183
0	126
0	108
0	167
1	147
0	141
0	121
0	130
1	184
0	196
0	171
0	155
0	129
0	104
0	192
0	113
0	158
0	159
0	120
0	189
0	185
0	187
1	139
0	152
0	153
0	119
0	107
0	193
0	116
0	109