1	153
1	138
0	160
1	143
1	109
1	197
1	174
1	111
0	113
1	199
0	172
1	198
1	106
0	183
1	196
1	132
1	156
1	126
1	189
0	185
0	114
1	163
1	186
1	105
1	192
1	133
1	124
0	187
1	149
0	188
1	129
1	121
0	180
1	181
1	119
0	177
0	162
1	139
1	148
1	164
1	151
1	173
1	161
1	182
1	115
0	195
1	157
0	194
0	135
1	118
1	104
0	179
1	123
1	101
1	102
1	146
1	140
1	169
1	130
1	127
1	131
1	193
1	170
1	103
1	141
1	144
1	117
0	168
1	134
1	184
1	145
1	150
1	167
1	108
1	158
0	137
1	112
1	178
1	116
0	155
1	175
1	176
1	128
1	154
1	190
0	152
0	120
0	125
0	142
1	159
1	147
1	122
1	165
0	107
1	110
1	100
1	166
1	171
1	136
1	191