0	101
0	167
0	162
0	120
0	159
0	143
0	102
1	139
1	156
0	150
0	119
0	103
0	160
0	190
0	199
0	186
0	198
0	161
0	115
0	153
0	144
0	132
0	135
0	114
0	189
1	172
0	105
0	127
0	178
0	142
0	170
0	169
1	173
0	125
0	187
0	175
0	174
1	112
0	130
1	124
1	151
1	164
0	158
1	137
0	193
0	113
0	107
0	129
0	180
0	110
0	194
0	116
0	140
0	138
0	123
0	141
0	183
0	157
0	168
1	145
0	128
1	176
1	147
1	197
0	166
0	182
0	117
0	163
0	196
0	154
0	192
0	146
1	118
1	181
1	152
1	108
0	155
1	109
0	171
1	100
0	149
1	177
0	179
0	111
0	104
1	122
0	106
0	188
0	131
0	136
0	121
0	185
1	134
0	165
0	133
1	184
0	148
0	126
0	191
0	195