0	147
0	181
0	197
0	173
0	121
0	176
1	115
0	178
0	119
0	132
0	166
0	189
0	154
1	193
0	184
0	124
1	169
0	131
0	105
0	113
0	158
0	187
0	192
1	117
0	194
1	151
0	177
0	146
0	161
0	100
0	128
0	150
1	126
0	135
1	198
0	139
1	143
0	183
1	164
0	175
0	130
0	140
0	118
0	122
1	180
1	172
0	168
0	188
0	153
0	160
0	127
0	165
0	138
0	195
0	149
1	156
0	186
0	114
1	174
0	129
0	185
1	170
1	106
0	196
1	125
0	159
0	116
0	110
1	157
0	109
1	191
1	102
1	137
0	148
0	107
0	104
0	133
0	182
0	152
0	142
0	190
0	163
0	162
0	136
0	108
1	141
0	155
0	123
1	179
0	171
0	120
0	145
0	199
0	112
0	144
0	134
0	111
0	101
0	167
0	103