0	167
0	196
1	161
0	131
1	148
0	192
0	189
0	179
0	111
0	160
1	108
0	112
1	101
0	137
0	129
0	168
1	170
0	120
0	165
0	182
1	199
0	104
1	169
0	123
0	127
1	122
1	106
0	193
0	140
0	171
0	126
1	186
1	173
0	151
0	145
0	155
0	190
0	141
0	191
0	110
1	130
0	114
0	116
0	103
0	180
1	142
0	188
1	174
0	132
0	198
0	136
0	163
1	102
1	146
0	164
0	124
0	118
0	177
0	194
0	175
1	195
0	152
0	183
0	157
1	100
1	125
0	178
1	197
0	107
0	181
0	153
0	134
0	185
1	138
1	128
0	143
1	121
0	172
0	176
0	159
1	144
1	166
0	117
0	133
0	119
0	147
0	115
0	139
0	113
0	149
0	150
0	187
0	154
0	135
0	158
0	184
0	105
1	162
1	109
0	156