0	166
0	107
1	124
0	157
0	184
1	187
0	155
1	163
0	122
0	139
0	133
1	179
0	164
0	159
0	154
1	152
0	121
0	193
1	138
0	108
0	177
1	114
0	156
0	128
0	116
1	188
1	120
0	134
1	182
0	145
0	131
0	129
0	113
0	170
0	191
0	168
0	199
1	196
0	175
0	165
0	153
0	136
1	110
1	101
0	127
0	125
1	143
0	109
0	112
0	100
0	174
0	117
0	198
0	167
0	141
1	102
1	137
0	151
0	148
0	189
0	186
1	185
0	144
0	142
0	176
0	106
0	190
0	172
0	104
0	140
0	162
0	178
1	146
0	147
0	130
0	126
0	119
0	132
0	171
1	158
0	197
0	150
0	195
0	173
0	105
0	194
1	180
0	111
0	118
1	181
0	123
0	115
1	135
0	169
0	103
0	160
0	192
0	161
0	183
0	149