1	113
1	149
1	139
0	134
1	146
1	102
1	109
0	198
1	115
1	144
1	174
0	156
1	179
1	187
1	199
1	127
1	172
0	110
0	103
1	106
1	123
1	118
1	122
0	170
1	159
1	136
1	105
1	120
1	188
1	190
1	193
1	107
0	100
1	101
1	182
1	104
1	186
1	155
1	157
0	152
0	178
0	180
1	177
0	191
0	160
1	116
1	111
0	161
1	140
1	143
1	119
1	196
1	153
1	141
0	164
0	108
1	133
1	173
1	138
0	154
1	165
1	112
1	117
1	169
0	168
0	194
1	132
0	166
1	129
1	131
1	162
1	192
1	135
1	137
1	142
1	158
1	197
1	147
1	130
1	163
1	184
1	167
1	125
1	189
0	124
1	128
1	126
1	145
1	175
1	195
1	151
1	185
1	148
1	176
1	114
1	171
1	181
1	183
1	121
1	150