1	102
0	112
0	114
0	137
0	150
0	148
1	143
0	138
1	122
0	111
0	170
0	183
0	109
1	166
1	127
1	191
0	117
0	186
0	151
1	140
1	188
1	116
0	174
0	133
0	152
0	134
0	161
0	176
0	169
0	184
0	145
1	189
0	153
0	168
0	107
1	129
0	182
0	120
1	149
0	146
0	195
0	147
0	164
0	199
0	193
0	121
0	136
1	197
1	126
1	175
1	142
1	130
1	160
0	187
0	192
1	106
0	123
0	180
1	113
0	162
0	125
0	194
0	104
0	110
0	157
1	190
0	131
0	132
0	196
1	128
0	124
0	167
0	155
1	135
0	119
0	198
0	165
0	185
0	173
0	105
0	163
1	159
0	118
0	181
1	156
0	172
0	101
0	144
0	177
0	115
0	139
0	178
1	103
0	141
0	154
0	158
0	179
1	100
0	108
0	171