0	110
0	164
0	123
0	141
0	157
0	160
0	125
0	158
1	179
0	154
0	124
0	111
0	150
0	144
0	197
0	102
0	163
0	168
1	133
0	134
0	106
0	190
0	156
0	117
0	167
0	196
0	127
0	148
0	159
0	170
0	152
1	142
0	114
0	184
1	107
0	103
1	129
0	136
0	155
0	187
0	191
1	162
0	183
1	101
0	178
0	177
1	188
0	169
1	140
1	128
0	166
0	149
0	112
0	195
0	182
0	175
0	105
1	115
0	137
0	146
0	116
0	108
1	194
0	118
1	193
0	109
0	186
1	120
0	104
0	145
0	147
0	181
0	185
0	132
0	151
1	139
0	121
0	119
0	143
0	198
0	180
0	113
1	165
0	189
0	153
0	130
0	176
0	174
0	100
0	131
0	126
0	122
1	192
0	135
0	173
0	171
0	161
0	199
0	138
0	172