1	183
0	148
1	137
1	188
0	157
1	140
1	117
1	182
1	126
1	179
1	135
1	199
1	100
1	196
1	132
1	138
1	134
1	168
1	176
1	175
1	155
1	177
0	102
1	164
1	170
1	185
1	180
1	119
0	141
1	104
1	171
0	198
1	127
0	114
1	133
1	106
0	136
1	158
1	110
1	197
1	122
1	103
0	167
1	115
0	159
1	125
1	169
1	191
1	178
1	107
1	111
1	120
1	108
1	149
1	165
1	112
1	142
1	123
1	101
1	189
1	173
1	131
0	139
0	128
0	193
1	147
1	145
1	192
0	121
1	163
1	166
0	194
1	130
1	190
1	172
1	116
1	144
1	174
0	195
1	154
1	124
1	113
1	105
1	186
0	153
1	181
1	129
0	162
1	156
1	109
0	143
1	151
1	152
0	161
1	160
0	146
0	184
1	118
1	187
1	150