0	126
0	142
0	173
0	199
0	198
0	190
0	153
0	139
0	196
1	134
0	148
0	123
0	106
0	109
0	166
0	118
0	107
0	191
0	185
0	167
0	108
0	182
0	114
0	178
0	104
0	119
0	102
0	179
0	193
1	162
0	143
1	168
0	133
0	147
0	144
1	152
0	163
1	174
0	161
0	154
1	188
0	113
0	184
1	122
0	187
1	136
1	140
1	155
0	117
0	170
0	115
0	100
1	151
0	181
0	138
0	192
0	189
1	116
0	105
0	164
0	128
1	146
0	135
1	150
0	172
0	110
0	177
0	156
1	131
0	111
0	183
1	127
0	120
0	169
1	129
0	137
1	141
0	180
0	124
0	195
1	175
1	112
0	132
0	158
0	145
1	159
0	121
0	194
0	101
0	165
0	125
0	171
0	103
0	149
0	157
0	130
0	197
0	186
0	160
0	176