1	106
0	165
0	155
1	184
1	162
1	102
1	108
1	187
1	160
1	110
1	189
1	173
1	197
1	159
1	145
1	174
0	118
1	129
1	109
1	179
0	182
1	131
1	185
1	169
1	127
0	152
1	132
1	103
1	164
1	112
1	153
1	142
1	186
1	121
1	183
1	149
0	171
1	116
1	141
1	178
1	126
0	148
1	181
0	107
0	133
0	195
1	192
1	175
1	137
1	176
1	136
0	163
1	122
0	170
0	130
1	161
1	115
1	150
0	138
1	196
1	188
0	123
0	100
1	180
0	139
0	158
1	191
0	193
1	124
1	135
1	120
1	198
1	156
1	105
0	157
1	104
1	199
1	194
1	144
1	167
0	172
1	101
1	177
1	154
1	140
1	146
1	134
1	119
1	114
1	151
1	166
1	168
1	147
1	190
0	128
0	143
0	125
1	113
1	111
0	117