1	178
0	161
0	163
0	190
0	112
1	179
0	197
0	100
0	132
0	106
0	149
1	189
0	196
0	109
0	101
1	175
0	152
0	110
0	165
1	158
0	118
0	155
0	164
1	172
0	174
0	199
0	160
1	136
0	157
0	194
0	103
0	180
0	117
1	122
1	139
1	171
0	187
0	148
0	144
1	169
1	156
0	173
0	124
0	138
0	140
1	170
0	192
0	154
1	162
1	107
0	129
1	102
0	193
0	159
0	135
0	142
0	167
1	121
0	145
0	153
1	143
0	184
0	115
0	198
0	119
0	111
0	147
0	126
0	186
0	151
0	113
0	128
0	191
0	166
0	108
1	120
1	150
0	181
0	176
0	188
1	177
0	141
0	195
0	133
0	123
0	137
0	105
1	116
0	114
1	131
0	183
1	182
1	185
1	125
0	168
0	134
0	104
0	130
1	146
0	127