0	124
0	134
0	159
0	101
1	181
0	193
1	171
0	197
0	133
0	149
1	152
1	136
0	196
0	146
0	128
0	185
0	166
1	157
0	148
0	144
0	109
0	183
0	141
0	179
0	187
0	161
1	114
1	110
0	198
0	182
0	186
0	127
0	102
1	175
1	118
1	153
0	111
0	135
0	165
0	104
1	163
0	178
1	174
1	140
0	156
1	143
0	180
0	126
1	195
0	142
1	100
0	130
1	112
1	151
0	189
1	147
0	172
0	122
0	132
0	108
0	192
0	107
0	164
1	160
0	115
0	137
0	105
1	158
0	138
0	199
0	150
0	113
0	191
1	120
1	129
0	103
0	170
1	169
0	154
0	106
0	190
0	123
1	155
0	125
0	117
1	168
1	188
0	177
0	145
1	121
1	173
1	176
0	131
1	139
1	167
0	194
0	162
1	116
0	119
0	184