1	110
1	194
0	182
1	111
1	131
0	138
1	122
1	186
1	162
1	177
1	124
1	160
1	155
1	181
1	151
1	132
1	153
0	121
1	147
0	102
1	199
1	174
0	128
1	171
1	127
1	107
0	144
1	112
1	173
1	188
1	123
1	105
0	136
0	143
1	161
1	119
1	169
0	134
1	165
1	120
1	184
1	125
0	117
1	141
1	157
1	180
0	118
1	170
1	140
1	130
1	195
1	149
1	150
1	146
1	129
1	198
0	115
1	116
1	190
1	193
1	192
1	158
0	104
1	137
0	168
1	156
1	148
1	135
1	183
1	126
0	103
1	113
1	191
1	167
1	172
1	178
0	109
1	101
1	197
1	139
1	166
1	179
0	189
1	100
1	154
1	114
1	106
1	196
0	176
1	152
1	175
1	133
1	142
1	159
1	164
1	145
0	163
0	187
1	108
1	185