1	156
1	149
1	187
0	105
0	165
0	122
1	151
0	153
1	112
0	193
0	139
0	197
1	135
1	128
1	137
0	152
0	107
0	163
1	158
0	131
0	188
1	111
0	190
0	172
0	161
1	109
0	136
0	166
0	102
1	120
0	171
0	176
0	148
1	143
0	155
0	140
0	179
0	103
0	169
0	195
1	121
1	147
1	185
0	141
0	115
0	194
0	133
0	134
0	129
1	108
0	168
1	100
0	124
0	199
0	159
0	138
0	106
0	118
1	104
0	142
0	191
0	175
0	132
1	101
0	173
0	119
0	144
1	178
1	167
0	174
0	181
1	145
0	113
0	180
0	125
0	127
0	164
1	162
0	160
0	196
0	154
0	130
0	114
0	198
0	183
0	177
0	116
1	150
0	146
1	189
0	184
0	157
1	186
1	182
0	110
0	117
0	123
0	170
0	126
0	192