1	183
0	167
1	122
0	106
1	133
1	164
1	140
0	124
1	194
1	166
0	114
1	172
0	156
0	115
1	126
0	109
0	143
1	195
1	190
1	174
0	177
1	113
1	162
0	152
0	103
0	159
0	146
1	127
0	139
0	138
0	110
0	123
0	178
0	142
1	196
0	193
0	173
1	198
1	188
0	158
0	161
0	108
0	104
0	130
0	150
0	169
1	129
0	155
0	185
0	118
0	120
0	128
0	163
0	102
1	112
0	170
0	186
1	160
0	176
0	141
0	180
0	181
0	184
0	171
1	107
0	179
1	182
0	191
0	136
0	111
0	144
1	154
1	199
0	145
0	105
0	132
1	125
0	148
0	151
0	131
1	121
1	135
0	187
0	137
0	101
0	153
0	116
0	147
1	175
0	165
1	197
0	149
0	134
0	168
0	189
1	100
0	117
0	119
1	157
0	192