1	138
1	105
1	187
1	142
1	159
1	167
0	156
1	179
0	173
0	108
1	171
1	164
1	102
1	132
1	195
0	123
1	119
1	199
1	166
1	178
1	180
0	150
1	139
0	107
0	147
0	104
1	151
1	161
0	154
0	120
1	111
1	197
0	149
1	122
0	128
1	115
0	127
1	198
0	126
1	116
0	177
1	103
1	131
1	158
1	136
1	148
1	146
0	189
0	106
1	143
1	169
1	110
0	176
1	112
1	162
1	193
1	121
1	145
1	125
1	192
1	134
1	101
1	175
1	165
1	196
0	117
1	181
1	140
0	174
1	185
1	194
1	129
0	109
1	141
1	182
1	124
1	188
1	163
0	183
1	184
1	172
1	152
1	144
1	135
1	114
1	118
0	137
1	190
1	170
0	130
0	191
0	168
1	133
1	157
1	160
1	186
1	153
1	113
1	155
0	100