1	132
1	188
1	100
1	193
1	117
1	102
1	154
1	104
0	135
1	170
1	110
0	115
1	187
1	180
0	174
1	175
1	119
1	167
1	126
1	114
1	122
1	162
0	121
1	181
1	160
1	108
0	106
1	140
1	199
1	153
1	192
1	105
1	179
1	178
1	190
1	146
1	172
1	130
0	131
1	149
1	123
1	182
1	107
1	186
1	168
0	142
0	189
0	152
1	166
1	161
1	134
1	103
0	112
1	184
1	198
1	128
1	127
1	136
1	157
1	165
1	155
0	169
1	171
1	148
1	141
1	120
1	195
1	150
0	137
1	183
1	196
0	111
0	109
1	145
1	194
1	159
0	158
1	138
1	118
1	173
0	129
1	124
1	101
0	156
1	144
1	164
1	139
1	143
1	197
1	185
1	177
1	151
1	176
1	191
0	133
1	147
1	113
1	116
1	125
1	163