0	120
1	113
1	133
1	180
1	131
1	158
1	152
1	121
1	100
1	125
0	146
1	116
0	199
1	155
1	123
1	165
1	144
0	115
1	167
1	138
1	176
1	112
1	111
1	147
0	119
0	170
1	156
1	132
0	179
0	128
1	171
1	117
1	108
1	154
1	157
0	104
1	107
1	159
1	142
1	126
1	127
1	137
0	190
0	134
1	198
1	106
1	193
0	122
1	105
1	164
0	109
1	182
1	136
1	181
0	130
1	184
1	173
1	188
0	172
1	191
1	102
1	178
1	162
1	186
1	149
0	114
0	185
1	153
1	175
1	151
1	124
1	189
0	145
1	129
0	101
1	195
1	177
1	169
1	174
1	150
1	194
0	135
1	163
0	160
1	161
1	103
1	110
1	197
1	140
1	168
1	143
1	183
1	196
1	139
1	192
0	187
1	141
1	148
1	118
1	166