1	189
1	144
1	130
0	153
1	105
1	155
1	122
1	194
1	185
1	180
0	177
1	119
1	131
1	178
1	161
0	170
1	171
1	168
1	184
1	102
1	151
0	115
1	188
1	154
1	128
1	136
1	195
1	100
0	125
0	140
0	156
1	179
1	174
1	159
1	196
1	124
0	157
0	129
0	108
1	172
1	183
0	137
1	163
0	114
1	120
1	165
1	173
1	110
1	139
0	106
1	107
1	160
1	133
0	143
1	149
0	101
1	152
1	192
1	191
1	162
1	198
1	138
1	147
1	186
1	190
1	112
0	113
1	127
1	166
1	197
1	132
0	142
0	169
1	117
1	181
1	176
1	116
1	164
0	121
1	135
0	158
1	109
1	123
1	126
1	134
1	118
1	167
0	182
1	111
1	150
1	193
1	199
1	141
1	104
1	103
1	148
1	146
1	187
0	145
0	175