1	111
0	110
0	146
0	123
0	180
1	127
1	138
1	115
1	126
1	152
1	107
1	131
1	192
1	184
0	151
1	106
0	137
1	163
1	159
1	195
1	139
0	147
0	142
1	149
0	156
0	117
0	196
1	143
1	164
1	178
1	189
0	122
0	162
0	116
1	193
1	141
1	132
1	103
1	124
1	140
1	134
1	198
1	174
1	155
0	186
1	109
1	144
0	118
1	119
1	135
1	179
1	171
1	129
1	181
1	148
1	173
1	154
1	101
1	185
1	114
1	102
0	145
0	153
0	190
1	182
1	121
0	166
1	150
0	172
1	167
1	176
1	113
0	168
1	125
1	165
1	160
0	199
1	157
1	120
1	187
0	133
1	100
1	136
1	183
1	161
1	105
0	108
1	128
1	104
1	177
1	158
1	188
1	197
1	169
0	175
1	112
1	191
1	170
1	194
1	130