1	154
1	125
1	150
0	140
0	135
1	152
1	118
0	198
1	160
0	130
0	137
1	164
1	163
1	159
1	139
0	129
1	187
1	131
1	103
0	166
1	123
1	133
1	127
1	119
1	146
0	155
1	169
1	102
1	120
0	134
1	188
1	112
0	186
0	142
1	115
1	124
1	108
1	181
0	110
0	197
1	109
1	165
1	171
1	176
0	144
0	148
1	190
1	161
0	117
1	153
1	170
1	121
0	189
0	128
1	116
1	183
0	141
1	179
1	162
0	167
0	151
0	168
1	185
1	143
1	193
1	196
1	195
1	105
1	104
1	106
1	100
1	101
1	114
1	178
1	184
1	145
1	172
1	182
1	177
1	132
0	180
1	107
1	149
1	173
1	126
1	111
0	138
1	192
1	158
0	113
1	157
1	199
0	136
1	194
1	122
1	191
1	174
1	147
1	156
1	175