0	163
1	169
0	125
0	171
0	187
0	180
0	117
1	147
0	103
0	153
0	151
1	131
1	177
0	154
0	178
0	175
0	129
0	161
1	108
0	138
0	127
1	130
1	118
1	166
0	146
1	158
0	106
1	170
0	189
0	111
0	123
1	145
0	114
0	179
0	102
0	139
0	193
0	116
0	181
1	120
0	121
0	192
0	142
0	134
1	190
0	113
0	167
0	150
0	162
0	136
0	184
0	164
0	137
0	100
0	174
0	149
0	128
0	156
0	110
0	173
0	199
1	104
0	196
0	124
0	112
0	160
0	188
0	155
0	172
0	140
0	135
0	148
0	115
0	133
1	126
0	185
0	107
0	141
0	186
1	109
0	176
0	197
1	159
0	132
1	182
0	168
0	191
0	198
0	194
0	195
0	183
1	143
0	101
0	119
0	165
0	122
0	157
0	144
0	152
0	105