1	148
0	184
1	132
1	150
0	130
0	178
0	125
1	138
1	192
0	177
0	136
0	155
0	139
0	118
1	144
0	153
0	122
0	167
1	106
0	185
0	154
1	147
0	101
0	103
1	108
1	137
0	194
1	197
0	175
0	115
0	186
0	113
1	173
0	191
0	149
0	189
0	176
0	123
0	140
0	187
0	135
0	182
1	165
0	128
0	141
1	117
0	174
0	145
0	181
1	142
0	127
0	163
0	105
0	126
0	114
0	172
0	170
0	188
1	156
0	143
0	151
0	183
1	111
0	199
1	160
0	134
1	158
1	166
1	193
0	121
1	159
0	107
0	104
1	110
1	180
0	131
1	198
0	124
1	129
0	102
0	169
0	116
0	196
0	157
0	146
0	195
0	112
0	164
0	119
0	161
0	190
0	168
0	109
0	152
0	179
0	171
1	100
1	162
1	120
0	133