0	129
0	157
1	188
0	186
0	152
0	121
1	124
1	185
1	120
1	177
1	198
0	114
1	131
0	162
0	141
1	193
1	128
0	112
1	109
1	189
1	132
0	122
1	133
1	154
1	184
0	101
1	170
1	125
1	137
1	179
1	159
1	178
1	175
0	168
1	119
1	104
1	153
1	144
0	171
1	182
0	111
1	123
1	130
1	102
0	149
1	116
1	151
0	161
0	160
0	147
1	192
1	191
1	167
0	195
1	100
1	181
1	172
1	199
1	143
1	107
1	142
1	148
1	150
1	155
1	138
1	196
1	113
1	115
0	187
1	173
0	163
1	139
1	140
1	105
1	145
1	156
1	190
1	110
0	180
0	197
1	158
1	166
0	134
1	164
1	103
0	174
1	169
1	183
0	136
1	126
0	135
0	106
1	194
0	176
0	146
1	165
1	118
0	117
1	127
1	108