0	163
0	139
0	142
1	156
1	186
1	115
0	179
0	176
0	184
0	152
0	181
0	180
0	149
1	199
0	119
0	154
0	107
1	102
0	130
0	191
0	148
0	126
1	116
0	125
0	170
0	133
0	164
1	173
0	134
0	169
0	128
0	109
0	178
0	143
0	171
0	153
0	158
0	131
1	182
1	157
1	165
0	104
0	185
0	132
0	146
0	106
0	144
0	120
0	135
0	112
0	159
0	129
0	194
1	140
0	172
0	189
1	174
0	103
0	155
0	127
1	118
1	190
1	175
0	141
0	166
1	162
0	113
0	111
1	168
1	145
1	101
0	198
0	105
1	183
1	121
0	117
1	192
0	114
0	138
0	136
0	110
0	167
1	122
0	187
0	196
0	108
0	150
1	151
0	188
0	123
1	177
0	197
0	147
1	193
0	160
0	195
1	100
0	137
0	124
1	161