1	100
1	144
1	114
1	157
1	131
1	163
1	132
1	161
1	143
1	137
1	190
1	133
1	138
1	188
0	169
0	128
1	172
0	118
1	104
0	112
1	192
1	196
1	121
0	156
1	152
1	184
1	198
1	178
1	166
1	140
1	119
1	115
1	126
0	139
1	164
1	113
1	116
1	160
1	171
0	182
0	187
1	155
1	167
1	149
1	146
1	174
1	199
1	159
1	189
1	120
1	127
1	165
1	101
1	153
1	124
1	179
1	150
1	177
1	195
0	180
1	106
1	176
1	162
1	151
0	109
1	122
1	142
0	111
1	102
1	197
1	141
1	170
1	147
1	129
1	136
1	158
1	107
1	183
1	186
0	125
1	175
1	108
1	191
1	105
1	145
1	194
1	130
0	123
1	173
1	134
1	103
0	117
0	148
1	168
1	193
1	154
1	135
1	185
1	181
1	110