1	122
1	179
1	175
0	195
1	145
1	191
1	117
1	152
1	127
1	150
0	133
1	156
1	174
1	197
1	178
0	193
1	103
1	171
1	153
1	176
1	138
0	154
0	139
1	188
1	108
1	169
1	157
1	129
1	107
1	110
1	123
0	172
1	128
1	148
1	147
1	182
0	120
0	112
1	126
0	199
1	192
0	141
1	161
1	173
1	144
1	159
1	186
1	118
0	196
1	181
1	125
0	185
1	160
1	100
1	170
0	106
0	111
1	143
0	187
1	136
1	183
1	146
1	119
0	189
1	115
1	149
1	167
1	132
1	116
1	164
1	162
1	163
1	130
1	194
1	166
1	190
1	198
1	184
1	168
1	158
0	165
1	102
0	113
1	101
0	131
1	135
0	177
1	134
1	142
1	140
1	121
0	124
0	104
1	180
1	151
1	109
0	137
0	105
1	114
1	155