1	150
1	183
1	181
1	155
0	148
1	103
0	160
1	154
1	113
1	168
1	140
0	146
1	153
1	176
1	162
1	177
1	138
1	125
1	197
1	126
1	129
0	137
1	194
0	165
1	109
1	175
0	123
1	130
1	131
0	186
1	191
0	178
0	190
1	105
1	173
1	139
1	108
1	182
1	199
1	164
0	115
0	184
1	102
1	145
1	156
1	157
0	143
1	112
1	133
1	187
1	174
1	189
1	163
1	127
1	151
1	179
0	122
1	101
1	110
1	121
0	193
1	142
1	192
1	104
1	185
1	107
1	188
1	166
1	171
0	159
1	141
0	158
1	119
0	180
0	116
0	118
0	172
0	134
1	132
1	169
1	114
1	124
1	167
1	144
1	128
0	120
1	100
1	161
1	106
1	135
0	111
1	136
1	195
1	117
1	152
1	196
1	147
1	170
1	198
0	149