1	171
1	146
1	139
1	121
0	152
1	151
1	190
0	180
0	136
1	123
1	114
1	107
0	132
1	192
0	124
0	199
1	184
0	129
0	170
1	147
1	130
0	197
1	162
1	176
1	183
1	191
0	134
1	150
1	167
0	155
1	172
1	166
0	157
1	106
0	198
1	100
1	188
0	140
1	127
1	141
1	185
1	131
1	168
1	145
1	138
1	160
1	128
1	148
1	135
1	120
1	178
1	126
1	118
1	109
1	195
0	144
1	196
1	105
1	165
1	112
1	159
1	101
1	116
0	153
1	117
1	194
1	111
0	104
1	133
0	174
1	149
1	125
1	142
1	177
1	103
1	163
0	186
0	179
1	122
1	187
1	173
1	119
1	158
1	181
0	137
1	143
1	161
1	182
0	189
1	115
1	156
1	169
1	154
1	164
1	108
1	193
1	113
1	110
1	175
0	102