1	156
1	117
1	146
1	115
0	102
1	164
1	187
0	123
1	198
1	194
1	112
1	142
0	163
1	185
1	183
1	127
1	118
0	144
1	178
1	152
1	143
1	195
1	162
0	131
1	174
0	147
0	175
1	126
1	160
0	150
1	190
1	154
1	122
1	121
1	134
1	173
1	168
1	161
1	179
0	193
1	130
1	120
0	155
1	128
1	132
1	111
0	119
0	148
1	170
1	138
1	191
1	157
1	176
1	113
1	105
1	145
0	159
1	149
1	171
1	101
0	141
1	199
1	106
1	103
1	136
1	110
1	107
1	129
0	125
1	166
0	169
1	184
0	114
1	181
1	182
1	186
0	189
1	109
1	135
0	116
1	153
0	177
1	172
1	192
1	108
1	133
0	140
1	180
1	100
0	151
1	124
1	165
1	104
0	139
1	137
1	197
1	188
1	196
1	158
1	167