1	117
0	121
1	198
0	111
0	134
0	124
0	132
0	116
0	142
0	139
0	176
0	123
0	153
0	167
0	133
0	193
0	122
0	127
0	173
0	196
0	181
0	161
0	178
0	115
0	114
0	146
1	172
1	166
0	177
0	185
0	162
0	192
0	158
1	109
1	137
0	107
0	130
1	112
0	136
0	180
1	169
0	195
0	165
0	187
0	175
0	157
0	141
1	152
0	126
1	125
0	163
1	102
0	194
1	104
1	174
1	147
0	108
0	113
0	144
0	186
0	160
0	183
0	164
0	197
0	138
0	129
0	189
0	131
0	159
0	110
0	190
0	156
1	105
0	151
1	155
0	101
1	149
0	184
0	119
0	128
1	120
0	143
1	188
0	148
0	191
0	150
1	154
0	118
0	135
0	199
0	171
1	100
0	106
0	140
0	182
0	168
0	145
1	170
0	103
0	179