0	197
1	103
0	148
0	108
0	135
0	193
1	187
0	110
0	175
0	167
1	184
1	178
0	133
0	121
1	160
1	115
0	137
0	122
1	107
1	114
0	120
0	180
0	150
0	181
0	198
0	186
0	157
0	142
0	132
1	139
0	199
0	152
1	129
0	195
0	159
0	166
0	176
1	194
1	182
0	138
1	140
0	163
1	155
0	130
0	128
0	106
0	126
0	118
0	168
0	113
0	105
0	174
0	156
1	154
0	100
0	170
0	109
1	101
0	147
0	183
0	117
0	145
0	111
0	177
0	136
0	124
0	143
0	192
0	151
0	127
0	169
0	125
0	185
0	153
0	191
1	149
0	146
1	173
1	123
0	188
0	116
0	196
0	171
0	179
1	162
0	141
0	158
1	190
1	164
1	131
0	189
1	161
0	172
0	144
0	165
0	119
0	104
1	134
1	112
1	102