0	153
0	102
1	147
0	124
0	155
0	116
0	198
0	107
0	189
0	190
0	197
0	109
0	127
0	166
0	162
1	164
0	123
0	122
0	103
0	136
0	133
0	175
1	178
0	185
0	126
0	106
0	186
0	158
0	142
0	111
1	113
0	128
0	121
0	110
0	139
0	196
0	156
0	145
0	118
1	131
1	173
0	176
0	174
0	117
1	104
0	120
1	183
0	144
0	157
0	179
0	114
0	137
0	129
0	159
0	135
0	132
0	125
0	100
0	108
0	165
0	188
1	177
0	182
1	140
0	180
0	143
0	112
0	171
0	146
0	187
1	167
0	195
1	199
0	163
0	101
0	192
0	191
0	134
0	172
0	141
0	193
0	119
0	170
0	184
0	105
0	148
0	154
0	161
0	151
0	115
0	160
0	169
0	152
0	150
0	194
0	149
1	181
0	130
0	168
0	138