1	102
1	143
1	122
0	101
1	116
1	190
0	160
1	109
1	140
0	179
1	123
1	194
0	100
1	162
1	196
0	145
1	186
0	168
0	166
1	188
0	141
0	110
1	115
1	161
1	180
1	149
1	129
1	118
1	107
1	155
1	165
1	154
1	184
1	113
1	132
1	158
1	119
1	150
0	156
1	105
1	108
0	189
1	103
1	185
0	124
0	136
1	121
0	127
1	111
1	182
1	153
1	177
1	181
1	195
1	114
1	144
1	125
1	169
1	167
1	176
1	170
1	197
1	152
0	138
0	112
0	163
0	193
1	148
0	135
1	147
0	171
1	120
1	151
0	172
1	130
0	128
1	134
1	178
1	159
1	137
1	142
1	187
0	139
0	173
1	191
0	117
1	183
1	164
0	199
0	106
1	157
1	192
0	104
1	133
1	175
1	126
0	131
0	198
1	174
0	146