ProblemNo,Answer,TrueAnswer,Cost,Difficulty
0,0,0,3.000000,0.000000
1,0,0,3.000000,0.000000
2,1,1,4.000000,0.600000
3,1,1,4.000000,0.600000
4,0,0,4.000000,0.900000
5,0,0,3.000000,0.000000
6,0,0,3.000000,0.000000
7,1,1,3.000000,0.000000
8,0,1,3.000000,0.000000
9,1,1,3.000000,0.000000
10,1,1,3.000000,0.000000
11,0,0,3.000000,0.000000
12,0,0,3.000000,0.000000
13,0,0,3.000000,0.000000
14,0,0,3.000000,0.000000
15,1,1,3.000000,0.000000
16,1,1,3.000000,0.000000
17,0,0,3.000000,0.000000
18,1,1,3.000000,0.000000
19,0,0,4.000000,0.700000
20,1,1,3.000000,0.000000
21,1,1,3.000000,0.000000
22,1,1,3.000000,0.000000
23,0,0,4.000000,0.600000
24,1,1,4.000000,0.700000
25,0,1,4.000000,0.600000
26,1,1,3.000000,0.000000
27,0,0,3.000000,0.000000
28,1,1,3.000000,0.000000
29,1,0,3.000000,0.000000
30,1,1,3.000000,0.000000
31,1,1,3.000000,0.000000
32,0,0,3.000000,0.000000
33,1,1,3.000000,0.000000
34,1,1,3.000000,0.000000
35,1,1,3.000000,0.000000
36,1,1,3.000000,0.000000
37,1,1,4.000000,0.600000
38,0,0,3.000000,0.000000
39,1,1,4.000000,0.600000
40,1,1,3.000000,0.000000
41,0,0,3.000000,0.000000
42,1,0,4.000000,0.900000
43,0,1,4.000000,0.900000
44,1,1,3.000000,0.000000
45,1,1,3.000000,0.000000
46,0,0,4.000000,0.600000
47,1,1,3.000000,0.000000
48,0,0,4.000000,0.600000
49,0,0,3.000000,0.000000
50,0,0,3.000000,0.000000
51,0,0,3.000000,0.000000
52,0,0,3.000000,0.000000
53,0,0,4.000000,0.900000
54,0,0,4.000000,0.600000
55,0,0,3.000000,0.000000
56,0,0,3.000000,0.000000
57,0,1,4.000000,0.900000
58,0,0,4.000000,0.700000
59,0,0,5.000000,0.900000
60,1,1,3.000000,0.000000
61,1,0,4.000000,0.600000
62,1,1,3.000000,0.000000
63,0,0,4.000000,0.700000
64,0,0,4.000000,0.700000
65,1,1,3.000000,0.000000
66,1,1,5.000000,0.800000
67,0,0,3.000000,0.000000
68,0,0,3.000000,0.000000
69,1,1,3.000000,0.000000
70,0,0,4.000000,0.600000
71,0,0,3.000000,0.000000
72,1,1,3.000000,0.000000
73,1,1,3.000000,0.000000
74,0,0,3.000000,0.000000
75,1,1,3.000000,0.000000
76,0,0,3.000000,0.000000
77,1,1,3.000000,0.000000
78,0,0,3.000000,0.000000
79,0,0,3.000000,0.000000
80,1,1,5.000000,0.800000
81,1,1,4.000000,0.600000
82,1,1,3.000000,0.000000
83,0,0,3.000000,0.000000
84,1,1,3.000000,0.000000
85,0,0,3.000000,0.000000
86,1,1,3.000000,0.000000
87,0,0,3.000000,0.000000
88,0,0,4.000000,0.600000
89,1,1,3.000000,0.000000
90,1,1,3.000000,0.000000
91,0,0,3.000000,0.000000
92,1,0,4.000000,0.600000
93,0,0,3.000000,0.000000
94,1,1,3.000000,0.000000
95,1,1,6.000000,0.900000
96,1,1,3.000000,0.000000
97,0,1,3.000000,0.000000
98,0,0,4.000000,0.600000
99,1,1,3.000000,0.000000
100,1,1,3.000000,0.000000
101,1,1,3.000000,0.000000
102,1,1,3.000000,0.000000
103,0,0,4.000000,0.600000
104,1,1,3.000000,0.000000
105,0,0,4.000000,0.600000
106,0,0,3.000000,0.000000
107,0,1,4.000000,0.900000
108,1,1,3.000000,0.000000
109,1,1,3.000000,0.000000
110,0,0,5.000000,0.900000
111,0,0,3.000000,0.000000
112,1,1,3.000000,0.000000
113,0,0,3.000000,0.000000
114,1,1,3.000000,0.000000
115,1,1,4.000000,0.600000
116,0,0,3.000000,0.000000
117,1,0,4.000000,0.900000
118,0,0,3.000000,0.000000
119,1,1,3.000000,0.000000
120,0,0,3.000000,0.000000
121,1,1,3.000000,0.000000
122,0,0,4.000000,0.600000
123,0,0,3.000000,0.000000
124,1,1,4.000000,0.700000
125,1,1,3.000000,0.000000
126,1,0,4.000000,0.900000
127,0,0,4.000000,0.900000
128,0,0,3.000000,0.000000
129,1,1,3.000000,0.000000
130,0,0,4.000000,0.700000
131,1,1,4.000000,0.700000
132,1,1,5.000000,0.800000
133,0,1,4.000000,0.600000
134,1,1,3.000000,0.000000
135,1,1,3.000000,0.000000
136,1,0,4.000000,0.600000
137,0,0,3.000000,0.000000
138,0,0,4.000000,0.700000
139,1,1,3.000000,0.000000
140,0,1,3.000000,0.000000
141,1,1,3.000000,0.000000
142,0,0,4.000000,0.600000
143,1,1,3.000000,0.000000
144,1,1,3.000000,0.000000
145,1,1,4.000000,0.600000
146,1,1,3.000000,0.000000
147,1,1,4.000000,0.900000
148,0,0,3.000000,0.000000
149,1,1,4.000000,0.600000
WorkerID,Gamma
24,0.498593
25,0.422127
26,0.422127
27,0.503918
20,0.497791
21,0.509145
22,0.499602
23,0.422126
28,0.500702
29,0.499140
1,0.418949
0,0.422354
3,0.507767
2,0.498070
5,0.419584
4,0.417486
7,0.412811
6,0.416242
9,0.493071
8,0.417913
11,0.492918
10,0.418411
13,0.504897
12,0.497463
15,0.510852
14,0.431951
17,0.499224
16,0.498597
19,0.501011
18,0.498856
31,0.501232
30,0.423017
34,0.422113
33,0.504515
32,0.499711
Average Cost: 3.373333
Accuracy: 90.000000
