ProblemNo,Answer,TrueAnswer,Cost,Difficulty
0,0,0,3.000000,0.000000
1,0,0,3.000000,0.000000
2,1,1,4.000000,0.600000
3,1,1,4.000000,0.600000
4,1,0,4.000000,0.600000
5,0,0,3.000000,0.000000
6,0,0,3.000000,0.000000
7,1,1,3.000000,0.000000
8,0,1,4.000000,0.900000
9,1,1,3.000000,0.000000
10,1,1,3.000000,0.000000
11,0,0,3.000000,0.000000
12,0,0,3.000000,0.000000
13,0,0,4.000000,0.600000
14,0,0,3.000000,0.000000
15,1,1,3.000000,0.000000
16,1,1,3.000000,0.000000
17,0,0,3.000000,0.000000
18,1,1,3.000000,0.000000
19,0,0,3.000000,0.000000
20,1,1,3.000000,0.000000
21,1,1,3.000000,0.000000
22,1,1,3.000000,0.000000
23,0,0,3.000000,0.000000
24,1,1,3.000000,0.000000
25,0,1,4.000000,0.900000
26,1,1,4.000000,0.700000
27,0,0,3.000000,0.000000
28,1,1,3.000000,0.000000
29,1,0,3.000000,0.000000
30,1,1,3.000000,0.000000
31,1,1,3.000000,0.000000
32,0,0,7.000000,0.800000
33,1,1,3.000000,0.000000
34,1,1,3.000000,0.000000
35,1,1,4.000000,0.700000
36,1,1,6.000000,0.900000
37,1,1,3.000000,0.000000
38,0,0,3.000000,0.000000
39,1,1,3.000000,0.000000
40,1,1,3.000000,0.000000
41,0,0,3.000000,0.000000
42,0,0,3.000000,0.000000
43,1,1,5.000000,0.800000
44,0,1,4.000000,0.600000
45,1,1,3.000000,0.000000
46,0,0,3.000000,0.000000
47,1,1,3.000000,0.000000
48,0,0,3.000000,0.000000
49,0,0,3.000000,0.000000
50,0,0,3.000000,0.000000
51,0,0,4.000000,0.600000
52,0,0,6.000000,0.900000
53,0,0,3.000000,0.000000
54,0,0,4.000000,0.600000
55,0,0,3.000000,0.000000
56,0,0,3.000000,0.000000
57,0,1,4.000000,0.600000
58,0,0,5.000000,0.800000
59,0,0,3.000000,0.000000
60,1,1,4.000000,0.900000
61,1,0,4.000000,0.600000
62,1,1,6.000000,0.900000
63,0,0,3.000000,0.000000
64,0,0,3.000000,0.000000
65,1,1,3.000000,0.000000
66,1,1,3.000000,0.000000
67,0,0,3.000000,0.000000
68,0,0,3.000000,0.000000
69,1,1,3.000000,0.000000
70,0,0,3.000000,0.000000
71,0,0,3.000000,0.000000
72,1,1,3.000000,0.000000
73,1,1,3.000000,0.000000
74,0,0,3.000000,0.000000
75,1,1,3.000000,0.000000
76,0,0,3.000000,0.000000
77,1,1,4.000000,0.600000
78,0,0,5.000000,0.900000
79,0,0,3.000000,0.000000
80,1,1,9.000000,1.000000
81,1,1,3.000000,0.000000
82,1,1,3.000000,0.000000
83,0,0,3.000000,0.000000
84,1,1,3.000000,0.000000
85,0,0,3.000000,0.000000
86,1,1,3.000000,0.000000
87,0,0,3.000000,0.000000
88,0,0,3.000000,0.000000
89,1,1,3.000000,0.000000
90,1,1,3.000000,0.000000
91,0,0,3.000000,0.000000
92,1,0,3.000000,0.000000
93,0,0,5.000000,0.800000
94,1,1,3.000000,0.000000
95,1,1,4.000000,0.600000
96,1,1,3.000000,0.000000
97,1,1,3.000000,0.000000
98,0,0,4.000000,0.700000
99,1,1,3.000000,0.000000
100,1,1,4.000000,0.600000
101,1,1,3.000000,0.000000
102,1,1,3.000000,0.000000
103,0,0,4.000000,0.600000
104,1,1,3.000000,0.000000
105,0,0,6.000000,0.900000
106,0,0,4.000000,0.600000
107,1,1,3.000000,0.000000
108,1,1,3.000000,0.000000
109,1,1,3.000000,0.000000
110,1,0,4.000000,0.700000
111,0,0,3.000000,0.000000
112,1,1,3.000000,0.000000
113,0,0,3.000000,0.000000
114,1,1,3.000000,0.000000
115,1,1,3.000000,0.000000
116,0,0,4.000000,0.600000
117,1,0,4.000000,0.600000
118,0,0,3.000000,0.000000
119,1,1,3.000000,0.000000
120,0,0,3.000000,0.000000
121,1,1,3.000000,0.000000
122,0,0,3.000000,0.000000
123,0,0,4.000000,0.600000
124,1,1,4.000000,0.700000
125,1,1,3.000000,0.000000
126,1,0,5.000000,1.000000
127,0,0,3.000000,0.000000
128,0,0,3.000000,0.000000
129,1,1,3.000000,0.000000
130,0,0,4.000000,0.600000
131,1,1,4.000000,0.600000
132,0,1,4.000000,0.900000
133,0,1,3.000000,0.000000
134,1,1,4.000000,0.600000
135,1,1,4.000000,0.600000
136,1,0,4.000000,0.900000
137,0,0,3.000000,0.000000
138,0,0,3.000000,0.000000
139,1,1,3.000000,0.000000
140,0,1,3.000000,0.000000
141,1,1,3.000000,0.000000
142,0,0,4.000000,0.600000
143,1,1,3.000000,0.000000
144,1,1,3.000000,0.000000
145,0,1,3.000000,0.000000
146,0,1,4.000000,0.900000
147,1,1,4.000000,0.900000
148,0,0,3.000000,0.000000
149,1,1,3.000000,0.000000
WorkerID,Gamma
24,0.450186
26,0.626068
27,0.563522
20,0.392807
21,0.612204
22,0.568466
23,0.595722
28,0.579766
29,0.584845
1,0.358648
0,0.444553
3,0.650653
2,0.591438
5,0.510602
4,0.368256
7,0.391233
6,0.566560
9,0.565685
8,0.436029
11,0.423212
10,0.352610
13,0.508570
12,0.690239
15,0.603530
14,0.440892
17,0.556143
16,0.388241
19,0.615162
18,0.622653
31,0.525243
30,0.575614
33,0.540845
32,0.478729
Average Cost: 3.440000
Accuracy: 88.666667
