ProblemNo,Answer,TrueAnswer,Cost,Difficulty
0,0,0,15.000000,0.500000
1,0,0,12.000000,0.000000
2,1,1,15.000000,0.500000
3,1,1,18.000000,0.800000
4,0,0,15.000000,0.500000
5,0,0,12.000000,0.000000
6,0,0,12.000000,0.000000
7,1,1,12.000000,0.000000
8,0,1,30.000000,0.900000
9,1,1,21.000000,0.900000
10,1,1,12.000000,0.000000
11,0,0,15.000000,0.500000
12,0,0,12.000000,0.000000
13,0,0,15.000000,0.500000
14,0,0,12.000000,0.000000
15,1,1,12.000000,0.000000
16,1,1,12.000000,0.000000
17,0,0,15.000000,0.500000
18,1,1,15.000000,0.500000
19,0,0,15.000000,0.500000
20,1,1,12.000000,0.000000
21,1,1,12.000000,0.000000
22,1,1,12.000000,0.000000
23,0,0,15.000000,0.500000
24,1,1,12.000000,0.000000
25,0,1,12.000000,0.000000
26,1,1,12.000000,0.000000
27,0,0,12.000000,0.000000
28,1,1,15.000000,0.500000
29,1,0,24.000000,1.000000
30,1,1,12.000000,0.000000
31,1,1,12.000000,0.000000
32,0,0,12.000000,0.000000
33,1,1,12.000000,0.000000
34,1,1,12.000000,0.000000
35,0,1,15.000000,0.500000
36,0,1,15.000000,0.500000
37,0,1,18.000000,0.800000
38,0,0,12.000000,0.000000
39,0,1,24.000000,0.900000
40,1,1,12.000000,0.000000
41,0,0,15.000000,0.500000
42,0,0,18.000000,0.800000
43,1,1,15.000000,0.500000
44,1,1,15.000000,0.900000
45,1,1,12.000000,0.000000
46,0,0,12.000000,0.000000
47,1,1,12.000000,0.000000
48,0,0,12.000000,0.000000
49,0,0,12.000000,0.000000
50,0,0,15.000000,0.500000
51,0,0,15.000000,0.500000
52,0,0,18.000000,1.000000
53,0,0,12.000000,0.000000
54,0,0,12.000000,0.000000
55,0,0,12.000000,0.000000
56,0,0,12.000000,0.000000
57,1,1,15.000000,0.500000
58,0,0,15.000000,0.500000
59,0,0,12.000000,0.000000
60,1,1,21.000000,0.700000
61,1,0,15.000000,0.500000
62,1,1,15.000000,0.900000
63,0,0,12.000000,0.000000
64,0,0,12.000000,0.000000
65,1,1,15.000000,0.500000
66,1,1,15.000000,0.500000
67,0,0,12.000000,0.000000
68,0,0,12.000000,0.000000
69,1,1,12.000000,0.000000
70,0,0,24.000000,0.900000
71,0,0,12.000000,0.000000
72,1,1,12.000000,0.000000
73,1,1,15.000000,0.500000
74,0,0,12.000000,0.000000
75,1,1,12.000000,0.000000
76,0,0,15.000000,0.500000
77,0,1,15.000000,0.900000
78,0,0,18.000000,0.800000
79,0,0,12.000000,0.000000
80,1,1,18.000000,0.900000
81,1,1,24.000000,0.900000
82,1,1,12.000000,0.000000
83,0,0,12.000000,0.000000
84,1,1,15.000000,0.500000
85,0,0,12.000000,0.000000
86,1,1,15.000000,0.500000
87,0,0,15.000000,0.500000
88,0,0,12.000000,0.000000
89,1,1,15.000000,0.500000
90,1,1,12.000000,0.000000
91,0,0,12.000000,0.000000
92,0,0,18.000000,0.800000
93,1,0,15.000000,0.900000
94,1,1,18.000000,0.900000
95,1,1,18.000000,0.800000
96,1,1,12.000000,0.000000
97,1,1,18.000000,0.800000
98,0,0,12.000000,0.000000
99,1,1,12.000000,0.000000
100,1,1,24.000000,0.900000
101,1,1,15.000000,0.500000
102,1,1,12.000000,0.000000
103,0,0,18.000000,0.900000
104,1,1,15.000000,0.500000
105,0,0,15.000000,0.500000
106,0,0,15.000000,0.500000
107,0,1,21.000000,0.900000
108,1,1,12.000000,0.000000
109,1,1,12.000000,0.000000
110,1,0,18.000000,0.900000
111,0,0,12.000000,0.000000
112,1,1,15.000000,0.500000
113,0,0,12.000000,0.000000
114,1,1,15.000000,0.500000
115,1,1,15.000000,0.500000
116,0,0,15.000000,0.500000
117,1,0,15.000000,0.500000
118,0,0,12.000000,0.000000
119,1,1,12.000000,0.000000
120,0,0,12.000000,0.000000
121,1,1,15.000000,0.500000
122,0,0,12.000000,0.000000
123,0,0,12.000000,0.000000
124,1,1,36.000000,0.900000
125,1,1,12.000000,0.000000
126,1,0,15.000000,0.900000
127,0,0,12.000000,0.000000
128,0,0,12.000000,0.000000
129,1,1,12.000000,0.000000
130,0,0,12.000000,0.000000
131,1,1,12.000000,0.000000
132,1,1,15.000000,0.900000
133,1,1,21.000000,0.800000
134,1,1,12.000000,0.000000
135,1,1,12.000000,0.000000
136,0,0,15.000000,0.500000
137,0,0,12.000000,0.000000
138,0,0,12.000000,0.000000
139,1,1,12.000000,0.000000
140,1,1,12.000000,0.000000
141,1,1,15.000000,0.500000
142,0,0,12.000000,0.000000
143,1,1,12.000000,0.000000
144,1,1,12.000000,0.000000
145,1,1,21.000000,0.800000
146,1,1,12.000000,0.000000
147,1,1,15.000000,0.900000
148,0,0,15.000000,0.500000
149,1,1,12.000000,0.000000
WorkerID,Gamma
37,0.499134
50,0.500520
60,0.499408
61,0.499801
62,0.499613
64,0.500790
35,0.497083
66,0.501576
67,0.499413
68,0.499801
69,0.500144
80,0.500807
81,0.501964
86,0.501060
87,0.499801
84,0.499839
85,0.499801
48,0.496667
49,0.499423
46,0.501289
47,0.499094
44,0.498016
45,0.501293
42,0.498196
43,0.496217
40,0.500367
41,0.499780
82,0.499607
83,0.499839
77,0.499402
75,0.501457
74,0.500969
73,0.499246
72,0.500769
71,0.498654
70,0.499020
79,0.501130
78,0.499801
39,0.498935
38,0.504271
59,0.499924
58,0.499639
55,0.502328
54,0.501103
57,0.499945
56,0.499839
51,0.515741
36,0.499480
53,0.509353
52,0.499998
88,0.500000
65,0.500209
Average Cost: 14.400000
Accuracy: 90.666667
