Number of Worker Pools: 2
Number of Workers in Pool 1: 1000
Original mean,standardDev for Pool 1: 4.000000,0.300000
Number of Workers in Pool 2: 1000
Original mean,standardDev for Pool 2: 3.500000,0.200000
Number of Problems: 1000
ProblemNo,Answer,TrueAnswer,Cost,Difficulty,TrueDifficulty
0,0,0,7.000000,0.300000,0.500000
1,0,0,7.000000,0.300000,0.500000
2,0,0,7.000000,0.300000,0.500000
3,0,0,11.000000,0.600000,0.500000
4,1,1,11.000000,0.800000,0.500000
5,0,0,24.000000,1.000000,0.500000
6,0,0,6.000000,0.000000,0.500000
7,0,0,9.000000,0.700000,0.500000
8,0,1,19.000000,1.000000,0.500000
9,0,0,7.000000,0.300000,0.500000
10,1,1,8.000000,0.500000,0.500000
11,0,0,7.000000,0.300000,0.500000
12,1,1,7.000000,0.300000,0.500000
13,0,0,12.000000,1.000000,0.500000
14,0,0,9.000000,0.400000,0.500000
15,0,0,27.000000,1.000000,0.500000
16,1,1,6.000000,0.000000,0.500000
17,1,1,10.000000,0.900000,0.500000
18,1,1,7.000000,0.300000,0.500000
19,1,1,8.000000,0.500000,0.500000
20,0,0,8.000000,0.500000,0.500000
21,0,1,9.000000,0.900000,0.500000
22,0,0,6.000000,0.000000,0.500000
23,0,0,8.000000,0.500000,0.500000
24,1,1,8.000000,0.600000,0.500000
25,1,1,8.000000,0.800000,0.500000
26,0,1,8.000000,0.800000,0.500000
27,0,0,8.000000,0.800000,0.500000
28,0,0,14.000000,1.000000,0.500000
29,1,1,9.000000,0.500000,0.500000
30,0,0,7.000000,0.300000,0.500000
31,1,1,8.000000,0.500000,0.500000
32,1,1,7.000000,0.300000,0.500000
33,0,0,9.000000,0.700000,0.500000
34,1,1,8.000000,0.300000,0.500000
35,1,1,7.000000,0.300000,0.500000
36,0,0,6.000000,0.000000,0.500000
37,1,1,8.000000,0.500000,0.500000
38,1,1,6.000000,0.000000,0.500000
39,1,1,11.000000,0.600000,0.500000
40,0,0,7.000000,0.300000,0.500000
41,0,0,9.000000,0.700000,0.500000
42,0,0,9.000000,0.700000,0.500000
43,0,0,6.000000,0.000000,0.500000
44,0,0,12.000000,0.800000,0.500000
45,1,1,8.000000,0.500000,0.500000
46,1,1,24.000000,1.000000,0.500000
47,1,1,7.000000,0.300000,0.500000
48,1,1,7.000000,0.300000,0.500000
49,0,0,6.000000,0.000000,0.500000
50,1,1,7.000000,0.300000,0.500000
51,0,0,14.000000,0.800000,0.500000
52,1,1,6.000000,0.000000,0.500000
53,0,0,8.000000,0.500000,0.500000
54,1,1,7.000000,0.300000,0.500000
55,0,0,6.000000,0.000000,0.500000
56,1,1,11.000000,0.900000,0.500000
57,1,1,8.000000,0.800000,0.500000
58,1,1,7.000000,0.300000,0.500000
59,1,1,10.000000,0.500000,0.500000
60,1,1,7.000000,0.300000,0.500000
61,1,1,6.000000,0.000000,0.500000
62,1,1,8.000000,0.500000,0.500000
63,1,1,7.000000,0.300000,0.500000
64,0,0,13.000000,0.900000,0.500000
65,1,1,10.000000,0.400000,0.500000
66,0,0,7.000000,0.300000,0.500000
67,0,0,9.000000,0.700000,0.500000
68,1,1,6.000000,0.000000,0.500000
69,1,1,8.000000,0.500000,0.500000
70,1,1,7.000000,0.300000,0.500000
71,0,0,14.000000,0.900000,0.500000
72,0,0,8.000000,0.500000,0.500000
73,1,1,13.000000,0.700000,0.500000
74,0,0,11.000000,0.800000,0.500000
75,1,1,7.000000,0.300000,0.500000
76,1,1,11.000000,0.600000,0.500000
77,1,1,13.000000,0.800000,0.500000
78,1,1,7.000000,0.300000,0.500000
79,1,1,8.000000,0.500000,0.500000
80,0,0,10.000000,0.700000,0.500000
81,1,1,6.000000,0.000000,0.500000
82,1,1,7.000000,0.300000,0.500000
83,0,0,6.000000,0.000000,0.500000
84,1,1,10.000000,0.400000,0.500000
85,0,0,11.000000,0.400000,0.500000
86,1,0,15.000000,0.900000,0.500000
87,1,1,9.000000,0.700000,0.500000
88,0,0,12.000000,0.800000,0.500000
89,1,1,6.000000,0.000000,0.500000
90,0,0,9.000000,0.500000,0.500000
91,1,1,10.000000,0.700000,0.500000
92,0,0,6.000000,0.000000,0.500000
93,1,1,19.000000,0.900000,0.500000
94,0,0,10.000000,0.600000,0.500000
95,1,1,13.000000,0.700000,0.500000
96,0,1,8.000000,0.900000,0.500000
97,0,0,17.000000,0.900000,0.500000
98,0,0,10.000000,0.900000,0.500000
99,1,1,9.000000,0.700000,0.500000
100,0,0,8.000000,0.500000,0.500000
101,0,0,7.000000,0.300000,0.500000
102,1,1,6.000000,0.000000,0.500000
103,1,1,7.000000,0.300000,0.500000
104,1,1,7.000000,0.300000,0.500000
105,0,0,8.000000,0.600000,0.500000
106,0,0,8.000000,0.500000,0.500000
107,1,1,8.000000,0.800000,0.500000
108,0,0,6.000000,0.000000,0.500000
109,1,1,6.000000,0.000000,0.500000
110,0,0,7.000000,0.300000,0.500000
111,0,0,6.000000,0.000000,0.500000
112,1,1,21.000000,0.900000,0.500000
113,1,1,11.000000,0.600000,0.500000
114,0,0,19.000000,0.900000,0.500000
115,0,0,6.000000,0.000000,0.500000
116,1,1,12.000000,0.900000,0.500000
117,1,1,13.000000,0.700000,0.500000
118,0,0,19.000000,0.900000,0.500000
119,1,1,8.000000,0.300000,0.500000
120,1,1,9.000000,0.700000,0.500000
121,0,0,7.000000,0.300000,0.500000
122,1,1,10.000000,0.700000,0.500000
123,0,0,7.000000,0.300000,0.500000
124,1,1,6.000000,0.000000,0.500000
125,0,0,7.000000,0.300000,0.500000
126,0,0,20.000000,0.900000,0.500000
127,0,0,13.000000,0.900000,0.500000
128,0,0,14.000000,1.000000,0.500000
129,0,0,8.000000,0.500000,0.500000
130,1,1,7.000000,0.300000,0.500000
131,1,1,7.000000,0.300000,0.500000
132,0,0,8.000000,0.500000,0.500000
133,1,1,11.000000,0.600000,0.500000
134,0,0,8.000000,0.500000,0.500000
135,1,1,7.000000,0.300000,0.500000
136,1,1,10.000000,0.500000,0.500000
137,0,0,8.000000,0.800000,0.500000
138,0,0,10.000000,0.400000,0.500000
139,1,1,8.000000,0.500000,0.500000
140,0,0,7.000000,0.300000,0.500000
141,1,1,7.000000,0.300000,0.500000
142,0,0,10.000000,0.700000,0.500000
143,1,1,6.000000,0.000000,0.500000
144,1,1,8.000000,0.200000,0.500000
145,1,1,11.000000,0.800000,0.500000
146,1,1,8.000000,0.500000,0.500000
147,1,1,10.000000,0.800000,0.500000
148,0,0,10.000000,0.500000,0.500000
149,1,1,8.000000,0.500000,0.500000
150,0,0,9.000000,0.800000,0.500000
151,0,0,14.000000,0.900000,0.500000
152,1,1,6.000000,0.000000,0.500000
153,0,0,12.000000,0.800000,0.500000
154,0,0,14.000000,0.800000,0.500000
155,1,1,9.000000,0.700000,0.500000
156,0,0,13.000000,0.800000,0.500000
157,1,1,9.000000,0.800000,0.500000
158,1,1,15.000000,0.900000,0.500000
159,1,1,6.000000,0.000000,0.500000
160,1,1,9.000000,0.500000,0.500000
161,0,0,7.000000,0.300000,0.500000
162,0,0,12.000000,0.800000,0.500000
163,1,1,8.000000,0.500000,0.500000
164,1,1,8.000000,0.500000,0.500000
165,1,1,9.000000,0.500000,0.500000
166,1,1,10.000000,0.700000,0.500000
167,0,0,8.000000,0.800000,0.500000
168,0,0,16.000000,0.900000,0.500000
169,1,1,9.000000,0.500000,0.500000
170,1,1,8.000000,0.500000,0.500000
171,0,0,7.000000,0.300000,0.500000
172,1,1,6.000000,0.000000,0.500000
173,1,1,12.000000,0.900000,0.500000
174,0,0,6.000000,0.000000,0.500000
175,1,1,8.000000,0.500000,0.500000
176,1,1,15.000000,0.900000,0.500000
177,1,1,9.000000,0.500000,0.500000
178,0,0,6.000000,0.000000,0.500000
179,0,0,11.000000,0.900000,0.500000
180,1,1,8.000000,0.500000,0.500000
181,1,1,9.000000,0.500000,0.500000
182,1,1,8.000000,0.500000,0.500000
183,0,0,6.000000,0.000000,0.500000
184,1,1,7.000000,0.300000,0.500000
185,1,1,11.000000,0.700000,0.500000
186,1,1,8.000000,0.500000,0.500000
187,1,1,10.000000,0.700000,0.500000
188,1,1,8.000000,0.500000,0.500000
189,0,0,14.000000,0.800000,0.500000
190,0,0,7.000000,0.300000,0.500000
191,1,1,7.000000,0.300000,0.500000
192,0,0,7.000000,0.300000,0.500000
193,0,0,7.000000,0.300000,0.500000
194,1,1,14.000000,0.900000,0.500000
195,1,1,12.000000,0.800000,0.500000
196,1,1,8.000000,0.500000,0.500000
197,0,0,7.000000,0.300000,0.500000
198,1,1,7.000000,0.300000,0.500000
199,1,1,8.000000,0.500000,0.500000
200,0,0,18.000000,0.800000,0.500000
201,0,0,9.000000,0.800000,0.500000
202,0,0,7.000000,0.300000,0.500000
203,1,1,9.000000,0.500000,0.500000
204,1,1,17.000000,1.000000,0.500000
205,1,1,7.000000,0.300000,0.500000
206,1,1,6.000000,0.000000,0.500000
207,1,1,13.000000,0.800000,0.500000
208,1,0,9.000000,0.800000,0.500000
209,0,0,17.000000,0.900000,0.500000
210,1,1,15.000000,0.900000,0.500000
211,0,0,8.000000,0.500000,0.500000
212,0,0,12.000000,0.900000,0.500000
213,0,0,7.000000,0.300000,0.500000
214,1,1,10.000000,0.900000,0.500000
215,0,0,9.000000,0.500000,0.500000
216,1,1,11.000000,0.700000,0.500000
217,0,0,7.000000,0.300000,0.500000
218,0,0,6.000000,0.000000,0.500000
219,0,0,6.000000,0.000000,0.500000
220,1,1,12.000000,0.500000,0.500000
221,0,0,6.000000,0.000000,0.500000
222,1,1,7.000000,0.300000,0.500000
223,0,0,10.000000,0.500000,0.500000
224,0,0,8.000000,0.500000,0.500000
225,0,0,27.000000,1.000000,0.500000
226,0,0,7.000000,0.300000,0.500000
227,0,0,17.000000,0.900000,0.500000
228,1,1,8.000000,0.800000,0.500000
229,1,1,7.000000,0.300000,0.500000
230,0,0,15.000000,1.000000,0.500000
231,1,1,7.000000,0.300000,0.500000
232,1,1,23.000000,1.000000,0.500000
233,1,1,8.000000,0.500000,0.500000
234,1,1,9.000000,0.700000,0.500000
235,0,0,11.000000,0.900000,0.500000
236,1,1,8.000000,0.500000,0.500000
237,1,1,11.000000,0.800000,0.500000
238,0,0,17.000000,0.900000,0.500000
239,1,1,10.000000,0.700000,0.500000
240,0,0,7.000000,0.300000,0.500000
241,1,1,6.000000,0.000000,0.500000
242,1,1,10.000000,0.700000,0.500000
243,0,0,9.000000,0.700000,0.500000
244,0,0,9.000000,0.700000,0.500000
245,1,1,9.000000,0.500000,0.500000
246,0,0,7.000000,0.300000,0.500000
247,0,0,6.000000,0.000000,0.500000
248,1,1,15.000000,0.900000,0.500000
249,1,1,8.000000,0.500000,0.500000
250,0,1,10.000000,0.900000,0.500000
251,1,1,8.000000,0.500000,0.500000
252,1,1,6.000000,0.000000,0.500000
253,0,0,7.000000,0.300000,0.500000
254,0,0,11.000000,0.700000,0.500000
255,0,0,6.000000,0.000000,0.500000
256,1,1,8.000000,0.500000,0.500000
257,1,1,7.000000,0.300000,0.500000
258,1,1,7.000000,0.300000,0.500000
259,0,0,10.000000,0.600000,0.500000
260,1,1,6.000000,0.000000,0.500000
261,0,0,10.000000,0.700000,0.500000
262,1,1,10.000000,0.600000,0.500000
263,0,0,10.000000,0.500000,0.500000
264,0,0,8.000000,0.500000,0.500000
265,0,0,10.000000,0.700000,0.500000
266,0,0,10.000000,0.700000,0.500000
267,1,1,7.000000,0.300000,0.500000
268,0,0,13.000000,0.800000,0.500000
269,1,1,9.000000,0.500000,0.500000
270,1,1,7.000000,0.300000,0.500000
271,1,1,6.000000,0.000000,0.500000
272,0,0,7.000000,0.300000,0.500000
273,1,1,14.000000,0.700000,0.500000
274,0,0,6.000000,0.000000,0.500000
275,0,0,8.000000,0.500000,0.500000
276,1,1,15.000000,0.900000,0.500000
277,0,0,9.000000,0.400000,0.500000
278,1,1,8.000000,0.500000,0.500000
279,1,1,9.000000,0.700000,0.500000
280,0,0,8.000000,0.500000,0.500000
281,0,0,11.000000,0.400000,0.500000
282,0,0,6.000000,0.000000,0.500000
283,1,1,6.000000,0.000000,0.500000
284,0,0,9.000000,0.800000,0.500000
285,0,0,9.000000,0.500000,0.500000
286,0,0,17.000000,1.000000,0.500000
287,1,1,14.000000,1.000000,0.500000
288,0,0,7.000000,0.300000,0.500000
289,1,1,7.000000,0.300000,0.500000
290,0,0,6.000000,0.000000,0.500000
291,0,0,9.000000,0.500000,0.500000
292,0,0,8.000000,0.500000,0.500000
293,0,0,6.000000,0.000000,0.500000
294,1,1,13.000000,1.000000,0.500000
295,0,1,9.000000,0.800000,0.500000
296,1,1,8.000000,0.500000,0.500000
297,1,1,9.000000,0.800000,0.500000
298,0,0,7.000000,0.300000,0.500000
299,1,1,8.000000,0.500000,0.500000
300,1,1,6.000000,0.000000,0.500000
301,1,1,7.000000,0.300000,0.500000
302,1,1,7.000000,0.300000,0.500000
303,0,0,10.000000,0.500000,0.500000
304,0,0,8.000000,0.500000,0.500000
305,1,1,11.000000,0.800000,0.500000
306,1,1,18.000000,1.000000,0.500000
307,0,0,6.000000,0.000000,0.500000
308,1,1,10.000000,0.500000,0.500000
309,0,0,7.000000,0.300000,0.500000
310,0,0,8.000000,0.500000,0.500000
311,1,1,6.000000,0.000000,0.500000
312,0,0,8.000000,0.600000,0.500000
313,1,1,6.000000,0.000000,0.500000
314,0,0,12.000000,0.800000,0.500000
315,1,1,6.000000,0.000000,0.500000
316,1,1,7.000000,0.300000,0.500000
317,0,0,8.000000,0.500000,0.500000
318,0,0,12.000000,0.600000,0.500000
319,1,1,9.000000,0.700000,0.500000
320,1,1,13.000000,0.800000,0.500000
321,1,1,6.000000,0.000000,0.500000
322,1,1,6.000000,0.000000,0.500000
323,1,1,14.000000,0.800000,0.500000
324,1,1,6.000000,0.000000,0.500000
325,1,1,7.000000,0.300000,0.500000
326,0,0,10.000000,0.600000,0.500000
327,0,0,6.000000,0.000000,0.500000
328,1,1,10.000000,0.800000,0.500000
329,0,0,7.000000,0.300000,0.500000
330,0,0,12.000000,0.800000,0.500000
331,0,0,7.000000,0.300000,0.500000
332,0,0,6.000000,0.000000,0.500000
333,1,1,8.000000,0.500000,0.500000
334,0,0,10.000000,0.800000,0.500000
335,0,0,10.000000,0.900000,0.500000
336,1,1,10.000000,0.400000,0.500000
337,1,1,9.000000,0.800000,0.500000
338,0,0,11.000000,0.800000,0.500000
339,0,0,18.000000,0.900000,0.500000
340,1,1,7.000000,0.300000,0.500000
341,0,0,11.000000,0.600000,0.500000
342,0,0,7.000000,0.300000,0.500000
343,0,0,10.000000,0.700000,0.500000
344,0,0,9.000000,0.500000,0.500000
345,0,0,8.000000,0.500000,0.500000
346,1,1,10.000000,0.700000,0.500000
347,1,1,10.000000,0.900000,0.500000
348,0,0,6.000000,0.000000,0.500000
349,1,1,9.000000,0.500000,0.500000
350,0,0,8.000000,0.500000,0.500000
351,1,1,12.000000,1.000000,0.500000
352,0,0,10.000000,0.500000,0.500000
353,1,1,7.000000,0.300000,0.500000
354,0,0,8.000000,0.800000,0.500000
355,1,1,6.000000,0.000000,0.500000
356,1,1,7.000000,0.300000,0.500000
357,1,1,11.000000,0.800000,0.500000
358,0,0,7.000000,0.300000,0.500000
359,1,1,7.000000,0.300000,0.500000
360,0,0,7.000000,0.300000,0.500000
361,0,0,6.000000,0.000000,0.500000
362,1,1,6.000000,0.000000,0.500000
363,1,1,9.000000,0.800000,0.500000
364,0,0,9.000000,0.700000,0.500000
365,1,1,7.000000,0.300000,0.500000
366,0,0,7.000000,0.300000,0.500000
367,0,0,8.000000,0.500000,0.500000
368,0,0,10.000000,0.400000,0.500000
369,0,0,10.000000,0.700000,0.500000
370,0,0,10.000000,0.700000,0.500000
371,1,1,7.000000,0.300000,0.500000
372,0,0,6.000000,0.000000,0.500000
373,0,0,6.000000,0.000000,0.500000
374,0,0,15.000000,0.800000,0.500000
375,0,0,9.000000,0.500000,0.500000
376,1,0,9.000000,0.900000,0.500000
377,0,0,6.000000,0.000000,0.500000
378,1,1,7.000000,0.300000,0.500000
379,1,1,7.000000,0.300000,0.500000
380,1,1,7.000000,0.300000,0.500000
381,1,1,27.000000,1.000000,0.500000
382,0,0,10.000000,0.700000,0.500000
383,0,0,7.000000,0.300000,0.500000
384,1,1,8.000000,0.500000,0.500000
385,0,0,11.000000,0.600000,0.500000
386,0,0,8.000000,0.500000,0.500000
387,0,0,7.000000,0.300000,0.500000
388,0,0,11.000000,0.800000,0.500000
389,0,0,8.000000,0.500000,0.500000
390,0,0,21.000000,0.900000,0.500000
391,0,0,8.000000,0.500000,0.500000
392,1,1,11.000000,0.900000,0.500000
393,0,0,6.000000,0.000000,0.500000
394,0,0,11.000000,0.800000,0.500000
395,0,0,7.000000,0.300000,0.500000
396,0,0,8.000000,0.500000,0.500000
397,0,0,8.000000,0.500000,0.500000
398,0,0,12.000000,0.800000,0.500000
399,0,0,15.000000,0.900000,0.500000
400,0,0,20.000000,0.900000,0.500000
401,0,0,6.000000,0.000000,0.500000
402,1,1,8.000000,0.500000,0.500000
403,1,1,7.000000,0.300000,0.500000
404,0,0,6.000000,0.000000,0.500000
405,0,0,10.000000,0.700000,0.500000
406,1,1,6.000000,0.000000,0.500000
407,1,1,11.000000,0.600000,0.500000
408,0,0,14.000000,0.900000,0.500000
409,1,1,11.000000,0.600000,0.500000
410,0,0,11.000000,0.800000,0.500000
411,1,1,7.000000,0.300000,0.500000
412,1,1,11.000000,0.700000,0.500000
413,0,0,8.000000,0.300000,0.500000
414,1,1,8.000000,0.500000,0.500000
415,0,0,9.000000,0.500000,0.500000
416,0,0,7.000000,0.300000,0.500000
417,0,0,17.000000,0.900000,0.500000
418,1,1,14.000000,0.900000,0.500000
419,1,1,9.000000,0.700000,0.500000
420,1,1,19.000000,1.000000,0.500000
421,0,0,9.000000,0.500000,0.500000
422,0,0,9.000000,0.400000,0.500000
423,1,1,13.000000,0.700000,0.500000
424,1,1,9.000000,0.700000,0.500000
425,1,1,12.000000,0.900000,0.500000
426,0,0,10.000000,0.700000,0.500000
427,0,0,14.000000,0.900000,0.500000
428,0,0,12.000000,0.800000,0.500000
429,1,1,17.000000,0.700000,0.500000
430,1,1,8.000000,0.800000,0.500000
431,0,0,8.000000,0.800000,0.500000
432,1,1,9.000000,0.500000,0.500000
433,0,0,10.000000,0.400000,0.500000
434,0,0,9.000000,0.500000,0.500000
435,1,1,6.000000,0.000000,0.500000
436,0,1,7.000000,0.300000,0.500000
437,1,0,8.000000,0.800000,0.500000
438,1,1,9.000000,0.500000,0.500000
439,0,0,8.000000,0.600000,0.500000
440,1,1,7.000000,0.300000,0.500000
441,1,1,6.000000,0.000000,0.500000
442,0,0,6.000000,0.000000,0.500000
443,0,0,7.000000,0.300000,0.500000
444,1,1,8.000000,0.300000,0.500000
445,1,0,8.000000,0.500000,0.500000
446,0,0,7.000000,0.300000,0.500000
447,1,1,13.000000,0.800000,0.500000
448,1,1,6.000000,0.000000,0.500000
449,1,1,9.000000,0.700000,0.500000
450,0,0,9.000000,0.500000,0.500000
451,1,1,6.000000,0.000000,0.500000
452,0,0,10.000000,0.600000,0.500000
453,0,0,7.000000,0.300000,0.500000
454,0,0,8.000000,0.500000,0.500000
455,1,1,14.000000,0.900000,0.500000
456,1,1,7.000000,0.300000,0.500000
457,0,0,9.000000,0.800000,0.500000
458,0,0,11.000000,0.900000,0.500000
459,1,1,9.000000,0.700000,0.500000
460,0,0,7.000000,0.300000,0.500000
461,1,1,16.000000,0.900000,0.500000
462,0,0,9.000000,0.500000,0.500000
463,0,0,8.000000,0.500000,0.500000
464,1,1,12.000000,0.800000,0.500000
465,0,0,7.000000,0.300000,0.500000
466,1,1,6.000000,0.000000,0.500000
467,1,1,10.000000,0.700000,0.500000
468,0,0,14.000000,0.900000,0.500000
469,0,0,6.000000,0.000000,0.500000
470,0,0,8.000000,0.500000,0.500000
471,1,0,23.000000,1.000000,0.500000
472,1,1,7.000000,0.300000,0.500000
473,0,0,12.000000,0.800000,0.500000
474,1,1,8.000000,0.500000,0.500000
475,0,0,8.000000,0.500000,0.500000
476,1,1,7.000000,0.300000,0.500000
477,0,0,15.000000,0.900000,0.500000
478,0,0,12.000000,0.600000,0.500000
479,0,0,9.000000,0.500000,0.500000
480,1,1,7.000000,0.300000,0.500000
481,1,1,6.000000,0.000000,0.500000
482,1,1,15.000000,0.900000,0.500000
483,0,0,8.000000,0.500000,0.500000
484,1,1,7.000000,0.300000,0.500000
485,1,1,8.000000,0.500000,0.500000
486,1,1,17.000000,1.000000,0.500000
487,0,0,12.000000,0.700000,0.500000
488,0,1,16.000000,0.900000,0.500000
489,1,1,7.000000,0.300000,0.500000
490,1,1,7.000000,0.300000,0.500000
491,1,1,7.000000,0.300000,0.500000
492,0,0,14.000000,0.900000,0.500000
493,0,0,8.000000,0.500000,0.500000
494,1,1,7.000000,0.300000,0.500000
495,0,0,10.000000,0.700000,0.500000
496,0,0,9.000000,0.700000,0.500000
497,0,0,7.000000,0.300000,0.500000
498,0,0,7.000000,0.300000,0.500000
499,1,1,12.000000,0.900000,0.500000
500,1,1,10.000000,0.600000,0.500000
501,1,1,9.000000,0.700000,0.500000
502,1,1,9.000000,0.700000,0.500000
503,0,0,6.000000,0.000000,0.500000
504,0,0,7.000000,0.300000,0.500000
505,1,1,8.000000,0.600000,0.500000
506,1,1,13.000000,0.900000,0.500000
507,1,1,7.000000,0.300000,0.500000
508,1,1,7.000000,0.300000,0.500000
509,0,0,7.000000,0.300000,0.500000
510,1,1,14.000000,0.700000,0.500000
511,0,0,8.000000,0.500000,0.500000
512,0,0,13.000000,0.900000,0.500000
513,1,1,8.000000,0.500000,0.500000
514,0,0,9.000000,0.700000,0.500000
515,1,1,7.000000,0.300000,0.500000
516,0,0,16.000000,0.900000,0.500000
517,1,1,8.000000,0.800000,0.500000
518,0,0,10.000000,0.700000,0.500000
519,0,0,13.000000,0.800000,0.500000
520,0,0,6.000000,0.000000,0.500000
521,0,0,6.000000,0.000000,0.500000
522,1,1,7.000000,0.300000,0.500000
523,0,0,7.000000,0.300000,0.500000
524,1,1,7.000000,0.300000,0.500000
525,1,1,6.000000,0.000000,0.500000
526,0,0,7.000000,0.300000,0.500000
527,0,0,8.000000,0.500000,0.500000
528,1,1,8.000000,0.500000,0.500000
529,0,1,9.000000,0.800000,0.500000
530,0,0,6.000000,0.000000,0.500000
531,0,0,6.000000,0.000000,0.500000
532,0,0,7.000000,0.300000,0.500000
533,1,1,6.000000,0.000000,0.500000
534,0,0,9.000000,0.700000,0.500000
535,1,1,7.000000,0.300000,0.500000
536,0,0,6.000000,0.000000,0.500000
537,0,0,11.000000,0.700000,0.500000
538,0,0,9.000000,0.500000,0.500000
539,0,0,7.000000,0.300000,0.500000
540,1,1,11.000000,0.600000,0.500000
541,0,0,9.000000,0.900000,0.500000
542,0,0,6.000000,0.000000,0.500000
543,0,0,9.000000,0.800000,0.500000
544,1,1,6.000000,0.000000,0.500000
545,1,1,6.000000,0.000000,0.500000
546,1,1,8.000000,0.300000,0.500000
547,0,0,6.000000,0.000000,0.500000
548,1,1,7.000000,0.300000,0.500000
549,0,0,16.000000,0.900000,0.500000
550,1,1,6.000000,0.000000,0.500000
551,1,1,7.000000,0.300000,0.500000
552,1,1,7.000000,0.300000,0.500000
553,1,1,8.000000,0.500000,0.500000
554,1,1,9.000000,0.700000,0.500000
555,1,1,7.000000,0.300000,0.500000
556,0,0,10.000000,0.700000,0.500000
557,0,0,8.000000,0.500000,0.500000
558,0,0,8.000000,0.500000,0.500000
559,1,1,7.000000,0.300000,0.500000
560,1,1,11.000000,0.600000,0.500000
561,0,0,16.000000,0.900000,0.500000
562,1,1,6.000000,0.000000,0.500000
563,1,1,9.000000,0.500000,0.500000
564,1,1,11.000000,0.700000,0.500000
565,1,1,8.000000,0.500000,0.500000
566,1,1,16.000000,0.900000,0.500000
567,1,1,8.000000,0.500000,0.500000
568,0,0,6.000000,0.000000,0.500000
569,0,0,6.000000,0.000000,0.500000
570,0,0,7.000000,0.300000,0.500000
571,0,0,15.000000,0.800000,0.500000
572,0,0,12.000000,0.900000,0.500000
573,1,1,8.000000,0.500000,0.500000
574,0,0,7.000000,0.300000,0.500000
575,1,1,17.000000,0.900000,0.500000
576,1,1,9.000000,0.500000,0.500000
577,1,1,7.000000,0.300000,0.500000
578,1,1,8.000000,0.500000,0.500000
579,1,1,8.000000,0.500000,0.500000
580,0,0,6.000000,0.000000,0.500000
581,1,1,7.000000,0.300000,0.500000
582,1,1,12.000000,0.600000,0.500000
583,1,1,12.000000,0.800000,0.500000
584,1,1,7.000000,0.300000,0.500000
585,1,1,13.000000,0.900000,0.500000
586,1,1,16.000000,1.000000,0.500000
587,0,0,9.000000,0.400000,0.500000
588,0,1,8.000000,0.800000,0.500000
589,1,1,7.000000,0.300000,0.500000
590,1,1,7.000000,0.300000,0.500000
591,1,1,9.000000,0.500000,0.500000
592,0,0,12.000000,0.800000,0.500000
593,1,1,16.000000,0.900000,0.500000
594,1,1,7.000000,0.300000,0.500000
595,1,1,9.000000,0.500000,0.500000
596,1,1,7.000000,0.300000,0.500000
597,0,0,8.000000,0.500000,0.500000
598,1,1,8.000000,0.300000,0.500000
599,0,0,7.000000,0.300000,0.500000
600,1,1,6.000000,0.000000,0.500000
601,1,1,11.000000,0.600000,0.500000
602,1,1,10.000000,0.700000,0.500000
603,0,0,8.000000,0.800000,0.500000
604,1,1,6.000000,0.000000,0.500000
605,1,1,9.000000,0.800000,0.500000
606,1,1,11.000000,0.800000,0.500000
607,0,0,9.000000,0.500000,0.500000
608,0,0,8.000000,0.500000,0.500000
609,1,1,11.000000,0.600000,0.500000
610,1,1,11.000000,0.600000,0.500000
611,0,0,7.000000,0.300000,0.500000
612,0,0,11.000000,0.600000,0.500000
613,0,0,7.000000,0.300000,0.500000
614,1,1,11.000000,0.800000,0.500000
615,0,0,6.000000,0.000000,0.500000
616,0,0,7.000000,0.300000,0.500000
617,1,1,13.000000,0.800000,0.500000
618,0,0,7.000000,0.300000,0.500000
619,0,0,9.000000,0.700000,0.500000
620,1,1,6.000000,0.000000,0.500000
621,0,0,7.000000,0.300000,0.500000
622,1,1,8.000000,0.800000,0.500000
623,0,0,14.000000,0.900000,0.500000
624,1,1,18.000000,0.900000,0.500000
625,1,1,15.000000,0.800000,0.500000
626,1,1,7.000000,0.300000,0.500000
627,0,0,6.000000,0.000000,0.500000
628,0,0,6.000000,0.000000,0.500000
629,1,1,6.000000,0.000000,0.500000
630,1,1,8.000000,0.500000,0.500000
631,1,1,10.000000,0.800000,0.500000
632,1,1,6.000000,0.000000,0.500000
633,0,0,8.000000,0.500000,0.500000
634,0,0,13.000000,0.500000,0.500000
635,1,1,6.000000,0.000000,0.500000
636,1,1,13.000000,0.900000,0.500000
637,1,1,6.000000,0.000000,0.500000
638,0,0,7.000000,0.300000,0.500000
639,0,0,9.000000,0.700000,0.500000
640,1,1,6.000000,0.000000,0.500000
641,1,1,14.000000,0.900000,0.500000
642,0,0,10.000000,0.700000,0.500000
643,1,1,12.000000,0.800000,0.500000
644,0,0,14.000000,0.900000,0.500000
645,0,0,6.000000,0.000000,0.500000
646,1,1,6.000000,0.000000,0.500000
647,1,1,6.000000,0.000000,0.500000
648,1,1,12.000000,0.800000,0.500000
649,0,0,12.000000,0.800000,0.500000
650,0,0,6.000000,0.000000,0.500000
651,0,0,19.000000,1.000000,0.500000
652,1,1,8.000000,0.800000,0.500000
653,1,1,10.000000,0.400000,0.500000
654,1,1,8.000000,0.500000,0.500000
655,0,0,7.000000,0.300000,0.500000
656,0,0,6.000000,0.000000,0.500000
657,0,0,16.000000,1.000000,0.500000
658,0,0,8.000000,0.500000,0.500000
659,1,1,9.000000,0.800000,0.500000
660,0,0,15.000000,0.800000,0.500000
661,1,1,10.000000,0.900000,0.500000
662,0,0,6.000000,0.000000,0.500000
663,1,1,6.000000,0.000000,0.500000
664,1,1,14.000000,0.900000,0.500000
665,0,0,7.000000,0.300000,0.500000
666,1,1,6.000000,0.000000,0.500000
667,1,1,9.000000,0.400000,0.500000
668,0,1,14.000000,0.900000,0.500000
669,0,0,8.000000,0.500000,0.500000
670,1,0,8.000000,0.800000,0.500000
671,0,0,6.000000,0.000000,0.500000
672,1,1,9.000000,0.700000,0.500000
673,0,0,10.000000,0.700000,0.500000
674,0,1,12.000000,0.800000,0.500000
675,1,1,9.000000,0.800000,0.500000
676,0,0,8.000000,0.500000,0.500000
677,0,0,6.000000,0.000000,0.500000
678,0,0,14.000000,0.900000,0.500000
679,0,0,11.000000,0.900000,0.500000
680,1,1,7.000000,0.300000,0.500000
681,0,0,13.000000,0.900000,0.500000
682,0,0,6.000000,0.000000,0.500000
683,0,0,8.000000,0.500000,0.500000
684,1,1,7.000000,0.300000,0.500000
685,1,1,7.000000,0.300000,0.500000
686,1,1,8.000000,0.900000,0.500000
687,1,1,6.000000,0.000000,0.500000
688,0,0,15.000000,0.700000,0.500000
689,1,1,10.000000,0.800000,0.500000
690,0,0,6.000000,0.000000,0.500000
691,1,1,6.000000,0.000000,0.500000
692,0,0,7.000000,0.300000,0.500000
693,1,1,11.000000,0.800000,0.500000
694,0,0,12.000000,1.000000,0.500000
695,1,1,29.000000,1.000000,0.500000
696,1,1,9.000000,0.800000,0.500000
697,1,0,11.000000,0.900000,0.500000
698,0,0,7.000000,0.300000,0.500000
699,0,0,14.000000,0.700000,0.500000
700,0,0,9.000000,0.700000,0.500000
701,0,0,7.000000,0.300000,0.500000
702,0,0,7.000000,0.300000,0.500000
703,1,1,7.000000,0.300000,0.500000
704,0,0,8.000000,0.500000,0.500000
705,1,1,11.000000,0.700000,0.500000
706,0,0,19.000000,0.900000,0.500000
707,0,0,8.000000,0.500000,0.500000
708,0,0,7.000000,0.300000,0.500000
709,0,0,7.000000,0.300000,0.500000
710,1,1,10.000000,0.400000,0.500000
711,0,0,9.000000,0.800000,0.500000
712,1,0,14.000000,0.900000,0.500000
713,0,0,13.000000,0.900000,0.500000
714,0,0,6.000000,0.000000,0.500000
715,1,1,9.000000,0.500000,0.500000
716,1,1,7.000000,0.300000,0.500000
717,0,0,7.000000,0.300000,0.500000
718,1,1,17.000000,1.000000,0.500000
719,1,1,7.000000,0.300000,0.500000
720,0,0,11.000000,0.900000,0.500000
721,1,1,7.000000,0.300000,0.500000
722,0,0,10.000000,0.700000,0.500000
723,1,1,8.000000,0.500000,0.500000
724,1,1,13.000000,1.000000,0.500000
725,0,0,7.000000,0.300000,0.500000
726,1,1,6.000000,0.000000,0.500000
727,0,0,7.000000,0.300000,0.500000
728,1,1,6.000000,0.000000,0.500000
729,1,1,9.000000,0.500000,0.500000
730,1,1,7.000000,0.300000,0.500000
731,0,0,10.000000,0.400000,0.500000
732,0,0,7.000000,0.300000,0.500000
733,1,1,7.000000,0.300000,0.500000
734,1,1,13.000000,0.800000,0.500000
735,1,1,13.000000,0.900000,0.500000
736,0,0,8.000000,0.500000,0.500000
737,0,0,7.000000,0.300000,0.500000
738,0,0,6.000000,0.000000,0.500000
739,1,1,9.000000,0.700000,0.500000
740,1,1,13.000000,0.800000,0.500000
741,0,0,15.000000,0.900000,0.500000
742,0,0,8.000000,0.500000,0.500000
743,1,1,6.000000,0.000000,0.500000
744,1,1,6.000000,0.000000,0.500000
745,0,0,6.000000,0.000000,0.500000
746,1,1,8.000000,0.800000,0.500000
747,0,0,8.000000,0.500000,0.500000
748,0,0,9.000000,0.500000,0.500000
749,0,0,12.000000,0.800000,0.500000
750,1,1,11.000000,0.700000,0.500000
751,1,1,7.000000,0.300000,0.500000
752,1,1,9.000000,0.800000,0.500000
753,1,1,8.000000,0.500000,0.500000
754,0,0,13.000000,0.700000,0.500000
755,0,0,7.000000,0.300000,0.500000
756,1,1,8.000000,0.500000,0.500000
757,1,1,7.000000,0.300000,0.500000
758,1,1,12.000000,0.900000,0.500000
759,1,1,7.000000,0.300000,0.500000
760,1,1,6.000000,0.000000,0.500000
761,1,1,7.000000,0.300000,0.500000
762,1,1,9.000000,0.700000,0.500000
763,0,0,15.000000,0.900000,0.500000
764,0,0,14.000000,0.800000,0.500000
765,1,1,8.000000,0.500000,0.500000
766,1,1,12.000000,0.900000,0.500000
767,0,0,8.000000,0.200000,0.500000
768,0,0,6.000000,0.000000,0.500000
769,0,0,8.000000,0.800000,0.500000
770,1,0,8.000000,0.500000,0.500000
771,1,1,8.000000,0.500000,0.500000
772,1,1,9.000000,0.800000,0.500000
773,1,1,14.000000,0.900000,0.500000
774,0,0,8.000000,0.500000,0.500000
775,0,0,8.000000,0.500000,0.500000
776,0,0,18.000000,0.900000,0.500000
777,1,1,7.000000,0.300000,0.500000
778,1,1,9.000000,0.400000,0.500000
779,0,0,6.000000,0.000000,0.500000
780,1,1,8.000000,0.500000,0.500000
781,1,1,10.000000,0.400000,0.500000
782,0,0,6.000000,0.000000,0.500000
783,0,0,6.000000,0.000000,0.500000
784,0,0,6.000000,0.000000,0.500000
785,0,0,8.000000,0.500000,0.500000
786,1,1,7.000000,0.300000,0.500000
787,1,1,7.000000,0.300000,0.500000
788,0,0,6.000000,0.000000,0.500000
789,0,0,7.000000,0.300000,0.500000
790,0,0,9.000000,0.500000,0.500000
791,1,1,9.000000,0.400000,0.500000
792,1,1,7.000000,0.300000,0.500000
793,0,0,8.000000,0.500000,0.500000
794,0,0,8.000000,0.500000,0.500000
795,0,0,6.000000,0.000000,0.500000
796,0,0,9.000000,0.500000,0.500000
797,0,0,13.000000,0.900000,0.500000
798,1,1,6.000000,0.000000,0.500000
799,1,1,7.000000,0.300000,0.500000
800,0,1,25.000000,1.000000,0.500000
801,1,1,6.000000,0.000000,0.500000
802,1,1,6.000000,0.000000,0.500000
803,1,1,8.000000,0.500000,0.500000
804,1,1,6.000000,0.000000,0.500000
805,1,1,8.000000,0.500000,0.500000
806,1,1,13.000000,0.900000,0.500000
807,0,0,8.000000,0.500000,0.500000
808,1,1,6.000000,0.000000,0.500000
809,0,0,6.000000,0.000000,0.500000
810,0,0,6.000000,0.000000,0.500000
811,1,1,8.000000,0.500000,0.500000
812,0,0,14.000000,1.000000,0.500000
813,1,1,12.000000,0.600000,0.500000
814,1,1,7.000000,0.300000,0.500000
815,0,0,6.000000,0.000000,0.500000
816,1,1,17.000000,0.900000,0.500000
817,0,0,12.000000,0.600000,0.500000
818,0,0,8.000000,0.300000,0.500000
819,1,1,7.000000,0.300000,0.500000
820,0,0,11.000000,0.700000,0.500000
821,0,0,8.000000,0.500000,0.500000
822,1,1,7.000000,0.300000,0.500000
823,1,1,8.000000,0.800000,0.500000
824,1,1,13.000000,1.000000,0.500000
825,1,1,11.000000,0.800000,0.500000
826,1,1,6.000000,0.000000,0.500000
827,1,1,15.000000,0.900000,0.500000
828,0,0,9.000000,0.900000,0.500000
829,0,0,17.000000,1.000000,0.500000
830,0,0,7.000000,0.300000,0.500000
831,1,1,6.000000,0.000000,0.500000
832,1,1,7.000000,0.300000,0.500000
833,0,0,6.000000,0.000000,0.500000
834,0,0,6.000000,0.000000,0.500000
835,0,0,13.000000,0.700000,0.500000
836,1,1,6.000000,0.000000,0.500000
837,0,0,16.000000,0.900000,0.500000
838,1,1,13.000000,0.700000,0.500000
839,0,0,15.000000,0.900000,0.500000
840,1,1,6.000000,0.000000,0.500000
841,1,1,10.000000,0.400000,0.500000
842,1,1,8.000000,0.200000,0.500000
843,0,0,10.000000,0.700000,0.500000
844,0,0,7.000000,0.300000,0.500000
845,0,0,14.000000,0.900000,0.500000
846,0,0,7.000000,0.300000,0.500000
847,1,1,6.000000,0.000000,0.500000
848,0,1,13.000000,0.900000,0.500000
849,1,1,12.000000,0.800000,0.500000
850,1,1,8.000000,0.300000,0.500000
851,1,1,7.000000,0.300000,0.500000
852,0,0,7.000000,0.300000,0.500000
853,1,1,7.000000,0.300000,0.500000
854,1,1,7.000000,0.300000,0.500000
855,0,0,6.000000,0.000000,0.500000
856,1,1,6.000000,0.000000,0.500000
857,1,0,12.000000,0.900000,0.500000
858,1,1,7.000000,0.300000,0.500000
859,1,1,7.000000,0.300000,0.500000
860,1,1,9.000000,0.500000,0.500000
861,1,1,8.000000,0.500000,0.500000
862,0,0,7.000000,0.300000,0.500000
863,0,0,10.000000,0.700000,0.500000
864,0,0,6.000000,0.000000,0.500000
865,1,1,13.000000,0.900000,0.500000
866,0,0,8.000000,0.500000,0.500000
867,1,1,14.000000,0.900000,0.500000
868,1,1,8.000000,0.500000,0.500000
869,1,1,13.000000,0.800000,0.500000
870,1,1,6.000000,0.000000,0.500000
871,0,0,6.000000,0.000000,0.500000
872,1,1,7.000000,0.300000,0.500000
873,1,1,8.000000,0.800000,0.500000
874,0,0,9.000000,0.500000,0.500000
875,0,0,8.000000,0.500000,0.500000
876,1,1,7.000000,0.300000,0.500000
877,0,0,10.000000,0.600000,0.500000
878,1,1,10.000000,0.700000,0.500000
879,0,0,7.000000,0.300000,0.500000
880,0,1,10.000000,0.900000,0.500000
881,0,0,8.000000,0.800000,0.500000
882,1,0,9.000000,0.800000,0.500000
883,1,1,8.000000,0.500000,0.500000
884,1,1,14.000000,0.800000,0.500000
885,0,0,6.000000,0.000000,0.500000
886,0,0,7.000000,0.300000,0.500000
887,1,1,6.000000,0.000000,0.500000
888,1,1,10.000000,0.600000,0.500000
889,0,0,6.000000,0.000000,0.500000
890,1,1,7.000000,0.300000,0.500000
891,1,1,8.000000,0.500000,0.500000
892,1,1,13.000000,0.900000,0.500000
893,0,0,8.000000,0.300000,0.500000
894,1,1,13.000000,0.800000,0.500000
895,1,1,8.000000,0.500000,0.500000
896,0,0,7.000000,0.300000,0.500000
897,1,1,9.000000,0.500000,0.500000
898,1,1,11.000000,0.800000,0.500000
899,1,1,6.000000,0.000000,0.500000
900,1,1,6.000000,0.000000,0.500000
901,1,1,9.000000,0.500000,0.500000
902,1,1,8.000000,0.800000,0.500000
903,0,0,7.000000,0.300000,0.500000
904,0,0,10.000000,0.700000,0.500000
905,0,0,6.000000,0.000000,0.500000
906,0,0,7.000000,0.300000,0.500000
907,0,0,11.000000,0.800000,0.500000
908,1,1,8.000000,0.500000,0.500000
909,1,1,6.000000,0.000000,0.500000
910,1,0,18.000000,1.000000,0.500000
911,1,1,12.000000,0.800000,0.500000
912,1,1,6.000000,0.000000,0.500000
913,0,0,8.000000,0.500000,0.500000
914,1,1,7.000000,0.300000,0.500000
915,1,1,6.000000,0.000000,0.500000
916,1,1,10.000000,0.800000,0.500000
917,0,0,6.000000,0.000000,0.500000
918,0,0,9.000000,0.800000,0.500000
919,0,0,8.000000,0.500000,0.500000
920,1,1,11.000000,0.700000,0.500000
921,0,0,8.000000,0.500000,0.500000
922,0,0,9.000000,0.400000,0.500000
923,0,0,7.000000,0.300000,0.500000
924,1,1,9.000000,0.500000,0.500000
925,0,0,6.000000,0.000000,0.500000
926,1,1,15.000000,0.900000,0.500000
927,0,0,9.000000,0.500000,0.500000
928,0,0,11.000000,0.600000,0.500000
929,0,0,9.000000,0.500000,0.500000
930,1,1,7.000000,0.300000,0.500000
931,0,0,11.000000,0.900000,0.500000
932,1,1,6.000000,0.000000,0.500000
933,1,1,7.000000,0.300000,0.500000
934,1,1,9.000000,0.400000,0.500000
935,1,1,9.000000,0.700000,0.500000
936,1,1,7.000000,0.300000,0.500000
937,1,1,21.000000,1.000000,0.500000
938,1,0,11.000000,0.900000,0.500000
939,1,1,7.000000,0.300000,0.500000
940,0,0,9.000000,0.500000,0.500000
941,0,0,6.000000,0.000000,0.500000
942,1,0,13.000000,0.900000,0.500000
943,1,1,8.000000,0.300000,0.500000
944,0,0,9.000000,0.400000,0.500000
945,0,0,6.000000,0.000000,0.500000
946,1,1,10.000000,0.600000,0.500000
947,1,1,7.000000,0.300000,0.500000
948,1,1,7.000000,0.300000,0.500000
949,0,0,7.000000,0.300000,0.500000
950,1,1,8.000000,0.500000,0.500000
951,1,1,17.000000,0.900000,0.500000
952,1,1,8.000000,0.500000,0.500000
953,0,0,12.000000,0.600000,0.500000
954,1,1,8.000000,0.500000,0.500000
955,0,0,13.000000,0.900000,0.500000
956,0,0,7.000000,0.300000,0.500000
957,1,1,8.000000,0.500000,0.500000
958,1,1,7.000000,0.300000,0.500000
959,0,1,17.000000,1.000000,0.500000
960,0,0,7.000000,0.300000,0.500000
961,0,0,7.000000,0.300000,0.500000
962,1,1,11.000000,0.400000,0.500000
963,0,0,11.000000,0.900000,0.500000
964,0,0,9.000000,0.400000,0.500000
965,1,1,7.000000,0.300000,0.500000
966,0,0,8.000000,0.800000,0.500000
967,1,1,15.000000,0.900000,0.500000
968,1,1,9.000000,0.700000,0.500000
969,0,0,9.000000,0.500000,0.500000
970,0,0,7.000000,0.300000,0.500000
971,1,1,6.000000,0.000000,0.500000
972,1,1,8.000000,0.500000,0.500000
973,0,0,8.000000,0.500000,0.500000
974,0,0,23.000000,1.000000,0.500000
975,0,0,8.000000,0.500000,0.500000
976,1,1,8.000000,0.800000,0.500000
977,1,1,12.000000,1.000000,0.500000
978,0,0,8.000000,0.500000,0.500000
979,0,0,6.000000,0.000000,0.500000
980,1,1,8.000000,0.500000,0.500000
981,0,0,8.000000,0.500000,0.500000
982,0,0,26.000000,1.000000,0.500000
983,0,0,8.000000,0.500000,0.500000
984,1,1,10.000000,0.600000,0.500000
985,1,1,9.000000,0.500000,0.500000
986,1,1,10.000000,0.900000,0.500000
987,1,1,7.000000,0.300000,0.500000
988,1,0,12.000000,0.900000,0.500000
989,1,1,11.000000,0.600000,0.500000
990,1,1,8.000000,0.800000,0.500000
991,0,0,9.000000,0.500000,0.500000
992,1,1,6.000000,0.000000,0.500000
993,0,0,7.000000,0.300000,0.500000
994,1,1,8.000000,0.500000,0.500000
995,1,1,15.000000,0.900000,0.500000
996,1,1,8.000000,0.500000,0.500000
997,1,1,6.000000,0.000000,0.500000
998,0,0,7.000000,0.300000,0.500000
999,0,1,9.000000,0.900000,0.500000
WorkerID,Gamma,TrueGamma
571,0.565065,1.091551
808,0.500986,0.888369
772,0.508902,1.706348
475,0.361103,0.540732
713,0.573529,1.527136
345,0.491663,1.798510
5,0.444269,0.307512
820,0.411677,0.622673
265,0.514148,1.171663
959,0.438247,0.507519
617,0.483631,0.922148
45,0.495550,2.912709
546,0.479066,0.844303
940,0.424054,1.011984
618,0.529417,1.286706
654,0.449852,1.008496
622,0.523353,0.432848
239,0.570385,1.675008
865,0.479354,1.056134
201,0.531157,2.335576
332,0.517972,1.297060
998,0.498098,1.535706
252,0.573308,1.179452
999,0.498009,1.508811
539,0.422101,0.624534
968,0.559214,1.063999
856,0.552381,1.394166
656,0.464122,1.106033
493,0.590508,1.546962
800,0.490760,0.809389
909,0.442487,0.986436
608,0.498817,0.777103
212,0.427440,0.596026
450,0.499144,1.612629
168,0.443385,0.709137
308,0.471003,1.366978
532,0.421209,0.415187
742,0.396586,0.269903
726,0.464704,0.598589
485,0.562994,1.030769
857,0.512833,0.903551
887,0.576889,1.223484
58,0.532901,0.816159
38,0.474467,0.434028
751,0.423932,1.902711
59,0.414130,1.067360
729,0.490944,0.915001
420,0.577886,1.569602
364,0.572587,2.483105
547,0.467972,0.931337
297,0.537526,0.853290
716,0.520507,1.739310
929,0.441316,0.369912
916,0.568157,1.579181
387,0.436336,1.194077
444,0.543727,1.801951
582,0.635417,2.496186
400,0.390967,1.257374
918,0.552157,0.696976
944,0.497760,1.090571
120,0.586375,1.786185
383,0.526919,1.338859
657,0.411771,0.848523
159,0.391042,0.872652
141,0.479335,0.915466
570,0.524399,2.192948
757,0.525136,0.722755
673,0.447485,0.941012
353,0.548552,1.528467
533,0.509819,0.468646
777,0.480813,0.904339
197,0.514479,1.364321
497,0.479676,1.591369
118,0.423511,0.142442
595,0.410072,0.601940
11,0.477627,2.294608
519,0.494362,0.616349
792,0.503759,0.687194
876,0.486115,1.405201
328,0.424950,1.131926
415,0.455726,0.874596
382,0.493370,1.169908
667,0.433021,0.306375
518,0.520050,2.101964
699,0.533224,1.761820
139,0.598071,1.129956
142,0.525848,1.495143
537,0.507534,2.074919
431,0.495763,1.392476
325,0.474531,1.418497
436,0.472082,0.618415
875,0.440251,0.821547
300,0.395852,0.360508
937,0.474871,1.691704
684,0.493483,0.875591
119,0.483384,1.484476
296,0.552245,1.813865
996,0.646660,1.268988
74,0.556327,1.033751
663,0.571729,2.320986
660,0.507573,0.495365
460,0.484377,1.114994
616,0.525864,1.900718
967,0.421603,0.433309
422,0.443750,1.053770
826,0.415324,0.417654
872,0.434317,0.780789
596,0.564127,1.109976
765,0.659649,1.162617
397,0.411705,0.863494
722,0.558924,1.596659
453,0.459870,1.474735
703,0.437415,0.515955
195,0.532060,1.055230
170,0.454860,1.053042
682,0.478267,0.793187
534,0.555236,2.348706
842,0.557012,1.577734
977,0.498936,0.712026
659,0.461097,2.331200
795,0.521743,2.354849
989,0.505856,1.044370
551,0.440951,1.726892
770,0.622470,1.257735
965,0.515819,0.998465
828,0.469769,1.022938
613,0.512012,0.798044
501,0.522945,0.801020
39,0.495663,0.222750
838,0.571060,1.525286
817,0.491023,0.472060
768,0.412717,1.433951
512,0.484586,1.374548
686,0.387919,1.538628
993,0.626608,3.026662
651,0.431705,1.026312
854,0.460295,0.854315
683,0.474116,1.296221
56,0.514650,1.877960
464,0.544337,0.988190
251,0.448213,0.490242
221,0.495535,0.577549
16,0.532920,2.396053
986,0.394741,1.678251
565,0.429569,0.525511
342,0.474529,1.121457
182,0.539104,1.712466
847,0.481348,2.073201
476,0.474610,0.977460
676,0.410087,1.083099
587,0.440880,0.949003
886,0.480230,0.964292
837,0.553698,1.546580
893,0.565749,1.353900
399,0.507470,1.273825
688,0.540969,1.321843
249,0.610034,1.656493
961,0.436542,0.858373
357,0.562798,2.327803
913,0.402252,0.225468
347,0.551676,1.551548
137,0.508501,2.479630
578,0.542353,3.571470
271,0.531375,2.484291
603,0.520169,1.124483
281,0.465835,1.100035
46,0.445798,0.868724
924,0.586096,0.996116
691,0.533468,1.056565
423,0.516842,1.180825
384,0.506169,0.831052
705,0.522071,0.789457
452,0.439527,0.439917
35,0.482232,1.028525
992,0.561944,1.030803
41,0.377603,0.818959
412,0.476631,1.317363
496,0.516385,1.078594
520,0.487559,1.404041
110,0.559288,1.550760
98,0.547524,0.717727
720,0.513904,1.207746
574,0.576924,1.812331
557,0.497388,2.092263
254,0.527293,1.183461
367,0.505181,0.860759
319,0.522028,0.689563
49,0.605658,1.930309
207,0.493498,1.036507
962,0.499444,0.488074
594,0.501208,2.183642
737,0.478089,1.154737
411,0.499371,0.300595
505,0.530371,2.204914
994,0.625908,1.282069
486,0.503498,1.474963
845,0.468839,0.832896
199,0.514102,0.997903
707,0.603757,1.350848
320,0.622050,1.841646
149,0.535773,1.271975
821,0.483715,1.237499
525,0.633903,1.323620
513,0.522698,1.022644
372,0.503927,0.777530
945,0.479159,0.934838
0,0.593039,1.490108
88,0.614197,1.279241
862,0.596405,1.457901
374,0.465374,0.798565
404,0.544553,1.728471
290,0.600030,1.616281
198,0.554799,2.359091
172,0.546084,1.189842
72,0.641443,1.068089
778,0.454621,1.343439
135,0.608337,2.037236
561,0.568916,0.968361
634,0.696124,1.737897
429,0.551384,2.298231
307,0.521232,1.147598
866,0.539469,0.991636
739,0.455652,1.350738
719,0.520487,1.300948
687,0.548491,1.410132
406,0.441261,0.239788
783,0.564114,3.119225
257,0.596143,1.358978
309,0.541661,1.185081
419,0.483696,0.595958
759,0.581554,3.260977
8,0.654918,2.054827
747,0.545476,0.910426
301,0.514209,0.906148
92,0.485016,0.477006
167,0.516231,1.575826
116,0.467400,1.179370
458,0.525028,1.518648
401,0.578753,2.154548
522,0.545669,1.906226
947,0.549143,1.183071
877,0.531511,0.690556
225,0.643075,1.810111
586,0.477304,0.747081
933,0.634784,2.745360
126,0.553084,2.008116
408,0.513176,1.574597
102,0.538377,0.458025
204,0.502642,0.744628
581,0.518830,0.792226
734,0.578694,0.870834
853,0.482194,0.413880
449,0.526932,1.162446
928,0.450545,0.512710
362,0.542237,1.805915
299,0.549192,1.188795
169,0.572845,0.783970
459,0.569659,1.717502
681,0.721967,2.696487
1,0.535155,0.831918
710,0.574287,0.884549
355,0.538854,0.931643
724,0.487998,0.709015
788,0.532043,3.362766
735,0.519293,0.978727
209,0.495851,1.449152
472,0.569948,1.399645
641,0.444565,0.464397
316,0.447296,0.907641
132,0.547827,2.079801
32,0.564851,0.815880
67,0.630031,0.758328
161,0.534610,1.528274
30,0.498069,0.728901
418,0.533165,0.516803
69,0.439598,0.734275
997,0.488509,0.488746
430,0.558251,1.549134
335,0.528515,1.053865
451,0.522455,0.478663
809,0.534424,1.431545
921,0.553935,1.039291
906,0.609637,1.049685
914,0.572468,0.831463
566,0.549767,2.215581
368,0.535395,0.614718
793,0.560535,1.983470
107,0.480364,2.207263
395,0.557749,1.096840
647,0.626120,1.329238
830,0.482074,0.379145
478,0.537408,2.279062
241,0.530559,0.824109
99,0.608360,0.774081
85,0.480695,3.888110
287,0.561319,1.385209
812,0.462768,1.055347
17,0.533588,0.756633
957,0.496341,1.303970
748,0.508358,1.247165
144,0.534418,1.742757
633,0.444572,1.235503
664,0.505868,1.996854
54,0.491781,0.490338
804,0.588955,1.631733
482,0.582904,0.819944
55,0.454342,0.449351
237,0.509331,0.535025
329,0.501336,2.197680
786,0.542197,0.846927
873,0.587860,1.508077
66,0.442972,0.454014
526,0.571966,1.454445
21,0.516826,0.981627
190,0.547601,0.826688
389,0.536714,1.414439
180,0.460727,1.388778
813,0.570743,1.148168
27,0.537473,2.264042
860,0.434376,0.426864
327,0.568994,1.299017
155,0.471933,0.885715
835,0.536785,2.458494
407,0.489301,1.120502
433,0.508498,0.576961
825,0.505102,1.224283
859,0.495779,0.745453
469,0.488581,0.955339
954,0.442629,0.884121
463,0.482341,1.073363
706,0.478970,0.640648
359,0.541214,1.710684
990,0.480925,1.475357
440,0.456203,0.245884
987,0.439195,0.857562
213,0.472928,0.395220
200,0.553539,0.952434
96,0.539706,1.060904
234,0.437943,1.076042
111,0.441936,0.593315
291,0.533977,1.970262
727,0.508772,1.153257
652,0.576534,0.791601
625,0.426047,0.367686
761,0.642433,1.586245
365,0.494586,1.635312
136,0.592637,2.079686
982,0.499610,2.109683
935,0.535664,0.893864
410,0.509443,0.541002
889,0.539206,1.145840
244,0.518897,0.821443
535,0.498777,1.212892
36,0.474423,0.543753
28,0.529435,0.758501
277,0.479338,1.320263
446,0.441383,0.542498
283,0.527295,1.782178
231,0.520946,2.313610
304,0.605681,3.674873
267,0.490942,0.700682
923,0.658849,1.525799
529,0.447797,0.875584
253,0.518702,1.625500
791,0.507620,1.127571
930,0.610983,2.446263
668,0.543430,0.979607
908,0.449100,0.204186
94,0.485582,0.768467
948,0.561132,1.594708
782,0.634811,3.320639
890,0.554508,1.052205
105,0.564590,2.556124
416,0.482575,0.603811
702,0.467004,0.819982
50,0.466304,0.272840
785,0.521701,0.538785
52,0.544086,0.882941
461,0.498260,0.932225
950,0.537771,2.017207
619,0.472190,0.667967
949,0.498347,0.490434
185,0.508712,1.154884
171,0.639087,0.701220
427,0.501835,0.963365
318,0.592121,1.280017
336,0.596669,1.214121
121,0.606123,1.074894
103,0.563501,0.459866
57,0.573857,1.155949
93,0.584499,1.387870
259,0.578528,1.802922
646,0.585995,0.975502
175,0.565788,0.669360
981,0.482180,0.780092
477,0.536502,1.343370
373,0.533280,0.610122
943,0.608542,1.728297
20,0.546718,1.481015
980,0.676300,1.183794
556,0.527205,0.991986
490,0.548813,1.922765
214,0.648002,0.730021
552,0.764854,2.829828
754,0.499664,0.786656
196,0.573170,1.062418
89,0.519359,0.415991
816,0.588172,1.106836
432,0.513206,1.965672
150,0.600943,1.788721
113,0.518040,0.827687
583,0.567961,0.528666
219,0.588090,1.516698
970,0.527600,0.786769
90,0.545787,1.205182
973,0.584777,1.444353
499,0.559385,1.021831
636,0.569091,1.285648
43,0.558843,1.118689
911,0.507664,1.169901
178,0.567411,1.123368
273,0.553410,0.684044
157,0.541821,0.579657
6,0.584122,1.516044
960,0.493798,0.909455
392,0.567282,1.539789
130,0.618145,0.631307
24,0.571251,0.661036
448,0.553744,1.239580
275,0.512931,0.461963
588,0.454792,0.404371
143,0.603181,0.541122
798,0.520766,0.684761
685,0.653699,1.204677
377,0.530028,0.637531
834,0.723255,1.506021
939,0.491749,0.776955
243,0.511289,1.088037
343,0.516986,0.691391
629,0.494926,0.960675
125,0.525462,0.884107
932,0.518424,0.462640
979,0.497455,0.857746
176,0.539580,1.233040
974,0.659971,0.917474
849,0.599527,1.393875
953,0.716334,1.780659
931,0.593839,1.156331
354,0.579105,1.145840
610,0.617234,1.248266
888,0.555240,0.519945
712,0.514284,1.190772
65,0.549465,0.760231
769,0.597670,0.780146
632,0.595951,1.195515
554,0.539840,0.606938
68,0.594182,0.772984
612,0.619093,1.480982
266,0.583283,0.844469
846,0.609797,1.731115
445,0.617354,1.927733
312,0.539823,0.917885
563,0.592572,0.754429
280,0.618675,1.241687
203,0.537135,1.286938
163,0.575134,1.152282
331,0.476585,0.829387
864,0.699612,1.961299
901,0.476516,0.657731
689,0.654066,1.495074
836,0.507495,0.990335
467,0.547750,1.369398
42,0.516152,0.547743
208,0.643576,1.142193
186,0.634174,0.787809
635,0.527701,1.404162
640,0.518208,0.952099
140,0.548434,2.004492
255,0.561581,0.507494
218,0.507925,0.272334
262,0.596590,0.698083
428,0.540145,0.693363
733,0.559825,1.260216
393,0.631005,1.463225
286,0.512690,0.665735
831,0.498752,0.434668
370,0.606486,0.658999
337,0.562297,0.844217
270,0.519950,2.449049
351,0.640897,1.248061
205,0.653246,1.088474
796,0.654773,2.167610
858,0.521971,0.610390
701,0.593081,0.901122
506,0.548168,0.456819
952,0.642243,1.688480
250,0.543057,0.212515
746,0.560679,0.600587
511,0.661922,1.439576
81,0.536474,1.031184
223,0.575612,1.651374
61,0.583785,0.712529
187,0.574106,1.877877
363,0.515407,0.519580
91,0.511142,0.636547
773,0.605358,1.295253
326,0.494933,0.638260
310,0.576551,0.946442
852,0.594746,0.739266
530,0.557318,0.413080
670,0.551081,0.491666
871,0.522329,1.309065
674,0.547938,1.937266
483,0.667761,1.661033
648,0.615876,1.592958
868,0.617261,0.872317
881,0.516196,0.248861
340,0.615581,1.272223
4,0.539119,0.741513
284,0.487942,0.723603
851,0.543054,1.033173
884,0.523192,1.298675
95,0.675149,1.386747
378,0.539734,0.942667
567,0.556062,0.352867
7,0.494215,0.744468
73,0.434692,1.744527
803,0.472354,0.222414
13,0.748592,1.267681
898,0.482268,2.137288
818,0.424995,0.429112
344,0.609647,1.338601
839,0.539716,0.673865
553,0.567477,0.923472
643,0.659175,1.593921
741,0.464122,1.465067
823,0.659035,0.502668
425,0.486207,0.521592
473,0.528324,1.351332
730,0.474505,0.645689
456,0.539821,1.410775
317,0.633773,1.036276
738,0.596982,1.948628
348,0.462556,0.350180
122,0.488655,0.464909
776,0.519822,0.709684
147,0.517834,0.799751
481,0.576088,3.173114
743,0.490471,0.625584
675,0.533666,0.679908
409,0.529034,2.141850
972,0.630558,0.538086
728,0.518339,1.412638
165,0.614111,1.474409
555,0.590853,1.016496
715,0.667455,1.080282
202,0.504837,1.060569
548,0.622818,1.976519
53,0.643098,2.530244
762,0.522662,0.856183
177,0.544701,0.790940
321,0.575909,1.855165
692,0.697217,1.196446
64,0.684676,0.930895
749,0.537846,0.664628
288,0.570250,0.762438
173,0.650759,1.821216
964,0.535358,1.338937
386,0.550607,0.391313
755,0.527514,0.751699
421,0.580599,1.789848
794,0.679431,1.844825
424,0.576250,0.982182
824,0.649132,2.069217
844,0.558310,0.788245
48,0.696900,1.864914
620,0.555207,1.137402
903,0.704649,1.279127
763,0.653737,1.696181
346,0.533840,2.083072
127,0.567303,0.791470
756,0.638957,0.867422
263,0.557489,1.266980
413,0.631598,0.745984
494,0.485541,1.098895
549,0.607468,0.440538
158,0.530005,2.786333
278,0.677302,1.872473
585,0.598201,1.091215
62,0.611313,1.092267
232,0.474122,0.567234
649,0.599396,0.984544
124,0.539165,0.619417
183,0.643956,2.188374
662,0.665735,1.279194
14,0.678614,0.994950
15,0.542546,2.181559
26,0.658441,1.308389
303,0.649399,2.220698
577,0.618177,2.215542
405,0.654133,0.974623
246,0.554369,0.995677
774,0.531040,1.040725
807,0.700402,2.698576
665,0.560088,0.567853
517,0.514169,1.738883
723,0.653651,2.002408
441,0.508538,0.772866
40,0.611581,1.600307
465,0.483714,0.515404
360,0.599933,0.447257
385,0.687181,1.611787
541,0.627939,0.939316
358,0.568981,0.997308
488,0.633599,1.061905
322,0.550876,1.293015
840,0.536891,1.253545
403,0.655221,0.931885
544,0.675690,1.094485
744,0.607476,1.046389
487,0.603540,1.803556
700,0.539255,0.982199
832,0.625394,1.043922
19,0.567822,0.525206
653,0.594492,1.766869
902,0.691946,1.178985
801,0.561277,1.831562
129,0.579941,1.039862
394,0.641322,1.507166
311,0.681400,1.568655
191,0.640338,1.275269
624,0.619389,0.374182
181,0.625927,2.659356
597,0.488958,0.474833
388,0.644260,0.849493
438,0.504892,0.613069
780,0.612987,3.014912
900,0.556244,0.655904
189,0.564813,0.470522
814,0.602619,1.552614
698,0.751878,0.890883
507,0.581696,3.038766
966,0.541610,0.872936
891,0.622796,0.745832
261,0.680150,0.794462
9,0.677383,0.934300
480,0.730401,1.498139
18,0.469076,0.476223
184,0.578360,2.721579
797,0.561923,0.492896
753,0.553746,1.421214
509,0.650438,1.681734
29,0.607541,0.895381
731,0.685760,1.779486
598,0.574760,2.214628
323,0.685839,1.092294
210,0.530144,1.019823
334,0.685733,0.833838
559,0.713797,1.610699
784,0.467062,0.205252
867,0.615758,1.152863
666,0.603280,0.602100
604,0.638156,2.814886
806,0.624814,1.038297
775,0.731640,2.533734
963,0.603009,2.815638
811,0.612291,1.809419
3,0.731262,1.065351
174,0.565116,0.537266
623,0.634385,1.125453
492,0.680706,1.579006
650,0.617198,1.343000
590,0.566317,0.989166
550,0.601333,1.591074
242,0.658023,1.271435
44,0.503568,1.201064
264,0.485887,0.685394
833,0.748675,1.877933
958,0.625127,0.306275
504,0.818230,1.663961
626,0.662296,1.228245
920,0.541001,1.024471
238,0.565587,1.480775
192,0.571131,0.762090
936,0.528049,1.370618
955,0.557303,0.823610
645,0.674431,0.444094
63,0.623293,0.567131
540,0.525976,0.530642
515,0.521092,0.655725
356,0.658155,1.515924
599,0.615608,1.738405
709,0.498770,1.227022
621,0.616059,1.471523
736,0.553341,2.011080
166,0.701288,2.120016
361,0.820258,3.035083
500,0.579660,0.729316
22,0.578607,0.819200
236,0.757750,2.308695
679,0.510384,0.906680
767,0.633135,1.641653
764,0.539937,1.099454
339,0.544223,1.181349
536,0.603641,1.303125
925,0.619960,0.661467
117,0.536965,1.068084
779,0.581090,1.724884
115,0.649487,1.477526
708,0.678074,1.867294
799,0.682945,0.908155
179,0.646031,1.561828
228,0.568754,1.698929
524,0.574889,1.110492
151,0.727156,0.972157
474,0.651054,1.533479
896,0.608056,1.198733
693,0.567984,0.854956
34,0.670533,1.365397
790,0.570181,0.550025
661,0.541200,0.945598
455,0.666874,1.256810
593,0.687495,0.599665
882,0.491013,0.780363
677,0.524143,0.410836
523,0.612163,1.834136
869,0.581569,2.054613
366,0.575015,0.381459
605,0.529606,0.255581
827,0.724500,2.060286
100,0.759870,1.572841
313,0.629192,0.852673
899,0.627811,1.495666
592,0.626411,1.516236
527,0.702697,1.460787
248,0.658519,0.934438
880,0.658057,0.922848
680,0.598030,0.943388
732,0.638128,0.928203
568,0.539556,1.879835
771,0.574021,0.402041
695,0.510896,1.609504
789,0.600571,1.143287
579,0.526723,1.132325
80,0.597909,1.174223
108,0.599186,1.424837
984,0.708093,1.381777
938,0.589329,0.469162
917,0.546602,0.514844
740,0.626444,1.363141
922,0.553892,1.606832
256,0.561762,1.628894
289,0.768896,1.661902
915,0.542685,0.259755
639,0.608930,1.072289
294,0.610076,1.510397
37,0.812937,1.989436
350,0.681600,2.496816
885,0.699850,0.998352
114,0.594120,1.707157
926,0.594488,1.085254
324,0.614425,0.567981
638,0.615228,0.881345
829,0.656199,1.802451
503,0.534203,0.669026
468,0.634023,0.917638
752,0.595615,1.499645
907,0.564966,0.762369
224,0.504213,0.655116
995,0.599064,0.964720
156,0.672609,1.033392
758,0.619877,0.897870
942,0.563404,0.604140
810,0.591243,0.591920
352,0.639437,1.722693
601,0.697003,0.872967
381,0.690956,0.709283
133,0.577692,0.299482
84,0.559426,1.120882
60,0.686948,1.273609
193,0.656535,1.672292
211,0.533627,0.310043
718,0.722242,1.335473
576,0.669700,2.068872
508,0.567802,1.346822
86,0.541098,1.306024
414,0.535551,2.149861
787,0.633831,1.281396
293,0.606625,1.070670
491,0.529746,0.636506
434,0.497678,0.447759
607,0.544004,1.077472
25,0.622083,0.647302
10,0.596560,0.506795
268,0.804873,1.263656
819,0.767575,1.209997
269,0.577217,1.645317
971,0.740209,1.385199
75,0.706454,0.694045
704,0.535056,1.003941
895,0.693325,0.997037
462,0.650367,1.055584
230,0.694004,0.527169
31,0.562017,1.530149
369,0.569117,1.326547
77,0.665102,0.791912
489,0.685782,0.981423
883,0.498375,0.718151
292,0.780711,1.544990
951,0.573626,0.481691
247,0.614799,0.730781
314,0.702875,2.094250
591,0.702201,3.205345
912,0.616852,0.180486
609,0.605838,1.553343
669,0.561556,1.297817
188,0.650302,1.459681
531,0.736612,0.887475
897,0.723523,1.609097
123,0.646705,2.212395
426,0.660022,1.283673
70,0.575368,1.151382
371,0.723309,2.468548
260,0.740619,1.661503
510,0.678257,0.909985
104,0.622851,0.816387
376,0.739414,2.767380
305,0.884043,1.574437
466,0.746496,2.084929
495,0.593260,1.836000
396,0.726403,1.755566
194,0.745771,1.041853
502,0.638713,0.191540
285,0.586816,1.543025
306,0.643134,0.361825
235,0.601229,1.210864
637,0.671428,0.476902
71,0.690002,0.516221
398,0.559500,0.668930
164,0.625111,0.488303
850,0.572443,0.390144
162,0.610508,1.099090
611,0.612664,1.014072
822,0.646046,0.719632
298,0.621995,1.619966
454,0.562503,0.910639
721,0.593538,0.839310
302,0.684395,0.503553
805,0.611791,0.561501
215,0.596294,1.859944
630,0.577973,0.574083
543,0.668961,0.788615
879,0.622519,1.163172
146,0.548025,1.005619
295,0.610486,0.651800
602,0.568296,1.061894
338,0.663686,1.370408
282,0.715189,1.446291
514,0.596111,0.933140
655,0.624261,0.810961
714,0.565482,1.268573
279,0.585932,1.983348
274,0.604428,2.140179
131,0.593828,2.418382
815,0.545379,0.788170
439,0.633728,0.793266
750,0.656720,0.937567
134,0.599292,0.921624
919,0.801579,2.102900
658,0.608942,1.184139
975,0.668815,2.104278
631,0.685053,2.639446
717,0.727246,0.974881
390,0.632098,1.483274
969,0.572384,0.469121
569,0.598125,0.992050
725,0.714607,1.200141
220,0.648640,1.520767
258,0.598319,1.257507
690,0.683647,1.519187
678,0.692514,0.628493
672,0.574066,1.112307
870,0.544710,1.319344
245,0.592311,1.137550
226,0.798335,2.124763
78,0.663895,1.100726
333,0.636012,2.542083
841,0.576028,0.289633
380,0.630096,0.792378
160,0.691982,1.078552
584,0.750105,1.867277
580,0.578536,1.000291
417,0.672796,0.878004
87,0.598691,0.631751
379,0.652012,1.488917
33,0.729562,1.317283
991,0.688560,1.538447
606,0.676348,0.779311
946,0.674503,0.829232
82,0.610896,0.995651
575,0.616246,1.263418
498,0.675086,1.560645
766,0.774759,1.272218
276,0.676912,0.405437
558,0.675283,2.178966
349,0.634838,1.377361
941,0.656129,0.920909
696,0.719562,1.094793
216,0.712640,1.825074
572,0.643693,1.585535
2,0.809686,1.769609
628,0.850702,1.829827
443,0.737726,1.787902
878,0.805321,1.728760
272,0.599115,1.145678
145,0.635639,1.412522
470,0.830563,1.818717
627,0.599922,1.280870
614,0.743797,1.973351
694,0.692998,1.169442
562,0.705671,0.676968
863,0.745035,1.192081
148,0.587009,0.107603
892,0.762176,0.809371
23,0.798277,1.511400
484,0.861222,2.460483
528,0.654627,0.446900
112,0.666239,0.538221
934,0.652508,0.334376
927,0.649432,1.326401
154,0.728238,1.714007
615,0.680851,1.757536
229,0.728564,1.625515
874,0.712175,1.729675
240,0.659849,1.760441
745,0.721586,3.028675
904,0.622656,2.289277
905,0.622740,1.563527
545,0.740511,0.638926
442,0.696919,0.666493
910,0.628235,1.559642
153,0.683241,0.892972
47,0.713084,1.418719
711,0.653394,0.954228
106,0.714975,0.980586
83,0.709942,0.816391
521,0.680939,1.530329
538,0.680337,0.904902
101,0.721012,0.896516
471,0.896385,1.718214
79,0.657041,1.295200
760,0.685724,0.829438
516,0.713354,0.552887
978,0.708647,4.183775
12,0.782982,2.061351
671,0.672145,1.247578
391,0.719103,1.589381
843,0.796860,1.259439
848,0.691463,1.878827
206,0.802324,0.927820
152,0.690037,1.552991
109,0.824397,2.112934
697,0.597194,0.717333
983,0.659530,0.552600
128,0.727283,1.936640
600,0.675115,0.546980
573,0.689303,1.102527
437,0.593049,0.130868
855,0.651039,1.752720
97,0.721611,1.242083
233,0.708119,1.947464
479,0.764100,2.120034
589,0.690809,0.769394
560,0.785105,1.506380
644,0.729538,0.609486
222,0.685577,1.322558
227,0.750019,0.889903
956,0.817961,0.689237
51,0.727593,2.536628
976,0.649061,0.903551
564,0.836645,0.469729
330,0.707879,1.703951
802,0.680568,0.874213
894,0.674712,0.627385
985,0.734310,1.600313
315,0.674355,1.120571
341,0.864120,1.298354
542,0.789754,1.208282
435,0.770533,0.722555
457,0.763775,1.658275
642,0.821958,0.970713
447,0.763242,1.950029
375,0.778501,0.206348
402,0.850443,2.058155
781,0.785321,1.024629
217,0.827489,0.795846
76,0.912322,1.065285
988,0.901579,2.122945
861,0.873703,2.545600
138,0.873757,0.747728
1772,0.491794,0.852785
1231,0.532819,1.138113
1760,0.509813,0.791800
1965,0.490971,0.495683
1196,0.493508,0.503306
1898,0.505553,0.633021
1326,0.490720,2.147078
1593,0.490384,0.363641
Average Cost: 9.209000
Accuracy: 96.700000
Accuracy 0: 100.000000
Cost 0: 6.000000
Accuracy 1: 100.000000
Cost 1: 6.000000
Accuracy 2: 100.000000
Cost 2: 6.000000
Accuracy 3: 100.000000
Cost 3: 6.000000
Accuracy 4: 100.000000
Cost 4: 6.000000
Accuracy 5: 100.000000
Cost 5: 6.000000
Accuracy 6: 100.000000
Cost 6: 6.000000
Accuracy 7: 100.000000
Cost 7: 6.000000
Accuracy 8: 100.000000
Cost 8: 6.000000
Accuracy 9: 100.000000
Cost 9: 6.000000
