ProblemNo,Answer,TrueAnswer,Cost,Difficulty
0,0,0,12.000000,0.000000
1,0,0,12.000000,0.000000
2,1,1,12.000000,0.000000
3,1,1,12.000000,0.000000
4,0,0,15.000000,0.500000
5,0,0,12.000000,0.000000
6,0,0,12.000000,0.000000
7,1,1,15.000000,0.500000
8,0,1,15.000000,0.900000
9,1,1,18.000000,0.900000
10,1,1,15.000000,0.500000
11,0,0,12.000000,0.000000
12,0,0,12.000000,0.000000
13,0,0,36.000000,1.000000
14,0,0,12.000000,0.000000
15,1,1,18.000000,0.400000
16,1,1,12.000000,0.000000
17,0,0,12.000000,0.000000
18,1,1,27.000000,1.000000
19,0,0,15.000000,0.500000
20,1,1,15.000000,0.500000
21,1,1,15.000000,0.500000
22,1,1,12.000000,0.000000
23,0,0,12.000000,0.000000
24,1,1,12.000000,0.000000
25,0,1,45.000000,0.900000
26,1,1,12.000000,0.000000
27,0,0,12.000000,0.000000
28,1,1,30.000000,1.000000
29,1,0,15.000000,0.500000
30,1,1,12.000000,0.000000
31,1,1,12.000000,0.000000
32,0,0,12.000000,0.000000
33,1,1,12.000000,0.000000
34,1,1,18.000000,0.400000
35,0,1,42.000000,0.900000
36,0,1,15.000000,0.900000
37,0,1,12.000000,0.000000
38,0,0,12.000000,0.000000
39,0,1,18.000000,1.000000
40,1,1,12.000000,0.000000
41,0,0,15.000000,0.500000
42,0,0,18.000000,0.900000
43,1,1,15.000000,0.500000
44,1,1,15.000000,0.500000
45,1,1,15.000000,0.500000
46,0,0,15.000000,0.500000
47,1,1,12.000000,0.000000
48,0,0,15.000000,0.500000
49,0,0,12.000000,0.000000
50,0,0,12.000000,0.000000
51,0,0,12.000000,0.000000
52,0,0,18.000000,1.000000
53,0,0,15.000000,0.500000
54,0,0,12.000000,0.000000
55,0,0,12.000000,0.000000
56,0,0,12.000000,0.000000
57,1,1,12.000000,0.000000
58,0,0,27.000000,0.800000
59,0,0,12.000000,0.000000
60,1,1,15.000000,0.500000
61,0,0,33.000000,0.900000
62,1,1,45.000000,1.000000
63,0,0,12.000000,0.000000
64,0,0,15.000000,0.500000
65,1,1,12.000000,0.000000
66,1,1,12.000000,0.000000
67,0,0,12.000000,0.000000
68,0,0,12.000000,0.000000
69,1,1,12.000000,0.000000
70,0,0,54.000000,1.000000
71,0,0,12.000000,0.000000
72,1,1,12.000000,0.000000
73,1,1,12.000000,0.000000
74,0,0,12.000000,0.000000
75,1,1,12.000000,0.000000
76,0,0,12.000000,0.000000
77,1,1,18.000000,0.900000
78,1,0,24.000000,0.900000
79,0,0,12.000000,0.000000
80,1,1,42.000000,1.000000
81,1,1,12.000000,0.000000
82,1,1,15.000000,0.500000
83,0,0,12.000000,0.000000
84,1,1,12.000000,0.000000
85,0,0,12.000000,0.000000
86,1,1,15.000000,0.500000
87,0,0,15.000000,0.500000
88,0,0,18.000000,0.800000
89,1,1,12.000000,0.000000
90,1,1,18.000000,0.500000
91,0,0,15.000000,0.500000
92,0,0,15.000000,0.900000
93,0,0,18.000000,0.800000
94,1,1,18.000000,0.800000
95,1,1,30.000000,0.900000
96,1,1,12.000000,0.000000
97,1,1,12.000000,0.000000
98,0,0,12.000000,0.000000
99,1,1,12.000000,0.000000
100,1,1,12.000000,0.000000
101,1,1,12.000000,0.000000
102,1,1,12.000000,0.000000
103,0,0,30.000000,0.900000
104,1,1,15.000000,0.500000
105,0,0,30.000000,0.600000
106,0,0,12.000000,0.000000
107,0,1,18.000000,0.800000
108,1,1,18.000000,0.800000
109,1,1,12.000000,0.000000
110,1,0,27.000000,0.900000
111,0,0,12.000000,0.000000
112,1,1,12.000000,0.000000
113,0,0,12.000000,0.000000
114,1,1,15.000000,0.500000
115,1,1,12.000000,0.000000
116,0,0,18.000000,0.800000
117,0,0,18.000000,0.800000
118,0,0,15.000000,0.500000
119,1,1,15.000000,0.500000
120,0,0,12.000000,0.000000
121,1,1,12.000000,0.000000
122,0,0,12.000000,0.000000
123,0,0,12.000000,0.000000
124,1,1,15.000000,0.500000
125,1,1,12.000000,0.000000
126,1,0,15.000000,0.900000
127,0,0,12.000000,0.000000
128,0,0,12.000000,0.000000
129,1,1,12.000000,0.000000
130,0,0,12.000000,0.000000
131,1,1,12.000000,0.000000
132,1,1,12.000000,0.000000
133,1,1,24.000000,0.700000
134,1,1,12.000000,0.000000
135,1,1,12.000000,0.000000
136,0,0,15.000000,0.900000
137,0,0,12.000000,0.000000
138,0,0,12.000000,0.000000
139,1,1,15.000000,0.500000
140,1,1,15.000000,0.500000
141,1,1,12.000000,0.000000
142,0,0,12.000000,0.000000
143,1,1,15.000000,0.500000
144,1,1,18.000000,0.400000
145,1,1,12.000000,0.000000
146,1,1,18.000000,0.500000
147,1,1,15.000000,0.500000
148,0,0,12.000000,0.000000
149,1,1,15.000000,0.500000
WorkerID,Gamma
51,1.162010
50,0.517907
60,0.473102
61,0.482698
62,0.480871
63,0.545956
64,0.507602
35,0.540591
66,0.460601
67,0.511704
68,0.491502
69,0.492437
80,0.543257
81,0.575353
86,0.527245
87,0.483479
84,0.543484
85,0.482248
48,0.359978
49,0.424813
46,0.548967
47,0.483874
44,0.537095
45,0.782138
42,0.544196
43,0.453986
40,0.498082
41,0.503923
82,0.473698
83,0.490948
77,0.513573
76,0.551641
75,0.369303
74,0.532901
73,0.512774
71,0.500918
70,0.475953
78,0.508550
39,0.488240
38,0.596942
59,0.502960
58,0.557777
55,0.486595
54,0.653379
57,0.476554
56,0.492594
37,0.480908
36,0.474387
53,0.880567
52,0.490670
88,0.494709
65,0.502397
Average Cost: 15.740000
Accuracy: 92.666667
