ProblemNo,Answer,TrueAnswer,Cost,Difficulty
0,0,0,15.000000,0.500000
1,0,0,12.000000,0.000000
2,1,1,12.000000,0.000000
3,1,1,24.000000,0.900000
4,0,0,12.000000,0.000000
5,0,0,12.000000,0.000000
6,0,0,12.000000,0.000000
7,1,1,12.000000,0.000000
8,1,1,21.000000,0.900000
9,0,1,18.000000,0.400000
10,1,1,12.000000,0.000000
11,0,0,12.000000,0.000000
12,0,0,12.000000,0.000000
13,0,0,12.000000,0.000000
14,0,0,12.000000,0.000000
15,1,1,12.000000,0.000000
16,1,1,12.000000,0.000000
17,0,0,12.000000,0.000000
18,1,1,15.000000,0.500000
19,0,0,15.000000,0.500000
20,1,1,12.000000,0.000000
21,1,1,12.000000,0.000000
22,1,1,12.000000,0.000000
23,0,0,24.000000,0.900000
24,1,1,12.000000,0.000000
25,1,1,15.000000,0.500000
26,1,1,15.000000,0.500000
27,0,0,12.000000,0.000000
28,1,1,18.000000,0.900000
29,1,0,18.000000,0.800000
30,1,1,12.000000,0.000000
31,1,1,12.000000,0.000000
32,0,0,12.000000,0.000000
33,1,1,12.000000,0.000000
34,1,1,12.000000,0.000000
35,1,1,33.000000,0.900000
36,1,1,15.000000,0.500000
37,0,1,21.000000,0.900000
38,0,0,12.000000,0.000000
39,1,1,18.000000,0.800000
40,1,1,15.000000,0.500000
41,0,0,15.000000,0.500000
42,0,0,30.000000,0.900000
43,1,1,12.000000,0.000000
44,0,1,15.000000,0.900000
45,1,1,18.000000,0.400000
46,0,0,15.000000,0.500000
47,1,1,12.000000,0.000000
48,0,0,12.000000,0.000000
49,0,0,12.000000,0.000000
50,0,0,12.000000,0.000000
51,0,0,12.000000,0.000000
52,1,0,33.000000,0.900000
53,0,0,24.000000,0.900000
54,0,0,12.000000,0.000000
55,0,0,12.000000,0.000000
56,0,0,12.000000,0.000000
57,1,1,18.000000,0.400000
58,0,0,18.000000,0.900000
59,0,0,12.000000,0.000000
60,1,1,15.000000,0.500000
61,1,0,24.000000,0.900000
62,0,1,21.000000,0.900000
63,0,0,12.000000,0.000000
64,0,0,15.000000,0.500000
65,1,1,15.000000,0.500000
66,1,1,15.000000,0.500000
67,0,0,15.000000,0.500000
68,0,0,12.000000,0.000000
69,1,1,18.000000,0.500000
70,1,0,15.000000,0.900000
71,0,0,12.000000,0.000000
72,1,1,12.000000,0.000000
73,1,1,12.000000,0.000000
74,0,0,12.000000,0.000000
75,1,1,12.000000,0.000000
76,0,0,12.000000,0.000000
77,1,1,30.000000,0.900000
78,1,0,18.000000,1.000000
79,0,0,12.000000,0.000000
80,0,1,18.000000,0.900000
81,1,1,21.000000,0.900000
82,1,1,18.000000,1.000000
83,0,0,12.000000,0.000000
84,1,1,12.000000,0.000000
85,0,0,12.000000,0.000000
86,1,1,18.000000,0.900000
87,0,0,12.000000,0.000000
88,0,0,12.000000,0.000000
89,1,1,12.000000,0.000000
90,1,1,18.000000,0.500000
91,0,0,12.000000,0.000000
92,1,0,12.000000,0.000000
93,1,0,18.000000,0.800000
94,1,1,12.000000,0.000000
95,1,1,18.000000,0.900000
96,1,1,18.000000,0.400000
97,1,1,21.000000,0.800000
98,0,0,12.000000,0.000000
99,1,1,21.000000,0.900000
100,1,1,18.000000,0.800000
101,1,1,15.000000,0.500000
102,1,1,12.000000,0.000000
103,1,0,27.000000,1.000000
104,1,1,12.000000,0.000000
105,0,0,30.000000,0.900000
106,0,0,12.000000,0.000000
107,0,1,18.000000,0.400000
108,1,1,18.000000,0.500000
109,1,1,18.000000,0.800000
110,1,0,39.000000,0.900000
111,0,0,12.000000,0.000000
112,1,1,12.000000,0.000000
113,0,0,12.000000,0.000000
114,1,1,18.000000,0.500000
115,1,1,18.000000,0.400000
116,0,0,24.000000,0.700000
117,0,0,54.000000,1.000000
118,0,0,15.000000,0.500000
119,1,1,24.000000,1.000000
120,0,0,12.000000,0.000000
121,1,1,12.000000,0.000000
122,0,0,12.000000,0.000000
123,0,0,12.000000,0.000000
124,0,1,39.000000,0.900000
125,1,1,12.000000,0.000000
126,1,0,36.000000,1.000000
127,0,0,12.000000,0.000000
128,0,0,12.000000,0.000000
129,1,1,12.000000,0.000000
130,0,0,15.000000,0.500000
131,1,1,18.000000,0.900000
132,0,1,18.000000,0.800000
133,1,1,36.000000,1.000000
134,1,1,12.000000,0.000000
135,1,1,12.000000,0.000000
136,0,0,18.000000,0.800000
137,0,0,12.000000,0.000000
138,0,0,12.000000,0.000000
139,1,1,12.000000,0.000000
140,1,1,12.000000,0.000000
141,1,1,12.000000,0.000000
142,0,0,15.000000,0.500000
143,1,1,12.000000,0.000000
144,1,1,12.000000,0.000000
145,1,1,12.000000,0.000000
146,1,1,12.000000,0.000000
147,1,1,12.000000,0.000000
148,0,0,12.000000,0.000000
149,1,1,12.000000,0.000000
WorkerID,Gamma
51,1.463568
50,0.637947
60,0.450875
61,0.477763
88,0.480522
64,0.461979
35,0.431975
66,0.514084
67,0.447009
82,0.461850
69,0.470287
80,0.539914
81,0.574104
86,0.457987
84,0.565539
85,0.540483
48,0.487823
49,0.471141
46,0.518143
47,0.620102
44,0.549235
45,0.396766
42,0.493095
43,0.403707
40,0.620439
41,0.646723
83,0.500136
77,0.544950
76,0.554827
75,0.506406
74,0.560701
73,0.476583
72,0.555250
71,0.464591
70,0.439919
79,0.500543
78,0.455121
39,0.589930
38,0.639007
59,0.551775
58,0.532780
55,0.643321
54,0.659438
57,0.526360
56,0.487897
37,0.590643
36,0.597088
53,0.845012
52,0.618263
65,0.589138
Average Cost: 15.940000
Accuracy: 88.000000
