ProblemNo,Answer,TrueAnswer,Cost,Difficulty
0,0,0,7.500000,0.000000
1,0,0,7.500000,0.000000
2,1,1,9.000000,0.400000
3,1,1,19.500000,0.800000
4,0,0,7.500000,0.000000
5,0,0,7.500000,0.000000
6,0,0,7.500000,0.000000
7,1,1,9.000000,0.400000
8,0,1,7.500000,0.000000
9,1,1,7.500000,0.000000
10,1,1,7.500000,0.000000
11,0,0,7.500000,0.000000
12,0,0,7.500000,0.000000
13,0,0,9.000000,0.400000
14,0,0,7.500000,0.000000
15,1,1,7.500000,0.000000
16,1,1,7.500000,0.000000
17,0,0,9.000000,0.400000
18,1,1,7.500000,0.000000
19,0,0,9.000000,0.400000
20,1,1,7.500000,0.000000
21,1,1,7.500000,0.000000
22,1,1,7.500000,0.000000
23,1,0,9.000000,0.900000
24,1,1,9.000000,0.400000
25,0,1,9.000000,0.900000
26,1,1,7.500000,0.000000
27,0,0,7.500000,0.000000
28,1,1,10.500000,0.400000
29,0,0,10.500000,0.900000
30,1,1,9.000000,0.400000
31,1,1,7.500000,0.000000
32,0,0,7.500000,0.000000
33,1,1,7.500000,0.000000
34,1,1,7.500000,0.000000
35,1,1,9.000000,0.900000
36,1,1,21.000000,1.000000
37,1,1,33.000000,1.000000
38,0,0,7.500000,0.000000
39,1,1,9.000000,0.900000
40,1,1,9.000000,0.400000
41,0,0,7.500000,0.000000
42,0,0,24.000000,1.000000
43,1,1,18.000000,0.800000
44,1,1,9.000000,0.800000
45,1,1,7.500000,0.000000
46,0,0,9.000000,0.400000
47,1,1,7.500000,0.000000
48,0,0,7.500000,0.000000
49,0,0,7.500000,0.000000
50,0,0,7.500000,0.000000
51,0,0,9.000000,0.400000
52,0,0,12.000000,0.900000
53,0,0,33.000000,1.000000
54,0,0,7.500000,0.000000
55,0,0,7.500000,0.000000
56,0,0,7.500000,0.000000
57,1,1,9.000000,0.400000
58,1,0,9.000000,0.400000
59,0,0,7.500000,0.000000
60,1,1,10.500000,0.700000
61,0,0,9.000000,0.900000
62,1,1,9.000000,0.800000
63,0,0,7.500000,0.000000
64,0,0,9.000000,0.400000
65,1,1,9.000000,0.400000
66,1,1,10.500000,0.700000
67,0,0,9.000000,0.400000
68,0,0,7.500000,0.000000
69,1,1,7.500000,0.000000
70,0,0,10.500000,0.700000
71,0,0,7.500000,0.000000
72,1,1,7.500000,0.000000
73,1,1,9.000000,0.400000
74,0,0,7.500000,0.000000
75,1,1,7.500000,0.000000
76,0,0,7.500000,0.000000
77,1,1,9.000000,0.400000
78,0,0,9.000000,0.400000
79,1,0,9.000000,0.900000
80,0,1,12.000000,0.600000
81,0,1,7.500000,0.000000
82,1,1,7.500000,0.000000
83,0,0,7.500000,0.000000
84,1,1,7.500000,0.000000
85,0,0,7.500000,0.000000
86,1,1,7.500000,0.000000
87,0,0,9.000000,0.400000
88,0,0,9.000000,0.400000
89,1,1,7.500000,0.000000
90,1,1,21.000000,1.000000
91,0,0,7.500000,0.000000
92,1,0,15.000000,0.900000
93,0,0,10.500000,0.700000
94,1,1,7.500000,0.000000
95,0,1,12.000000,0.800000
96,1,1,9.000000,0.400000
97,1,1,18.000000,1.000000
98,0,0,7.500000,0.000000
99,1,1,13.500000,0.900000
100,1,1,9.000000,0.900000
101,1,1,9.000000,0.400000
102,1,1,7.500000,0.000000
103,1,0,9.000000,0.800000
104,1,1,7.500000,0.000000
105,0,0,10.500000,0.700000
106,0,0,7.500000,0.000000
107,1,1,16.500000,0.900000
108,1,1,9.000000,0.400000
109,1,1,7.500000,0.000000
110,1,0,7.500000,0.000000
111,0,0,7.500000,0.000000
112,1,1,9.000000,0.400000
113,0,0,7.500000,0.000000
114,1,1,7.500000,0.000000
115,1,1,7.500000,0.000000
116,0,0,21.000000,0.900000
117,0,0,7.500000,0.000000
118,0,0,16.500000,1.000000
119,1,1,9.000000,0.400000
120,0,0,9.000000,0.400000
121,1,1,13.500000,0.600000
122,0,0,7.500000,0.000000
123,0,0,7.500000,0.000000
124,1,1,12.000000,0.800000
125,1,1,7.500000,0.000000
126,1,0,10.500000,0.700000
127,0,0,9.000000,0.400000
128,0,0,7.500000,0.000000
129,1,1,9.000000,0.400000
130,0,0,10.500000,0.700000
131,1,1,10.500000,0.400000
132,0,1,13.500000,0.900000
133,1,1,10.500000,0.700000
134,1,1,7.500000,0.000000
135,1,1,7.500000,0.000000
136,0,0,9.000000,0.800000
137,0,0,7.500000,0.000000
138,0,0,9.000000,0.400000
139,1,1,7.500000,0.000000
140,1,1,7.500000,0.000000
141,1,1,7.500000,0.000000
142,0,0,7.500000,0.000000
143,1,1,9.000000,0.400000
144,1,1,7.500000,0.000000
145,1,1,13.500000,0.600000
146,1,1,9.000000,0.400000
147,0,1,9.000000,0.900000
148,0,0,7.500000,0.000000
149,1,1,7.500000,0.000000
WorkerID,Gamma
51,0.835050
36,0.470010
60,0.492863
61,0.480154
62,0.488928
63,0.494485
64,0.512881
35,0.529676
66,0.489899
67,0.484307
82,0.480728
69,0.507212
80,0.528237
81,0.632116
86,0.506962
87,0.488391
84,0.488966
85,0.492934
48,0.404692
49,0.509029
46,0.518636
47,0.507021
44,0.597644
45,0.472199
42,0.515567
43,0.494302
40,0.511698
41,0.574277
83,0.513561
77,0.508714
76,0.525287
75,0.483764
74,0.568796
73,0.535199
71,0.474405
70,0.485149
79,0.490136
78,0.502787
39,0.487779
38,0.541224
59,0.509105
55,0.503454
54,0.693835
57,0.489806
37,0.564968
50,0.542792
53,0.788278
52,0.413180
88,0.489776
65,0.514022
Average Cost: 9.540000
Accuracy: 90.666667
