Number of Worker Pools: 1
Number of Workers in Pool 1: 1000
Original mean,standardDev for Pool 1: 4.000000,0.300000
Number of Workers in Pool 2: 1000
Original mean,standardDev for Pool 2: 3.500000,0.200000
Number of Problems: 1000
ProblemNo,Answer,TrueAnswer,Cost,Difficulty,TrueDifficulty
0,1,1,6.000000,0.000000,0.500000
1,1,1,10.000000,0.700000,0.500000
2,1,1,25.000000,1.000000,0.500000
3,1,1,6.000000,0.000000,0.500000
4,1,1,7.000000,0.300000,0.500000
5,1,1,8.000000,0.500000,0.500000
6,0,1,15.000000,0.900000,0.500000
7,1,1,8.000000,0.500000,0.500000
8,1,1,6.000000,0.000000,0.500000
9,1,1,18.000000,1.000000,0.500000
10,1,1,6.000000,0.000000,0.500000
11,1,1,6.000000,0.000000,0.500000
12,1,1,7.000000,0.300000,0.500000
13,1,1,7.000000,0.300000,0.500000
14,1,1,8.000000,0.500000,0.500000
15,1,1,8.000000,0.500000,0.500000
16,1,1,10.000000,0.700000,0.500000
17,1,1,7.000000,0.300000,0.500000
18,1,1,8.000000,0.500000,0.500000
19,1,1,7.000000,0.300000,0.500000
20,1,1,7.000000,0.300000,0.500000
21,1,1,15.000000,0.800000,0.500000
22,1,1,8.000000,0.700000,0.500000
23,1,1,7.000000,0.300000,0.500000
24,1,1,6.000000,0.000000,0.500000
25,1,1,14.000000,0.800000,0.500000
26,1,1,9.000000,0.500000,0.500000
27,1,1,9.000000,0.800000,0.500000
28,1,1,10.000000,0.700000,0.500000
29,1,1,15.000000,0.900000,0.500000
30,0,1,16.000000,0.900000,0.500000
31,1,1,14.000000,0.900000,0.500000
32,1,1,10.000000,0.600000,0.500000
33,1,1,8.000000,0.500000,0.500000
34,1,1,8.000000,0.500000,0.500000
35,1,1,9.000000,0.500000,0.500000
36,1,1,6.000000,0.000000,0.500000
37,1,1,8.000000,0.500000,0.500000
38,1,1,6.000000,0.000000,0.500000
39,1,1,7.000000,0.300000,0.500000
40,1,1,13.000000,0.900000,0.500000
41,1,1,18.000000,0.900000,0.500000
42,1,1,9.000000,0.500000,0.500000
43,1,1,6.000000,0.000000,0.500000
44,1,1,7.000000,0.300000,0.500000
45,1,1,7.000000,0.300000,0.500000
46,1,1,8.000000,0.500000,0.500000
47,1,1,6.000000,0.000000,0.500000
48,1,1,8.000000,0.500000,0.500000
49,1,1,15.000000,1.000000,0.500000
50,1,1,6.000000,0.000000,0.500000
51,1,1,10.000000,0.900000,0.500000
52,0,0,9.000000,0.700000,0.500000
53,1,1,8.000000,0.500000,0.500000
54,1,1,6.000000,0.000000,0.500000
55,1,1,8.000000,0.500000,0.500000
56,1,1,8.000000,0.700000,0.500000
57,1,1,14.000000,0.900000,0.500000
58,1,1,10.000000,0.700000,0.500000
59,1,1,7.000000,0.300000,0.500000
60,1,1,8.000000,0.500000,0.500000
61,1,1,8.000000,0.500000,0.500000
62,1,1,8.000000,0.700000,0.500000
63,1,1,10.000000,0.800000,0.500000
64,1,1,12.000000,0.900000,0.500000
65,1,1,9.000000,0.700000,0.500000
66,1,1,7.000000,0.300000,0.500000
67,1,1,8.000000,0.700000,0.500000
68,1,1,11.000000,0.600000,0.500000
69,1,1,7.000000,0.300000,0.500000
70,1,1,8.000000,0.800000,0.500000
71,1,1,8.000000,0.800000,0.500000
72,1,1,7.000000,0.300000,0.500000
73,1,1,18.000000,1.000000,0.500000
74,1,1,6.000000,0.000000,0.500000
75,0,1,13.000000,0.900000,0.500000
76,0,1,8.000000,0.800000,0.500000
77,1,1,7.000000,0.300000,0.500000
78,1,1,8.000000,0.500000,0.500000
79,1,1,7.000000,0.300000,0.500000
80,1,1,12.000000,0.800000,0.500000
81,1,1,7.000000,0.300000,0.500000
82,1,1,8.000000,0.500000,0.500000
83,1,1,10.000000,0.800000,0.500000
84,1,1,9.000000,0.500000,0.500000
85,1,1,7.000000,0.300000,0.500000
86,1,1,9.000000,0.500000,0.500000
87,1,1,7.000000,0.300000,0.500000
88,1,1,8.000000,0.500000,0.500000
89,1,1,9.000000,0.900000,0.500000
90,1,1,9.000000,0.600000,0.500000
91,1,1,7.000000,0.300000,0.500000
92,1,1,11.000000,0.700000,0.500000
93,1,1,6.000000,0.000000,0.500000
94,1,1,8.000000,0.500000,0.500000
95,1,1,11.000000,0.700000,0.500000
96,1,1,6.000000,0.000000,0.500000
97,1,1,9.000000,0.500000,0.500000
98,1,1,8.000000,0.500000,0.500000
99,1,1,9.000000,0.500000,0.500000
100,1,1,7.000000,0.300000,0.500000
101,1,1,10.000000,0.400000,0.500000
102,1,1,15.000000,0.800000,0.500000
103,1,1,10.000000,0.700000,0.500000
104,1,1,7.000000,0.300000,0.500000
105,1,1,8.000000,0.500000,0.500000
106,1,1,8.000000,0.500000,0.500000
107,1,1,6.000000,0.000000,0.500000
108,0,1,14.000000,0.900000,0.500000
109,1,1,6.000000,0.000000,0.500000
110,1,1,7.000000,0.300000,0.500000
111,0,1,12.000000,0.900000,0.500000
112,1,1,20.000000,0.900000,0.500000
113,1,1,7.000000,0.300000,0.500000
114,1,1,8.000000,0.500000,0.500000
115,1,1,8.000000,0.500000,0.500000
116,1,1,8.000000,0.500000,0.500000
117,1,1,11.000000,0.700000,0.500000
118,1,1,12.000000,0.900000,0.500000
119,1,1,18.000000,0.900000,0.500000
120,1,1,9.000000,0.800000,0.500000
121,0,0,7.000000,0.300000,0.500000
122,1,1,8.000000,0.500000,0.500000
123,1,1,8.000000,0.500000,0.500000
124,1,1,7.000000,0.300000,0.500000
125,1,1,11.000000,0.900000,0.500000
126,1,1,7.000000,0.300000,0.500000
127,1,1,7.000000,0.300000,0.500000
128,1,1,9.000000,0.500000,0.500000
129,1,1,7.000000,0.300000,0.500000
130,1,1,15.000000,0.900000,0.500000
131,1,1,8.000000,0.500000,0.500000
132,1,1,9.000000,0.600000,0.500000
133,1,1,6.000000,0.000000,0.500000
134,1,1,7.000000,0.300000,0.500000
135,1,1,8.000000,0.500000,0.500000
136,1,1,6.000000,0.000000,0.500000
137,1,1,7.000000,0.300000,0.500000
138,1,1,7.000000,0.300000,0.500000
139,1,1,7.000000,0.300000,0.500000
140,1,1,8.000000,0.500000,0.500000
141,1,1,9.000000,0.500000,0.500000
142,1,1,8.000000,0.500000,0.500000
143,1,1,6.000000,0.000000,0.500000
144,1,1,8.000000,0.500000,0.500000
145,1,1,8.000000,0.700000,0.500000
146,1,1,8.000000,0.500000,0.500000
147,1,1,7.000000,0.300000,0.500000
148,1,1,7.000000,0.300000,0.500000
149,1,1,7.000000,0.300000,0.500000
150,1,1,6.000000,0.000000,0.500000
151,1,1,8.000000,0.500000,0.500000
152,1,1,8.000000,0.500000,0.500000
153,1,1,7.000000,0.300000,0.500000
154,1,1,9.000000,0.400000,0.500000
155,0,1,11.000000,0.900000,0.500000
156,1,1,6.000000,0.000000,0.500000
157,1,1,12.000000,0.600000,0.500000
158,1,1,9.000000,0.800000,0.500000
159,1,1,18.000000,1.000000,0.500000
160,1,1,10.000000,0.900000,0.500000
161,1,1,7.000000,0.300000,0.500000
162,1,1,7.000000,0.300000,0.500000
163,1,1,6.000000,0.000000,0.500000
164,1,1,8.000000,0.500000,0.500000
165,1,1,8.000000,0.700000,0.500000
166,1,1,8.000000,0.500000,0.500000
167,1,1,10.000000,0.900000,0.500000
168,1,1,9.000000,0.700000,0.500000
169,1,1,9.000000,0.800000,0.500000
170,1,1,15.000000,0.900000,0.500000
171,1,1,7.000000,0.300000,0.500000
172,1,1,13.000000,0.800000,0.500000
173,1,1,8.000000,0.800000,0.500000
174,1,1,6.000000,0.000000,0.500000
175,1,1,8.000000,0.700000,0.500000
176,1,1,6.000000,0.000000,0.500000
177,1,1,11.000000,0.800000,0.500000
178,1,1,15.000000,1.000000,0.500000
179,1,1,15.000000,0.900000,0.500000
180,1,1,6.000000,0.000000,0.500000
181,1,1,7.000000,0.300000,0.500000
182,1,1,20.000000,1.000000,0.500000
183,1,1,11.000000,0.700000,0.500000
184,1,1,8.000000,0.700000,0.500000
185,1,1,11.000000,0.800000,0.500000
186,1,1,10.000000,0.400000,0.500000
187,1,1,9.000000,0.400000,0.500000
188,1,1,13.000000,0.900000,0.500000
189,1,1,8.000000,0.600000,0.500000
190,1,1,16.000000,0.900000,0.500000
191,1,1,7.000000,0.300000,0.500000
192,1,1,14.000000,0.800000,0.500000
193,1,1,7.000000,0.300000,0.500000
194,1,1,8.000000,0.700000,0.500000
195,1,1,9.000000,0.500000,0.500000
196,1,1,13.000000,0.800000,0.500000
197,1,1,10.000000,0.700000,0.500000
198,1,1,7.000000,0.300000,0.500000
199,0,1,9.000000,0.800000,0.500000
200,1,1,7.000000,0.300000,0.500000
201,1,1,8.000000,0.500000,0.500000
202,1,1,8.000000,0.600000,0.500000
203,1,1,12.000000,0.900000,0.500000
204,1,1,12.000000,0.600000,0.500000
205,1,1,7.000000,0.300000,0.500000
206,1,1,7.000000,0.300000,0.500000
207,1,1,7.000000,0.300000,0.500000
208,1,1,8.000000,0.500000,0.500000
209,1,1,7.000000,0.300000,0.500000
210,1,1,8.000000,0.500000,0.500000
211,1,1,6.000000,0.000000,0.500000
212,1,1,7.000000,0.300000,0.500000
213,1,1,6.000000,0.000000,0.500000
214,1,1,9.000000,0.800000,0.500000
215,1,1,14.000000,0.900000,0.500000
216,1,1,7.000000,0.300000,0.500000
217,1,1,15.000000,0.900000,0.500000
218,1,1,9.000000,0.800000,0.500000
219,1,1,10.000000,0.700000,0.500000
220,1,1,7.000000,0.300000,0.500000
221,1,1,10.000000,0.500000,0.500000
222,1,1,7.000000,0.300000,0.500000
223,1,1,10.000000,0.700000,0.500000
224,1,1,10.000000,0.700000,0.500000
225,1,1,6.000000,0.000000,0.500000
226,1,1,7.000000,0.300000,0.500000
227,1,1,7.000000,0.300000,0.500000
228,1,1,12.000000,0.800000,0.500000
229,1,1,8.000000,0.700000,0.500000
230,1,1,6.000000,0.000000,0.500000
231,1,1,12.000000,0.900000,0.500000
232,1,1,7.000000,0.300000,0.500000
233,1,1,8.000000,0.700000,0.500000
234,1,1,12.000000,0.800000,0.500000
235,1,1,10.000000,0.900000,0.500000
236,1,1,13.000000,0.900000,0.500000
237,1,1,7.000000,0.300000,0.500000
238,1,1,8.000000,0.800000,0.500000
239,1,1,7.000000,0.300000,0.500000
240,1,1,18.000000,0.900000,0.500000
241,1,1,6.000000,0.000000,0.500000
242,1,1,6.000000,0.000000,0.500000
243,1,1,6.000000,0.000000,0.500000
244,1,1,7.000000,0.300000,0.500000
245,1,1,8.000000,0.500000,0.500000
246,0,1,13.000000,0.900000,0.500000
247,1,1,6.000000,0.000000,0.500000
248,1,1,7.000000,0.300000,0.500000
249,1,1,7.000000,0.300000,0.500000
250,1,1,8.000000,0.500000,0.500000
251,1,1,10.000000,0.700000,0.500000
252,1,1,7.000000,0.300000,0.500000
253,1,1,8.000000,0.500000,0.500000
254,1,1,12.000000,0.900000,0.500000
255,1,1,12.000000,0.800000,0.500000
256,1,1,14.000000,0.800000,0.500000
257,1,1,7.000000,0.300000,0.500000
258,0,1,11.000000,0.900000,0.500000
259,1,1,14.000000,0.900000,0.500000
260,1,1,8.000000,0.500000,0.500000
261,1,1,8.000000,0.500000,0.500000
262,1,1,7.000000,0.300000,0.500000
263,1,1,6.000000,0.000000,0.500000
264,1,1,7.000000,0.300000,0.500000
265,1,1,7.000000,0.300000,0.500000
266,1,1,7.000000,0.300000,0.500000
267,1,1,6.000000,0.000000,0.500000
268,1,1,8.000000,0.500000,0.500000
269,1,1,12.000000,0.600000,0.500000
270,1,1,7.000000,0.300000,0.500000
271,1,1,7.000000,0.300000,0.500000
272,1,1,7.000000,0.300000,0.500000
273,1,1,11.000000,0.600000,0.500000
274,0,1,13.000000,0.900000,0.500000
275,1,1,7.000000,0.300000,0.500000
276,1,1,10.000000,0.700000,0.500000
277,1,1,8.000000,0.700000,0.500000
278,1,1,8.000000,0.700000,0.500000
279,1,1,10.000000,0.700000,0.500000
280,1,1,8.000000,0.500000,0.500000
281,1,1,6.000000,0.000000,0.500000
282,1,1,7.000000,0.300000,0.500000
283,1,1,6.000000,0.000000,0.500000
284,1,1,16.000000,0.900000,0.500000
285,1,1,8.000000,0.500000,0.500000
286,1,1,7.000000,0.300000,0.500000
287,1,1,6.000000,0.000000,0.500000
288,1,1,8.000000,0.500000,0.500000
289,1,1,9.000000,0.700000,0.500000
290,1,1,8.000000,0.500000,0.500000
291,1,1,8.000000,0.800000,0.500000
292,1,1,8.000000,0.500000,0.500000
293,1,1,6.000000,0.000000,0.500000
294,1,1,6.000000,0.000000,0.500000
295,1,1,8.000000,0.500000,0.500000
296,1,1,10.000000,0.700000,0.500000
297,1,1,6.000000,0.000000,0.500000
298,1,1,6.000000,0.000000,0.500000
299,1,1,7.000000,0.300000,0.500000
300,1,1,8.000000,0.700000,0.500000
301,1,1,8.000000,0.500000,0.500000
302,1,1,7.000000,0.300000,0.500000
303,1,1,12.000000,0.800000,0.500000
304,1,1,7.000000,0.300000,0.500000
305,1,1,8.000000,0.700000,0.500000
306,1,1,10.000000,0.800000,0.500000
307,1,1,8.000000,0.500000,0.500000
308,1,1,9.000000,0.800000,0.500000
309,1,1,7.000000,0.300000,0.500000
310,1,1,6.000000,0.000000,0.500000
311,1,1,10.000000,0.900000,0.500000
312,1,1,9.000000,0.500000,0.500000
313,1,1,7.000000,0.300000,0.500000
314,1,1,7.000000,0.300000,0.500000
315,1,1,8.000000,0.500000,0.500000
316,1,1,8.000000,0.700000,0.500000
317,1,1,8.000000,0.500000,0.500000
318,1,1,8.000000,0.500000,0.500000
319,1,1,10.000000,0.700000,0.500000
320,1,1,8.000000,0.700000,0.500000
321,1,1,9.000000,0.500000,0.500000
322,1,1,8.000000,0.700000,0.500000
323,1,1,6.000000,0.000000,0.500000
324,1,1,8.000000,0.700000,0.500000
325,1,1,7.000000,0.300000,0.500000
326,1,1,10.000000,0.900000,0.500000
327,1,1,7.000000,0.600000,0.500000
328,1,1,7.000000,0.300000,0.500000
329,1,1,8.000000,0.700000,0.500000
330,1,1,8.000000,0.500000,0.500000
331,1,1,6.000000,0.000000,0.500000
332,1,1,7.000000,0.300000,0.500000
333,1,1,7.000000,0.300000,0.500000
334,1,1,6.000000,0.000000,0.500000
335,1,1,6.000000,0.000000,0.500000
336,1,1,9.000000,0.500000,0.500000
337,1,1,6.000000,0.000000,0.500000
338,1,1,6.000000,0.000000,0.500000
339,1,1,11.000000,0.900000,0.500000
340,1,1,8.000000,0.500000,0.500000
341,1,1,8.000000,0.500000,0.500000
342,1,1,12.000000,0.800000,0.500000
343,1,1,7.000000,0.300000,0.500000
344,1,1,16.000000,1.000000,0.500000
345,1,1,7.000000,0.300000,0.500000
346,1,1,7.000000,0.300000,0.500000
347,0,1,9.000000,0.500000,0.500000
348,1,1,13.000000,0.700000,0.500000
349,1,1,14.000000,0.900000,0.500000
350,1,1,6.000000,0.000000,0.500000
351,0,1,13.000000,0.900000,0.500000
352,1,1,6.000000,0.000000,0.500000
353,1,1,6.000000,0.000000,0.500000
354,1,1,12.000000,0.900000,0.500000
355,1,1,7.000000,0.300000,0.500000
356,1,1,8.000000,0.800000,0.500000
357,1,1,8.000000,0.500000,0.500000
358,1,1,10.000000,0.700000,0.500000
359,0,1,12.000000,0.800000,0.500000
360,1,1,11.000000,0.600000,0.500000
361,1,1,12.000000,0.800000,0.500000
362,1,1,10.000000,0.700000,0.500000
363,1,1,6.000000,0.000000,0.500000
364,1,1,8.000000,0.700000,0.500000
365,1,1,7.000000,0.300000,0.500000
366,1,1,6.000000,0.000000,0.500000
367,1,1,18.000000,0.900000,0.500000
368,1,1,6.000000,0.000000,0.500000
369,1,1,6.000000,0.000000,0.500000
370,1,1,7.000000,0.300000,0.500000
371,1,1,6.000000,0.000000,0.500000
372,1,1,8.000000,0.500000,0.500000
373,1,1,7.000000,0.300000,0.500000
374,1,1,12.000000,0.900000,0.500000
375,1,1,6.000000,0.000000,0.500000
376,0,1,9.000000,0.700000,0.500000
377,1,1,6.000000,0.000000,0.500000
378,1,1,8.000000,0.500000,0.500000
379,1,1,7.000000,0.300000,0.500000
380,1,1,15.000000,0.800000,0.500000
381,1,1,11.000000,0.800000,0.500000
382,1,1,7.000000,0.300000,0.500000
383,1,1,7.000000,0.300000,0.500000
384,1,1,8.000000,0.900000,0.500000
385,1,1,9.000000,0.800000,0.500000
386,0,1,13.000000,0.900000,0.500000
387,1,1,6.000000,0.000000,0.500000
388,1,1,7.000000,0.300000,0.500000
389,1,1,8.000000,0.500000,0.500000
390,1,1,8.000000,0.500000,0.500000
391,1,1,8.000000,0.900000,0.500000
392,1,1,8.000000,0.700000,0.500000
393,1,1,6.000000,0.000000,0.500000
394,1,1,6.000000,0.000000,0.500000
395,1,1,15.000000,1.000000,0.500000
396,1,1,8.000000,0.500000,0.500000
397,1,1,12.000000,0.900000,0.500000
398,1,1,7.000000,0.300000,0.500000
399,1,1,9.000000,0.800000,0.500000
400,1,1,13.000000,1.000000,0.500000
401,1,1,11.000000,0.700000,0.500000
402,1,1,6.000000,0.000000,0.500000
403,1,1,7.000000,0.300000,0.500000
404,1,1,15.000000,0.800000,0.500000
405,1,1,9.000000,0.800000,0.500000
406,1,1,7.000000,0.300000,0.500000
407,1,1,6.000000,0.000000,0.500000
408,1,1,7.000000,0.300000,0.500000
409,1,1,7.000000,0.300000,0.500000
410,1,1,15.000000,0.900000,0.500000
411,1,1,11.000000,0.800000,0.500000
412,1,1,6.000000,0.000000,0.500000
413,1,1,8.000000,0.500000,0.500000
414,1,1,7.000000,0.300000,0.500000
415,1,1,6.000000,0.000000,0.500000
416,1,1,6.000000,0.000000,0.500000
417,0,0,13.000000,0.900000,0.500000
418,1,1,8.000000,0.500000,0.500000
419,1,1,13.000000,0.700000,0.500000
420,1,1,8.000000,0.500000,0.500000
421,1,1,14.000000,0.800000,0.500000
422,1,1,6.000000,0.000000,0.500000
423,1,1,14.000000,0.900000,0.500000
424,1,1,7.000000,0.300000,0.500000
425,1,1,7.000000,0.300000,0.500000
426,1,1,7.000000,0.300000,0.500000
427,1,1,8.000000,0.700000,0.500000
428,0,1,8.000000,0.800000,0.500000
429,1,1,10.000000,0.700000,0.500000
430,1,1,8.000000,0.500000,0.500000
431,0,0,8.000000,0.300000,0.500000
432,1,1,6.000000,0.000000,0.500000
433,1,1,12.000000,0.600000,0.500000
434,1,1,6.000000,0.000000,0.500000
435,1,1,8.000000,0.700000,0.500000
436,1,1,7.000000,0.300000,0.500000
437,1,1,7.000000,0.300000,0.500000
438,1,1,7.000000,0.300000,0.500000
439,1,1,12.000000,0.800000,0.500000
440,1,1,7.000000,0.300000,0.500000
441,1,1,6.000000,0.000000,0.500000
442,1,1,7.000000,0.300000,0.500000
443,1,1,20.000000,1.000000,0.500000
444,1,1,6.000000,0.000000,0.500000
445,1,1,8.000000,0.500000,0.500000
446,1,1,11.000000,0.700000,0.500000
447,1,1,8.000000,0.500000,0.500000
448,1,1,8.000000,0.500000,0.500000
449,1,1,8.000000,0.500000,0.500000
450,0,1,22.000000,1.000000,0.500000
451,1,1,10.000000,0.700000,0.500000
452,1,1,6.000000,0.000000,0.500000
453,1,1,8.000000,0.800000,0.500000
454,1,1,7.000000,0.300000,0.500000
455,0,1,10.000000,0.800000,0.500000
456,1,1,8.000000,0.500000,0.500000
457,0,1,8.000000,0.500000,0.500000
458,1,1,6.000000,0.000000,0.500000
459,1,1,8.000000,0.500000,0.500000
460,1,1,8.000000,0.500000,0.500000
461,1,1,7.000000,0.300000,0.500000
462,1,1,13.000000,0.900000,0.500000
463,1,1,7.000000,0.300000,0.500000
464,1,1,6.000000,0.000000,0.500000
465,1,1,13.000000,0.900000,0.500000
466,1,1,6.000000,0.000000,0.500000
467,1,1,8.000000,0.700000,0.500000
468,1,1,13.000000,0.900000,0.500000
469,1,1,10.000000,0.600000,0.500000
470,1,1,7.000000,0.300000,0.500000
471,0,0,10.000000,0.700000,0.500000
472,1,1,7.000000,0.300000,0.500000
473,1,1,19.000000,1.000000,0.500000
474,1,1,6.000000,0.000000,0.500000
475,1,1,7.000000,0.300000,0.500000
476,1,1,8.000000,0.500000,0.500000
477,1,1,7.000000,0.300000,0.500000
478,1,1,8.000000,0.800000,0.500000
479,1,1,6.000000,0.000000,0.500000
480,1,1,6.000000,0.000000,0.500000
481,1,1,8.000000,0.500000,0.500000
482,1,1,8.000000,0.600000,0.500000
483,1,1,6.000000,0.000000,0.500000
484,1,1,24.000000,1.000000,0.500000
485,1,1,7.000000,0.300000,0.500000
486,1,1,6.000000,0.000000,0.500000
487,1,1,6.000000,0.000000,0.500000
488,1,1,7.000000,0.300000,0.500000
489,1,1,7.000000,0.300000,0.500000
490,1,1,10.000000,0.700000,0.500000
491,1,1,8.000000,0.800000,0.500000
492,1,1,7.000000,0.300000,0.500000
493,1,1,8.000000,0.500000,0.500000
494,1,1,8.000000,0.700000,0.500000
495,0,1,8.000000,0.500000,0.500000
496,1,1,7.000000,0.300000,0.500000
497,1,1,12.000000,0.800000,0.500000
498,1,1,14.000000,0.900000,0.500000
499,1,1,7.000000,0.300000,0.500000
500,1,1,11.000000,0.900000,0.500000
501,1,1,7.000000,0.300000,0.500000
502,1,1,7.000000,0.300000,0.500000
503,1,1,9.000000,0.500000,0.500000
504,1,1,8.000000,0.500000,0.500000
505,1,1,8.000000,0.500000,0.500000
506,1,1,7.000000,0.300000,0.500000
507,1,1,8.000000,0.800000,0.500000
508,1,1,6.000000,0.000000,0.500000
509,1,1,10.000000,0.700000,0.500000
510,1,1,8.000000,0.500000,0.500000
511,1,1,7.000000,0.300000,0.500000
512,1,1,6.000000,0.000000,0.500000
513,1,1,6.000000,0.000000,0.500000
514,1,1,10.000000,0.700000,0.500000
515,1,1,8.000000,0.800000,0.500000
516,1,1,6.000000,0.000000,0.500000
517,1,1,16.000000,0.900000,0.500000
518,1,1,8.000000,0.500000,0.500000
519,1,1,8.000000,0.500000,0.500000
520,1,1,8.000000,0.800000,0.500000
521,1,1,10.000000,0.700000,0.500000
522,1,1,8.000000,0.900000,0.500000
523,1,1,8.000000,0.500000,0.500000
524,1,1,9.000000,0.500000,0.500000
525,1,1,8.000000,0.500000,0.500000
526,1,1,11.000000,0.900000,0.500000
527,1,1,6.000000,0.000000,0.500000
528,1,1,6.000000,0.000000,0.500000
529,1,1,8.000000,0.900000,0.500000
530,1,1,7.000000,0.300000,0.500000
531,1,1,6.000000,0.000000,0.500000
532,1,1,15.000000,0.900000,0.500000
533,1,1,14.000000,0.900000,0.500000
534,1,1,11.000000,0.700000,0.500000
535,0,1,9.000000,0.700000,0.500000
536,1,1,6.000000,0.000000,0.500000
537,1,1,7.000000,0.300000,0.500000
538,0,0,6.000000,0.000000,0.500000
539,1,1,8.000000,0.500000,0.500000
540,1,1,9.000000,0.800000,0.500000
541,1,1,18.000000,0.900000,0.500000
542,1,1,9.000000,0.800000,0.500000
543,1,1,10.000000,0.700000,0.500000
544,1,1,6.000000,0.000000,0.500000
545,1,1,10.000000,0.600000,0.500000
546,1,1,8.000000,0.500000,0.500000
547,1,1,8.000000,0.500000,0.500000
548,1,1,11.000000,0.900000,0.500000
549,1,1,8.000000,0.500000,0.500000
550,1,1,8.000000,0.500000,0.500000
551,1,1,8.000000,0.700000,0.500000
552,1,1,8.000000,0.500000,0.500000
553,1,1,6.000000,0.000000,0.500000
554,1,1,6.000000,0.000000,0.500000
555,1,1,8.000000,0.700000,0.500000
556,1,1,14.000000,0.900000,0.500000
557,1,1,8.000000,0.500000,0.500000
558,1,1,11.000000,0.700000,0.500000
559,1,1,18.000000,1.000000,0.500000
560,1,1,6.000000,0.000000,0.500000
561,1,1,7.000000,0.300000,0.500000
562,1,1,8.000000,0.700000,0.500000
563,1,1,7.000000,0.300000,0.500000
564,1,1,6.000000,0.000000,0.500000
565,1,1,7.000000,0.300000,0.500000
566,1,1,11.000000,0.600000,0.500000
567,1,1,7.000000,0.300000,0.500000
568,1,1,8.000000,0.900000,0.500000
569,1,1,9.000000,0.800000,0.500000
570,1,1,8.000000,0.500000,0.500000
571,1,1,8.000000,0.500000,0.500000
572,1,1,6.000000,0.000000,0.500000
573,1,1,6.000000,0.000000,0.500000
574,1,1,7.000000,0.300000,0.500000
575,0,1,8.000000,0.500000,0.500000
576,1,1,6.000000,0.000000,0.500000
577,1,1,8.000000,0.700000,0.500000
578,1,1,6.000000,0.000000,0.500000
579,1,1,8.000000,0.500000,0.500000
580,1,1,8.000000,0.500000,0.500000
581,1,1,6.000000,0.000000,0.500000
582,1,1,7.000000,0.300000,0.500000
583,1,1,7.000000,0.300000,0.500000
584,1,1,17.000000,1.000000,0.500000
585,1,1,8.000000,0.500000,0.500000
586,1,1,7.000000,0.300000,0.500000
587,1,1,12.000000,0.800000,0.500000
588,1,1,8.000000,0.500000,0.500000
589,1,1,12.000000,0.600000,0.500000
590,0,1,13.000000,0.900000,0.500000
591,1,1,19.000000,1.000000,0.500000
592,1,1,6.000000,0.000000,0.500000
593,1,1,11.000000,0.600000,0.500000
594,1,1,7.000000,0.300000,0.500000
595,1,1,6.000000,0.000000,0.500000
596,1,1,8.000000,0.500000,0.500000
597,1,1,7.000000,0.300000,0.500000
598,1,1,12.000000,0.600000,0.500000
599,1,1,7.000000,0.300000,0.500000
600,1,1,7.000000,0.300000,0.500000
601,1,1,7.000000,0.300000,0.500000
602,1,1,8.000000,0.500000,0.500000
603,1,1,8.000000,0.500000,0.500000
604,1,1,9.000000,0.700000,0.500000
605,1,1,7.000000,0.300000,0.500000
606,1,1,6.000000,0.000000,0.500000
607,1,1,6.000000,0.000000,0.500000
608,1,1,8.000000,0.500000,0.500000
609,1,1,8.000000,0.500000,0.500000
610,1,1,8.000000,0.500000,0.500000
611,1,1,6.000000,0.000000,0.500000
612,1,1,8.000000,0.500000,0.500000
613,1,1,7.000000,0.300000,0.500000
614,1,1,7.000000,0.300000,0.500000
615,1,1,20.000000,1.000000,0.500000
616,1,1,8.000000,0.700000,0.500000
617,1,1,8.000000,0.500000,0.500000
618,1,1,9.000000,0.500000,0.500000
619,1,1,7.000000,0.300000,0.500000
620,1,1,15.000000,0.900000,0.500000
621,1,1,12.000000,0.600000,0.500000
622,1,1,8.000000,0.800000,0.500000
623,1,1,8.000000,0.500000,0.500000
624,1,1,7.000000,0.300000,0.500000
625,1,1,7.000000,0.300000,0.500000
626,1,1,7.000000,0.300000,0.500000
627,1,1,6.000000,0.000000,0.500000
628,1,1,18.000000,0.900000,0.500000
629,1,1,6.000000,0.000000,0.500000
630,1,1,8.000000,0.500000,0.500000
631,1,1,9.000000,0.500000,0.500000
632,1,1,8.000000,0.500000,0.500000
633,1,1,10.000000,0.700000,0.500000
634,1,1,12.000000,0.800000,0.500000
635,1,1,9.000000,0.800000,0.500000
636,1,1,8.000000,0.500000,0.500000
637,1,1,11.000000,0.700000,0.500000
638,1,1,11.000000,0.600000,0.500000
639,1,1,8.000000,0.500000,0.500000
640,1,1,8.000000,0.700000,0.500000
641,1,1,7.000000,0.300000,0.500000
642,1,1,8.000000,0.500000,0.500000
643,1,1,8.000000,0.500000,0.500000
644,1,1,6.000000,0.000000,0.500000
645,1,1,19.000000,1.000000,0.500000
646,0,1,9.000000,0.800000,0.500000
647,1,1,15.000000,0.900000,0.500000
648,1,1,7.000000,0.300000,0.500000
649,1,1,8.000000,0.500000,0.500000
650,1,1,6.000000,0.000000,0.500000
651,1,1,7.000000,0.300000,0.500000
652,1,1,6.000000,0.000000,0.500000
653,1,1,8.000000,0.800000,0.500000
654,1,1,8.000000,0.700000,0.500000
655,1,1,6.000000,0.000000,0.500000
656,1,1,11.000000,0.800000,0.500000
657,1,1,8.000000,0.500000,0.500000
658,1,1,9.000000,0.500000,0.500000
659,1,1,10.000000,0.700000,0.500000
660,1,1,10.000000,0.900000,0.500000
661,1,1,7.000000,0.300000,0.500000
662,0,1,9.000000,0.800000,0.500000
663,1,1,11.000000,0.800000,0.500000
664,1,1,8.000000,0.500000,0.500000
665,1,1,11.000000,0.600000,0.500000
666,1,1,8.000000,0.500000,0.500000
667,0,1,10.000000,0.900000,0.500000
668,1,1,7.000000,0.300000,0.500000
669,1,1,9.000000,0.700000,0.500000
670,1,1,7.000000,0.300000,0.500000
671,1,1,7.000000,0.300000,0.500000
672,1,1,8.000000,0.500000,0.500000
673,1,1,14.000000,0.800000,0.500000
674,1,1,7.000000,0.300000,0.500000
675,1,1,8.000000,0.500000,0.500000
676,1,1,8.000000,0.800000,0.500000
677,1,1,8.000000,0.500000,0.500000
678,1,1,6.000000,0.000000,0.500000
679,1,1,10.000000,0.700000,0.500000
680,1,1,8.000000,0.700000,0.500000
681,1,1,6.000000,0.000000,0.500000
682,1,1,6.000000,0.000000,0.500000
683,1,1,8.000000,0.500000,0.500000
684,1,1,10.000000,0.700000,0.500000
685,1,1,8.000000,0.800000,0.500000
686,1,1,8.000000,0.500000,0.500000
687,1,1,8.000000,0.500000,0.500000
688,1,1,13.000000,0.900000,0.500000
689,1,1,9.000000,0.700000,0.500000
690,1,1,9.000000,0.800000,0.500000
691,1,1,13.000000,0.900000,0.500000
692,1,1,7.000000,0.300000,0.500000
693,1,1,8.000000,0.500000,0.500000
694,1,1,13.000000,0.900000,0.500000
695,1,1,9.000000,0.700000,0.500000
696,1,1,7.000000,0.300000,0.500000
697,1,1,17.000000,0.800000,0.500000
698,1,1,10.000000,0.700000,0.500000
699,1,1,7.000000,0.300000,0.500000
700,1,1,8.000000,0.500000,0.500000
701,1,1,7.000000,0.300000,0.500000
702,1,1,7.000000,0.300000,0.500000
703,1,1,8.000000,0.500000,0.500000
704,1,1,6.000000,0.000000,0.500000
705,1,1,9.000000,0.800000,0.500000
706,0,1,13.000000,0.900000,0.500000
707,1,1,10.000000,0.400000,0.500000
708,1,1,10.000000,0.700000,0.500000
709,1,1,12.000000,0.800000,0.500000
710,1,1,7.000000,0.300000,0.500000
711,1,1,10.000000,0.700000,0.500000
712,1,1,6.000000,0.000000,0.500000
713,1,1,14.000000,0.900000,0.500000
714,1,1,8.000000,0.500000,0.500000
715,1,1,8.000000,0.500000,0.500000
716,1,1,7.000000,0.300000,0.500000
717,1,1,7.000000,0.300000,0.500000
718,1,1,7.000000,0.300000,0.500000
719,1,1,8.000000,0.500000,0.500000
720,1,1,6.000000,0.000000,0.500000
721,1,1,10.000000,0.700000,0.500000
722,1,1,7.000000,0.300000,0.500000
723,1,1,8.000000,0.700000,0.500000
724,1,1,7.000000,0.300000,0.500000
725,1,1,6.000000,0.000000,0.500000
726,1,1,13.000000,0.800000,0.500000
727,0,0,10.000000,0.400000,0.500000
728,1,1,6.000000,0.000000,0.500000
729,1,1,8.000000,0.500000,0.500000
730,1,1,9.000000,0.500000,0.500000
731,1,1,24.000000,1.000000,0.500000
732,1,1,10.000000,0.700000,0.500000
733,1,1,6.000000,0.000000,0.500000
734,1,1,9.000000,0.500000,0.500000
735,1,1,8.000000,0.700000,0.500000
736,1,1,13.000000,0.900000,0.500000
737,1,1,14.000000,0.900000,0.500000
738,1,1,7.000000,0.300000,0.500000
739,1,1,12.000000,0.900000,0.500000
740,1,1,10.000000,0.700000,0.500000
741,1,1,8.000000,0.500000,0.500000
742,1,1,7.000000,0.300000,0.500000
743,1,1,8.000000,0.500000,0.500000
744,1,1,7.000000,0.300000,0.500000
745,1,1,8.000000,0.500000,0.500000
746,1,1,7.000000,0.300000,0.500000
747,1,1,10.000000,0.400000,0.500000
748,1,1,7.000000,0.300000,0.500000
749,1,1,6.000000,0.000000,0.500000
750,1,1,8.000000,0.500000,0.500000
751,1,1,8.000000,0.500000,0.500000
752,1,1,15.000000,1.000000,0.500000
753,1,1,9.000000,0.500000,0.500000
754,1,1,7.000000,0.300000,0.500000
755,1,1,14.000000,0.900000,0.500000
756,1,1,8.000000,0.500000,0.500000
757,1,1,6.000000,0.000000,0.500000
758,1,1,7.000000,0.300000,0.500000
759,1,1,12.000000,0.700000,0.500000
760,1,1,7.000000,0.300000,0.500000
761,1,1,8.000000,0.700000,0.500000
762,1,1,8.000000,0.500000,0.500000
763,1,1,8.000000,0.700000,0.500000
764,0,1,10.000000,0.700000,0.500000
765,1,1,7.000000,0.300000,0.500000
766,1,1,11.000000,0.700000,0.500000
767,1,1,6.000000,0.000000,0.500000
768,1,1,7.000000,0.300000,0.500000
769,1,1,7.000000,0.300000,0.500000
770,1,1,6.000000,0.000000,0.500000
771,1,1,7.000000,0.300000,0.500000
772,1,1,9.000000,0.500000,0.500000
773,1,1,6.000000,0.000000,0.500000
774,1,1,8.000000,0.500000,0.500000
775,1,1,9.000000,0.500000,0.500000
776,1,1,8.000000,0.500000,0.500000
777,1,1,7.000000,0.300000,0.500000
778,1,1,17.000000,1.000000,0.500000
779,1,1,7.000000,0.300000,0.500000
780,1,1,9.000000,0.500000,0.500000
781,0,0,14.000000,0.900000,0.500000
782,1,1,7.000000,0.300000,0.500000
783,1,1,6.000000,0.000000,0.500000
784,1,1,14.000000,0.900000,0.500000
785,1,1,6.000000,0.000000,0.500000
786,1,1,7.000000,0.300000,0.500000
787,1,1,8.000000,0.700000,0.500000
788,1,1,7.000000,0.300000,0.500000
789,1,1,15.000000,0.800000,0.500000
790,1,1,6.000000,0.000000,0.500000
791,1,1,6.000000,0.000000,0.500000
792,1,1,7.000000,0.300000,0.500000
793,1,1,6.000000,0.000000,0.500000
794,1,1,8.000000,0.500000,0.500000
795,1,1,8.000000,0.700000,0.500000
796,1,1,7.000000,0.300000,0.500000
797,1,1,8.000000,0.500000,0.500000
798,1,1,7.000000,0.300000,0.500000
799,1,1,6.000000,0.000000,0.500000
800,1,1,8.000000,0.500000,0.500000
801,0,1,12.000000,0.900000,0.500000
802,1,1,7.000000,0.300000,0.500000
803,1,1,8.000000,0.500000,0.500000
804,1,1,13.000000,1.000000,0.500000
805,1,1,8.000000,0.500000,0.500000
806,1,1,13.000000,1.000000,0.500000
807,1,1,6.000000,0.000000,0.500000
808,1,1,7.000000,0.300000,0.500000
809,1,1,13.000000,0.800000,0.500000
810,1,1,7.000000,0.300000,0.500000
811,1,1,7.000000,0.300000,0.500000
812,1,1,11.000000,0.700000,0.500000
813,1,1,11.000000,0.800000,0.500000
814,1,1,16.000000,0.900000,0.500000
815,1,1,12.000000,0.800000,0.500000
816,1,1,8.000000,0.600000,0.500000
817,1,1,11.000000,0.700000,0.500000
818,1,1,7.000000,0.300000,0.500000
819,1,1,7.000000,0.300000,0.500000
820,1,1,6.000000,0.000000,0.500000
821,1,1,10.000000,0.700000,0.500000
822,1,1,13.000000,0.900000,0.500000
823,1,1,14.000000,0.900000,0.500000
824,1,1,6.000000,0.000000,0.500000
825,1,1,8.000000,0.500000,0.500000
826,1,1,7.000000,0.300000,0.500000
827,1,1,9.000000,0.500000,0.500000
828,1,1,7.000000,0.300000,0.500000
829,1,1,7.000000,0.300000,0.500000
830,1,1,7.000000,0.300000,0.500000
831,1,1,8.000000,0.500000,0.500000
832,1,1,10.000000,0.900000,0.500000
833,1,1,22.000000,1.000000,0.500000
834,1,1,8.000000,0.500000,0.500000
835,1,1,8.000000,0.500000,0.500000
836,1,1,7.000000,0.300000,0.500000
837,1,1,16.000000,0.900000,0.500000
838,1,1,8.000000,0.500000,0.500000
839,1,1,9.000000,0.500000,0.500000
840,1,1,7.000000,0.300000,0.500000
841,1,1,6.000000,0.000000,0.500000
842,1,1,8.000000,0.800000,0.500000
843,1,1,7.000000,0.300000,0.500000
844,1,1,21.000000,1.000000,0.500000
845,1,1,9.000000,0.700000,0.500000
846,1,1,8.000000,0.700000,0.500000
847,1,1,12.000000,0.600000,0.500000
848,1,1,8.000000,0.500000,0.500000
849,1,1,7.000000,0.300000,0.500000
850,1,1,8.000000,0.500000,0.500000
851,1,1,22.000000,1.000000,0.500000
852,1,1,8.000000,0.500000,0.500000
853,1,1,15.000000,0.900000,0.500000
854,1,1,7.000000,0.300000,0.500000
855,0,1,10.000000,0.900000,0.500000
856,1,1,10.000000,0.700000,0.500000
857,1,1,6.000000,0.000000,0.500000
858,1,1,7.000000,0.300000,0.500000
859,1,1,8.000000,0.500000,0.500000
860,1,1,12.000000,0.900000,0.500000
861,1,1,8.000000,0.500000,0.500000
862,1,1,7.000000,0.300000,0.500000
863,1,1,8.000000,0.500000,0.500000
864,1,1,8.000000,0.500000,0.500000
865,1,1,19.000000,0.900000,0.500000
866,1,1,7.000000,0.300000,0.500000
867,1,1,11.000000,0.900000,0.500000
868,1,1,27.000000,1.000000,0.500000
869,1,1,11.000000,0.700000,0.500000
870,1,1,7.000000,0.300000,0.500000
871,1,1,7.000000,0.300000,0.500000
872,1,1,9.000000,0.800000,0.500000
873,1,1,8.000000,0.500000,0.500000
874,1,1,11.000000,0.600000,0.500000
875,1,1,6.000000,0.000000,0.500000
876,1,1,8.000000,0.700000,0.500000
877,1,1,7.000000,0.300000,0.500000
878,1,1,9.000000,0.500000,0.500000
879,1,1,8.000000,0.500000,0.500000
880,1,1,7.000000,0.300000,0.500000
881,1,1,9.000000,0.500000,0.500000
882,1,1,8.000000,0.700000,0.500000
883,1,1,6.000000,0.000000,0.500000
884,1,1,13.000000,0.900000,0.500000
885,1,1,6.000000,0.000000,0.500000
886,1,1,8.000000,0.500000,0.500000
887,1,1,6.000000,0.000000,0.500000
888,1,1,14.000000,0.800000,0.500000
889,1,1,6.000000,0.000000,0.500000
890,1,1,11.000000,0.800000,0.500000
891,1,1,10.000000,0.900000,0.500000
892,1,1,10.000000,0.900000,0.500000
893,1,1,7.000000,0.300000,0.500000
894,1,1,6.000000,0.000000,0.500000
895,1,1,18.000000,0.900000,0.500000
896,1,1,8.000000,0.500000,0.500000
897,1,1,7.000000,0.300000,0.500000
898,1,1,7.000000,0.300000,0.500000
899,1,1,8.000000,0.800000,0.500000
900,1,1,8.000000,0.500000,0.500000
901,1,1,8.000000,0.500000,0.500000
902,1,1,7.000000,0.300000,0.500000
903,1,1,6.000000,0.000000,0.500000
904,1,1,9.000000,0.700000,0.500000
905,1,1,9.000000,0.500000,0.500000
906,1,1,12.000000,0.800000,0.500000
907,1,1,8.000000,0.700000,0.500000
908,1,1,8.000000,0.500000,0.500000
909,1,1,7.000000,0.300000,0.500000
910,1,1,8.000000,0.500000,0.500000
911,1,1,8.000000,0.700000,0.500000
912,1,1,8.000000,0.500000,0.500000
913,1,1,7.000000,0.300000,0.500000
914,1,1,8.000000,0.700000,0.500000
915,1,1,18.000000,1.000000,0.500000
916,1,1,6.000000,0.000000,0.500000
917,1,1,8.000000,0.500000,0.500000
918,1,1,6.000000,0.000000,0.500000
919,1,1,7.000000,0.300000,0.500000
920,1,1,8.000000,0.800000,0.500000
921,1,1,7.000000,0.300000,0.500000
922,1,1,8.000000,0.800000,0.500000
923,1,1,8.000000,0.500000,0.500000
924,1,1,13.000000,0.900000,0.500000
925,1,1,8.000000,0.500000,0.500000
926,0,1,10.000000,0.800000,0.500000
927,1,1,6.000000,0.000000,0.500000
928,1,1,7.000000,0.300000,0.500000
929,1,1,8.000000,0.500000,0.500000
930,1,1,15.000000,0.900000,0.500000
931,1,1,22.000000,1.000000,0.500000
932,1,1,9.000000,0.500000,0.500000
933,1,1,7.000000,0.300000,0.500000
934,1,1,8.000000,0.500000,0.500000
935,1,1,7.000000,0.300000,0.500000
936,0,1,8.000000,0.500000,0.500000
937,1,1,8.000000,0.500000,0.500000
938,1,1,6.000000,0.000000,0.500000
939,1,1,8.000000,0.500000,0.500000
940,1,1,8.000000,0.500000,0.500000
941,1,1,8.000000,0.800000,0.500000
942,1,1,7.000000,0.300000,0.500000
943,1,1,6.000000,0.000000,0.500000
944,1,1,11.000000,0.800000,0.500000
945,1,1,18.000000,1.000000,0.500000
946,1,1,8.000000,0.800000,0.500000
947,1,1,9.000000,0.700000,0.500000
948,1,1,16.000000,1.000000,0.500000
949,1,1,8.000000,0.500000,0.500000
950,1,1,7.000000,0.300000,0.500000
951,1,1,6.000000,0.000000,0.500000
952,1,1,19.000000,0.900000,0.500000
953,1,1,20.000000,1.000000,0.500000
954,0,1,8.000000,0.500000,0.500000
955,1,1,8.000000,0.500000,0.500000
956,1,1,8.000000,0.700000,0.500000
957,1,1,13.000000,1.000000,0.500000
958,1,1,7.000000,0.300000,0.500000
959,1,1,8.000000,0.700000,0.500000
960,1,1,15.000000,0.900000,0.500000
961,1,1,8.000000,0.700000,0.500000
962,1,1,8.000000,0.500000,0.500000
963,1,1,10.000000,0.400000,0.500000
964,1,1,8.000000,0.500000,0.500000
965,1,1,9.000000,0.700000,0.500000
966,0,1,13.000000,0.900000,0.500000
967,1,1,10.000000,0.400000,0.500000
968,1,1,8.000000,0.500000,0.500000
969,1,1,6.000000,0.000000,0.500000
970,1,1,8.000000,0.900000,0.500000
971,1,1,10.000000,0.900000,0.500000
972,1,1,12.000000,0.900000,0.500000
973,1,1,6.000000,0.000000,0.500000
974,1,1,7.000000,0.300000,0.500000
975,1,1,7.000000,0.300000,0.500000
976,1,1,7.000000,0.300000,0.500000
977,1,1,8.000000,0.500000,0.500000
978,1,1,10.000000,0.700000,0.500000
979,1,1,10.000000,0.700000,0.500000
980,1,1,10.000000,0.700000,0.500000
981,1,1,8.000000,0.500000,0.500000
982,1,1,6.000000,0.000000,0.500000
983,1,1,9.000000,0.800000,0.500000
984,1,1,6.000000,0.000000,0.500000
985,1,1,7.000000,0.300000,0.500000
986,1,1,8.000000,0.600000,0.500000
987,1,1,8.000000,0.500000,0.500000
988,1,1,7.000000,0.300000,0.500000
989,1,1,7.000000,0.300000,0.500000
990,1,1,9.000000,0.700000,0.500000
991,1,1,13.000000,0.800000,0.500000
992,1,1,8.000000,0.500000,0.500000
993,1,1,7.000000,0.300000,0.500000
994,1,1,6.000000,0.000000,0.500000
995,1,1,7.000000,0.300000,0.500000
996,1,1,17.000000,0.800000,0.500000
997,1,1,6.000000,0.000000,0.500000
998,1,1,6.000000,0.000000,0.500000
999,1,1,6.000000,0.000000,0.500000
WorkerID,Gamma,TrueGamma
197,0.533103,1.364321
475,0.391284,0.540732
901,0.429487,0.657731
234,0.476542,1.076042
580,0.408916,1.000291
986,0.565685,1.678251
746,0.450679,0.600587
319,0.417903,0.689563
154,0.370034,1.714007
130,0.410075,0.631307
364,0.722325,2.483105
789,0.484515,1.143287
438,0.450757,0.613069
144,0.511600,1.742757
435,0.442783,0.722555
885,0.548932,0.998352
726,0.518132,0.598589
380,0.509339,0.792378
138,0.562660,0.747728
772,0.461590,1.706348
975,0.485703,2.104278
113,0.532414,0.827687
100,0.464621,1.572841
900,0.461369,0.655904
449,0.401670,1.162446
643,0.601879,1.593921
361,0.584525,3.035083
192,0.427902,0.762090
7,0.502579,0.744468
980,0.518639,1.183794
831,0.477807,0.434668
584,0.554023,1.867277
822,0.491933,0.719632
512,0.566026,1.374548
156,0.416953,1.033392
86,0.430638,1.306024
655,0.420339,0.810961
135,0.481741,2.037236
579,0.498027,1.132325
842,0.500713,1.577734
323,0.460254,1.092294
729,0.473847,0.915001
445,0.707618,1.927733
387,0.512023,1.194077
68,0.411927,0.772984
60,0.507991,1.273609
411,0.458878,0.300595
231,0.436765,2.313610
316,0.516098,0.907641
310,0.521151,0.946442
564,0.467484,0.469729
83,0.461351,0.816391
987,0.499270,0.857562
398,0.571108,0.668930
818,0.341301,0.429112
590,0.440261,0.989166
265,0.417143,1.171663
250,0.390003,0.212515
412,0.522898,1.317363
305,0.524722,1.574437
389,0.594393,1.414439
951,0.363127,0.481691
814,0.551297,1.552614
866,0.401090,0.991636
27,0.543539,2.264042
542,0.504941,1.208282
914,0.417570,0.831463
275,0.357980,0.461963
985,0.464835,1.600313
117,0.467280,1.068084
690,0.441776,1.519187
976,0.538139,0.903551
391,0.519436,1.589381
276,0.353802,0.405437
752,0.637885,1.499645
978,0.608239,4.183775
962,0.532758,0.488074
396,0.493440,1.755566
918,0.488225,0.696976
917,0.364256,0.514844
956,0.510247,0.689237
255,0.451729,0.507494
631,0.498528,2.639446
929,0.454999,0.369912
1,0.460735,0.831918
66,0.444287,0.454014
126,0.603925,2.008116
642,0.396354,0.970713
812,0.516921,1.055347
732,0.480008,0.928203
537,0.547314,2.074919
916,0.527601,1.579181
167,0.513003,1.575826
767,0.467820,1.641653
521,0.487188,1.530329
958,0.351565,0.306275
639,0.472397,1.072289
546,0.497368,0.844303
184,0.481522,2.721579
386,0.461814,0.391313
394,0.468171,1.507166
965,0.499715,0.998465
72,0.437268,1.068089
547,0.456449,0.931337
118,0.469305,0.142442
802,0.443998,0.874213
796,0.663366,2.167610
256,0.474459,1.628894
176,0.511353,1.233040
451,0.473620,0.478663
294,0.477636,1.510397
237,0.438776,0.535025
634,0.567531,1.737897
628,0.445492,1.829827
465,0.454581,0.515404
499,0.434959,1.021831
683,0.499160,1.296221
612,0.395629,1.480982
302,0.469561,0.503553
856,0.436899,1.394166
458,0.680789,1.518648
33,0.458637,1.317283
519,0.525566,0.616349
867,0.520466,1.152863
158,0.530632,2.786333
740,0.516612,1.363141
485,0.551040,1.030769
677,0.465770,0.410836
908,0.423208,0.204186
56,0.667065,1.877960
505,0.614691,2.204914
909,0.400184,0.986436
531,0.461027,0.887475
586,0.440966,0.747081
199,0.461566,0.997903
252,0.438800,1.179452
703,0.557455,0.515955
829,0.542910,1.802451
325,0.546683,1.418497
246,0.424120,0.995677
672,0.323297,1.112307
177,0.505402,0.790940
881,0.405883,0.248861
299,0.625879,1.188795
835,0.519133,2.458494
676,0.491752,1.083099
581,0.466211,0.792226
636,0.447372,1.285648
981,0.474133,0.780092
47,0.501710,1.418719
969,0.431448,0.469121
76,0.539271,1.065285
273,0.470253,0.684044
473,0.490885,1.351332
10,0.429760,0.506795
12,0.499440,2.061351
92,0.462091,0.477006
347,0.442267,1.551548
635,0.579076,1.404162
267,0.471833,0.700682
404,0.623217,1.728471
850,0.446575,0.390144
997,0.508224,0.488746
104,0.595661,0.816387
820,0.543410,0.622673
742,0.457467,0.269903
271,0.585768,2.484291
155,0.525039,0.885715
453,0.636217,1.474735
25,0.454956,0.647302
26,0.568898,1.308389
332,0.540469,1.297060
264,0.501347,0.685394
408,0.513500,1.574597
893,0.630903,1.353900
719,0.476728,1.300948
653,0.520722,1.766869
960,0.626447,0.909455
308,0.531373,1.366978
858,0.510096,0.610390
59,0.453629,1.067360
791,0.448175,1.127571
286,0.534243,0.665735
372,0.608304,0.777530
306,0.529747,0.361825
125,0.476800,0.884107
966,0.542991,0.872936
667,0.467090,0.306375
921,0.491955,1.039291
201,0.621489,2.335576
146,0.544678,1.005619
704,0.557558,1.003941
315,0.542516,1.120571
440,0.482206,0.245884
716,0.669148,1.739310
219,0.619164,1.516698
718,0.636844,1.335473
213,0.515526,0.395220
290,0.553745,1.616281
935,0.455500,0.893864
450,0.613961,1.612629
847,0.548997,2.073201
851,0.650326,1.033173
730,0.600123,0.645689
973,0.537102,1.444353
700,0.448129,0.982199
757,0.481512,0.722755
222,0.436727,1.322558
882,0.459198,0.780363
421,0.696722,1.789848
459,0.573286,1.717502
591,0.530507,3.205345
379,0.391466,1.488917
595,0.507591,0.601940
619,0.514881,0.667967
971,0.583872,1.385199
293,0.622391,1.070670
886,0.624800,0.964292
589,0.506041,0.769394
455,0.608625,1.256810
952,0.519816,1.688480
544,0.471171,1.094485
170,0.598374,1.053042
970,0.573443,0.786769
892,0.504170,0.809371
682,0.537270,0.793187
532,0.471375,0.415187
502,0.477672,0.191540
331,0.509728,0.829387
466,0.471841,2.084929
660,0.442765,0.495365
309,0.691735,1.185081
429,0.657604,2.298231
102,0.466212,0.458025
915,0.478317,0.259755
353,0.653579,1.528467
725,0.570631,1.200141
45,0.619224,2.912709
437,0.457517,0.130868
993,0.692818,3.026662
202,0.514781,1.060569
274,0.551678,2.140179
363,0.490510,0.519580
896,0.571386,1.198733
611,0.559417,1.014072
691,0.585698,1.056565
208,0.482828,1.142193
720,0.613764,1.207746
53,0.723950,2.530244
477,0.516611,1.343370
685,0.505831,1.204677
498,0.591132,1.560645
356,0.621757,1.515924
779,0.563795,1.724884
774,0.580665,1.040725
327,0.558550,1.299017
548,0.584397,1.976519
471,0.580316,1.718214
938,0.447373,0.469162
604,0.787502,2.814886
362,0.656724,1.805915
891,0.551086,0.745832
689,0.607722,1.495074
735,0.415333,0.978727
551,0.619952,1.726892
185,0.441865,1.154884
552,0.526484,2.829828
384,0.652911,0.831052
686,0.610294,1.538628
860,0.411397,0.426864
221,0.430076,0.577549
278,0.587215,1.872473
557,0.628316,2.092263
721,0.488645,0.839310
920,0.517704,1.024471
826,0.429196,0.417654
206,0.524512,0.927820
368,0.554398,0.614718
409,0.472461,2.141850
808,0.526069,0.888369
159,0.477153,0.872652
790,0.531501,0.550025
675,0.443140,0.679908
350,0.634295,2.496816
490,0.603496,1.922765
788,0.513272,3.362766
73,0.579217,1.744527
469,0.603363,0.955339
65,0.493538,0.760231
687,0.473432,1.410132
754,0.656734,0.786656
105,0.553939,2.556124
128,0.627595,1.936640
416,0.429827,0.603811
46,0.526329,0.868724
207,0.620599,1.036507
54,0.434034,0.490338
707,0.522115,1.350848
943,0.483470,1.728297
392,0.628327,1.539789
131,0.569208,2.418382
967,0.485333,0.433309
39,0.469071,0.222750
697,0.476095,0.717333
793,0.579232,1.983470
178,0.563429,1.123368
110,0.553672,1.550760
518,0.659650,2.101964
644,0.518905,0.609486
49,0.490544,1.930309
560,0.585584,1.506380
36,0.586625,0.543753
423,0.549203,1.180825
500,0.583554,0.729316
78,0.651289,1.100726
333,0.654242,2.542083
907,0.465172,0.762369
263,0.463315,1.266980
624,0.399522,0.374182
142,0.612248,1.495143
433,0.606952,0.576961
424,0.504758,0.982182
868,0.521548,0.872317
374,0.559183,0.798565
674,0.627874,1.937266
467,0.612188,1.369398
133,0.448857,0.299482
795,0.575165,2.354849
476,0.666584,0.977460
906,0.555314,1.049685
312,0.466605,0.917885
365,0.496957,1.635312
913,0.431428,0.225468
625,0.442364,0.367686
284,0.463163,0.723603
678,0.430353,0.628493
503,0.445817,0.669026
760,0.552309,0.829438
191,0.514512,1.275269
311,0.503276,1.568655
203,0.597965,1.286938
247,0.428689,0.730781
79,0.376588,1.295200
751,0.492349,1.902711
949,0.404374,0.490434
571,0.459331,1.091551
149,0.643549,1.271975
541,0.673153,0.939316
649,0.549375,0.984544
607,0.593085,1.077472
324,0.419836,0.567981
606,0.493294,0.779311
229,0.542202,1.625515
141,0.571263,0.915466
633,0.499900,1.235503
120,0.536730,1.786185
833,0.530445,1.877933
957,0.507802,1.303970
773,0.443327,1.295253
69,0.566884,0.734275
474,0.554688,1.533479
487,0.632246,1.803556
427,0.612417,0.963365
32,0.557580,0.815880
5,0.489800,0.307512
377,0.561250,0.637531
857,0.480003,0.903551
711,0.551052,0.954228
627,0.681669,1.280870
227,0.552951,0.889903
526,0.534799,1.454445
40,0.544245,1.600307
470,0.575724,1.818717
955,0.532697,0.823610
322,0.593810,1.293015
494,0.498994,1.098895
744,0.666949,1.046389
787,0.563974,1.281396
737,0.428740,1.154737
88,0.481331,1.279241
292,0.509632,1.544990
783,0.625513,3.119225
902,0.457138,1.178985
722,0.608282,1.596659
763,0.634827,1.696181
785,0.452714,0.538785
122,0.473003,0.464909
727,0.514683,1.153257
18,0.580907,0.476223
370,0.566467,0.658999
843,0.618040,1.259439
298,0.551202,1.619966
244,0.494319,0.821443
854,0.553662,0.854315
152,0.582421,1.552991
295,0.666494,0.651800
269,0.771396,1.645317
254,0.582535,1.183461
486,0.632812,1.474963
587,0.638892,0.949003
393,0.662745,1.463225
506,0.503353,0.456819
554,0.619618,0.606938
127,0.518539,0.791470
597,0.532369,0.474833
235,0.599031,1.210864
439,0.673798,0.793266
0,0.687029,1.490108
464,0.632560,0.988190
879,0.617648,1.163172
641,0.659511,0.464397
982,0.523473,2.109683
472,0.564257,1.399645
884,0.791128,1.298675
381,0.480358,0.709283
651,0.672661,1.026312
336,0.548104,1.214121
243,0.632415,1.088037
31,0.688606,1.530149
385,0.598270,1.611787
602,0.522187,1.061894
281,0.554704,1.100035
436,0.500040,0.618415
714,0.692614,1.268573
108,0.590645,1.424837
399,0.575542,1.273825
321,0.603479,1.855165
157,0.542481,0.579657
21,0.609043,0.981627
694,0.538312,1.169442
77,0.496194,0.791912
778,0.667212,1.343439
137,0.769044,2.479630
827,0.592542,2.060286
405,0.620402,0.974623
614,0.597927,1.973351
903,0.588668,1.279127
180,0.674418,1.388778
994,0.567552,1.282069
9,0.574319,0.934300
164,0.517557,0.488303
334,0.526981,0.833838
650,0.569769,1.343000
41,0.611295,0.818959
116,0.591835,1.179370
165,0.547361,1.474409
664,0.659363,1.996854
468,0.587786,0.917638
972,0.510012,0.538086
798,0.571284,0.684761
536,0.595803,1.303125
93,0.637297,1.387870
285,0.642708,1.543025
82,0.626143,0.995651
483,0.784706,1.661033
924,0.586671,0.996116
784,0.523574,0.205252
272,0.678558,1.145678
932,0.471241,0.462640
558,0.785748,2.178966
945,0.599524,0.934838
171,0.537930,0.701220
190,0.558826,0.826688
963,0.562132,2.815638
355,0.673960,0.931643
241,0.627474,0.824109
270,0.663633,2.449049
693,0.656061,0.854956
942,0.511127,0.604140
343,0.571761,0.691391
390,0.724256,1.483274
462,0.529005,1.055584
673,0.643534,0.941012
618,0.626716,1.286706
525,0.558409,1.323620
803,0.475322,0.222414
736,0.612527,2.011080
839,0.591777,0.673865
561,0.543249,0.968361
489,0.691373,0.981423
134,0.475535,0.921624
849,0.486753,1.393875
841,0.550981,0.289633
456,0.639981,1.410775
67,0.518766,0.758328
259,0.679890,1.802922
313,0.552206,0.852673
95,0.536124,1.386747
504,0.525844,1.663961
71,0.564487,0.516221
20,0.559554,1.481015
724,0.527913,0.709015
805,0.612264,0.561501
574,0.493630,1.812331
407,0.474582,1.120502
769,0.582268,0.780146
463,0.627926,1.073363
825,0.713820,1.224283
388,0.464527,0.849493
297,0.540366,0.853290
894,0.610388,0.627385
410,0.483291,0.541002
123,0.595560,2.212395
448,0.506081,1.239580
565,0.533546,0.525511
520,0.594067,1.404041
895,0.578980,0.997037
62,0.707288,1.092267
699,0.627397,1.761820
147,0.588311,0.799751
354,0.608937,1.145840
217,0.661150,0.795846
775,0.701702,2.533734
367,0.524635,0.860759
44,0.501174,1.201064
103,0.575413,0.459866
861,0.711414,2.545600
430,0.621972,1.549134
815,0.586145,0.788170
863,0.563113,1.192081
382,0.574195,1.169908
121,0.561581,1.074894
119,0.623003,1.484476
545,0.515446,0.638926
109,0.629371,2.112934
578,0.949493,3.571470
897,0.537841,1.609097
698,0.512285,0.890883
583,0.505983,0.528666
708,0.573285,1.867294
497,0.713483,1.591369
603,0.570901,1.124483
550,0.489645,1.591074
34,0.533434,1.365397
162,0.482147,1.099090
873,0.600644,1.508077
762,0.743791,0.856183
434,0.476202,0.447759
223,0.583371,1.651374
417,0.583623,0.878004
454,0.602321,0.910639
702,0.493245,0.819982
17,0.505942,0.756633
395,0.656956,1.096840
52,0.624789,0.882941
749,0.468365,0.664628
57,0.520533,1.155949
666,0.492440,0.602100
853,0.508671,0.413880
262,0.592179,0.698083
523,0.658919,1.834136
402,0.643336,2.058155
809,0.673051,1.431545
99,0.613292,0.774081
136,0.722739,2.079686
509,0.616118,1.681734
174,0.553395,0.537266
186,0.576039,0.787809
242,0.545319,1.271435
74,0.575085,1.033751
988,0.612020,2.122945
594,0.687876,2.183642
432,0.623201,1.965672
830,0.497133,0.379145
954,0.750530,0.884121
608,0.643315,0.777103
890,0.661517,1.052205
84,0.579754,1.120882
877,0.557291,0.690556
630,0.551356,0.574083
493,0.758093,1.546962
776,0.598736,0.709684
91,0.501195,0.636547
662,0.602900,1.279194
647,0.592657,1.329238
491,0.570852,0.636506
844,0.570749,0.788245
291,0.582795,1.970262
709,0.573286,1.227022
933,0.597323,2.745360
35,0.561905,1.028525
37,0.581246,1.989436
478,0.674177,2.279062
63,0.518365,0.567131
248,0.567768,0.934438
923,0.552959,1.525799
443,0.769545,1.787902
38,0.601501,0.434028
556,0.628935,0.991986
530,0.473251,0.413080
539,0.590975,0.624534
801,0.669958,1.831562
61,0.566700,0.712529
950,0.725504,2.017207
16,0.665712,2.396053
240,0.687799,1.760441
845,0.528933,0.832896
245,0.581029,1.137550
481,0.628053,3.173114
765,0.626013,1.162617
937,0.673711,1.691704
989,0.586565,1.044370
277,0.616087,1.320263
717,0.531253,0.974881
304,0.725766,3.674873
258,0.622066,1.257507
577,0.759312,2.215542
403,0.566075,0.931885
529,0.573389,0.875584
507,0.654303,3.038766
422,0.503185,1.053770
329,0.590217,2.197680
848,0.680756,1.878827
983,0.474217,0.552600
200,0.500257,0.952434
339,0.618876,1.181349
840,0.557721,1.253545
151,0.529892,0.972157
534,0.643169,2.348706
797,0.559479,0.492896
819,0.590264,1.209997
753,0.630581,1.421214
129,0.665103,1.039862
43,0.607904,1.118689
658,0.566020,1.184139
345,0.614269,1.798510
515,0.577518,0.655725
632,0.526396,1.195515
680,0.555583,0.943388
654,0.642608,1.008496
804,0.537007,1.631733
447,0.588050,1.950029
549,0.523546,0.440538
173,0.632476,1.821216
883,0.620809,0.718151
346,0.638897,2.083072
715,0.579834,1.080282
30,0.612770,0.728901
279,0.653040,1.983348
209,0.602420,1.449152
899,0.563950,1.495666
668,0.555206,0.979607
360,0.435443,0.447257
871,0.503621,1.309065
527,0.567434,1.460787
228,0.651172,1.698929
357,0.816258,2.327803
646,0.779710,0.975502
695,0.628714,1.609504
710,0.486854,0.884549
383,0.491624,1.338859
251,0.578422,0.490242
934,0.596750,0.334376
196,0.592999,1.062418
759,0.623509,3.260977
755,0.512555,0.751699
747,0.524561,0.910426
452,0.594690,0.439917
582,0.719028,2.496186
419,0.535592,0.595958
919,0.653997,2.102900
266,0.620718,0.844469
89,0.553764,0.415991
992,0.541313,1.030803
925,0.746963,0.661467
748,0.668463,1.247165
656,0.575091,1.106033
330,0.623112,1.703951
150,0.770999,1.788721
592,0.621554,1.516236
351,0.569404,1.248061
230,0.607691,0.527169
605,0.538264,0.255581
373,0.503030,0.610122
28,0.488891,0.758501
344,0.671675,1.338601
961,0.571793,0.858373
317,0.537217,1.036276
684,0.544196,0.875591
638,0.508415,0.881345
991,0.647776,1.538447
224,0.677736,0.655116
352,0.620306,1.722693
342,0.547675,1.121457
232,0.575304,0.567234
460,0.752992,1.114994
139,0.540447,1.129956
510,0.758242,0.909985
832,0.760763,1.043922
220,0.633344,1.520767
862,0.580869,1.457901
733,0.622339,1.260216
501,0.606486,0.801020
629,0.563257,0.960675
96,0.774634,1.060904
786,0.550538,0.846927
974,0.588174,0.917474
573,0.644141,1.102527
484,0.681761,2.460483
931,0.482073,1.156331
6,0.592384,1.516044
959,0.536884,0.507519
875,0.703930,0.821547
148,0.600362,0.107603
567,0.605610,0.352867
50,0.494510,0.272840
887,0.603115,1.223484
936,0.853183,1.370618
479,0.900371,2.120034
878,0.512039,1.728760
616,0.647632,1.900718
326,0.585299,0.638260
781,0.699504,1.024629
566,0.548946,2.215581
268,0.556781,1.263656
14,0.620827,0.994950
855,0.689176,1.752720
233,0.613620,1.947464
601,0.656994,0.872967
488,0.567735,1.061905
870,0.511412,1.319344
543,0.460454,0.788615
226,0.689315,2.124763
426,0.714923,1.283673
168,0.663510,0.709137
576,0.618222,2.068872
64,0.630576,0.930895
828,0.490934,1.022938
756,0.534387,0.867422
101,0.563682,0.896516
761,0.525177,1.586245
800,0.520877,0.809389
480,0.794686,1.498139
195,0.734486,1.055230
864,0.721717,1.961299
670,0.565847,0.491666
538,0.512082,0.904902
522,0.573982,1.906226
738,0.584643,1.948628
300,0.605035,0.360508
261,0.581631,0.794462
428,0.587329,0.693363
622,0.631157,0.432848
517,0.538841,1.738883
11,0.555165,2.294608
792,0.621158,0.687194
665,0.673637,0.567853
212,0.555750,0.596026
8,0.678217,2.054827
588,0.536721,0.404371
216,0.775986,1.825074
734,0.492427,0.870834
648,0.844144,1.592958
712,0.761585,1.190772
2,0.643701,1.769609
846,0.811891,1.731115
495,0.660148,1.836000
397,0.543311,0.863494
376,0.861949,2.767380
585,0.695347,1.091215
335,0.565956,1.053865
593,0.615495,0.599665
553,0.673619,0.923472
741,0.762809,1.465067
661,0.587969,0.945598
910,0.617366,1.559642
663,0.773502,2.320986
420,0.706124,1.569602
904,0.594769,2.289277
806,0.670531,1.038297
415,0.612594,0.874596
731,0.819865,1.779486
964,0.616995,1.338937
369,0.526043,1.326547
979,0.600113,0.857746
225,0.647742,1.810111
442,0.587639,0.666493
598,0.745988,2.214628
70,0.629645,1.151382
511,0.776184,1.439576
114,0.537278,1.707157
260,0.528655,1.661503
94,0.585125,0.768467
160,0.527994,1.078552
215,0.501441,1.859944
145,0.630649,1.412522
307,0.636594,1.147598
169,0.468289,0.783970
555,0.558625,1.016496
112,0.470815,0.538221
836,0.606354,0.990335
375,0.512300,0.206348
679,0.627605,0.906680
645,0.664769,0.444094
926,0.657819,1.085254
172,0.634092,1.189842
115,0.612190,1.477526
431,0.796204,1.392476
623,0.520088,1.125453
562,0.528052,0.676968
516,0.538014,0.552887
194,0.583707,1.041853
288,0.566352,0.762438
613,0.575577,0.798044
575,0.665407,1.263418
183,0.635402,2.188374
13,0.556448,1.267681
3,0.553329,1.065351
659,0.693034,2.331200
296,0.701295,1.813865
75,0.572501,0.694045
401,0.638955,2.154548
371,0.617478,2.468548
179,0.796479,1.561828
743,0.721048,0.625584
23,0.810778,1.511400
320,0.861380,1.841646
4,0.593094,0.741513
461,0.544047,0.932225
289,0.598873,1.661902
418,0.513100,0.516803
766,0.706453,1.272218
48,0.754426,1.864914
777,0.647990,0.904339
940,0.705503,1.011984
80,0.659259,1.174223
340,0.745732,1.272223
640,0.570971,0.952099
318,0.603848,1.280017
111,0.572579,0.593315
188,0.734615,1.459681
615,0.687707,1.757536
22,0.579588,0.819200
610,0.562221,1.248266
97,0.715782,1.242083
984,0.754716,1.381777
457,0.640803,1.658275
19,0.647180,0.525206
706,0.549266,0.640648
406,0.552434,0.239788
770,0.606671,1.257735
349,0.697767,1.377361
990,0.725039,1.475357
609,0.731008,1.553343
98,0.811086,0.717727
816,0.697531,1.106836
758,0.675832,0.897870
492,0.784454,1.579006
87,0.567465,0.631751
24,0.603417,0.661036
58,0.618597,0.816159
780,0.717470,3.014912
869,0.776965,2.054613
218,0.567751,0.272334
898,0.649218,2.137288
90,0.734793,1.205182
947,0.771008,1.183071
669,0.640356,1.297817
140,0.752937,2.004492
182,0.679366,1.712466
626,0.679910,1.228245
889,0.738019,1.145840
205,0.556534,1.088474
596,0.583241,1.109976
865,0.626076,1.056134
953,0.586977,1.780659
888,0.538412,0.519945
143,0.576833,0.541122
824,0.733423,2.069217
482,0.701710,0.819944
750,0.637648,0.937567
995,0.682339,0.964720
911,0.647761,1.169901
617,0.622681,0.922148
671,0.569882,1.247578
817,0.602502,0.472060
569,0.795907,0.992050
15,0.586988,2.181559
728,0.771834,1.412638
652,0.703419,0.791601
211,0.645775,0.310043
444,0.812075,1.801951
204,0.793491,0.744628
794,0.647084,1.844825
496,0.685273,1.078594
771,0.739476,0.402041
874,0.747119,1.729675
446,0.569665,0.542498
701,0.655019,0.901122
799,0.931408,0.908155
944,0.671399,1.090571
657,0.725656,0.848523
181,0.735094,2.659356
782,0.728531,3.320639
977,0.639281,0.712026
341,0.787516,1.298354
838,0.663410,1.525286
930,0.651510,2.446263
51,0.742035,2.536628
621,0.652049,1.471523
922,0.846850,1.606832
124,0.641222,0.619417
998,0.853977,1.535706
563,0.625623,0.754429
283,0.604476,1.782178
358,0.737820,0.997308
314,0.673900,2.094250
872,0.738445,0.780789
572,0.625030,1.585535
928,0.635045,0.512710
912,0.691037,0.180486
600,0.603285,0.546980
810,0.662087,0.591920
852,0.728484,0.739266
705,0.725402,0.789457
210,0.752552,1.019823
303,0.769370,2.220698
328,0.710231,1.131926
821,0.656466,1.237499
999,0.775918,1.508811
696,0.828070,1.094793
745,0.815218,3.028675
637,0.637540,0.476902
568,0.822591,1.879835
187,0.833559,1.877877
823,0.756862,0.502668
214,0.708509,0.730021
282,0.762256,1.446291
107,0.665821,2.207263
236,0.781075,2.308695
524,0.805697,1.110492
378,0.623587,0.942667
688,0.696147,1.321843
570,0.671190,2.192948
249,0.703871,1.656493
280,0.775198,1.241687
941,0.645496,0.920909
739,0.630527,1.350738
996,0.651066,1.268988
425,0.638199,0.521592
366,0.606499,0.381459
528,0.727686,0.446900
238,0.722842,1.480775
859,0.755028,0.745453
301,0.709856,0.906148
540,0.691607,0.530642
257,0.713448,1.358978
189,0.622598,0.470522
514,0.825889,0.933140
106,0.700131,0.980586
948,0.721232,1.594708
132,0.739811,2.079801
42,0.644256,0.547743
175,0.655111,0.669360
620,0.683812,1.137402
193,0.719947,1.672292
348,0.803132,0.350180
400,0.745388,1.257374
287,0.908396,1.385209
880,0.780586,0.922848
905,0.796511,1.563527
413,0.758214,0.745984
153,0.821960,0.892972
359,0.813909,1.710684
508,0.876272,1.346822
161,0.622027,1.528274
55,0.681378,0.449351
713,0.737943,1.527136
81,0.773473,1.031184
414,0.803324,2.149861
692,0.741607,1.196446
337,0.639726,0.844217
338,0.858238,1.370408
253,0.837220,1.625500
513,0.752589,1.022644
535,0.933800,1.212892
29,0.722581,0.895381
811,0.816288,1.809419
946,0.818688,0.829232
837,0.766008,1.546580
764,0.846095,1.099454
807,0.784068,2.698576
163,0.701057,1.152282
927,0.745871,1.326401
85,0.873844,3.888110
239,0.816676,1.675008
968,0.782545,1.063999
681,0.844254,2.696487
768,0.764962,1.433951
441,0.698220,0.772866
834,0.797922,1.506021
723,0.678792,2.002408
198,0.815179,2.359091
813,0.844717,1.148168
559,0.838665,1.610699
876,0.744628,1.405201
533,0.754693,0.468646
939,0.771952,0.776955
166,0.825258,2.120016
599,0.893615,1.738405
Average Cost: 8.856000
Accuracy: 96.500000
Accuracy 0: 100.000000
Cost 0: 6.000000
Accuracy 1: 100.000000
Cost 1: 6.000000
Accuracy 2: 100.000000
Cost 2: 6.000000
Accuracy 3: 100.000000
Cost 3: 6.000000
Accuracy 4: 100.000000
Cost 4: 6.000000
Accuracy 5: 100.000000
Cost 5: 6.000000
Accuracy 6: 100.000000
Cost 6: 6.000000
Accuracy 7: 100.000000
Cost 7: 6.000000
Accuracy 8: 100.000000
Cost 8: 6.000000
Accuracy 9: 100.000000
Cost 9: 6.000000
