Number of Worker Pools: 1
Number of Workers in Pool 1: 1000
Original mean,standardDev for Pool 1: 4.000000,0.300000
Number of Workers in Pool 2: 1000
Original mean,standardDev for Pool 2: 3.500000,0.200000
Number of Problems: 1000
ProblemNo,Answer,TrueAnswer,Cost,Difficulty,TrueDifficulty
0,1,1,8.000000,0.700000,0.500000
1,1,1,8.000000,0.700000,0.500000
2,1,1,7.000000,0.300000,0.500000
3,1,1,7.000000,0.300000,0.500000
4,1,1,9.000000,0.500000,0.500000
5,1,1,7.000000,0.300000,0.500000
6,1,1,7.000000,0.300000,0.500000
7,0,1,12.000000,0.700000,0.500000
8,1,1,9.000000,0.500000,0.500000
9,1,1,9.000000,0.500000,0.500000
10,1,1,8.000000,0.500000,0.500000
11,1,1,6.000000,0.000000,0.500000
12,1,1,8.000000,0.500000,0.500000
13,1,1,12.000000,0.900000,0.500000
14,1,1,22.000000,1.000000,0.500000
15,1,1,12.000000,0.800000,0.500000
16,1,1,8.000000,0.500000,0.500000
17,1,1,7.000000,0.300000,0.500000
18,1,1,11.000000,0.700000,0.500000
19,1,1,8.000000,0.500000,0.500000
20,1,1,7.000000,0.300000,0.500000
21,1,1,6.000000,0.000000,0.500000
22,0,1,9.000000,0.900000,0.500000
23,1,1,8.000000,0.700000,0.500000
24,1,1,18.000000,1.000000,0.500000
25,1,1,20.000000,1.000000,0.500000
26,1,1,12.000000,0.900000,0.500000
27,1,1,8.000000,0.500000,0.500000
28,1,1,8.000000,0.700000,0.500000
29,1,1,12.000000,0.800000,0.500000
30,1,1,18.000000,0.900000,0.500000
31,1,1,10.000000,0.900000,0.500000
32,1,1,7.000000,0.300000,0.500000
33,1,1,9.000000,0.500000,0.500000
34,1,1,12.000000,0.900000,0.500000
35,1,1,6.000000,0.000000,0.500000
36,1,1,19.000000,1.000000,0.500000
37,1,1,8.000000,0.700000,0.500000
38,1,1,9.000000,0.500000,0.500000
39,1,1,6.000000,0.000000,0.500000
40,1,1,7.000000,0.300000,0.500000
41,1,1,7.000000,0.300000,0.500000
42,1,1,10.000000,0.400000,0.500000
43,1,1,7.000000,0.300000,0.500000
44,1,1,10.000000,0.700000,0.500000
45,1,1,8.000000,0.500000,0.500000
46,1,1,16.000000,0.900000,0.500000
47,1,1,12.000000,0.900000,0.500000
48,1,1,8.000000,0.500000,0.500000
49,1,1,11.000000,0.800000,0.500000
50,1,1,9.000000,0.700000,0.500000
51,1,1,11.000000,0.900000,0.500000
52,1,1,7.000000,0.300000,0.500000
53,1,1,12.000000,0.600000,0.500000
54,1,1,7.000000,0.300000,0.500000
55,1,1,10.000000,0.400000,0.500000
56,1,1,8.000000,0.500000,0.500000
57,1,1,10.000000,0.700000,0.500000
58,1,1,7.000000,0.300000,0.500000
59,1,1,8.000000,0.700000,0.500000
60,1,1,7.000000,0.300000,0.500000
61,1,1,11.000000,0.600000,0.500000
62,1,1,6.000000,0.000000,0.500000
63,1,1,10.000000,0.900000,0.500000
64,1,1,8.000000,0.700000,0.500000
65,1,1,12.000000,0.800000,0.500000
66,1,1,7.000000,0.300000,0.500000
67,1,1,8.000000,0.700000,0.500000
68,1,1,13.000000,1.000000,0.500000
69,1,1,8.000000,0.500000,0.500000
70,1,1,8.000000,0.500000,0.500000
71,1,1,6.000000,0.000000,0.500000
72,1,1,10.000000,0.700000,0.500000
73,1,1,8.000000,0.800000,0.500000
74,0,1,10.000000,0.800000,0.500000
75,1,1,8.000000,0.500000,0.500000
76,1,1,12.000000,0.700000,0.500000
77,1,1,11.000000,0.800000,0.500000
78,1,1,14.000000,0.800000,0.500000
79,1,1,6.000000,0.000000,0.500000
80,1,1,9.000000,0.800000,0.500000
81,1,1,7.000000,0.300000,0.500000
82,1,1,7.000000,0.300000,0.500000
83,1,1,7.000000,0.300000,0.500000
84,1,1,6.000000,0.000000,0.500000
85,0,1,6.000000,0.000000,0.500000
86,1,1,16.000000,0.900000,0.500000
87,1,1,7.000000,0.300000,0.500000
88,1,1,9.000000,0.800000,0.500000
89,1,1,8.000000,0.500000,0.500000
90,1,1,7.000000,0.300000,0.500000
91,1,1,12.000000,0.600000,0.500000
92,1,1,7.000000,0.300000,0.500000
93,1,1,8.000000,0.700000,0.500000
94,1,1,7.000000,0.600000,0.500000
95,1,1,6.000000,0.000000,0.500000
96,1,1,8.000000,0.500000,0.500000
97,1,1,8.000000,0.500000,0.500000
98,1,1,8.000000,0.800000,0.500000
99,1,1,10.000000,0.400000,0.500000
100,1,1,8.000000,0.500000,0.500000
101,1,1,9.000000,0.500000,0.500000
102,1,1,6.000000,0.000000,0.500000
103,1,1,7.000000,0.300000,0.500000
104,1,1,9.000000,0.800000,0.500000
105,1,1,8.000000,0.500000,0.500000
106,1,1,6.000000,0.000000,0.500000
107,1,1,8.000000,0.500000,0.500000
108,1,1,8.000000,0.500000,0.500000
109,1,1,7.000000,0.300000,0.500000
110,1,1,8.000000,0.500000,0.500000
111,1,1,9.000000,0.500000,0.500000
112,1,1,6.000000,0.000000,0.500000
113,1,1,11.000000,0.700000,0.500000
114,1,1,7.000000,0.300000,0.500000
115,1,1,11.000000,0.600000,0.500000
116,1,1,7.000000,0.300000,0.500000
117,1,1,7.000000,0.300000,0.500000
118,1,1,8.000000,0.500000,0.500000
119,1,1,11.000000,0.700000,0.500000
120,1,1,8.000000,0.500000,0.500000
121,1,1,11.000000,0.900000,0.500000
122,1,1,7.000000,0.300000,0.500000
123,1,1,17.000000,1.000000,0.500000
124,1,1,7.000000,0.300000,0.500000
125,1,1,7.000000,0.300000,0.500000
126,1,1,6.000000,0.000000,0.500000
127,1,1,6.000000,0.000000,0.500000
128,1,1,6.000000,0.000000,0.500000
129,1,1,6.000000,0.000000,0.500000
130,1,1,22.000000,1.000000,0.500000
131,1,1,8.000000,0.500000,0.500000
132,1,1,9.000000,0.500000,0.500000
133,1,1,7.000000,0.300000,0.500000
134,1,1,7.000000,0.300000,0.500000
135,1,1,6.000000,0.000000,0.500000
136,1,1,11.000000,0.900000,0.500000
137,1,1,10.000000,0.400000,0.500000
138,1,1,9.000000,0.600000,0.500000
139,1,1,7.000000,0.300000,0.500000
140,1,1,10.000000,0.700000,0.500000
141,1,1,6.000000,0.000000,0.500000
142,1,1,10.000000,0.900000,0.500000
143,1,1,6.000000,0.000000,0.500000
144,1,1,6.000000,0.000000,0.500000
145,1,1,7.000000,0.300000,0.500000
146,1,1,8.000000,0.800000,0.500000
147,1,1,8.000000,0.500000,0.500000
148,1,1,15.000000,0.900000,0.500000
149,1,1,7.000000,0.300000,0.500000
150,1,1,7.000000,0.300000,0.500000
151,1,1,8.000000,0.500000,0.500000
152,1,1,8.000000,0.500000,0.500000
153,1,1,6.000000,0.000000,0.500000
154,1,1,15.000000,1.000000,0.500000
155,1,1,6.000000,0.000000,0.500000
156,1,1,8.000000,0.500000,0.500000
157,1,1,7.000000,0.300000,0.500000
158,1,1,7.000000,0.300000,0.500000
159,1,1,16.000000,0.900000,0.500000
160,1,1,10.000000,0.700000,0.500000
161,1,1,19.000000,1.000000,0.500000
162,1,1,6.000000,0.000000,0.500000
163,1,1,8.000000,0.500000,0.500000
164,1,1,7.000000,0.300000,0.500000
165,1,1,7.000000,0.300000,0.500000
166,1,1,10.000000,0.700000,0.500000
167,1,1,7.000000,0.300000,0.500000
168,1,1,14.000000,0.900000,0.500000
169,1,1,8.000000,0.500000,0.500000
170,1,1,12.000000,0.900000,0.500000
171,1,1,8.000000,0.500000,0.500000
172,1,1,8.000000,0.500000,0.500000
173,1,1,11.000000,0.800000,0.500000
174,1,1,9.000000,0.800000,0.500000
175,1,1,8.000000,0.500000,0.500000
176,1,1,7.000000,0.300000,0.500000
177,1,1,6.000000,0.000000,0.500000
178,1,1,19.000000,1.000000,0.500000
179,1,1,7.000000,0.300000,0.500000
180,1,1,7.000000,0.600000,0.500000
181,1,1,14.000000,0.900000,0.500000
182,1,1,7.000000,0.300000,0.500000
183,1,1,8.000000,0.500000,0.500000
184,1,1,11.000000,0.800000,0.500000
185,1,1,8.000000,0.500000,0.500000
186,1,1,8.000000,0.500000,0.500000
187,1,1,7.000000,0.300000,0.500000
188,1,1,10.000000,0.700000,0.500000
189,1,1,10.000000,0.500000,0.500000
190,1,1,7.000000,0.300000,0.500000
191,1,1,7.000000,0.300000,0.500000
192,1,1,7.000000,0.300000,0.500000
193,1,1,21.000000,0.900000,0.500000
194,0,1,9.000000,0.700000,0.500000
195,1,1,8.000000,0.500000,0.500000
196,1,1,8.000000,0.800000,0.500000
197,1,1,7.000000,0.300000,0.500000
198,1,1,14.000000,0.900000,0.500000
199,1,1,6.000000,0.000000,0.500000
200,1,1,6.000000,0.000000,0.500000
201,1,1,8.000000,0.500000,0.500000
202,1,1,12.000000,0.800000,0.500000
203,1,1,6.000000,0.000000,0.500000
204,1,1,13.000000,0.800000,0.500000
205,1,1,10.000000,0.700000,0.500000
206,1,1,8.000000,0.500000,0.500000
207,1,1,16.000000,0.900000,0.500000
208,1,1,8.000000,0.500000,0.500000
209,1,1,7.000000,0.300000,0.500000
210,1,1,7.000000,0.300000,0.500000
211,1,1,7.000000,0.300000,0.500000
212,1,1,15.000000,0.900000,0.500000
213,1,1,18.000000,0.900000,0.500000
214,1,1,10.000000,0.700000,0.500000
215,1,1,6.000000,0.000000,0.500000
216,1,1,7.000000,0.300000,0.500000
217,1,1,8.000000,0.500000,0.500000
218,1,1,10.000000,0.400000,0.500000
219,1,1,8.000000,0.700000,0.500000
220,1,1,10.000000,0.400000,0.500000
221,1,1,9.000000,0.500000,0.500000
222,1,1,7.000000,0.300000,0.500000
223,1,1,7.000000,0.600000,0.500000
224,0,1,15.000000,0.900000,0.500000
225,1,1,7.000000,0.300000,0.500000
226,1,1,13.000000,0.800000,0.500000
227,1,1,6.000000,0.000000,0.500000
228,1,1,8.000000,0.500000,0.500000
229,1,1,7.000000,0.300000,0.500000
230,1,1,7.000000,0.300000,0.500000
231,1,1,6.000000,0.000000,0.500000
232,1,1,11.000000,0.600000,0.500000
233,1,1,8.000000,0.500000,0.500000
234,1,1,9.000000,0.500000,0.500000
235,1,1,6.000000,0.000000,0.500000
236,1,1,8.000000,0.500000,0.500000
237,1,1,7.000000,0.300000,0.500000
238,0,1,9.000000,0.900000,0.500000
239,1,1,10.000000,0.700000,0.500000
240,1,1,8.000000,0.500000,0.500000
241,1,1,6.000000,0.000000,0.500000
242,1,1,7.000000,0.300000,0.500000
243,1,1,6.000000,0.000000,0.500000
244,1,1,7.000000,0.300000,0.500000
245,1,1,7.000000,0.300000,0.500000
246,1,1,8.000000,0.700000,0.500000
247,1,1,11.000000,0.700000,0.500000
248,1,1,6.000000,0.000000,0.500000
249,1,1,15.000000,0.900000,0.500000
250,1,1,8.000000,0.500000,0.500000
251,1,1,9.000000,0.700000,0.500000
252,1,1,6.000000,0.000000,0.500000
253,1,1,12.000000,0.600000,0.500000
254,1,1,10.000000,0.700000,0.500000
255,1,1,7.000000,0.300000,0.500000
256,1,1,8.000000,0.500000,0.500000
257,1,1,7.000000,0.300000,0.500000
258,1,1,8.000000,0.500000,0.500000
259,1,1,8.000000,0.500000,0.500000
260,1,1,11.000000,0.900000,0.500000
261,1,1,8.000000,0.500000,0.500000
262,1,1,7.000000,0.300000,0.500000
263,1,1,8.000000,0.500000,0.500000
264,1,1,8.000000,0.800000,0.500000
265,1,1,8.000000,0.500000,0.500000
266,1,1,8.000000,0.500000,0.500000
267,1,1,7.000000,0.300000,0.500000
268,1,1,6.000000,0.000000,0.500000
269,1,1,18.000000,1.000000,0.500000
270,1,1,8.000000,0.500000,0.500000
271,1,1,17.000000,0.900000,0.500000
272,1,1,14.000000,0.900000,0.500000
273,1,1,8.000000,0.500000,0.500000
274,1,1,11.000000,0.900000,0.500000
275,1,1,8.000000,0.500000,0.500000
276,1,1,9.000000,0.700000,0.500000
277,1,1,6.000000,0.000000,0.500000
278,1,1,7.000000,0.300000,0.500000
279,1,1,11.000000,0.600000,0.500000
280,1,1,6.000000,0.000000,0.500000
281,1,1,9.000000,0.700000,0.500000
282,1,1,8.000000,0.700000,0.500000
283,1,1,8.000000,0.500000,0.500000
284,1,1,6.000000,0.000000,0.500000
285,1,1,8.000000,0.500000,0.500000
286,1,1,8.000000,0.500000,0.500000
287,1,1,7.000000,0.300000,0.500000
288,1,1,8.000000,0.500000,0.500000
289,1,1,13.000000,0.900000,0.500000
290,1,1,6.000000,0.000000,0.500000
291,1,1,6.000000,0.000000,0.500000
292,1,1,7.000000,0.300000,0.500000
293,1,1,6.000000,0.000000,0.500000
294,1,1,8.000000,0.500000,0.500000
295,1,1,15.000000,0.800000,0.500000
296,1,1,19.000000,1.000000,0.500000
297,1,1,15.000000,0.900000,0.500000
298,1,1,8.000000,0.800000,0.500000
299,1,1,8.000000,0.500000,0.500000
300,1,1,6.000000,0.000000,0.500000
301,1,1,9.000000,0.700000,0.500000
302,1,1,7.000000,0.300000,0.500000
303,1,1,8.000000,0.800000,0.500000
304,1,1,8.000000,0.500000,0.500000
305,1,1,7.000000,0.300000,0.500000
306,1,1,8.000000,0.700000,0.500000
307,1,1,6.000000,0.000000,0.500000
308,1,1,13.000000,0.900000,0.500000
309,1,1,11.000000,0.600000,0.500000
310,1,1,15.000000,0.900000,0.500000
311,1,1,11.000000,1.000000,0.500000
312,1,1,9.000000,0.500000,0.500000
313,1,1,6.000000,0.000000,0.500000
314,1,1,8.000000,0.900000,0.500000
315,1,1,7.000000,0.300000,0.500000
316,1,1,10.000000,0.700000,0.500000
317,1,1,7.000000,0.300000,0.500000
318,1,1,9.000000,0.700000,0.500000
319,1,1,7.000000,0.300000,0.500000
320,1,1,10.000000,0.700000,0.500000
321,1,1,12.000000,0.800000,0.500000
322,1,1,12.000000,0.600000,0.500000
323,1,1,10.000000,0.700000,0.500000
324,1,1,8.000000,0.500000,0.500000
325,1,1,7.000000,0.300000,0.500000
326,1,1,7.000000,0.300000,0.500000
327,1,1,7.000000,0.300000,0.500000
328,1,1,12.000000,0.800000,0.500000
329,1,1,11.000000,0.800000,0.500000
330,1,1,8.000000,0.500000,0.500000
331,1,1,7.000000,0.300000,0.500000
332,1,1,6.000000,0.000000,0.500000
333,1,1,6.000000,0.000000,0.500000
334,1,1,14.000000,1.000000,0.500000
335,1,1,6.000000,0.000000,0.500000
336,1,1,8.000000,0.500000,0.500000
337,1,1,7.000000,0.300000,0.500000
338,1,1,9.000000,0.700000,0.500000
339,1,1,14.000000,0.900000,0.500000
340,1,1,7.000000,0.300000,0.500000
341,1,1,7.000000,0.300000,0.500000
342,1,1,6.000000,0.000000,0.500000
343,1,1,8.000000,0.800000,0.500000
344,1,1,10.000000,0.700000,0.500000
345,1,1,7.000000,0.300000,0.500000
346,1,1,9.000000,0.700000,0.500000
347,1,1,7.000000,0.300000,0.500000
348,1,1,9.000000,0.800000,0.500000
349,1,1,8.000000,0.700000,0.500000
350,1,1,7.000000,0.300000,0.500000
351,1,1,7.000000,0.300000,0.500000
352,1,1,7.000000,0.300000,0.500000
353,1,1,9.000000,0.500000,0.500000
354,1,1,13.000000,0.800000,0.500000
355,0,1,19.000000,0.900000,0.500000
356,1,1,8.000000,0.500000,0.500000
357,1,1,7.000000,0.300000,0.500000
358,1,1,8.000000,0.500000,0.500000
359,1,1,6.000000,0.000000,0.500000
360,1,1,6.000000,0.000000,0.500000
361,1,1,7.000000,0.300000,0.500000
362,1,1,10.000000,0.400000,0.500000
363,1,1,8.000000,0.500000,0.500000
364,1,1,7.000000,0.300000,0.500000
365,1,1,9.000000,0.700000,0.500000
366,1,1,8.000000,0.500000,0.500000
367,1,1,8.000000,0.500000,0.500000
368,1,1,13.000000,0.800000,0.500000
369,1,1,8.000000,0.900000,0.500000
370,1,1,10.000000,0.700000,0.500000
371,1,1,7.000000,0.300000,0.500000
372,1,1,10.000000,0.700000,0.500000
373,1,1,7.000000,0.300000,0.500000
374,1,1,8.000000,0.500000,0.500000
375,1,1,6.000000,0.000000,0.500000
376,1,1,7.000000,0.300000,0.500000
377,1,1,6.000000,0.000000,0.500000
378,1,1,6.000000,0.000000,0.500000
379,1,1,10.000000,0.700000,0.500000
380,1,1,9.000000,0.500000,0.500000
381,1,1,6.000000,0.000000,0.500000
382,1,1,8.000000,0.500000,0.500000
383,1,1,8.000000,0.500000,0.500000
384,1,1,8.000000,0.500000,0.500000
385,1,1,8.000000,0.500000,0.500000
386,1,1,8.000000,0.500000,0.500000
387,1,1,22.000000,1.000000,0.500000
388,1,1,8.000000,0.500000,0.500000
389,1,1,9.000000,0.500000,0.500000
390,1,1,11.000000,0.800000,0.500000
391,1,1,9.000000,0.500000,0.500000
392,1,1,13.000000,0.800000,0.500000
393,1,1,8.000000,0.500000,0.500000
394,1,1,7.000000,0.300000,0.500000
395,1,1,6.000000,0.000000,0.500000
396,1,1,8.000000,0.500000,0.500000
397,1,1,8.000000,0.500000,0.500000
398,1,1,7.000000,0.300000,0.500000
399,1,1,14.000000,0.800000,0.500000
400,1,1,7.000000,0.300000,0.500000
401,1,1,7.000000,0.300000,0.500000
402,1,1,6.000000,0.000000,0.500000
403,1,1,12.000000,0.800000,0.500000
404,1,1,16.000000,0.900000,0.500000
405,1,1,7.000000,0.300000,0.500000
406,1,1,13.000000,0.900000,0.500000
407,1,1,8.000000,0.800000,0.500000
408,1,1,8.000000,0.500000,0.500000
409,1,1,7.000000,0.300000,0.500000
410,1,1,10.000000,0.700000,0.500000
411,1,1,8.000000,0.500000,0.500000
412,1,1,12.000000,0.800000,0.500000
413,1,1,15.000000,0.900000,0.500000
414,1,1,7.000000,0.300000,0.500000
415,1,1,9.000000,0.800000,0.500000
416,1,1,13.000000,1.000000,0.500000
417,1,1,9.000000,0.800000,0.500000
418,1,1,8.000000,0.500000,0.500000
419,1,1,14.000000,0.900000,0.500000
420,1,1,7.000000,0.300000,0.500000
421,1,1,6.000000,0.000000,0.500000
422,1,1,15.000000,0.800000,0.500000
423,1,1,10.000000,0.500000,0.500000
424,0,1,9.000000,0.800000,0.500000
425,1,1,6.000000,0.000000,0.500000
426,1,1,6.000000,0.000000,0.500000
427,1,1,6.000000,0.000000,0.500000
428,1,1,6.000000,0.000000,0.500000
429,1,1,10.000000,0.700000,0.500000
430,1,1,7.000000,0.300000,0.500000
431,1,1,15.000000,0.900000,0.500000
432,1,1,7.000000,0.300000,0.500000
433,1,1,8.000000,0.700000,0.500000
434,1,1,8.000000,0.500000,0.500000
435,1,1,7.000000,0.300000,0.500000
436,1,1,7.000000,0.300000,0.500000
437,1,1,10.000000,0.700000,0.500000
438,1,1,7.000000,0.300000,0.500000
439,1,1,7.000000,0.300000,0.500000
440,1,1,7.000000,0.300000,0.500000
441,1,1,10.000000,0.700000,0.500000
442,1,1,7.000000,0.300000,0.500000
443,1,1,9.000000,0.800000,0.500000
444,1,1,6.000000,0.000000,0.500000
445,0,1,9.000000,0.700000,0.500000
446,1,1,7.000000,0.300000,0.500000
447,1,1,7.000000,0.300000,0.500000
448,1,1,9.000000,0.800000,0.500000
449,1,1,9.000000,0.800000,0.500000
450,1,1,9.000000,0.700000,0.500000
451,1,1,14.000000,0.900000,0.500000
452,1,1,14.000000,0.900000,0.500000
453,1,1,20.000000,1.000000,0.500000
454,1,1,8.000000,0.500000,0.500000
455,1,1,8.000000,0.500000,0.500000
456,1,1,7.000000,0.300000,0.500000
457,1,1,7.000000,0.300000,0.500000
458,1,1,7.000000,0.300000,0.500000
459,1,1,7.000000,0.600000,0.500000
460,1,1,6.000000,0.000000,0.500000
461,1,1,12.000000,0.800000,0.500000
462,1,1,9.000000,0.700000,0.500000
463,1,1,8.000000,0.800000,0.500000
464,1,1,7.000000,0.300000,0.500000
465,1,1,8.000000,0.700000,0.500000
466,1,1,12.000000,0.800000,0.500000
467,1,1,6.000000,0.000000,0.500000
468,1,1,6.000000,0.000000,0.500000
469,1,1,14.000000,0.900000,0.500000
470,1,1,8.000000,0.500000,0.500000
471,1,1,8.000000,0.800000,0.500000
472,1,1,15.000000,0.900000,0.500000
473,1,1,11.000000,0.600000,0.500000
474,1,1,11.000000,0.800000,0.500000
475,1,1,7.000000,0.300000,0.500000
476,1,1,9.000000,0.800000,0.500000
477,1,1,12.000000,0.800000,0.500000
478,1,1,7.000000,0.300000,0.500000
479,1,1,10.000000,0.400000,0.500000
480,1,1,6.000000,0.000000,0.500000
481,1,1,8.000000,0.500000,0.500000
482,1,1,7.000000,0.300000,0.500000
483,1,1,12.000000,0.900000,0.500000
484,1,1,9.000000,0.500000,0.500000
485,1,1,12.000000,0.900000,0.500000
486,1,1,15.000000,0.800000,0.500000
487,1,1,8.000000,0.500000,0.500000
488,1,1,6.000000,0.000000,0.500000
489,1,1,7.000000,0.300000,0.500000
490,1,1,10.000000,0.700000,0.500000
491,1,1,6.000000,0.000000,0.500000
492,1,1,9.000000,0.500000,0.500000
493,1,1,8.000000,0.500000,0.500000
494,1,1,16.000000,0.900000,0.500000
495,1,1,8.000000,0.700000,0.500000
496,1,1,13.000000,0.900000,0.500000
497,1,1,9.000000,0.500000,0.500000
498,1,1,8.000000,0.500000,0.500000
499,1,1,10.000000,0.800000,0.500000
500,1,1,9.000000,0.800000,0.500000
501,1,1,7.000000,0.300000,0.500000
502,1,1,12.000000,0.800000,0.500000
503,0,0,8.000000,0.200000,0.500000
504,1,1,7.000000,0.300000,0.500000
505,1,1,7.000000,0.300000,0.500000
506,1,1,8.000000,0.500000,0.500000
507,1,1,10.000000,0.700000,0.500000
508,0,0,6.000000,0.000000,0.500000
509,1,1,7.000000,0.300000,0.500000
510,1,1,7.000000,0.300000,0.500000
511,1,1,6.000000,0.000000,0.500000
512,1,1,9.000000,0.800000,0.500000
513,1,1,7.000000,0.300000,0.500000
514,0,1,8.000000,0.800000,0.500000
515,1,1,9.000000,0.500000,0.500000
516,1,1,9.000000,0.800000,0.500000
517,1,1,9.000000,0.500000,0.500000
518,1,1,6.000000,0.000000,0.500000
519,1,1,7.000000,0.300000,0.500000
520,1,1,8.000000,0.500000,0.500000
521,1,1,8.000000,0.700000,0.500000
522,1,1,10.000000,0.900000,0.500000
523,1,1,7.000000,0.300000,0.500000
524,1,1,9.000000,0.500000,0.500000
525,1,1,11.000000,0.800000,0.500000
526,1,1,12.000000,0.900000,0.500000
527,1,1,6.000000,0.000000,0.500000
528,1,1,14.000000,0.900000,0.500000
529,1,1,9.000000,0.500000,0.500000
530,1,1,6.000000,0.000000,0.500000
531,1,1,7.000000,0.300000,0.500000
532,1,1,10.000000,0.700000,0.500000
533,1,1,9.000000,0.700000,0.500000
534,1,1,9.000000,0.700000,0.500000
535,1,1,10.000000,0.700000,0.500000
536,1,1,7.000000,0.300000,0.500000
537,1,1,6.000000,0.000000,0.500000
538,1,1,6.000000,0.000000,0.500000
539,0,1,10.000000,0.800000,0.500000
540,1,1,11.000000,0.600000,0.500000
541,1,1,10.000000,0.400000,0.500000
542,1,1,7.000000,0.300000,0.500000
543,1,1,8.000000,0.500000,0.500000
544,1,1,6.000000,0.000000,0.500000
545,1,1,6.000000,0.000000,0.500000
546,1,1,11.000000,0.800000,0.500000
547,1,1,6.000000,0.000000,0.500000
548,1,1,6.000000,0.000000,0.500000
549,1,1,8.000000,0.500000,0.500000
550,1,1,7.000000,0.600000,0.500000
551,1,1,7.000000,0.300000,0.500000
552,1,1,7.000000,0.300000,0.500000
553,1,1,8.000000,0.500000,0.500000
554,1,1,11.000000,0.900000,0.500000
555,1,1,12.000000,0.800000,0.500000
556,1,1,6.000000,0.000000,0.500000
557,1,1,6.000000,0.000000,0.500000
558,1,1,16.000000,0.900000,0.500000
559,1,1,6.000000,0.000000,0.500000
560,0,1,10.000000,0.800000,0.500000
561,1,1,7.000000,0.300000,0.500000
562,1,1,7.000000,0.300000,0.500000
563,1,1,8.000000,0.500000,0.500000
564,1,1,7.000000,0.300000,0.500000
565,1,1,8.000000,0.500000,0.500000
566,1,1,8.000000,0.500000,0.500000
567,1,1,9.000000,0.900000,0.500000
568,1,1,10.000000,0.700000,0.500000
569,1,1,13.000000,0.700000,0.500000
570,1,1,6.000000,0.000000,0.500000
571,1,1,13.000000,0.800000,0.500000
572,1,1,9.000000,0.700000,0.500000
573,1,1,8.000000,0.700000,0.500000
574,1,1,7.000000,0.300000,0.500000
575,1,1,17.000000,0.900000,0.500000
576,1,1,7.000000,0.300000,0.500000
577,1,1,7.000000,0.300000,0.500000
578,1,1,8.000000,0.500000,0.500000
579,1,1,8.000000,0.700000,0.500000
580,1,1,11.000000,0.600000,0.500000
581,1,1,8.000000,0.700000,0.500000
582,1,1,8.000000,0.500000,0.500000
583,1,1,16.000000,0.900000,0.500000
584,1,1,10.000000,0.900000,0.500000
585,1,1,13.000000,0.900000,0.500000
586,1,1,8.000000,0.500000,0.500000
587,1,1,7.000000,0.300000,0.500000
588,1,1,10.000000,0.900000,0.500000
589,1,1,9.000000,0.500000,0.500000
590,1,1,8.000000,0.600000,0.500000
591,1,1,7.000000,0.300000,0.500000
592,1,1,9.000000,0.500000,0.500000
593,1,1,8.000000,0.500000,0.500000
594,1,1,8.000000,0.500000,0.500000
595,1,1,7.000000,0.300000,0.500000
596,1,1,8.000000,0.500000,0.500000
597,1,1,7.000000,0.300000,0.500000
598,1,1,10.000000,0.700000,0.500000
599,1,1,11.000000,0.700000,0.500000
600,1,1,16.000000,1.000000,0.500000
601,1,1,10.000000,0.900000,0.500000
602,1,1,7.000000,0.300000,0.500000
603,1,1,10.000000,0.400000,0.500000
604,1,1,8.000000,0.700000,0.500000
605,1,1,17.000000,0.900000,0.500000
606,1,1,8.000000,0.500000,0.500000
607,1,1,7.000000,0.300000,0.500000
608,1,1,7.000000,0.300000,0.500000
609,1,1,6.000000,0.000000,0.500000
610,1,1,6.000000,0.000000,0.500000
611,1,1,7.000000,0.300000,0.500000
612,1,1,6.000000,0.000000,0.500000
613,1,1,8.000000,0.500000,0.500000
614,1,1,7.000000,0.300000,0.500000
615,1,1,8.000000,0.500000,0.500000
616,1,1,9.000000,0.800000,0.500000
617,1,1,6.000000,0.000000,0.500000
618,1,1,12.000000,0.800000,0.500000
619,1,1,12.000000,0.900000,0.500000
620,1,1,6.000000,0.000000,0.500000
621,1,1,7.000000,0.300000,0.500000
622,1,1,7.000000,0.300000,0.500000
623,1,1,18.000000,1.000000,0.500000
624,1,1,8.000000,0.500000,0.500000
625,1,1,6.000000,0.000000,0.500000
626,1,1,8.000000,0.500000,0.500000
627,1,1,8.000000,0.500000,0.500000
628,1,1,10.000000,0.900000,0.500000
629,1,1,7.000000,0.300000,0.500000
630,1,1,8.000000,0.600000,0.500000
631,1,1,6.000000,0.000000,0.500000
632,1,1,7.000000,0.300000,0.500000
633,1,1,8.000000,0.500000,0.500000
634,1,1,7.000000,0.300000,0.500000
635,1,1,8.000000,0.500000,0.500000
636,1,1,7.000000,0.300000,0.500000
637,1,1,8.000000,0.900000,0.500000
638,1,1,9.000000,0.500000,0.500000
639,1,1,9.000000,0.500000,0.500000
640,1,1,8.000000,0.500000,0.500000
641,1,1,11.000000,0.900000,0.500000
642,1,1,6.000000,0.000000,0.500000
643,1,1,6.000000,0.000000,0.500000
644,1,1,6.000000,0.000000,0.500000
645,1,1,6.000000,0.000000,0.500000
646,1,1,12.000000,0.600000,0.500000
647,1,1,7.000000,0.300000,0.500000
648,1,1,7.000000,0.300000,0.500000
649,1,1,6.000000,0.000000,0.500000
650,1,1,10.000000,0.900000,0.500000
651,1,1,10.000000,0.700000,0.500000
652,1,1,8.000000,0.500000,0.500000
653,1,1,7.000000,0.300000,0.500000
654,1,1,7.000000,0.300000,0.500000
655,1,1,7.000000,0.300000,0.500000
656,1,1,7.000000,0.300000,0.500000
657,1,1,11.000000,0.800000,0.500000
658,1,1,8.000000,0.800000,0.500000
659,1,1,11.000000,0.800000,0.500000
660,1,1,8.000000,0.500000,0.500000
661,1,1,11.000000,0.800000,0.500000
662,1,1,14.000000,0.900000,0.500000
663,1,1,11.000000,0.900000,0.500000
664,1,1,6.000000,0.000000,0.500000
665,1,1,12.000000,0.800000,0.500000
666,1,1,6.000000,0.000000,0.500000
667,1,1,12.000000,0.800000,0.500000
668,1,1,7.000000,0.300000,0.500000
669,1,1,8.000000,0.500000,0.500000
670,0,0,13.000000,0.900000,0.500000
671,1,1,7.000000,0.300000,0.500000
672,1,1,15.000000,0.900000,0.500000
673,1,1,8.000000,0.500000,0.500000
674,1,1,15.000000,0.900000,0.500000
675,1,1,7.000000,0.300000,0.500000
676,1,1,7.000000,0.300000,0.500000
677,1,1,15.000000,0.700000,0.500000
678,1,1,8.000000,0.500000,0.500000
679,1,1,7.000000,0.300000,0.500000
680,1,1,7.000000,0.300000,0.500000
681,1,1,14.000000,1.000000,0.500000
682,1,1,7.000000,0.300000,0.500000
683,1,1,6.000000,0.000000,0.500000
684,1,1,11.000000,0.700000,0.500000
685,1,1,12.000000,0.900000,0.500000
686,1,1,8.000000,0.700000,0.500000
687,1,1,8.000000,0.500000,0.500000
688,1,1,10.000000,0.400000,0.500000
689,1,1,7.000000,0.300000,0.500000
690,1,1,13.000000,0.900000,0.500000
691,1,1,6.000000,0.000000,0.500000
692,1,1,8.000000,0.800000,0.500000
693,1,1,7.000000,0.300000,0.500000
694,1,1,11.000000,0.600000,0.500000
695,1,1,7.000000,0.300000,0.500000
696,1,1,7.000000,0.300000,0.500000
697,1,1,10.000000,0.700000,0.500000
698,1,1,7.000000,0.300000,0.500000
699,0,0,8.000000,0.300000,0.500000
700,1,1,6.000000,0.000000,0.500000
701,0,0,7.000000,0.300000,0.500000
702,1,1,8.000000,0.900000,0.500000
703,1,1,7.000000,0.300000,0.500000
704,1,1,18.000000,0.900000,0.500000
705,1,1,7.000000,0.300000,0.500000
706,1,1,8.000000,0.500000,0.500000
707,1,1,7.000000,0.300000,0.500000
708,1,1,10.000000,0.700000,0.500000
709,1,1,8.000000,0.500000,0.500000
710,1,1,9.000000,0.500000,0.500000
711,1,1,7.000000,0.300000,0.500000
712,1,1,6.000000,0.000000,0.500000
713,1,1,10.000000,0.700000,0.500000
714,1,1,8.000000,0.500000,0.500000
715,0,1,11.000000,0.600000,0.500000
716,1,1,9.000000,0.500000,0.500000
717,1,1,6.000000,0.000000,0.500000
718,1,1,7.000000,0.300000,0.500000
719,1,1,7.000000,0.300000,0.500000
720,1,1,6.000000,0.000000,0.500000
721,1,1,8.000000,0.500000,0.500000
722,1,1,8.000000,0.500000,0.500000
723,1,1,8.000000,0.500000,0.500000
724,1,1,6.000000,0.000000,0.500000
725,1,1,12.000000,0.900000,0.500000
726,1,1,8.000000,0.500000,0.500000
727,1,1,8.000000,0.500000,0.500000
728,1,1,6.000000,0.000000,0.500000
729,1,1,10.000000,0.400000,0.500000
730,1,1,7.000000,0.300000,0.500000
731,1,1,6.000000,0.000000,0.500000
732,1,1,7.000000,0.300000,0.500000
733,1,1,10.000000,0.700000,0.500000
734,1,1,14.000000,0.900000,0.500000
735,1,1,10.000000,0.900000,0.500000
736,1,1,12.000000,0.800000,0.500000
737,1,1,8.000000,0.800000,0.500000
738,1,1,7.000000,0.300000,0.500000
739,1,1,7.000000,0.300000,0.500000
740,1,1,7.000000,0.300000,0.500000
741,1,1,10.000000,0.900000,0.500000
742,1,1,6.000000,0.000000,0.500000
743,1,1,17.000000,0.900000,0.500000
744,1,1,10.000000,0.700000,0.500000
745,1,1,8.000000,0.700000,0.500000
746,1,1,12.000000,0.900000,0.500000
747,1,1,6.000000,0.000000,0.500000
748,1,1,7.000000,0.300000,0.500000
749,1,1,15.000000,0.900000,0.500000
750,1,1,8.000000,0.500000,0.500000
751,1,1,7.000000,0.300000,0.500000
752,1,1,8.000000,0.500000,0.500000
753,1,1,10.000000,0.700000,0.500000
754,1,1,7.000000,0.300000,0.500000
755,1,1,8.000000,0.700000,0.500000
756,1,1,11.000000,0.800000,0.500000
757,1,1,19.000000,1.000000,0.500000
758,1,1,7.000000,0.300000,0.500000
759,1,1,17.000000,0.900000,0.500000
760,1,1,6.000000,0.000000,0.500000
761,1,1,7.000000,0.600000,0.500000
762,1,1,6.000000,0.000000,0.500000
763,1,1,6.000000,0.000000,0.500000
764,1,1,7.000000,0.300000,0.500000
765,1,1,7.000000,0.300000,0.500000
766,1,1,6.000000,0.000000,0.500000
767,1,1,8.000000,0.500000,0.500000
768,1,1,14.000000,0.900000,0.500000
769,1,1,14.000000,0.900000,0.500000
770,1,1,6.000000,0.000000,0.500000
771,1,1,13.000000,0.700000,0.500000
772,1,1,14.000000,0.700000,0.500000
773,1,1,8.000000,0.500000,0.500000
774,1,1,6.000000,0.000000,0.500000
775,1,1,7.000000,0.300000,0.500000
776,1,1,9.000000,0.800000,0.500000
777,1,1,7.000000,0.300000,0.500000
778,1,1,9.000000,0.800000,0.500000
779,1,1,8.000000,0.700000,0.500000
780,1,1,8.000000,0.700000,0.500000
781,1,1,8.000000,0.500000,0.500000
782,1,1,7.000000,0.300000,0.500000
783,1,1,7.000000,0.300000,0.500000
784,1,1,6.000000,0.000000,0.500000
785,1,1,7.000000,0.300000,0.500000
786,1,1,7.000000,0.300000,0.500000
787,1,1,7.000000,0.300000,0.500000
788,0,1,9.000000,0.800000,0.500000
789,1,1,8.000000,0.500000,0.500000
790,1,1,6.000000,0.000000,0.500000
791,1,1,8.000000,0.500000,0.500000
792,1,1,6.000000,0.000000,0.500000
793,1,1,8.000000,0.500000,0.500000
794,1,1,8.000000,0.500000,0.500000
795,1,1,7.000000,0.300000,0.500000
796,1,1,7.000000,0.300000,0.500000
797,1,1,8.000000,0.500000,0.500000
798,1,1,6.000000,0.000000,0.500000
799,1,1,6.000000,0.000000,0.500000
800,1,1,8.000000,0.500000,0.500000
801,1,1,10.000000,0.400000,0.500000
802,1,1,10.000000,0.500000,0.500000
803,1,1,9.000000,0.600000,0.500000
804,1,1,7.000000,0.300000,0.500000
805,1,1,7.000000,0.300000,0.500000
806,1,1,8.000000,0.500000,0.500000
807,1,1,7.000000,0.300000,0.500000
808,1,1,8.000000,0.500000,0.500000
809,1,1,8.000000,0.700000,0.500000
810,1,1,9.000000,0.800000,0.500000
811,1,1,7.000000,0.300000,0.500000
812,1,1,11.000000,0.800000,0.500000
813,1,1,10.000000,0.900000,0.500000
814,1,1,9.000000,0.800000,0.500000
815,1,1,7.000000,0.300000,0.500000
816,1,1,8.000000,0.500000,0.500000
817,1,1,6.000000,0.000000,0.500000
818,1,1,6.000000,0.000000,0.500000
819,1,1,9.000000,0.700000,0.500000
820,1,1,7.000000,0.300000,0.500000
821,1,1,8.000000,0.500000,0.500000
822,1,1,6.000000,0.000000,0.500000
823,1,1,12.000000,0.600000,0.500000
824,1,1,8.000000,0.500000,0.500000
825,1,1,6.000000,0.000000,0.500000
826,1,1,7.000000,0.300000,0.500000
827,1,1,7.000000,0.300000,0.500000
828,1,1,7.000000,0.300000,0.500000
829,0,1,10.000000,0.800000,0.500000
830,1,1,7.000000,0.300000,0.500000
831,1,1,6.000000,0.000000,0.500000
832,1,1,8.000000,0.500000,0.500000
833,1,1,17.000000,1.000000,0.500000
834,1,1,9.000000,0.700000,0.500000
835,1,1,7.000000,0.300000,0.500000
836,1,1,8.000000,0.700000,0.500000
837,0,1,10.000000,0.900000,0.500000
838,1,1,14.000000,0.900000,0.500000
839,1,1,7.000000,0.300000,0.500000
840,1,1,8.000000,0.500000,0.500000
841,1,1,8.000000,0.500000,0.500000
842,1,1,7.000000,0.300000,0.500000
843,1,1,8.000000,0.700000,0.500000
844,1,1,10.000000,0.700000,0.500000
845,1,1,6.000000,0.000000,0.500000
846,1,1,8.000000,0.500000,0.500000
847,1,1,7.000000,0.300000,0.500000
848,1,1,7.000000,0.300000,0.500000
849,1,1,7.000000,0.300000,0.500000
850,1,1,12.000000,0.600000,0.500000
851,1,1,12.000000,0.800000,0.500000
852,1,1,8.000000,0.500000,0.500000
853,1,1,6.000000,0.000000,0.500000
854,1,1,6.000000,0.000000,0.500000
855,1,1,9.000000,0.700000,0.500000
856,1,1,7.000000,0.300000,0.500000
857,1,1,14.000000,0.800000,0.500000
858,1,1,7.000000,0.300000,0.500000
859,1,1,6.000000,0.000000,0.500000
860,1,1,13.000000,0.900000,0.500000
861,1,1,9.000000,0.700000,0.500000
862,1,1,6.000000,0.000000,0.500000
863,1,1,7.000000,0.300000,0.500000
864,1,1,7.000000,0.300000,0.500000
865,1,1,6.000000,0.000000,0.500000
866,1,1,7.000000,0.300000,0.500000
867,1,1,8.000000,0.500000,0.500000
868,1,1,9.000000,0.700000,0.500000
869,1,1,8.000000,0.700000,0.500000
870,1,1,7.000000,0.300000,0.500000
871,1,1,6.000000,0.000000,0.500000
872,1,1,8.000000,0.500000,0.500000
873,1,1,7.000000,0.300000,0.500000
874,1,1,8.000000,0.700000,0.500000
875,1,1,8.000000,0.600000,0.500000
876,1,1,8.000000,0.500000,0.500000
877,1,1,7.000000,0.300000,0.500000
878,1,1,8.000000,0.700000,0.500000
879,1,1,9.000000,0.700000,0.500000
880,1,1,7.000000,0.300000,0.500000
881,1,1,6.000000,0.000000,0.500000
882,1,1,10.000000,0.900000,0.500000
883,1,1,6.000000,0.000000,0.500000
884,1,1,12.000000,0.900000,0.500000
885,1,1,14.000000,0.900000,0.500000
886,1,1,7.000000,0.300000,0.500000
887,1,1,10.000000,0.700000,0.500000
888,1,1,6.000000,0.000000,0.500000
889,1,1,14.000000,0.900000,0.500000
890,1,1,6.000000,0.000000,0.500000
891,1,1,7.000000,0.300000,0.500000
892,1,1,7.000000,0.300000,0.500000
893,1,1,8.000000,0.700000,0.500000
894,1,1,7.000000,0.300000,0.500000
895,1,1,8.000000,0.700000,0.500000
896,1,1,7.000000,0.300000,0.500000
897,1,1,8.000000,0.500000,0.500000
898,1,1,6.000000,0.000000,0.500000
899,1,1,8.000000,0.500000,0.500000
900,1,1,7.000000,0.300000,0.500000
901,1,1,11.000000,0.800000,0.500000
902,1,1,7.000000,0.300000,0.500000
903,1,1,16.000000,0.900000,0.500000
904,1,1,6.000000,0.000000,0.500000
905,1,1,8.000000,0.700000,0.500000
906,1,1,7.000000,0.300000,0.500000
907,1,1,6.000000,0.000000,0.500000
908,0,1,15.000000,0.900000,0.500000
909,1,1,10.000000,0.400000,0.500000
910,1,1,8.000000,0.700000,0.500000
911,1,1,7.000000,0.300000,0.500000
912,1,1,6.000000,0.000000,0.500000
913,1,1,6.000000,0.000000,0.500000
914,1,1,6.000000,0.000000,0.500000
915,1,1,6.000000,0.000000,0.500000
916,1,1,7.000000,0.300000,0.500000
917,1,1,16.000000,0.900000,0.500000
918,1,1,7.000000,0.300000,0.500000
919,1,1,8.000000,0.700000,0.500000
920,1,1,11.000000,0.900000,0.500000
921,1,1,14.000000,0.900000,0.500000
922,1,1,8.000000,0.500000,0.500000
923,1,1,6.000000,0.000000,0.500000
924,1,1,8.000000,0.700000,0.500000
925,1,1,14.000000,0.800000,0.500000
926,1,1,11.000000,0.900000,0.500000
927,1,1,7.000000,0.300000,0.500000
928,1,1,7.000000,0.300000,0.500000
929,1,1,7.000000,0.300000,0.500000
930,1,1,13.000000,0.900000,0.500000
931,1,1,7.000000,0.300000,0.500000
932,1,1,8.000000,0.500000,0.500000
933,1,1,7.000000,0.300000,0.500000
934,1,1,14.000000,0.900000,0.500000
935,1,1,7.000000,0.300000,0.500000
936,1,1,7.000000,0.300000,0.500000
937,1,1,26.000000,1.000000,0.500000
938,1,1,7.000000,0.300000,0.500000
939,1,1,10.000000,0.700000,0.500000
940,1,1,8.000000,0.800000,0.500000
941,1,1,6.000000,0.000000,0.500000
942,1,1,8.000000,0.500000,0.500000
943,1,1,12.000000,0.900000,0.500000
944,1,1,6.000000,0.000000,0.500000
945,1,1,8.000000,0.700000,0.500000
946,1,1,7.000000,0.300000,0.500000
947,1,1,7.000000,0.300000,0.500000
948,1,1,8.000000,0.500000,0.500000
949,1,1,8.000000,0.500000,0.500000
950,1,1,7.000000,0.300000,0.500000
951,1,1,8.000000,0.500000,0.500000
952,1,1,6.000000,0.000000,0.500000
953,1,1,9.000000,0.500000,0.500000
954,1,1,9.000000,0.800000,0.500000
955,1,1,8.000000,0.500000,0.500000
956,1,1,9.000000,0.500000,0.500000
957,1,1,10.000000,0.400000,0.500000
958,1,1,9.000000,0.500000,0.500000
959,1,1,6.000000,0.000000,0.500000
960,1,1,8.000000,0.500000,0.500000
961,1,1,15.000000,1.000000,0.500000
962,1,1,8.000000,0.500000,0.500000
963,1,1,9.000000,0.700000,0.500000
964,1,1,8.000000,0.700000,0.500000
965,1,1,14.000000,0.800000,0.500000
966,1,1,8.000000,0.900000,0.500000
967,1,1,9.000000,0.700000,0.500000
968,1,1,6.000000,0.000000,0.500000
969,1,1,13.000000,0.600000,0.500000
970,1,1,7.000000,0.300000,0.500000
971,1,1,6.000000,0.000000,0.500000
972,1,1,7.000000,0.300000,0.500000
973,1,1,15.000000,0.700000,0.500000
974,1,1,7.000000,0.300000,0.500000
975,1,1,11.000000,0.700000,0.500000
976,0,1,9.000000,0.500000,0.500000
977,1,1,8.000000,0.500000,0.500000
978,1,1,10.000000,0.700000,0.500000
979,1,1,8.000000,0.900000,0.500000
980,1,1,10.000000,0.400000,0.500000
981,1,1,7.000000,0.300000,0.500000
982,1,1,11.000000,0.800000,0.500000
983,1,1,12.000000,0.800000,0.500000
984,1,1,6.000000,0.000000,0.500000
985,1,1,10.000000,0.700000,0.500000
986,1,1,7.000000,0.300000,0.500000
987,1,1,9.000000,0.500000,0.500000
988,1,1,6.000000,0.000000,0.500000
989,1,1,6.000000,0.000000,0.500000
990,1,1,7.000000,0.300000,0.500000
991,1,1,10.000000,0.700000,0.500000
992,1,1,7.000000,0.300000,0.500000
993,1,1,8.000000,0.500000,0.500000
994,1,1,8.000000,0.500000,0.500000
995,1,1,7.000000,0.300000,0.500000
996,1,1,9.000000,0.700000,0.500000
997,1,1,13.000000,0.800000,0.500000
998,1,1,7.000000,0.300000,0.500000
999,1,1,8.000000,0.700000,0.500000
WorkerID,Gamma,TrueGamma
57,0.539717,1.155949
849,0.537165,1.393875
893,0.490885,1.353900
159,0.606082,0.872652
452,0.484623,0.439917
294,0.476233,1.510397
777,0.426708,0.904339
749,0.436671,0.664628
624,0.337253,0.374182
914,0.463353,0.831463
895,0.569587,0.997037
629,0.555668,0.960675
56,0.692237,1.877960
768,0.542406,1.433951
862,0.699732,1.457901
396,0.496553,1.755566
710,0.559756,0.884549
474,0.522989,1.533479
620,0.469232,1.137402
148,0.377393,0.107603
66,0.483434,0.454014
752,0.487209,1.499645
295,0.532656,0.651800
340,0.566822,1.272223
65,0.570428,0.760231
820,0.369937,0.622673
10,0.441075,0.506795
228,0.815558,1.698929
590,0.456596,0.989166
475,0.357428,0.540732
93,0.357676,1.387870
145,0.414248,1.412522
917,0.370602,0.514844
1,0.531806,0.831918
406,0.408058,0.239788
200,0.544140,0.952434
753,0.514544,1.421214
803,0.413020,0.222414
585,0.485156,1.091215
407,0.612043,1.120502
370,0.315989,0.658999
841,0.370908,0.289633
316,0.475494,0.907641
649,0.555548,0.984544
378,0.439125,0.942667
655,0.570370,0.810961
471,0.550570,1.718214
626,0.470358,1.228245
728,0.535975,1.412638
635,0.653545,1.404162
322,0.614944,1.293015
639,0.502008,1.072289
903,0.433618,1.279127
780,0.390494,3.014912
230,0.373197,0.527169
297,0.394822,0.853290
50,0.388549,0.272840
237,0.501093,0.535025
208,0.519059,1.142193
612,0.422481,1.480982
779,0.525022,1.724884
217,0.587795,0.795846
761,0.470900,1.586245
788,0.627150,3.362766
73,0.494402,1.744527
767,0.552315,1.641653
450,0.450961,1.612629
71,0.409066,0.516221
132,0.553817,2.079801
194,0.495779,1.041853
970,0.436479,0.786769
458,0.434917,1.518648
844,0.479814,0.788245
625,0.346135,0.367686
113,0.304454,0.827687
985,0.356957,1.600313
702,0.472002,0.819982
400,0.531532,1.257374
74,0.484193,1.033751
647,0.455771,1.329238
547,0.456197,0.931337
438,0.371652,0.613069
500,0.463106,0.729316
799,0.459023,0.908155
523,0.422772,1.834136
809,0.660666,1.431545
313,0.361792,0.852673
37,0.498643,1.989436
522,0.559419,1.906226
172,0.608884,1.189842
657,0.342882,0.848523
389,0.542585,1.414439
497,0.623060,1.591369
394,0.433856,1.507166
288,0.385035,0.762438
800,0.389606,0.809389
335,0.490850,1.053865
307,0.466160,1.147598
597,0.528101,0.474833
339,0.488782,1.181349
162,0.456321,1.099090
953,0.483917,1.780659
249,0.441156,1.656493
548,0.576968,1.976519
327,0.481984,1.299017
836,0.491943,0.990335
296,0.660795,1.813865
584,0.472714,1.867277
484,0.558213,2.460483
890,0.499737,1.052205
6,0.612621,1.516044
731,0.481783,1.779486
248,0.425762,0.934438
700,0.392724,0.982199
770,0.560071,1.257735
423,0.652574,1.180825
949,0.428058,0.490434
441,0.427842,0.772866
257,0.538801,1.358978
20,0.645747,1.481015
220,0.603221,1.520767
267,0.456273,0.700682
317,0.388446,1.036276
792,0.553477,0.687194
530,0.338069,0.413080
867,0.460424,1.152863
658,0.464049,1.184139
687,0.503668,1.410132
813,0.452714,1.148168
667,0.342064,0.306375
451,0.391483,0.478663
55,0.482168,0.449351
173,0.490598,1.821216
506,0.448989,0.456819
853,0.348349,0.413880
289,0.447180,1.661902
680,0.373813,0.943388
711,0.559223,0.954228
481,0.755605,3.173114
998,0.562834,1.535706
169,0.337614,0.783970
433,0.441844,0.576961
887,0.431651,1.223484
76,0.348872,1.065285
277,0.450988,1.320263
659,0.584057,2.331200
170,0.603143,1.053042
336,0.577819,1.214121
543,0.423603,0.788615
196,0.454196,1.062418
739,0.440394,1.350738
254,0.408616,1.183461
763,0.504777,1.696181
424,0.380113,0.982182
808,0.467865,0.888369
375,0.470500,0.206348
764,0.578092,1.099454
52,0.508073,0.882941
941,0.472575,0.920909
925,0.482638,0.661467
602,0.552214,1.061894
102,0.518139,0.458025
59,0.642483,1.067360
495,0.445843,1.836000
772,0.540382,1.706348
121,0.647747,1.074894
920,0.628537,1.024471
98,0.492584,0.717727
381,0.422171,0.709283
704,0.665552,1.003941
937,0.639410,1.691704
951,0.510349,0.481691
212,0.569230,0.596026
240,0.514331,1.760441
827,0.724902,2.060286
352,0.764484,1.722693
427,0.578138,0.963365
613,0.430040,0.798044
861,0.568452,2.545600
491,0.455867,0.636506
147,0.594966,0.799751
347,0.706909,1.551548
482,0.463128,0.819944
919,0.619573,2.102900
489,0.458484,0.981423
870,0.537968,1.319344
298,0.488135,1.619966
319,0.688494,0.689563
92,0.465648,0.477006
623,0.585786,1.125453
990,0.602048,1.475357
359,0.564276,1.710684
594,0.541652,2.183642
512,0.538040,1.374548
565,0.416589,0.525511
99,0.473239,0.774081
77,0.694071,0.791912
727,0.580497,1.153257
909,0.637814,0.986436
743,0.478660,0.625584
794,0.760954,1.844825
164,0.416080,0.488303
656,0.467147,1.106033
252,0.596497,1.179452
651,0.643966,1.026312
559,0.446231,1.610699
143,0.478277,0.541122
168,0.460904,0.709137
306,0.436835,0.361825
671,0.597826,1.247578
900,0.475479,0.655904
371,0.572554,2.468548
354,0.450959,1.145840
676,0.498551,1.083099
529,0.535312,0.875584
276,0.399023,0.405437
701,0.561457,0.901122
31,0.653491,1.530149
259,0.605428,1.802922
866,0.438866,0.991636
669,0.636544,1.297817
686,0.639700,1.538628
766,0.553831,1.272218
991,0.744860,1.538447
815,0.431377,0.788170
253,0.664611,1.625500
859,0.521925,0.745453
793,0.550342,1.983470
537,0.692581,2.074919
0,0.512904,1.490108
882,0.406667,0.780363
195,0.667144,1.055230
830,0.411697,0.379145
566,0.599845,2.215581
233,0.609801,1.947464
812,0.458672,1.055347
445,0.525108,1.927733
18,0.445873,0.476223
561,0.428573,0.968361
818,0.437778,0.429112
852,0.496020,0.739266
44,0.532892,1.201064
886,0.595792,0.964292
603,0.595903,1.124483
122,0.529039,0.464909
146,0.518092,1.005619
891,0.434974,0.745832
366,0.407741,0.381459
167,0.598833,1.575826
976,0.500113,0.903551
569,0.542581,0.992050
583,0.411988,0.528666
898,0.614415,2.137288
399,0.543563,1.273825
250,0.490001,0.212515
47,0.414262,1.418719
695,0.476376,1.609504
390,0.646317,1.483274
520,0.510330,1.404041
541,0.580696,0.939316
816,0.560668,1.106836
712,0.514024,1.190772
773,0.565506,1.295253
979,0.609227,0.857746
176,0.765531,1.233040
723,0.621798,2.002408
48,0.415043,1.864914
924,0.472357,0.996116
41,0.623671,0.818959
610,0.530925,1.248266
640,0.484961,0.952099
644,0.434430,0.609486
544,0.484669,1.094485
123,0.487200,2.212395
213,0.427988,0.395220
804,0.625474,1.631733
456,0.573392,1.410775
874,0.512408,1.729675
957,0.550729,1.303970
97,0.640170,1.242083
273,0.426133,0.684044
111,0.497891,0.593315
293,0.569948,1.070670
703,0.446967,0.515955
332,0.569599,1.297060
35,0.688951,1.028525
68,0.596082,0.772984
82,0.616429,0.995651
528,0.515973,0.446900
840,0.710901,1.253545
377,0.561091,0.637531
599,0.620735,1.738405
931,0.500993,1.156331
5,0.491573,0.307512
905,0.516616,1.563527
412,0.527637,1.317363
22,0.510373,0.819200
819,0.407962,1.209997
351,0.604506,1.248061
488,0.443878,1.061905
193,0.707505,1.672292
674,0.492619,1.937266
91,0.458240,0.636547
974,0.544537,0.917474
372,0.449092,0.777530
514,0.470343,0.933140
535,0.551000,1.212892
534,0.654412,2.348706
25,0.525924,0.647302
245,0.545590,1.137550
552,0.700172,2.829828
678,0.402707,0.628493
483,0.468945,1.661033
906,0.491599,1.049685
457,0.692616,1.658275
83,0.597034,0.816391
688,0.614597,1.321843
244,0.551765,0.821443
454,0.455576,0.910639
32,0.709265,0.815880
9,0.450994,0.934300
373,0.372884,0.610122
14,0.517938,0.994950
972,0.454607,0.538086
465,0.471213,0.515404
349,0.713710,1.377361
762,0.505234,0.856183
928,0.459376,0.512710
291,0.679346,1.970262
601,0.441327,0.872967
225,0.558323,1.810111
274,0.616568,2.140179
192,0.460716,0.762090
692,0.616698,1.196446
131,0.628595,2.418382
586,0.493559,0.747081
440,0.448364,0.245884
216,0.615331,1.825074
685,0.469236,1.204677
87,0.463671,0.631751
144,0.591568,1.742757
627,0.526192,1.280870
933,0.819029,2.745360
902,0.478465,1.178985
353,0.571379,1.528467
513,0.414156,1.022644
760,0.456434,0.829438
556,0.571882,0.991986
663,0.578794,2.320986
962,0.389670,0.488074
222,0.538259,1.322558
342,0.479341,1.121457
921,0.496078,1.039291
940,0.479444,1.011984
510,0.542372,0.909985
12,0.683499,2.061351
398,0.521678,0.668930
735,0.487064,0.978727
191,0.624027,1.275269
434,0.622235,0.447759
825,0.554176,1.224283
479,0.678189,2.120034
45,0.584727,2.912709
802,0.413060,0.874213
571,0.549423,1.091551
833,0.473801,1.877933
379,0.739207,1.488917
717,0.559607,0.974881
637,0.466367,0.476902
271,0.726673,2.484291
312,0.476235,0.917885
567,0.422002,0.352867
63,0.478387,0.567131
308,0.446941,1.366978
881,0.487036,0.248861
262,0.428734,0.698083
698,0.487624,0.890883
570,0.573269,2.192948
531,0.753434,0.887475
15,0.555761,2.181559
61,0.566806,0.712529
737,0.524843,1.154737
831,0.576278,0.434668
64,0.543947,0.930895
236,0.608619,2.308695
189,0.497899,0.470522
203,0.468658,1.286938
765,0.600178,1.162617
181,0.681368,2.659356
89,0.550263,0.415991
490,0.612234,1.922765
439,0.511860,0.793266
918,0.503966,0.696976
473,0.517545,1.351332
419,0.369689,0.595958
550,0.570853,1.591074
209,0.612956,1.449152
746,0.445496,0.600587
43,0.576819,1.118689
774,0.639503,1.040725
11,0.637686,2.294608
136,0.648265,2.079686
360,0.447764,0.447257
256,0.637719,1.628894
355,0.532559,0.931643
828,0.497149,1.022938
690,0.471974,1.519187
60,0.502754,1.273609
598,0.708617,2.214628
532,0.535304,0.415187
234,0.570617,1.076042
334,0.589887,0.833838
141,0.593193,0.915466
299,0.526957,1.188795
954,0.568451,0.884121
661,0.550537,0.945598
329,0.858669,2.197680
84,0.708582,1.120882
614,0.662601,1.973351
959,0.688288,0.507519
387,0.804959,1.194077
600,0.501044,0.546980
769,0.497267,0.780146
182,0.644798,1.712466
119,0.880353,1.484476
411,0.590089,0.300595
733,0.728990,1.260216
432,0.615448,1.965672
744,0.771671,1.046389
279,0.900174,1.983348
980,0.615848,1.183794
261,0.490523,0.794462
748,0.659070,1.247165
315,0.466360,1.120571
363,0.481636,0.519580
650,0.732286,1.343000
417,0.509163,0.878004
382,0.528729,1.169908
791,0.714537,1.127571
416,0.560005,0.603811
742,0.495711,0.269903
133,0.578752,0.299482
85,0.738198,3.888110
463,0.647117,1.073363
630,0.635760,0.574083
429,0.804135,2.298231
420,0.647887,1.569602
242,0.470852,1.271435
910,0.636084,1.559642
730,0.504173,0.645689
577,0.854771,2.215542
197,0.809420,1.364321
224,0.550998,0.655116
632,0.525727,1.195515
683,0.634563,1.296221
865,0.531964,1.056134
341,0.710499,1.298354
186,0.509059,0.787809
383,0.811783,1.338859
745,0.740607,3.028675
934,0.594861,0.334376
631,0.683537,2.639446
668,0.647973,0.979607
163,0.781012,1.152282
337,0.561418,0.844217
285,0.675070,1.543025
945,0.581942,0.934838
837,0.734630,1.546580
202,0.722462,1.060569
845,0.629276,0.832896
897,0.792351,1.609097
662,0.584081,1.279194
871,0.551784,1.309065
715,0.621548,1.080282
356,0.652907,1.515924
470,0.909751,1.818717
958,0.555646,0.306275
33,0.653370,1.317283
935,0.564627,0.893864
502,0.509979,0.191540
989,0.583587,1.044370
885,0.614623,0.998352
722,0.861114,1.596659
839,0.665770,0.673865
232,0.546917,0.567234
978,0.750462,4.183775
725,0.696514,1.200141
338,0.672756,1.370408
292,0.643801,1.544990
894,0.766266,0.627385
447,0.553306,1.950029
206,0.610535,0.927820
153,0.843054,0.892972
199,0.702722,0.997903
117,0.546183,1.068084
393,0.558288,1.463225
810,0.791012,0.591920
305,0.859266,1.574437
805,0.704075,0.561501
832,0.727724,1.043922
134,0.633935,0.921624
960,0.693796,0.909455
28,0.466327,0.758501
551,0.905670,1.726892
40,0.532112,1.600307
46,0.561076,0.868724
618,0.658860,1.286706
876,0.553104,1.405201
226,0.786728,2.124763
301,0.580729,0.906148
847,0.713185,2.073201
628,0.721190,1.829827
572,0.574271,1.585535
151,0.611027,0.972157
653,0.821922,1.766869
987,0.771777,0.857562
750,0.555578,0.937567
404,0.611015,1.728471
88,0.736632,1.279241
915,0.581976,0.259755
358,0.529434,0.997308
110,0.665805,1.550760
126,0.765904,2.008116
449,0.703255,1.162446
913,0.482639,0.225468
112,0.644737,0.538221
883,0.479852,0.718151
966,0.509881,0.872936
562,0.599652,0.676968
86,0.643283,1.306024
302,0.566199,0.503553
681,0.450206,2.696487
190,0.593125,0.826688
410,0.682195,0.541002
664,0.550613,1.996854
81,0.641557,1.031184
218,0.522332,0.272334
554,0.510300,0.606938
707,0.667051,1.350848
593,0.640760,0.599665
62,0.554446,1.092267
17,0.624720,0.756633
993,0.732215,3.026662
675,0.648962,0.679908
789,0.656124,1.143287
486,0.834208,1.474963
988,0.619555,2.122945
992,0.585025,1.030803
515,0.620601,0.655725
499,0.564402,1.021831
843,0.611877,1.259439
860,0.469782,0.426864
265,0.667783,1.171663
345,0.551549,1.798510
198,0.725896,2.359091
487,0.579813,1.803556
930,0.581633,2.446263
672,0.502989,1.112307
380,0.581504,0.792378
578,0.806852,3.571470
608,0.537792,0.777103
324,0.552040,0.567981
863,0.980760,1.192081
435,0.645184,0.722555
101,0.589864,0.896516
67,0.740673,0.758328
461,0.668058,0.932225
982,0.567979,2.109683
997,0.664997,0.488746
69,0.605691,0.734275
283,0.692889,1.782178
697,0.580214,0.717333
238,0.636831,1.480775
694,0.701647,1.169442
955,0.894070,0.823610
155,0.572943,0.885715
364,0.858830,2.483105
431,0.700255,1.392476
241,0.620108,0.824109
983,0.557676,0.552600
227,0.597720,0.889903
357,0.551339,2.327803
109,0.662336,2.112934
660,0.532886,0.495365
573,0.639490,1.102527
496,0.521074,1.078594
139,0.589270,1.129956
634,0.613029,1.737897
160,0.648011,1.078552
973,0.702243,1.444353
646,0.632664,0.975502
310,0.744172,0.946442
783,0.599613,3.119225
605,0.438121,0.255581
595,0.537823,0.601940
501,0.712214,0.801020
19,0.460319,0.525206
268,0.761465,1.263656
714,0.622202,1.268573
724,0.492482,0.709015
771,0.552841,0.402041
280,0.747714,1.241687
408,0.671176,1.574597
78,0.600289,1.100726
453,0.620639,1.474735
869,0.721870,2.054613
425,0.513772,0.521592
936,0.566706,1.370618
560,0.678742,1.506380
533,0.546504,0.468646
90,0.516716,1.205182
636,0.576178,1.285648
719,0.613534,1.300948
527,0.728940,1.460787
455,0.610537,1.256810
104,0.703409,0.816387
786,0.496326,0.846927
638,0.706759,0.881345
814,0.648320,1.552614
275,0.595978,0.461963
436,0.638163,0.618415
575,0.686551,1.263418
178,0.741048,1.123368
418,0.593939,0.516803
908,0.602116,0.204186
422,0.846268,1.053770
946,0.658600,0.829232
107,0.862357,2.207263
460,0.644859,1.114994
290,0.680626,1.616281
797,0.475205,0.492896
215,0.692611,1.859944
645,0.604492,0.444094
444,0.678958,1.801951
210,0.633136,1.019823
75,0.555407,0.694045
589,0.602141,0.769394
673,0.606148,0.941012
103,0.581439,0.459866
138,0.619363,0.747728
258,0.537970,1.257507
36,0.706826,0.543753
706,0.573210,0.640648
344,0.595940,1.338601
582,0.965395,2.496186
493,0.653161,1.546962
494,0.626301,1.098895
246,0.502415,0.995677
201,0.827973,2.335576
666,0.522325,0.602100
782,0.581563,3.320639
175,0.542584,0.669360
938,0.648676,0.469162
384,0.623390,0.831052
165,0.671918,1.474409
443,0.932566,1.787902
24,0.703067,0.661036
459,0.627151,1.717502
492,0.759471,1.579006
282,0.633863,1.446291
579,0.578041,1.132325
892,0.513716,0.809371
740,0.749945,1.363141
981,0.732321,0.780092
622,0.660044,0.432848
374,0.643694,0.798565
321,0.718644,1.855165
140,0.674418,2.004492
553,0.495375,0.923472
525,0.693740,1.323620
846,0.787068,1.731115
462,0.787390,1.055584
127,0.651371,0.791470
466,0.726167,2.084929
428,0.821833,0.693363
108,0.616924,1.424837
705,0.494644,0.789457
323,0.525726,1.092294
96,0.816311,1.060904
615,0.752058,1.757536
385,0.847856,1.611787
23,0.764836,1.511400
821,0.627470,1.237499
402,0.711905,2.058155
304,0.906648,3.674873
942,0.680436,0.604140
348,0.598932,0.350180
367,0.877406,0.860759
699,0.471803,1.761820
58,0.494618,0.816159
392,0.647685,1.539789
609,0.779902,1.553343
751,0.992476,1.902711
116,0.537162,1.179370
518,0.827704,2.101964
880,0.523837,0.922848
421,0.661268,1.789848
999,0.630519,1.508811
796,0.664926,2.167610
775,0.779148,2.533734
120,0.648597,1.786185
580,0.660824,1.000291
287,0.734336,1.385209
80,0.599515,1.174223
568,0.566342,1.879835
854,0.608150,0.854315
691,0.538793,1.056565
183,0.561912,2.188374
251,0.577450,0.490242
426,0.681818,1.283673
648,0.911593,1.592958
996,0.769481,1.268988
549,0.507068,0.440538
330,0.762975,1.703951
180,0.712765,1.388778
320,0.707408,1.841646
118,0.596242,0.142442
325,0.893635,1.418497
588,0.608535,0.404371
850,0.563669,0.390144
368,0.798596,0.614718
26,0.593553,1.308389
858,0.812166,0.610390
161,0.546422,1.528274
642,0.709443,0.970713
503,0.584578,0.669026
391,0.711271,1.589381
738,0.606123,1.948628
679,0.596296,0.906680
269,0.710254,1.645317
826,0.725171,0.417654
822,0.572829,0.719632
912,0.572612,0.180486
247,0.581619,0.730781
430,0.548712,1.549134
263,0.698956,1.266980
848,0.801537,1.878827
984,0.792060,1.381777
956,0.572423,0.689237
413,0.448983,0.745984
927,0.684134,1.326401
713,0.855207,1.527136
174,0.563016,0.537266
995,0.582246,0.964720
654,0.654570,1.008496
964,0.653109,1.338937
333,0.893016,2.542083
756,0.554609,0.867422
899,0.507629,1.495666
124,0.612340,0.619417
519,0.573000,0.616349
177,0.597944,0.790940
611,0.593878,1.014072
476,0.520400,0.977460
286,0.572013,0.665735
757,0.546363,0.722755
851,0.558465,1.033173
508,0.658051,1.346822
963,0.697340,2.815638
889,0.651786,1.145840
617,0.627732,0.922148
875,0.653090,0.821547
149,0.729434,1.271975
558,0.714906,2.178966
943,0.851087,1.728297
231,0.897517,2.313610
395,0.646424,1.096840
922,0.897844,1.606832
272,0.648671,1.145678
442,0.639224,0.666493
188,0.626139,1.459681
526,0.626019,1.454445
115,0.830845,1.477526
563,0.454583,0.754429
125,0.670015,0.884107
467,0.784355,1.369398
641,0.671327,0.464397
961,0.847545,0.858373
709,0.656695,1.227022
682,0.839160,0.793187
633,0.665820,1.235503
720,0.727508,1.207746
884,0.750110,1.298675
326,0.645376,0.638260
223,0.613898,1.651374
376,0.682991,2.767380
868,0.592280,0.872317
235,0.598960,1.210864
54,0.507803,0.490338
829,0.942101,1.802451
536,0.743774,1.303125
219,0.820085,1.516698
944,0.542255,1.090571
27,0.682783,2.264042
314,0.733244,2.094250
207,0.497838,1.036507
806,0.722540,1.038297
309,0.708535,1.185081
211,0.797274,0.310043
521,0.750854,1.530329
414,0.800158,2.149861
856,0.733080,1.394166
318,0.663274,1.280017
264,0.678681,0.685394
480,0.483093,1.498139
401,0.563562,2.154548
171,0.601329,0.701220
877,0.763737,0.690556
907,0.464970,0.762369
137,0.768980,2.479630
166,0.764280,2.120016
776,0.798915,0.709684
129,0.630264,1.039862
971,0.720281,1.385199
916,0.781785,1.579181
787,0.781309,1.281396
511,0.673365,1.439576
932,0.671997,0.462640
607,0.842883,1.077472
448,0.873287,1.239580
878,0.760832,1.728760
838,0.840058,1.525286
950,0.730415,2.017207
187,0.755303,1.877877
328,0.816723,1.131926
152,0.853136,1.552991
478,0.725889,2.279062
911,0.693694,1.169901
311,0.830904,1.568655
555,0.842170,1.016496
388,0.617536,0.849493
564,0.637435,0.469729
592,0.883094,1.516236
939,0.689669,0.776955
604,0.852093,2.814886
21,0.824959,0.981627
759,0.754086,3.260977
539,0.670861,0.624534
214,0.626272,0.730021
516,0.557597,0.552887
975,0.755839,2.104278
965,0.696727,0.998465
415,0.798136,0.874596
864,0.726883,1.961299
540,0.548625,0.530642
157,0.680882,0.579657
684,0.671100,0.875591
665,0.623827,0.567853
795,0.677623,2.354849
616,0.825676,1.900718
947,0.846067,1.183071
904,0.646691,2.289277
872,0.785665,0.780789
34,0.618469,1.365397
29,0.663147,0.895381
517,0.861439,1.738883
498,0.789041,1.560645
409,0.761991,2.141850
135,0.826465,2.037236
801,0.820999,1.831562
652,0.665741,0.791601
154,0.739377,1.714007
507,0.782728,3.038766
696,0.519478,1.094793
790,0.515473,0.550025
221,0.606727,0.577549
758,0.611472,0.897870
581,0.649775,0.792226
546,0.634269,0.844303
926,0.780980,1.085254
114,0.785896,1.707157
929,0.640230,0.369912
736,0.853091,2.011080
842,0.653746,1.577734
8,0.809482,2.054827
807,0.762010,2.698576
100,0.864153,1.572841
255,0.597643,0.507494
824,0.949741,2.069217
741,0.711809,1.465067
38,0.673604,0.434028
386,0.643250,0.391313
204,0.641520,0.744628
587,0.627837,0.949003
284,0.713783,0.723603
405,0.678469,0.974623
968,0.739245,1.063999
350,0.641694,2.496816
509,0.626835,1.681734
948,0.628835,1.594708
369,0.645023,1.326547
2,0.917393,1.769609
952,0.736640,1.688480
557,0.799588,2.092263
130,0.632058,0.631307
485,0.639558,1.030769
72,0.722198,1.068089
718,0.605688,1.335473
185,0.860347,1.154884
446,0.762281,0.542498
967,0.566096,0.433309
128,0.675236,1.936640
472,0.755327,1.399645
49,0.811938,1.930309
785,0.784187,0.538785
606,0.785329,0.779311
365,0.725765,1.635312
105,0.679536,2.556124
755,0.788230,0.751699
574,0.833124,1.812331
504,0.809760,1.663961
362,0.863028,1.805915
811,0.756886,1.809419
179,0.767237,1.561828
94,0.536166,0.768467
70,0.720624,1.151382
619,0.779251,0.667967
670,0.802148,0.491666
156,0.687307,1.033392
677,0.748436,0.410836
477,1.037144,1.343370
469,0.603194,0.955339
239,0.705166,1.675008
879,0.660724,1.163172
538,0.833718,0.904902
817,0.801042,0.472060
855,0.905266,1.752720
505,0.765992,2.204914
888,0.636259,0.519945
300,0.719493,0.360508
778,0.734010,1.343439
361,0.819802,3.035083
4,0.728726,0.741513
977,0.835285,0.712026
708,0.763898,1.867294
726,0.773449,0.598589
303,0.718883,2.220698
158,0.804182,2.786333
545,0.670594,0.638926
729,0.741691,0.915001
464,0.758494,0.988190
16,0.784228,2.396053
994,0.769221,1.282069
79,1.009050,1.295200
13,0.633997,1.267681
243,0.892712,1.088037
754,0.974749,0.786656
95,1.007024,1.386747
260,0.940853,1.661503
781,0.955966,1.024629
732,0.755325,0.928203
30,0.858727,0.728901
3,0.739677,1.065351
7,0.664470,0.744468
896,0.747836,1.198733
901,0.815895,0.657731
986,0.984562,1.678251
403,0.903916,0.931885
596,0.652680,1.109976
823,0.780407,0.502668
873,0.930592,1.508077
969,0.723202,0.469121
721,0.796452,0.839310
923,0.939611,1.525799
278,0.780134,1.872473
689,0.814353,1.495074
142,0.744388,1.495143
798,0.807767,0.684761
184,0.867960,2.721579
734,0.899225,0.870834
42,0.779248,0.547743
51,0.928892,2.536628
205,0.826592,1.088474
576,1.100220,2.068872
270,1.024734,2.449049
716,0.936080,1.739310
343,0.725368,0.691391
834,0.818990,1.506021
346,0.947899,2.083072
468,0.742662,0.917638
542,0.728960,1.208282
747,0.639218,0.910426
693,0.979057,0.854956
621,0.879427,1.471523
397,0.767672,0.863494
150,0.978294,1.788721
106,0.755921,0.980586
835,0.966200,2.458494
39,0.812402,0.222750
784,0.847467,0.205252
331,0.767599,0.829387
643,0.989951,1.593921
266,0.928280,0.844469
281,0.911747,1.100035
437,0.808846,0.130868
857,0.932466,0.903551
229,0.869021,1.625515
591,1.048418,3.205345
53,0.959684,2.530244
524,0.914517,1.110492
Average Cost: 8.759000
Accuracy: 98.100000
Accuracy 0: 100.000000
Cost 0: 6.000000
Accuracy 1: 100.000000
Cost 1: 6.000000
Accuracy 2: 100.000000
Cost 2: 6.000000
Accuracy 3: 100.000000
Cost 3: 6.000000
Accuracy 4: 100.000000
Cost 4: 6.000000
Accuracy 5: 100.000000
Cost 5: 6.000000
Accuracy 6: 100.000000
Cost 6: 6.000000
Accuracy 7: 100.000000
Cost 7: 6.000000
Accuracy 8: 100.000000
Cost 8: 6.000000
Accuracy 9: 100.000000
Cost 9: 6.000000
