ProblemNo,Answer,TrueAnswer,Cost,Difficulty
0,0,0,4.000000,0.000000
1,0,0,4.000000,0.000000
2,1,1,4.000000,0.000000
3,1,1,6.000000,0.800000
4,0,0,6.000000,0.800000
5,0,0,4.000000,0.000000
6,0,0,4.000000,0.000000
7,1,1,6.000000,0.800000
8,0,1,4.000000,0.000000
9,1,1,6.000000,0.900000
10,1,1,4.000000,0.000000
11,0,0,4.000000,0.000000
12,0,0,4.000000,0.000000
13,0,0,6.000000,0.800000
14,0,0,4.000000,0.000000
15,1,1,4.000000,0.000000
16,1,1,4.000000,0.000000
17,0,0,4.000000,0.000000
18,1,1,4.000000,0.000000
19,0,0,4.000000,0.000000
20,1,1,4.000000,0.000000
21,1,1,6.000000,0.800000
22,1,1,4.000000,0.000000
23,0,0,4.000000,0.000000
24,1,1,4.000000,0.000000
25,1,1,4.000000,0.000000
26,1,1,4.000000,0.000000
27,0,0,4.000000,0.000000
28,1,1,4.000000,0.000000
29,1,0,4.000000,0.000000
30,1,1,4.000000,0.000000
31,1,1,4.000000,0.000000
32,0,0,6.000000,0.900000
33,1,1,4.000000,0.000000
34,1,1,4.000000,0.000000
35,1,1,6.000000,0.900000
36,1,1,4.000000,0.000000
37,1,1,6.000000,0.900000
38,0,0,4.000000,0.000000
39,0,1,6.000000,0.800000
40,1,1,4.000000,0.000000
41,0,0,4.000000,0.000000
42,0,0,6.000000,0.800000
43,1,1,4.000000,0.000000
44,1,1,4.000000,0.000000
45,1,1,4.000000,0.000000
46,0,0,4.000000,0.000000
47,1,1,4.000000,0.000000
48,0,0,4.000000,0.000000
49,0,0,4.000000,0.000000
50,0,0,4.000000,0.000000
51,0,0,4.000000,0.000000
52,0,0,4.000000,0.000000
53,0,0,4.000000,0.000000
54,0,0,4.000000,0.000000
55,0,0,4.000000,0.000000
56,0,0,4.000000,0.000000
57,1,1,6.000000,0.900000
58,1,0,4.000000,0.000000
59,0,0,4.000000,0.000000
60,1,1,6.000000,0.800000
61,1,0,4.000000,0.000000
62,1,1,4.000000,0.000000
63,0,0,6.000000,0.900000
64,0,0,4.000000,0.000000
65,1,1,6.000000,0.800000
66,1,1,4.000000,0.000000
67,0,0,4.000000,0.000000
68,0,0,6.000000,0.800000
69,1,1,4.000000,0.000000
70,1,0,4.000000,0.000000
71,0,0,6.000000,0.800000
72,1,1,4.000000,0.000000
73,1,1,4.000000,0.000000
74,0,0,4.000000,0.000000
75,1,1,4.000000,0.000000
76,0,0,6.000000,0.800000
77,1,1,4.000000,0.000000
78,0,0,4.000000,0.000000
79,0,0,6.000000,0.900000
80,0,1,6.000000,0.800000
81,1,1,6.000000,0.800000
82,1,1,4.000000,0.000000
83,0,0,4.000000,0.000000
84,1,1,4.000000,0.000000
85,0,0,4.000000,0.000000
86,1,1,4.000000,0.000000
87,0,0,4.000000,0.000000
88,0,0,4.000000,0.000000
89,1,1,4.000000,0.000000
90,1,1,6.000000,0.800000
91,0,0,4.000000,0.000000
92,1,0,6.000000,0.900000
93,0,0,6.000000,0.800000
94,1,1,6.000000,0.900000
95,1,1,6.000000,0.800000
96,1,1,4.000000,0.000000
97,1,1,4.000000,0.000000
98,0,0,4.000000,0.000000
99,1,1,4.000000,0.000000
100,1,1,6.000000,0.800000
101,1,1,6.000000,0.900000
102,1,1,6.000000,0.800000
103,1,0,4.000000,0.000000
104,1,1,4.000000,0.000000
105,0,0,6.000000,0.800000
106,0,0,4.000000,0.000000
107,0,1,4.000000,0.000000
108,1,1,4.000000,0.000000
109,1,1,4.000000,0.000000
110,1,0,6.000000,0.800000
111,0,0,4.000000,0.000000
112,1,1,6.000000,0.800000
113,0,0,4.000000,0.000000
114,1,1,4.000000,0.000000
115,1,1,4.000000,0.000000
116,0,0,6.000000,0.800000
117,1,0,4.000000,0.000000
118,0,0,6.000000,0.800000
119,1,1,4.000000,0.000000
120,0,0,4.000000,0.000000
121,1,1,6.000000,0.800000
122,0,0,4.000000,0.000000
123,0,0,4.000000,0.000000
124,1,1,6.000000,0.800000
125,1,1,4.000000,0.000000
126,1,0,6.000000,0.800000
127,0,0,4.000000,0.000000
128,0,0,4.000000,0.000000
129,1,1,6.000000,0.900000
130,0,0,6.000000,0.800000
131,1,1,4.000000,0.000000
132,1,1,4.000000,0.000000
133,1,1,6.000000,0.800000
134,1,1,4.000000,0.000000
135,1,1,4.000000,0.000000
136,0,0,6.000000,0.800000
137,0,0,4.000000,0.000000
138,0,0,4.000000,0.000000
139,1,1,4.000000,0.000000
140,0,1,4.000000,0.000000
141,1,1,4.000000,0.000000
142,0,0,4.000000,0.000000
143,1,1,4.000000,0.000000
144,1,1,4.000000,0.000000
145,0,1,6.000000,0.800000
146,1,1,4.000000,0.000000
147,1,1,6.000000,0.900000
148,0,0,4.000000,0.000000
149,1,1,4.000000,0.000000
WorkerID,Gamma
51,0.515654
36,0.498722
60,0.499681
82,0.499361
62,0.499681
63,0.499681
64,0.500639
65,0.499361
66,0.499681
67,0.499681
68,0.499361
69,0.499042
80,0.499681
81,0.503514
86,0.499681
84,0.500000
85,0.499681
48,0.499042
49,0.499042
46,0.497764
47,0.499681
44,0.495528
45,0.502236
42,0.496805
43,0.498083
40,0.503195
41,0.506070
35,0.496486
83,0.500000
77,0.499681
75,0.502556
73,0.499681
71,0.498403
70,0.499361
78,0.499361
39,0.498083
38,0.497125
59,0.501917
55,0.503195
54,0.506389
57,0.499681
56,0.499681
37,0.495847
50,0.501917
53,0.503834
52,0.500319
Average Cost: 4.573333
Accuracy: 90.000000
