Number of Worker Pools: 1
Number of Workers in Pool 1: 1000
Original mean,standardDev for Pool 1: 4.000000,0.300000
Number of Workers in Pool 2: 1000
Original mean,standardDev for Pool 2: 3.500000,0.200000
Number of Problems: 1000
ProblemNo,Answer,TrueAnswer,Cost,Difficulty,TrueDifficulty
0,1,1,17.000000,0.700000,0.500000
1,1,1,16.000000,0.800000,0.500000
2,1,1,21.000000,0.700000,0.500000
3,1,1,13.000000,0.300000,0.500000
4,1,1,12.000000,0.200000,0.500000
5,0,0,15.000000,0.600000,0.500000
6,1,1,30.000000,0.900000,0.500000
7,1,1,18.000000,0.700000,0.500000
8,1,1,15.000000,0.600000,0.500000
9,1,1,18.000000,0.600000,0.500000
10,1,1,27.000000,0.900000,0.500000
11,1,1,22.000000,0.800000,0.500000
12,1,1,15.000000,0.400000,0.500000
13,1,1,10.000000,0.000000,0.500000
14,1,1,24.000000,0.700000,0.500000
15,1,1,15.000000,0.600000,0.500000
16,1,1,15.000000,0.400000,0.500000
17,1,1,16.000000,0.400000,0.500000
18,1,1,32.000000,0.900000,0.500000
19,1,1,28.000000,0.900000,0.500000
20,0,0,17.000000,0.400000,0.500000
21,1,1,13.000000,0.500000,0.500000
22,0,0,17.000000,0.600000,0.500000
23,1,1,28.000000,0.900000,0.500000
24,1,1,14.000000,0.300000,0.500000
25,1,1,13.000000,0.300000,0.500000
26,1,1,19.000000,0.700000,0.500000
27,1,1,17.000000,0.700000,0.500000
28,1,1,13.000000,0.300000,0.500000
29,1,1,13.000000,0.300000,0.500000
30,1,1,12.000000,0.200000,0.500000
31,1,1,13.000000,0.500000,0.500000
32,1,1,14.000000,0.700000,0.500000
33,1,1,15.000000,0.300000,0.500000
34,1,1,16.000000,0.500000,0.500000
35,1,1,14.000000,0.600000,0.500000
36,1,1,32.000000,0.900000,0.500000
37,1,1,16.000000,0.500000,0.500000
38,1,1,12.000000,0.200000,0.500000
39,1,1,15.000000,0.400000,0.500000
40,1,1,16.000000,0.400000,0.500000
41,1,1,25.000000,0.900000,0.500000
42,1,1,14.000000,0.300000,0.500000
43,1,1,16.000000,0.700000,0.500000
44,1,1,29.000000,0.900000,0.500000
45,1,1,18.000000,0.500000,0.500000
46,0,0,17.000000,0.500000,0.500000
47,1,1,16.000000,0.800000,0.500000
48,1,1,26.000000,0.900000,0.500000
49,1,1,13.000000,0.500000,0.500000
50,1,1,17.000000,0.700000,0.500000
51,1,1,40.000000,1.000000,0.500000
52,1,1,10.000000,0.000000,0.500000
53,1,1,16.000000,0.500000,0.500000
54,1,1,19.000000,0.900000,0.500000
55,1,1,18.000000,0.700000,0.500000
56,0,0,16.000000,0.500000,0.500000
57,1,1,15.000000,0.600000,0.500000
58,1,1,16.000000,0.600000,0.500000
59,1,1,19.000000,0.800000,0.500000
60,1,1,13.000000,0.500000,0.500000
61,0,0,12.000000,0.200000,0.500000
62,1,1,22.000000,0.800000,0.500000
63,1,1,13.000000,0.300000,0.500000
64,1,1,16.000000,0.400000,0.500000
65,0,0,12.000000,0.200000,0.500000
66,1,1,13.000000,0.500000,0.500000
67,1,1,23.000000,0.700000,0.500000
68,1,1,14.000000,0.700000,0.500000
69,1,1,16.000000,0.500000,0.500000
70,1,1,12.000000,0.200000,0.500000
71,1,1,13.000000,0.300000,0.500000
72,1,1,13.000000,0.300000,0.500000
73,1,1,12.000000,0.200000,0.500000
74,1,1,13.000000,0.300000,0.500000
75,1,1,18.000000,0.800000,0.500000
76,0,0,13.000000,0.300000,0.500000
77,1,1,26.000000,0.900000,0.500000
78,0,0,12.000000,0.200000,0.500000
79,1,1,14.000000,0.500000,0.500000
80,1,1,21.000000,0.700000,0.500000
81,1,1,13.000000,0.500000,0.500000
82,1,1,16.000000,0.700000,0.500000
83,1,1,21.000000,0.700000,0.500000
84,1,1,26.000000,0.900000,0.500000
85,1,1,13.000000,0.300000,0.500000
86,1,1,13.000000,0.300000,0.500000
87,1,1,14.000000,0.300000,0.500000
88,1,1,13.000000,0.300000,0.500000
89,1,1,13.000000,0.500000,0.500000
90,1,1,14.000000,0.600000,0.500000
91,1,1,12.000000,0.200000,0.500000
92,1,1,27.000000,0.900000,0.500000
93,0,0,21.000000,0.800000,0.500000
94,0,0,25.000000,0.900000,0.500000
95,1,1,14.000000,0.300000,0.500000
96,1,1,15.000000,0.600000,0.500000
97,1,1,17.000000,0.800000,0.500000
98,1,1,14.000000,0.500000,0.500000
99,1,1,13.000000,0.500000,0.500000
100,1,1,13.000000,0.500000,0.500000
101,1,1,13.000000,0.300000,0.500000
102,1,1,13.000000,0.500000,0.500000
103,1,1,13.000000,0.500000,0.500000
104,1,1,23.000000,0.900000,0.500000
105,0,0,24.000000,0.900000,0.500000
106,1,1,18.000000,0.800000,0.500000
107,1,1,13.000000,0.300000,0.500000
108,1,1,15.000000,0.400000,0.500000
109,0,0,14.000000,0.600000,0.500000
110,1,1,13.000000,0.300000,0.500000
111,1,1,12.000000,0.200000,0.500000
112,1,1,15.000000,0.600000,0.500000
113,1,1,10.000000,0.000000,0.500000
114,1,1,19.000000,0.800000,0.500000
115,1,1,12.000000,0.200000,0.500000
116,1,1,35.000000,0.900000,0.500000
117,1,1,16.000000,0.400000,0.500000
118,1,1,16.000000,0.500000,0.500000
119,1,1,12.000000,0.200000,0.500000
120,1,1,25.000000,0.900000,0.500000
121,1,1,22.000000,0.700000,0.500000
122,1,1,18.000000,0.700000,0.500000
123,1,1,21.000000,0.700000,0.500000
124,1,1,19.000000,0.700000,0.500000
125,1,1,16.000000,0.400000,0.500000
126,1,1,15.000000,0.600000,0.500000
127,1,1,13.000000,0.500000,0.500000
128,1,1,18.000000,0.500000,0.500000
129,1,1,10.000000,0.000000,0.500000
130,0,0,12.000000,0.200000,0.500000
131,1,1,12.000000,0.200000,0.500000
132,1,1,14.000000,0.300000,0.500000
133,1,1,32.000000,0.900000,0.500000
134,1,1,13.000000,0.300000,0.500000
135,1,1,14.000000,0.500000,0.500000
136,0,1,21.000000,0.900000,0.500000
137,0,0,13.000000,0.300000,0.500000
138,1,1,12.000000,0.200000,0.500000
139,1,1,37.000000,1.000000,0.500000
140,1,1,21.000000,0.800000,0.500000
141,1,1,12.000000,0.200000,0.500000
142,1,1,14.000000,0.600000,0.500000
143,1,1,13.000000,0.500000,0.500000
144,1,1,15.000000,0.400000,0.500000
145,1,1,14.000000,0.300000,0.500000
146,1,1,15.000000,0.700000,0.500000
147,0,0,14.000000,0.600000,0.500000
148,0,0,13.000000,0.300000,0.500000
149,1,1,12.000000,0.200000,0.500000
150,1,1,13.000000,0.300000,0.500000
151,1,1,20.000000,0.900000,0.500000
152,1,1,13.000000,0.300000,0.500000
153,1,1,11.000000,0.200000,0.500000
154,1,1,10.000000,0.000000,0.500000
155,1,1,12.000000,0.300000,0.500000
156,0,0,10.000000,0.000000,0.500000
157,1,1,13.000000,0.500000,0.500000
158,1,1,27.000000,0.900000,0.500000
159,1,1,21.000000,0.900000,0.500000
160,1,1,27.000000,0.900000,0.500000
161,1,1,28.000000,0.900000,0.500000
162,1,1,13.000000,0.500000,0.500000
163,1,1,14.000000,0.600000,0.500000
164,0,0,14.000000,0.600000,0.500000
165,1,1,14.000000,0.300000,0.500000
166,1,1,18.000000,0.800000,0.500000
167,1,1,12.000000,0.200000,0.500000
168,0,0,13.000000,0.500000,0.500000
169,1,1,14.000000,0.600000,0.500000
170,1,1,10.000000,0.000000,0.500000
171,1,1,19.000000,0.800000,0.500000
172,1,1,13.000000,0.300000,0.500000
173,1,1,13.000000,0.300000,0.500000
174,1,1,24.000000,0.800000,0.500000
175,1,1,13.000000,0.300000,0.500000
176,0,0,13.000000,0.500000,0.500000
177,1,1,14.000000,0.500000,0.500000
178,0,0,18.000000,0.600000,0.500000
179,0,0,15.000000,0.400000,0.500000
180,1,1,19.000000,0.800000,0.500000
181,1,1,13.000000,0.500000,0.500000
182,1,1,14.000000,0.700000,0.500000
183,1,1,15.000000,0.500000,0.500000
184,1,1,15.000000,0.400000,0.500000
185,1,1,34.000000,0.900000,0.500000
186,1,1,15.000000,0.400000,0.500000
187,0,0,29.000000,0.900000,0.500000
188,1,1,16.000000,0.700000,0.500000
189,1,1,16.000000,0.700000,0.500000
190,1,1,17.000000,0.500000,0.500000
191,1,1,13.000000,0.300000,0.500000
192,1,1,20.000000,0.800000,0.500000
193,0,0,12.000000,0.200000,0.500000
194,1,1,17.000000,0.800000,0.500000
195,0,0,37.000000,0.900000,0.500000
196,1,1,13.000000,0.500000,0.500000
197,1,1,16.000000,0.400000,0.500000
198,1,1,13.000000,0.300000,0.500000
199,1,1,13.000000,0.300000,0.500000
200,0,0,38.000000,1.000000,0.500000
201,1,1,25.000000,0.900000,0.500000
202,1,1,14.000000,0.500000,0.500000
203,1,1,13.000000,0.300000,0.500000
204,1,1,13.000000,0.500000,0.500000
205,1,1,25.000000,0.900000,0.500000
206,1,1,13.000000,0.300000,0.500000
207,1,1,24.000000,0.900000,0.500000
208,0,1,22.000000,0.900000,0.500000
209,1,1,17.000000,0.700000,0.500000
210,1,1,20.000000,0.600000,0.500000
211,1,1,13.000000,0.300000,0.500000
212,1,1,15.000000,0.400000,0.500000
213,1,1,20.000000,0.600000,0.500000
214,1,1,13.000000,0.300000,0.500000
215,1,1,17.000000,0.500000,0.500000
216,1,1,21.000000,0.700000,0.500000
217,1,1,13.000000,0.300000,0.500000
218,1,1,13.000000,0.300000,0.500000
219,1,1,12.000000,0.200000,0.500000
220,1,1,13.000000,0.500000,0.500000
221,1,1,13.000000,0.500000,0.500000
222,1,1,15.000000,0.600000,0.500000
223,1,1,31.000000,0.900000,0.500000
224,1,1,14.000000,0.600000,0.500000
225,1,1,24.000000,0.800000,0.500000
226,1,1,10.000000,0.000000,0.500000
227,1,1,12.000000,0.200000,0.500000
228,1,1,15.000000,0.700000,0.500000
229,1,1,19.000000,0.800000,0.500000
230,1,1,14.000000,0.600000,0.500000
231,1,1,20.000000,0.900000,0.500000
232,1,1,17.000000,0.800000,0.500000
233,1,1,26.000000,0.900000,0.500000
234,1,1,19.000000,0.500000,0.500000
235,1,1,16.000000,0.800000,0.500000
236,0,0,15.000000,0.600000,0.500000
237,1,1,18.000000,0.500000,0.500000
238,1,1,32.000000,1.000000,0.500000
239,1,1,17.000000,0.500000,0.500000
240,1,1,22.000000,0.600000,0.500000
241,1,1,15.000000,0.600000,0.500000
242,1,1,19.000000,0.500000,0.500000
243,1,1,14.000000,0.300000,0.500000
244,1,1,13.000000,0.500000,0.500000
245,1,1,23.000000,0.800000,0.500000
246,1,1,20.000000,0.800000,0.500000
247,1,1,16.000000,0.400000,0.500000
248,0,0,24.000000,0.800000,0.500000
249,1,1,13.000000,0.500000,0.500000
250,1,1,12.000000,0.200000,0.500000
251,1,1,13.000000,0.600000,0.500000
252,0,0,13.000000,0.300000,0.500000
253,1,1,13.000000,0.300000,0.500000
254,1,1,14.000000,0.600000,0.500000
255,1,1,13.000000,0.300000,0.500000
256,1,1,14.000000,0.300000,0.500000
257,1,1,10.000000,0.000000,0.500000
258,1,1,20.000000,0.800000,0.500000
259,1,1,13.000000,0.500000,0.500000
260,1,1,20.000000,0.700000,0.500000
261,1,1,13.000000,0.300000,0.500000
262,1,1,17.000000,0.500000,0.500000
263,1,1,13.000000,0.500000,0.500000
264,1,1,17.000000,0.500000,0.500000
265,1,1,14.000000,0.500000,0.500000
266,0,0,12.000000,0.200000,0.500000
267,1,1,28.000000,0.900000,0.500000
268,1,1,14.000000,0.700000,0.500000
269,1,1,15.000000,0.800000,0.500000
270,0,0,13.000000,0.500000,0.500000
271,0,0,17.000000,0.700000,0.500000
272,1,1,13.000000,0.300000,0.500000
273,1,1,13.000000,0.300000,0.500000
274,1,1,15.000000,0.600000,0.500000
275,1,1,12.000000,0.200000,0.500000
276,1,1,12.000000,0.200000,0.500000
277,1,1,13.000000,0.500000,0.500000
278,1,1,15.000000,0.400000,0.500000
279,1,1,19.000000,0.900000,0.500000
280,1,1,21.000000,0.800000,0.500000
281,1,1,10.000000,0.000000,0.500000
282,1,1,18.000000,0.800000,0.500000
283,0,0,19.000000,0.800000,0.500000
284,1,1,22.000000,0.900000,0.500000
285,1,1,19.000000,0.600000,0.500000
286,1,1,18.000000,0.800000,0.500000
287,0,0,18.000000,0.800000,0.500000
288,0,0,21.000000,0.700000,0.500000
289,1,1,16.000000,0.600000,0.500000
290,1,1,30.000000,1.000000,0.500000
291,0,0,12.000000,0.200000,0.500000
292,1,1,16.000000,0.800000,0.500000
293,1,1,13.000000,0.500000,0.500000
294,1,1,12.000000,0.200000,0.500000
295,1,1,14.000000,0.600000,0.500000
296,1,1,20.000000,0.800000,0.500000
297,0,0,14.000000,0.300000,0.500000
298,1,1,19.000000,0.600000,0.500000
299,1,1,14.000000,0.700000,0.500000
300,1,1,13.000000,0.500000,0.500000
301,1,1,10.000000,0.000000,0.500000
302,1,1,14.000000,0.600000,0.500000
303,1,1,17.000000,0.800000,0.500000
304,1,1,33.000000,0.900000,0.500000
305,1,1,12.000000,0.200000,0.500000
306,1,1,12.000000,0.200000,0.500000
307,0,0,21.000000,0.600000,0.500000
308,1,1,16.000000,0.600000,0.500000
309,1,1,14.000000,0.300000,0.500000
310,1,1,20.000000,0.800000,0.500000
311,1,1,15.000000,0.800000,0.500000
312,1,1,14.000000,0.700000,0.500000
313,1,1,13.000000,0.300000,0.500000
314,1,1,24.000000,0.900000,0.500000
315,1,1,24.000000,0.800000,0.500000
316,0,0,12.000000,0.200000,0.500000
317,1,1,21.000000,0.800000,0.500000
318,1,1,24.000000,0.800000,0.500000
319,1,1,16.000000,0.400000,0.500000
320,1,1,13.000000,0.500000,0.500000
321,1,1,12.000000,0.200000,0.500000
322,1,1,10.000000,0.000000,0.500000
323,1,1,14.000000,0.700000,0.500000
324,1,1,17.000000,0.600000,0.500000
325,1,1,13.000000,0.500000,0.500000
326,1,1,19.000000,0.700000,0.500000
327,0,0,15.000000,0.400000,0.500000
328,1,1,13.000000,0.500000,0.500000
329,0,0,13.000000,0.300000,0.500000
330,1,1,15.000000,0.700000,0.500000
331,1,1,12.000000,0.200000,0.500000
332,1,1,15.000000,0.700000,0.500000
333,1,1,16.000000,0.700000,0.500000
334,1,1,12.000000,0.200000,0.500000
335,1,1,21.000000,0.700000,0.500000
336,1,1,18.000000,0.500000,0.500000
337,0,0,13.000000,0.500000,0.500000
338,1,1,13.000000,0.300000,0.500000
339,1,1,17.000000,0.800000,0.500000
340,0,0,32.000000,0.900000,0.500000
341,1,1,15.000000,0.400000,0.500000
342,1,1,16.000000,0.500000,0.500000
343,1,1,14.000000,0.700000,0.500000
344,1,1,17.000000,0.700000,0.500000
345,1,1,14.000000,0.300000,0.500000
346,1,1,13.000000,0.500000,0.500000
347,1,1,15.000000,0.700000,0.500000
348,1,1,13.000000,0.300000,0.500000
349,1,1,13.000000,0.500000,0.500000
350,1,1,13.000000,0.300000,0.500000
351,1,1,16.000000,0.400000,0.500000
352,1,1,20.000000,0.800000,0.500000
353,1,1,14.000000,0.300000,0.500000
354,1,1,20.000000,0.800000,0.500000
355,1,1,13.000000,0.500000,0.500000
356,0,0,22.000000,0.700000,0.500000
357,1,1,15.000000,0.500000,0.500000
358,1,1,18.000000,0.800000,0.500000
359,1,1,14.000000,0.300000,0.500000
360,0,0,14.000000,0.500000,0.500000
361,1,1,16.000000,0.800000,0.500000
362,1,1,12.000000,0.200000,0.500000
363,1,1,14.000000,0.400000,0.500000
364,1,1,16.000000,0.500000,0.500000
365,1,1,22.000000,0.700000,0.500000
366,1,1,13.000000,0.300000,0.500000
367,1,1,13.000000,0.500000,0.500000
368,1,1,15.000000,0.600000,0.500000
369,1,1,14.000000,0.500000,0.500000
370,1,1,12.000000,0.200000,0.500000
371,1,1,13.000000,0.300000,0.500000
372,1,1,15.000000,0.300000,0.500000
373,1,1,16.000000,0.400000,0.500000
374,1,1,10.000000,0.000000,0.500000
375,1,1,21.000000,0.800000,0.500000
376,1,1,12.000000,0.200000,0.500000
377,1,1,14.000000,0.400000,0.500000
378,1,1,13.000000,0.300000,0.500000
379,1,1,15.000000,0.600000,0.500000
380,1,1,14.000000,0.500000,0.500000
381,1,1,19.000000,0.600000,0.500000
382,1,1,14.000000,0.500000,0.500000
383,1,1,13.000000,0.300000,0.500000
384,1,1,28.000000,0.900000,0.500000
385,0,0,25.000000,0.900000,0.500000
386,1,1,13.000000,0.500000,0.500000
387,1,1,19.000000,0.700000,0.500000
388,1,1,10.000000,0.000000,0.500000
389,0,0,17.000000,0.500000,0.500000
390,1,1,10.000000,0.000000,0.500000
391,1,1,29.000000,0.900000,0.500000
392,1,1,20.000000,0.900000,0.500000
393,1,1,15.000000,0.400000,0.500000
394,1,1,13.000000,0.500000,0.500000
395,0,0,15.000000,0.700000,0.500000
396,1,1,14.000000,0.700000,0.500000
397,1,1,14.000000,0.500000,0.500000
398,1,1,17.000000,0.800000,0.500000
399,1,1,15.000000,0.400000,0.500000
400,1,1,16.000000,0.400000,0.500000
401,1,1,13.000000,0.300000,0.500000
402,1,1,13.000000,0.300000,0.500000
403,0,0,14.000000,0.600000,0.500000
404,1,1,20.000000,0.800000,0.500000
405,1,1,16.000000,0.500000,0.500000
406,0,0,21.000000,0.600000,0.500000
407,1,1,13.000000,0.500000,0.500000
408,1,1,14.000000,0.500000,0.500000
409,1,1,15.000000,0.400000,0.500000
410,1,1,15.000000,0.700000,0.500000
411,0,0,13.000000,0.300000,0.500000
412,1,1,18.000000,0.500000,0.500000
413,1,1,16.000000,0.700000,0.500000
414,1,1,14.000000,0.500000,0.500000
415,1,1,14.000000,0.600000,0.500000
416,1,1,22.000000,0.700000,0.500000
417,1,1,26.000000,0.800000,0.500000
418,1,1,40.000000,1.000000,0.500000
419,1,1,27.000000,0.900000,0.500000
420,1,1,16.000000,0.700000,0.500000
421,0,0,13.000000,0.500000,0.500000
422,1,1,12.000000,0.200000,0.500000
423,1,1,15.000000,0.400000,0.500000
424,1,1,10.000000,0.000000,0.500000
425,1,1,19.000000,0.700000,0.500000
426,1,1,13.000000,0.300000,0.500000
427,1,1,10.000000,0.000000,0.500000
428,1,1,12.000000,0.200000,0.500000
429,1,1,22.000000,0.800000,0.500000
430,1,1,33.000000,0.900000,0.500000
431,1,1,10.000000,0.000000,0.500000
432,0,0,16.000000,0.500000,0.500000
433,1,1,14.000000,0.500000,0.500000
434,1,1,13.000000,0.300000,0.500000
435,1,1,14.000000,0.300000,0.500000
436,1,1,14.000000,0.600000,0.500000
437,1,1,13.000000,0.500000,0.500000
438,1,1,15.000000,0.600000,0.500000
439,1,1,13.000000,0.300000,0.500000
440,1,1,16.000000,0.500000,0.500000
441,1,1,19.000000,0.900000,0.500000
442,1,1,14.000000,0.600000,0.500000
443,1,1,16.000000,0.700000,0.500000
444,1,1,10.000000,0.000000,0.500000
445,1,1,10.000000,0.000000,0.500000
446,1,1,24.000000,0.900000,0.500000
447,1,1,21.000000,0.800000,0.500000
448,1,1,12.000000,0.200000,0.500000
449,1,1,16.000000,0.500000,0.500000
450,1,1,12.000000,0.200000,0.500000
451,1,1,23.000000,0.800000,0.500000
452,1,1,21.000000,0.800000,0.500000
453,1,1,22.000000,0.800000,0.500000
454,1,1,12.000000,0.200000,0.500000
455,1,1,16.000000,0.500000,0.500000
456,1,1,16.000000,0.700000,0.500000
457,1,1,19.000000,0.800000,0.500000
458,0,0,25.000000,0.900000,0.500000
459,1,1,15.000000,0.400000,0.500000
460,1,1,14.000000,0.500000,0.500000
461,0,0,13.000000,0.500000,0.500000
462,1,1,15.000000,0.600000,0.500000
463,1,1,14.000000,0.500000,0.500000
464,1,1,12.000000,0.200000,0.500000
465,1,1,23.000000,0.900000,0.500000
466,1,1,14.000000,0.600000,0.500000
467,1,1,13.000000,0.500000,0.500000
468,1,1,13.000000,0.500000,0.500000
469,1,1,20.000000,0.700000,0.500000
470,1,1,13.000000,0.500000,0.500000
471,1,1,12.000000,0.200000,0.500000
472,1,1,14.000000,0.400000,0.500000
473,1,1,12.000000,0.200000,0.500000
474,1,1,12.000000,0.200000,0.500000
475,1,1,21.000000,0.800000,0.500000
476,1,1,14.000000,0.500000,0.500000
477,1,1,13.000000,0.300000,0.500000
478,1,1,14.000000,0.600000,0.500000
479,1,1,13.000000,0.500000,0.500000
480,1,1,12.000000,0.200000,0.500000
481,1,1,16.000000,0.700000,0.500000
482,1,1,12.000000,0.200000,0.500000
483,1,1,16.000000,0.500000,0.500000
484,1,1,15.000000,0.900000,0.500000
485,1,1,13.000000,0.500000,0.500000
486,1,1,32.000000,0.900000,0.500000
487,0,0,24.000000,0.800000,0.500000
488,1,1,13.000000,0.500000,0.500000
489,1,1,28.000000,0.900000,0.500000
490,1,1,24.000000,0.700000,0.500000
491,1,1,15.000000,0.700000,0.500000
492,1,1,14.000000,0.500000,0.500000
493,1,1,27.000000,0.900000,0.500000
494,1,1,16.000000,0.700000,0.500000
495,1,1,12.000000,0.200000,0.500000
496,1,1,14.000000,0.600000,0.500000
497,0,0,20.000000,0.800000,0.500000
498,1,1,11.000000,0.200000,0.500000
499,0,0,15.000000,0.400000,0.500000
500,1,1,15.000000,0.600000,0.500000
501,0,0,14.000000,0.300000,0.500000
502,1,1,24.000000,0.900000,0.500000
503,1,1,13.000000,0.500000,0.500000
504,1,1,14.000000,0.300000,0.500000
505,1,1,15.000000,0.800000,0.500000
506,1,1,17.000000,0.700000,0.500000
507,1,1,14.000000,0.600000,0.500000
508,0,0,15.000000,0.600000,0.500000
509,1,1,19.000000,0.700000,0.500000
510,1,1,14.000000,0.600000,0.500000
511,1,1,12.000000,0.200000,0.500000
512,1,1,15.000000,0.600000,0.500000
513,1,1,14.000000,0.500000,0.500000
514,1,1,21.000000,0.700000,0.500000
515,1,1,15.000000,0.600000,0.500000
516,1,1,20.000000,0.800000,0.500000
517,1,1,14.000000,0.400000,0.500000
518,1,1,13.000000,0.300000,0.500000
519,1,1,15.000000,0.400000,0.500000
520,1,1,13.000000,0.300000,0.500000
521,1,1,20.000000,0.600000,0.500000
522,1,1,24.000000,0.900000,0.500000
523,1,1,25.000000,0.900000,0.500000
524,1,1,15.000000,0.400000,0.500000
525,1,1,15.000000,0.600000,0.500000
526,0,0,17.000000,0.700000,0.500000
527,1,1,13.000000,0.300000,0.500000
528,1,1,12.000000,0.200000,0.500000
529,1,1,10.000000,0.000000,0.500000
530,1,1,14.000000,0.300000,0.500000
531,1,1,15.000000,0.400000,0.500000
532,1,1,15.000000,0.600000,0.500000
533,1,1,19.000000,0.800000,0.500000
534,1,1,19.000000,0.900000,0.500000
535,0,0,22.000000,0.800000,0.500000
536,1,1,17.000000,0.700000,0.500000
537,1,1,15.000000,0.700000,0.500000
538,1,1,13.000000,0.500000,0.500000
539,1,1,13.000000,0.500000,0.500000
540,1,1,13.000000,0.500000,0.500000
541,0,0,13.000000,0.300000,0.500000
542,1,0,14.000000,0.800000,0.500000
543,1,1,17.000000,0.700000,0.500000
544,1,1,12.000000,0.200000,0.500000
545,1,1,14.000000,0.500000,0.500000
546,1,1,21.000000,0.700000,0.500000
547,1,1,12.000000,0.200000,0.500000
548,1,1,13.000000,0.300000,0.500000
549,1,1,12.000000,0.200000,0.500000
550,1,1,12.000000,0.200000,0.500000
551,0,0,21.000000,0.900000,0.500000
552,1,1,10.000000,0.000000,0.500000
553,1,1,25.000000,0.900000,0.500000
554,1,1,14.000000,0.500000,0.500000
555,1,1,14.000000,0.300000,0.500000
556,1,1,19.000000,0.600000,0.500000
557,0,0,12.000000,0.200000,0.500000
558,1,1,16.000000,0.700000,0.500000
559,0,0,17.000000,0.700000,0.500000
560,1,1,14.000000,0.500000,0.500000
561,0,0,20.000000,0.600000,0.500000
562,1,1,15.000000,0.600000,0.500000
563,1,1,13.000000,0.500000,0.500000
564,1,1,13.000000,0.300000,0.500000
565,1,1,14.000000,0.500000,0.500000
566,1,1,13.000000,0.500000,0.500000
567,1,1,13.000000,0.500000,0.500000
568,1,1,23.000000,0.800000,0.500000
569,1,1,13.000000,0.500000,0.500000
570,1,1,13.000000,0.300000,0.500000
571,1,1,21.000000,0.800000,0.500000
572,1,1,14.000000,0.800000,0.500000
573,1,1,38.000000,1.000000,0.500000
574,1,1,14.000000,0.600000,0.500000
575,1,1,14.000000,0.500000,0.500000
576,1,1,20.000000,0.700000,0.500000
577,0,0,18.000000,0.500000,0.500000
578,1,1,16.000000,0.800000,0.500000
579,1,1,18.000000,0.700000,0.500000
580,1,1,35.000000,0.900000,0.500000
581,1,1,14.000000,0.600000,0.500000
582,1,1,17.000000,0.500000,0.500000
583,1,1,13.000000,0.500000,0.500000
584,1,1,28.000000,0.900000,0.500000
585,1,1,12.000000,0.200000,0.500000
586,1,1,14.000000,0.300000,0.500000
587,1,1,19.000000,0.700000,0.500000
588,1,1,13.000000,0.500000,0.500000
589,1,1,13.000000,0.300000,0.500000
590,1,1,21.000000,0.700000,0.500000
591,1,1,10.000000,0.000000,0.500000
592,1,1,15.000000,0.700000,0.500000
593,1,1,16.000000,0.400000,0.500000
594,1,1,16.000000,0.400000,0.500000
595,1,1,18.000000,0.600000,0.500000
596,1,1,13.000000,0.300000,0.500000
597,1,1,13.000000,0.500000,0.500000
598,1,1,26.000000,0.900000,0.500000
599,1,1,17.000000,0.700000,0.500000
600,1,1,10.000000,0.000000,0.500000
601,1,1,15.000000,0.400000,0.500000
602,1,1,13.000000,0.300000,0.500000
603,1,1,18.000000,0.800000,0.500000
604,1,1,13.000000,0.300000,0.500000
605,1,1,23.000000,0.900000,0.500000
606,1,1,16.000000,0.400000,0.500000
607,1,1,34.000000,1.000000,0.500000
608,1,1,17.000000,0.800000,0.500000
609,1,1,27.000000,0.800000,0.500000
610,1,1,17.000000,0.500000,0.500000
611,1,1,21.000000,0.800000,0.500000
612,1,1,20.000000,0.600000,0.500000
613,1,1,23.000000,0.900000,0.500000
614,1,1,14.000000,0.300000,0.500000
615,1,1,12.000000,0.200000,0.500000
616,1,1,12.000000,0.200000,0.500000
617,1,1,16.000000,0.500000,0.500000
618,0,0,15.000000,0.300000,0.500000
619,1,1,15.000000,0.400000,0.500000
620,1,1,24.000000,0.900000,0.500000
621,1,1,18.000000,0.700000,0.500000
622,1,1,23.000000,0.800000,0.500000
623,1,1,20.000000,0.600000,0.500000
624,1,1,15.000000,0.400000,0.500000
625,0,0,17.000000,0.700000,0.500000
626,1,1,12.000000,0.200000,0.500000
627,0,0,17.000000,0.700000,0.500000
628,1,1,18.000000,0.600000,0.500000
629,1,1,16.000000,0.400000,0.500000
630,1,1,28.000000,0.900000,0.500000
631,1,1,13.000000,0.500000,0.500000
632,1,1,19.000000,0.700000,0.500000
633,0,0,16.000000,0.500000,0.500000
634,1,1,12.000000,0.200000,0.500000
635,1,1,13.000000,0.500000,0.500000
636,1,1,15.000000,0.600000,0.500000
637,1,1,17.000000,0.700000,0.500000
638,1,1,23.000000,0.900000,0.500000
639,1,1,13.000000,0.600000,0.500000
640,1,1,13.000000,0.300000,0.500000
641,1,1,13.000000,0.500000,0.500000
642,1,1,14.000000,0.300000,0.500000
643,1,1,13.000000,0.500000,0.500000
644,1,1,21.000000,0.800000,0.500000
645,1,1,24.000000,0.900000,0.500000
646,1,1,14.000000,0.600000,0.500000
647,1,1,16.000000,0.600000,0.500000
648,1,1,15.000000,0.400000,0.500000
649,1,1,14.000000,0.600000,0.500000
650,1,1,13.000000,0.500000,0.500000
651,1,1,29.000000,0.900000,0.500000
652,1,1,16.000000,0.700000,0.500000
653,1,1,10.000000,0.000000,0.500000
654,1,1,14.000000,0.600000,0.500000
655,1,1,14.000000,0.500000,0.500000
656,1,1,13.000000,0.500000,0.500000
657,1,1,15.000000,0.500000,0.500000
658,1,1,19.000000,0.800000,0.500000
659,1,1,19.000000,0.500000,0.500000
660,0,0,14.000000,0.600000,0.500000
661,1,1,15.000000,0.400000,0.500000
662,1,1,15.000000,0.600000,0.500000
663,1,1,10.000000,0.000000,0.500000
664,1,1,25.000000,0.900000,0.500000
665,1,1,17.000000,0.800000,0.500000
666,1,1,14.000000,0.500000,0.500000
667,1,1,25.000000,0.800000,0.500000
668,1,1,13.000000,0.500000,0.500000
669,0,0,13.000000,0.300000,0.500000
670,1,1,22.000000,0.900000,0.500000
671,1,1,17.000000,0.500000,0.500000
672,1,1,13.000000,0.500000,0.500000
673,1,1,18.000000,0.600000,0.500000
674,1,1,13.000000,0.500000,0.500000
675,1,1,12.000000,0.200000,0.500000
676,1,1,17.000000,0.600000,0.500000
677,1,1,21.000000,0.700000,0.500000
678,1,1,12.000000,0.200000,0.500000
679,1,1,27.000000,0.800000,0.500000
680,1,1,18.000000,0.500000,0.500000
681,0,0,22.000000,0.900000,0.500000
682,1,1,15.000000,0.400000,0.500000
683,1,1,14.000000,0.400000,0.500000
684,1,1,13.000000,0.300000,0.500000
685,0,0,14.000000,0.600000,0.500000
686,1,1,25.000000,0.900000,0.500000
687,1,1,10.000000,0.000000,0.500000
688,1,1,15.000000,0.400000,0.500000
689,1,1,12.000000,0.200000,0.500000
690,1,1,16.000000,0.900000,0.500000
691,1,1,14.000000,0.400000,0.500000
692,0,0,20.000000,0.600000,0.500000
693,1,1,17.000000,0.500000,0.500000
694,1,1,12.000000,0.200000,0.500000
695,1,1,16.000000,0.500000,0.500000
696,1,1,19.000000,0.600000,0.500000
697,1,1,15.000000,0.700000,0.500000
698,1,1,10.000000,0.000000,0.500000
699,1,1,13.000000,0.300000,0.500000
700,1,1,14.000000,0.500000,0.500000
701,1,1,13.000000,0.300000,0.500000
702,1,1,14.000000,0.700000,0.500000
703,1,1,18.000000,0.500000,0.500000
704,1,1,13.000000,0.300000,0.500000
705,1,1,13.000000,0.500000,0.500000
706,1,1,12.000000,0.200000,0.500000
707,1,1,16.000000,0.700000,0.500000
708,1,1,14.000000,0.700000,0.500000
709,1,1,13.000000,0.300000,0.500000
710,1,1,14.000000,0.300000,0.500000
711,1,1,14.000000,0.300000,0.500000
712,1,1,18.000000,0.800000,0.500000
713,1,1,10.000000,0.000000,0.500000
714,1,1,13.000000,0.500000,0.500000
715,1,1,10.000000,0.000000,0.500000
716,1,1,19.000000,0.700000,0.500000
717,1,1,16.000000,0.600000,0.500000
718,1,1,13.000000,0.500000,0.500000
719,1,1,23.000000,0.900000,0.500000
720,1,1,12.000000,0.200000,0.500000
721,1,1,13.000000,0.300000,0.500000
722,1,1,14.000000,0.500000,0.500000
723,1,1,17.000000,0.500000,0.500000
724,1,1,14.000000,0.900000,0.500000
725,1,1,15.000000,0.400000,0.500000
726,1,1,28.000000,0.900000,0.500000
727,1,1,21.000000,0.600000,0.500000
728,0,0,14.000000,0.300000,0.500000
729,1,1,15.000000,0.400000,0.500000
730,0,0,17.000000,0.500000,0.500000
731,1,1,19.000000,0.700000,0.500000
732,1,1,21.000000,0.700000,0.500000
733,1,1,19.000000,0.800000,0.500000
734,1,1,16.000000,0.500000,0.500000
735,1,1,15.000000,0.700000,0.500000
736,1,1,25.000000,0.900000,0.500000
737,1,1,16.000000,0.800000,0.500000
738,1,1,19.000000,0.500000,0.500000
739,1,1,13.000000,0.300000,0.500000
740,1,1,12.000000,0.200000,0.500000
741,1,1,18.000000,0.800000,0.500000
742,1,1,13.000000,0.300000,0.500000
743,1,1,19.000000,0.800000,0.500000
744,1,1,12.000000,0.200000,0.500000
745,0,0,31.000000,0.900000,0.500000
746,0,0,18.000000,0.800000,0.500000
747,1,1,18.000000,0.500000,0.500000
748,1,1,14.000000,0.500000,0.500000
749,1,1,13.000000,0.500000,0.500000
750,1,1,15.000000,0.400000,0.500000
751,1,1,13.000000,0.300000,0.500000
752,1,1,35.000000,0.900000,0.500000
753,1,1,16.000000,0.500000,0.500000
754,1,1,20.000000,0.600000,0.500000
755,1,1,24.000000,0.900000,0.500000
756,1,1,14.000000,0.600000,0.500000
757,1,1,13.000000,0.500000,0.500000
758,1,1,16.000000,0.700000,0.500000
759,1,1,20.000000,0.700000,0.500000
760,1,1,17.000000,0.500000,0.500000
761,1,1,18.000000,0.800000,0.500000
762,1,1,13.000000,0.500000,0.500000
763,1,1,10.000000,0.000000,0.500000
764,1,1,14.000000,0.400000,0.500000
765,1,1,13.000000,0.300000,0.500000
766,1,1,27.000000,0.900000,0.500000
767,1,1,21.000000,0.700000,0.500000
768,1,1,22.000000,0.700000,0.500000
769,1,1,15.000000,0.400000,0.500000
770,1,1,14.000000,0.700000,0.500000
771,1,1,14.000000,0.400000,0.500000
772,1,1,19.000000,0.800000,0.500000
773,1,1,15.000000,0.600000,0.500000
774,1,1,23.000000,0.900000,0.500000
775,1,1,16.000000,0.700000,0.500000
776,1,1,15.000000,0.700000,0.500000
777,1,1,19.000000,0.700000,0.500000
778,1,1,12.000000,0.200000,0.500000
779,1,1,19.000000,0.700000,0.500000
780,1,1,19.000000,0.800000,0.500000
781,1,1,30.000000,0.900000,0.500000
782,1,1,13.000000,0.500000,0.500000
783,1,1,15.000000,0.600000,0.500000
784,1,1,23.000000,0.900000,0.500000
785,1,1,17.000000,0.500000,0.500000
786,1,1,14.000000,0.600000,0.500000
787,1,1,16.000000,0.700000,0.500000
788,1,1,16.000000,0.700000,0.500000
789,1,1,13.000000,0.300000,0.500000
790,1,1,13.000000,0.300000,0.500000
791,1,1,14.000000,0.300000,0.500000
792,1,1,10.000000,0.000000,0.500000
793,1,1,12.000000,0.200000,0.500000
794,1,1,10.000000,0.000000,0.500000
795,1,1,27.000000,0.900000,0.500000
796,1,1,26.000000,0.900000,0.500000
797,1,1,14.000000,0.700000,0.500000
798,1,1,16.000000,0.500000,0.500000
799,1,1,15.000000,0.600000,0.500000
800,1,1,15.000000,0.400000,0.500000
801,1,1,12.000000,0.200000,0.500000
802,1,1,18.000000,0.500000,0.500000
803,1,1,14.000000,0.600000,0.500000
804,1,1,13.000000,0.500000,0.500000
805,1,1,30.000000,1.000000,0.500000
806,1,1,10.000000,0.000000,0.500000
807,1,1,20.000000,0.800000,0.500000
808,1,1,13.000000,0.300000,0.500000
809,1,1,20.000000,0.700000,0.500000
810,1,1,19.000000,0.900000,0.500000
811,1,1,21.000000,0.900000,0.500000
812,1,1,10.000000,0.000000,0.500000
813,1,1,19.000000,0.900000,0.500000
814,1,1,18.000000,0.800000,0.500000
815,1,1,15.000000,0.600000,0.500000
816,1,1,13.000000,0.500000,0.500000
817,1,1,31.000000,0.900000,0.500000
818,1,1,13.000000,0.300000,0.500000
819,1,1,13.000000,0.300000,0.500000
820,1,1,19.000000,0.800000,0.500000
821,1,1,20.000000,0.800000,0.500000
822,1,1,13.000000,0.500000,0.500000
823,1,1,19.000000,0.800000,0.500000
824,1,1,12.000000,0.300000,0.500000
825,1,1,17.000000,0.700000,0.500000
826,1,1,13.000000,0.500000,0.500000
827,1,1,12.000000,0.200000,0.500000
828,1,1,12.000000,0.200000,0.500000
829,1,1,12.000000,0.200000,0.500000
830,1,1,15.000000,0.700000,0.500000
831,1,1,10.000000,0.000000,0.500000
832,1,1,13.000000,0.300000,0.500000
833,1,1,12.000000,0.200000,0.500000
834,1,1,16.000000,0.700000,0.500000
835,1,1,12.000000,0.200000,0.500000
836,1,1,14.000000,0.600000,0.500000
837,1,1,13.000000,0.300000,0.500000
838,1,1,18.000000,0.500000,0.500000
839,1,1,15.000000,0.700000,0.500000
840,1,1,15.000000,0.700000,0.500000
841,1,1,16.000000,0.700000,0.500000
842,1,1,13.000000,0.500000,0.500000
843,1,1,13.000000,0.500000,0.500000
844,1,1,15.000000,0.400000,0.500000
845,1,1,10.000000,0.000000,0.500000
846,1,1,20.000000,0.700000,0.500000
847,1,1,19.000000,0.800000,0.500000
848,1,1,14.000000,0.400000,0.500000
849,1,1,14.000000,0.600000,0.500000
850,1,1,14.000000,0.600000,0.500000
851,1,1,16.000000,0.500000,0.500000
852,1,1,13.000000,0.500000,0.500000
853,1,1,14.000000,0.500000,0.500000
854,1,1,22.000000,0.800000,0.500000
855,1,1,13.000000,0.500000,0.500000
856,0,0,14.000000,0.600000,0.500000
857,1,1,14.000000,0.500000,0.500000
858,1,1,10.000000,0.000000,0.500000
859,1,1,14.000000,0.300000,0.500000
860,1,1,18.000000,0.700000,0.500000
861,1,1,14.000000,0.600000,0.500000
862,0,0,12.000000,0.200000,0.500000
863,1,1,26.000000,0.900000,0.500000
864,1,1,16.000000,0.500000,0.500000
865,1,1,14.000000,0.600000,0.500000
866,0,0,18.000000,0.600000,0.500000
867,1,1,13.000000,0.500000,0.500000
868,1,1,19.000000,0.700000,0.500000
869,1,1,14.000000,0.300000,0.500000
870,1,1,18.000000,0.900000,0.500000
871,1,1,15.000000,0.400000,0.500000
872,1,1,14.000000,0.500000,0.500000
873,1,1,13.000000,0.500000,0.500000
874,0,0,14.000000,0.600000,0.500000
875,1,1,17.000000,0.500000,0.500000
876,1,1,17.000000,0.500000,0.500000
877,1,1,20.000000,0.600000,0.500000
878,1,1,16.000000,0.700000,0.500000
879,1,1,12.000000,0.200000,0.500000
880,1,1,14.000000,0.300000,0.500000
881,1,1,23.000000,0.900000,0.500000
882,1,1,19.000000,0.600000,0.500000
883,1,1,13.000000,0.500000,0.500000
884,1,1,13.000000,0.500000,0.500000
885,1,1,21.000000,0.900000,0.500000
886,1,1,19.000000,0.900000,0.500000
887,0,0,13.000000,0.500000,0.500000
888,1,1,15.000000,0.800000,0.500000
889,1,1,13.000000,0.300000,0.500000
890,1,1,14.000000,0.600000,0.500000
891,1,1,12.000000,0.200000,0.500000
892,1,1,10.000000,0.000000,0.500000
893,0,0,13.000000,0.300000,0.500000
894,1,1,13.000000,0.500000,0.500000
895,1,1,15.000000,0.700000,0.500000
896,1,1,24.000000,0.800000,0.500000
897,1,1,27.000000,0.900000,0.500000
898,0,0,13.000000,0.300000,0.500000
899,1,1,13.000000,0.500000,0.500000
900,1,1,14.000000,0.500000,0.500000
901,1,1,14.000000,0.300000,0.500000
902,1,1,40.000000,1.000000,0.500000
903,1,1,24.000000,0.700000,0.500000
904,1,1,28.000000,0.900000,0.500000
905,1,1,12.000000,0.200000,0.500000
906,1,1,19.000000,0.800000,0.500000
907,1,1,16.000000,0.500000,0.500000
908,1,1,10.000000,0.000000,0.500000
909,1,1,29.000000,0.900000,0.500000
910,1,1,15.000000,0.400000,0.500000
911,1,1,20.000000,0.900000,0.500000
912,1,1,12.000000,0.200000,0.500000
913,1,1,13.000000,0.300000,0.500000
914,1,1,17.000000,0.500000,0.500000
915,1,1,24.000000,0.800000,0.500000
916,1,1,14.000000,0.500000,0.500000
917,1,1,12.000000,0.200000,0.500000
918,1,1,18.000000,0.800000,0.500000
919,1,1,10.000000,0.000000,0.500000
920,1,1,15.000000,0.600000,0.500000
921,1,1,13.000000,0.300000,0.500000
922,1,1,13.000000,0.300000,0.500000
923,1,1,13.000000,0.500000,0.500000
924,1,1,18.000000,0.800000,0.500000
925,1,1,12.000000,0.300000,0.500000
926,1,1,15.000000,0.400000,0.500000
927,1,1,13.000000,0.300000,0.500000
928,0,0,13.000000,0.300000,0.500000
929,1,1,15.000000,0.700000,0.500000
930,1,1,15.000000,0.600000,0.500000
931,1,1,14.000000,0.600000,0.500000
932,1,1,16.000000,0.500000,0.500000
933,1,1,13.000000,0.300000,0.500000
934,1,1,27.000000,0.900000,0.500000
935,1,1,16.000000,0.800000,0.500000
936,1,1,15.000000,0.600000,0.500000
937,1,1,16.000000,0.700000,0.500000
938,1,1,20.000000,0.800000,0.500000
939,1,1,18.000000,0.800000,0.500000
940,1,1,10.000000,0.000000,0.500000
941,1,1,13.000000,0.300000,0.500000
942,1,1,14.000000,0.600000,0.500000
943,1,1,13.000000,0.300000,0.500000
944,1,1,14.000000,0.600000,0.500000
945,1,1,22.000000,0.700000,0.500000
946,1,1,23.000000,0.900000,0.500000
947,1,1,13.000000,0.500000,0.500000
948,0,0,11.000000,0.200000,0.500000
949,1,1,17.000000,0.500000,0.500000
950,1,1,22.000000,0.800000,0.500000
951,1,1,16.000000,0.400000,0.500000
952,1,1,12.000000,0.200000,0.500000
953,0,0,13.000000,0.500000,0.500000
954,1,1,13.000000,0.300000,0.500000
955,1,1,14.000000,0.600000,0.500000
956,1,1,17.000000,0.700000,0.500000
957,1,1,14.000000,0.600000,0.500000
958,1,1,15.000000,0.400000,0.500000
959,1,1,19.000000,0.700000,0.500000
960,0,0,14.000000,0.600000,0.500000
961,1,1,21.000000,0.800000,0.500000
962,1,1,16.000000,0.900000,0.500000
963,1,1,15.000000,0.600000,0.500000
964,1,1,22.000000,0.900000,0.500000
965,1,1,17.000000,0.700000,0.500000
966,1,1,18.000000,0.500000,0.500000
967,0,0,13.000000,0.300000,0.500000
968,1,1,12.000000,0.200000,0.500000
969,1,1,22.000000,0.800000,0.500000
970,1,1,17.000000,0.400000,0.500000
971,1,1,15.000000,0.700000,0.500000
972,1,1,20.000000,0.600000,0.500000
973,1,1,12.000000,0.200000,0.500000
974,1,1,16.000000,0.600000,0.500000
975,1,1,16.000000,0.700000,0.500000
976,1,1,15.000000,0.700000,0.500000
977,1,1,16.000000,0.400000,0.500000
978,1,1,13.000000,0.500000,0.500000
979,1,1,22.000000,0.800000,0.500000
980,1,1,13.000000,0.500000,0.500000
981,1,1,13.000000,0.300000,0.500000
982,1,1,16.000000,0.500000,0.500000
983,1,1,13.000000,0.500000,0.500000
984,1,1,14.000000,0.300000,0.500000
985,1,1,23.000000,0.900000,0.500000
986,1,1,23.000000,0.700000,0.500000
987,1,1,14.000000,0.600000,0.500000
988,1,1,14.000000,0.500000,0.500000
989,0,0,22.000000,0.900000,0.500000
990,1,1,13.000000,0.500000,0.500000
991,1,1,13.000000,0.300000,0.500000
992,1,1,22.000000,0.800000,0.500000
993,1,1,13.000000,0.500000,0.500000
994,1,1,13.000000,0.500000,0.500000
995,1,1,19.000000,0.700000,0.500000
996,1,1,12.000000,0.200000,0.500000
997,1,1,10.000000,0.000000,0.500000
998,0,0,19.000000,0.700000,0.500000
999,0,0,14.000000,0.600000,0.500000
WorkerID,Gamma,TrueGamma
936,0.465009,1.370618
637,0.368694,0.476902
715,0.557066,1.080282
283,0.586062,1.782178
57,0.516422,1.155949
760,0.497504,0.829438
395,0.536642,1.096840
63,0.420027,0.567131
357,0.761034,2.327803
783,0.631507,3.119225
1,0.484425,0.831918
220,0.525173,1.520767
624,0.399283,0.374182
523,0.673685,1.834136
83,0.476015,0.816391
532,0.501377,0.415187
379,0.563841,1.488917
456,0.612747,1.410775
868,0.451121,0.872317
612,0.469124,1.480982
690,0.639843,1.519187
157,0.485990,0.579657
999,0.587562,1.508811
432,0.546024,1.965672
556,0.471117,0.991986
714,0.557599,1.268573
942,0.506644,0.604140
108,0.509019,1.424837
113,0.471277,0.827687
571,0.501814,1.091551
755,0.458210,0.751699
342,0.517030,1.121457
785,0.453212,0.538785
600,0.394552,0.546980
721,0.478647,0.839310
492,0.464305,1.579006
460,0.483222,1.114994
705,0.468408,0.789457
574,0.554385,1.812331
127,0.452373,0.791470
222,0.489137,1.322558
990,0.549656,1.475357
706,0.544458,0.640648
203,0.392013,1.286938
565,0.381521,0.525511
158,0.619269,2.786333
634,0.531180,1.737897
791,0.539795,1.127571
100,0.554000,1.572841
598,0.622676,2.214628
801,0.702794,1.831562
810,0.492309,0.591920
232,0.494554,0.567234
348,0.459105,0.350180
910,0.518418,1.559642
674,0.550574,1.937266
887,0.485637,1.223484
34,0.654834,1.365397
447,0.592340,1.950029
542,0.607199,1.208282
320,0.457188,1.841646
660,0.457075,0.495365
662,0.483001,1.279194
656,0.556675,1.106033
413,0.426423,0.745984
58,0.501892,0.816159
174,0.551641,0.537266
702,0.460477,0.819982
989,0.434639,1.044370
827,0.743219,2.060286
351,0.573873,1.248061
366,0.386297,0.381459
466,0.576771,2.084929
865,0.633602,1.056134
358,0.528734,0.997308
267,0.484762,0.700682
758,0.523490,0.897870
97,0.565068,1.242083
984,0.511877,1.381777
101,0.484787,0.896516
772,0.551492,1.706348
414,0.545648,2.149861
405,0.558376,0.974623
967,0.436981,0.433309
599,0.469080,1.738405
155,0.451202,0.885715
860,0.494416,0.426864
935,0.591332,0.893864
747,0.507198,0.910426
811,0.582504,1.809419
678,0.447393,0.628493
274,0.508394,2.140179
704,0.577606,1.003941
288,0.495380,0.762438
194,0.504615,1.041853
539,0.353416,0.624534
21,0.493202,0.981627
672,0.605149,1.112307
412,0.517361,1.317363
188,0.550045,1.459681
681,0.501309,2.696487
900,0.481175,0.655904
45,0.664466,2.912709
464,0.508356,0.988190
133,0.382828,0.299482
588,0.462270,0.404371
18,0.426461,0.476223
160,0.526366,1.078552
536,0.565061,1.303125
929,0.482647,0.369912
962,0.397263,0.488074
345,0.459851,1.798510
770,0.492266,1.257735
938,0.526801,0.469162
80,0.626010,1.174223
862,0.602215,1.457901
618,0.549199,1.286706
763,0.521680,1.696181
219,0.601997,1.516698
585,0.584865,1.091215
870,0.607856,1.319344
885,0.531652,0.998352
703,0.491392,0.515955
156,0.426107,1.033392
109,0.493490,2.112934
718,0.492200,1.335473
68,0.527690,0.772984
29,0.489424,0.895381
330,0.492159,1.703951
924,0.624637,0.996116
589,0.589070,0.769394
403,0.454184,0.931885
349,0.436791,1.377361
986,0.549586,1.678251
52,0.521934,0.882941
944,0.652485,1.090571
129,0.578121,1.039862
728,0.568134,1.412638
91,0.521029,0.636547
940,0.535803,1.011984
626,0.643283,1.228245
515,0.564939,0.655725
737,0.586352,1.154737
913,0.424008,0.225468
736,0.596145,2.011080
135,0.492917,2.037236
682,0.549814,0.793187
173,0.632283,1.821216
310,0.442756,0.946442
614,0.693444,1.973351
653,0.599399,1.766869
416,0.469661,0.603811
769,0.469067,0.780146
258,0.501022,1.257507
422,0.678760,1.053770
979,0.472271,0.857746
593,0.436861,0.599665
5,0.491470,0.307512
666,0.452382,0.602100
905,0.571099,1.563527
431,0.592772,1.392476
202,0.687815,1.060569
828,0.562736,1.022938
928,0.514609,0.512710
684,0.541317,0.875591
909,0.469768,0.986436
245,0.522632,1.137550
296,0.505702,1.813865
122,0.466091,0.464909
69,0.508321,0.734275
655,0.543966,0.810961
729,0.609898,0.915001
461,0.566735,0.932225
606,0.444118,0.779311
195,0.646320,1.055230
27,0.590572,2.264042
727,0.627642,1.153257
851,0.560078,1.033173
251,0.397515,0.490242
81,0.569970,1.031184
208,0.512785,1.142193
337,0.719591,0.844217
147,0.619255,0.799751
321,0.611307,1.855165
394,0.683650,1.507166
446,0.403745,0.542498
176,0.481441,1.233040
696,0.553091,1.094793
809,0.613370,1.431545
596,0.592748,1.109976
247,0.583665,0.730781
819,0.594693,1.209997
759,0.641246,3.260977
787,0.487846,1.281396
832,0.509691,1.043922
263,0.578673,1.266980
401,0.574054,2.154548
800,0.463374,0.809389
748,0.537508,1.247165
93,0.717036,1.387870
420,0.543539,1.569602
250,0.445512,0.212515
123,0.629414,2.212395
487,0.515667,1.803556
603,0.549812,1.124483
746,0.506009,0.600587
128,0.661275,1.936640
983,0.499637,0.552600
410,0.421108,0.541002
806,0.622393,1.038297
591,0.663912,3.205345
450,0.567638,1.612629
601,0.463122,0.872967
980,0.563418,1.183794
749,0.445469,0.664628
988,0.493920,2.122945
119,0.546364,1.484476
867,0.505245,1.152863
235,0.544297,1.210864
830,0.478665,0.379145
693,0.468468,0.854956
642,0.596939,0.970713
946,0.498205,0.829232
617,0.445401,0.922148
411,0.418919,0.300595
951,0.532996,0.481691
154,0.568220,1.714007
941,0.456275,0.920909
270,0.630833,2.449049
677,0.437522,0.410836
912,0.498142,0.180486
406,0.435996,0.239788
620,0.656065,1.137402
178,0.661682,1.123368
95,0.612306,1.386747
689,0.576203,1.495074
72,0.480430,1.068089
462,0.570858,1.055584
937,0.593625,1.691704
209,0.589851,1.449152
766,0.596396,1.272218
476,0.641785,0.977460
35,0.460713,1.028525
594,0.667982,2.183642
218,0.475812,0.272334
356,0.643350,1.515924
899,0.796751,1.495666
346,0.579285,2.083072
823,0.438633,0.502668
242,0.657068,1.271435
514,0.555189,0.933140
106,0.630467,0.980586
850,0.480251,0.390144
260,0.634023,1.661503
840,0.691650,1.253545
425,0.585988,0.521592
557,0.569991,2.092263
41,0.548390,0.818959
836,0.585669,0.990335
164,0.500832,0.488303
276,0.454079,0.405437
313,0.523429,0.852673
423,0.634904,1.180825
879,0.538553,1.163172
55,0.543953,0.449351
675,0.579841,0.679908
291,0.712004,1.970262
117,0.663828,1.068084
629,0.544390,0.960675
802,0.606741,0.874213
782,0.721427,3.320639
625,0.502083,0.367686
116,0.582520,1.179370
339,0.570397,1.181349
927,0.520526,1.326401
318,0.625643,1.280017
470,0.564290,1.818717
213,0.406794,0.395220
386,0.427276,0.391313
587,0.525158,0.949003
647,0.614399,1.329238
255,0.510050,0.507494
753,0.593846,1.421214
998,0.619007,1.535706
866,0.675342,0.991636
525,0.652185,1.323620
794,0.620433,1.844825
85,0.719076,3.888110
513,0.669879,1.022644
838,0.456263,1.525286
66,0.532432,0.454014
644,0.514293,0.609486
363,0.602388,0.519580
834,0.645152,1.506021
54,0.497092,0.490338
499,0.713653,1.021831
59,0.524431,1.067360
221,0.419887,0.577549
730,0.541664,0.645689
305,0.537125,1.574437
378,0.500819,0.942667
920,0.547367,1.024471
375,0.444328,0.206348
384,0.618425,0.831052
297,0.548091,0.853290
141,0.541785,0.915466
507,0.661919,3.038766
214,0.555396,0.730021
246,0.542904,0.995677
992,0.472693,1.030803
506,0.499573,0.456819
649,0.473420,0.984544
240,0.533106,1.760441
530,0.444915,0.413080
685,0.609613,1.204677
844,0.494757,0.788245
38,0.494219,0.434028
437,0.377033,0.130868
605,0.426665,0.255581
873,0.566373,1.508077
429,0.679622,2.298231
972,0.492347,0.538086
400,0.465684,1.257374
328,0.511958,1.131926
482,0.497193,0.819944
452,0.530863,0.439917
731,0.607454,1.779486
949,0.469832,0.490434
125,0.568099,0.884107
383,0.589539,1.338859
512,0.622439,1.374548
579,0.625821,1.132325
204,0.489899,0.744628
567,0.470759,0.352867
284,0.474416,0.723603
575,0.617075,1.263418
694,0.460248,1.169442
804,0.628689,1.631733
708,0.716782,1.867294
881,0.484225,0.248861
779,0.592993,1.724884
478,0.617397,2.279062
793,0.702316,1.983470
215,0.592031,1.859944
282,0.587571,1.446291
864,0.445036,1.961299
776,0.512643,0.709684
71,0.572330,0.516221
486,0.615976,1.474963
724,0.490936,0.709015
597,0.590861,0.474833
322,0.615012,1.293015
722,0.703929,1.596659
611,0.675249,1.014072
61,0.562687,0.712529
415,0.513955,0.874596
997,0.502160,0.488746
771,0.520946,0.402041
546,0.642987,0.844303
327,0.597868,1.299017
572,0.582572,1.585535
370,0.565220,0.658999
812,0.506127,1.055347
382,0.644242,1.169908
53,0.553938,2.530244
947,0.586810,1.183071
439,0.551323,0.793266
78,0.684899,1.100726
799,0.541698,0.908155
56,0.620514,1.877960
856,0.637830,1.394166
192,0.564380,0.762090
22,0.569190,0.819200
775,0.681718,2.533734
898,0.678497,2.137288
112,0.501240,0.538221
754,0.618898,0.786656
817,0.477155,0.472060
945,0.579423,0.934838
483,0.687111,1.661033
484,0.744509,2.460483
798,0.478091,0.684761
323,0.515499,1.092294
14,0.462066,0.994950
469,0.559715,0.955339
90,0.508685,1.205182
2,0.582572,1.769609
98,0.521969,0.717727
619,0.565599,0.667967
491,0.525257,0.636506
124,0.698962,0.619417
207,0.543235,1.036507
849,0.736753,1.393875
669,0.633549,1.297817
734,0.602080,0.870834
226,0.632281,2.124763
877,0.586583,0.690556
184,0.710724,2.721579
726,0.499230,0.598589
805,0.583650,0.561501
932,0.503885,0.462640
845,0.535420,0.832896
907,0.403298,0.762369
922,0.499121,1.606832
713,0.613437,1.527136
272,0.622890,1.145678
162,0.576329,1.099090
37,0.645471,1.989436
92,0.473828,0.477006
459,0.612163,1.717502
741,0.510535,1.465067
500,0.501475,0.729316
271,0.716619,2.484291
304,0.597575,3.674873
857,0.606848,0.903551
894,0.583006,0.627385
679,0.581640,0.906680
738,0.636682,1.948628
140,0.728861,2.004492
196,0.611789,1.062418
75,0.506850,0.694045
818,0.520846,0.429112
77,0.576286,0.791912
554,0.603246,0.606938
964,0.535310,1.338937
161,0.708002,1.528274
490,0.704756,1.922765
295,0.534282,0.651800
519,0.529371,0.616349
33,0.518131,1.317283
982,0.570703,2.109683
397,0.558464,0.863494
869,0.662869,2.054613
440,0.565798,0.245884
570,0.666814,2.192948
552,0.588669,2.829828
561,0.507735,0.968361
872,0.606875,0.780789
939,0.466637,0.776955
527,0.606519,1.460787
826,0.465981,0.417654
434,0.514591,0.447759
847,0.656957,2.073201
200,0.532179,0.952434
74,0.660346,1.033751
709,0.520096,1.227022
521,0.675706,1.530329
114,0.672817,1.707157
564,0.591922,0.469729
950,0.586566,2.017207
952,0.627494,1.688480
953,0.617491,1.780659
764,0.557723,1.099454
445,0.695336,1.927733
664,0.563308,1.996854
311,0.624034,1.568655
516,0.542761,0.552887
477,0.630441,1.343370
699,0.666620,1.761820
201,0.632613,2.335576
3,0.712033,1.065351
402,0.604598,2.058155
744,0.639283,1.046389
526,0.588959,1.454445
300,0.437202,0.360508
651,0.489543,1.026312
886,0.642890,0.964292
831,0.588851,0.434668
961,0.575906,0.858373
453,0.688910,1.474735
901,0.550226,0.657731
299,0.728275,1.188795
934,0.482239,0.334376
814,0.593009,1.552614
28,0.532640,0.758501
193,0.730383,1.672292
239,0.498735,1.675008
319,0.509505,0.689563
842,0.607694,1.577734
897,0.623152,1.609097
334,0.494710,0.833838
825,0.462695,1.224283
47,0.595488,1.418719
419,0.569440,0.595958
707,0.674086,1.350848
278,0.687265,1.872473
569,0.537748,0.992050
149,0.673493,1.271975
948,0.652682,1.594708
697,0.598745,0.717333
372,0.657349,0.777530
230,0.556327,0.527169
285,0.590157,1.543025
813,0.498355,1.148168
890,0.521453,1.052205
613,0.581208,0.798044
488,0.701944,1.061905
973,0.635509,1.444353
362,0.741972,1.805915
10,0.621109,0.506795
237,0.513103,0.535025
829,0.773898,1.802451
837,0.656795,1.546580
301,0.611965,0.906148
317,0.611634,1.036276
442,0.502140,0.666493
781,0.567390,1.024629
427,0.705860,0.963365
671,0.694016,1.247578
294,0.739077,1.510397
915,0.414552,0.259755
496,0.524153,1.078594
511,0.555569,1.439576
576,0.762504,2.068872
241,0.482581,0.824109
555,0.600758,1.016496
25,0.576317,0.647302
553,0.618960,0.923472
105,0.677874,2.556124
324,0.525079,0.567981
325,0.601687,1.418497
852,0.678842,0.739266
604,0.799209,2.814886
253,0.658156,1.625500
224,0.688444,0.655116
686,0.752783,1.538628
497,0.689884,1.591369
15,0.685279,2.181559
695,0.581680,1.609504
139,0.483033,1.129956
790,0.578727,0.550025
680,0.541374,0.943388
292,0.547610,1.544990
815,0.609240,0.788170
954,0.681751,0.884121
392,0.593343,1.539789
581,0.600164,0.792226
169,0.611426,0.783970
210,0.548604,1.019823
371,0.594244,2.468548
262,0.490057,0.698083
875,0.590195,0.821547
751,0.524335,1.902711
426,0.697141,1.283673
145,0.589639,1.412522
621,0.629087,1.471523
389,0.556516,1.414439
839,0.522979,0.673865
643,0.617889,1.593921
880,0.566686,0.922848
902,0.485088,1.178985
863,0.611798,1.192081
472,0.617323,1.399645
243,0.664289,1.088037
719,0.682346,1.300948
562,0.598168,0.676968
792,0.557497,0.687194
921,0.630916,1.039291
821,0.481019,1.237499
797,0.526390,0.492896
344,0.574038,1.338601
185,0.603450,1.154884
332,0.652974,1.297060
963,0.613984,2.815638
573,0.659274,1.102527
308,0.700464,1.366978
698,0.527319,0.890883
261,0.500292,0.794462
853,0.499361,0.413880
904,0.584140,2.289277
132,0.664589,2.079801
960,0.604337,0.909455
252,0.510335,1.179452
622,0.436780,0.432848
855,0.651124,1.752720
768,0.595023,1.433951
528,0.570690,0.446900
803,0.541413,0.222414
86,0.618744,1.306024
31,0.731271,1.530149
279,0.585675,1.983348
454,0.520030,0.910639
79,0.609001,1.295200
99,0.648690,0.774081
846,0.673089,1.731115
668,0.609870,0.979607
752,0.630626,1.499645
151,0.663785,0.972157
750,0.601561,0.937567
259,0.610056,1.802922
110,0.611007,1.550760
908,0.494429,0.204186
309,0.520500,1.185081
198,0.658988,2.359091
187,0.598326,1.877877
883,0.579926,0.718151
876,0.591730,1.405201
51,0.723785,2.536628
343,0.569559,0.691391
329,0.651523,2.197680
76,0.682277,1.065285
336,0.541650,1.214121
761,0.693790,1.586245
475,0.517804,0.540732
645,0.508230,0.444094
789,0.657004,1.143287
582,0.627251,2.496186
443,0.621235,1.787902
142,0.502215,1.495143
733,0.623337,1.260216
874,0.622517,1.729675
303,0.709040,2.220698
393,0.677538,1.463225
970,0.572524,0.786769
848,0.760043,1.878827
468,0.553422,0.917638
223,0.650668,1.651374
441,0.579648,0.772866
739,0.605683,1.350738
191,0.637710,1.275269
369,0.640047,1.326547
959,0.580583,0.507519
580,0.620872,1.000291
550,0.538380,1.591074
931,0.626833,1.156331
435,0.537702,0.722555
82,0.595862,0.995651
43,0.502708,1.118689
340,0.615031,1.272223
966,0.537515,0.872936
350,0.692867,2.496816
60,0.768649,1.273609
104,0.586988,0.816387
602,0.611327,1.061894
996,0.574848,1.268988
608,0.674891,0.777103
333,0.745330,2.542083
545,0.519674,0.638926
126,0.612010,2.008116
919,0.603027,2.102900
503,0.560906,0.669026
723,0.669212,2.002408
265,0.577640,1.171663
398,0.519885,0.668930
537,0.708769,2.074919
517,0.491262,1.738883
152,0.585895,1.552991
359,0.619923,1.710684
858,0.478047,0.610390
710,0.560105,0.884549
180,0.770947,1.388778
968,0.640318,1.063999
121,0.461353,1.074894
89,0.611221,0.415991
559,0.692052,1.610699
467,0.690809,1.369398
529,0.518319,0.875584
777,0.544248,0.904339
175,0.670493,0.669360
353,0.591826,1.528467
465,0.533826,0.515404
498,0.627219,1.560645
197,0.607009,1.364321
974,0.613760,0.917474
712,0.740006,1.190772
231,0.614725,2.313610
543,0.677706,0.788615
290,0.531971,1.616281
136,0.618597,2.079686
971,0.618112,1.385199
577,0.565833,2.215542
916,0.581777,1.579181
134,0.561089,0.921624
138,0.599394,0.747728
12,0.730524,2.061351
584,0.656789,1.867277
502,0.548341,0.191540
796,0.691195,2.167610
969,0.600249,0.469121
404,0.697421,1.728471
636,0.611617,1.285648
489,0.644495,0.981423
976,0.666139,0.903551
354,0.609613,1.145840
795,0.713407,2.354849
661,0.563765,0.945598
917,0.537444,0.514844
172,0.696307,1.189842
307,0.600198,1.147598
906,0.705330,1.049685
458,0.740737,1.518648
975,0.728087,2.104278
638,0.631448,0.881345
583,0.557583,0.528666
878,0.723804,1.728760
610,0.577892,1.248266
153,0.552380,0.892972
19,0.555100,0.525206
4,0.608812,0.741513
627,0.596679,1.280870
778,0.687064,1.343439
171,0.452231,0.701220
120,0.535901,1.786185
658,0.647253,1.184139
640,0.519790,0.952099
657,0.542541,0.848523
275,0.535854,0.461963
568,0.702631,1.879835
146,0.652360,1.005619
756,0.597828,0.867422
9,0.549289,0.934300
376,0.663083,2.767380
381,0.661745,0.709283
177,0.632898,0.790940
544,0.663236,1.094485
925,0.547324,0.661467
663,0.591677,2.320986
956,0.595883,0.689237
298,0.593467,1.619966
547,0.608330,0.931337
396,0.703036,1.755566
65,0.603401,0.760231
199,0.600530,0.997903
338,0.573280,1.370408
578,0.642338,3.571470
380,0.672751,0.792378
531,0.511043,0.887475
331,0.606665,0.829387
859,0.599826,0.745453
688,0.658215,1.321843
592,0.609108,1.516236
244,0.638203,0.821443
965,0.507776,0.998465
667,0.483824,0.306375
115,0.701013,1.477526
249,0.680670,1.656493
266,0.618496,0.844469
471,0.673772,1.718214
103,0.546789,0.459866
73,0.563774,1.744527
918,0.612657,0.696976
181,0.635486,2.659356
654,0.627136,1.008496
586,0.619165,0.747081
62,0.777867,1.092267
326,0.648526,0.638260
774,0.719927,1.040725
991,0.662048,1.538447
509,0.546356,1.681734
170,0.543938,1.053042
692,0.781027,1.196446
179,0.722958,1.561828
257,0.686933,1.358978
206,0.642463,0.927820
314,0.762371,2.094250
30,0.631311,0.728901
670,0.585393,0.491666
891,0.516313,0.745832
228,0.643818,1.698929
131,0.739949,2.418382
107,0.885608,2.207263
39,0.545126,0.222750
7,0.588866,0.744468
148,0.569774,0.107603
893,0.725591,1.353900
700,0.576813,0.982199
955,0.556757,0.823610
926,0.709853,1.085254
236,0.611980,2.308695
896,0.639520,1.198733
368,0.642095,0.614718
995,0.689875,0.964720
212,0.574100,0.596026
316,0.629609,0.907641
895,0.661520,0.997037
150,0.787248,1.788721
522,0.621321,1.906226
745,0.769251,3.028675
665,0.528873,0.567853
635,0.624072,1.404162
335,0.626917,1.053865
248,0.561004,0.934438
211,0.512710,0.310043
433,0.661866,0.576961
725,0.585659,1.200141
216,0.674634,1.825074
977,0.584658,0.712026
183,0.825402,2.188374
914,0.659558,0.831463
652,0.585359,0.791601
233,0.645590,1.947464
130,0.587519,0.631307
167,0.600006,1.575826
871,0.591525,1.309065
717,0.662594,0.974881
40,0.682647,1.600307
32,0.594749,0.815880
541,0.623096,0.939316
352,0.802888,1.722693
367,0.627926,0.860759
538,0.619231,0.904902
391,0.539897,1.589381
687,0.555975,1.410132
287,0.793434,1.385209
807,0.783499,2.698576
430,0.806435,1.549134
841,0.551916,0.289633
548,0.855025,1.976519
735,0.672521,0.978727
390,0.651710,1.483274
88,0.757693,1.279241
762,0.671131,0.856183
94,0.602819,0.768467
501,0.653348,0.801020
549,0.598928,0.440538
765,0.713526,1.162617
13,0.621893,1.267681
455,0.561274,1.256810
540,0.564778,0.530642
884,0.658631,1.298675
159,0.565283,0.872652
508,0.593883,1.346822
816,0.630804,1.106836
474,0.715816,1.533479
854,0.614032,0.854315
364,0.767273,2.483105
286,0.643777,0.665735
773,0.562792,1.295253
436,0.485670,0.618415
780,0.746011,3.014912
923,0.665699,1.525799
505,0.703136,2.204914
8,0.709692,2.054827
535,0.593919,1.212892
595,0.522074,0.601940
385,0.665017,1.611787
238,0.650965,1.480775
0,0.752630,1.490108
254,0.638917,1.183461
48,0.683740,1.864914
533,0.552518,0.468646
480,0.724897,1.498139
315,0.667551,1.120571
650,0.550040,1.343000
981,0.627283,0.780092
882,0.670096,0.780363
607,0.671205,1.077472
757,0.555584,0.722755
609,0.694768,1.553343
889,0.576414,1.145840
463,0.676515,1.073363
408,0.785490,1.574597
740,0.591503,1.363141
365,0.682393,1.635312
481,0.692624,3.173114
302,0.617625,0.503553
493,0.651988,1.546962
993,0.760684,3.026662
377,0.649146,0.637531
36,0.537858,0.543753
17,0.579249,0.756633
494,0.739277,1.098895
269,0.693498,1.645317
987,0.726706,0.857562
182,0.745667,1.712466
985,0.719614,1.600313
786,0.628808,0.846927
143,0.550531,0.541122
639,0.757086,1.072289
590,0.581276,0.989166
742,0.706316,0.269903
225,0.717666,1.810111
268,0.647330,1.263656
312,0.589054,0.917885
520,0.613150,1.404041
102,0.586452,0.458025
711,0.660642,0.954228
943,0.597608,1.728297
26,0.772395,1.308389
673,0.567094,0.941012
438,0.537016,0.613069
417,0.493025,0.878004
888,0.631018,0.519945
144,0.706839,1.742757
399,0.664234,1.273825
163,0.664369,1.152282
767,0.764200,1.641653
451,0.618948,0.478663
118,0.469725,0.142442
835,0.824628,2.458494
373,0.597716,0.610122
444,0.647627,1.801951
46,0.696006,0.868724
534,0.708008,2.348706
361,0.826218,3.035083
632,0.647189,1.195515
306,0.641704,0.361825
49,0.662680,1.930309
23,0.680895,1.511400
96,0.647081,1.060904
421,0.795114,1.789848
67,0.794995,0.758328
273,0.678443,0.684044
903,0.679413,1.279127
84,0.559713,1.120882
822,0.562860,0.719632
289,0.733838,1.661902
911,0.639229,1.169901
428,0.614478,0.693363
784,0.615628,0.205252
641,0.546669,0.464397
355,0.739933,0.931643
87,0.567445,0.631751
628,0.736753,1.829827
566,0.745437,2.215581
820,0.584320,0.622673
186,0.628190,0.787809
256,0.725973,1.628894
616,0.741845,1.900718
11,0.743033,2.294608
551,0.784479,1.726892
558,0.799917,2.178966
563,0.588861,0.754429
691,0.640372,1.056565
165,0.677276,1.474409
930,0.868776,2.446263
341,0.700407,1.298354
623,0.723807,1.125453
683,0.670717,1.296221
843,0.786155,1.259439
743,0.671969,0.625584
44,0.711660,1.201064
217,0.709473,0.795846
360,0.565290,0.447257
892,0.729469,0.809371
449,0.653862,1.162446
387,0.756487,1.194077
615,0.835173,1.757536
510,0.636234,0.909985
418,0.655441,0.516803
168,0.700489,0.709137
479,0.728673,2.120034
424,0.611768,0.982182
861,0.835923,2.545600
457,0.820545,1.658275
473,0.794076,1.351332
50,0.632456,0.272840
264,0.702599,0.685394
227,0.668124,0.889903
64,0.775360,0.930895
70,0.663444,1.151382
281,0.641731,1.100035
24,0.613434,0.661036
347,0.769418,1.551548
190,0.710778,0.826688
42,0.654452,0.547743
189,0.682182,0.470522
16,0.661046,2.396053
407,0.697775,1.120502
560,0.757672,1.506380
448,0.677793,1.239580
409,0.866414,2.141850
659,0.876373,2.331200
374,0.743682,0.798565
504,0.747425,1.663961
701,0.686403,0.901122
676,0.757022,1.083099
166,0.714258,2.120016
808,0.752712,0.888369
229,0.700743,1.625515
957,0.731949,1.303970
648,0.766525,1.592958
630,0.674994,0.574083
720,0.643691,1.207746
20,0.712428,1.481015
633,0.847905,1.235503
646,0.825779,0.975502
732,0.682198,0.928203
280,0.732197,1.241687
716,0.834962,1.739310
137,0.771735,2.479630
234,0.836644,1.076042
631,0.664567,2.639446
978,0.746736,4.183775
293,0.814252,1.070670
277,0.794261,1.320263
933,0.716208,2.745360
388,0.697092,0.849493
205,0.739481,1.088474
788,0.845630,3.362766
495,0.865182,1.836000
518,0.806835,2.101964
824,0.799906,2.069217
111,0.739031,0.593315
6,0.702294,1.516044
994,0.814161,1.282069
833,0.820481,1.877933
958,0.795049,0.306275
485,0.777941,1.030769
524,0.772248,1.110492
Average Cost: 16.378000
Accuracy: 99.700000
Accuracy 0: 100.000000
Cost 0: 10.000000
Accuracy 1: 100.000000
Cost 1: 10.000000
Accuracy 2: 100.000000
Cost 2: 10.000000
Accuracy 3: 100.000000
Cost 3: 10.000000
Accuracy 4: 100.000000
Cost 4: 11.100000
Accuracy 5: 100.000000
Cost 5: 12.000000
Accuracy 6: 100.000000
Cost 6: 12.000000
Accuracy 7: 100.000000
Cost 7: 12.000000
Accuracy 8: 100.000000
Cost 8: 12.000000
Accuracy 9: 100.000000
Cost 9: 12.000000
