Number of Worker Pools: 1
Number of Workers in Pool 1: 1000
Original mean,standardDev for Pool 1: 4.000000,0.300000
Number of Workers in Pool 2: 1000
Original mean,standardDev for Pool 2: 3.500000,0.200000
Number of Problems: 1000
ProblemNo,Answer,TrueAnswer,Cost,Difficulty,TrueDifficulty
0,1,1,6.000000,0.300000,0.500000
1,1,1,6.000000,0.300000,0.500000
2,1,1,5.000000,0.000000,0.500000
3,1,1,6.000000,0.300000,0.500000
4,1,1,5.000000,0.000000,0.500000
5,0,0,5.000000,0.000000,0.500000
6,1,1,11.000000,0.800000,0.500000
7,1,1,13.000000,0.900000,0.500000
8,1,1,5.000000,0.000000,0.500000
9,1,1,11.000000,0.800000,0.500000
10,1,1,8.000000,0.700000,0.500000
11,1,1,6.000000,0.300000,0.500000
12,1,1,5.000000,0.000000,0.500000
13,1,1,11.000000,0.700000,0.500000
14,0,0,6.000000,0.300000,0.500000
15,1,1,6.000000,0.300000,0.500000
16,1,1,6.000000,0.300000,0.500000
17,1,1,9.000000,0.500000,0.500000
18,1,1,12.000000,0.900000,0.500000
19,1,1,6.000000,0.300000,0.500000
20,1,1,13.000000,0.800000,0.500000
21,1,1,6.000000,0.300000,0.500000
22,1,1,5.000000,0.000000,0.500000
23,1,1,6.000000,0.300000,0.500000
24,1,1,7.000000,0.600000,0.500000
25,1,1,5.000000,0.000000,0.500000
26,0,1,7.000000,0.600000,0.500000
27,1,1,10.000000,0.800000,0.500000
28,1,1,7.000000,0.600000,0.500000
29,1,1,8.000000,0.700000,0.500000
30,1,1,5.000000,0.000000,0.500000
31,1,1,5.000000,0.000000,0.500000
32,1,1,11.000000,0.900000,0.500000
33,1,1,5.000000,0.000000,0.500000
34,0,0,6.000000,0.300000,0.500000
35,1,1,7.000000,0.600000,0.500000
36,1,1,5.000000,0.000000,0.500000
37,1,1,6.000000,0.300000,0.500000
38,1,1,6.000000,0.300000,0.500000
39,1,1,6.000000,0.300000,0.500000
40,0,0,5.000000,0.000000,0.500000
41,1,1,5.000000,0.000000,0.500000
42,1,1,11.000000,0.800000,0.500000
43,1,1,6.000000,0.300000,0.500000
44,1,1,11.000000,0.900000,0.500000
45,1,1,6.000000,0.300000,0.500000
46,1,1,6.000000,0.300000,0.500000
47,1,1,5.000000,0.000000,0.500000
48,1,1,7.000000,0.600000,0.500000
49,1,1,6.000000,0.300000,0.500000
50,0,1,6.000000,0.300000,0.500000
51,1,1,6.000000,0.300000,0.500000
52,1,1,5.000000,0.000000,0.500000
53,1,1,12.000000,0.900000,0.500000
54,1,1,6.000000,0.300000,0.500000
55,1,1,13.000000,0.800000,0.500000
56,1,1,6.000000,0.300000,0.500000
57,0,0,11.000000,0.800000,0.500000
58,1,1,7.000000,0.600000,0.500000
59,1,1,8.000000,0.700000,0.500000
60,1,1,5.000000,0.000000,0.500000
61,1,1,9.000000,0.800000,0.500000
62,1,1,6.000000,0.300000,0.500000
63,1,1,6.000000,0.300000,0.500000
64,1,1,5.000000,0.000000,0.500000
65,1,1,8.000000,0.800000,0.500000
66,1,1,6.000000,0.300000,0.500000
67,1,1,13.000000,0.900000,0.500000
68,1,1,9.000000,0.500000,0.500000
69,1,1,6.000000,0.300000,0.500000
70,0,0,6.000000,0.300000,0.500000
71,1,1,6.000000,0.300000,0.500000
72,1,1,6.000000,0.300000,0.500000
73,1,1,7.000000,0.600000,0.500000
74,1,1,5.000000,0.000000,0.500000
75,1,1,6.000000,0.300000,0.500000
76,1,1,13.000000,0.900000,0.500000
77,1,1,5.000000,0.000000,0.500000
78,0,1,8.000000,0.700000,0.500000
79,1,1,9.000000,0.800000,0.500000
80,1,1,6.000000,0.300000,0.500000
81,1,1,6.000000,0.300000,0.500000
82,1,1,7.000000,0.600000,0.500000
83,1,1,5.000000,0.000000,0.500000
84,1,1,6.000000,0.300000,0.500000
85,1,1,14.000000,0.900000,0.500000
86,1,1,7.000000,0.600000,0.500000
87,1,1,10.000000,0.800000,0.500000
88,0,1,7.000000,0.600000,0.500000
89,1,1,5.000000,0.000000,0.500000
90,1,1,11.000000,0.700000,0.500000
91,1,1,5.000000,0.000000,0.500000
92,1,1,5.000000,0.000000,0.500000
93,1,1,11.000000,0.900000,0.500000
94,1,1,6.000000,0.300000,0.500000
95,0,0,11.000000,0.900000,0.500000
96,1,1,12.000000,0.800000,0.500000
97,1,1,6.000000,0.300000,0.500000
98,1,1,6.000000,0.300000,0.500000
99,0,1,5.000000,0.000000,0.500000
100,1,1,6.000000,0.300000,0.500000
101,1,1,10.000000,0.900000,0.500000
102,1,1,7.000000,0.600000,0.500000
103,1,1,5.000000,0.000000,0.500000
104,1,1,11.000000,0.900000,0.500000
105,1,1,9.000000,0.800000,0.500000
106,1,1,7.000000,0.600000,0.500000
107,1,1,6.000000,0.300000,0.500000
108,0,0,6.000000,0.300000,0.500000
109,1,1,12.000000,0.900000,0.500000
110,0,1,12.000000,1.000000,0.500000
111,1,1,6.000000,0.300000,0.500000
112,1,1,5.000000,0.000000,0.500000
113,1,1,6.000000,0.300000,0.500000
114,0,0,5.000000,0.000000,0.500000
115,1,1,5.000000,0.000000,0.500000
116,1,1,10.000000,0.700000,0.500000
117,1,1,5.000000,0.000000,0.500000
118,1,1,9.000000,0.800000,0.500000
119,1,1,11.000000,0.900000,0.500000
120,1,1,6.000000,0.300000,0.500000
121,1,1,6.000000,0.300000,0.500000
122,1,1,7.000000,0.600000,0.500000
123,1,1,6.000000,0.300000,0.500000
124,1,1,6.000000,0.300000,0.500000
125,1,1,6.000000,0.300000,0.500000
126,1,1,6.000000,0.300000,0.500000
127,1,1,10.000000,0.800000,0.500000
128,1,1,9.000000,0.800000,0.500000
129,0,1,8.000000,0.900000,0.500000
130,0,0,8.000000,0.900000,0.500000
131,1,1,8.000000,0.700000,0.500000
132,1,1,7.000000,0.600000,0.500000
133,1,1,6.000000,0.300000,0.500000
134,1,1,11.000000,0.700000,0.500000
135,0,0,5.000000,0.000000,0.500000
136,1,1,6.000000,0.300000,0.500000
137,1,1,6.000000,0.300000,0.500000
138,1,1,15.000000,0.900000,0.500000
139,1,1,5.000000,0.000000,0.500000
140,1,1,13.000000,1.000000,0.500000
141,1,1,11.000000,0.800000,0.500000
142,1,1,7.000000,0.600000,0.500000
143,1,1,6.000000,0.300000,0.500000
144,1,1,8.000000,0.700000,0.500000
145,1,1,5.000000,0.000000,0.500000
146,1,1,13.000000,0.900000,0.500000
147,1,1,6.000000,0.300000,0.500000
148,1,1,7.000000,0.600000,0.500000
149,1,1,5.000000,0.000000,0.500000
150,1,1,7.000000,0.600000,0.500000
151,1,1,6.000000,0.300000,0.500000
152,1,1,6.000000,0.300000,0.500000
153,0,0,9.000000,0.800000,0.500000
154,1,1,5.000000,0.000000,0.500000
155,0,0,5.000000,0.000000,0.500000
156,1,1,11.000000,0.700000,0.500000
157,1,1,5.000000,0.000000,0.500000
158,1,1,11.000000,0.900000,0.500000
159,1,1,6.000000,0.300000,0.500000
160,0,1,10.000000,0.900000,0.500000
161,1,1,5.000000,0.000000,0.500000
162,1,1,6.000000,0.300000,0.500000
163,1,1,7.000000,0.600000,0.500000
164,1,1,11.000000,0.900000,0.500000
165,1,1,6.000000,0.300000,0.500000
166,0,1,10.000000,0.900000,0.500000
167,1,1,5.000000,0.000000,0.500000
168,1,1,5.000000,0.000000,0.500000
169,1,1,5.000000,0.000000,0.500000
170,1,1,5.000000,0.000000,0.500000
171,1,1,8.000000,0.600000,0.500000
172,1,1,7.000000,0.600000,0.500000
173,1,1,5.000000,0.000000,0.500000
174,0,1,8.000000,0.700000,0.500000
175,1,1,6.000000,0.300000,0.500000
176,1,1,5.000000,0.000000,0.500000
177,1,1,16.000000,1.000000,0.500000
178,1,1,10.000000,0.800000,0.500000
179,0,0,6.000000,0.300000,0.500000
180,1,1,9.000000,0.900000,0.500000
181,1,1,6.000000,0.300000,0.500000
182,1,1,7.000000,0.600000,0.500000
183,1,1,6.000000,0.300000,0.500000
184,1,1,7.000000,0.600000,0.500000
185,1,1,7.000000,0.600000,0.500000
186,0,1,9.000000,0.900000,0.500000
187,1,1,7.000000,0.600000,0.500000
188,0,1,9.000000,0.800000,0.500000
189,1,1,5.000000,0.000000,0.500000
190,0,1,7.000000,0.600000,0.500000
191,1,1,9.000000,0.800000,0.500000
192,1,1,12.000000,0.900000,0.500000
193,1,1,6.000000,0.300000,0.500000
194,1,1,5.000000,0.000000,0.500000
195,1,1,6.000000,0.300000,0.500000
196,1,1,9.000000,0.800000,0.500000
197,0,0,15.000000,0.900000,0.500000
198,1,1,6.000000,0.300000,0.500000
199,1,1,8.000000,0.700000,0.500000
200,1,1,5.000000,0.000000,0.500000
201,1,1,11.000000,0.900000,0.500000
202,1,1,5.000000,0.000000,0.500000
203,1,1,16.000000,0.900000,0.500000
204,1,1,6.000000,0.300000,0.500000
205,1,1,8.000000,0.700000,0.500000
206,1,1,6.000000,0.300000,0.500000
207,1,1,6.000000,0.300000,0.500000
208,1,1,5.000000,0.000000,0.500000
209,1,1,6.000000,0.300000,0.500000
210,1,1,6.000000,0.300000,0.500000
211,1,1,6.000000,0.300000,0.500000
212,1,1,6.000000,0.300000,0.500000
213,1,1,6.000000,0.300000,0.500000
214,1,1,6.000000,0.300000,0.500000
215,1,1,5.000000,0.000000,0.500000
216,1,1,11.000000,0.900000,0.500000
217,1,1,7.000000,0.600000,0.500000
218,1,1,7.000000,0.600000,0.500000
219,1,1,6.000000,0.300000,0.500000
220,1,1,5.000000,0.000000,0.500000
221,1,1,9.000000,0.700000,0.500000
222,1,1,6.000000,0.300000,0.500000
223,1,1,5.000000,0.000000,0.500000
224,1,1,5.000000,0.000000,0.500000
225,1,1,7.000000,0.600000,0.500000
226,1,1,6.000000,0.300000,0.500000
227,1,1,6.000000,0.300000,0.500000
228,1,1,8.000000,0.600000,0.500000
229,1,1,7.000000,0.600000,0.500000
230,1,1,6.000000,0.300000,0.500000
231,0,1,10.000000,0.900000,0.500000
232,1,1,9.000000,0.900000,0.500000
233,1,1,12.000000,0.900000,0.500000
234,1,1,6.000000,0.300000,0.500000
235,1,1,5.000000,0.000000,0.500000
236,0,0,6.000000,0.300000,0.500000
237,1,1,5.000000,0.000000,0.500000
238,1,1,10.000000,0.800000,0.500000
239,1,1,6.000000,0.300000,0.500000
240,1,1,5.000000,0.000000,0.500000
241,1,1,5.000000,0.000000,0.500000
242,1,1,7.000000,0.600000,0.500000
243,0,0,6.000000,0.300000,0.500000
244,1,1,5.000000,0.000000,0.500000
245,1,1,6.000000,0.300000,0.500000
246,1,1,6.000000,0.300000,0.500000
247,1,1,9.000000,0.800000,0.500000
248,0,1,8.000000,0.900000,0.500000
249,1,1,5.000000,0.000000,0.500000
250,0,0,6.000000,0.300000,0.500000
251,1,1,6.000000,0.300000,0.500000
252,1,1,5.000000,0.000000,0.500000
253,1,1,13.000000,1.000000,0.500000
254,1,1,13.000000,0.900000,0.500000
255,1,1,9.000000,0.800000,0.500000
256,1,1,7.000000,0.600000,0.500000
257,1,1,7.000000,0.600000,0.500000
258,1,1,12.000000,0.900000,0.500000
259,1,1,7.000000,0.600000,0.500000
260,1,1,7.000000,0.600000,0.500000
261,1,1,6.000000,0.300000,0.500000
262,1,1,11.000000,0.800000,0.500000
263,1,1,7.000000,0.600000,0.500000
264,1,1,5.000000,0.000000,0.500000
265,1,1,11.000000,0.900000,0.500000
266,0,0,9.000000,0.800000,0.500000
267,1,1,6.000000,0.300000,0.500000
268,1,1,7.000000,0.600000,0.500000
269,1,1,6.000000,0.300000,0.500000
270,1,1,6.000000,0.300000,0.500000
271,1,1,7.000000,0.600000,0.500000
272,1,1,6.000000,0.300000,0.500000
273,1,1,5.000000,0.000000,0.500000
274,1,1,6.000000,0.300000,0.500000
275,0,0,5.000000,0.000000,0.500000
276,1,1,5.000000,0.000000,0.500000
277,1,1,5.000000,0.000000,0.500000
278,0,1,13.000000,0.900000,0.500000
279,1,1,5.000000,0.000000,0.500000
280,1,1,7.000000,0.600000,0.500000
281,1,1,7.000000,0.600000,0.500000
282,1,1,6.000000,0.300000,0.500000
283,1,1,6.000000,0.300000,0.500000
284,1,1,5.000000,0.000000,0.500000
285,1,1,6.000000,0.300000,0.500000
286,1,1,5.000000,0.000000,0.500000
287,0,0,6.000000,0.300000,0.500000
288,1,1,9.000000,0.700000,0.500000
289,1,1,14.000000,0.900000,0.500000
290,1,1,9.000000,0.700000,0.500000
291,1,1,6.000000,0.300000,0.500000
292,0,1,8.000000,0.800000,0.500000
293,1,1,6.000000,0.300000,0.500000
294,0,1,6.000000,0.300000,0.500000
295,1,1,6.000000,0.300000,0.500000
296,1,1,6.000000,0.300000,0.500000
297,1,1,8.000000,0.600000,0.500000
298,1,1,6.000000,0.300000,0.500000
299,1,1,11.000000,0.700000,0.500000
300,1,1,11.000000,0.800000,0.500000
301,1,1,6.000000,0.300000,0.500000
302,1,1,8.000000,0.700000,0.500000
303,1,1,6.000000,0.300000,0.500000
304,1,1,8.000000,0.800000,0.500000
305,1,1,11.000000,0.900000,0.500000
306,0,1,6.000000,0.300000,0.500000
307,0,0,6.000000,0.300000,0.500000
308,1,1,5.000000,0.000000,0.500000
309,1,1,8.000000,0.900000,0.500000
310,1,1,6.000000,0.300000,0.500000
311,1,1,11.000000,0.900000,0.500000
312,1,1,8.000000,0.600000,0.500000
313,1,1,6.000000,0.300000,0.500000
314,1,1,5.000000,0.000000,0.500000
315,1,1,7.000000,0.600000,0.500000
316,1,1,6.000000,0.300000,0.500000
317,1,1,6.000000,0.300000,0.500000
318,1,1,8.000000,0.600000,0.500000
319,1,1,11.000000,0.700000,0.500000
320,1,1,6.000000,0.300000,0.500000
321,1,1,6.000000,0.300000,0.500000
322,1,1,6.000000,0.300000,0.500000
323,1,1,6.000000,0.300000,0.500000
324,1,1,7.000000,0.600000,0.500000
325,1,1,7.000000,0.600000,0.500000
326,1,1,11.000000,0.900000,0.500000
327,1,1,13.000000,0.900000,0.500000
328,1,1,5.000000,0.000000,0.500000
329,1,1,6.000000,0.300000,0.500000
330,1,1,6.000000,0.300000,0.500000
331,1,1,7.000000,0.600000,0.500000
332,1,1,6.000000,0.300000,0.500000
333,1,1,6.000000,0.300000,0.500000
334,0,0,8.000000,0.600000,0.500000
335,1,1,6.000000,0.300000,0.500000
336,1,1,7.000000,0.600000,0.500000
337,0,0,5.000000,0.000000,0.500000
338,1,1,6.000000,0.300000,0.500000
339,1,1,11.000000,0.700000,0.500000
340,1,1,6.000000,0.300000,0.500000
341,1,1,10.000000,0.800000,0.500000
342,0,1,9.000000,0.800000,0.500000
343,1,1,6.000000,0.300000,0.500000
344,1,1,10.000000,0.800000,0.500000
345,1,1,10.000000,0.900000,0.500000
346,1,1,9.000000,0.800000,0.500000
347,1,1,6.000000,0.300000,0.500000
348,1,1,8.000000,0.600000,0.500000
349,1,1,8.000000,0.700000,0.500000
350,1,1,9.000000,0.700000,0.500000
351,1,1,9.000000,0.900000,0.500000
352,1,1,5.000000,0.000000,0.500000
353,1,1,8.000000,0.700000,0.500000
354,1,1,13.000000,0.800000,0.500000
355,1,1,6.000000,0.300000,0.500000
356,1,1,10.000000,0.900000,0.500000
357,1,1,5.000000,0.000000,0.500000
358,1,1,9.000000,0.800000,0.500000
359,1,1,5.000000,0.000000,0.500000
360,1,1,6.000000,0.300000,0.500000
361,1,1,7.000000,0.600000,0.500000
362,1,1,5.000000,0.000000,0.500000
363,0,0,5.000000,0.000000,0.500000
364,1,1,5.000000,0.000000,0.500000
365,1,1,5.000000,0.000000,0.500000
366,1,1,6.000000,0.300000,0.500000
367,1,1,8.000000,0.900000,0.500000
368,1,1,13.000000,1.000000,0.500000
369,1,1,6.000000,0.300000,0.500000
370,0,0,9.000000,0.800000,0.500000
371,1,1,13.000000,0.900000,0.500000
372,1,1,5.000000,0.000000,0.500000
373,1,1,6.000000,0.300000,0.500000
374,1,1,7.000000,0.600000,0.500000
375,1,1,8.000000,0.800000,0.500000
376,1,1,5.000000,0.000000,0.500000
377,1,1,6.000000,0.300000,0.500000
378,1,1,11.000000,0.700000,0.500000
379,1,1,7.000000,0.600000,0.500000
380,0,1,12.000000,0.900000,0.500000
381,1,1,6.000000,0.300000,0.500000
382,1,1,7.000000,0.600000,0.500000
383,0,0,6.000000,0.300000,0.500000
384,1,1,6.000000,0.300000,0.500000
385,1,1,6.000000,0.300000,0.500000
386,1,1,5.000000,0.000000,0.500000
387,0,0,7.000000,0.600000,0.500000
388,1,1,7.000000,0.600000,0.500000
389,0,0,7.000000,0.600000,0.500000
390,1,1,7.000000,0.600000,0.500000
391,1,1,7.000000,0.600000,0.500000
392,1,1,7.000000,0.600000,0.500000
393,1,1,5.000000,0.000000,0.500000
394,1,1,8.000000,0.600000,0.500000
395,0,0,5.000000,0.000000,0.500000
396,1,1,6.000000,0.300000,0.500000
397,1,1,6.000000,0.300000,0.500000
398,1,1,9.000000,0.500000,0.500000
399,1,1,9.000000,0.500000,0.500000
400,1,1,5.000000,0.000000,0.500000
401,1,1,6.000000,0.300000,0.500000
402,1,1,5.000000,0.000000,0.500000
403,1,1,5.000000,0.000000,0.500000
404,0,0,7.000000,0.600000,0.500000
405,1,1,7.000000,0.600000,0.500000
406,1,1,19.000000,1.000000,0.500000
407,1,1,6.000000,0.300000,0.500000
408,1,1,12.000000,0.900000,0.500000
409,1,1,12.000000,0.800000,0.500000
410,1,1,11.000000,0.900000,0.500000
411,1,1,7.000000,0.600000,0.500000
412,1,1,10.000000,0.800000,0.500000
413,1,1,6.000000,0.300000,0.500000
414,1,1,9.000000,0.800000,0.500000
415,1,1,6.000000,0.300000,0.500000
416,1,1,5.000000,0.000000,0.500000
417,1,1,6.000000,0.300000,0.500000
418,1,1,5.000000,0.000000,0.500000
419,1,1,8.000000,0.600000,0.500000
420,0,0,5.000000,0.000000,0.500000
421,1,1,5.000000,0.000000,0.500000
422,1,1,5.000000,0.000000,0.500000
423,1,1,5.000000,0.000000,0.500000
424,1,1,7.000000,0.600000,0.500000
425,1,1,5.000000,0.000000,0.500000
426,1,1,11.000000,0.700000,0.500000
427,0,0,7.000000,0.600000,0.500000
428,1,1,6.000000,0.300000,0.500000
429,1,1,6.000000,0.300000,0.500000
430,1,1,10.000000,0.800000,0.500000
431,0,0,5.000000,0.000000,0.500000
432,1,1,9.000000,0.800000,0.500000
433,1,1,6.000000,0.300000,0.500000
434,1,1,7.000000,0.600000,0.500000
435,0,0,8.000000,0.800000,0.500000
436,1,1,10.000000,0.800000,0.500000
437,1,1,7.000000,0.600000,0.500000
438,1,1,7.000000,0.600000,0.500000
439,1,1,7.000000,0.600000,0.500000
440,1,1,9.000000,0.700000,0.500000
441,1,1,8.000000,0.600000,0.500000
442,1,1,7.000000,0.600000,0.500000
443,0,0,7.000000,0.600000,0.500000
444,1,1,16.000000,1.000000,0.500000
445,1,1,14.000000,0.900000,0.500000
446,1,1,8.000000,0.600000,0.500000
447,1,1,6.000000,0.300000,0.500000
448,1,1,7.000000,0.600000,0.500000
449,1,1,7.000000,0.600000,0.500000
450,1,1,6.000000,0.300000,0.500000
451,1,1,7.000000,0.600000,0.500000
452,0,0,7.000000,0.600000,0.500000
453,1,1,5.000000,0.000000,0.500000
454,1,1,10.000000,0.800000,0.500000
455,1,1,5.000000,0.000000,0.500000
456,1,1,6.000000,0.300000,0.500000
457,1,1,5.000000,0.000000,0.500000
458,1,1,5.000000,0.000000,0.500000
459,1,1,11.000000,0.900000,0.500000
460,1,1,6.000000,0.300000,0.500000
461,0,1,8.000000,0.900000,0.500000
462,0,0,11.000000,0.900000,0.500000
463,1,1,13.000000,0.900000,0.500000
464,1,1,14.000000,0.900000,0.500000
465,1,1,16.000000,1.000000,0.500000
466,1,1,7.000000,0.600000,0.500000
467,1,1,9.000000,0.900000,0.500000
468,1,1,7.000000,0.600000,0.500000
469,1,1,7.000000,0.600000,0.500000
470,1,1,8.000000,0.600000,0.500000
471,1,1,6.000000,0.300000,0.500000
472,1,1,6.000000,0.300000,0.500000
473,1,1,7.000000,0.600000,0.500000
474,1,1,6.000000,0.300000,0.500000
475,1,1,5.000000,0.000000,0.500000
476,1,1,7.000000,0.600000,0.500000
477,1,1,13.000000,0.900000,0.500000
478,1,1,10.000000,0.800000,0.500000
479,1,1,9.000000,0.800000,0.500000
480,1,1,5.000000,0.000000,0.500000
481,1,1,6.000000,0.300000,0.500000
482,1,1,6.000000,0.300000,0.500000
483,1,1,10.000000,0.800000,0.500000
484,1,1,7.000000,0.600000,0.500000
485,1,1,5.000000,0.000000,0.500000
486,1,1,5.000000,0.000000,0.500000
487,0,1,11.000000,0.900000,0.500000
488,1,1,5.000000,0.000000,0.500000
489,1,1,6.000000,0.300000,0.500000
490,1,1,6.000000,0.300000,0.500000
491,0,1,7.000000,0.600000,0.500000
492,1,1,12.000000,0.900000,0.500000
493,1,1,8.000000,0.900000,0.500000
494,0,0,5.000000,0.000000,0.500000
495,1,1,6.000000,0.300000,0.500000
496,0,1,7.000000,0.600000,0.500000
497,0,0,9.000000,0.500000,0.500000
498,1,1,5.000000,0.000000,0.500000
499,1,1,5.000000,0.000000,0.500000
500,1,1,13.000000,1.000000,0.500000
501,1,1,5.000000,0.000000,0.500000
502,0,0,9.000000,0.800000,0.500000
503,1,1,9.000000,0.800000,0.500000
504,1,1,15.000000,0.900000,0.500000
505,1,1,12.000000,0.800000,0.500000
506,1,1,6.000000,0.300000,0.500000
507,1,1,11.000000,0.900000,0.500000
508,1,1,6.000000,0.300000,0.500000
509,1,1,15.000000,0.900000,0.500000
510,1,1,6.000000,0.300000,0.500000
511,1,1,6.000000,0.300000,0.500000
512,1,1,9.000000,0.500000,0.500000
513,1,1,9.000000,0.800000,0.500000
514,0,0,9.000000,0.900000,0.500000
515,1,1,10.000000,0.800000,0.500000
516,1,1,9.000000,0.500000,0.500000
517,1,1,5.000000,0.000000,0.500000
518,1,1,9.000000,0.700000,0.500000
519,1,1,7.000000,0.600000,0.500000
520,1,1,7.000000,0.600000,0.500000
521,1,1,5.000000,0.000000,0.500000
522,1,1,6.000000,0.300000,0.500000
523,0,0,7.000000,0.600000,0.500000
524,0,0,6.000000,0.300000,0.500000
525,1,1,5.000000,0.000000,0.500000
526,1,1,7.000000,0.600000,0.500000
527,1,1,17.000000,1.000000,0.500000
528,0,1,15.000000,0.900000,0.500000
529,1,1,6.000000,0.300000,0.500000
530,1,1,6.000000,0.300000,0.500000
531,1,1,15.000000,0.900000,0.500000
532,1,1,13.000000,0.900000,0.500000
533,1,1,7.000000,0.600000,0.500000
534,1,1,6.000000,0.300000,0.500000
535,1,1,6.000000,0.300000,0.500000
536,0,1,7.000000,0.600000,0.500000
537,1,1,9.000000,0.800000,0.500000
538,1,1,6.000000,0.300000,0.500000
539,1,1,11.000000,0.800000,0.500000
540,1,1,6.000000,0.300000,0.500000
541,1,1,6.000000,0.300000,0.500000
542,1,1,6.000000,0.300000,0.500000
543,1,1,5.000000,0.000000,0.500000
544,1,1,6.000000,0.300000,0.500000
545,1,1,5.000000,0.000000,0.500000
546,1,1,5.000000,0.000000,0.500000
547,1,1,6.000000,0.300000,0.500000
548,1,1,7.000000,0.600000,0.500000
549,1,1,14.000000,0.900000,0.500000
550,0,0,5.000000,0.000000,0.500000
551,1,1,7.000000,0.600000,0.500000
552,1,1,6.000000,0.300000,0.500000
553,1,1,7.000000,0.600000,0.500000
554,1,1,5.000000,0.000000,0.500000
555,0,0,9.000000,0.900000,0.500000
556,1,1,6.000000,0.300000,0.500000
557,1,1,6.000000,0.300000,0.500000
558,0,1,13.000000,0.900000,0.500000
559,1,1,5.000000,0.000000,0.500000
560,1,1,5.000000,0.000000,0.500000
561,1,1,11.000000,0.900000,0.500000
562,1,1,6.000000,0.300000,0.500000
563,1,1,14.000000,0.900000,0.500000
564,1,1,16.000000,1.000000,0.500000
565,0,0,5.000000,0.000000,0.500000
566,1,1,5.000000,0.000000,0.500000
567,1,1,9.000000,0.500000,0.500000
568,1,1,5.000000,0.000000,0.500000
569,1,1,8.000000,0.900000,0.500000
570,1,1,7.000000,0.600000,0.500000
571,1,1,16.000000,0.900000,0.500000
572,1,1,8.000000,0.800000,0.500000
573,1,1,5.000000,0.000000,0.500000
574,1,1,5.000000,0.000000,0.500000
575,1,1,6.000000,0.300000,0.500000
576,1,1,6.000000,0.300000,0.500000
577,1,1,6.000000,0.300000,0.500000
578,0,0,10.000000,0.900000,0.500000
579,1,1,5.000000,0.000000,0.500000
580,0,0,5.000000,0.000000,0.500000
581,1,1,6.000000,0.300000,0.500000
582,0,0,7.000000,0.600000,0.500000
583,1,1,7.000000,0.600000,0.500000
584,1,1,6.000000,0.300000,0.500000
585,1,1,8.000000,0.700000,0.500000
586,1,1,5.000000,0.000000,0.500000
587,1,1,5.000000,0.000000,0.500000
588,1,1,7.000000,0.600000,0.500000
589,1,1,7.000000,0.600000,0.500000
590,1,1,12.000000,0.900000,0.500000
591,1,1,6.000000,0.300000,0.500000
592,1,1,16.000000,1.000000,0.500000
593,0,0,5.000000,0.000000,0.500000
594,1,1,5.000000,0.000000,0.500000
595,0,0,8.000000,0.800000,0.500000
596,1,1,7.000000,0.600000,0.500000
597,1,1,6.000000,0.300000,0.500000
598,1,1,9.000000,0.800000,0.500000
599,0,1,10.000000,0.800000,0.500000
600,1,1,5.000000,0.000000,0.500000
601,1,1,9.000000,0.800000,0.500000
602,1,1,6.000000,0.300000,0.500000
603,1,1,6.000000,0.300000,0.500000
604,1,1,12.000000,0.900000,0.500000
605,1,1,6.000000,0.300000,0.500000
606,1,1,6.000000,0.300000,0.500000
607,1,1,9.000000,0.700000,0.500000
608,1,1,5.000000,0.000000,0.500000
609,1,1,9.000000,0.500000,0.500000
610,0,0,6.000000,0.300000,0.500000
611,1,1,8.000000,0.700000,0.500000
612,1,1,7.000000,0.600000,0.500000
613,0,1,13.000000,0.900000,0.500000
614,1,1,5.000000,0.000000,0.500000
615,1,1,5.000000,0.000000,0.500000
616,1,1,6.000000,0.300000,0.500000
617,1,1,6.000000,0.300000,0.500000
618,1,1,21.000000,1.000000,0.500000
619,1,1,6.000000,0.300000,0.500000
620,1,1,6.000000,0.300000,0.500000
621,1,1,6.000000,0.300000,0.500000
622,1,1,7.000000,0.600000,0.500000
623,1,1,7.000000,0.600000,0.500000
624,1,1,8.000000,0.600000,0.500000
625,1,1,7.000000,0.600000,0.500000
626,1,1,11.000000,1.000000,0.500000
627,1,1,5.000000,0.000000,0.500000
628,1,1,6.000000,0.300000,0.500000
629,1,1,17.000000,0.900000,0.500000
630,1,1,12.000000,0.800000,0.500000
631,1,1,5.000000,0.000000,0.500000
632,1,1,5.000000,0.000000,0.500000
633,1,1,5.000000,0.000000,0.500000
634,0,1,10.000000,0.900000,0.500000
635,1,1,6.000000,0.300000,0.500000
636,1,1,11.000000,0.900000,0.500000
637,1,1,5.000000,0.000000,0.500000
638,0,1,14.000000,0.900000,0.500000
639,1,1,5.000000,0.000000,0.500000
640,1,1,8.000000,0.700000,0.500000
641,1,1,6.000000,0.300000,0.500000
642,1,1,6.000000,0.300000,0.500000
643,1,1,11.000000,0.800000,0.500000
644,1,1,5.000000,0.000000,0.500000
645,1,1,14.000000,0.900000,0.500000
646,1,1,9.000000,0.800000,0.500000
647,1,1,5.000000,0.000000,0.500000
648,1,1,5.000000,0.000000,0.500000
649,1,1,8.000000,0.800000,0.500000
650,1,1,6.000000,0.300000,0.500000
651,1,1,7.000000,0.600000,0.500000
652,0,1,6.000000,0.300000,0.500000
653,1,1,6.000000,0.300000,0.500000
654,1,1,6.000000,0.300000,0.500000
655,0,1,5.000000,0.000000,0.500000
656,0,0,7.000000,0.600000,0.500000
657,1,1,8.000000,0.600000,0.500000
658,1,1,5.000000,0.000000,0.500000
659,0,0,5.000000,0.000000,0.500000
660,1,1,6.000000,0.300000,0.500000
661,1,1,7.000000,0.600000,0.500000
662,1,1,5.000000,0.000000,0.500000
663,1,1,9.000000,0.500000,0.500000
664,1,1,8.000000,0.700000,0.500000
665,1,1,10.000000,0.800000,0.500000
666,1,1,10.000000,0.800000,0.500000
667,1,1,6.000000,0.300000,0.500000
668,1,1,6.000000,0.300000,0.500000
669,1,1,8.000000,0.900000,0.500000
670,1,1,6.000000,0.300000,0.500000
671,1,1,8.000000,0.600000,0.500000
672,1,1,14.000000,0.900000,0.500000
673,0,1,8.000000,0.700000,0.500000
674,1,1,10.000000,0.800000,0.500000
675,0,0,6.000000,0.300000,0.500000
676,1,1,8.000000,0.800000,0.500000
677,1,1,5.000000,0.000000,0.500000
678,1,1,6.000000,0.300000,0.500000
679,0,1,7.000000,0.600000,0.500000
680,1,1,17.000000,0.900000,0.500000
681,1,1,6.000000,0.300000,0.500000
682,1,1,6.000000,0.300000,0.500000
683,1,1,6.000000,0.300000,0.500000
684,1,1,5.000000,0.000000,0.500000
685,1,1,6.000000,0.300000,0.500000
686,1,1,6.000000,0.300000,0.500000
687,1,1,5.000000,0.000000,0.500000
688,1,1,6.000000,0.300000,0.500000
689,1,1,7.000000,0.600000,0.500000
690,0,1,6.000000,0.300000,0.500000
691,0,0,5.000000,0.000000,0.500000
692,1,1,7.000000,0.600000,0.500000
693,0,1,9.000000,0.800000,0.500000
694,1,1,12.000000,1.000000,0.500000
695,1,1,6.000000,0.300000,0.500000
696,1,1,9.000000,0.800000,0.500000
697,0,0,9.000000,0.500000,0.500000
698,1,1,6.000000,0.300000,0.500000
699,1,1,7.000000,0.600000,0.500000
700,1,1,10.000000,0.800000,0.500000
701,0,0,6.000000,0.300000,0.500000
702,1,1,6.000000,0.300000,0.500000
703,0,0,6.000000,0.300000,0.500000
704,1,1,20.000000,1.000000,0.500000
705,1,1,6.000000,0.300000,0.500000
706,1,1,9.000000,0.800000,0.500000
707,1,1,10.000000,0.700000,0.500000
708,1,1,6.000000,0.300000,0.500000
709,1,1,5.000000,0.000000,0.500000
710,1,1,7.000000,0.600000,0.500000
711,1,1,9.000000,0.800000,0.500000
712,0,0,7.000000,0.600000,0.500000
713,1,1,11.000000,0.900000,0.500000
714,1,1,6.000000,0.300000,0.500000
715,1,1,6.000000,0.300000,0.500000
716,1,1,11.000000,0.900000,0.500000
717,1,1,6.000000,0.300000,0.500000
718,1,1,11.000000,0.900000,0.500000
719,1,1,11.000000,0.900000,0.500000
720,1,1,6.000000,0.300000,0.500000
721,1,1,7.000000,0.600000,0.500000
722,1,1,6.000000,0.300000,0.500000
723,0,1,6.000000,0.300000,0.500000
724,1,1,15.000000,1.000000,0.500000
725,1,1,7.000000,0.600000,0.500000
726,1,1,7.000000,0.600000,0.500000
727,1,1,6.000000,0.300000,0.500000
728,1,1,9.000000,0.800000,0.500000
729,1,1,5.000000,0.000000,0.500000
730,1,1,9.000000,0.800000,0.500000
731,1,1,7.000000,0.600000,0.500000
732,1,1,6.000000,0.300000,0.500000
733,1,1,5.000000,0.000000,0.500000
734,1,1,7.000000,0.600000,0.500000
735,1,1,8.000000,0.700000,0.500000
736,0,0,6.000000,0.300000,0.500000
737,1,1,6.000000,0.300000,0.500000
738,1,1,6.000000,0.300000,0.500000
739,1,1,10.000000,0.800000,0.500000
740,1,1,8.000000,0.700000,0.500000
741,0,1,13.000000,0.900000,0.500000
742,1,1,6.000000,0.300000,0.500000
743,0,0,5.000000,0.000000,0.500000
744,1,1,6.000000,0.300000,0.500000
745,1,1,9.000000,0.800000,0.500000
746,0,0,6.000000,0.300000,0.500000
747,1,1,5.000000,0.000000,0.500000
748,1,1,7.000000,0.600000,0.500000
749,0,1,17.000000,1.000000,0.500000
750,1,1,6.000000,0.300000,0.500000
751,1,1,6.000000,0.300000,0.500000
752,1,1,5.000000,0.000000,0.500000
753,1,1,12.000000,0.900000,0.500000
754,0,0,8.000000,0.600000,0.500000
755,1,1,5.000000,0.000000,0.500000
756,1,1,5.000000,0.000000,0.500000
757,1,1,5.000000,0.000000,0.500000
758,1,1,6.000000,0.300000,0.500000
759,0,1,13.000000,0.900000,0.500000
760,1,1,5.000000,0.000000,0.500000
761,1,1,7.000000,0.600000,0.500000
762,0,0,7.000000,0.600000,0.500000
763,1,1,6.000000,0.300000,0.500000
764,1,1,12.000000,0.800000,0.500000
765,1,1,8.000000,0.900000,0.500000
766,1,1,5.000000,0.000000,0.500000
767,1,1,6.000000,0.300000,0.500000
768,1,1,5.000000,0.000000,0.500000
769,1,1,10.000000,0.900000,0.500000
770,1,1,6.000000,0.300000,0.500000
771,1,1,6.000000,0.300000,0.500000
772,1,1,8.000000,0.600000,0.500000
773,1,1,5.000000,0.000000,0.500000
774,1,1,16.000000,1.000000,0.500000
775,1,1,5.000000,0.000000,0.500000
776,1,1,5.000000,0.000000,0.500000
777,1,1,6.000000,0.300000,0.500000
778,1,1,5.000000,0.000000,0.500000
779,1,1,7.000000,0.600000,0.500000
780,1,1,6.000000,0.300000,0.500000
781,0,0,5.000000,0.000000,0.500000
782,1,1,8.000000,0.800000,0.500000
783,0,0,15.000000,1.000000,0.500000
784,1,1,5.000000,0.000000,0.500000
785,1,1,10.000000,0.700000,0.500000
786,0,0,5.000000,0.000000,0.500000
787,1,1,8.000000,0.900000,0.500000
788,1,1,11.000000,0.700000,0.500000
789,1,1,5.000000,0.000000,0.500000
790,1,1,8.000000,0.800000,0.500000
791,1,1,6.000000,0.300000,0.500000
792,1,1,7.000000,0.600000,0.500000
793,1,1,5.000000,0.000000,0.500000
794,1,1,6.000000,0.300000,0.500000
795,1,1,5.000000,0.000000,0.500000
796,1,1,5.000000,0.000000,0.500000
797,0,0,6.000000,0.300000,0.500000
798,1,1,5.000000,0.000000,0.500000
799,1,1,5.000000,0.000000,0.500000
800,1,1,6.000000,0.300000,0.500000
801,1,1,5.000000,0.000000,0.500000
802,0,0,5.000000,0.000000,0.500000
803,0,0,10.000000,0.800000,0.500000
804,1,1,9.000000,0.500000,0.500000
805,1,1,9.000000,0.800000,0.500000
806,1,1,6.000000,0.300000,0.500000
807,1,1,15.000000,0.900000,0.500000
808,1,1,7.000000,0.600000,0.500000
809,1,1,6.000000,0.300000,0.500000
810,0,0,11.000000,0.800000,0.500000
811,1,1,6.000000,0.300000,0.500000
812,1,1,6.000000,0.300000,0.500000
813,1,1,8.000000,0.900000,0.500000
814,0,0,7.000000,0.600000,0.500000
815,1,1,5.000000,0.000000,0.500000
816,0,0,5.000000,0.000000,0.500000
817,1,1,5.000000,0.000000,0.500000
818,0,0,6.000000,0.300000,0.500000
819,1,1,6.000000,0.300000,0.500000
820,1,1,5.000000,0.000000,0.500000
821,1,1,7.000000,0.600000,0.500000
822,1,1,6.000000,0.300000,0.500000
823,1,1,6.000000,0.300000,0.500000
824,1,1,9.000000,0.500000,0.500000
825,1,1,7.000000,0.600000,0.500000
826,1,1,6.000000,0.300000,0.500000
827,1,1,6.000000,0.300000,0.500000
828,1,1,5.000000,0.000000,0.500000
829,1,1,7.000000,0.600000,0.500000
830,1,1,7.000000,0.600000,0.500000
831,1,1,6.000000,0.300000,0.500000
832,1,1,6.000000,0.300000,0.500000
833,1,1,6.000000,0.300000,0.500000
834,1,1,6.000000,0.300000,0.500000
835,1,1,9.000000,0.800000,0.500000
836,1,1,6.000000,0.300000,0.500000
837,0,0,7.000000,0.600000,0.500000
838,1,1,7.000000,0.600000,0.500000
839,0,1,9.000000,0.800000,0.500000
840,1,1,5.000000,0.000000,0.500000
841,1,1,5.000000,0.000000,0.500000
842,1,1,7.000000,0.600000,0.500000
843,1,1,14.000000,0.900000,0.500000
844,1,1,5.000000,0.000000,0.500000
845,1,1,7.000000,0.600000,0.500000
846,1,1,7.000000,0.600000,0.500000
847,1,1,6.000000,0.300000,0.500000
848,0,1,6.000000,0.300000,0.500000
849,1,1,5.000000,0.000000,0.500000
850,1,1,10.000000,0.700000,0.500000
851,1,1,19.000000,1.000000,0.500000
852,1,1,7.000000,0.600000,0.500000
853,1,1,6.000000,0.300000,0.500000
854,1,1,9.000000,0.800000,0.500000
855,0,0,7.000000,0.600000,0.500000
856,1,1,12.000000,0.800000,0.500000
857,0,1,8.000000,0.900000,0.500000
858,1,1,5.000000,0.000000,0.500000
859,1,1,9.000000,0.800000,0.500000
860,1,1,7.000000,0.600000,0.500000
861,1,1,9.000000,0.800000,0.500000
862,1,1,5.000000,0.000000,0.500000
863,1,1,9.000000,0.700000,0.500000
864,1,1,6.000000,0.300000,0.500000
865,1,1,10.000000,0.800000,0.500000
866,0,0,7.000000,0.600000,0.500000
867,1,1,13.000000,0.900000,0.500000
868,1,1,11.000000,0.800000,0.500000
869,1,1,5.000000,0.000000,0.500000
870,1,1,10.000000,0.800000,0.500000
871,0,1,8.000000,0.700000,0.500000
872,1,1,13.000000,0.900000,0.500000
873,1,1,5.000000,0.000000,0.500000
874,0,0,6.000000,0.300000,0.500000
875,1,1,7.000000,0.600000,0.500000
876,1,1,5.000000,0.000000,0.500000
877,1,1,7.000000,0.600000,0.500000
878,1,1,5.000000,0.000000,0.500000
879,1,1,6.000000,0.300000,0.500000
880,1,1,7.000000,0.600000,0.500000
881,1,1,5.000000,0.000000,0.500000
882,1,1,9.000000,0.500000,0.500000
883,0,0,5.000000,0.000000,0.500000
884,1,1,7.000000,0.600000,0.500000
885,1,1,5.000000,0.000000,0.500000
886,1,1,10.000000,0.900000,0.500000
887,1,1,5.000000,0.000000,0.500000
888,1,1,8.000000,0.900000,0.500000
889,1,1,10.000000,0.800000,0.500000
890,1,1,6.000000,0.300000,0.500000
891,1,1,11.000000,0.800000,0.500000
892,1,1,12.000000,0.900000,0.500000
893,1,1,8.000000,0.700000,0.500000
894,1,1,10.000000,0.800000,0.500000
895,1,1,10.000000,0.900000,0.500000
896,1,1,5.000000,0.000000,0.500000
897,1,1,19.000000,1.000000,0.500000
898,1,1,6.000000,0.300000,0.500000
899,1,1,6.000000,0.300000,0.500000
900,0,0,8.000000,0.800000,0.500000
901,0,0,7.000000,0.600000,0.500000
902,1,1,5.000000,0.000000,0.500000
903,1,1,6.000000,0.300000,0.500000
904,1,1,5.000000,0.000000,0.500000
905,1,1,5.000000,0.000000,0.500000
906,1,1,8.000000,0.700000,0.500000
907,1,1,5.000000,0.000000,0.500000
908,1,1,7.000000,0.600000,0.500000
909,1,1,5.000000,0.000000,0.500000
910,0,0,5.000000,0.000000,0.500000
911,0,1,15.000000,1.000000,0.500000
912,0,0,12.000000,0.900000,0.500000
913,1,1,6.000000,0.300000,0.500000
914,1,1,6.000000,0.300000,0.500000
915,1,1,6.000000,0.300000,0.500000
916,1,1,8.000000,0.900000,0.500000
917,1,1,5.000000,0.000000,0.500000
918,1,1,9.000000,0.800000,0.500000
919,0,1,12.000000,0.900000,0.500000
920,1,1,7.000000,0.600000,0.500000
921,1,1,6.000000,0.300000,0.500000
922,0,0,6.000000,0.300000,0.500000
923,1,1,7.000000,0.600000,0.500000
924,1,1,12.000000,0.900000,0.500000
925,0,0,16.000000,0.900000,0.500000
926,1,1,6.000000,0.300000,0.500000
927,1,1,7.000000,0.600000,0.500000
928,1,1,10.000000,0.900000,0.500000
929,1,1,7.000000,0.600000,0.500000
930,1,1,5.000000,0.000000,0.500000
931,1,1,12.000000,0.900000,0.500000
932,1,1,7.000000,0.600000,0.500000
933,0,0,6.000000,0.300000,0.500000
934,1,1,7.000000,0.600000,0.500000
935,1,1,6.000000,0.300000,0.500000
936,0,1,11.000000,0.800000,0.500000
937,0,0,11.000000,0.700000,0.500000
938,1,1,6.000000,0.300000,0.500000
939,1,1,5.000000,0.000000,0.500000
940,1,1,9.000000,0.500000,0.500000
941,1,1,5.000000,0.000000,0.500000
942,1,1,5.000000,0.000000,0.500000
943,1,1,6.000000,0.300000,0.500000
944,1,1,8.000000,0.800000,0.500000
945,1,1,8.000000,0.700000,0.500000
946,1,1,6.000000,0.300000,0.500000
947,0,1,10.000000,0.900000,0.500000
948,1,1,7.000000,0.600000,0.500000
949,0,0,9.000000,0.500000,0.500000
950,1,1,6.000000,0.300000,0.500000
951,1,1,6.000000,0.300000,0.500000
952,1,1,8.000000,0.700000,0.500000
953,1,1,5.000000,0.000000,0.500000
954,1,1,6.000000,0.300000,0.500000
955,1,1,6.000000,0.300000,0.500000
956,1,1,6.000000,0.300000,0.500000
957,1,1,7.000000,0.600000,0.500000
958,0,1,7.000000,0.600000,0.500000
959,1,1,5.000000,0.000000,0.500000
960,0,0,5.000000,0.000000,0.500000
961,1,1,6.000000,0.300000,0.500000
962,1,1,7.000000,0.600000,0.500000
963,1,1,6.000000,0.300000,0.500000
964,1,1,5.000000,0.000000,0.500000
965,1,1,6.000000,0.300000,0.500000
966,1,1,14.000000,1.000000,0.500000
967,1,1,5.000000,0.000000,0.500000
968,1,1,6.000000,0.300000,0.500000
969,1,1,5.000000,0.000000,0.500000
970,1,1,16.000000,1.000000,0.500000
971,1,1,7.000000,0.600000,0.500000
972,1,1,5.000000,0.000000,0.500000
973,1,1,5.000000,0.000000,0.500000
974,1,1,7.000000,0.600000,0.500000
975,1,1,10.000000,0.800000,0.500000
976,1,1,5.000000,0.000000,0.500000
977,1,1,7.000000,0.600000,0.500000
978,1,1,6.000000,0.300000,0.500000
979,1,1,12.000000,0.900000,0.500000
980,1,1,11.000000,0.700000,0.500000
981,0,1,7.000000,0.600000,0.500000
982,1,1,5.000000,0.000000,0.500000
983,1,1,6.000000,0.300000,0.500000
984,1,1,7.000000,0.600000,0.500000
985,1,1,20.000000,1.000000,0.500000
986,1,0,10.000000,0.900000,0.500000
987,1,1,5.000000,0.000000,0.500000
988,1,1,7.000000,0.600000,0.500000
989,1,1,19.000000,1.000000,0.500000
990,1,1,5.000000,0.000000,0.500000
991,1,1,6.000000,0.300000,0.500000
992,1,1,8.000000,0.700000,0.500000
993,1,1,5.000000,0.000000,0.500000
994,1,1,9.000000,0.700000,0.500000
995,1,1,5.000000,0.000000,0.500000
996,1,1,8.000000,0.700000,0.500000
997,0,0,7.000000,0.600000,0.500000
998,1,1,5.000000,0.000000,0.500000
999,1,1,6.000000,0.300000,0.500000
WorkerID,Gamma,TrueGamma
726,0.546770,0.598589
987,0.467744,0.857562
773,0.573314,1.295253
969,0.479220,0.469121
451,0.487197,0.478663
676,0.530928,1.083099
885,0.466414,0.998352
318,0.562392,1.280017
148,0.432609,0.107603
992,0.482402,1.030803
293,0.477566,1.070670
679,0.492768,0.906680
342,0.549219,1.121457
72,0.566951,1.068089
397,0.516569,0.863494
441,0.442772,0.772866
916,0.459617,1.579181
183,0.541834,2.188374
971,0.492205,1.385199
950,0.599396,2.017207
790,0.441317,0.550025
190,0.446983,0.826688
742,0.497006,0.269903
942,0.467278,0.604140
272,0.514701,1.145678
573,0.561464,1.102527
557,0.464661,2.092263
284,0.557018,0.723603
934,0.494778,0.334376
204,0.456044,0.744628
45,0.574303,2.912709
522,0.495031,1.906226
884,0.519805,1.298675
905,0.498142,1.563527
497,0.509944,1.591369
30,0.462714,0.728901
837,0.619334,1.546580
620,0.496826,1.137402
781,0.457714,1.024629
997,0.438775,0.488746
102,0.467191,0.458025
900,0.519802,0.655904
38,0.479520,0.434028
948,0.472104,1.594708
362,0.548319,1.805915
325,0.507167,1.418497
20,0.447937,1.481015
763,0.521635,1.696181
852,0.505293,0.739266
314,0.512535,2.094250
611,0.511908,1.014072
430,0.494200,1.549134
395,0.573762,1.096840
974,0.494798,0.917474
257,0.463214,1.358978
613,0.516332,0.798044
464,0.517318,0.988190
605,0.451284,0.255581
62,0.501949,1.092267
387,0.571792,1.194077
928,0.507481,0.512710
244,0.526550,0.821443
526,0.466673,1.454445
105,0.553780,2.556124
213,0.477436,0.395220
838,0.519911,1.525286
844,0.543651,0.788245
496,0.513412,1.078594
614,0.538242,1.973351
157,0.477898,0.579657
434,0.479650,0.447759
699,0.588810,1.761820
73,0.585754,1.744527
532,0.432007,0.415187
461,0.561091,0.932225
215,0.501676,1.859944
890,0.446858,1.052205
295,0.567533,0.651800
476,0.566694,0.977460
560,0.537127,1.506380
294,0.510530,1.510397
674,0.570372,1.937266
428,0.585068,0.693363
371,0.466110,2.468548
163,0.542779,1.152282
56,0.483265,1.877960
77,0.465856,0.791912
176,0.550307,1.233040
301,0.544409,0.906148
331,0.492575,0.829387
649,0.506295,0.984544
880,0.629446,0.922848
468,0.505960,0.917638
961,0.522132,0.858373
881,0.459307,0.248861
313,0.514467,0.852673
528,0.515898,0.446900
577,0.560192,2.215542
547,0.466829,0.931337
460,0.445865,1.114994
818,0.469745,0.429112
730,0.450041,0.645689
355,0.463132,0.931643
5,0.471371,0.307512
701,0.512263,0.901122
252,0.583266,1.179452
50,0.446747,0.272840
759,0.489900,3.260977
456,0.489237,1.410775
115,0.609827,1.477526
465,0.488318,0.515404
514,0.553970,0.933140
848,0.480770,1.878827
170,0.490625,1.053042
269,0.555333,1.645317
330,0.497657,1.703951
85,0.669428,3.888110
2,0.493920,1.769609
309,0.517335,1.185081
286,0.570686,0.665735
688,0.549992,1.321843
714,0.485484,1.268573
106,0.529012,0.980586
364,0.542606,2.483105
760,0.467569,0.829438
270,0.509706,2.449049
548,0.512867,1.976519
186,0.520269,0.787809
543,0.576585,0.788615
876,0.476286,1.405201
603,0.578350,1.124483
632,0.484621,1.195515
525,0.557667,1.323620
472,0.478527,1.399645
64,0.526125,0.930895
34,0.571693,1.365397
88,0.483177,1.279241
8,0.548489,2.054827
556,0.487149,0.991986
959,0.476189,0.507519
656,0.537734,1.106033
887,0.587509,1.223484
89,0.502950,0.415991
847,0.556481,2.073201
706,0.504868,0.640648
423,0.481001,1.180825
715,0.507068,1.080282
571,0.490939,1.091551
0,0.509457,1.490108
537,0.519448,2.074919
873,0.525906,1.508077
812,0.563885,1.055347
212,0.466997,0.596026
935,0.530165,0.893864
535,0.488315,1.212892
915,0.532369,0.259755
745,0.612915,3.028675
650,0.531019,1.343000
757,0.538273,0.722755
558,0.611354,2.178966
491,0.483085,0.636506
815,0.532187,0.788170
39,0.446838,0.222750
320,0.586607,1.841646
65,0.504229,0.760231
196,0.567341,1.062418
10,0.496433,0.506795
12,0.528825,2.061351
894,0.516737,0.627385
599,0.509240,1.738405
527,0.567323,1.460787
533,0.545335,0.468646
606,0.540582,0.779311
920,0.467261,1.024471
443,0.468586,1.787902
173,0.522471,1.821216
903,0.540276,1.279127
686,0.493131,1.538628
347,0.516363,1.551548
197,0.548736,1.364321
981,0.466716,0.780092
375,0.458307,0.206348
877,0.491136,0.690556
639,0.487546,1.072289
566,0.645938,2.215581
983,0.482880,0.552600
438,0.503397,0.613069
786,0.565186,0.846927
821,0.546657,1.237499
482,0.527331,0.819944
111,0.491497,0.593315
515,0.458578,0.655725
780,0.623625,3.014912
184,0.582904,2.721579
344,0.455628,1.338601
973,0.557911,1.444353
321,0.550491,1.855165
728,0.471367,1.412638
81,0.462185,1.031184
828,0.528384,1.022938
351,0.508621,1.248061
53,0.555930,2.530244
590,0.583144,0.989166
945,0.509501,0.934838
510,0.497999,0.909985
774,0.535102,1.040725
317,0.482000,1.036276
689,0.526085,1.495074
268,0.481159,1.263656
37,0.650724,1.989436
431,0.531204,1.392476
666,0.491320,0.602100
819,0.503098,1.209997
957,0.437167,1.303970
505,0.516042,2.204914
626,0.543022,1.228245
767,0.448631,1.641653
831,0.443911,0.434668
708,0.600722,1.867294
315,0.520472,1.120571
598,0.617282,2.214628
801,0.482842,1.831562
958,0.491762,0.306275
911,0.532262,1.169901
193,0.641886,1.672292
422,0.540305,1.053770
850,0.460318,0.390144
901,0.493803,0.657731
633,0.503255,1.235503
118,0.477168,0.142442
721,0.543922,0.839310
806,0.496022,1.038297
78,0.476622,1.100726
133,0.495014,0.299482
386,0.520311,0.391313
152,0.615576,1.552991
956,0.524586,0.689237
856,0.614707,1.394166
376,0.540822,2.767380
982,0.530898,2.109683
433,0.520626,0.576961
631,0.471059,2.639446
123,0.480194,2.212395
985,0.495129,1.600313
3,0.466963,1.065351
47,0.552417,1.418719
787,0.562543,1.281396
994,0.567380,1.282069
139,0.521229,1.129956
922,0.554773,1.606832
511,0.561922,1.439576
719,0.517202,1.300948
694,0.501622,1.169442
169,0.521059,0.783970
185,0.481532,1.154884
860,0.546366,0.426864
932,0.519669,0.462640
769,0.685877,0.780146
121,0.501810,1.074894
529,0.546388,0.875584
390,0.487637,1.483274
101,0.480653,0.896516
607,0.616986,1.077472
58,0.441736,0.816159
492,0.627279,1.579006
891,0.521123,0.745832
827,0.541692,2.060286
500,0.530158,0.729316
951,0.498489,0.481691
243,0.523597,1.088037
24,0.464230,0.661036
771,0.507964,0.402041
205,0.535294,1.088474
521,0.610284,1.530329
469,0.577105,0.955339
641,0.484060,0.464397
753,0.657184,1.421214
67,0.495983,0.758328
435,0.512455,0.722555
440,0.511976,0.245884
682,0.496580,0.793187
95,0.534142,1.386747
804,0.584900,1.631733
841,0.553815,0.289633
865,0.512016,1.056134
200,0.475091,0.952434
104,0.497720,0.816387
316,0.533009,0.907641
794,0.622571,1.844825
947,0.486485,1.183071
638,0.489773,0.881345
245,0.539821,1.137550
310,0.477034,0.946442
750,0.536930,0.937567
664,0.572334,1.996854
108,0.605231,1.424837
568,0.636821,1.879835
645,0.517958,0.444094
751,0.581775,1.902711
271,0.643198,2.484291
446,0.470091,0.542498
120,0.546823,1.786185
367,0.547692,0.860759
861,0.605179,2.545600
938,0.510573,0.469162
882,0.526566,0.780363
159,0.568894,0.872652
534,0.604012,2.348706
949,0.512042,0.490434
912,0.455507,0.180486
457,0.551092,1.658275
697,0.489870,0.717333
918,0.505760,0.696976
195,0.578068,1.055230
427,0.512375,0.963365
998,0.533094,1.535706
791,0.550663,1.127571
349,0.544858,1.377361
7,0.503589,0.744468
477,0.657260,1.343370
319,0.548826,0.689563
777,0.536786,0.904339
575,0.554260,1.263418
52,0.530355,0.882941
406,0.481389,0.239788
63,0.472468,0.567131
770,0.498704,1.257735
709,0.554209,1.227022
908,0.481463,0.204186
685,0.448809,1.204677
55,0.542588,0.449351
830,0.479721,0.379145
450,0.555630,1.612629
359,0.532174,1.710684
677,0.565411,0.410836
923,0.488178,1.525799
23,0.506489,1.511400
779,0.545828,1.724884
967,0.496289,0.433309
746,0.533835,0.600587
541,0.515344,0.939316
421,0.509794,1.789848
507,0.545286,3.038766
442,0.577112,0.666493
820,0.520825,0.622673
518,0.589123,2.101964
455,0.575151,1.256810
597,0.499064,0.474833
517,0.516554,1.738883
784,0.501717,0.205252
862,0.571240,1.457901
954,0.560455,0.884121
717,0.539779,0.974881
454,0.570254,0.910639
545,0.548618,0.638926
22,0.496086,0.819200
854,0.558952,0.854315
92,0.445650,0.477006
32,0.508606,0.815880
644,0.527707,0.609486
96,0.604460,1.060904
147,0.534463,0.799751
209,0.515970,1.449152
785,0.502048,0.538785
363,0.514946,0.519580
28,0.516894,0.758501
834,0.528513,1.506021
40,0.611250,1.600307
79,0.546302,1.295200
356,0.527220,1.515924
530,0.501604,0.413080
579,0.476430,1.132325
31,0.504883,1.530149
585,0.520487,1.091215
749,0.458557,0.664628
839,0.635564,0.673865
829,0.622966,1.802451
480,0.528110,1.498139
752,0.564553,1.499645
471,0.560026,1.718214
35,0.630460,1.028525
925,0.544756,0.661467
703,0.463743,0.515955
895,0.456771,0.997037
341,0.509267,1.298354
628,0.478352,1.829827
276,0.506512,0.405437
587,0.535003,0.949003
944,0.527828,1.090571
762,0.524177,0.856183
725,0.516046,1.200141
946,0.532521,0.829232
569,0.641778,0.992050
303,0.564693,2.220698
736,0.505876,2.011080
415,0.562294,0.874596
214,0.517546,0.730021
765,0.531940,1.162617
187,0.546466,1.877877
962,0.469023,0.488074
366,0.498388,0.381459
264,0.540041,0.685394
229,0.582827,1.625515
661,0.518093,0.945598
858,0.550346,0.610390
412,0.570981,1.317363
589,0.550839,0.769394
648,0.520112,1.592958
563,0.531595,0.754429
963,0.507499,2.815638
817,0.494373,0.472060
287,0.575281,1.385209
282,0.601211,1.446291
130,0.481394,0.631307
572,0.551210,1.585535
380,0.501399,0.792378
211,0.512215,0.310043
792,0.516929,0.687194
636,0.564732,1.285648
732,0.473569,0.928203
222,0.535983,1.322558
808,0.472826,0.888369
60,0.515768,1.273609
619,0.551818,0.667967
803,0.492716,0.222414
859,0.548552,0.745453
305,0.556336,1.574437
863,0.558344,1.192081
866,0.521949,0.991636
624,0.460164,0.374182
652,0.608873,0.791601
506,0.500316,0.456819
277,0.470700,1.320263
508,0.580701,1.346822
112,0.506287,0.538221
670,0.472412,0.491666
980,0.556796,1.183794
562,0.489988,0.676968
253,0.555984,1.625500
692,0.558098,1.196446
542,0.527888,1.208282
678,0.493611,0.628493
824,0.526408,2.069217
710,0.580208,0.884549
798,0.544204,0.684761
232,0.508788,0.567234
149,0.507456,1.271975
596,0.587250,1.109976
540,0.580954,0.530642
658,0.579379,1.184139
194,0.524545,1.041853
87,0.493708,0.631751
248,0.561736,0.934438
403,0.533439,0.931885
592,0.609882,1.516236
322,0.506167,1.293015
845,0.488040,0.832896
991,0.620310,1.538447
33,0.505043,1.317283
414,0.632769,2.149861
410,0.578409,0.541002
452,0.521440,0.439917
233,0.592788,1.947464
340,0.606513,1.272223
929,0.550287,0.369912
328,0.516939,1.131926
145,0.521831,1.412522
623,0.506707,1.125453
836,0.521590,0.990335
275,0.505690,0.461963
164,0.487821,0.488303
401,0.499247,2.154548
131,0.636008,2.418382
539,0.539048,0.624534
952,0.508926,1.688480
201,0.516158,2.335576
13,0.476213,1.267681
799,0.533842,0.908155
695,0.551488,1.609504
693,0.515610,0.854956
625,0.567673,0.367686
487,0.608071,1.803556
199,0.546217,0.997903
137,0.593908,2.479630
241,0.560223,0.824109
931,0.518232,1.156331
793,0.585393,1.983470
348,0.481971,0.350180
182,0.527926,1.712466
906,0.492377,1.049685
940,0.503566,1.011984
142,0.580356,1.495143
161,0.523758,1.528274
875,0.518164,0.821547
323,0.526447,1.092294
723,0.558993,2.002408
110,0.534843,1.550760
261,0.532731,0.794462
608,0.476517,0.777103
278,0.525925,1.872473
883,0.506275,0.718151
483,0.666811,1.661033
242,0.558701,1.271435
21,0.527030,0.981627
391,0.681297,1.589381
227,0.578478,0.889903
424,0.517685,0.982182
588,0.557728,0.404371
671,0.477457,1.247578
550,0.527085,1.591074
358,0.564067,0.997308
536,0.560231,1.303125
743,0.521662,0.625584
100,0.546882,1.572841
372,0.497830,0.777530
849,0.576463,1.393875
609,0.472106,1.553343
124,0.487878,0.619417
917,0.605131,0.514844
600,0.482892,0.546980
384,0.539318,0.831052
240,0.611100,1.760441
474,0.607027,1.533479
192,0.603230,0.762090
90,0.634408,1.205182
927,0.585325,1.326401
326,0.530375,0.638260
289,0.634859,1.661902
144,0.571700,1.742757
549,0.516789,0.440538
621,0.516845,1.471523
408,0.651623,1.574597
99,0.545853,0.774081
936,0.617904,1.370618
208,0.615916,1.142193
128,0.560520,1.936640
150,0.628392,1.788721
914,0.583162,0.831463
663,0.530807,2.320986
630,0.521915,0.574083
370,0.515187,0.658999
462,0.562743,1.055584
69,0.626068,0.734275
960,0.588457,0.909455
350,0.676041,2.496816
788,0.609712,3.362766
768,0.528906,1.433951
158,0.574867,2.786333
902,0.532056,1.178985
177,0.539828,0.790940
711,0.508136,0.954228
382,0.542618,1.169908
265,0.594016,1.171663
796,0.558137,2.167610
216,0.489871,1.825074
82,0.490956,0.995651
281,0.554331,1.100035
143,0.500260,0.541122
755,0.578703,0.751699
189,0.560831,0.470522
302,0.522921,0.503553
772,0.568968,1.706348
280,0.565792,1.241687
909,0.491498,0.986436
258,0.555403,1.257507
122,0.535128,0.464909
672,0.586595,1.112307
502,0.499019,0.191540
970,0.512492,0.786769
871,0.541483,1.309065
495,0.588995,1.836000
407,0.539689,1.120502
312,0.528838,0.917885
615,0.558524,1.757536
25,0.600160,0.647302
498,0.608963,1.560645
754,0.548628,0.786656
669,0.539078,1.297817
691,0.605691,1.056565
499,0.509031,1.021831
247,0.497339,0.730781
832,0.614340,1.043922
76,0.586280,1.065285
978,0.654155,4.183775
868,0.543898,0.872317
51,0.558494,2.536628
488,0.530429,1.061905
254,0.621498,1.183461
332,0.632540,1.297060
629,0.567323,0.960675
583,0.532424,0.528666
432,0.670389,1.965672
864,0.554772,1.961299
445,0.516202,1.927733
939,0.520960,0.776955
290,0.602484,1.616281
327,0.555901,1.299017
580,0.611568,1.000291
617,0.589584,0.922148
737,0.498656,1.154737
259,0.537705,1.802922
155,0.541349,0.885715
826,0.548037,0.417654
933,0.607908,2.745360
531,0.500695,0.887475
473,0.679978,1.351332
512,0.570169,1.374548
896,0.618730,1.198733
604,0.564513,2.814886
684,0.581988,0.875591
360,0.546139,0.447257
855,0.576080,1.752720
904,0.583105,2.289277
399,0.506764,1.273825
879,0.549913,1.163172
117,0.556120,1.068084
220,0.627502,1.520767
921,0.588062,1.039291
54,0.496100,0.490338
809,0.544756,1.431545
86,0.541693,1.306024
217,0.592249,0.795846
807,0.728908,2.698576
555,0.520148,1.016496
339,0.501960,1.181349
425,0.493067,0.521592
125,0.571461,0.884107
662,0.644801,1.279194
680,0.508040,0.943388
389,0.580908,1.414439
416,0.567476,0.603811
561,0.549314,0.968361
219,0.542196,1.516698
993,0.628332,3.026662
134,0.563786,0.921624
789,0.537785,1.143287
653,0.550547,1.766869
160,0.573066,1.078552
91,0.528843,0.636547
324,0.548079,0.567981
559,0.588900,1.610699
409,0.668958,2.141850
141,0.565230,0.915466
71,0.513214,0.516221
513,0.591004,1.022644
810,0.586436,0.591920
919,0.526613,2.102900
618,0.567327,1.286706
733,0.519235,1.260216
299,0.596098,1.188795
153,0.514140,0.892972
68,0.514199,0.772984
174,0.566354,0.537266
986,0.549309,1.678251
466,0.505225,2.084929
129,0.603682,1.039862
979,0.503479,0.857746
165,0.496625,1.474409
892,0.502620,0.809371
1,0.520223,0.831918
132,0.615784,2.079801
646,0.522305,0.975502
897,0.493313,1.609097
346,0.611019,2.083072
260,0.586779,1.661503
968,0.520511,1.063999
308,0.613871,1.366978
756,0.532436,0.867422
262,0.506277,0.698083
263,0.579425,1.266980
172,0.626566,1.189842
857,0.559956,0.903551
846,0.628798,1.731115
930,0.672608,2.446263
886,0.602952,0.964292
107,0.646130,2.207263
238,0.580539,1.480775
221,0.550952,0.577549
635,0.600806,1.404162
453,0.536384,1.474735
665,0.549694,0.567853
907,0.586517,0.762369
236,0.718124,2.308695
151,0.558248,0.972157
825,0.709518,1.224283
795,0.665533,2.354849
681,0.537088,2.696487
995,0.553393,0.964720
74,0.590574,1.033751
404,0.602331,1.728471
802,0.536602,0.874213
180,0.526512,1.388778
761,0.589164,1.586245
168,0.558921,0.709137
336,0.546955,1.214121
582,0.592821,2.496186
458,0.651066,1.518648
298,0.577865,1.619966
70,0.584049,1.151382
764,0.568335,1.099454
988,0.573550,2.122945
223,0.532626,1.651374
43,0.608584,1.118689
660,0.561586,0.495365
42,0.526809,0.547743
976,0.603609,0.903551
285,0.625093,1.543025
178,0.635475,1.123368
503,0.524729,0.669026
977,0.523487,0.712026
627,0.587531,1.280870
707,0.596716,1.350848
283,0.649656,1.782178
437,0.515569,0.130868
574,0.582351,1.812331
501,0.605526,0.801020
16,0.630259,2.396053
594,0.579928,2.183642
191,0.589591,1.275269
576,0.696238,2.068872
46,0.533833,0.868724
800,0.581257,0.809389
601,0.540510,0.872967
643,0.705064,1.593921
657,0.568101,0.848523
637,0.524538,0.476902
75,0.597024,0.694045
338,0.581025,1.370408
690,0.551406,1.519187
179,0.671962,1.561828
996,0.644619,1.268988
972,0.566058,0.538086
523,0.522767,1.834136
449,0.524410,1.162446
300,0.631707,0.360508
564,0.520455,0.469729
696,0.542056,1.094793
291,0.538736,1.970262
816,0.643102,1.106836
365,0.580033,1.635312
61,0.557382,0.712529
926,0.585096,1.085254
683,0.544915,1.296221
778,0.519715,1.343439
966,0.541320,0.872936
869,0.604892,2.054613
740,0.594275,1.363141
218,0.586109,0.272334
267,0.592465,0.700682
747,0.668509,0.910426
698,0.657917,0.890883
66,0.545486,0.454014
379,0.692938,1.488917
668,0.538776,0.979607
667,0.506050,0.306375
439,0.585018,0.793266
797,0.532111,0.492896
716,0.617380,1.739310
584,0.553780,1.867277
255,0.595690,0.507494
417,0.552403,0.878004
333,0.619327,2.542083
202,0.528616,1.060569
307,0.610270,1.147598
378,0.552951,0.942667
712,0.612420,1.190772
713,0.590156,1.527136
429,0.530923,2.298231
26,0.534512,1.308389
490,0.698398,1.922765
941,0.566174,0.920909
655,0.534311,0.810961
203,0.574925,1.286938
578,0.707564,3.571470
156,0.553597,1.033392
553,0.568575,0.923472
361,0.638634,3.035083
975,0.557067,2.104278
481,0.692335,3.173114
565,0.658629,0.525511
27,0.550498,2.264042
937,0.646281,1.691704
687,0.571176,1.410132
581,0.652706,0.792226
546,0.529349,0.844303
872,0.598030,0.780789
381,0.612718,0.709283
9,0.523638,0.934300
700,0.563431,0.982199
231,0.577775,2.313610
893,0.513635,1.353900
266,0.594586,0.844469
444,0.575614,1.801951
146,0.505652,1.005619
899,0.622056,1.495666
274,0.618382,2.140179
418,0.548165,0.516803
345,0.594256,1.798510
840,0.570730,1.253545
642,0.573430,0.970713
413,0.549795,0.745984
610,0.621278,1.248266
953,0.588088,1.780659
126,0.583838,2.008116
889,0.629755,1.145840
109,0.652118,2.112934
226,0.621533,2.124763
225,0.566197,1.810111
388,0.527864,0.849493
851,0.551709,1.033173
113,0.561044,0.827687
246,0.526195,0.995677
544,0.616773,1.094485
833,0.579015,1.877933
249,0.668080,1.656493
766,0.686249,1.272218
15,0.540206,2.181559
206,0.551035,0.927820
41,0.631281,0.818959
181,0.688831,2.659356
377,0.556776,0.637531
385,0.598250,1.611787
97,0.583924,1.242083
167,0.643379,1.575826
673,0.579305,0.941012
273,0.615059,0.684044
616,0.565771,1.900718
823,0.573312,0.502668
748,0.636890,1.247165
171,0.607571,0.701220
374,0.593324,0.798565
647,0.507837,1.329238
335,0.591303,1.053865
162,0.611449,1.099090
426,0.682443,1.283673
140,0.622570,2.004492
234,0.603994,1.076042
80,0.591434,1.174223
256,0.613976,1.628894
369,0.553656,1.326547
251,0.569715,0.490242
924,0.564848,0.996116
705,0.577520,0.789457
475,0.578143,0.540732
29,0.568631,0.895381
586,0.662537,0.747081
373,0.558839,0.610122
874,0.579247,1.729675
49,0.608730,1.930309
470,0.653837,1.818717
292,0.550118,1.544990
729,0.572156,0.915001
520,0.677030,1.404041
602,0.691582,1.061894
853,0.533828,0.413880
910,0.625588,1.559642
224,0.594884,0.655116
98,0.602421,0.717727
114,0.604649,1.707157
354,0.534553,1.145840
675,0.657576,0.679908
822,0.544837,0.719632
329,0.577689,2.197680
127,0.613109,0.791470
489,0.526297,0.981423
593,0.635341,0.599665
154,0.615053,1.714007
485,0.638271,1.030769
782,0.589304,3.320639
392,0.523451,1.539789
383,0.582607,1.338859
394,0.550696,1.507166
479,0.721914,2.120034
524,0.613620,1.110492
776,0.527540,0.709684
57,0.568186,1.155949
396,0.629797,1.755566
343,0.575099,0.691391
999,0.511172,1.508811
135,0.613716,2.037236
704,0.632532,1.003941
250,0.508822,0.212515
368,0.539752,0.614718
228,0.592680,1.698929
591,0.618438,3.205345
990,0.600735,1.475357
738,0.619913,1.948628
6,0.539995,1.516044
727,0.649942,1.153257
735,0.622387,0.978727
297,0.558676,0.853290
116,0.601746,1.179370
486,0.631615,1.474963
567,0.569826,0.352867
734,0.550497,0.870834
478,0.699392,2.279062
166,0.590239,2.120016
570,0.579448,2.192948
304,0.712087,3.674873
640,0.522706,0.952099
93,0.642041,1.387870
83,0.586328,0.816391
136,0.656255,2.079686
94,0.591088,0.768467
59,0.556887,1.067360
210,0.587692,1.019823
595,0.510945,0.601940
538,0.539385,0.904902
783,0.681904,3.119225
965,0.604931,0.998465
4,0.547524,0.741513
758,0.624088,0.897870
352,0.608641,1.722693
393,0.630552,1.463225
19,0.643190,0.525206
11,0.605675,2.294608
913,0.581407,0.225468
731,0.578454,1.779486
175,0.591909,0.669360
955,0.564532,0.823610
964,0.669549,1.338937
138,0.582236,0.747728
898,0.611406,2.137288
659,0.612536,2.331200
842,0.625133,1.577734
239,0.562436,1.675008
119,0.549471,1.484476
814,0.645182,1.552614
509,0.739625,1.681734
36,0.603821,0.543753
288,0.555083,0.762438
989,0.638608,1.044370
411,0.551423,0.300595
634,0.570902,1.737897
279,0.682843,1.983348
311,0.563836,1.568655
720,0.633235,1.207746
867,0.611361,1.152863
622,0.637251,0.432848
504,0.696278,1.663961
459,0.686384,1.717502
724,0.654334,0.709015
334,0.613656,0.833838
878,0.659425,1.728760
448,0.677040,1.239580
18,0.534433,0.476223
554,0.572436,0.606938
722,0.602624,1.596659
436,0.666124,0.618415
702,0.608650,0.819982
870,0.572739,1.319344
14,0.561211,0.994950
805,0.642314,0.561501
398,0.686413,0.668930
843,0.612608,1.259439
654,0.631495,1.008496
337,0.636982,0.844217
835,0.600485,2.458494
420,0.649449,1.569602
447,0.659651,1.950029
739,0.630467,1.350738
103,0.639498,0.459866
306,0.579521,0.361825
494,0.605866,1.098895
188,0.679384,1.459681
84,0.585596,1.120882
44,0.639765,1.201064
519,0.599674,0.616349
651,0.638935,1.026312
741,0.657378,1.465067
235,0.615546,1.210864
888,0.634280,0.519945
516,0.635890,0.552887
237,0.612505,0.535025
405,0.572305,0.974623
811,0.636522,1.809419
357,0.753223,2.327803
463,0.614694,1.073363
718,0.705447,1.335473
419,0.620894,0.595958
400,0.664308,1.257374
48,0.679371,1.864914
775,0.637224,2.533734
551,0.667770,1.726892
467,0.680203,1.369398
484,0.700759,2.460483
612,0.614963,1.480982
198,0.702606,2.359091
813,0.601511,1.148168
943,0.754376,1.728297
207,0.662005,1.036507
552,0.689228,2.829828
353,0.702396,1.528467
402,0.747284,2.058155
230,0.633433,0.527169
493,0.764992,1.546962
744,0.652399,1.046389
984,0.755338,1.381777
17,0.712577,0.756633
Average Cost: 7.460000
Accuracy: 94.700000
Accuracy 0: 100.000000
Cost 0: 5.000000
Accuracy 1: 100.000000
Cost 1: 5.000000
Accuracy 2: 100.000000
Cost 2: 5.000000
Accuracy 3: 100.000000
Cost 3: 5.000000
Accuracy 4: 100.000000
Cost 4: 5.000000
Accuracy 5: 100.000000
Cost 5: 5.000000
Accuracy 6: 100.000000
Cost 6: 5.000000
Accuracy 7: 100.000000
Cost 7: 5.000000
Accuracy 8: 100.000000
Cost 8: 5.000000
Accuracy 9: 100.000000
Cost 9: 5.000000
