0	830
0	830
1	34
0	849
0	690
0	690
0	690
1	303
1	883
1	680
1	767
0	846
1	61
0	214
0	214
1	705
0	315
0	568
1	280
1	280
1	256
0	842
1	344
1	280
1	256
0	842
1	344
1	822
1	280
1	256
0	842
1	344
1	822
0	771
0	531
0	457
1	280
1	256
0	842
1	344
1	822
0	771
0	531
0	457
0	340
1	626
0	515
1	280
1	256
0	842
1	344
1	822
0	771
0	531
0	457
0	340
1	626
0	515
1	82
0	311
1	396
1	222
1	352
1	836
0	86
1	416
1	280
1	256
0	842
1	344
1	822
0	771
0	531
0	457
0	340
1	626
0	515
1	280
1	256
0	842
1	344
1	822
0	771
0	531
0	457
0	340
1	626
0	515
1	82
0	311
1	396
1	222
1	352
1	836
0	86
1	416
1	477
1	390
1	486
1	486
1	330
1	715
1	486
1	330
1	715
1	601
1	486
1	330
1	715
1	601
1	161
1	486
1	330
1	715
1	601
1	161
0	664
1	299
1	486
1	330
1	715
1	601
1	161
0	664
1	299
1	486
1	330
1	715
1	601
1	161
0	664
1	299
1	678
1	486
1	330
1	715
1	601
1	161
0	664
1	299
1	678
1	697
1	641
1	320
1	258
1	541
1	541
1	752
1	348
1	541
1	752
1	348
1	381
1	541
1	752
1	348
1	381
0	852
1	797
1	541
1	752
1	348
1	381
0	852
1	797
1	296
1	541
1	752
1	348
1	381
0	852
1	797
1	296
1	541
1	752
1	348
1	381
0	852
1	797
1	296
0	49
1	707
1	341
1	541
1	752
1	348
1	381
0	852
1	797
1	296
0	49
1	707
1	341
1	978
0	172
1	232
1	944
1	256
0	731
0	731
1	62
1	858
1	486
0	731
1	62
1	858
1	486
1	80
0	731
1	62
1	858
1	486
1	80
0	215
0	231
1	98
1	244
1	46
1	825
0	731
1	62
1	858
1	486
1	80
0	215
0	231
1	98
1	244
1	46
0	731
1	62
1	858
1	486
1	80
0	215
0	231
1	98
1	244
1	46
0	731
1	62
1	858
1	486
1	80
0	215
0	231
1	98
1	244
1	46
0	731
1	62
1	858
1	486
1	80
0	215
0	231
1	98
1	244
1	46
1	825
1	784
0	903
0	737
1	95
1	101
1	452
0	341
1	842
1	55
0	596
1	707
0	319
1	568
1	701
0	183
0	183
1	755
1	871
1	928
0	183
1	755
1	871
1	928
1	536
0	183
1	755
1	871
1	928
1	536
0	357
1	767
1	662
1	939
0	183
1	755
1	871
1	928
1	536
0	357
1	767
1	662
0	183
1	755
1	871
1	928
1	536
0	357
1	767
1	662
0	183
1	755
1	871
1	928
1	536
0	357
1	767
1	662
0	183
1	755
1	871
1	928
1	536
0	357
1	767
1	662
1	939
1	922
1	49
1	742
1	485
1	366
1	366
1	850
1	411
1	366
1	850
1	411
0	996
1	112
1	366
1	850
1	411
0	996
1	112
1	901
1	366
1	850
1	411
0	996
1	112
1	901
1	174
1	366
1	850
1	411
0	996
1	112
1	901
1	174
1	366
1	850
1	411
0	996
1	112
1	901
1	174
1	381
1	366
1	850
1	411
0	996
1	112
1	901
1	174
1	381
1	122
0	356
1	452
1	65
1	830
1	384
1	384
1	573
0	287
1	913
1	384
1	573
0	287
1	913
0	928
1	884
1	503
1	474
1	384
1	573
0	287
1	913
0	928
1	884
1	503
1	384
1	573
0	287
1	913
0	928
1	884
1	503
1	474
1	384
1	573
0	287
1	913
0	928
1	884
1	503
1	474
1	384
1	573
0	287
1	913
0	928
1	884
1	503
1	474
1	384
1	573
0	287
1	913
0	928
1	884
1	503
1	474
1	497
1	343
1	606
1	87
1	718
1	151
1	151
0	770
1	446
1	916
1	151
0	770
1	446
1	916
1	772
1	151
0	770
1	446
1	916
1	772
0	663
1	628
0	394
1	26
1	709
1	499
1	151
0	770
1	446
1	916
1	772
0	663
1	628
0	394
1	26
1	709
1	151
0	770
1	446
1	916
1	772
0	663
1	628
0	394
1	26
1	709
1	151
0	770
1	446
1	916
1	772
0	663
1	628
0	394
1	26
1	709
1	499
1	151
0	770
1	446
1	916
1	772
0	663
1	628
0	394
1	26
1	709
1	499
1	524
0	991
1	593
0	125
1	126
0	478
1	155
0	933
0	166
0	721
1	302
0	566
0	876
1	195
0	329
1	502
1	549
1	800
1	763
1	643
1	643
1	370
1	443
1	643
1	370
1	443
1	860
1	643
1	370
1	443
1	860
1	906
1	643
1	370
1	443
1	860
1	906
1	262
1	643
1	370
1	443
1	860
1	906
1	262
1	643
1	370
1	443
1	860
1	906
1	262
1	643
1	370
1	443
1	860
1	906
1	262
1	609
0	862
1	313
1	128
0	499
1	993
1	566
1	407
1	448
1	448
1	817
1	616
1	448
1	817
1	616
1	743
1	448
1	817
1	616
1	743
0	939
1	811
1	448
1	817
1	616
1	743
0	939
1	811
1	69
1	448
1	817
1	616
1	743
0	939
1	811
1	69
1	448
1	817
1	616
1	743
0	939
1	811
1	69
0	64
1	768
1	781
1	448
1	817
1	616
1	743
0	939
1	811
1	69
0	64
1	768
1	781
1	547
0	765
1	56
1	617
1	233
0	243
0	744
1	704
1	508
1	873
0	771
0	98
0	87
0	396
0	492
0	194
0	359
0	403
0	325
0	218
1	672
0	179
1	110
1	223
1	117
1	75
1	544
1	24
1	885
0	893
0	386
1	210
1	475
0	850
0	75
0	982
0	445
1	705
1	13
1	641
1	305
1	992
1	760
0	259
1	300
1	500
0	471
0	688
0	265
1	739
1	785
0	517
1	963
1	233
1	651
1	866
1	969
1	711
1	48
1	78
1	889
1	246
1	756
1	201
0	960
1	110
0	491
0	818
1	789
1	528
1	377
0	814
0	667
1	579
1	807
1	356
1	728
0	818
1	814
0	911
0	597
0	741
0	955
0	278
0	705
1	956
1	794
1	206
1	426
1	344
1	420
1	640
0	746
0	367
0	47
0	932
0	567
1	546
0	348
1	402
1	882
1	766
0	11
1	757
1	451
1	416
1	175
0	885
1	739
0	11
0	347
1	385
0	962
1	842
1	768
0	479
1	818
1	17
1	143
1	134
1	856
1	799
0	568
1	960
1	938
1	619
0	671
0	623
0	950
1	933
1	388
1	204
1	250
1	686
1	673
1	109
1	841
1	606
1	44
1	703
1	292
1	160
1	314
1	634
0	534
1	667
1	723
1	95
1	770
0	963
1	873
0	943
0	835
1	170
1	634
0	558
1	433
1	166
0	167
0	447
1	923
1	508
1	157
0	918
1	82
1	53
1	534
0	581
1	677
1	694
1	358
1	249
1	982
1	646
1	413
1	768
1	835
0	798
1	934
1	916
1	669
1	137
0	503
1	288
1	784
1	52
1	122
0	987
1	380
1	388
1	709
1	513
1	387
1	876
1	368
0	603
0	199
0	814
1	807
0	604
1	146
0	248
0	728
0	299
0	575
1	64
1	830
1	967
0	127
0	702
0	276
0	402
1	896
1	457
0	646
1	660
0	837
0	598
0	880
1	384
1	144
1	134
0	667
1	416
1	321
0	329
0	148
0	680
0	866
0	501
0	325
1	978
0	988
1	83
0	81
0	427
0	977
1	606
1	280
0	864
0	504
1	641
0	547
1	659
1	792
1	686
1	190
1	694
1	197
0	538
1	501
1	685
1	895
1	576
1	852
1	358
0	551
0	745
1	518
1	48
0	394
1	433
1	871
1	589
1	336
1	496
1	314
1	838
0	923
1	349
0	635
1	632
0	199
0	657
1	979
1	453
1	489
1	143
1	521
1	979
1	977
1	284
0	191
1	187
1	80
1	416
1	392
1	312
0	926
1	786
1	492
1	625
1	136
1	279
1	541
1	578
1	101
0	584
0	561
1	824
1	197
0	283
1	102
1	639
1	451
1	679
1	248
1	981
1	278
0	597
0	747
0	346
0	699
0	350
1	89
0	920
0	964
0	335
0	277
0	766
0	652
1	480
1	392
1	898
0	285
0	71
0	575
1	375
1	917
1	584
0	774
1	533
1	157
1	261
1	259
0	43
1	401
1	582
1	99
1	857
1	490
1	658
1	800
1	743
1	63
0	659
1	838
1	831
1	471
1	272
0	938
1	26
1	56
0	197
0	530
0	257
0	899
1	175
0	385
1	363
1	995
1	221
1	174
1	419
0	209
1	411
0	472
1	601
1	822
1	591
0	550
1	160
1	92
1	621
1	790
1	177
1	436
0	886
1	404
1	571
1	419
1	720
0	895
1	739
1	740
1	671
1	30
1	35
0	37
1	65
1	6
1	82
1	40
1	19
0	68
1	55
1	38
0	58
1	29
1	27
1	25
1	47
0	31
0	70
1	82
1	0
1	61
0	12
0	33
0	63
0	27
1	53
1	42
1	76
1	30
1	78
1	72
0	22
1	8
0	59
0	56
0	23
1	51
0	41
0	68
0	73
0	31
0	63
0	11
0	36
0	14
0	7
1	53
0	80
0	6
1	3
1	16
0	14
0	26
1	33
0	64
0	38
1	29
1	24
0	49
1	5
1	57
0	72
0	52
0	15
1	48
1	30
1	61
1	34
1	18
0	53
1	68
0	7
1	51
1	27
1	2
1	12
1	37
0	18
1	41
0	75
0	64
0	40
0	35
1	49
0	18
0	43
0	26
0	55
0	12
0	0
0	68
0	1
0	52
1	45
1	23
1	24
1	70
0	74
0	46
0	10
0	12
1	59
1	72
0	19
0	53
0	52
0	45
0	7
0	58
1	81
1	78
1	18
0	57
0	4
0	3
0	82
1	43
0	65
1	6
1	45
1	67
0	5
1	30
1	54
0	83
0	3
1	34
1	31
1	54
0	85
0	49
0	98
0	0
0	61
0	0
0	61
0	0
0	61
1	37
1	42
1	37
1	42
1	37
1	42
0	8
0	85
0	8
0	85
0	8
0	85
1	64
1	8
1	64
1	8
1	64
1	8
1	95
0	81
0	28
0	22
1	95
0	81
0	28
0	22
1	95
0	81
0	28
0	22
1	71
1	71
1	52
1	71
1	52
1	71
1	52
1	9
1	71
1	52
1	9
1	68
1	68
1	33
1	68
1	33
1	68
1	33
1	73
1	68
1	33
1	73
0	38
0	38
0	85
0	38
0	85
0	38
0	85
0	53
0	38
0	85
0	53
1	41
1	41
0	54
1	92
0	6
0	93
0	70
1	41
0	54
1	92
0	6
0	93
0	70
1	41
0	54
1	92
0	6
0	93
0	70
0	31
1	41
0	54
1	92
0	6
0	93
0	70
0	31
1	7
1	7
0	16
0	92
1	7
0	16
0	92
0	21
1	7
0	16
0	92
0	21
1	7
0	16
0	92
0	21
0	96
0	11
0	6
0	46
1	27
1	52
1	56
0	97
0	57
0	59
0	57
1	62
0	19
0	59
1	88
1	81
1	51
1	13
1	52
1	95
1	12
0	71
1	61
1	70
1	56
1	47
0	7
0	5
1	82
1	77
1	84
0	46
0	93
0	22
0	96
0	96
1	29
1	66
0	68
0	38
0	81
0	91
0	96
1	29
1	66
0	68
0	38
0	81
0	91
0	70
0	96
1	29
1	66
0	68
0	38
0	81
0	91
0	70
1	10
0	4
0	94
1	77
1	77
0	30
1	98
1	29
1	13
1	88
1	77
0	30
1	98
1	29
1	13
1	88
1	81
0	33
0	24
1	21
1	85
1	84
1	2
0	59
0	23
1	61
1	50
0	27
1	76
1	43
1	4
1	77
0	30
1	98
1	29
1	13
1	88
1	81
0	33
0	24
1	21
1	85
1	84
1	2
1	77
0	30
1	98
1	29
1	13
1	88
1	81
0	33
0	24
1	21
1	85
1	77
0	30
1	98
1	29
1	13
1	88
1	81
0	33
0	24
1	21
1	85
1	84
1	2
0	59
0	23
1	61
1	50
0	27
1	76
1	43
0	91
0	91
0	73
0	37
0	9
0	98
0	91
0	73
0	37
0	9
0	98
0	47
0	91
0	73
0	37
0	9
0	98
0	47
0	44
0	53
0	23
1	9
1	9
1	0
0	63
0	54
1	45
1	88
1	80
1	77
1	9
1	0
0	63
0	54
1	45
1	88
1	80
1	9
1	0
0	63
0	54
1	45
1	88
1	80
1	77
0	21
0	85
1	50
1	40
1	61
1	17
0	81
1	67
1	51
1	82
1	93
1	9
1	0
0	63
0	54
1	45
1	88
1	80
1	77
0	21
0	85
1	50
1	40
1	61
1	17
0	81
1	67
1	51
1	82
1	93
1	83
1	9
1	0
0	63
0	54
1	45
1	88
1	80
1	77
0	21
0	85
1	50
1	40
1	15
1	15
0	65
0	26
1	11
0	52
0	85
0	51
1	15
0	65
0	26
1	11
0	52
0	85
0	51
0	5
1	39
0	70
0	61
1	15
0	65
0	26
1	11
0	52
0	85
0	51
0	5
1	39
0	70
0	61
1	15
0	65
0	26
1	11
0	52
0	85
0	51
0	5
1	39
0	70
0	61
1	15
0	65
0	26
1	11
0	52
0	85
0	51
0	5
1	39
0	70
0	61
0	63
0	71
1	70
1	70
1	79
1	56
0	31
1	75
0	84
1	49
1	22
0	83
1	52
1	87
0	27
1	5
1	37
1	61
1	24
1	39
1	70
1	79
1	56
0	31
1	75
0	84
1	49
1	22
1	70
1	79
1	56
0	31
1	75
0	84
1	49
1	22
0	83
1	52
1	87
0	27
1	5
1	37
1	70
1	79
1	56
0	31
1	75
0	84
1	49
1	22
0	83
1	52
1	87
0	27
1	5
1	37
1	70
1	79
1	56
0	31
1	75
0	84
1	49
1	22
0	83
1	52
1	87
0	27
1	5
1	37
1	61
0	91
0	91
0	74
0	33
0	46
1	99
1	94
1	1
0	72
0	24
0	88
0	91
0	74
0	33
0	46
1	99
1	94
1	1
0	72
0	24
0	88
0	95
0	91
0	74
0	33
0	46
1	99
1	94
1	1
0	72
0	24
0	88
0	95
0	91
0	74
0	33
0	46
1	99
1	94
1	1
0	72
0	24
0	88
0	95
0	13
0	26
0	91
0	74
0	33
0	46
1	99
1	94
1	1
0	72
0	24
0	88
0	95
0	13
1	13
1	13
0	61
0	31
1	32
1	36
1	59
0	52
1	11
1	19
1	13
0	61
0	31
1	32
1	36
1	59
0	52
1	11
1	19
1	38
1	50
1	6
1	13
0	61
0	31
1	32
1	36
1	59
0	52
1	11
1	19
1	38
1	50
1	6
1	13
0	61
0	31
1	32
1	36
1	59
0	52
1	11
1	19
1	38
1	50
1	6
1	13
0	61
0	31
1	32
1	36
1	59
0	52
1	11
1	19
1	38
1	50
1	6
0	28
1	4
0	27
1	21
0	20
1	15
0	9
1	22
1	62
1	16
1	85
1	79
1	55
0	46
1	79
1	40
0	28
0	38
0	23
1	20
0	56
1	32
1	28
1	29
1	27
1	56
1	20
0	59
1	40
1	16
0	64
0	82
1	15
0	70
0	55
1	81
0	59
1	75
0	77
1	26
1	7
0	79
0	30
0	88
0	18
0	41
1	30
1	29
1	76
1	73
1	36
0	38
0	17
0	39
0	18
0	71
0	25
0	98
0	21
0	92
1	12
0	68
1	59
1	13
1	1
1	69
0	56
0	36
0	49
1	58
1	93
0	77
1	78
0	51
1	20
0	61
1	35
1	75
1	19
1	60
1	13
1	5
0	0
0	50
1	57
0	23
1	62
0	78
0	47
0	12
0	18
0	9
0	4
0	57
0	82
1	96
0	61
1	79
0	36
0	83
1	44
1	35
0	95
1	25
1	97
1	7
0	15
1	67
1	21
0	29
0	65
0	51
1	55
1	9
0	82
0	13
0	85
1	61
0	73
0	42
0	71
0	20
1	66
1	33
1	76
0	86
0	62
0	2
0	51
0	20
1	66
1	33
1	76
0	86
0	62
0	2
0	51
0	20
1	66
1	33
1	76
0	86
0	62
0	2
0	51
0	20
1	66
1	33
1	76
0	86
0	62
0	2
0	51
1	38
0	85
1	19
1	65
1	88
0	53
1	93
0	24
0	68
1	28
0	17
1	81
1	16
1	29
1	72
1	25
1	73
0	26
1	36
1	90
1	11
0	78
1	41
1	10
0	3
1	41
1	93
0	4
1	91
0	76
1	37
0	60
0	30
0	5
0	24
1	43
1	29
0	94
1	9
0	45
1	95
0	44
1	52
1	23
0	80
0	99
0	1
0	39
0	73
0	82
0	26
0	15
0	94
0	54
0	44
0	40
0	45
0	31
0	22
1	37
0	96
0	45
0	16
