1	293
1	293
1	259
0	266
1	377
1	377
1	352
1	377
1	352
1	890
1	301
1	473
0	149
0	360
1	972
1	972
1	645
1	761
1	767
1	767
1	864
1	437
1	767
1	864
1	437
1	613
1	767
1	864
1	437
1	613
1	859
1	767
1	864
1	437
1	613
1	859
1	999
1	767
1	864
1	437
1	613
1	859
1	999
1	767
1	864
1	437
1	613
1	859
1	999
1	767
1	864
1	437
1	613
1	859
1	999
1	13
1	716
1	611
0	238
0	985
1	275
1	496
0	570
1	626
0	555
1	843
1	886
1	789
1	789
1	387
1	571
1	789
1	387
1	571
0	993
0	862
1	273
0	620
0	6
1	789
1	387
1	571
0	993
0	862
1	273
0	620
0	6
1	528
0	999
1	523
0	692
1	157
1	117
0	770
1	113
0	414
1	440
1	289
1	789
1	387
1	571
0	993
0	862
1	273
0	620
0	6
1	528
0	999
1	523
0	692
1	157
1	117
0	770
1	113
0	414
1	440
1	289
1	660
1	789
1	387
1	571
0	993
0	862
1	273
0	620
0	6
1	528
0	999
1	523
0	692
1	157
1	117
0	770
1	113
0	414
1	440
1	289
1	789
1	387
1	571
0	993
0	862
1	273
0	620
0	6
1	528
0	999
1	523
0	692
1	157
1	117
0	770
1	113
0	414
1	440
1	289
1	660
1	789
1	387
1	571
0	993
0	862
1	273
0	620
0	6
1	528
0	999
1	523
0	692
1	157
1	117
0	770
1	113
0	414
1	440
1	289
1	660
1	894
0	540
0	540
1	219
0	705
1	618
1	304
0	540
1	219
0	705
1	618
1	304
0	858
1	507
1	338
0	886
1	996
0	699
0	898
0	380
0	540
1	219
0	705
1	618
1	304
0	858
1	507
1	338
0	886
1	996
0	699
0	898
0	380
1	416
0	599
1	634
1	502
0	683
1	548
0	406
0	473
0	540
1	219
0	705
1	618
1	304
0	858
1	507
1	338
0	886
1	996
0	540
1	219
0	705
1	618
1	304
0	858
1	507
1	338
0	540
1	219
0	705
1	618
1	304
0	858
1	507
1	338
0	886
1	996
0	699
0	898
0	380
1	416
0	599
1	634
1	502
0	683
1	548
0	406
0	473
0	582
0	327
0	540
1	219
0	705
1	618
1	304
0	858
1	507
1	338
0	886
1	996
0	699
0	898
0	380
1	416
0	599
1	634
1	502
0	683
1	548
0	406
0	473
0	582
0	327
0	961
0	961
1	424
1	443
0	222
0	505
0	961
1	424
1	443
0	222
0	505
0	412
0	961
1	424
1	443
0	222
0	505
0	412
0	593
0	961
1	424
1	443
0	222
0	505
0	412
0	593
1	895
0	700
1	45
1	947
1	139
0	46
0	391
0	772
1	739
1	47
1	630
1	831
0	961
1	424
1	443
0	222
0	505
0	412
0	593
1	895
0	700
1	45
1	947
1	139
0	46
0	391
0	772
1	739
1	47
1	630
1	831
0	961
1	424
1	443
0	222
0	505
0	412
0	593
1	895
0	700
1	45
1	947
1	139
0	46
0	391
0	772
1	739
1	47
1	630
1	831
0	961
1	424
1	443
0	222
0	505
0	412
0	593
1	895
0	700
1	45
1	947
1	139
0	46
0	391
0	772
1	739
1	47
1	630
1	831
0	70
0	369
1	657
1	991
1	168
1	379
0	779
0	779
0	389
1	533
1	440
1	574
0	779
0	389
1	533
1	440
1	574
1	906
0	779
0	389
1	533
1	440
1	574
1	906
1	688
0	779
0	389
1	533
1	440
1	574
1	906
1	688
0	672
1	19
1	837
1	840
0	779
0	389
1	533
1	440
1	574
1	906
1	688
0	672
1	19
0	779
0	389
1	533
1	440
1	574
1	906
1	688
0	672
1	19
1	837
1	840
0	779
0	389
1	533
1	440
1	574
1	906
1	688
0	672
1	19
1	837
1	840
0	233
0	217
1	667
1	455
1	344
1	776
0	731
0	731
0	599
1	465
1	673
0	11
1	66
0	731
0	599
1	465
1	673
0	11
1	66
1	679
0	731
0	599
1	465
1	673
0	11
1	66
1	679
0	731
0	599
1	465
1	673
0	11
1	66
1	679
1	973
0	772
1	185
1	35
0	731
0	599
1	465
1	673
0	11
1	66
1	679
1	973
0	772
1	185
1	35
0	731
0	599
1	465
1	673
0	11
1	66
1	679
1	973
0	772
1	185
1	35
0	28
1	181
1	442
0	731
0	599
1	465
1	673
0	11
1	66
1	679
1	973
0	772
1	185
1	35
0	28
1	181
1	442
0	187
1	716
1	971
1	846
1	322
1	322
1	241
0	332
1	203
1	322
1	241
0	332
1	203
1	426
1	322
1	241
0	332
1	203
1	426
1	327
1	322
1	241
0	332
1	203
1	426
1	327
1	726
1	322
1	241
0	332
1	203
1	426
1	327
1	726
1	322
1	241
0	332
1	203
1	426
1	327
1	726
1	119
1	322
1	241
0	332
1	203
1	426
1	327
1	726
1	119
1	51
1	820
1	110
1	491
1	364
1	364
0	645
0	835
1	847
1	844
1	364
0	645
0	835
1	847
1	844
0	524
0	17
0	194
1	364
0	645
0	835
1	847
1	844
0	524
0	17
1	364
0	645
0	835
1	847
1	844
0	524
0	17
0	194
1	615
1	568
1	28
1	515
1	153
1	364
0	645
0	835
1	847
1	844
0	524
0	17
0	194
1	615
1	568
1	28
1	515
1	153
1	364
0	645
0	835
1	847
1	844
0	524
0	17
0	194
1	615
1	568
1	28
1	515
1	153
1	364
0	645
0	835
1	847
1	844
0	524
0	17
0	194
1	615
1	568
1	28
1	515
1	153
1	795
0	451
0	451
1	566
0	683
1	790
1	646
0	451
1	566
0	683
1	790
1	646
1	168
0	451
1	566
0	683
1	790
1	646
1	168
0	379
0	618
0	114
0	451
1	566
0	683
1	790
1	646
1	168
0	379
0	618
0	114
0	451
1	566
0	683
1	790
1	646
1	168
0	379
0	618
0	114
0	451
1	566
0	683
1	790
1	646
1	168
0	379
0	618
0	114
1	479
1	525
1	475
0	152
1	286
0	827
1	955
1	236
1	565
1	469
0	451
1	566
0	683
1	790
1	646
1	168
0	379
0	618
0	114
1	479
1	525
1	475
0	152
1	286
0	827
1	955
1	236
1	659
1	659
1	55
1	170
1	659
1	55
1	170
1	336
1	659
1	55
1	170
1	336
1	543
1	659
1	55
1	170
1	336
1	543
1	196
1	659
1	55
1	170
1	336
1	543
1	196
1	659
1	55
1	170
1	336
1	543
1	196
1	659
1	55
1	170
1	336
1	543
1	196
1	777
1	921
1	178
1	298
0	205
0	364
0	654
0	796
0	497
0	8
1	881
1	215
1	731
1	907
1	246
0	183
1	506
0	503
1	10
1	741
0	236
1	658
1	88
1	893
1	55
0	927
0	865
1	11
0	634
0	674
0	356
1	34
0	669
1	155
0	153
0	433
0	547
1	120
1	512
1	677
1	728
0	531
1	622
1	931
0	453
0	71
0	953
0	81
0	337
1	796
1	547
0	210
0	894
0	346
0	297
0	454
0	526
1	265
0	636
0	19
0	123
0	328
0	390
0	344
0	115
0	63
0	974
1	484
0	485
0	456
0	74
0	796
0	413
0	124
0	327
0	791
0	696
0	810
0	483
0	735
1	56
0	230
1	695
0	984
1	338
0	348
0	130
0	212
1	563
1	542
0	614
1	545
1	675
0	15
1	171
1	244
1	75
0	807
1	277
0	839
1	922
1	540
1	416
1	799
1	456
1	670
1	680
0	296
1	307
1	353
0	945
0	594
1	606
0	134
0	734
1	689
0	27
0	508
1	270
0	290
1	678
1	467
0	105
1	114
1	139
1	633
0	206
1	39
1	794
0	733
1	797
1	226
1	78
0	187
0	586
1	745
0	254
1	119
1	887
1	811
1	234
0	170
1	470
1	63
0	15
0	753
1	390
1	433
1	808
1	131
0	94
1	253
1	377
1	842
1	620
0	993
0	542
0	452
0	213
0	449
1	574
1	858
1	969
1	670
0	603
1	490
0	192
0	52
1	933
0	915
0	853
0	816
0	911
0	393
0	325
1	18
0	190
0	229
1	399
1	601
1	462
1	995
1	53
0	534
0	693
0	967
0	978
0	982
1	433
1	932
0	576
0	465
0	198
0	660
0	816
0	649
0	27
0	479
0	872
0	28
1	713
0	668
0	845
0	929
0	509
1	107
1	542
0	488
0	520
1	58
0	859
0	342
1	721
0	987
0	917
1	686
0	750
0	241
1	957
0	880
1	951
1	216
1	453
1	559
1	551
1	796
1	567
1	540
1	153
1	470
1	741
1	662
1	745
0	796
0	97
1	725
1	587
1	472
1	7
1	436
0	883
1	180
0	398
1	681
1	113
0	787
1	793
1	11
0	954
1	929
1	19
1	216
1	672
0	105
1	460
1	170
1	689
0	799
0	354
1	710
1	561
1	442
1	514
1	186
1	410
0	116
1	266
1	387
1	337
1	279
0	21
0	646
1	145
1	964
1	332
1	753
1	473
0	814
1	366
1	40
1	230
1	106
1	731
0	633
1	978
1	602
1	516
1	50
1	143
1	428
1	530
1	531
1	46
1	310
1	155
1	977
1	690
1	641
0	906
0	86
1	791
0	231
1	373
1	517
1	393
0	562
0	439
1	241
1	198
1	45
0	400
1	896
1	661
1	951
1	420
1	999
0	648
1	438
1	448
0	478
0	295
0	437
0	216
0	585
0	664
0	339
0	14
0	370
1	412
0	54
1	570
1	636
1	243
1	241
1	915
1	520
0	508
1	733
1	933
1	473
1	960
1	317
1	934
1	324
0	673
1	662
1	994
1	617
1	99
1	753
0	851
1	250
1	23
1	524
0	375
0	724
1	353
0	708
0	508
1	169
1	414
1	584
1	303
1	411
0	145
1	389
1	735
0	345
1	460
1	814
0	672
0	478
1	942
1	920
0	137
1	884
0	613
1	638
1	834
0	662
1	465
1	766
1	71
0	7
0	34
0	15
0	18
1	28
1	30
1	42
1	66
0	1
0	76
1	54
1	74
0	18
0	80
0	2
1	9
0	56
1	4
0	49
0	77
0	30
1	81
0	61
0	17
1	16
1	63
1	20
1	75
1	11
0	35
1	3
1	49
0	74
1	34
1	30
1	15
0	1
1	46
0	53
1	27
1	7
0	67
1	58
1	16
0	78
0	28
1	23
1	43
0	12
0	8
0	20
1	3
0	75
1	59
1	81
0	54
1	73
0	3
1	22
1	56
1	68
1	75
1	53
1	62
1	12
0	50
0	79
0	28
0	22
0	39
0	62
0	40
0	42
1	51
1	2
0	49
1	14
1	3
0	41
1	74
0	50
0	7
1	64
0	82
0	24
1	38
0	82
0	41
0	52
1	65
1	42
0	40
0	21
0	66
1	24
1	25
1	10
1	30
1	67
1	22
0	0
1	61
1	77
0	4
1	23
1	46
1	13
1	39
1	4
1	15
1	55
1	8
0	12
1	10
0	6
1	34
1	79
1	21
1	6
1	75
1	16
1	60
0	51
1	76
0	157
0	36
0	114
0	40
0	75
0	59
0	75
0	21
1	67
0	66
0	2
0	39
1	37
0	159
1	1
1	61
1	57
0	143
0	60
0	32
0	158
0	117
1	137
0	28
0	119
0	39
0	102
0	74
1	105
0	89
1	21
0	58
0	102
0	155
0	126
0	20
1	49
0	30
0	26
0	7
0	41
0	33
0	8
1	40
1	63
1	25
0	31
1	1
1	65
1	13
0	63
0	39
0	44
1	56
0	16
1	2
1	68
0	2
1	35
1	25
1	74
1	75
1	15
1	13
1	29
0	6
1	33
0	13
1	68
1	25
1	34
0	68
1	38
1	0
0	97
1	29
0	48
0	55
0	15
0	38
1	67
0	63
0	89
1	35
0	48
0	94
1	14
1	59
1	14
1	59
1	14
1	59
0	70
0	80
0	70
0	80
0	70
0	80
1	14
0	88
0	20
0	96
0	97
1	14
0	88
0	20
0	96
0	97
1	14
0	88
0	20
0	96
0	97
0	11
0	29
0	73
0	29
0	73
0	29
0	73
0	37
1	99
1	13
1	87
0	37
1	99
1	13
0	37
1	99
1	13
1	87
1	20
1	20
0	0
1	42
0	15
1	30
1	34
1	97
1	88
1	20
0	0
1	42
0	15
1	30
1	34
1	97
1	88
1	87
1	20
0	0
1	42
0	15
1	30
1	34
1	97
1	88
1	87
1	23
1	20
0	0
1	42
0	15
1	30
1	34
1	97
1	88
1	87
1	23
1	43
0	39
1	84
0	93
0	3
1	65
1	79
0	45
0	60
1	11
1	35
1	5
1	50
1	50
0	57
1	12
1	94
1	50
0	57
1	12
1	94
1	50
0	57
1	12
1	94
1	7
1	50
0	57
1	12
1	94
1	7
1	36
1	36
1	73
1	36
1	73
1	36
1	73
1	26
1	36
1	73
1	26
0	6
0	6
0	67
0	6
0	67
0	6
0	67
1	55
0	35
0	71
0	6
0	67
1	55
0	35
0	71
1	4
1	4
1	94
1	4
1	94
1	4
1	94
1	44
1	4
1	94
1	44
1	93
1	95
1	28
0	2
1	8
0	13
1	81
0	52
0	83
0	93
0	79
0	14
0	35
1	18
0	9
1	37
0	44
1	61
1	85
1	87
1	57
1	10
0	42
1	91
0	55
0	8
1	88
0	60
0	38
1	66
1	95
1	12
1	9
1	59
1	43
0	0
0	0
0	55
0	95
0	57
0	65
0	0
0	55
0	95
0	57
0	65
0	7
0	0
0	55
0	95
0	57
0	65
0	7
1	66
0	73
0	68
0	89
0	81
0	84
0	84
1	42
1	65
0	67
1	61
1	27
0	84
1	42
1	65
0	67
1	61
1	27
0	7
1	29
1	77
1	71
0	84
1	42
1	65
0	67
1	61
1	27
0	7
1	29
1	77
1	71
1	3
0	87
1	10
1	89
0	92
1	56
0	11
0	17
1	78
0	28
1	25
1	73
0	52
1	74
1	4
1	43
1	96
0	39
1	45
1	40
0	84
1	42
1	65
0	67
1	61
1	27
0	7
1	29
1	77
1	71
1	3
0	87
1	10
1	89
0	92
1	56
0	11
0	17
1	78
0	28
1	25
1	73
0	52
1	74
1	4
1	43
1	96
0	84
1	42
1	65
0	67
1	61
1	27
0	7
1	29
1	77
1	71
1	3
0	87
1	10
1	89
0	92
1	56
0	11
0	17
1	78
0	28
1	25
1	73
0	52
1	74
1	4
1	43
1	96
0	39
1	45
1	40
1	95
0	63
0	63
1	38
1	62
1	71
0	30
1	6
0	28
1	18
1	76
0	63
1	38
1	62
1	71
0	30
1	6
0	28
1	18
1	76
1	12
0	75
1	34
0	47
1	93
1	67
1	73
0	63
1	38
1	62
1	71
0	30
1	6
0	28
1	18
1	76
1	2
1	2
1	35
1	45
1	64
1	74
1	2
1	35
1	45
1	64
1	74
1	37
1	2
1	35
1	45
1	64
1	74
1	37
1	28
1	76
1	19
1	2
1	35
1	45
1	64
1	74
1	37
1	28
1	76
1	19
1	2
1	35
1	45
1	64
1	74
1	37
1	28
1	76
1	19
1	39
1	41
1	41
1	92
1	26
1	51
1	58
1	41
1	92
1	26
1	51
1	58
1	53
1	41
1	92
1	26
1	51
1	58
1	53
1	20
1	8
1	5
1	41
1	92
1	26
1	51
1	58
1	53
1	20
1	8
1	5
1	41
1	92
1	26
1	51
1	58
1	53
1	20
1	8
1	5
1	95
0	77
0	77
0	57
0	48
0	71
1	87
0	11
0	77
0	57
0	48
0	71
1	87
0	11
0	69
0	77
0	57
0	48
0	71
1	87
0	11
0	69
0	76
1	6
0	61
1	46
1	70
0	52
0	67
0	43
1	21
1	33
0	4
0	92
0	77
0	57
0	48
0	71
1	87
0	11
0	69
0	76
1	6
0	61
1	46
1	70
0	52
0	67
0	43
1	21
1	33
0	4
0	92
0	77
0	57
0	48
0	71
1	87
0	11
0	69
0	76
1	6
0	61
1	46
1	70
0	52
0	67
0	43
1	21
1	33
0	4
0	92
0	62
0	91
1	55
1	55
1	16
1	58
1	82
1	57
1	55
1	16
1	58
1	82
1	57
1	43
1	55
1	16
1	58
1	82
1	57
1	43
0	4
1	41
1	23
0	6
0	65
1	9
1	62
0	69
1	74
0	12
1	38
1	66
1	48
1	59
1	55
1	16
1	58
1	82
1	57
1	43
0	4
1	41
1	23
0	6
0	65
1	9
1	62
0	69
1	74
0	12
1	38
1	66
1	48
1	59
1	55
1	16
1	58
1	82
1	57
1	43
0	4
1	41
1	23
0	6
0	65
1	9
1	62
0	7
0	7
1	85
0	76
0	40
0	48
0	65
0	7
1	85
0	76
0	40
0	48
0	65
0	57
0	7
1	85
0	76
0	40
0	48
0	65
0	57
0	54
0	26
0	64
0	25
0	7
1	85
0	76
0	40
0	48
0	65
0	57
0	54
0	26
0	64
0	25
0	7
1	85
0	76
0	40
0	48
0	65
0	57
0	54
0	26
0	64
0	25
0	18
1	25
1	21
0	45
1	60
1	50
0	99
0	53
0	85
1	13
0	89
0	96
0	54
0	4
1	3
1	72
1	87
0	33
0	69
1	50
0	66
0	63
0	76
1	8
0	70
1	93
0	10
1	12
1	25
1	36
1	80
1	3
0	29
1	23
1	37
1	38
1	11
1	20
0	84
0	78
1	9
1	62
0	56
0	96
0	37
0	32
1	66
1	71
1	50
1	9
0	24
1	38
1	4
1	29
1	84
0	25
0	50
0	63
0	35
0	62
1	68
1	28
0	88
0	33
1	71
1	36
0	51
1	54
1	70
0	81
0	9
1	83
1	23
0	6
0	43
0	93
0	10
0	17
0	35
0	13
1	91
0	3
0	64
1	17
0	47
1	58
1	22
0	96
1	14
0	21
1	5
0	52
0	85
1	31
0	26
0	38
0	32
0	18
0	30
0	80
0	41
0	52
0	69
1	7
0	73
0	46
0	16
0	64
1	92
1	18
0	20
1	27
0	74
1	3
0	63
1	40
1	82
1	76
1	9
1	50
0	16
0	4
0	89
0	98
0	95
0	16
0	4
0	89
0	98
0	95
0	16
0	4
0	89
0	98
0	95
0	16
0	4
0	89
0	98
0	95
1	90
0	69
0	62
0	39
0	3
1	55
0	27
1	60
1	75
0	53
0	17
1	54
0	86
0	25
1	89
0	66
1	65
0	37
1	91
0	7
0	44
0	67
0	74
0	96
1	14
0	68
0	72
1	83
1	5
1	49
0	95
0	25
1	89
1	67
0	80
1	36
0	86
1	24
1	3
0	57
1	39
0	27
1	7
0	14
0	81
1	23
0	34
1	62
1	80
1	21
1	30
0	95
0	91
0	93
0	63
1	49
0	92
0	10
1	15
1	60
1	9
1	77
1	73
1	59
1	58
0	65
0	58
1	78
0	0
0	32
0	2
1	13
1	20
0	93
0	68
1	36
1	39
