1	547
1	547
0	52
1	50
1	343
1	343
1	343
1	994
1	258
0	944
1	588
1	745
0	653
0	706
0	706
1	443
1	781
0	55
0	616
0	85
0	85
1	479
0	238
1	913
0	582
1	146
0	85
1	479
0	238
1	913
0	582
1	146
1	381
0	974
1	275
1	524
0	85
1	479
0	238
1	913
0	582
1	146
1	381
0	85
1	479
0	238
1	913
0	582
1	146
1	381
0	974
1	275
1	524
1	15
0	85
1	479
0	238
1	913
0	582
1	146
1	381
0	974
1	275
1	524
1	15
0	971
1	435
1	293
0	85
1	479
0	238
1	913
0	582
1	146
1	381
0	974
1	275
1	524
1	15
0	85
1	479
0	238
1	913
0	582
1	146
1	381
0	974
1	275
1	524
1	15
0	971
1	435
1	293
1	347
1	925
1	925
0	518
1	833
1	915
1	925
0	518
1	833
1	915
1	917
1	925
0	518
1	833
1	915
1	917
0	700
1	202
0	694
0	56
1	714
1	815
1	461
0	289
1	156
1	665
1	925
0	518
1	833
1	915
1	917
0	700
1	202
0	694
0	56
1	714
1	815
1	461
1	925
0	518
1	833
1	915
1	917
0	700
1	202
0	694
0	56
1	714
1	815
1	925
0	518
1	833
1	915
1	917
0	700
1	202
0	694
0	56
1	714
1	815
1	461
1	925
0	518
1	833
1	915
1	917
0	700
1	202
0	694
0	56
1	714
1	815
1	461
0	289
1	156
1	665
0	992
0	992
1	168
1	200
1	624
0	992
1	168
1	200
1	624
1	959
0	992
1	168
1	200
1	624
1	959
0	854
1	42
0	17
0	420
0	173
1	495
1	770
0	164
1	66
1	218
1	751
0	992
1	168
1	200
1	624
1	959
0	854
1	42
0	17
0	420
0	173
1	495
1	770
0	164
1	66
1	218
0	992
1	168
1	200
1	624
1	959
0	854
1	42
0	17
0	420
0	173
1	495
1	770
0	164
1	66
1	218
0	992
1	168
1	200
1	624
1	959
0	854
1	42
0	17
0	420
0	173
1	495
1	770
0	164
1	66
1	218
1	751
0	992
1	168
1	200
1	624
1	959
0	854
1	42
0	17
0	420
0	173
1	495
1	770
0	164
1	66
1	218
1	751
1	383
1	383
1	580
0	599
0	194
0	740
1	383
1	580
0	599
0	194
0	740
1	956
1	963
1	106
1	383
1	580
0	599
0	194
0	740
1	956
1	963
1	106
1	383
1	580
0	599
0	194
0	740
1	956
1	963
1	106
1	295
1	383
1	580
0	599
0	194
0	740
1	956
1	963
1	106
1	383
1	580
0	599
0	194
0	740
1	956
1	963
1	106
1	295
1	383
1	580
0	599
0	194
0	740
1	956
1	963
1	106
1	295
1	986
1	837
1	515
0	126
0	447
1	186
1	704
1	668
1	431
1	431
0	173
0	527
1	423
1	379
1	431
0	173
0	527
1	423
1	379
1	26
1	431
0	173
0	527
1	423
1	379
1	26
1	603
1	431
0	173
0	527
1	423
1	379
1	26
1	603
1	832
1	431
0	173
0	527
1	423
1	379
1	26
1	603
1	832
1	431
0	173
0	527
1	423
1	379
1	26
1	603
1	832
1	431
0	173
0	527
1	423
1	379
1	26
1	603
1	832
1	696
1	499
1	117
0	653
0	729
1	311
1	682
0	964
1	882
1	761
0	15
1	21
1	370
1	810
0	748
0	748
0	846
1	136
1	339
1	49
0	748
0	846
1	136
1	339
1	49
1	792
0	748
0	846
1	136
1	339
1	49
1	792
1	324
0	748
0	846
1	136
1	339
1	49
1	792
1	324
0	799
1	167
1	353
0	584
0	793
1	654
0	160
1	248
1	250
0	748
0	846
1	136
1	339
1	49
1	792
1	324
0	799
1	167
1	353
0	748
0	846
1	136
1	339
1	49
1	792
1	324
0	799
1	167
1	353
0	584
0	793
1	654
0	160
1	248
1	250
1	647
0	748
0	846
1	136
1	339
1	49
1	792
1	324
0	799
1	167
1	353
0	584
0	793
1	654
0	160
1	248
1	250
1	647
1	262
1	754
1	754
1	603
1	63
1	754
1	603
1	63
1	989
1	754
1	603
1	63
1	989
1	951
1	754
1	603
1	63
1	989
1	951
0	607
1	301
1	754
1	603
1	63
1	989
1	951
0	607
1	301
1	754
1	603
1	63
1	989
1	951
0	607
1	301
1	79
1	754
1	603
1	63
1	989
1	951
0	607
1	301
1	79
1	16
1	668
0	447
1	971
1	746
1	897
1	987
1	987
1	965
1	853
1	987
1	965
1	853
1	43
1	987
1	965
1	853
1	43
0	821
1	620
1	987
1	965
1	853
1	43
0	821
1	620
1	989
1	987
1	965
1	853
1	43
0	821
1	620
1	989
1	987
1	965
1	853
1	43
0	821
1	620
1	989
1	838
1	987
1	965
1	853
1	43
0	821
1	620
1	989
1	838
1	9
0	259
0	388
1	935
1	956
1	595
0	81
1	171
1	122
1	539
1	539
1	70
0	427
1	372
1	539
1	70
0	427
1	372
1	383
1	539
1	70
0	427
1	372
1	383
0	394
1	692
1	336
1	134
1	539
1	70
0	427
1	372
1	383
0	394
1	692
1	336
1	539
1	70
0	427
1	372
1	383
0	394
1	692
1	336
1	539
1	70
0	427
1	372
1	383
0	394
1	692
1	336
1	539
1	70
0	427
1	372
1	383
0	394
1	692
1	336
1	134
0	504
1	4
0	876
0	825
1	456
1	972
1	224
1	373
1	537
1	537
1	673
1	792
1	537
1	673
1	792
1	423
1	537
1	673
1	792
1	423
0	827
1	412
1	537
1	673
1	792
1	423
0	827
1	412
1	699
1	537
1	673
1	792
1	423
0	827
1	412
1	699
1	537
1	673
1	792
1	423
0	827
1	412
1	699
1	977
1	537
1	673
1	792
1	423
0	827
1	412
1	699
1	977
1	127
1	657
1	789
1	101
1	283
0	274
0	285
1	527
0	653
1	359
1	774
1	333
0	617
0	610
0	997
1	869
0	959
0	260
1	934
0	795
1	33
1	713
1	37
1	306
1	336
0	868
1	209
0	400
1	730
1	385
1	765
0	84
1	475
1	762
1	94
1	315
1	79
1	862
1	645
1	226
0	282
1	567
0	779
0	901
0	23
0	89
0	449
0	563
0	717
0	221
0	991
1	954
1	823
0	65
1	593
0	205
1	657
1	368
0	164
0	245
0	710
0	833
1	354
0	641
1	282
0	529
0	932
0	1
1	329
0	97
0	756
0	82
1	961
0	252
0	415
1	278
0	871
1	815
0	329
1	111
0	118
1	470
0	752
1	810
1	998
0	520
0	300
0	563
0	530
1	451
0	50
1	43
0	335
0	208
1	303
0	808
0	655
1	145
0	552
0	860
1	48
1	357
0	167
0	991
1	42
1	896
0	471
1	822
1	834
1	711
1	195
1	914
1	176
1	125
1	223
1	569
1	905
1	352
0	596
1	694
1	441
1	632
0	718
1	19
1	327
1	806
1	647
0	699
1	157
1	539
1	802
1	42
0	929
0	630
1	375
0	252
1	756
1	191
1	14
1	822
0	333
1	702
1	667
1	860
1	632
1	75
1	282
0	584
1	14
1	50
1	538
1	343
1	114
1	39
1	163
1	756
1	855
1	821
0	541
1	365
0	271
1	770
1	400
0	73
0	294
1	503
1	966
1	277
1	766
1	161
1	924
1	726
0	666
0	656
1	377
1	42
1	103
0	681
1	518
1	145
1	635
0	478
1	450
1	440
0	750
0	540
1	964
0	521
1	838
1	83
1	983
0	308
1	675
1	485
0	149
0	922
0	139
1	616
0	381
0	2
1	657
1	790
1	664
1	232
1	410
1	957
0	540
1	988
1	86
1	80
1	659
0	11
0	197
1	408
1	999
1	224
1	436
1	540
1	428
1	761
1	159
1	38
1	828
1	395
0	154
1	255
1	594
1	426
1	476
0	414
0	431
1	283
1	244
1	651
1	981
0	149
1	677
1	863
1	968
0	112
1	186
0	842
1	881
1	68
0	673
1	30
1	655
1	623
1	837
1	796
0	238
0	878
0	24
0	845
1	816
0	508
1	45
0	312
0	461
1	876
1	264
0	94
1	636
1	991
1	963
1	177
1	545
1	485
1	900
1	47
1	927
1	639
0	21
1	944
1	422
1	199
1	606
0	627
1	433
1	471
1	369
1	594
1	607
0	894
1	556
1	323
0	623
1	114
1	159
0	163
1	835
1	869
1	465
1	930
1	809
0	1
1	117
0	727
0	617
0	737
1	963
1	478
1	46
0	124
1	977
1	403
1	297
0	711
1	823
0	993
1	639
1	694
0	49
1	431
1	189
0	226
1	108
0	638
1	117
0	807
1	168
1	341
1	38
1	941
0	885
1	968
1	422
0	523
0	499
1	181
1	205
1	295
1	731
1	466
1	228
1	912
1	207
1	903
1	253
1	437
1	892
1	478
0	671
1	64
0	623
1	595
0	254
0	293
0	227
0	698
0	913
0	705
0	208
0	646
1	412
1	160
1	275
1	140
1	544
1	258
1	900
1	310
1	612
1	59
0	895
1	769
0	831
0	408
0	288
0	238
0	323
0	555
1	484
0	625
0	742
1	365
0	770
1	744
1	857
0	320
0	387
0	703
1	445
0	300
0	208
0	503
0	861
0	77
1	482
0	143
1	303
0	2
0	70
1	333
0	526
0	706
0	914
0	192
1	571
1	488
0	918
1	156
0	679
1	181
0	931
1	104
1	216
1	246
0	110
1	461
0	171
1	996
1	979
1	700
1	547
1	53
1	211
1	989
0	863
1	424
1	650
1	516
0	37
1	963
1	542
0	881
1	338
1	680
1	880
0	40
0	38
1	47
1	69
0	22
1	44
1	24
1	70
1	10
1	21
1	50
0	31
1	65
0	58
1	77
1	51
0	28
1	55
1	48
1	8
1	4
1	52
0	9
0	81
0	52
0	64
1	40
1	36
0	2
0	30
0	79
1	8
1	24
1	23
1	61
0	11
1	18
0	81
1	21
1	7
0	78
1	68
0	34
1	25
1	38
1	66
0	3
1	18
0	65
1	47
1	30
1	40
1	80
0	37
1	14
0	8
1	6
1	19
0	32
1	51
0	42
0	52
1	34
0	22
0	36
1	58
0	60
0	7
0	27
1	4
0	68
1	19
1	59
1	40
1	47
1	43
1	5
1	73
1	33
0	44
0	12
0	14
0	49
0	6
0	17
1	63
1	14
1	50
1	37
0	66
1	23
1	44
1	42
1	56
0	26
1	9
0	82
1	40
1	7
0	62
1	14
1	65
1	34
1	21
0	8
0	73
1	4
1	7
1	24
1	69
1	74
0	81
0	101
0	159
1	133
1	80
1	91
0	89
1	3
0	121
0	84
0	78
1	131
0	47
0	133
1	42
1	102
1	136
1	68
1	102
1	90
1	129
1	67
1	46
1	28
1	14
1	2
0	78
0	161
0	151
0	137
1	97
1	114
1	153
1	94
0	52
0	80
0	11
0	28
1	1
0	20
1	49
1	6
1	75
0	64
1	27
1	50
0	20
1	6
1	81
1	35
1	77
0	16
0	88
0	16
0	88
0	16
0	88
1	80
1	99
1	80
1	99
1	80
1	99
0	42
0	15
0	42
0	15
0	42
0	15
0	62
0	92
0	62
0	92
0	62
0	92
0	93
0	23
0	93
0	23
0	93
0	23
0	47
0	47
1	94
1	32
0	54
0	11
0	86
0	47
1	94
1	32
0	54
0	11
0	86
0	47
1	94
1	32
0	54
0	11
0	86
0	47
1	94
1	32
0	54
0	11
0	86
1	50
1	50
1	60
1	50
1	60
1	50
1	60
0	17
0	22
0	64
1	50
1	60
0	17
0	22
0	64
1	86
1	86
1	76
1	86
1	76
1	86
1	76
1	63
1	86
1	76
1	63
1	43
1	43
1	59
1	43
1	59
1	43
1	59
0	51
1	13
1	38
1	43
1	59
0	51
1	13
1	38
0	51
0	51
0	48
0	51
0	48
0	51
0	48
1	1
0	61
0	51
0	48
1	1
0	61
0	49
0	55
0	16
1	45
0	67
0	77
1	52
0	93
0	51
0	0
0	93
1	82
1	21
0	14
1	43
0	87
1	40
1	6
0	59
0	82
0	63
1	62
1	42
0	16
1	92
1	9
1	79
0	71
0	71
0	18
1	68
1	92
0	37
0	31
1	98
0	47
0	34
0	71
0	18
1	68
1	92
0	37
0	31
1	98
0	47
0	34
1	23
1	13
1	40
0	71
0	18
1	68
1	92
0	37
0	31
1	98
0	47
0	34
1	23
1	13
1	40
0	24
0	66
1	49
1	73
1	58
1	29
1	46
1	46
0	60
1	21
1	96
1	1
0	30
0	94
0	32
1	46
0	60
1	21
1	96
1	1
0	30
0	94
0	32
1	10
1	81
1	75
1	17
1	46
0	60
1	21
1	96
1	1
0	30
0	94
0	32
1	10
1	81
1	75
1	17
1	0
1	46
0	60
1	21
1	96
1	1
0	30
0	94
0	32
1	10
1	81
1	75
1	17
1	0
1	46
0	60
1	21
1	96
1	1
0	30
0	94
0	32
1	10
1	81
1	75
1	17
1	0
0	71
0	71
1	47
0	64
1	12
0	43
1	57
0	24
0	51
0	48
0	49
0	71
1	47
0	64
1	12
0	43
1	57
0	24
0	51
0	48
0	71
1	47
0	64
1	12
0	43
1	57
0	24
0	51
0	48
1	96
1	96
1	70
1	88
0	35
1	15
1	24
1	50
1	96
1	70
1	88
0	35
1	15
1	24
1	50
1	96
1	70
1	88
0	35
1	15
1	24
1	50
1	39
1	34
1	68
1	36
1	96
1	70
1	88
0	35
1	15
1	24
1	50
1	39
1	34
1	68
1	36
1	96
1	70
1	88
0	35
1	15
1	24
1	50
1	39
1	34
1	68
1	36
0	71
0	32
1	93
1	87
0	63
1	64
0	81
1	51
1	40
1	0
1	92
1	94
1	94
0	67
1	58
1	91
0	95
0	41
1	73
0	37
1	38
1	55
1	96
1	75
0	77
1	62
1	60
1	94
0	67
1	58
1	91
0	95
0	41
1	73
0	37
1	38
1	55
1	96
1	75
1	94
0	67
1	58
1	91
0	95
0	41
1	73
0	37
1	38
1	55
1	96
1	75
0	77
1	62
1	60
1	94
0	67
1	58
1	91
0	95
0	41
1	73
0	37
1	38
1	55
1	96
1	75
0	77
1	62
1	60
1	94
0	67
1	58
1	91
0	95
0	41
1	73
0	37
1	38
1	55
1	96
1	75
0	77
1	62
1	60
1	61
1	80
1	54
1	54
1	69
0	56
0	80
0	92
0	4
0	64
1	54
1	69
0	56
0	80
0	92
0	4
0	64
0	74
1	54
1	69
0	56
0	80
0	92
0	4
0	64
0	74
0	61
0	18
0	31
1	54
1	69
0	56
0	80
0	92
0	4
0	64
0	74
0	61
0	18
0	31
1	54
1	69
0	56
0	80
0	92
0	4
0	64
0	74
0	61
0	18
0	31
0	79
0	10
1	70
1	70
1	44
0	10
0	32
1	96
1	31
1	45
1	50
1	70
1	44
0	10
0	32
1	96
1	31
1	45
1	50
1	70
1	44
0	10
0	32
1	96
1	31
1	45
1	50
1	47
1	8
0	3
1	23
1	98
0	71
1	59
1	43
1	70
1	44
0	10
0	32
1	96
1	31
1	45
1	50
1	47
1	8
0	3
1	23
1	98
1	70
1	44
0	10
0	32
1	96
1	31
1	45
1	50
1	47
1	8
0	3
1	23
1	98
0	71
1	59
1	43
0	95
1	62
1	69
0	65
1	84
1	89
0	98
0	98
1	39
0	1
1	59
1	53
1	2
0	98
1	39
0	1
1	59
1	53
1	2
1	83
0	75
1	66
0	98
1	39
0	1
1	59
1	53
1	2
1	83
0	75
1	66
1	71
1	13
1	15
1	42
0	98
1	39
0	1
1	59
1	53
1	2
1	83
0	75
1	66
1	71
1	13
1	15
1	42
0	98
1	39
0	1
1	59
1	53
1	2
1	83
0	75
1	66
1	71
1	13
1	15
1	42
0	71
0	64
1	75
1	28
0	91
1	41
1	53
0	28
1	32
1	26
1	29
1	86
1	7
1	65
0	56
1	27
0	18
0	36
0	83
0	90
0	76
0	33
0	82
0	14
0	18
0	66
0	2
1	13
0	9
0	21
1	8
0	52
1	5
0	51
1	89
0	55
0	14
1	34
0	11
1	87
1	94
1	86
1	67
0	68
1	42
0	52
1	10
1	30
0	15
0	10
0	74
0	79
0	41
0	29
0	47
0	46
0	35
0	43
1	14
1	24
1	33
0	7
1	91
1	55
0	49
0	19
0	61
1	29
1	40
0	44
1	96
1	42
1	71
1	48
0	25
1	63
0	25
0	67
0	22
0	20
0	1
0	32
1	54
1	48
1	27
1	98
0	17
0	2
1	13
0	31
1	0
1	45
1	83
1	92
1	53
1	53
1	5
1	54
1	28
1	89
1	53
0	85
1	54
1	81
1	7
1	34
1	53
0	85
1	54
1	81
1	7
1	34
1	53
0	85
1	54
1	81
1	7
1	34
1	53
0	85
1	54
1	81
1	7
1	34
0	42
0	95
0	34
0	40
1	90
0	25
1	71
0	83
1	70
0	31
0	90
1	35
1	78
1	94
0	67
1	89
1	64
1	25
1	29
1	34
1	77
0	87
1	12
0	71
1	60
0	44
1	66
0	42
0	59
0	32
1	95
1	83
0	91
1	77
1	19
0	60
0	84
1	74
0	35
0	9
0	48
1	43
1	9
1	33
1	92
1	82
1	42
1	63
1	28
1	49
0	51
1	85
1	96
1	47
1	28
1	4
1	44
0	12
1	8
1	36
1	59
1	56
1	44
1	90
1	61
0	83
0	52
0	54
0	35
1	2
0	84
1	21
0	48
0	73
0	34
0	63
0	90
1	32
1	29
1	27
0	93
1	66
0	28
0	40
0	98
0	75
0	22
0	21
0	16
0	40
0	2
1	95
1	89
1	23
1	51
1	77
0	55
0	50
0	0
1	60
1	33
0	22
0	4
0	30
1	60
1	21
0	73
1	52
1	98
0	78
0	77
1	20
1	85
0	2
1	79
0	8
1	76
0	48
0	99
0	12
1	91
1	4
0	68
1	81
0	63
1	88
1	17
0	44
1	37
1	38
1	46
0	85
1	2
0	12
1	41
1	71
1	74
