0	500
0	500
1	629
1	138
1	660
1	660
0	220
1	660
0	220
0	62
0	87
0	33
1	427
0	308
1	279
1	279
0	677
0	696
0	77
1	97
1	97
1	608
0	365
0	47
1	258
0	745
1	958
1	469
1	97
1	608
0	365
0	47
1	258
0	745
1	958
1	469
1	97
1	608
0	365
0	47
1	258
0	745
1	958
1	469
0	198
0	298
1	784
1	86
1	97
1	608
0	365
0	47
1	258
0	745
1	958
1	469
0	198
0	298
1	784
1	86
1	97
1	608
0	365
0	47
1	258
0	745
1	958
1	469
1	97
1	608
0	365
0	47
1	258
0	745
1	958
1	469
0	198
0	298
1	784
1	86
1	97
1	608
0	365
0	47
1	258
0	745
1	958
1	469
0	198
0	298
1	784
1	86
1	222
1	869
1	110
1	110
0	684
0	295
1	90
0	714
0	309
1	110
0	684
0	295
1	90
0	714
0	309
1	110
0	684
0	295
1	90
0	714
0	309
0	335
1	110
0	684
0	295
1	90
0	714
0	309
0	335
1	134
0	556
1	831
0	719
0	71
1	110
0	684
0	295
1	90
0	714
0	309
0	335
1	134
0	556
1	831
0	719
0	71
1	110
0	684
0	295
1	90
0	714
0	309
0	335
1	134
0	556
1	831
0	719
0	71
1	110
0	684
0	295
1	90
0	714
0	309
0	335
1	134
0	556
1	831
0	719
0	71
0	743
0	410
1	155
1	155
0	274
1	501
1	811
1	155
0	274
1	501
1	811
1	114
1	155
0	274
1	501
1	811
1	114
1	934
1	155
0	274
1	501
1	811
1	114
1	934
0	688
1	635
1	158
1	849
1	155
0	274
1	501
1	811
1	114
1	934
0	688
1	635
1	158
1	155
0	274
1	501
1	811
1	114
1	934
0	688
1	635
1	158
1	849
1	155
0	274
1	501
1	811
1	114
1	934
0	688
1	635
1	158
1	849
0	855
0	401
1	283
1	576
1	582
1	685
1	773
1	710
0	77
0	77
1	34
1	903
1	338
0	77
1	34
1	903
1	338
0	759
1	588
0	43
1	582
0	848
1	652
1	802
0	77
1	34
1	903
1	338
0	759
1	588
0	43
1	582
0	848
1	652
1	802
0	77
1	34
1	903
1	338
0	759
1	588
0	43
1	582
0	848
1	652
1	802
1	231
0	77
1	34
1	903
1	338
0	759
1	588
0	43
1	582
0	848
1	652
1	802
1	231
0	77
1	34
1	903
1	338
0	759
1	588
0	43
1	582
0	848
1	652
1	802
1	231
1	81
0	77
1	34
1	903
1	338
0	759
1	588
0	43
1	582
0	848
1	652
1	802
1	231
1	81
1	115
1	613
1	613
1	924
0	45
0	992
0	12
1	613
1	924
0	45
0	992
0	12
0	769
1	613
1	924
0	45
0	992
0	12
0	769
1	221
1	42
0	985
1	402
0	225
1	583
1	736
1	867
1	613
1	924
0	45
0	992
0	12
0	769
1	221
1	42
0	985
1	402
0	225
1	583
1	736
1	613
1	924
0	45
0	992
0	12
0	769
1	221
1	42
0	985
1	402
0	225
1	583
1	736
1	613
1	924
0	45
0	992
0	12
0	769
1	221
1	42
0	985
1	402
0	225
1	583
1	736
1	613
1	924
0	45
0	992
0	12
0	769
1	221
1	42
0	985
1	402
0	225
1	583
1	736
1	867
0	598
1	406
0	325
1	909
1	524
0	805
0	805
1	804
0	273
1	230
1	678
0	805
1	804
0	273
1	230
1	678
1	877
0	805
1	804
0	273
1	230
1	678
1	877
1	366
0	805
1	804
0	273
1	230
1	678
1	877
1	366
1	972
0	805
1	804
0	273
1	230
1	678
1	877
1	366
1	972
0	805
1	804
0	273
1	230
1	678
1	877
1	366
1	972
0	805
1	804
0	273
1	230
1	678
1	877
1	366
1	972
1	197
0	199
1	810
0	618
1	670
1	280
1	490
1	777
1	777
1	820
0	776
1	484
1	777
1	820
0	776
1	484
0	938
0	819
0	243
1	777
1	820
0	776
1	484
0	938
0	819
0	243
1	378
1	77
0	603
1	853
1	126
1	777
1	820
0	776
1	484
0	938
0	819
0	243
1	378
1	77
0	603
1	853
1	126
0	689
0	143
1	193
1	833
0	653
1	13
1	706
1	777
1	820
0	776
1	484
0	938
0	819
0	243
1	378
1	77
0	603
1	853
1	126
1	777
1	820
0	776
1	484
0	938
0	819
0	243
1	378
1	77
0	603
1	853
1	126
0	689
0	143
1	193
1	833
0	653
1	13
1	706
1	777
1	820
0	776
1	484
0	938
0	819
0	243
1	378
1	77
0	603
1	853
1	126
0	689
0	143
1	193
1	833
0	653
1	13
1	706
1	337
1	337
1	992
1	694
1	337
1	992
1	694
0	921
1	31
1	337
1	992
1	694
0	921
1	31
1	629
1	337
1	992
1	694
0	921
1	31
1	629
1	444
1	337
1	992
1	694
0	921
1	31
1	629
1	444
1	337
1	992
1	694
0	921
1	31
1	629
1	444
1	627
1	337
1	992
1	694
0	921
1	31
1	629
1	444
1	627
1	69
1	604
1	736
1	124
1	952
1	952
0	637
1	691
0	971
1	522
1	729
1	952
0	637
1	691
0	971
1	522
1	729
1	952
0	637
1	691
0	971
1	522
1	729
1	969
1	952
0	637
1	691
0	971
1	522
1	729
1	969
1	317
1	952
0	637
1	691
0	971
1	522
1	729
1	969
1	317
1	952
0	637
1	691
0	971
1	522
1	729
1	969
1	317
1	952
0	637
1	691
0	971
1	522
1	729
1	969
1	317
1	112
1	762
0	395
0	524
1	266
1	66
1	770
1	303
1	657
0	824
1	268
1	16
1	849
1	849
1	924
1	41
1	849
1	924
1	41
1	610
1	849
1	924
1	41
1	610
1	640
1	849
1	924
1	41
1	610
1	640
1	644
1	849
1	924
1	41
1	610
1	640
1	644
1	849
1	924
1	41
1	610
1	640
1	644
1	849
1	924
1	41
1	610
1	640
1	644
0	140
0	353
1	497
1	64
0	308
1	69
1	127
0	876
1	328
1	344
1	305
1	673
0	979
1	844
0	211
1	915
0	57
0	87
1	816
1	603
1	507
1	228
1	525
1	709
1	883
1	756
1	284
1	268
0	273
1	480
1	637
0	130
1	404
1	595
1	139
0	405
1	176
1	16
1	556
0	523
1	767
0	357
1	347
0	623
0	585
0	666
0	153
1	444
1	276
1	978
1	691
1	50
1	906
0	163
0	774
1	233
1	337
0	571
0	353
1	67
1	58
0	306
0	308
1	509
0	75
0	408
0	96
0	763
1	304
0	249
1	735
0	228
0	925
0	133
1	989
1	376
0	943
1	612
1	64
0	870
1	183
0	173
1	105
1	19
0	487
0	717
0	993
0	975
1	72
1	804
0	244
0	295
1	355
1	857
1	753
1	125
1	431
1	619
0	292
0	175
0	287
0	490
0	966
0	77
0	372
1	446
0	882
1	836
1	438
1	979
1	618
0	424
0	222
0	530
0	771
1	298
0	911
0	15
0	284
0	555
0	452
0	570
1	275
1	21
1	959
1	677
1	385
1	829
0	267
1	201
1	18
1	26
0	896
1	955
1	723
1	778
1	221
1	624
0	683
0	220
0	95
1	636
1	86
1	307
1	341
1	161
0	372
0	947
1	442
0	198
1	990
1	658
0	520
1	549
1	485
1	931
1	541
0	904
1	744
0	839
1	319
1	274
1	973
0	967
1	743
0	860
0	520
0	108
0	964
1	703
1	298
0	312
1	707
0	77
1	981
0	53
1	6
1	152
0	145
0	964
0	431
0	174
0	664
1	583
1	926
1	589
0	461
0	239
1	816
1	444
1	634
1	56
1	296
0	80
1	164
0	175
0	733
1	253
0	740
0	555
1	301
0	807
0	611
0	152
1	713
1	932
1	627
0	322
1	450
0	751
0	727
0	147
0	438
1	763
1	748
1	95
1	281
1	416
0	915
0	149
0	210
0	306
0	946
0	988
0	876
0	110
0	644
0	405
1	296
1	369
0	895
1	788
1	333
1	224
0	943
0	69
1	566
0	747
0	658
0	372
0	77
0	862
0	368
0	458
0	197
0	798
1	101
1	314
1	181
1	50
1	83
1	115
0	591
1	44
1	440
0	759
1	342
0	481
1	105
1	64
1	29
1	427
1	529
1	624
1	964
0	979
1	491
1	163
1	667
1	504
0	992
1	853
1	34
1	255
0	511
1	381
1	379
1	745
1	567
0	790
1	823
1	136
0	788
1	696
1	326
1	127
1	522
0	78
0	22
1	660
1	320
1	976
1	528
1	98
1	401
1	524
1	723
1	749
1	971
1	206
1	917
0	685
1	62
1	713
0	277
1	446
1	153
1	907
1	338
1	5
1	813
0	532
1	358
1	65
1	794
1	533
1	844
1	714
1	911
1	729
1	125
0	767
0	270
0	178
1	373
1	78
1	336
1	551
1	18
1	553
1	446
1	919
1	102
1	100
0	825
0	134
0	641
1	885
1	212
1	276
0	418
0	864
0	774
0	719
0	157
0	972
0	770
0	820
0	135
0	106
0	135
0	486
0	456
0	783
0	562
0	824
1	780
1	215
1	842
0	540
0	663
0	973
0	856
1	188
0	529
1	495
0	291
0	557
1	781
1	307
0	288
0	555
1	574
0	900
0	272
0	286
1	918
1	708
0	950
1	95
1	629
0	809
0	173
1	553
1	27
0	286
1	337
1	62
1	436
0	811
1	468
0	350
0	924
0	533
0	120
1	286
1	515
1	814
1	268
0	899
1	626
1	101
1	104
1	12
1	70
0	71
1	245
1	833
0	41
0	58
0	54
0	53
0	60
1	79
1	78
0	9
1	50
1	42
1	44
1	73
1	45
0	15
1	5
1	67
1	60
1	75
1	39
0	26
1	14
1	3
1	69
0	31
1	37
1	51
1	64
1	73
0	66
1	12
0	82
1	22
0	48
1	45
0	2
0	25
0	59
1	78
1	37
1	9
1	72
1	58
1	38
1	35
1	47
1	41
1	67
1	33
1	76
0	51
1	42
1	36
1	51
0	55
0	3
1	22
1	34
0	47
0	59
0	8
1	45
1	74
0	57
0	50
1	75
0	18
1	20
0	82
0	4
1	76
1	0
1	71
0	64
1	59
0	44
1	49
1	7
1	51
1	1
1	11
1	16
1	24
1	8
1	80
0	77
1	45
1	22
1	66
1	68
1	23
1	24
0	31
0	39
0	56
1	62
0	76
1	57
0	14
0	75
0	2
0	37
0	59
0	137
1	152
1	46
1	72
0	27
1	9
1	63
1	124
1	130
1	19
1	81
1	52
1	90
1	114
0	66
0	2
1	105
0	14
0	56
0	26
0	63
0	93
0	96
1	4
0	161
1	103
1	79
1	5
1	59
1	25
1	68
0	113
1	52
1	127
1	57
1	68
1	123
1	1
0	31
1	69
0	42
0	37
1	24
1	47
1	32
0	14
1	10
1	47
1	11
0	66
0	50
0	61
1	24
0	15
1	39
0	51
1	57
1	25
0	23
0	72
0	54
0	71
0	70
0	17
1	38
1	35
1	10
1	49
0	57
0	19
0	47
0	8
1	22
1	59
1	21
0	6
1	97
1	90
0	83
0	5
0	11
0	59
0	76
1	24
0	71
1	6
1	93
0	67
1	8
1	28
1	59
0	92
0	80
1	52
1	82
0	19
0	96
0	19
0	96
0	19
0	96
1	7
1	54
1	7
1	54
1	7
1	54
1	97
0	25
0	21
0	18
1	97
0	25
0	21
0	18
1	97
0	25
0	21
0	18
1	49
0	58
0	55
0	38
0	19
0	38
0	19
0	38
0	19
0	53
1	45
0	93
0	53
1	45
0	93
0	53
1	45
0	93
0	14
0	14
0	20
0	14
0	20
0	14
0	20
0	18
0	14
0	20
0	18
0	93
0	93
0	31
0	93
0	31
0	93
0	31
0	17
0	93
0	31
0	17
0	88
0	88
0	67
0	88
0	67
0	88
0	67
0	15
0	88
0	67
0	15
0	12
0	12
0	79
0	12
0	79
0	12
0	79
0	51
0	12
0	79
0	51
0	72
0	72
1	29
1	2
0	66
1	85
1	68
0	72
1	29
1	2
0	66
1	85
1	68
0	72
1	29
1	2
0	66
1	85
1	68
0	39
0	57
0	72
1	29
1	2
0	66
1	85
1	68
0	39
0	57
0	96
0	54
1	20
0	26
0	70
0	88
0	46
0	70
0	90
1	37
0	39
0	75
0	0
0	12
0	16
0	72
0	57
0	21
1	77
0	57
1	27
0	68
0	7
1	67
1	26
0	89
0	40
0	10
0	56
0	90
0	54
0	33
0	53
1	44
1	44
0	56
1	64
0	62
1	53
1	26
1	41
1	44
0	56
1	64
0	62
1	53
1	26
1	41
1	97
1	44
0	56
1	64
0	62
1	53
1	26
1	41
1	97
1	58
0	19
0	49
0	61
1	78
1	71
0	9
1	20
1	74
1	52
0	82
1	12
0	15
1	17
1	45
0	79
0	79
0	5
0	48
0	30
0	12
0	79
0	5
0	48
0	30
0	12
0	8
0	79
0	5
0	48
0	30
0	12
0	8
0	81
0	94
1	60
0	93
0	58
0	79
0	5
0	48
0	30
0	12
0	8
0	81
0	94
1	60
0	93
0	58
0	79
0	5
0	48
0	30
0	12
0	8
0	81
0	94
1	60
0	93
0	58
0	13
1	68
1	68
1	75
0	73
0	91
1	4
1	77
0	57
0	41
0	37
1	96
1	3
0	79
1	32
0	71
1	80
1	67
1	56
1	9
1	27
1	68
1	75
0	73
0	91
1	4
1	77
0	57
0	41
1	68
1	75
0	73
0	91
1	4
1	77
0	57
0	41
0	37
0	56
0	56
1	83
1	21
0	39
0	64
0	75
0	84
0	42
0	56
1	83
1	21
0	39
0	64
0	75
0	84
0	42
0	56
1	83
1	21
0	39
0	64
0	75
0	84
0	42
0	30
0	24
0	5
0	43
0	56
1	83
1	21
0	39
0	64
0	75
0	84
0	42
0	30
0	24
0	5
0	43
0	56
1	83
1	21
0	39
0	64
0	75
0	84
0	42
0	30
0	24
0	5
0	43
0	52
0	9
0	9
0	76
0	36
0	84
1	11
0	44
0	9
0	76
0	36
0	84
1	11
0	44
0	92
0	30
0	9
0	76
0	36
0	84
1	11
0	44
0	92
0	30
1	63
1	71
1	5
0	42
0	52
0	57
1	34
0	61
0	90
1	98
0	69
1	18
1	17
0	56
0	97
0	75
0	4
0	55
0	78
0	9
0	76
0	36
0	84
1	11
0	44
0	92
0	30
1	63
1	71
1	5
0	42
0	52
0	57
1	34
0	61
0	90
1	98
0	69
1	18
1	17
0	56
0	97
0	9
0	76
0	36
0	84
1	11
0	44
0	92
0	30
1	63
1	71
1	5
0	42
0	52
0	57
1	34
0	61
0	90
1	98
0	69
1	18
1	17
0	56
0	97
0	75
0	4
1	4
1	4
1	20
1	61
1	14
0	32
1	60
1	4
1	20
1	61
1	14
0	32
1	60
1	84
1	4
1	20
1	61
1	14
0	32
1	60
1	84
1	78
1	58
1	66
1	4
1	20
1	61
1	14
0	32
1	60
1	84
1	78
1	58
1	66
1	4
1	20
1	61
1	14
0	32
1	60
1	84
1	78
1	58
1	66
1	56
1	21
0	74
0	74
0	22
0	9
0	36
0	0
0	74
0	22
0	9
0	36
0	0
0	44
0	74
0	22
0	9
0	36
0	0
0	44
0	23
0	31
1	21
0	92
0	4
0	74
0	22
0	9
0	36
0	0
0	44
0	23
0	31
1	21
0	92
0	74
0	22
0	9
0	36
0	0
0	44
0	23
0	31
1	21
0	92
0	4
0	23
0	23
0	58
0	86
0	17
0	0
0	23
0	58
0	86
0	17
0	0
0	75
0	23
0	58
0	86
0	17
0	0
0	75
1	55
0	20
1	69
0	96
0	89
0	23
0	58
0	86
0	17
0	0
0	75
1	55
0	20
1	69
0	96
0	23
0	58
0	86
0	17
0	0
0	75
1	55
0	20
1	69
0	96
0	89
0	76
0	35
1	70
0	91
1	67
1	27
0	4
1	12
1	24
0	54
1	38
0	22
0	63
0	19
0	30
1	46
1	13
0	43
0	66
0	93
1	26
0	22
0	15
0	63
0	27
1	72
1	18
1	44
1	96
0	52
1	38
1	40
0	69
1	24
1	73
1	6
0	52
1	46
1	71
1	53
0	10
0	8
0	84
0	63
0	51
1	83
0	94
0	34
0	26
0	93
0	3
1	29
0	67
1	78
0	65
0	49
1	60
1	76
1	91
1	64
0	41
1	58
1	92
1	56
1	10
0	28
1	13
1	99
1	93
0	98
0	40
0	62
0	0
1	17
1	42
0	71
1	57
0	95
0	92
0	51
1	47
1	42
1	18
1	96
0	27
1	51
1	94
1	93
1	20
1	59
1	12
0	38
1	90
0	5
0	28
0	21
1	50
1	77
0	40
1	30
0	73
0	89
0	45
0	26
0	27
1	62
1	43
1	15
1	86
0	71
0	84
0	61
1	46
1	81
0	8
1	56
1	25
0	88
0	20
1	60
1	18
1	22
1	45
0	74
1	70
1	33
0	83
0	17
0	12
0	75
1	64
0	22
1	21
1	74
0	79
1	23
0	73
0	88
1	12
1	57
1	25
0	89
1	26
1	8
1	21
1	74
0	79
1	23
0	73
0	88
1	12
1	57
1	25
0	89
1	26
1	8
1	31
0	54
0	72
1	63
0	86
0	39
1	70
1	48
0	20
1	52
1	35
1	50
1	21
1	74
0	79
1	23
0	73
0	88
1	12
1	57
1	25
0	89
1	26
1	8
1	21
1	74
0	79
1	23
0	73
0	88
1	12
1	57
1	25
0	89
0	60
0	90
0	16
1	31
0	77
0	74
0	99
1	82
0	72
1	6
1	61
1	20
1	25
1	97
1	86
1	3
0	77
0	76
1	88
0	2
0	74
0	87
1	14
0	59
0	16
1	90
0	32
0	57
1	99
0	95
1	4
0	5
0	75
1	73
0	80
1	12
0	91
1	31
0	22
0	40
1	84
1	33
0	38
0	7
0	27
0	15
0	0
1	93
0	45
0	85
0	79
1	24
1	14
0	81
0	82
0	71
0	17
1	26
0	71
1	83
1	18
1	45
1	54
