1	564
1	564
1	391
1	677
1	339
1	339
1	339
0	576
1	395
0	467
0	273
0	325
1	329
1	545
1	545
1	990
1	966
0	101
0	101
0	73
1	191
1	695
1	366
0	101
0	73
1	191
1	695
1	366
1	357
0	101
0	73
1	191
1	695
1	366
1	357
0	320
1	27
1	147
0	397
1	952
1	255
0	101
0	73
1	191
1	695
1	366
1	357
0	320
1	27
1	147
0	397
1	952
1	255
0	101
0	73
1	191
1	695
1	366
1	357
0	320
1	27
1	147
0	397
1	952
1	255
0	101
0	73
1	191
1	695
1	366
1	357
0	320
1	27
1	147
0	397
1	952
1	255
0	101
0	73
1	191
1	695
1	366
1	357
0	320
1	27
1	147
0	397
1	952
1	255
1	278
0	328
0	316
1	719
1	249
1	981
1	150
1	830
1	830
1	812
1	125
1	830
1	812
1	125
1	499
1	830
1	812
1	125
1	499
1	731
1	830
1	812
1	125
1	499
1	731
1	386
1	830
1	812
1	125
1	499
1	731
1	386
1	830
1	812
1	125
1	499
1	731
1	386
1	830
1	812
1	125
1	499
1	731
1	386
1	235
1	4
1	712
0	680
1	57
1	348
1	506
1	506
1	180
0	672
1	734
1	506
1	180
0	672
1	734
0	861
1	139
1	262
1	389
1	506
1	180
0	672
1	734
0	861
1	139
1	262
1	506
1	180
0	672
1	734
0	861
1	139
1	262
1	389
1	506
1	180
0	672
1	734
0	861
1	139
1	262
1	389
1	506
1	180
0	672
1	734
0	861
1	139
1	262
1	389
1	506
1	180
0	672
1	734
0	861
1	139
1	262
1	389
1	955
1	835
1	661
1	739
1	901
1	317
1	317
0	563
1	845
1	711
1	317
0	563
1	845
1	711
1	255
1	944
1	317
0	563
1	845
1	711
1	255
1	944
1	317
0	563
1	845
1	711
1	255
1	944
0	973
0	479
1	886
1	724
1	727
1	317
0	563
1	845
1	711
1	255
1	944
0	973
0	479
1	886
1	724
1	727
1	317
0	563
1	845
1	711
1	255
1	944
0	973
0	479
1	886
1	724
1	727
1	317
0	563
1	845
1	711
1	255
1	944
0	973
0	479
1	886
1	724
1	727
1	620
0	515
0	869
0	899
1	700
1	79
1	284
1	153
0	777
0	777
1	507
1	139
1	209
0	777
1	507
1	139
1	209
1	39
0	777
1	507
1	139
1	209
1	39
0	493
1	230
1	841
0	422
1	99
1	999
0	777
1	507
1	139
1	209
1	39
0	493
1	230
1	841
0	777
1	507
1	139
1	209
1	39
0	493
1	230
1	841
0	777
1	507
1	139
1	209
1	39
0	493
1	230
1	841
0	777
1	507
1	139
1	209
1	39
0	493
1	230
1	841
0	422
1	99
1	999
1	106
1	188
1	650
1	650
1	257
1	78
1	650
1	257
1	78
1	74
1	650
1	257
1	78
1	74
1	588
1	650
1	257
1	78
1	74
1	588
1	350
1	650
1	257
1	78
1	74
1	588
1	350
1	650
1	257
1	78
1	74
1	588
1	350
1	650
1	257
1	78
1	74
1	588
1	350
0	633
1	139
1	837
1	32
1	228
0	724
1	287
1	786
0	598
0	598
1	897
1	230
1	85
0	598
1	897
1	230
1	85
1	871
0	598
1	897
1	230
1	85
1	871
1	984
0	598
1	897
1	230
1	85
1	871
1	984
1	477
0	598
1	897
1	230
1	85
1	871
1	984
1	477
0	598
1	897
1	230
1	85
1	871
1	984
1	477
1	316
0	598
1	897
1	230
1	85
1	871
1	984
1	477
1	316
0	870
1	303
1	252
1	955
1	763
0	781
0	781
0	17
0	907
0	781
0	17
0	907
1	994
1	798
1	501
0	134
1	577
0	781
0	17
0	907
1	994
1	798
1	501
0	134
1	577
1	563
0	781
0	17
0	907
1	994
1	798
1	501
0	134
1	577
1	563
1	280
1	386
0	781
0	17
0	907
1	994
1	798
1	501
0	134
1	577
1	563
1	280
1	386
0	781
0	17
0	907
1	994
1	798
1	501
0	134
1	577
1	563
1	280
1	386
0	781
0	17
0	907
1	994
1	798
1	501
0	134
1	577
1	563
1	280
1	386
1	443
1	555
1	74
1	177
1	177
1	901
1	589
1	177
1	901
1	589
1	115
1	177
1	901
1	589
1	115
1	695
1	177
1	901
1	589
1	115
1	695
0	662
1	902
1	177
1	901
1	589
1	115
1	695
0	662
1	902
1	177
1	901
1	589
1	115
1	695
0	662
1	902
1	545
1	177
1	901
1	589
1	115
1	695
0	662
1	902
1	545
1	863
1	152
0	111
1	908
1	953
1	411
1	438
1	438
1	253
1	945
1	438
1	253
1	945
1	380
1	438
1	253
1	945
1	380
1	578
1	438
1	253
1	945
1	380
1	578
1	608
1	438
1	253
1	945
1	380
1	578
1	608
1	438
1	253
1	945
1	380
1	578
1	608
1	438
1	253
1	945
1	380
1	578
1	608
0	2
1	168
1	193
1	703
1	251
1	453
1	316
0	0
1	517
0	815
1	343
0	985
1	64
0	226
1	940
1	587
0	369
1	746
0	196
0	981
1	65
1	766
1	331
0	330
0	92
0	493
0	697
0	841
0	588
1	183
0	305
0	813
0	795
0	410
1	973
1	435
1	305
1	415
1	442
0	961
1	224
0	543
0	910
0	467
1	592
1	123
0	258
0	213
0	668
0	642
0	142
0	847
0	696
0	713
0	554
0	174
0	716
0	730
0	633
0	25
0	114
1	909
1	628
0	935
0	151
0	240
0	451
0	202
0	1
1	811
1	2
0	921
0	329
1	624
1	940
1	896
1	210
0	815
1	935
1	601
1	330
1	522
1	163
0	977
1	762
1	552
1	372
1	420
1	941
1	235
1	955
1	381
0	482
1	361
1	392
0	613
0	78
0	641
0	675
1	513
1	885
1	639
1	733
0	292
0	214
0	393
1	549
0	923
1	19
1	581
1	59
1	483
1	511
1	933
1	648
1	510
0	182
1	677
1	943
1	504
0	368
0	173
0	774
0	748
0	21
0	608
1	380
0	277
1	831
0	970
1	424
0	834
0	393
0	747
1	446
1	169
0	865
1	456
1	811
1	439
1	562
0	919
1	306
1	641
0	422
1	89
0	508
1	566
1	94
1	427
0	217
1	593
1	532
1	472
1	806
1	335
1	972
1	246
1	863
1	576
1	402
0	64
1	452
1	785
1	269
1	68
1	262
1	82
0	12
0	269
1	771
0	235
1	440
0	294
1	533
1	569
1	931
0	771
1	659
1	694
0	52
0	793
1	257
0	168
0	427
0	689
1	415
1	565
0	678
1	688
1	155
1	54
1	707
0	807
1	515
1	384
0	241
1	369
0	351
1	901
1	2
0	518
1	163
1	377
0	990
0	748
1	621
1	151
1	837
0	241
0	873
1	486
0	429
1	201
0	658
0	830
1	163
0	757
0	887
1	872
0	956
1	673
1	185
0	73
0	539
0	519
0	702
0	86
0	191
1	253
1	34
0	66
0	259
0	476
0	830
0	572
0	933
1	846
0	447
0	402
1	915
0	849
1	757
1	264
0	934
1	655
1	317
1	254
1	164
1	28
1	783
0	898
0	8
1	524
0	963
1	656
1	370
1	169
1	7
1	954
1	539
1	750
1	763
1	667
1	955
1	554
1	40
0	757
1	211
1	756
1	503
0	758
1	492
1	776
0	376
0	396
0	685
0	270
1	727
1	405
1	238
1	83
1	144
1	937
1	139
1	319
1	800
1	709
1	47
1	804
1	225
1	629
1	661
1	995
1	762
1	323
0	981
1	742
1	381
1	941
0	619
1	295
1	942
0	569
1	208
1	932
1	866
1	839
0	646
0	975
0	333
1	937
1	629
1	282
1	560
1	23
1	275
1	78
1	198
0	634
0	670
0	365
0	258
0	406
1	661
1	814
1	306
1	932
1	10
0	755
1	142
1	123
0	815
0	543
0	243
1	469
1	327
1	544
1	795
1	419
1	942
1	324
1	967
1	845
0	346
1	892
0	294
1	862
1	136
0	73
1	695
1	409
1	42
1	273
1	191
1	39
1	819
1	742
1	644
0	154
0	432
0	79
1	119
1	648
1	909
0	627
0	374
1	920
1	83
1	281
1	738
1	981
0	382
0	691
1	145
1	164
0	663
1	458
1	861
1	760
1	498
0	710
0	268
0	552
0	951
0	248
1	779
0	121
0	142
1	626
1	183
1	311
0	291
0	727
1	138
0	20
1	16
0	274
1	5
1	709
1	327
0	192
0	779
0	315
1	585
0	684
0	660
0	724
1	49
1	52
1	44
0	35
1	43
1	38
0	14
0	32
0	27
1	66
1	62
0	16
0	56
0	69
1	22
1	73
0	17
0	63
0	48
0	1
1	13
1	16
0	23
0	38
1	71
0	63
0	27
0	54
0	15
0	24
1	76
0	82
1	44
1	82
0	7
1	57
1	61
0	53
1	24
1	12
1	37
1	72
1	49
1	43
1	48
1	68
1	67
1	32
1	4
0	72
0	52
1	59
0	44
0	23
1	64
1	32
0	79
0	43
0	62
1	27
0	19
1	68
1	19
1	72
1	63
1	7
1	81
1	35
0	48
1	42
0	69
0	71
1	14
0	54
1	4
1	78
0	7
0	50
0	19
1	70
0	18
0	43
1	12
0	68
0	30
0	70
1	10
1	80
0	72
1	77
0	15
1	14
0	61
0	32
1	56
1	34
1	6
1	68
1	52
0	61
1	46
0	53
0	68
0	19
0	30
0	29
0	7
1	5
0	27
0	72
0	43
1	48
1	25
0	20
1	26
0	15
1	8
1	37
1	31
0	68
1	38
0	91
0	97
0	98
0	30
1	18
1	24
0	21
0	61
1	56
1	71
0	40
1	53
1	49
0	31
1	22
0	40
1	53
1	49
0	31
1	22
0	40
1	53
1	49
0	31
1	22
0	51
1	13
1	35
1	2
0	51
1	13
1	35
1	2
0	51
1	13
1	35
1	2
1	31
0	50
1	39
1	38
1	31
0	50
1	39
1	38
1	31
0	50
1	39
1	38
1	22
1	36
1	63
1	17
1	63
1	17
1	63
1	17
0	16
1	4
0	85
1	44
0	31
1	22
0	32
0	5
0	16
1	4
0	85
0	16
1	4
0	85
1	44
0	31
1	22
0	32
0	5
0	23
0	23
0	37
0	23
0	37
0	23
0	37
0	92
0	23
0	37
0	92
1	63
1	63
0	97
0	1
1	63
0	97
0	1
0	35
1	63
0	97
0	1
0	35
1	63
0	97
0	1
0	35
0	42
0	42
1	44
0	80
1	0
0	36
1	24
0	90
0	42
1	44
0	80
1	0
0	36
1	24
0	90
0	99
0	42
1	44
0	80
1	0
0	36
1	24
0	90
0	99
0	49
1	45
1	51
0	25
0	52
0	92
0	38
0	42
1	44
0	80
1	0
0	36
0	45
0	45
0	49
0	45
0	49
0	45
0	49
1	97
1	33
0	45
0	49
1	97
1	33
1	14
1	14
0	58
0	36
1	14
0	58
0	36
1	14
0	58
0	36
0	3
1	14
0	58
0	36
0	3
0	34
1	26
1	25
1	38
1	47
1	68
1	23
0	93
0	78
0	49
0	63
0	81
0	88
1	62
1	76
1	32
0	60
0	60
1	16
0	17
0	27
0	69
0	3
0	60
1	16
0	17
0	27
0	69
0	3
0	64
0	60
1	16
0	17
0	27
0	69
0	3
0	64
0	94
0	55
0	11
1	51
0	40
0	62
0	8
0	8
0	72
1	69
0	79
1	89
0	48
0	45
0	8
0	72
1	69
0	79
1	89
0	48
0	45
0	55
0	67
0	8
0	72
1	69
0	79
1	89
0	48
0	45
0	55
0	67
0	76
0	42
0	21
0	8
0	72
1	69
0	79
1	89
0	48
0	45
0	55
0	67
0	76
0	42
0	8
0	72
1	69
0	79
1	89
0	48
0	45
0	55
0	67
0	76
0	42
0	21
1	73
0	93
0	52
0	72
0	72
0	36
0	83
0	67
0	65
0	72
0	36
0	83
0	67
0	65
1	98
0	51
0	72
0	36
0	83
0	67
0	65
1	98
0	51
0	59
0	37
0	92
0	92
0	1
1	86
1	8
1	62
1	45
1	68
1	16
0	92
0	1
1	86
1	8
1	62
1	45
1	68
1	16
0	92
0	1
1	86
1	8
1	62
1	45
1	68
1	16
0	7
1	14
1	90
1	40
0	92
0	1
1	86
1	8
1	62
1	45
1	68
1	16
0	7
1	14
1	90
1	40
0	56
0	36
1	50
0	79
1	23
1	52
1	30
1	44
0	92
0	1
1	86
1	8
1	62
1	45
1	68
1	16
0	7
1	14
1	90
1	40
0	57
0	57
0	28
0	31
1	10
0	33
0	43
0	57
0	28
0	31
1	10
0	33
0	43
1	66
0	0
0	32
1	45
1	97
1	37
0	79
1	42
0	88
0	53
0	9
1	4
0	61
0	30
0	40
0	20
1	91
0	13
0	57
0	28
0	31
1	10
0	33
0	43
1	66
0	0
0	32
1	45
1	97
1	37
0	79
1	42
0	88
0	53
0	9
1	4
0	61
0	30
0	40
0	20
1	91
0	13
1	41
0	85
0	14
0	57
0	28
0	31
1	10
0	33
0	43
1	66
0	0
0	32
1	45
1	97
1	37
0	79
1	42
0	88
0	53
0	9
1	4
0	61
0	30
0	40
0	20
1	91
0	13
1	41
0	85
0	14
0	65
0	59
0	46
0	69
0	17
0	57
0	28
0	31
1	10
0	33
0	43
1	66
0	0
0	32
1	45
1	97
1	37
0	79
1	42
0	88
0	53
0	9
1	4
0	61
0	30
0	40
0	20
1	91
0	13
1	41
0	85
0	14
0	65
0	19
0	19
1	74
1	24
1	5
0	86
0	91
1	11
1	92
1	50
1	95
0	19
1	74
1	24
1	5
0	86
0	91
1	11
1	92
1	50
0	19
1	74
1	24
1	5
0	86
0	91
1	11
1	92
1	50
1	95
1	9
0	94
0	96
1	81
1	13
1	56
1	69
1	67
1	35
0	19
1	74
1	24
1	5
0	86
0	91
1	11
1	92
1	50
1	95
1	9
0	94
0	96
1	81
1	13
1	56
1	69
1	67
1	35
1	55
1	59
0	19
1	74
1	24
1	5
0	86
0	91
1	11
1	92
1	50
1	95
1	9
0	94
0	96
1	81
1	13
1	56
1	69
1	67
1	35
1	55
1	59
0	91
0	91
0	73
0	95
0	41
0	82
0	91
0	73
0	95
0	41
0	82
0	74
0	91
0	73
0	95
0	41
0	82
0	74
0	98
0	63
1	26
0	9
0	91
0	73
0	95
0	41
0	82
0	74
0	98
0	63
1	26
0	9
0	91
0	73
0	95
0	41
0	82
0	74
0	98
0	63
1	26
0	9
0	13
1	1
1	45
0	10
0	5
0	83
0	56
1	99
0	79
0	69
0	50
0	50
0	49
0	31
0	18
0	71
0	50
0	49
0	31
0	18
0	71
1	67
0	86
0	50
0	49
0	31
0	18
0	71
1	67
0	86
0	99
0	78
0	21
0	50
0	49
0	31
0	18
0	71
1	67
0	86
0	99
0	78
0	21
0	50
0	49
0	31
0	18
0	71
1	67
0	86
0	99
0	78
0	21
0	24
0	98
1	55
1	31
1	7
1	7
0	86
1	68
1	75
0	16
1	79
0	10
1	82
1	99
1	64
1	9
0	19
1	67
1	84
0	40
0	79
0	71
1	60
0	2
0	94
1	55
1	13
0	72
1	91
1	82
1	85
1	19
1	48
1	40
0	51
1	42
1	69
0	32
0	8
0	29
0	89
1	35
0	31
0	23
0	46
0	74
1	60
0	17
1	54
0	79
1	23
1	48
0	54
0	40
1	1
0	51
0	19
0	56
0	51
0	52
1	56
0	31
0	24
0	68
1	93
1	25
1	2
0	11
1	60
0	10
1	42
0	84
1	38
1	50
1	3
1	16
0	99
1	93
1	37
1	81
1	55
0	60
1	31
1	98
1	96
1	71
0	25
0	84
1	79
0	71
1	43
1	13
0	22
0	29
1	8
1	80
1	0
1	63
1	12
1	6
0	1
0	77
1	89
0	11
0	65
0	93
0	47
1	68
0	74
0	22
0	2
0	47
0	20
0	73
1	98
0	96
0	20
0	91
0	58
0	50
1	71
0	90
1	34
0	74
0	9
0	4
1	3
1	99
0	19
0	0
0	70
0	85
1	53
0	60
1	63
0	5
0	40
1	34
0	74
0	9
0	4
1	3
1	99
0	19
0	0
0	70
0	85
1	34
0	74
0	9
0	4
1	3
1	99
0	19
0	0
0	70
0	85
1	34
0	74
0	9
0	4
1	3
1	99
0	19
0	0
0	70
0	85
1	86
1	64
0	57
1	18
1	32
1	39
0	54
1	14
0	77
0	59
0	0
0	98
1	89
1	70
1	92
1	99
0	64
0	41
0	78
0	56
0	50
1	84
1	26
0	28
0	51
0	4
1	81
1	69
1	13
0	12
1	34
0	21
0	43
0	35
1	58
0	24
0	97
0	66
0	92
0	40
1	96
1	7
1	67
0	11
1	49
1	85
0	13
1	58
0	52
1	66
0	8
1	41
1	62
0	25
0	22
0	0
0	72
1	31
1	84
1	82
0	30
1	63
0	16
1	37
0	19
1	56
0	33
0	11
0	83
0	1
1	59
0	19
1	96
0	17
0	6
1	47
0	10
0	79
0	35
0	9
1	29
0	13
1	82
1	6
1	47
1	36
