1	359
1	359
1	296
1	326
0	385
0	385
0	385
0	262
0	275
1	564
1	50
0	336
1	173
1	75
1	75
0	935
0	917
1	564
1	606
1	606
1	193
1	390
1	606
1	193
1	390
0	849
1	555
1	606
1	193
1	390
0	849
1	555
1	377
1	606
1	193
1	390
0	849
1	555
1	377
1	225
1	606
1	193
1	390
0	849
1	555
1	377
1	225
1	606
1	193
1	390
0	849
1	555
1	377
1	225
0	701
1	787
0	272
1	333
1	760
1	606
1	193
1	390
0	849
1	555
1	377
1	225
0	701
1	787
0	272
1	333
1	760
1	203
0	894
0	894
0	136
1	833
0	878
0	894
0	136
1	833
0	878
1	710
1	782
0	488
0	592
1	706
1	656
0	894
0	136
1	833
0	878
1	710
1	782
0	488
0	592
1	706
1	656
1	440
0	894
0	136
1	833
0	878
1	710
1	782
0	488
0	592
1	706
1	656
1	440
1	389
0	894
0	136
1	833
0	878
1	710
1	782
0	488
0	592
1	706
1	656
1	440
1	389
0	894
0	136
1	833
0	878
1	710
1	782
0	488
0	592
1	706
1	656
1	440
1	389
1	183
0	894
0	136
1	833
0	878
1	710
1	782
0	488
0	592
1	706
1	656
1	440
1	389
1	183
1	694
1	144
1	144
1	137
1	179
1	144
1	137
1	179
1	9
1	144
1	137
1	179
1	9
1	575
1	144
1	137
1	179
1	9
1	575
1	34
1	144
1	137
1	179
1	9
1	575
1	34
1	144
1	137
1	179
1	9
1	575
1	34
1	144
1	137
1	179
1	9
1	575
1	34
1	463
1	243
1	834
1	276
1	65
1	65
1	625
1	490
1	65
1	625
1	490
1	698
1	65
1	625
1	490
1	698
1	162
1	65
1	625
1	490
1	698
1	162
1	900
1	65
1	625
1	490
1	698
1	162
1	900
1	65
1	625
1	490
1	698
1	162
1	900
1	65
1	625
1	490
1	698
1	162
1	900
1	337
1	488
0	829
1	740
1	258
1	846
1	441
1	441
1	979
1	250
1	441
1	979
1	250
1	246
1	441
1	979
1	250
1	246
0	782
0	279
1	275
0	899
0	593
1	32
1	755
1	199
1	816
1	441
1	979
1	250
1	246
0	782
0	279
1	275
0	899
0	593
1	32
1	755
1	199
1	441
1	979
1	250
1	246
0	782
0	279
1	275
0	899
0	593
1	32
1	755
1	199
1	441
1	979
1	250
1	246
0	782
0	279
1	275
0	899
0	593
1	32
1	755
1	199
1	816
0	318
1	168
0	444
1	357
0	430
1	229
0	690
1	679
1	114
1	441
1	979
1	250
1	246
0	782
0	279
1	275
0	899
0	593
1	32
1	755
1	199
1	816
0	318
1	168
0	444
1	357
0	430
1	229
0	690
1	679
1	114
1	668
1	870
1	870
1	728
1	240
1	870
1	728
1	240
1	40
1	870
1	728
1	240
1	40
1	857
1	870
1	728
1	240
1	40
1	857
1	912
1	870
1	728
1	240
1	40
1	857
1	912
1	870
1	728
1	240
1	40
1	857
1	912
1	870
1	728
1	240
1	40
1	857
1	912
1	331
1	71
1	218
1	463
1	737
1	737
1	611
0	33
1	439
1	737
1	611
0	33
1	439
1	590
1	737
1	611
0	33
1	439
1	590
1	520
1	737
1	611
0	33
1	439
1	590
1	520
1	794
1	737
1	611
0	33
1	439
1	590
1	520
1	794
1	737
1	611
0	33
1	439
1	590
1	520
1	794
1	208
1	737
1	611
0	33
1	439
1	590
1	520
1	794
1	208
0	736
1	479
1	982
1	62
1	80
1	80
0	257
1	392
1	398
1	80
0	257
1	392
1	398
1	229
1	80
0	257
1	392
1	398
1	229
1	31
1	80
0	257
1	392
1	398
1	229
1	31
1	163
1	80
0	257
1	392
1	398
1	229
1	31
1	163
1	80
0	257
1	392
1	398
1	229
1	31
1	163
1	86
1	80
0	257
1	392
1	398
1	229
1	31
1	163
1	86
0	839
0	3
1	367
1	218
1	30
1	420
1	420
0	355
1	763
1	103
1	420
0	355
1	763
1	103
1	799
1	420
0	355
1	763
1	103
1	799
1	641
1	420
0	355
1	763
1	103
1	799
1	641
1	114
1	420
0	355
1	763
1	103
1	799
1	641
1	114
1	420
0	355
1	763
1	103
1	799
1	641
1	114
0	485
0	490
0	185
1	746
1	213
1	735
1	420
0	355
1	763
1	103
1	799
1	641
1	114
0	485
0	490
0	185
1	746
1	213
1	735
0	341
1	395
1	271
1	202
1	202
1	845
1	897
1	202
1	845
1	897
1	662
1	202
1	845
1	897
1	662
1	871
1	202
1	845
1	897
1	662
1	871
1	299
1	202
1	845
1	897
1	662
1	871
1	299
1	202
1	845
1	897
1	662
1	871
1	299
1	202
1	845
1	897
1	662
1	871
1	299
1	25
0	407
0	349
1	206
1	754
0	366
1	228
0	261
0	659
1	443
0	541
1	840
1	540
0	194
1	702
0	282
0	870
1	917
1	174
1	362
1	877
1	6
1	780
1	549
1	9
0	819
1	914
0	421
1	677
1	706
1	851
1	680
1	558
1	162
1	438
0	925
0	509
1	819
1	828
1	252
1	205
0	420
0	927
1	793
1	586
1	408
0	299
0	284
1	823
1	419
0	904
0	811
1	424
1	16
1	7
0	616
0	72
0	28
1	344
1	220
0	319
1	438
1	501
1	482
0	124
0	469
0	240
0	733
0	545
0	197
1	888
0	738
1	667
1	74
1	646
1	42
1	54
1	934
1	94
0	592
1	867
1	769
1	502
0	431
1	104
1	567
1	107
0	724
0	508
0	619
1	12
1	132
0	741
0	653
1	728
1	37
0	696
0	664
0	719
1	59
0	583
1	659
1	410
1	743
1	438
1	449
0	584
0	658
0	980
0	388
1	461
0	272
0	731
1	18
0	349
1	52
1	760
0	470
1	586
1	685
1	570
1	871
1	640
1	337
1	209
1	138
1	36
1	8
1	457
0	608
1	592
1	821
0	188
1	256
0	559
0	135
1	866
1	582
0	985
1	355
1	419
1	496
1	458
1	832
0	264
1	135
1	65
1	899
1	500
1	425
1	353
0	97
0	681
1	908
0	767
1	688
1	118
1	641
0	130
0	176
1	956
1	912
1	521
1	359
1	282
1	11
1	131
0	428
1	808
1	913
1	860
0	837
1	686
0	70
0	662
1	418
1	289
0	430
1	59
1	1
1	725
1	176
1	169
0	988
1	702
1	301
1	967
0	498
0	315
1	829
0	9
0	942
0	81
0	492
0	28
0	171
0	621
1	448
1	428
1	143
1	257
0	43
0	206
0	543
1	46
0	595
1	862
1	352
0	846
0	694
0	727
0	281
0	470
1	515
0	961
0	696
0	416
0	818
0	868
0	353
1	707
0	32
0	171
1	426
1	169
0	181
1	384
1	740
1	102
0	95
1	867
0	226
1	621
0	731
0	754
1	953
1	895
0	61
1	287
0	751
0	171
1	84
0	975
0	755
0	479
1	242
0	930
1	156
0	975
1	85
0	475
0	543
1	236
1	877
1	857
0	141
0	742
0	130
1	943
0	411
1	602
0	45
0	233
1	460
0	938
0	482
1	121
0	586
1	394
0	375
0	763
1	732
0	48
1	393
0	954
0	882
1	412
1	367
1	236
1	481
0	211
1	52
1	522
1	731
1	248
0	456
1	877
1	936
1	41
1	927
1	884
1	845
1	888
0	893
1	925
0	978
0	927
0	110
1	616
0	369
0	291
1	164
0	505
1	407
1	108
0	504
1	984
1	236
1	600
1	19
1	148
0	472
1	42
1	740
1	786
1	773
1	147
1	2
1	111
1	940
1	194
0	524
0	846
1	10
1	240
1	848
0	928
0	933
0	439
1	903
0	187
0	55
0	110
1	977
1	680
0	980
1	185
0	400
0	280
1	508
0	895
0	568
1	344
1	56
1	968
1	19
1	947
1	386
1	772
1	336
1	399
1	7
1	828
1	815
1	78
1	76
0	107
0	44
0	744
1	360
0	399
0	687
0	815
0	232
0	994
1	325
1	175
1	67
0	609
1	537
0	242
0	123
1	254
1	314
1	697
1	327
1	783
1	382
1	560
0	520
1	869
0	852
1	447
1	964
1	421
1	652
1	98
1	886
0	11
0	809
1	979
0	776
1	321
1	293
1	892
0	347
1	468
1	267
1	177
0	345
0	131
0	744
1	249
1	765
1	732
0	394
1	967
1	160
0	269
1	51
0	286
0	94
0	456
0	636
1	791
0	616
1	808
1	119
1	42
0	742
1	485
1	817
1	968
0	715
1	471
1	280
1	151
1	387
1	524
0	980
1	272
1	909
1	714
0	920
1	766
0	565
1	873
1	456
1	482
1	618
0	59
1	96
1	692
1	797
0	346
1	709
0	918
1	54
1	214
1	250
1	39
0	58
1	70
0	12
1	10
0	56
1	38
1	34
1	7
1	50
1	4
1	72
1	14
1	44
0	69
1	31
1	52
1	8
1	5
1	61
0	39
1	44
1	12
1	19
1	81
0	31
0	9
0	1
0	44
1	47
0	13
1	71
1	73
1	50
1	33
1	77
0	78
1	32
1	81
0	75
0	74
0	29
1	18
0	56
0	59
0	80
1	22
1	81
1	30
1	72
0	67
0	52
0	42
1	39
1	78
0	73
1	26
0	16
1	17
1	67
1	54
1	11
0	81
1	33
1	75
0	2
0	49
1	23
1	67
0	65
0	15
1	33
1	0
1	12
1	63
0	81
0	7
1	13
1	56
1	53
1	64
0	16
0	74
0	73
0	70
1	56
0	58
1	38
0	13
1	80
0	59
0	57
0	19
1	25
0	19
0	45
1	66
1	58
1	38
1	76
1	22
1	103
1	64
0	107
1	41
0	133
1	51
0	59
0	55
0	14
0	94
1	61
1	49
0	146
0	26
0	27
0	114
0	44
0	96
0	39
0	5
1	112
1	103
1	69
1	83
1	8
1	33
0	139
0	3
0	9
1	50
1	100
1	92
0	24
0	44
0	89
1	8
1	66
0	57
0	27
1	46
0	12
0	94
0	91
0	42
0	44
1	35
1	93
1	6
1	38
1	6
1	38
1	6
1	38
0	82
1	9
1	87
1	95
0	82
1	9
1	87
1	95
0	82
1	9
1	87
1	95
1	74
1	42
1	74
1	42
1	74
1	42
0	64
0	51
0	64
0	51
0	64
0	51
1	80
0	36
1	47
1	12
1	80
0	36
1	47
1	12
1	96
1	80
0	36
1	47
1	12
1	53
1	53
1	9
1	53
1	9
1	53
1	9
1	52
1	53
1	9
1	52
0	40
0	40
0	6
0	40
0	6
0	40
0	6
1	59
0	34
0	17
0	96
0	40
0	6
1	59
0	34
0	17
0	96
1	42
1	42
1	45
1	42
1	45
1	42
1	45
0	5
0	3
1	87
0	25
1	71
1	38
0	15
0	36
0	80
0	74
1	92
0	60
1	63
0	65
0	37
0	85
1	42
1	45
0	5
0	3
1	87
0	25
1	71
1	23
1	23
1	20
1	23
1	20
1	23
1	20
1	93
1	23
1	20
1	93
0	84
0	84
1	46
1	49
0	84
1	46
1	49
1	78
0	84
1	46
1	49
1	78
1	44
0	84
1	46
1	49
1	78
1	44
1	62
0	52
0	45
1	80
0	49
0	4
0	34
1	8
1	22
1	37
0	56
0	16
1	59
1	81
1	63
0	50
0	35
1	1
0	24
1	62
1	33
0	65
1	40
0	49
0	48
1	46
0	74
0	29
0	9
0	21
1	68
0	64
1	52
1	44
1	31
0	82
0	88
0	51
1	72
1	72
0	5
0	64
0	88
0	63
0	79
1	72
0	5
0	64
0	88
0	63
0	79
0	93
1	72
0	5
0	64
0	88
0	63
0	79
0	93
0	82
0	18
1	54
0	55
0	37
0	91
0	91
1	86
0	56
0	3
1	64
0	73
1	1
0	67
1	35
0	82
0	97
1	9
0	16
0	91
1	86
0	56
0	3
1	64
0	73
1	1
0	67
1	35
0	82
0	97
1	9
0	16
0	31
0	18
0	11
0	22
1	14
0	50
0	75
0	91
1	86
0	56
0	3
1	64
0	73
1	1
0	67
1	35
0	82
0	97
1	9
0	16
0	31
0	18
0	11
0	91
1	86
0	56
0	3
1	64
0	73
1	1
0	67
1	35
0	82
0	97
1	9
0	16
0	31
0	18
0	91
1	86
0	56
0	3
1	64
0	73
1	1
0	67
1	35
0	82
0	97
1	9
0	16
0	31
0	18
0	11
0	22
0	56
0	56
0	36
1	92
0	41
0	91
0	12
0	56
0	36
1	92
0	41
0	91
0	12
0	10
1	94
0	40
0	4
0	56
0	36
1	92
0	41
0	91
0	12
0	10
1	94
0	40
1	11
1	11
1	6
1	4
0	80
1	15
0	7
0	57
0	77
1	33
1	62
1	44
0	78
1	30
1	51
1	86
1	11
1	6
1	4
0	80
1	15
0	7
0	57
0	77
1	33
1	62
1	44
0	78
1	30
1	51
1	86
1	75
1	61
1	11
1	6
1	4
0	80
1	15
0	7
0	57
0	77
1	33
1	62
1	44
0	78
1	30
1	51
1	11
1	6
1	4
0	80
1	15
0	7
0	57
0	77
1	33
1	62
1	44
0	78
1	30
1	51
1	86
1	11
1	6
1	4
0	80
1	15
0	7
0	57
0	77
1	33
1	62
1	44
0	78
1	30
1	51
1	86
1	75
1	61
0	85
0	73
0	2
1	47
0	0
1	12
1	97
0	60
0	34
1	58
0	59
0	23
0	53
1	18
1	3
1	93
1	22
0	17
0	63
0	84
1	95
1	48
1	91
1	72
0	66
1	96
1	88
1	19
1	21
1	21
1	63
1	42
1	80
1	48
1	21
1	63
1	42
1	80
1	48
1	57
1	21
1	63
1	42
1	80
1	48
1	57
1	43
1	60
1	81
1	21
1	63
1	42
1	80
1	48
1	57
1	43
1	60
1	81
1	21
1	63
1	42
1	80
1	48
1	57
1	43
1	60
1	81
0	25
1	66
1	61
1	84
1	84
1	64
0	24
1	98
0	19
1	49
1	89
1	84
1	64
0	24
1	98
0	19
1	49
1	89
0	37
1	77
1	23
1	84
1	64
0	24
1	98
0	19
1	49
1	89
0	37
1	77
1	23
1	53
1	84
1	64
0	24
1	98
0	19
1	49
1	89
0	37
1	77
1	23
1	53
1	84
1	64
0	24
1	98
0	19
1	49
1	89
0	37
1	77
1	23
1	53
1	7
1	48
1	38
1	53
1	53
0	41
1	27
1	7
1	42
0	4
1	64
1	55
1	53
0	41
1	27
1	7
1	42
0	4
1	64
1	55
1	53
0	41
1	27
1	7
1	42
0	4
1	64
1	55
1	69
1	38
1	26
0	85
1	75
1	52
1	13
1	53
0	41
1	27
1	7
1	42
0	4
1	64
1	55
1	69
1	38
1	26
1	53
0	41
1	27
1	7
1	42
0	4
1	64
1	55
1	69
1	38
1	26
0	85
1	75
1	52
1	13
1	99
1	29
1	29
1	59
1	31
1	20
0	1
1	77
1	91
1	29
1	59
1	31
1	20
0	1
1	77
1	91
1	29
1	59
1	31
1	20
0	1
1	77
1	91
1	56
0	73
1	53
1	39
0	11
0	46
1	24
1	23
0	88
0	37
1	13
0	18
1	64
1	36
0	16
1	54
0	83
0	98
1	50
1	40
1	29
1	59
1	31
1	20
0	1
1	77
1	91
1	56
0	73
1	53
1	39
0	11
0	46
1	24
1	23
0	88
0	37
1	13
0	18
1	64
1	36
0	16
1	54
0	83
0	98
1	50
1	40
0	4
1	81
1	42
1	29
1	59
1	31
1	20
0	1
1	77
1	91
1	56
0	73
1	53
1	39
0	11
0	46
1	24
1	23
0	88
0	37
1	13
0	18
1	64
1	36
0	16
1	54
0	83
0	98
1	50
1	40
0	4
1	81
1	42
1	65
0	61
1	55
1	52
0	5
1	91
0	71
1	67
1	80
1	70
1	64
1	30
1	8
1	41
1	81
0	78
1	61
0	35
1	26
1	28
1	22
0	59
1	39
1	58
0	81
1	18
1	0
1	49
1	72
1	1
1	47
1	92
1	52
1	99
1	80
0	96
1	43
1	8
0	33
1	77
1	84
1	66
0	1
0	72
1	47
0	86
0	49
1	46
1	70
0	67
1	48
1	53
1	37
1	14
1	4
0	14
0	18
0	53
0	2
0	39
1	66
1	74
1	95
1	11
0	41
0	93
1	43
1	51
1	28
1	97
1	74
0	75
1	93
1	61
1	20
0	25
1	65
1	62
0	14
0	64
0	39
1	61
1	71
0	20
1	59
1	67
0	43
1	12
1	66
0	75
0	17
1	63
1	76
1	84
0	42
1	5
1	72
0	27
0	2
0	97
1	7
1	36
0	64
1	78
1	76
1	9
1	98
1	82
1	64
1	21
1	74
0	80
1	81
1	21
1	19
1	99
1	10
0	49
0	36
1	1
0	89
0	64
1	57
1	45
1	25
0	28
1	24
1	6
0	49
0	36
1	1
0	89
0	64
1	57
1	45
1	25
0	28
1	24
1	6
0	49
0	36
1	1
0	89
0	64
1	57
1	45
1	25
0	28
1	24
1	6
0	49
0	36
1	1
0	89
0	64
1	57
1	45
1	25
0	28
1	24
1	81
1	52
0	89
0	13
0	72
0	80
1	76
1	63
0	50
1	65
0	95
0	97
1	28
0	84
1	9
1	68
0	75
1	4
1	10
1	3
1	93
1	66
1	64
1	16
1	61
0	53
1	4
1	30
1	26
1	95
1	21
1	80
1	78
1	71
1	73
1	39
1	51
1	49
1	9
1	77
1	7
0	99
1	94
0	62
0	20
0	50
0	11
1	21
1	19
1	34
0	26
0	41
1	70
0	84
0	61
0	4
0	12
0	92
1	55
1	22
1	16
1	38
1	63
1	74
0	71
1	35
0	8
0	21
0	66
0	32
0	36
1	10
0	55
1	77
0	31
0	87
0	85
1	26
0	65
1	59
1	9
1	41
1	87
1	99
0	26
0	95
0	23
0	94
0	80
1	26
1	92
0	25
1	27
0	63
1	73
1	97
0	44
0	77
0	3
0	73
1	82
0	72
