0	573
0	573
0	910
0	587
0	25
0	25
1	795
0	25
1	795
1	305
0	819
0	257
1	334
0	170
0	810
0	810
0	267
1	522
0	957
1	710
1	710
1	232
1	352
1	710
1	232
1	352
1	117
1	710
1	232
1	352
1	117
0	602
1	974
1	710
1	232
1	352
1	117
0	602
1	974
1	514
1	710
1	232
1	352
1	117
0	602
1	974
1	514
1	710
1	232
1	352
1	117
0	602
1	974
1	514
1	130
1	710
1	232
1	352
1	117
0	602
1	974
1	514
1	130
0	828
1	158
1	951
1	546
1	580
1	705
1	705
0	241
0	144
1	774
0	173
1	818
1	705
0	241
0	144
1	774
0	173
1	818
1	552
1	544
1	705
0	241
0	144
1	774
0	173
1	818
1	552
1	544
1	705
0	241
0	144
1	774
0	173
1	818
1	552
1	544
1	646
1	705
0	241
0	144
1	774
0	173
1	818
1	552
1	544
1	705
0	241
0	144
1	774
0	173
1	818
1	552
1	544
1	646
1	705
0	241
0	144
1	774
0	173
1	818
1	552
1	544
1	646
0	395
1	31
0	363
1	415
1	647
1	897
1	997
1	733
1	733
1	486
0	273
0	849
0	418
1	733
1	486
0	273
0	849
0	418
1	485
1	623
1	0
1	733
1	486
0	273
0	849
0	418
1	485
1	623
1	0
1	733
1	486
0	273
0	849
0	418
1	485
1	623
1	0
1	358
1	733
1	486
0	273
0	849
0	418
1	485
1	623
1	0
1	358
1	733
1	486
0	273
0	849
0	418
1	485
1	623
1	0
1	358
1	733
1	486
0	273
0	849
0	418
1	485
1	623
1	0
1	358
1	595
1	662
0	687
1	5
1	905
1	594
1	702
1	702
1	269
1	416
1	702
1	269
1	416
1	653
1	702
1	269
1	416
1	653
1	757
1	702
1	269
1	416
1	653
1	757
1	487
1	702
1	269
1	416
1	653
1	757
1	487
1	702
1	269
1	416
1	653
1	757
1	487
1	702
1	269
1	416
1	653
1	757
1	487
0	894
1	135
1	652
1	281
1	160
1	649
1	855
1	855
1	868
1	259
1	855
1	868
1	259
0	197
1	804
1	855
1	868
1	259
0	197
1	804
1	138
1	855
1	868
1	259
0	197
1	804
1	138
0	221
1	24
1	114
1	855
1	868
1	259
0	197
1	804
1	138
0	221
1	24
1	114
1	855
1	868
1	259
0	197
1	804
1	138
0	221
1	24
1	114
0	874
1	919
1	855
1	868
1	259
0	197
1	804
1	138
0	221
1	24
1	114
0	874
1	919
1	743
0	491
1	203
1	540
0	136
1	264
1	760
1	630
1	630
1	960
1	399
1	630
1	960
1	399
1	823
1	630
1	960
1	399
1	823
1	289
1	630
1	960
1	399
1	823
1	289
1	167
1	630
1	960
1	399
1	823
1	289
1	167
1	630
1	960
1	399
1	823
1	289
1	167
1	630
1	960
1	399
1	823
1	289
1	167
0	279
0	945
1	67
1	231
1	374
0	191
1	499
0	47
1	83
1	845
0	963
0	963
1	902
1	965
1	393
0	963
1	902
1	965
1	393
0	72
1	244
1	79
1	708
0	963
1	902
1	965
1	393
0	72
1	244
1	79
0	963
1	902
1	965
1	393
0	72
1	244
1	79
1	708
0	963
1	902
1	965
1	393
0	72
1	244
1	79
1	708
0	963
1	902
1	965
1	393
0	72
1	244
1	79
1	708
0	963
1	902
1	965
1	393
0	72
1	244
1	79
1	708
1	169
1	587
1	144
1	50
1	905
0	632
0	632
1	8
1	270
1	868
0	632
1	8
1	270
1	868
1	308
0	632
1	8
1	270
1	868
1	308
1	438
0	632
1	8
1	270
1	868
1	308
1	438
0	746
1	949
0	818
1	577
0	863
0	90
0	860
0	632
1	8
1	270
1	868
1	308
1	438
0	746
1	949
0	818
1	577
0	863
0	90
0	860
0	478
0	632
1	8
1	270
1	868
1	308
1	438
0	746
1	949
0	818
1	577
0	863
0	90
0	860
0	478
0	632
1	8
1	270
1	868
1	308
1	438
0	746
1	949
0	818
1	577
0	863
0	90
0	860
0	478
1	669
0	572
0	839
1	768
1	929
1	142
0	7
1	127
0	823
0	787
1	192
1	372
1	987
1	595
1	732
1	620
0	919
1	954
1	917
0	197
0	197
1	272
0	445
1	276
1	56
0	197
1	272
0	445
1	276
1	56
0	144
1	478
1	672
0	197
1	272
0	445
1	276
1	56
0	144
1	478
1	672
1	245
0	197
1	272
0	445
1	276
1	56
0	144
1	478
1	672
0	197
1	272
0	445
1	276
1	56
0	144
1	478
1	672
0	197
1	272
0	445
1	276
1	56
0	144
1	478
1	672
1	245
0	197
1	272
0	445
1	276
1	56
0	144
1	478
1	672
1	245
1	541
0	98
0	964
1	43
1	483
1	776
0	474
1	480
1	124
0	142
1	136
1	464
1	416
1	276
1	276
1	772
1	352
1	276
1	772
1	352
1	257
1	276
1	772
1	352
1	257
1	701
1	276
1	772
1	352
1	257
1	701
1	31
1	276
1	772
1	352
1	257
1	701
1	31
1	276
1	772
1	352
1	257
1	701
1	31
1	276
1	772
1	352
1	257
1	701
1	31
1	613
1	483
1	577
1	445
0	121
0	820
0	363
0	111
1	26
0	649
0	502
0	529
0	76
1	819
1	576
0	50
0	296
0	824
0	184
1	832
0	266
1	848
1	302
0	555
1	148
1	960
1	89
0	9
1	116
0	317
0	535
1	97
0	774
0	440
0	36
0	769
1	751
1	324
1	380
1	653
1	726
0	787
1	892
1	65
1	400
1	534
1	610
0	283
1	165
1	772
1	143
1	670
1	505
0	760
1	566
0	617
1	236
1	327
0	810
1	707
1	466
0	623
1	626
1	188
1	731
0	946
1	590
1	172
1	792
1	566
0	150
1	248
0	795
1	812
0	235
1	965
1	801
1	427
1	977
0	286
0	427
1	671
0	404
0	481
0	802
1	889
1	807
0	234
0	574
0	248
1	77
0	955
1	854
1	46
1	852
1	437
0	787
0	540
1	343
1	774
1	528
1	383
1	88
1	547
1	669
1	318
0	904
1	416
1	49
0	855
1	459
1	402
1	922
1	301
1	991
1	334
1	214
1	771
0	416
0	127
1	244
1	168
1	480
0	789
1	79
1	849
1	219
0	999
1	106
1	583
0	65
0	659
1	435
0	2
1	720
1	479
1	951
0	744
1	411
1	960
1	60
1	669
1	961
0	664
1	249
1	609
0	514
0	492
0	134
1	347
1	684
1	754
1	597
1	818
1	485
0	805
1	195
0	535
0	348
1	130
1	384
1	923
0	433
1	916
0	704
1	673
1	196
0	341
1	383
1	35
1	813
1	354
1	815
1	627
0	559
1	588
1	162
0	844
1	753
0	137
0	116
0	557
0	758
1	476
1	584
1	697
0	795
1	885
1	333
0	290
0	733
0	787
1	235
1	960
0	862
0	882
1	885
0	213
0	952
1	173
0	508
1	778
0	962
0	287
0	433
1	790
1	504
1	543
1	956
1	8
1	295
0	472
0	126
0	219
1	771
1	345
1	302
1	159
0	758
0	655
0	746
0	454
0	588
0	133
0	126
0	96
0	263
0	793
1	569
1	844
0	12
0	892
1	700
0	100
0	917
1	545
1	817
0	843
1	306
1	417
1	52
0	651
1	483
1	893
1	547
1	577
1	87
1	794
0	833
1	115
1	182
0	676
1	400
0	535
0	826
1	298
1	842
1	554
0	532
1	352
1	4
1	347
0	918
1	515
1	264
0	799
1	843
0	468
1	674
1	233
0	745
1	749
1	223
1	80
0	625
0	313
0	393
0	816
1	855
0	887
1	329
1	367
1	460
0	801
0	534
1	574
1	484
1	125
1	449
1	712
1	573
1	216
1	425
1	201
1	38
1	542
1	440
1	670
0	127
0	33
1	73
0	420
1	23
1	315
1	890
1	554
1	794
1	521
0	401
1	615
0	888
1	856
0	6
0	473
0	442
1	233
1	427
0	934
1	810
1	958
1	29
1	996
0	787
1	250
1	203
1	625
1	416
0	656
1	215
1	309
1	649
0	415
1	162
0	0
1	756
1	451
1	612
0	639
0	921
0	420
0	667
1	14
0	838
0	261
0	88
0	342
0	922
0	477
0	277
1	363
0	112
1	525
1	372
1	441
0	504
1	281
1	338
0	570
0	924
0	379
0	733
0	6
1	437
0	860
1	684
1	504
1	621
0	299
1	311
0	722
0	757
1	489
0	531
1	769
0	94
0	476
1	22
1	157
1	854
1	332
1	567
1	513
1	731
1	359
1	656
0	741
1	139
1	753
1	199
1	3
0	163
1	51
0	405
0	298
1	867
1	598
1	885
1	486
0	52
0	38
0	64
1	27
1	41
0	55
0	31
0	80
1	39
1	81
1	48
0	8
1	79
1	80
1	53
1	59
0	30
0	2
1	24
0	82
0	18
0	12
1	33
1	53
0	71
0	49
0	54
1	63
0	72
0	56
1	9
0	37
0	49
0	55
0	68
0	81
1	29
0	74
1	8
0	64
1	68
1	51
1	78
1	57
1	49
1	37
1	63
1	52
1	7
1	27
0	21
0	19
0	79
0	72
0	32
0	48
1	28
0	54
0	60
0	9
0	40
1	70
1	65
1	64
1	56
0	51
0	22
1	21
0	49
0	34
0	33
0	73
0	81
0	77
0	63
1	44
1	2
1	33
1	77
1	0
1	3
1	31
1	34
1	41
0	24
0	13
0	2
1	47
0	65
1	60
1	5
0	37
1	34
0	39
0	54
0	64
1	41
1	45
0	70
0	21
0	52
0	27
0	37
0	35
1	60
0	78
1	1
1	22
1	48
0	41
0	46
0	79
0	6
0	61
1	56
0	39
1	74
0	36
1	13
1	11
1	4
1	2
0	77
0	66
0	17
1	20
0	64
0	33
0	144
1	45
0	139
0	148
0	35
0	132
1	160
1	125
1	152
0	79
1	74
1	59
0	158
0	129
0	161
1	90
1	112
0	11
1	160
1	68
1	138
1	48
1	67
0	85
1	59
0	26
0	70
1	155
0	149
0	4
1	36
1	136
1	124
1	98
1	9
0	29
1	62
1	66
1	122
1	37
1	40
1	88
0	27
1	47
0	96
1	140
1	46
1	73
1	71
1	15
0	26
0	39
0	9
1	2
1	48
1	69
1	34
1	73
1	29
0	36
0	29
0	7
1	25
0	35
1	38
1	50
1	30
0	73
1	20
1	2
0	60
0	74
0	37
1	51
0	72
1	9
0	8
0	30
0	41
1	70
0	75
0	32
1	11
0	22
1	52
1	20
1	1
1	63
1	22
1	95
0	40
0	49
0	71
0	48
1	57
0	69
0	76
1	66
1	6
1	34
1	43
1	57
0	69
0	76
1	66
1	6
1	34
1	43
1	60
1	57
0	69
0	76
1	66
1	6
1	34
1	43
1	60
0	41
0	93
0	41
0	93
0	41
0	93
1	21
0	70
0	73
0	11
1	21
0	70
0	73
0	11
1	21
0	70
0	73
0	11
0	26
1	15
1	27
1	28
1	33
0	72
1	96
1	58
0	76
1	33
1	71
1	98
1	29
1	87
0	76
1	33
1	71
1	98
1	29
0	76
1	33
1	71
1	98
1	29
1	95
1	80
1	95
1	80
1	95
1	80
0	15
0	15
1	66
0	22
1	30
0	47
1	65
1	67
0	76
0	54
0	15
1	66
0	22
1	30
0	47
1	65
1	67
0	76
0	54
1	68
1	33
1	9
0	15
1	66
0	22
1	30
0	47
1	65
1	67
0	76
0	54
1	68
1	33
1	9
0	83
0	60
1	77
0	46
0	3
0	13
0	15
1	66
0	22
1	30
0	47
1	65
1	67
0	76
0	54
1	68
1	33
1	9
0	83
0	60
1	77
0	46
0	3
0	13
0	58
0	19
0	11
1	28
1	28
0	22
0	46
1	28
0	22
0	46
0	53
1	28
0	22
0	46
0	53
1	44
1	62
1	1
1	37
0	73
1	9
1	39
1	38
1	28
0	22
0	46
0	53
1	44
1	62
1	1
1	37
0	73
1	9
1	39
1	38
1	12
0	57
1	72
1	99
1	26
1	26
1	73
1	26
1	73
1	26
1	73
0	43
0	47
1	59
1	55
1	34
1	63
1	26
1	73
0	43
0	47
1	59
1	55
1	34
1	66
1	66
1	42
1	66
1	42
1	66
1	42
1	78
1	66
1	42
1	78
1	36
1	36
1	76
1	36
1	76
1	36
1	76
1	92
1	36
1	76
1	92
0	24
0	87
1	64
0	30
0	26
0	61
0	8
1	58
1	32
1	40
1	4
1	71
0	62
1	70
1	0
0	8
1	5
1	89
0	8
0	22
0	47
1	82
0	48
0	44
0	53
0	35
0	16
0	16
0	89
0	33
0	57
0	58
0	16
0	89
0	33
0	57
0	58
1	26
0	5
0	16
0	89
0	33
0	57
0	58
1	26
0	5
0	15
1	37
0	35
0	46
1	20
1	20
1	2
1	59
1	90
1	27
1	20
1	2
1	59
1	90
1	27
1	81
1	20
1	2
1	59
1	90
1	27
1	81
1	46
1	50
1	21
1	20
1	2
1	59
1	90
1	27
1	81
1	46
1	50
1	21
1	20
1	2
1	59
1	90
1	27
1	81
1	46
1	50
1	21
0	35
0	24
0	94
0	7
1	33
1	60
1	26
1	54
1	62
1	52
1	19
1	49
0	43
1	86
1	10
1	18
1	72
1	72
0	79
0	35
1	44
0	86
0	52
1	72
0	79
0	35
1	44
0	86
0	52
1	66
1	54
1	72
0	79
0	35
1	44
0	86
0	52
1	66
1	54
0	63
1	28
1	28
0	9
1	40
1	26
1	46
1	41
1	5
1	28
0	9
1	40
1	26
1	46
1	41
1	5
1	28
0	9
1	40
1	26
1	46
1	41
1	5
0	61
1	20
1	56
1	82
1	28
0	9
1	40
1	26
1	46
1	41
1	5
0	61
1	20
1	56
1	82
1	28
0	9
1	40
1	26
1	46
1	41
1	5
0	61
1	20
1	56
1	82
0	98
1	43
1	72
1	86
1	17
1	66
1	66
1	71
1	93
0	17
0	92
1	64
0	62
1	63
1	88
1	66
1	71
1	93
0	17
0	92
1	64
0	62
1	63
1	88
1	95
1	18
1	66
1	71
1	93
0	17
0	92
1	64
0	62
1	63
1	88
1	95
1	18
0	54
1	80
1	16
1	4
0	57
1	39
1	77
1	66
1	71
1	93
0	17
0	92
1	64
0	62
1	63
1	88
1	95
1	18
0	54
1	80
1	16
1	4
0	57
1	39
1	77
1	66
1	71
1	93
0	17
0	92
1	64
0	62
1	63
1	88
1	95
1	18
0	54
1	80
1	16
1	4
0	57
1	39
1	77
1	23
1	51
0	18
0	18
0	25
0	87
0	56
0	81
0	18
0	25
0	87
0	56
0	81
0	78
0	18
0	25
0	87
0	56
0	81
0	78
0	74
0	96
0	26
0	99
0	18
0	25
0	87
0	56
0	81
0	78
0	74
0	96
0	26
0	18
0	25
0	87
0	56
0	81
0	78
0	74
0	96
0	26
0	99
1	83
1	83
1	84
1	78
1	1
1	6
1	83
1	84
1	78
1	1
1	6
1	95
1	83
1	84
1	78
1	1
1	6
1	95
1	20
1	97
0	64
1	36
1	83
1	84
1	78
1	1
1	6
1	95
1	20
1	97
0	64
1	36
1	83
1	84
1	78
1	1
1	6
1	95
1	20
1	97
0	64
1	36
1	15
0	89
0	89
1	55
0	95
1	15
1	9
1	81
0	89
1	55
0	95
1	15
1	9
1	81
1	56
1	75
0	89
1	55
0	95
1	15
1	9
1	81
1	56
1	75
1	84
1	5
1	97
0	89
1	55
0	95
1	15
1	9
1	81
1	56
1	75
1	84
1	5
1	97
1	32
0	89
1	55
0	95
1	15
1	9
1	81
1	56
1	75
1	84
1	5
1	97
1	32
0	88
0	34
1	61
0	78
1	28
1	58
1	3
1	2
1	38
1	35
1	43
1	76
0	86
1	90
0	11
0	7
0	48
0	33
1	72
0	75
1	42
1	80
1	12
1	66
0	69
1	82
1	16
1	64
1	81
0	18
0	93
1	82
1	62
1	17
0	10
0	46
0	43
0	89
1	84
1	88
0	77
1	25
0	6
1	85
1	48
1	84
0	30
1	46
1	59
1	43
1	69
1	56
1	55
1	65
0	32
1	64
1	61
0	32
0	52
0	36
0	24
0	23
0	96
0	40
0	48
0	0
1	74
0	11
0	75
0	7
0	41
0	89
1	72
0	14
1	96
1	93
1	21
0	0
1	90
1	57
0	10
1	7
1	47
1	28
0	13
1	33
1	55
1	74
0	87
1	36
0	92
0	71
0	78
0	24
1	6
1	4
1	90
1	87
1	74
0	69
1	58
1	41
1	85
0	84
1	65
1	89
1	56
1	55
1	48
0	53
1	41
1	68
1	56
1	55
1	48
0	53
1	41
1	68
1	56
1	55
1	48
0	53
1	41
1	68
1	56
1	55
1	48
0	53
1	41
1	68
1	81
1	26
1	79
1	17
0	90
0	76
1	51
0	65
1	59
1	9
1	94
0	2
0	55
1	7
0	6
0	75
0	76
1	38
0	14
0	98
1	81
0	51
1	92
0	11
1	79
0	62
1	93
1	47
0	1
0	23
0	58
0	31
1	18
1	57
0	95
1	42
1	53
1	46
1	37
0	71
0	41
1	68
0	9
1	79
0	81
1	30
1	84
1	47
0	56
0	21
1	14
1	19
1	10
1	48
0	58
0	66
1	37
1	94
1	3
1	95
1	71
1	82
1	18
1	13
1	69
1	22
1	41
1	5
0	85
1	79
1	18
0	85
0	75
0	8
0	83
0	92
1	4
1	15
1	57
0	77
1	58
1	9
0	49
0	8
1	89
1	97
0	69
1	1
1	86
0	14
0	59
0	19
1	12
0	40
0	39
1	69
1	11
0	98
1	54
0	82
1	53
0	63
1	67
1	62
0	58
0	45
1	46
1	5
0	85
1	52
1	28
0	79
0	33
0	22
0	29
0	69
0	72
1	41
1	47
1	95
0	44
0	79
1	25
1	96
0	22
0	40
1	70
1	67
1	12
1	50
0	93
1	85
1	34
1	67
1	41
0	71
1	60
0	17
1	35
0	25
1	75
1	90
0	48
1	32
1	39
