1	905
1	905
1	105
1	478
1	660
1	660
1	660
1	212
1	673
1	593
1	678
1	432
0	735
1	904
1	904
0	117
1	110
0	489
0	753
1	622
1	622
0	420
1	171
0	216
1	622
0	420
1	171
0	216
1	229
1	327
1	622
0	420
1	171
0	216
1	229
1	327
1	662
1	622
0	420
1	171
0	216
1	229
1	327
1	662
0	202
1	771
1	891
1	622
0	420
1	171
0	216
1	229
1	327
1	662
0	202
1	771
1	622
0	420
1	171
0	216
1	229
1	327
1	662
0	202
1	771
1	891
1	622
0	420
1	171
0	216
1	229
1	327
1	662
0	202
1	771
1	891
1	9
1	424
1	657
1	997
1	997
1	255
1	700
1	997
1	255
1	700
0	376
1	692
1	997
1	255
1	700
0	376
1	692
0	504
1	324
1	73
1	997
1	255
1	700
0	376
1	692
0	504
1	324
1	73
1	997
1	255
1	700
0	376
1	692
0	504
1	324
1	73
1	997
1	255
1	700
0	376
1	692
0	504
1	324
1	73
1	997
1	255
1	700
0	376
1	692
0	504
1	324
1	73
1	223
1	327
1	61
0	517
1	33
1	125
1	845
1	845
1	179
0	716
1	851
1	845
1	179
0	716
1	851
1	619
1	845
1	179
0	716
1	851
1	619
0	582
1	56
0	479
1	406
1	845
1	179
0	716
1	851
1	619
0	582
1	56
0	479
1	406
1	822
1	845
1	179
0	716
1	851
1	619
0	582
1	56
0	479
1	406
1	845
1	179
0	716
1	851
1	619
0	582
1	56
0	479
1	406
1	822
1	845
1	179
0	716
1	851
1	619
0	582
1	56
0	479
1	406
1	822
1	602
1	677
0	53
0	380
1	20
1	465
0	713
1	613
1	920
0	145
1	791
1	848
1	223
0	194
1	141
0	170
1	657
1	816
1	682
1	905
1	905
1	345
0	8
1	746
1	905
1	345
0	8
1	746
0	129
0	755
1	718
1	55
0	234
1	953
1	588
1	905
1	345
0	8
1	746
0	129
0	755
1	718
1	55
0	234
1	953
1	588
1	905
1	345
0	8
1	746
0	129
0	755
1	718
1	55
0	234
1	953
1	588
1	905
1	345
0	8
1	746
0	129
0	755
1	718
1	55
1	905
1	345
0	8
1	746
0	129
0	755
1	718
1	55
0	234
1	953
1	588
1	905
1	345
0	8
1	746
0	129
0	755
1	718
1	55
0	234
1	953
1	588
0	837
1	694
0	16
1	916
1	346
1	398
1	351
1	155
1	155
0	352
1	620
0	253
0	692
1	155
0	352
1	620
0	253
0	692
0	827
1	155
0	352
1	620
0	253
0	692
0	827
1	11
1	245
0	933
1	724
0	822
1	283
1	412
0	869
0	919
1	160
0	37
1	70
1	501
1	155
0	352
1	620
0	253
0	692
0	827
1	11
1	245
0	933
1	724
0	822
1	283
1	412
0	869
0	919
1	160
0	37
1	70
1	501
1	155
0	352
1	620
0	253
0	692
0	827
1	11
1	245
1	155
0	352
1	620
0	253
0	692
0	827
1	11
1	245
0	933
1	724
0	822
1	283
1	412
0	869
0	919
1	160
0	37
1	70
1	501
0	85
0	284
0	751
1	155
0	352
1	620
0	253
0	692
0	827
1	11
1	245
0	933
1	724
0	822
1	283
1	412
0	869
0	919
1	160
0	37
1	70
1	501
0	85
0	284
0	751
1	913
1	116
1	865
0	627
1	452
0	897
1	50
1	805
0	18
1	285
1	908
0	535
0	535
1	453
1	657
1	502
0	535
1	453
1	657
1	502
0	402
1	76
1	969
0	535
1	453
1	657
1	502
0	402
1	76
1	969
0	535
1	453
1	657
1	502
0	402
1	76
1	969
0	684
1	182
1	863
0	535
1	453
1	657
1	502
0	402
1	76
1	969
0	684
1	182
1	863
0	535
1	453
1	657
1	502
0	402
1	76
1	969
0	684
1	182
1	863
0	535
1	453
1	657
1	502
0	402
1	76
1	969
0	684
1	182
1	863
1	698
0	836
0	985
1	129
0	975
1	313
0	203
0	25
0	292
1	874
1	958
0	369
1	823
1	245
1	515
1	402
1	402
1	544
0	509
0	202
1	992
1	246
1	468
1	402
1	544
0	509
0	202
1	992
1	246
1	402
1	544
0	509
0	202
1	992
1	246
1	468
1	402
1	544
0	509
0	202
1	992
1	246
1	468
0	693
1	249
1	156
1	402
1	544
0	509
0	202
1	992
1	246
1	468
0	693
1	249
1	156
1	942
1	402
1	544
0	509
0	202
1	992
1	246
1	468
0	693
1	249
1	156
1	942
1	402
1	544
0	509
0	202
1	992
1	246
1	468
0	693
1	249
1	156
1	942
1	328
0	767
1	10
0	501
0	764
1	702
1	526
1	0
1	740
1	740
1	766
0	621
1	244
1	740
1	766
0	621
1	244
0	178
0	534
0	947
1	740
1	766
0	621
1	244
0	178
0	534
0	947
1	950
1	821
1	572
0	822
1	848
1	203
1	740
1	766
0	621
1	244
0	178
0	534
0	947
1	950
1	821
1	572
0	822
1	848
1	203
1	740
1	766
0	621
1	244
0	178
0	534
0	947
1	950
1	821
1	572
0	822
1	848
1	203
1	740
1	766
0	621
1	244
0	178
0	534
0	947
1	950
1	821
1	572
0	822
1	848
1	203
1	740
1	766
0	621
1	244
0	178
0	534
0	947
1	950
1	821
1	572
0	822
1	848
1	203
1	879
0	999
1	119
0	137
1	928
1	353
1	117
1	117
0	384
1	539
1	510
1	117
0	384
1	539
1	510
1	89
1	117
0	384
1	539
1	510
1	89
1	330
1	117
0	384
1	539
1	510
1	89
1	330
1	704
1	117
0	384
1	539
1	510
1	89
1	330
1	704
1	117
0	384
1	539
1	510
1	89
1	330
1	704
1	726
1	117
0	384
1	539
1	510
1	89
1	330
1	704
1	726
0	189
1	908
1	470
1	559
1	738
1	651
1	651
1	280
1	81
1	651
1	280
1	81
1	408
1	651
1	280
1	81
1	408
1	78
1	651
1	280
1	81
1	408
1	78
1	890
1	651
1	280
1	81
1	408
1	78
1	890
1	651
1	280
1	81
1	408
1	78
1	890
1	651
1	280
1	81
1	408
1	78
1	890
1	521
0	299
1	322
1	556
0	276
0	746
1	411
1	977
1	922
1	845
0	975
1	3
0	800
0	283
1	46
1	63
1	447
0	33
0	330
0	373
0	647
0	293
0	757
0	257
1	777
1	959
1	481
1	981
0	899
1	767
1	385
1	458
0	582
0	18
0	941
1	269
1	57
1	730
1	719
0	933
1	817
0	27
0	999
1	975
1	767
1	880
1	756
1	891
1	452
1	945
1	784
1	402
0	315
0	358
1	375
1	871
1	816
0	225
1	824
1	453
0	988
0	202
0	828
1	217
1	566
1	668
0	912
0	578
0	935
0	34
0	527
0	672
0	127
0	789
0	515
0	369
0	840
0	68
0	808
0	262
0	966
1	786
0	408
0	340
0	328
0	676
0	66
0	498
0	42
0	373
0	729
0	182
0	496
0	358
0	949
1	20
0	293
1	403
1	14
0	782
0	310
1	535
1	328
1	703
0	192
1	955
1	525
0	908
0	918
0	375
0	209
0	756
1	205
1	455
1	85
1	404
1	778
1	230
1	521
0	690
0	681
1	527
0	861
1	798
1	584
1	878
1	422
1	469
1	292
0	759
0	964
1	575
1	328
1	787
1	425
1	276
0	716
1	831
0	176
1	413
1	127
0	922
1	433
1	697
1	239
1	274
0	964
1	401
0	566
1	366
0	179
0	846
0	956
1	797
1	705
0	321
1	790
0	927
1	294
1	34
1	615
1	653
0	239
1	844
1	443
1	944
1	888
1	112
1	790
1	446
1	958
1	609
1	872
0	86
1	558
0	801
0	569
1	836
0	141
0	577
1	58
1	312
1	572
1	595
1	305
0	647
1	895
1	461
1	389
1	854
0	943
0	241
0	217
0	901
0	851
1	49
1	693
0	710
1	342
0	629
1	630
1	22
1	257
0	340
0	344
0	784
0	526
0	920
0	442
0	306
0	877
1	992
0	852
1	138
0	133
0	217
0	112
1	328
0	38
1	341
1	971
1	206
1	388
1	64
1	865
1	797
1	115
1	80
1	779
1	531
1	926
0	933
0	562
1	182
1	75
1	333
1	57
1	257
1	844
0	747
1	784
0	824
1	565
1	425
0	334
1	837
1	354
0	591
0	578
1	875
0	514
1	934
1	652
1	914
1	650
1	327
1	23
1	516
1	549
1	71
1	886
1	681
0	849
1	682
1	165
1	916
0	95
0	281
0	603
0	969
0	468
0	685
0	918
1	476
1	332
1	548
1	872
1	307
1	134
1	277
0	484
1	149
1	578
0	74
0	278
1	944
1	628
1	890
0	758
1	990
0	327
1	35
1	638
1	932
1	180
1	405
1	382
1	403
1	637
1	241
1	559
1	963
1	636
1	728
1	143
1	631
1	150
1	818
1	841
1	856
1	825
0	183
1	691
1	833
0	378
0	733
1	194
0	964
0	130
1	313
1	588
1	948
1	702
1	622
1	638
0	110
0	53
1	157
1	568
0	651
0	156
1	971
0	969
0	694
0	395
0	18
1	509
0	817
0	981
1	417
0	267
0	906
1	512
0	502
0	936
1	341
1	153
0	647
1	828
0	58
1	302
0	681
1	249
1	821
0	463
1	178
1	45
1	648
1	792
1	117
1	280
0	601
1	505
1	99
1	988
1	447
0	270
0	769
1	155
1	16
1	403
1	982
0	170
1	195
0	664
0	803
0	11
1	750
0	102
0	499
1	732
1	694
1	876
0	287
1	288
0	610
1	5
1	13
1	476
1	783
1	530
0	252
0	222
0	242
1	589
1	321
1	213
1	221
0	677
0	617
0	259
0	797
0	949
0	869
1	694
1	842
1	797
1	282
0	86
1	187
0	598
1	180
1	908
0	79
1	7
0	30
0	41
0	47
0	76
1	16
1	56
0	0
0	1
1	35
1	6
1	4
0	27
0	80
1	11
1	34
1	67
0	9
1	41
0	65
0	37
1	20
1	29
0	55
1	4
0	71
1	26
1	25
1	35
1	2
0	48
0	57
0	73
0	19
0	42
0	59
0	75
1	27
0	5
0	32
0	1
0	39
1	66
0	63
0	77
1	15
0	38
0	34
0	75
1	35
1	21
1	63
0	9
1	65
1	41
1	68
1	62
0	27
0	23
0	46
0	54
0	66
0	55
0	6
1	55
0	1
1	75
0	52
0	22
0	62
0	39
0	67
1	37
0	6
1	19
0	24
0	4
0	28
0	12
0	59
0	34
0	8
0	41
1	79
1	54
0	57
0	26
1	5
1	22
1	34
1	73
0	77
0	15
1	62
0	27
0	19
0	72
0	64
0	17
1	44
0	80
0	12
1	3
1	43
1	73
1	25
0	55
1	47
1	26
1	16
0	29
0	25
0	0
1	51
0	53
1	5
1	62
0	46
1	92
1	33
0	73
1	96
1	46
0	90
1	0
0	55
0	79
0	8
1	86
1	14
0	81
0	37
0	55
1	46
1	19
1	17
0	55
1	46
1	19
1	17
0	55
1	46
1	19
1	17
0	99
0	48
0	99
0	48
0	99
0	48
1	85
1	29
1	85
1	29
1	85
1	29
1	94
1	26
1	94
1	26
1	94
1	26
1	40
1	93
1	40
1	93
1	40
1	93
0	16
0	16
1	53
1	22
1	13
0	16
1	53
1	22
1	13
0	16
1	53
1	22
1	13
1	81
0	16
1	53
1	22
1	13
1	81
0	97
0	97
1	0
0	46
0	97
1	0
0	46
0	95
0	97
1	0
0	46
0	95
0	31
0	97
1	0
0	46
0	95
0	31
1	39
0	13
0	96
0	96
0	29
0	96
0	29
0	96
0	29
1	74
0	3
0	96
0	29
1	74
0	3
0	99
0	74
0	74
0	58
0	74
0	58
0	74
0	58
1	42
0	45
0	96
0	74
0	58
1	42
0	45
0	96
1	19
1	19
0	81
0	27
0	3
1	44
0	57
1	19
0	81
0	27
0	3
1	44
0	57
1	19
0	81
0	27
0	3
1	19
0	81
0	27
0	3
1	44
0	57
0	64
0	87
1	80
0	62
0	10
1	59
0	52
0	72
0	30
1	87
1	49
0	79
0	90
0	7
1	99
0	28
0	26
1	82
0	27
1	93
0	3
1	84
1	71
1	59
1	66
1	98
1	84
1	21
1	88
1	81
1	1
1	1
0	11
0	62
0	87
0	16
0	14
1	1
0	11
0	62
0	87
0	16
0	14
0	60
1	1
0	11
0	62
0	87
0	16
0	14
0	60
1	9
1	71
0	33
0	55
0	58
0	77
0	77
1	36
1	34
1	41
1	99
0	32
0	79
1	9
1	50
1	70
1	74
0	77
1	36
1	34
1	41
1	99
0	32
0	79
1	9
1	50
0	77
1	36
1	34
1	41
1	99
0	32
0	79
1	9
1	50
1	70
1	74
1	78
1	13
0	77
1	36
1	34
1	41
1	99
0	32
0	79
1	9
1	50
1	70
1	74
1	78
1	13
0	77
1	36
1	34
1	41
1	99
0	32
0	79
1	9
1	50
1	70
1	74
1	78
1	13
1	36
1	36
1	22
0	41
1	50
1	55
0	35
1	21
0	4
1	15
1	72
1	49
1	36
1	22
0	41
1	50
1	55
0	35
1	21
0	4
1	15
1	72
1	36
1	22
0	41
1	50
1	55
0	35
1	21
0	4
1	15
1	31
1	31
1	91
1	42
1	75
1	19
1	31
1	91
1	42
1	75
1	19
0	66
1	67
1	31
1	91
1	42
1	75
1	19
0	66
1	67
0	71
0	10
0	27
0	22
1	33
1	38
0	40
1	12
1	61
1	26
1	78
1	31
1	91
1	42
1	75
1	19
0	66
1	67
0	71
0	10
0	27
0	22
1	33
1	38
1	31
1	91
1	42
1	75
1	19
0	66
1	67
0	71
0	10
0	27
0	22
1	33
1	38
0	19
0	19
0	48
0	63
0	35
1	30
0	79
0	19
0	48
0	63
0	35
1	30
0	79
0	68
0	44
0	19
0	48
0	63
0	35
1	30
0	79
0	68
0	44
1	10
0	40
0	82
0	19
0	48
0	63
0	35
1	30
0	79
0	68
0	44
1	10
0	40
0	82
0	71
0	19
0	48
0	63
0	35
1	30
0	79
0	68
0	44
1	10
0	40
0	82
0	71
0	66
1	72
1	72
1	96
1	21
1	92
1	51
1	72
1	96
1	21
1	92
1	51
1	6
1	72
1	96
1	21
1	92
1	51
1	6
0	33
0	11
0	76
1	91
0	83
1	55
1	23
1	73
1	72
1	96
1	21
1	92
1	51
1	6
0	33
0	11
0	76
1	91
0	83
1	55
1	23
1	72
1	96
1	21
1	92
1	51
1	6
0	33
0	11
0	76
1	91
0	83
1	55
1	23
1	73
1	95
1	7
0	3
0	32
1	82
1	1
1	16
0	13
0	13
1	93
1	4
1	60
0	97
1	88
1	77
1	1
0	13
1	93
1	4
1	60
0	97
1	88
1	77
0	13
1	93
1	4
1	60
0	97
1	88
1	77
1	1
0	3
0	90
1	36
1	70
1	49
1	12
1	54
0	13
1	93
1	4
1	60
0	97
1	88
1	77
1	1
0	3
0	90
1	36
1	70
1	49
1	12
1	54
1	8
1	16
0	56
0	6
1	84
0	7
0	24
1	69
1	82
1	25
0	34
1	32
1	37
1	75
1	51
1	50
1	64
0	13
1	93
1	4
1	60
0	97
1	88
1	77
1	1
0	3
0	90
1	36
1	70
1	49
1	12
1	54
1	74
1	74
1	20
0	51
0	76
0	98
0	17
1	72
0	29
0	10
1	74
1	20
0	51
0	76
0	98
0	17
1	72
0	29
0	10
0	5
0	63
0	33
0	25
1	74
1	20
0	51
0	76
0	98
0	17
1	72
0	29
0	10
0	5
0	63
0	33
1	74
1	20
0	51
0	76
0	98
0	17
1	72
0	29
0	10
0	5
0	63
0	33
0	25
1	74
1	20
0	51
0	76
0	98
0	17
1	72
0	29
0	10
0	5
0	63
0	33
0	25
0	11
0	70
1	12
0	89
0	33
1	56
0	31
0	0
1	65
1	42
1	38
0	52
1	32
1	36
1	78
1	8
1	29
1	34
1	16
1	10
1	64
0	86
1	6
1	10
1	91
0	5
0	11
1	44
0	82
1	50
0	89
0	19
0	56
0	30
0	69
0	43
1	85
0	49
0	81
1	86
1	3
1	71
1	66
1	57
1	71
0	64
1	52
0	54
0	40
1	11
0	14
1	4
1	47
1	20
0	61
1	45
1	90
1	68
1	47
1	63
1	43
0	70
0	5
0	23
1	89
0	39
0	44
0	18
0	47
0	57
0	56
1	51
0	72
0	46
1	35
1	52
1	63
1	18
1	30
1	50
1	69
1	65
1	73
1	35
0	38
0	97
0	35
0	14
0	85
0	62
1	72
0	16
1	68
0	49
1	65
0	61
0	70
0	28
0	30
0	3
0	73
0	68
0	35
1	29
1	65
0	23
1	47
0	97
0	28
0	73
0	68
0	35
1	29
1	65
0	23
1	47
0	97
0	28
0	59
0	73
0	68
0	35
1	29
1	65
0	23
1	47
0	97
0	28
0	59
1	85
1	14
1	88
1	98
1	11
0	3
0	93
0	25
1	17
0	52
0	57
0	24
0	73
0	68
0	35
1	29
1	65
0	23
1	47
0	97
0	28
0	59
0	47
1	92
1	76
0	27
0	4
1	30
0	99
0	36
1	48
0	15
0	62
0	44
0	70
0	20
0	8
1	25
1	55
1	65
1	12
0	21
0	9
1	15
0	74
1	48
1	27
1	33
0	74
0	98
0	77
1	95
0	84
1	42
1	58
1	47
1	22
1	77
0	23
0	92
0	35
0	71
0	16
1	26
1	76
1	11
0	15
1	89
0	94
0	63
0	92
1	39
0	2
0	40
0	75
