0	674
0	674
1	571
1	387
0	660
0	660
0	660
0	405
0	783
1	728
1	32
0	254
0	778
1	566
1	566
0	982
1	754
1	959
1	790
1	790
1	86
1	587
1	790
1	86
1	587
0	49
0	482
1	323
1	790
1	86
1	587
0	49
0	482
1	323
0	961
1	979
0	902
0	317
1	306
1	951
1	628
1	790
1	86
1	587
0	49
0	482
1	323
0	961
1	979
0	902
0	317
1	306
1	951
1	628
1	711
1	790
1	86
1	587
0	49
0	482
1	323
0	961
1	979
0	902
0	317
1	306
1	951
1	628
1	711
1	790
1	86
1	587
0	49
0	482
1	323
0	961
1	979
0	902
0	317
1	306
1	951
1	628
1	711
1	494
1	790
1	86
1	587
0	49
0	482
1	323
0	961
1	979
0	902
0	317
1	306
1	951
1	628
1	711
0	87
0	87
0	761
1	838
1	331
1	491
0	87
0	761
1	838
1	331
1	491
1	601
0	87
0	761
1	838
1	331
1	491
1	601
1	120
0	87
0	761
1	838
1	331
1	491
1	601
1	120
1	420
0	87
0	761
1	838
1	331
1	491
1	601
1	120
1	420
0	87
0	761
1	838
1	331
1	491
1	601
1	120
1	420
0	87
0	761
1	838
1	331
1	491
1	601
1	120
1	420
1	668
0	714
1	142
1	866
1	150
1	854
1	854
1	717
1	712
1	854
1	717
1	712
1	455
1	854
1	717
1	712
1	455
0	211
1	832
1	854
1	717
1	712
1	455
0	211
1	832
1	992
1	854
1	717
1	712
1	455
0	211
1	832
1	992
1	854
1	717
1	712
1	455
0	211
1	832
1	992
0	762
1	562
1	854
1	717
1	712
1	455
0	211
1	832
1	992
0	762
1	562
1	679
0	206
1	44
0	592
1	254
1	48
0	310
0	936
1	885
0	391
1	709
1	50
1	347
1	39
1	39
1	729
1	646
1	39
1	729
1	646
1	649
1	39
1	729
1	646
1	649
0	37
0	49
0	131
1	51
0	169
1	127
1	859
1	385
1	39
1	729
1	646
1	649
0	37
0	49
0	131
1	51
0	169
1	127
1	859
1	385
1	359
1	39
1	729
1	646
1	649
0	37
0	49
0	131
1	51
0	169
1	127
1	859
1	385
1	39
1	729
1	646
1	649
0	37
0	49
0	131
1	51
0	169
1	127
1	859
1	385
1	359
1	39
1	729
1	646
1	649
0	37
0	49
0	131
1	51
0	169
1	127
1	859
1	385
1	359
0	555
1	600
1	126
1	66
1	66
1	159
1	971
1	66
1	159
1	971
1	441
1	66
1	159
1	971
1	441
0	152
1	126
1	66
1	159
1	971
1	441
0	152
1	126
1	511
1	66
1	159
1	971
1	441
0	152
1	126
1	511
1	66
1	159
1	971
1	441
0	152
1	126
1	511
1	462
1	66
1	159
1	971
1	441
0	152
1	126
1	511
1	462
1	933
0	696
1	925
0	724
1	186
0	653
0	572
1	83
0	429
1	557
1	68
1	963
1	685
1	685
1	185
1	339
1	685
1	185
1	339
1	90
1	685
1	185
1	339
1	90
0	125
0	395
1	372
1	273
0	268
1	486
1	602
1	685
1	185
1	339
1	90
0	125
0	395
1	372
1	273
1	685
1	185
1	339
1	90
0	125
0	395
1	372
1	273
1	685
1	185
1	339
1	90
0	125
0	395
1	372
1	273
1	685
1	185
1	339
1	90
0	125
0	395
1	372
1	273
0	268
1	486
1	602
0	788
1	41
1	784
1	189
1	275
1	275
1	661
1	729
1	275
1	661
1	729
0	416
1	452
0	634
0	656
0	350
1	128
1	943
1	670
1	275
1	661
1	729
0	416
1	452
0	634
0	656
0	350
1	128
1	943
1	670
1	202
1	275
1	661
1	729
0	416
1	452
0	634
0	656
0	350
1	128
1	943
1	670
1	202
1	275
1	661
1	729
0	416
1	452
0	634
0	656
0	350
1	128
1	943
1	670
1	275
1	661
1	729
0	416
1	452
0	634
0	656
0	350
1	128
1	943
1	670
1	202
1	275
1	661
1	729
0	416
1	452
0	634
0	656
0	350
1	128
1	943
1	670
1	202
1	5
1	950
1	283
1	283
0	410
1	60
1	288
1	283
0	410
1	60
1	288
1	10
1	283
0	410
1	60
1	288
1	10
0	657
0	256
1	703
0	697
1	743
1	966
1	834
1	283
0	410
1	60
1	288
1	10
0	657
0	256
1	703
0	697
1	743
1	966
1	834
1	283
0	410
1	60
1	288
1	10
0	657
0	256
1	703
0	697
1	743
1	966
1	834
1	283
0	410
1	60
1	288
1	10
0	657
0	256
1	703
0	697
1	743
1	966
1	834
1	283
0	410
1	60
1	288
1	10
0	657
0	256
1	703
0	697
1	743
1	966
1	834
1	709
1	285
1	0
1	0
1	168
0	744
1	83
1	0
1	168
0	744
1	83
0	106
1	437
1	912
1	0
1	168
0	744
1	83
0	106
1	437
1	912
1	0
1	168
0	744
1	83
0	106
1	437
1	912
1	687
1	0
1	168
0	744
1	83
0	106
1	437
1	912
1	687
1	0
1	168
0	744
1	83
0	106
1	437
1	912
1	687
1	120
1	0
1	168
0	744
1	83
0	106
1	437
1	912
1	687
1	120
0	763
0	873
1	860
0	932
0	752
0	387
1	759
1	234
0	351
1	96
0	79
1	844
0	216
1	899
0	154
1	565
0	634
1	121
1	227
1	186
1	50
1	167
1	727
1	727
1	307
1	912
1	727
1	307
1	912
1	247
1	727
1	307
1	912
1	247
0	633
1	373
1	727
1	307
1	912
1	247
0	633
1	373
0	910
1	873
0	937
1	688
1	854
1	447
1	727
1	307
1	912
1	247
0	633
1	373
0	910
1	873
0	937
1	688
1	854
1	447
1	727
1	307
1	912
1	247
0	633
1	373
0	910
1	873
0	937
1	688
1	854
1	447
1	727
1	307
1	912
1	247
0	633
1	373
0	910
1	873
0	937
1	688
1	854
1	447
1	718
1	656
1	310
1	915
0	680
1	784
0	82
0	515
1	408
1	123
1	771
1	259
1	513
1	476
1	142
0	303
1	689
0	456
0	740
0	414
1	785
1	630
1	495
1	361
1	890
0	112
0	54
0	309
0	629
0	969
1	1
0	784
0	608
1	188
1	584
1	825
0	718
0	439
1	500
1	98
0	674
0	412
0	102
1	939
0	80
0	986
0	49
1	814
1	51
0	733
0	173
0	971
0	213
1	871
0	281
0	633
0	325
1	825
0	940
0	74
0	277
0	271
0	238
0	648
1	168
0	605
0	317
0	947
0	682
0	388
0	409
1	145
1	819
1	74
0	30
1	318
1	49
0	327
0	688
0	471
1	557
0	159
1	542
0	674
1	920
1	144
0	677
1	809
1	592
1	28
1	132
0	65
0	990
0	686
1	847
1	485
0	200
0	523
0	918
1	298
0	813
0	850
0	588
0	374
0	135
0	947
1	185
0	978
1	337
1	817
1	119
0	487
0	388
0	523
1	249
1	527
1	451
1	993
0	274
1	706
1	901
0	671
0	909
1	51
0	505
1	777
0	585
1	464
1	391
1	589
1	282
1	375
1	367
0	919
1	564
0	109
1	428
1	797
1	755
1	25
0	528
0	392
0	450
0	37
1	746
1	540
0	39
0	838
1	857
1	542
1	16
0	674
1	927
1	346
1	808
1	346
1	394
1	488
1	188
1	301
1	553
1	705
1	295
1	990
1	71
1	580
0	362
0	989
1	403
0	94
1	597
1	254
1	423
1	61
1	192
1	754
0	124
1	7
1	306
1	37
0	355
1	431
1	820
1	624
1	315
1	445
0	131
1	290
0	551
0	919
0	976
1	485
1	690
0	123
1	189
1	278
1	23
0	831
0	118
1	443
1	694
1	480
0	675
1	284
0	557
0	669
1	61
1	10
0	254
1	270
1	47
1	441
0	735
0	835
0	6
1	876
0	727
0	852
0	572
0	573
0	613
0	167
0	422
0	104
0	396
0	733
0	941
1	570
0	884
0	596
1	855
0	602
0	5
0	282
0	588
0	560
0	955
0	952
0	277
1	253
0	39
1	718
1	737
1	21
1	573
1	318
0	709
0	298
1	624
0	789
0	577
1	0
0	392
0	35
0	576
0	645
0	575
1	719
0	221
1	153
0	829
0	523
0	88
0	157
0	500
0	347
0	541
0	91
0	36
0	739
0	398
0	501
1	518
1	650
1	373
1	490
1	155
1	189
1	264
1	631
1	720
0	355
1	789
1	39
1	140
1	842
1	470
1	981
1	695
1	732
0	344
0	568
0	117
1	164
0	510
0	214
0	463
1	658
1	883
1	600
1	618
1	528
1	549
1	145
0	491
0	489
1	607
1	815
0	199
0	243
1	703
1	953
1	535
0	427
1	51
0	114
0	663
1	304
1	797
1	854
1	765
0	255
1	526
1	516
1	77
1	521
1	596
1	98
1	237
0	606
0	180
1	823
1	776
1	476
1	729
1	941
0	33
1	682
0	3
1	243
1	224
0	874
1	294
0	692
1	39
0	226
1	307
1	681
1	489
1	446
0	479
0	50
0	815
0	208
0	574
1	641
1	647
1	33
1	112
1	849
1	769
1	702
1	303
1	902
1	983
1	314
1	623
1	340
1	620
1	257
1	277
1	635
1	280
0	42
1	427
1	797
1	679
1	455
1	949
1	97
0	901
1	684
0	195
0	332
1	353
0	356
0	876
0	109
1	430
0	279
0	275
0	574
0	315
0	871
0	530
0	36
1	323
1	356
1	541
1	882
0	117
0	93
1	580
1	453
0	715
0	445
1	396
1	666
1	28
1	49
0	68
1	6
0	33
1	25
0	57
0	31
0	70
0	16
1	26
1	47
1	65
0	31
1	79
1	58
1	62
0	1
1	28
0	57
0	71
1	3
1	50
0	6
0	39
1	47
0	79
0	3
0	43
1	19
0	25
0	22
1	65
0	48
0	57
1	70
0	76
1	39
1	5
1	52
1	4
0	45
1	19
0	79
0	46
0	3
0	38
0	56
0	18
1	10
0	25
0	39
1	14
1	17
1	68
0	12
0	54
1	56
1	51
1	75
1	27
1	28
1	11
1	44
1	71
1	1
1	39
1	33
1	15
1	25
1	32
1	66
1	82
1	76
1	59
1	78
0	12
1	77
0	45
1	63
0	69
0	27
0	13
0	78
1	61
0	6
0	42
0	43
0	55
0	10
0	44
1	35
0	57
0	6
0	15
1	53
0	71
1	27
1	42
0	33
1	75
1	29
1	69
0	12
0	5
1	38
1	59
1	90
0	32
0	11
0	66
1	56
1	40
0	29
0	88
0	28
1	56
0	3
0	92
0	28
1	56
0	3
0	92
0	28
1	56
0	3
0	92
0	79
0	30
0	79
0	30
0	79
0	30
0	64
0	16
0	64
0	16
0	64
0	16
0	6
0	63
0	6
0	63
0	6
0	63
1	11
1	96
1	11
1	96
1	11
1	96
0	65
0	65
0	91
0	65
0	91
0	65
0	91
0	2
0	65
0	91
0	2
0	9
0	9
1	24
0	65
0	29
0	9
1	24
0	65
0	29
0	9
1	24
0	65
0	29
0	83
0	9
1	24
0	65
0	29
0	83
1	30
1	30
1	55
1	30
1	55
1	30
1	55
1	38
1	30
1	55
1	38
0	34
0	34
0	38
0	34
0	38
0	34
0	38
0	55
0	34
0	38
0	55
1	45
1	45
0	47
0	40
1	88
0	66
0	65
0	71
1	45
0	47
0	40
1	88
0	66
0	65
0	71
1	45
0	47
0	40
1	88
0	66
0	65
0	71
0	30
0	37
0	67
1	49
0	23
1	45
0	47
0	40
1	88
0	66
0	65
0	71
0	30
0	37
0	67
1	10
1	50
1	41
1	75
1	88
0	54
1	51
1	45
1	96
1	32
1	88
0	22
0	41
0	49
1	11
1	27
1	3
1	25
1	25
1	27
1	91
1	65
1	4
1	25
1	27
1	91
1	65
1	4
1	2
1	25
1	27
1	91
1	65
1	4
1	2
1	36
1	84
1	82
0	84
0	84
1	63
0	53
1	95
0	41
0	75
0	84
1	63
0	53
1	95
0	41
0	75
0	79
1	16
0	2
0	46
0	99
0	84
1	63
0	53
1	95
0	41
0	75
0	79
1	16
0	2
0	46
0	99
0	51
0	26
0	84
1	63
0	53
1	95
0	41
0	75
0	79
1	16
0	2
0	46
0	99
0	51
0	84
1	63
0	53
1	95
0	41
0	75
0	79
1	16
0	2
0	46
0	99
0	51
0	26
0	37
0	37
1	67
1	92
1	29
1	57
1	80
0	37
1	67
1	92
1	29
1	57
1	80
1	52
0	37
1	67
1	92
1	29
1	57
1	80
1	52
1	59
1	89
1	75
1	75
0	74
0	1
1	84
0	81
0	43
0	31
1	14
0	19
0	48
1	75
0	74
0	1
1	84
0	81
0	43
0	31
1	14
0	19
0	48
1	75
0	74
0	1
1	84
0	81
0	43
0	31
1	14
0	19
0	48
0	8
0	13
1	75
0	74
0	1
1	84
0	81
0	43
0	31
1	14
0	19
0	48
0	8
0	13
1	75
0	74
0	1
1	84
0	81
0	43
0	31
1	14
0	19
0	48
0	8
0	13
1	41
0	95
0	79
0	79
0	18
0	96
1	55
0	14
0	28
0	79
0	18
0	96
1	55
0	14
0	28
0	36
0	65
0	79
0	18
0	96
1	55
0	14
0	28
0	36
0	65
0	24
1	71
1	8
0	85
1	40
1	29
1	72
0	76
0	74
0	11
0	58
0	69
1	98
0	51
0	42
0	79
0	18
0	96
1	55
0	14
0	28
0	36
0	65
0	24
1	71
1	8
0	85
1	40
1	29
1	72
0	76
0	74
0	11
0	58
0	69
1	98
0	51
0	42
0	33
0	79
0	18
0	96
1	55
0	14
0	28
0	36
0	65
0	24
1	71
1	8
0	85
1	40
1	29
1	72
0	76
0	74
0	11
0	58
0	69
1	98
0	51
0	42
0	33
1	7
0	89
0	39
0	95
0	95
0	83
0	41
0	12
1	49
0	74
0	95
0	83
0	41
0	12
1	49
0	74
0	4
0	95
0	83
0	41
0	12
1	49
0	74
0	4
0	87
0	17
0	76
1	14
0	48
0	19
0	95
0	83
0	41
0	12
1	49
0	74
0	4
0	87
0	17
0	76
0	95
0	83
0	41
0	12
1	49
0	74
0	4
0	87
0	17
0	76
1	14
0	48
0	19
0	98
0	98
0	92
1	84
0	81
1	52
1	55
0	28
1	82
0	98
0	92
1	84
0	81
1	52
1	55
0	28
0	98
0	92
1	84
0	81
1	52
1	55
0	28
1	82
0	23
1	41
0	66
1	72
1	33
1	26
1	0
1	97
1	34
0	98
0	92
1	84
0	81
1	52
1	55
0	28
1	82
0	23
1	41
0	66
1	72
1	33
1	26
1	0
1	97
1	34
0	98
0	92
1	84
0	81
1	52
1	55
0	28
1	82
0	23
1	41
0	66
1	72
1	33
1	26
1	0
1	97
1	34
1	45
1	65
1	65
0	97
1	28
1	59
1	80
0	88
1	45
1	23
1	63
1	65
0	97
1	28
1	59
1	80
0	88
1	45
1	23
1	65
0	97
1	28
1	59
1	80
0	88
1	45
1	23
1	63
1	78
1	85
1	65
0	97
1	28
1	59
1	80
0	88
1	45
1	23
1	63
1	78
1	65
0	97
1	28
1	59
1	80
0	88
1	45
1	23
1	63
1	78
1	85
1	47
1	82
0	44
0	55
0	58
0	14
1	11
1	58
1	71
0	89
1	86
1	7
0	78
0	52
1	26
0	6
1	69
0	88
0	36
1	77
0	71
0	97
0	58
0	65
0	39
0	55
0	29
0	84
1	11
1	39
1	5
1	45
1	47
1	47
0	1
0	44
0	75
1	36
0	32
0	88
0	4
0	56
1	27
1	13
1	33
0	24
1	74
0	89
1	11
1	98
0	90
0	84
1	69
1	75
1	20
0	38
1	93
1	28
0	82
1	45
1	17
1	9
1	43
1	56
1	14
0	55
0	11
1	25
1	78
1	98
1	42
1	78
0	12
0	20
0	85
0	97
0	44
0	99
1	80
1	22
0	1
0	91
1	25
1	21
0	67
1	82
0	90
0	73
0	84
1	35
0	89
1	50
1	27
1	16
1	41
0	58
0	62
1	77
0	68
1	41
0	43
1	34
0	49
1	10
0	86
0	65
1	48
1	83
1	4
1	3
0	44
0	63
0	65
0	41
1	8
1	46
1	60
0	10
0	13
0	77
1	57
0	25
0	69
0	82
0	58
0	33
1	62
1	95
1	47
1	10
0	23
1	14
1	62
1	95
1	47
1	10
0	23
1	14
1	62
1	95
1	47
1	10
0	23
1	14
1	62
1	95
1	47
1	10
0	23
1	14
0	18
1	87
1	53
0	15
1	7
0	44
0	97
0	10
0	94
1	30
0	25
0	77
1	50
1	83
1	26
1	55
1	32
1	52
0	46
1	67
0	96
0	54
0	34
1	56
0	83
0	39
0	35
0	87
0	78
0	81
1	34
0	89
0	68
