0	113
0	113
0	803
0	893
1	51
1	51
1	166
1	51
1	166
1	801
1	925
0	173
1	349
1	874
1	667
1	667
1	436
1	550
1	550
1	550
0	771
1	351
1	853
1	550
0	771
1	351
1	853
0	193
1	420
0	144
1	169
1	201
0	690
1	410
1	318
1	550
0	771
1	351
1	853
0	193
1	420
0	144
1	169
1	201
1	550
0	771
1	351
1	853
0	193
1	420
0	144
1	169
1	201
0	690
1	410
1	318
1	550
0	771
1	351
1	853
0	193
1	420
0	144
1	169
1	201
1	550
0	771
1	351
1	853
0	193
1	420
0	144
1	169
1	201
0	690
1	410
1	318
1	550
0	771
1	351
1	853
0	193
1	420
0	144
1	169
1	201
0	690
1	410
1	318
1	543
1	373
1	97
1	97
1	4
1	237
1	97
1	4
1	237
1	508
1	97
1	4
1	237
1	508
0	964
1	466
1	97
1	4
1	237
1	508
0	964
1	466
1	529
1	97
1	4
1	237
1	508
0	964
1	466
1	529
1	97
1	4
1	237
1	508
0	964
1	466
1	529
1	87
1	97
1	4
1	237
1	508
0	964
1	466
1	529
1	87
1	205
0	477
1	862
1	856
1	886
0	848
0	848
0	414
1	929
1	424
1	57
0	848
0	414
1	929
1	424
1	57
1	875
0	848
0	414
1	929
1	424
1	57
1	875
1	767
0	848
0	414
1	929
1	424
1	57
1	875
1	767
1	21
0	848
0	414
1	929
1	424
1	57
1	875
1	767
1	21
0	848
0	414
1	929
1	424
1	57
1	875
1	767
1	21
0	848
0	414
1	929
1	424
1	57
1	875
1	767
1	21
1	843
1	223
1	657
1	276
1	446
0	548
0	548
1	41
1	476
1	572
0	548
1	41
1	476
1	572
1	753
1	108
0	548
1	41
1	476
1	572
1	753
1	108
0	548
1	41
1	476
1	572
1	753
1	108
0	333
0	364
1	255
1	107
1	550
0	548
1	41
1	476
1	572
1	753
1	108
0	333
0	364
1	255
1	107
1	550
0	548
1	41
1	476
1	572
1	753
1	108
0	333
0	364
1	255
1	107
1	550
1	167
0	548
1	41
1	476
1	572
1	753
1	108
0	333
0	364
1	255
1	107
1	550
1	167
1	22
1	859
1	859
1	419
1	774
1	859
1	419
1	774
1	497
1	859
1	419
1	774
1	497
1	589
1	859
1	419
1	774
1	497
1	589
0	394
1	136
1	859
1	419
1	774
1	497
1	589
0	394
1	136
1	859
1	419
1	774
1	497
1	589
0	394
1	136
1	468
1	859
1	419
1	774
1	497
1	589
0	394
1	136
1	468
0	31
1	4
1	524
1	877
1	148
1	582
1	582
1	398
0	305
1	851
1	582
1	398
0	305
1	851
1	210
1	582
1	398
0	305
1	851
1	210
1	106
1	582
1	398
0	305
1	851
1	210
1	106
1	168
1	582
1	398
0	305
1	851
1	210
1	106
1	168
1	582
1	398
0	305
1	851
1	210
1	106
1	168
0	407
1	307
1	772
1	582
1	398
0	305
1	851
1	210
1	106
1	168
0	407
1	307
1	772
1	265
0	429
0	520
1	880
1	272
0	624
0	816
1	972
1	803
1	391
1	704
1	4
1	4
1	709
1	590
1	4
1	709
1	590
1	719
1	4
1	709
1	590
1	719
0	367
1	729
1	4
1	709
1	590
1	719
0	367
1	729
0	577
0	738
0	85
1	853
1	96
0	327
1	860
1	489
1	857
1	4
1	709
1	590
1	719
0	367
1	729
0	577
0	738
0	85
1	853
1	96
0	327
1	860
1	489
1	857
1	174
1	4
1	709
1	590
1	719
0	367
1	729
0	577
0	738
0	85
1	853
1	96
0	327
1	860
1	489
1	857
1	174
1	573
1	4
1	709
1	590
1	719
0	367
1	729
0	577
0	738
0	85
1	853
1	96
0	327
1	860
1	489
1	857
1	174
1	81
1	81
1	135
1	368
1	81
1	135
1	368
1	701
1	81
1	135
1	368
1	701
1	742
1	81
1	135
1	368
1	701
1	742
1	295
1	81
1	135
1	368
1	701
1	742
1	295
1	81
1	135
1	368
1	701
1	742
1	295
1	81
1	135
1	368
1	701
1	742
1	295
1	968
1	652
1	4
0	700
1	235
0	897
1	921
1	704
0	170
0	170
1	118
1	19
0	333
1	458
1	994
1	871
0	170
1	118
1	19
0	333
1	458
1	994
0	170
1	118
1	19
0	333
1	458
1	994
1	871
0	170
1	118
1	19
0	333
1	458
1	994
1	871
1	983
0	170
1	118
1	19
0	333
1	458
1	994
1	871
1	983
0	170
1	118
1	19
0	333
1	458
1	994
1	871
1	983
1	858
0	170
1	118
1	19
0	333
1	458
1	994
1	871
1	983
1	858
0	470
1	709
1	34
1	881
1	450
1	450
1	71
1	132
1	450
1	71
1	132
1	194
1	450
1	71
1	132
1	194
1	970
1	450
1	71
1	132
1	194
1	970
1	458
1	450
1	71
1	132
1	194
1	970
1	458
1	450
1	71
1	132
1	194
1	970
1	458
1	450
1	71
1	132
1	194
1	970
1	458
1	24
0	548
0	821
1	516
1	378
1	938
1	969
1	856
1	217
0	13
0	584
1	375
1	124
1	438
1	94
1	511
0	263
0	334
0	753
1	98
0	238
0	329
0	494
0	266
0	189
0	637
0	837
0	502
1	290
1	330
0	638
1	30
0	237
0	549
0	408
0	250
0	629
1	337
1	427
1	425
0	482
0	435
1	419
1	786
1	93
1	643
1	149
1	205
1	358
0	499
1	391
1	599
0	812
0	520
0	699
0	426
0	694
1	190
0	657
1	645
0	479
1	620
1	474
1	895
1	402
0	120
1	823
1	148
1	703
1	629
1	409
0	632
0	597
1	949
1	493
1	975
1	676
1	671
0	941
0	455
0	621
1	90
1	940
1	478
1	690
0	440
1	206
1	505
0	231
0	408
1	595
1	179
1	207
0	198
0	982
0	266
0	209
1	287
1	250
1	963
0	842
1	692
1	101
1	574
1	23
1	744
1	383
0	453
1	51
0	791
1	137
1	4
1	183
0	435
1	892
1	109
1	355
0	880
0	278
0	904
1	691
1	209
1	416
0	432
1	364
0	36
0	868
1	934
1	326
0	696
1	583
1	366
1	977
0	352
1	827
1	431
1	619
1	628
1	362
1	512
1	235
1	282
0	855
1	350
0	705
1	684
1	641
1	25
1	54
0	184
1	50
0	105
1	637
1	131
1	615
0	797
0	619
0	360
0	991
0	233
1	190
1	398
1	400
1	38
1	602
0	737
1	906
0	891
0	824
0	56
1	430
0	148
0	755
1	955
0	196
0	484
0	57
0	898
0	156
0	599
1	281
0	494
0	76
0	77
0	718
1	528
0	207
1	567
1	417
1	956
1	654
1	229
0	444
0	222
0	426
1	442
0	487
1	869
1	790
1	102
1	948
1	554
0	270
0	558
1	469
0	332
0	864
1	890
1	112
1	545
0	460
0	702
0	567
1	480
1	838
1	468
1	532
0	197
1	299
1	868
1	402
1	807
1	962
0	883
1	983
0	230
1	960
0	996
0	31
1	666
0	540
0	77
0	722
1	413
0	685
1	746
0	896
0	73
0	191
1	264
1	530
1	474
1	844
1	768
0	641
1	258
1	742
1	790
1	12
0	260
1	612
1	562
1	475
1	605
1	187
0	758
1	765
0	659
0	173
1	620
0	457
1	705
1	925
0	527
1	28
1	112
1	321
1	315
1	718
1	620
1	597
1	808
1	972
1	358
0	925
1	304
1	786
0	628
1	650
1	560
1	710
1	425
0	620
1	203
1	674
0	248
1	66
1	73
0	519
0	566
1	676
1	3
1	734
1	119
0	626
1	496
1	678
1	519
1	969
0	300
0	699
1	391
1	869
0	153
0	989
0	154
0	547
1	127
1	161
0	386
0	727
0	557
1	268
0	921
1	804
1	55
1	920
1	524
1	795
1	355
1	595
1	139
1	354
0	687
0	565
0	325
1	180
1	347
1	931
0	147
0	271
0	782
1	488
1	508
0	396
0	659
1	756
1	612
0	5
1	473
1	42
1	174
1	388
1	81
1	903
0	446
0	327
1	180
1	241
1	235
1	66
1	294
1	131
1	426
1	778
0	457
0	694
0	476
0	961
0	830
1	984
0	82
0	297
1	175
0	432
0	67
1	277
1	570
1	471
1	980
0	580
0	789
1	740
1	621
1	894
0	752
0	999
0	717
1	522
0	313
0	540
1	706
1	584
1	321
1	347
1	963
1	408
0	577
1	459
0	168
0	511
1	11
1	0
1	510
1	540
1	453
1	804
0	995
1	599
1	329
1	195
1	944
1	274
0	175
1	361
1	445
1	491
1	899
0	82
1	73
0	71
1	44
0	50
0	24
0	22
0	53
0	79
0	33
1	15
0	13
0	45
0	75
1	4
1	28
0	20
0	47
1	4
1	21
0	17
0	47
0	71
0	7
0	65
0	38
0	52
0	59
0	12
1	76
1	27
0	17
0	56
0	8
0	66
1	71
1	2
0	77
0	5
1	20
0	36
0	25
0	51
1	78
1	17
1	80
1	79
1	39
0	78
0	0
0	8
0	65
0	77
0	16
1	61
0	67
0	60
0	35
0	74
0	75
1	33
0	36
0	47
0	56
1	58
1	50
0	37
1	69
0	16
1	42
1	77
1	68
1	81
0	6
1	25
1	9
0	51
1	41
1	21
1	62
1	61
1	31
1	61
0	79
1	16
1	72
1	62
1	18
0	58
0	65
1	75
1	23
1	38
1	78
1	36
1	80
1	15
1	69
1	67
1	68
1	24
1	72
0	28
0	46
1	76
1	73
1	41
0	38
0	52
0	20
0	54
0	94
1	69
1	50
1	155
0	107
1	45
0	10
0	63
1	22
1	159
1	153
0	116
0	33
1	3
0	119
1	153
1	18
1	148
1	17
0	38
1	66
1	155
1	133
1	57
1	135
0	152
0	71
0	96
0	54
0	149
0	91
1	31
1	117
1	148
1	22
1	7
1	68
1	23
1	7
1	52
1	36
1	46
1	48
1	0
1	36
1	6
1	10
1	73
1	38
0	36
0	40
0	60
1	26
1	11
1	49
0	48
0	10
0	24
0	20
1	30
1	4
1	59
1	65
0	48
0	11
1	55
1	41
1	28
1	9
1	8
0	12
0	1
1	15
1	0
0	3
0	14
1	11
1	6
0	6
1	12
0	0
1	8
1	7
0	14
0	10
0	11
0	15
0	4
1	4
1	6
0	2
1	0
1	16
1	10
1	11
1	15
0	9
1	13
1	8
1	7
1	9
1	0
0	5
0	4
0	3
0	10
1	6
0	8
0	16
0	7
0	15
0	6
1	2
0	12
1	3
0	1
1	0
1	4
1	9
1	10
1	5
0	2
1	13
1	14
1	12
1	0
1	6
0	9
0	3
0	1
1	3
0	12
0	9
1	15
1	11
1	13
0	7
1	0
0	1
0	16
0	5
1	12
0	13
1	3
1	1
0	7
1	5
1	15
1	10
1	11
0	16
1	14
1	6
1	9
1	4
1	16
0	6
0	14
0	13
1	11
0	7
0	3
0	10
0	12
0	7
1	12
1	6
1	4
1	0
1	8
0	3
1	16
1	10
1	14
1	52
1	4
1	99
1	29
1	7
0	81
0	56
0	25
0	50
0	45
0	38
1	3
1	42
1	40
1	8
1	40
1	8
1	40
1	8
1	15
1	71
1	15
1	71
1	15
1	71
0	53
0	44
0	53
0	44
0	53
0	44
1	21
1	74
1	21
1	74
1	21
1	74
0	22
0	62
0	22
0	62
0	22
0	62
0	44
0	44
0	6
0	44
0	6
0	44
0	6
0	60
0	44
0	6
0	60
1	43
1	43
1	32
1	43
1	32
1	43
1	32
1	89
1	43
1	32
1	89
0	48
0	48
1	1
0	55
1	30
0	18
1	35
0	31
0	41
0	48
1	1
0	55
1	30
0	18
1	35
0	31
0	48
1	1
0	55
1	30
0	18
1	35
0	31
0	41
1	8
1	42
1	27
1	88
1	23
1	76
0	48
1	1
0	55
1	30
0	18
1	35
0	31
0	41
1	8
1	42
1	27
1	88
1	23
1	76
1	37
1	65
1	48
1	48
1	78
1	48
1	78
1	48
1	78
1	73
1	48
1	78
1	73
1	21
1	21
1	83
1	21
1	83
1	21
1	83
1	76
1	21
1	83
1	76
1	84
1	15
1	5
0	11
1	58
0	78
0	96
1	18
1	27
0	12
1	77
1	60
0	84
0	24
1	37
0	7
0	59
0	49
1	45
0	19
1	59
0	72
1	94
1	16
1	82
1	54
1	76
1	29
1	16
0	32
1	39
1	75
0	17
1	27
1	34
0	25
0	25
0	31
0	63
0	32
0	12
0	25
0	31
0	63
0	32
0	12
0	87
0	25
0	31
0	63
0	32
0	12
0	87
0	27
0	3
0	88
1	56
1	94
0	77
0	76
1	62
1	64
1	22
0	75
1	80
0	69
0	13
0	42
0	17
0	16
0	67
0	43
0	43
0	73
1	65
0	54
0	11
0	70
0	43
0	73
1	65
0	54
0	11
0	70
0	21
0	7
0	43
0	73
1	65
0	54
0	11
0	70
0	21
0	7
0	23
1	44
0	66
0	40
0	43
0	73
1	65
0	54
0	11
0	70
0	21
0	7
0	23
1	44
0	66
0	40
1	47
0	8
0	34
0	4
1	17
1	52
0	33
0	91
0	28
0	72
0	89
0	30
0	61
0	43
0	73
1	65
0	54
0	11
0	70
0	21
0	7
0	23
1	44
0	66
0	40
0	91
0	91
0	90
0	32
1	61
0	50
1	4
0	7
0	57
0	94
1	67
0	9
0	25
0	91
0	90
0	32
1	61
0	50
1	4
0	7
0	91
0	90
0	32
1	61
0	50
1	4
0	7
0	57
0	94
1	94
1	94
1	5
1	88
1	8
0	86
0	22
1	46
1	37
1	77
1	94
1	5
1	88
1	8
0	86
0	22
1	46
1	94
1	5
1	88
1	8
0	86
0	22
1	46
1	37
1	77
1	1
0	49
1	75
1	81
1	91
1	94
1	5
1	88
1	8
0	86
0	22
1	46
1	37
1	77
1	1
0	49
1	75
1	81
1	94
1	5
1	88
1	8
0	86
0	22
1	46
1	37
1	77
1	1
0	49
1	75
1	81
1	91
1	71
1	23
1	6
1	6
1	55
1	39
0	4
1	79
1	65
1	6
1	55
1	39
0	4
1	79
1	65
0	76
0	27
0	34
0	85
1	44
1	59
1	56
0	31
1	58
1	6
1	55
1	39
0	4
1	79
1	65
0	76
0	27
0	34
0	85
1	44
1	59
1	56
0	31
1	58
1	6
1	55
1	39
0	4
1	79
1	65
0	76
0	27
0	34
0	85
1	44
1	59
1	56
0	31
1	58
0	48
1	73
1	88
0	60
1	49
1	52
1	38
1	82
1	6
1	55
1	39
0	4
1	79
1	65
0	76
0	27
0	34
0	85
1	44
1	59
1	56
0	31
1	58
0	48
1	73
1	88
0	60
1	49
1	52
1	38
0	31
0	31
0	13
0	34
0	17
0	87
0	31
0	13
0	34
0	17
0	87
0	16
0	31
0	13
0	34
0	17
0	87
0	16
1	80
1	29
0	61
1	15
1	93
0	57
1	41
1	26
0	52
0	86
0	38
0	53
0	2
0	68
0	20
0	73
1	56
1	48
1	91
1	77
1	7
1	22
1	59
0	97
0	12
0	37
0	49
1	54
0	84
0	23
1	0
0	1
0	35
0	88
0	14
0	31
0	13
0	34
0	17
0	87
0	16
1	80
1	29
0	61
1	15
1	93
0	57
1	41
1	26
0	52
0	86
0	38
0	53
0	2
0	68
0	20
0	73
1	56
1	48
1	91
1	77
1	7
1	22
1	59
0	97
0	12
0	37
0	49
1	54
0	84
0	23
1	0
0	1
0	35
0	88
0	14
1	89
0	40
0	75
0	31
0	13
0	34
0	17
0	87
0	16
1	80
1	29
0	61
1	15
1	93
0	57
1	41
1	26
0	52
0	86
0	38
0	53
0	2
0	68
0	20
0	73
1	56
1	48
1	91
1	77
1	7
1	22
1	59
0	97
0	12
0	37
0	49
1	54
0	84
0	23
1	0
0	1
0	35
0	88
0	14
1	89
0	40
0	75
0	96
0	4
0	18
1	56
1	56
1	17
1	25
1	72
1	98
1	56
1	17
1	25
1	72
1	98
1	26
1	56
1	17
1	25
1	72
1	98
1	26
1	35
0	75
0	4
0	41
1	66
1	79
1	95
1	62
1	80
1	56
1	17
1	25
1	72
1	98
1	26
1	35
0	75
0	4
0	41
1	66
1	79
1	95
1	62
1	80
1	81
1	56
1	17
1	25
1	72
1	98
1	26
1	35
0	75
0	4
0	41
1	66
1	79
1	95
0	37
0	37
0	46
0	94
0	6
0	70
0	37
0	46
0	94
0	6
0	70
0	83
0	37
0	46
0	94
0	6
0	70
0	83
0	60
0	20
0	66
0	54
0	37
0	46
0	94
0	6
0	70
0	83
0	60
0	20
0	66
0	37
0	46
0	94
0	6
0	70
0	83
0	60
0	20
0	66
0	54
0	83
0	43
1	51
0	54
1	2
0	41
0	23
0	55
0	79
1	13
1	42
1	71
1	3
1	48
1	17
0	45
0	80
0	40
0	92
1	2
1	0
1	34
1	70
0	76
0	21
0	94
0	66
1	88
1	79
1	15
1	43
1	80
1	90
0	54
1	46
1	30
0	16
1	88
1	64
1	24
0	77
1	32
0	71
1	89
0	41
0	9
0	16
0	8
0	21
0	13
0	84
0	92
1	58
1	49
1	60
1	8
1	90
1	9
1	33
1	52
0	39
1	5
1	70
1	94
1	74
1	24
0	6
1	42
1	95
0	94
1	7
0	33
0	6
0	64
0	70
1	38
1	39
0	86
1	48
0	93
1	54
1	50
1	51
1	0
0	49
1	70
1	41
1	5
0	28
1	69
1	58
1	25
0	92
0	70
0	57
0	30
0	28
1	69
1	58
1	25
0	92
0	70
0	57
0	30
0	28
1	69
1	58
1	25
0	92
0	70
0	57
0	30
0	28
1	69
1	58
1	25
0	92
0	70
0	57
0	30
0	7
0	57
1	64
0	26
1	4
1	63
1	71
0	27
0	94
0	32
1	71
1	86
0	40
1	21
1	93
0	60
0	85
0	82
0	65
1	12
1	15
0	45
1	99
0	16
0	42
1	29
1	5
0	92
0	98
0	91
1	59
0	42
0	66
0	58
0	27
0	26
0	16
0	18
0	93
0	34
0	20
1	20
0	86
1	15
0	82
1	27
0	76
0	17
0	56
