0	383
0	383
0	301
0	457
1	869
1	869
1	869
1	879
1	673
1	637
1	428
1	335
0	905
1	777
1	777
0	321
1	118
0	271
1	296
0	827
0	827
1	738
1	322
1	775
0	827
1	738
1	322
1	775
0	777
1	87
1	213
0	827
1	738
1	322
1	775
0	777
1	87
1	213
0	827
1	738
1	322
1	775
0	777
1	87
1	213
1	509
0	827
1	738
1	322
1	775
0	777
1	87
1	213
1	509
0	827
1	738
1	322
1	775
0	777
1	87
1	213
1	509
0	827
1	738
1	322
1	775
0	777
1	87
1	213
1	509
1	560
1	413
1	750
1	792
1	548
1	283
1	283
1	733
1	912
1	283
1	733
1	912
1	836
1	283
1	733
1	912
1	836
1	204
1	283
1	733
1	912
1	836
1	204
1	605
1	283
1	733
1	912
1	836
1	204
1	605
1	283
1	733
1	912
1	836
1	204
1	605
1	283
1	733
1	912
1	836
1	204
1	605
1	763
1	168
1	434
0	971
0	41
1	371
1	839
1	959
1	959
0	259
0	76
1	679
1	241
1	959
0	259
0	76
1	679
1	241
1	128
1	959
0	259
0	76
1	679
1	241
1	128
1	422
1	959
0	259
0	76
1	679
1	241
1	128
1	422
0	935
1	800
1	117
1	959
0	259
0	76
1	679
1	241
1	128
1	422
0	935
1	800
1	117
1	959
0	259
0	76
1	679
1	241
1	128
1	422
0	935
1	800
1	117
1	94
1	959
0	259
0	76
1	679
1	241
1	128
1	422
0	935
1	800
1	117
1	94
0	681
1	500
1	589
0	564
1	392
1	925
1	535
1	757
1	79
1	79
0	67
1	859
1	224
1	79
0	67
1	859
1	224
1	543
1	79
0	67
1	859
1	224
1	543
0	521
0	434
1	366
1	966
1	503
1	79
0	67
1	859
1	224
1	543
0	521
0	434
1	366
1	966
1	503
1	79
0	67
1	859
1	224
1	543
0	521
0	434
1	366
1	966
1	503
1	79
0	67
1	859
1	224
1	543
0	521
0	434
1	366
1	966
1	503
1	79
0	67
1	859
1	224
1	543
0	521
0	434
1	366
1	966
1	503
1	690
1	398
1	969
1	51
1	51
1	380
1	165
1	51
1	380
1	165
1	523
1	51
1	380
1	165
1	523
1	997
1	51
1	380
1	165
1	523
1	997
1	257
1	51
1	380
1	165
1	523
1	997
1	257
1	51
1	380
1	165
1	523
1	997
1	257
1	51
1	380
1	165
1	523
1	997
1	257
1	54
1	545
1	637
0	108
1	928
1	393
1	800
1	800
1	657
1	656
1	800
1	657
1	656
1	203
1	800
1	657
1	656
1	203
1	517
1	800
1	657
1	656
1	203
1	517
1	388
1	800
1	657
1	656
1	203
1	517
1	388
1	800
1	657
1	656
1	203
1	517
1	388
1	800
1	657
1	656
1	203
1	517
1	388
1	557
1	948
1	263
1	739
1	859
1	859
0	34
0	115
1	104
1	132
1	859
0	34
0	115
1	104
1	132
1	481
1	859
0	34
0	115
1	104
1	132
1	481
1	958
1	859
0	34
0	115
1	104
1	132
1	481
1	958
1	784
1	859
0	34
0	115
1	104
1	132
1	481
1	958
1	784
1	859
0	34
0	115
1	104
1	132
1	481
1	958
1	784
1	859
0	34
0	115
1	104
1	132
1	481
1	958
1	784
1	341
0	629
1	554
1	566
1	230
1	650
1	650
0	12
1	939
0	239
1	654
1	324
1	650
0	12
1	939
0	239
1	654
1	324
1	650
0	12
1	939
0	239
1	654
1	324
1	358
1	650
0	12
1	939
0	239
1	654
1	324
1	358
1	95
1	650
0	12
1	939
0	239
1	654
1	324
1	358
1	95
1	650
0	12
1	939
0	239
1	654
1	324
1	358
1	95
1	650
0	12
1	939
0	239
1	654
1	324
1	358
1	95
1	561
1	709
0	548
1	560
1	790
1	877
0	362
1	189
1	262
1	962
1	962
0	611
1	737
1	261
1	962
0	611
1	737
1	261
1	671
1	962
0	611
1	737
1	261
1	671
1	232
1	962
0	611
1	737
1	261
1	671
1	232
1	952
1	962
0	611
1	737
1	261
1	671
1	232
1	952
1	962
0	611
1	737
1	261
1	671
1	232
1	952
1	281
1	962
0	611
1	737
1	261
1	671
1	232
1	952
1	281
1	997
0	102
1	900
1	541
1	331
1	514
1	514
0	706
1	46
1	480
1	514
0	706
1	46
1	480
1	216
1	514
0	706
1	46
1	480
1	216
0	317
1	661
1	953
1	514
0	706
1	46
1	480
1	216
0	317
1	661
1	953
1	514
0	706
1	46
1	480
1	216
0	317
1	661
1	953
1	514
0	706
1	46
1	480
1	216
0	317
1	661
1	953
1	514
0	706
1	46
1	480
1	216
0	317
1	661
1	953
1	538
1	298
0	485
1	188
1	443
1	940
1	969
0	997
1	462
0	544
0	561
1	628
0	828
0	26
0	642
1	339
1	768
1	17
1	988
1	574
1	42
1	533
0	972
0	543
1	731
1	318
1	461
1	126
1	725
0	988
1	85
1	117
0	641
0	139
0	984
0	401
0	656
0	869
1	138
0	697
1	719
1	667
0	411
1	451
1	626
0	346
1	731
0	812
1	139
1	218
1	838
1	222
1	569
0	53
1	412
1	472
1	266
0	340
0	16
0	34
0	499
1	122
1	961
1	371
1	460
1	68
0	683
0	419
1	552
1	24
0	136
1	824
1	564
1	99
0	392
0	993
1	96
1	298
0	406
0	747
1	518
0	149
0	578
1	760
0	88
1	143
1	846
0	136
0	315
1	641
1	741
1	89
0	862
0	45
1	159
1	335
1	461
1	377
1	133
1	262
1	347
1	70
1	597
1	882
1	480
1	170
1	590
1	938
1	83
1	33
0	873
0	57
1	668
1	605
0	453
1	920
1	406
1	409
0	668
1	645
1	604
1	88
0	329
1	612
1	608
0	252
0	149
0	866
1	106
0	300
0	922
1	270
0	315
1	803
1	155
1	134
1	616
0	865
1	381
1	228
1	845
0	401
1	740
1	647
1	134
0	725
0	509
1	258
1	439
1	92
1	262
1	713
0	865
1	298
1	790
0	341
1	500
1	951
1	204
0	639
1	309
1	969
1	66
1	887
1	691
0	803
1	696
0	90
0	50
0	991
0	462
0	526
0	763
0	931
0	768
0	992
0	443
1	978
1	788
1	28
1	373
0	449
1	199
1	235
1	618
1	715
1	540
0	927
1	658
1	143
0	63
0	85
1	41
0	890
0	952
1	435
1	338
1	893
0	46
0	328
0	887
1	747
1	373
0	676
0	399
0	651
0	762
0	649
0	426
0	886
1	329
0	560
1	984
1	435
1	555
0	616
1	467
1	328
1	221
1	92
1	955
1	942
0	165
0	473
1	147
1	602
1	518
1	843
1	622
0	684
1	799
0	282
1	839
0	664
1	784
1	723
0	736
1	632
1	663
1	988
0	937
1	969
1	618
0	346
0	114
1	694
0	184
1	456
1	510
1	523
0	278
1	995
0	581
1	493
1	79
1	464
1	792
1	991
1	646
1	346
1	590
0	996
1	219
1	513
0	82
0	782
1	6
0	619
1	620
1	40
0	598
0	328
1	853
1	922
1	85
1	729
1	549
1	416
1	132
1	500
1	732
1	465
0	152
1	438
0	314
0	870
1	312
1	591
1	173
0	9
0	88
1	422
1	295
1	522
1	730
1	17
1	373
1	402
0	257
1	561
1	806
1	867
1	683
1	742
1	540
1	645
1	755
1	186
1	955
1	610
0	722
1	121
0	131
1	277
1	872
1	513
0	161
1	437
1	267
1	875
1	451
1	144
1	226
0	937
0	995
0	379
1	874
0	813
1	730
0	847
0	880
1	692
1	620
1	796
1	334
1	131
1	726
1	657
1	774
1	737
1	157
1	960
1	86
1	505
1	422
1	224
0	664
0	442
1	604
0	176
1	565
1	8
1	449
1	789
0	36
1	227
1	406
1	935
1	2
1	487
1	633
1	574
1	350
1	696
1	126
1	105
1	588
0	274
1	368
1	28
0	246
0	962
1	722
1	268
1	501
1	48
0	898
0	245
0	168
0	949
0	395
0	358
1	981
1	758
1	372
1	306
1	689
1	335
1	32
1	161
1	863
1	274
0	920
0	860
0	52
0	122
0	946
0	26
0	68
0	28
0	33
1	9
1	37
0	48
1	80
0	38
0	51
0	7
0	18
0	75
1	53
0	81
0	5
0	13
1	40
0	48
0	43
1	12
0	49
0	58
0	75
0	80
0	78
0	15
0	63
1	36
0	75
0	21
0	73
0	56
1	13
0	77
0	53
0	22
0	47
0	57
0	15
1	2
1	68
0	64
0	37
1	2
0	62
1	11
1	13
1	33
0	21
1	48
0	32
1	36
0	50
0	25
0	35
0	45
1	44
0	65
1	61
0	30
1	18
1	68
1	81
1	48
1	5
0	67
1	20
0	75
1	35
0	34
1	64
1	18
1	23
1	77
1	19
0	35
0	38
0	56
1	4
1	25
1	5
0	1
0	29
1	15
1	51
0	14
0	31
1	59
0	48
0	68
0	17
1	64
0	28
0	9
0	37
0	55
1	65
0	69
0	76
0	3
0	42
0	34
0	5
1	53
1	29
1	22
0	77
0	30
0	77
0	73
1	40
0	51
1	65
0	74
0	20
0	69
0	33
0	40
1	94
0	64
0	40
0	17
1	84
1	16
1	23
1	35
1	87
0	20
0	54
0	69
1	92
0	21
0	69
1	92
0	21
0	69
1	92
0	21
0	89
0	35
0	89
0	35
0	89
0	35
0	17
0	65
0	17
0	65
0	17
0	65
0	97
1	51
1	4
1	71
0	14
1	11
0	44
1	93
1	85
0	54
0	9
1	18
1	39
1	20
1	89
0	97
1	51
1	4
1	71
0	97
1	51
1	4
1	71
0	87
1	37
0	89
1	96
0	57
0	87
1	37
0	89
1	96
0	57
0	87
1	37
0	89
1	96
0	57
1	84
1	84
1	63
1	84
1	63
1	84
1	63
1	60
1	84
1	63
1	60
1	85
1	85
1	0
1	85
1	0
1	85
1	0
1	26
1	85
1	0
1	26
0	86
0	86
0	12
0	86
0	12
0	86
0	12
0	17
0	86
0	12
0	17
0	65
0	65
0	74
0	65
0	74
0	65
0	74
0	47
0	65
0	74
0	47
0	29
0	29
0	7
0	29
0	7
0	29
0	7
0	8
0	29
0	7
0	8
0	57
0	83
0	53
1	91
0	65
1	9
1	62
0	67
1	85
0	96
0	72
0	79
0	76
0	42
0	60
0	38
1	94
1	37
1	23
1	42
1	14
1	14
1	8
1	70
1	33
1	27
1	14
1	8
1	70
1	33
1	27
1	75
1	14
1	8
1	70
1	33
1	27
1	75
1	90
1	82
1	58
0	93
0	93
0	34
0	94
1	49
1	2
1	71
0	3
0	74
0	15
0	33
0	10
0	67
0	93
0	34
0	94
1	49
1	2
1	71
0	3
0	74
0	15
0	33
0	93
0	34
0	94
1	49
1	2
1	71
0	3
0	74
0	15
0	33
0	10
0	67
0	81
0	93
0	34
0	94
1	49
1	2
1	71
0	3
0	74
0	15
0	33
0	10
0	67
0	81
0	93
0	34
0	94
1	49
1	2
1	71
0	3
0	74
0	15
0	33
0	10
0	67
0	27
0	27
0	98
0	49
0	9
0	50
0	27
0	98
0	49
0	9
0	50
0	3
0	27
0	98
0	49
0	9
0	50
0	3
0	10
0	58
0	81
1	93
1	93
1	87
1	84
0	69
1	76
1	64
1	17
1	93
1	87
1	84
0	69
1	76
1	64
1	17
1	93
1	87
1	84
0	69
1	76
1	64
1	17
1	10
1	54
1	36
0	95
1	44
0	75
1	67
0	37
1	49
0	73
1	34
1	91
1	3
1	93
1	87
1	84
0	69
1	76
1	64
1	17
1	10
1	54
1	36
0	95
1	44
0	75
1	67
0	37
1	49
0	73
1	34
1	91
1	3
1	62
1	93
1	87
1	84
0	69
1	76
1	64
1	17
1	10
1	54
1	36
0	95
1	44
0	75
1	67
0	37
1	49
0	73
1	34
1	91
1	3
1	62
1	1
1	1
0	92
0	49
1	33
0	45
0	17
0	68
1	1
0	92
0	49
1	33
0	45
0	17
0	68
0	90
1	1
0	92
0	49
1	33
0	45
0	17
0	68
0	90
1	83
1	85
0	15
0	34
0	73
0	54
0	12
0	59
0	39
1	1
0	92
0	49
1	33
0	45
0	17
0	68
0	90
1	83
1	85
0	15
0	34
0	73
0	54
1	1
0	92
0	49
1	33
0	45
0	17
0	68
0	90
1	83
1	85
0	15
0	34
0	73
0	54
0	8
0	8
0	78
0	74
0	52
0	24
0	8
0	78
0	74
0	52
0	24
0	39
0	8
0	78
0	74
0	52
0	24
0	39
0	61
0	98
0	15
0	72
0	8
0	78
0	74
0	52
0	24
0	39
0	61
0	98
0	15
0	8
0	78
0	74
0	52
0	24
0	39
0	61
0	98
0	15
0	72
1	45
1	45
1	6
1	23
1	26
0	78
1	82
1	28
1	45
1	6
1	23
1	26
0	78
1	82
1	28
1	45
1	6
1	23
1	26
0	78
1	82
1	28
0	43
0	96
1	86
0	11
1	15
1	64
1	97
1	85
1	75
1	58
1	45
1	6
1	23
1	26
0	78
1	82
1	28
0	43
0	96
1	86
0	11
1	15
1	64
1	97
1	85
1	45
1	6
1	23
1	26
0	78
1	82
1	28
0	43
0	96
1	86
0	11
1	15
1	64
1	97
1	85
1	75
1	58
0	92
0	92
0	71
1	82
0	7
0	53
0	60
0	92
0	71
1	82
0	7
0	53
0	60
0	58
0	92
0	71
1	82
0	7
0	53
0	60
0	58
0	65
0	64
0	38
0	92
0	71
1	82
0	7
0	53
0	60
0	58
0	65
0	64
0	38
0	92
0	71
1	82
0	7
0	53
0	60
0	58
0	65
0	64
0	38
1	36
0	5
1	32
0	18
0	76
1	31
1	70
1	30
0	14
0	84
0	0
0	69
1	22
0	9
0	10
0	99
0	34
0	8
0	49
0	68
0	73
0	17
0	21
0	37
0	2
0	16
0	46
0	30
0	62
1	68
0	40
0	62
1	30
0	49
1	21
0	91
0	15
0	53
1	5
0	36
1	4
0	10
0	37
1	30
1	49
0	54
0	9
0	77
0	74
1	37
1	75
0	31
1	18
1	69
1	19
1	70
1	90
0	45
1	72
0	77
1	51
1	92
1	54
0	29
0	45
0	34
1	51
1	36
0	9
0	50
1	39
1	75
0	21
0	46
1	4
1	20
0	60
1	64
1	98
0	99
1	71
1	66
1	61
1	91
1	29
0	56
1	57
0	31
1	89
0	67
0	1
0	29
0	54
0	7
0	69
0	24
0	49
0	47
0	67
0	25
1	74
1	56
0	45
0	89
0	53
0	27
0	33
0	88
0	18
1	30
1	49
1	16
1	82
1	68
0	51
1	40
1	21
1	71
0	1
0	95
1	33
0	9
1	42
1	12
1	98
1	14
0	84
0	18
0	19
0	39
1	43
0	8
1	91
0	70
1	68
1	9
0	60
0	6
1	91
0	70
1	68
1	9
0	60
0	6
1	91
0	70
1	68
1	9
0	60
0	6
1	91
0	70
1	68
1	9
0	60
0	6
1	36
1	66
1	70
0	37
0	1
0	93
0	34
1	48
1	40
0	31
0	15
0	32
0	83
1	91
0	60
0	52
1	27
0	20
1	36
0	18
1	77
1	48
0	63
0	30
1	82
1	96
1	40
1	67
1	35
1	42
1	64
1	52
1	28
1	92
0	54
0	90
0	63
1	69
1	77
1	67
1	0
0	13
0	78
0	24
0	27
0	52
0	39
0	84
0	31
0	63
1	62
0	6
1	46
0	45
0	59
1	11
1	30
1	44
1	3
0	48
0	53
0	89
0	37
1	69
0	61
0	18
1	88
1	51
0	31
1	1
1	17
0	61
1	30
1	91
0	55
1	22
1	6
0	49
1	80
1	42
1	13
0	89
0	67
1	5
0	97
1	87
0	19
0	46
0	43
1	67
1	36
1	40
0	39
0	54
0	37
1	89
0	51
1	30
0	3
0	78
0	70
1	0
0	65
0	16
0	30
0	52
1	1
0	81
0	3
0	11
0	53
1	61
1	86
1	29
1	52
1	15
0	82
1	64
0	20
0	84
0	90
0	34
1	86
0	17
1	45
1	13
1	37
0	33
1	43
1	68
1	91
1	46
