1	121
1	121
1	585
1	391
0	654
0	654
1	178
0	654
1	178
0	472
0	429
0	566
0	25
0	204
1	102
1	102
1	641
1	330
1	208
1	208
0	854
0	582
1	462
1	414
1	208
0	854
0	582
1	462
1	414
1	299
1	208
0	854
0	582
1	462
1	414
1	299
0	448
0	309
1	262
1	549
1	68
1	208
0	854
0	582
1	462
1	414
1	299
0	448
0	309
1	262
1	549
1	68
1	205
1	208
0	854
0	582
1	462
1	414
1	299
0	448
0	309
1	262
1	549
1	68
1	205
1	208
0	854
0	582
1	462
1	414
1	299
0	448
0	309
1	262
1	549
1	68
1	205
1	705
1	208
0	854
0	582
1	462
1	414
1	299
0	448
0	309
1	262
1	549
1	68
1	205
1	705
1	529
0	246
0	246
1	624
1	592
1	452
0	246
1	624
1	592
1	452
1	164
0	246
1	624
1	592
1	452
1	164
1	67
0	246
1	624
1	592
1	452
1	164
1	67
0	34
1	420
1	588
0	246
1	624
1	592
1	452
1	164
1	67
0	34
1	420
1	588
0	246
1	624
1	592
1	452
1	164
1	67
0	34
1	420
1	588
0	246
1	624
1	592
1	452
1	164
1	67
0	34
1	420
1	588
1	531
1	589
1	840
1	397
1	809
1	809
0	589
1	233
1	969
1	809
0	589
1	233
1	969
0	604
1	22
0	898
0	496
1	609
1	537
1	802
1	809
0	589
1	233
1	969
0	604
1	22
0	898
0	496
1	609
1	537
1	802
1	809
0	589
1	233
1	969
0	604
1	22
0	898
0	496
1	609
1	537
1	802
1	878
1	809
0	589
1	233
1	969
0	604
1	22
0	898
0	496
1	609
1	537
1	802
1	878
1	809
0	589
1	233
1	969
0	604
1	22
0	898
0	496
1	609
1	537
1	802
1	878
0	911
1	803
1	752
1	17
1	809
0	589
1	233
1	969
0	604
1	22
0	898
0	496
1	609
1	537
1	802
1	878
0	911
1	803
1	752
1	980
1	980
1	883
0	346
1	125
1	980
1	883
0	346
1	125
1	864
1	980
1	883
0	346
1	125
1	864
1	31
1	980
1	883
0	346
1	125
1	864
1	31
0	261
1	989
0	32
1	730
1	121
0	677
1	650
0	317
1	284
0	408
1	175
1	980
1	883
0	346
1	125
1	864
1	31
0	261
1	989
0	32
1	730
1	121
0	677
1	650
0	317
1	284
0	408
1	175
1	600
1	980
1	883
0	346
1	125
1	864
1	31
0	261
1	989
0	32
1	730
1	121
0	677
1	650
0	317
1	284
0	408
1	175
1	600
1	980
1	883
0	346
1	125
1	864
1	31
0	261
1	989
0	32
1	730
1	121
0	677
1	650
0	317
1	284
0	408
1	175
1	600
1	695
1	182
1	370
1	370
1	76
0	283
1	664
1	370
1	76
0	283
1	664
1	440
1	370
1	76
0	283
1	664
1	440
0	216
1	895
0	95
1	889
0	940
1	803
1	941
1	370
1	76
0	283
1	664
1	440
0	216
1	895
0	95
1	889
0	940
1	803
1	941
1	370
1	76
0	283
1	664
1	440
0	216
1	895
0	95
1	889
0	940
1	803
1	941
1	370
1	76
0	283
1	664
1	440
0	216
1	895
0	95
1	889
0	940
1	803
1	941
1	370
1	76
0	283
1	664
1	440
0	216
1	895
0	95
1	889
0	940
1	803
1	941
0	274
1	175
1	414
1	619
1	619
0	35
1	943
1	423
1	619
0	35
1	943
1	423
1	929
0	186
1	217
1	619
0	35
1	943
1	423
1	929
0	186
1	217
1	420
1	619
0	35
1	943
1	423
1	929
0	186
1	217
1	420
1	619
0	35
1	943
1	423
1	929
0	186
1	217
1	420
1	619
0	35
1	943
1	423
1	929
0	186
1	217
1	420
1	619
0	35
1	943
1	423
1	929
0	186
1	217
1	420
1	6
1	886
1	529
1	575
1	842
1	506
1	506
1	630
1	567
1	506
1	630
1	567
1	998
1	506
1	630
1	567
1	998
1	813
1	506
1	630
1	567
1	998
1	813
1	205
1	506
1	630
1	567
1	998
1	813
1	205
1	506
1	630
1	567
1	998
1	813
1	205
1	506
1	630
1	567
1	998
1	813
1	205
1	795
0	9
0	371
0	966
1	860
0	474
1	574
1	710
1	383
1	47
1	47
0	335
1	103
0	303
1	486
1	969
1	47
0	335
1	103
0	303
1	486
1	969
1	47
0	335
1	103
0	303
1	486
1	969
0	327
0	121
1	112
0	576
1	803
1	853
1	790
1	47
0	335
1	103
0	303
1	486
1	969
0	327
0	121
1	112
0	576
1	803
1	853
1	790
1	679
1	47
0	335
1	103
0	303
1	486
1	969
0	327
0	121
1	112
0	576
1	803
1	853
1	790
1	679
1	47
0	335
1	103
0	303
1	486
1	969
0	327
0	121
1	112
0	576
1	803
1	853
1	790
1	679
1	47
0	335
1	103
0	303
1	486
1	969
0	327
0	121
1	112
0	576
1	803
1	853
1	790
1	679
1	537
1	537
1	308
1	381
1	537
1	308
1	381
1	747
1	537
1	308
1	381
1	747
1	251
1	537
1	308
1	381
1	747
1	251
0	480
1	195
1	537
1	308
1	381
1	747
1	251
0	480
1	195
1	537
1	308
1	381
1	747
1	251
0	480
1	195
1	666
1	537
1	308
1	381
1	747
1	251
0	480
1	195
1	666
1	255
1	242
1	204
0	627
1	375
1	82
1	858
1	858
0	209
1	65
1	366
1	858
0	209
1	65
1	366
1	431
1	858
0	209
1	65
1	366
1	431
1	452
1	858
0	209
1	65
1	366
1	431
1	452
1	161
1	858
0	209
1	65
1	366
1	431
1	452
1	161
1	858
0	209
1	65
1	366
1	431
1	452
1	161
1	83
1	858
0	209
1	65
1	366
1	431
1	452
1	161
1	83
0	746
0	933
1	113
1	337
1	149
1	615
1	428
0	681
1	726
1	599
1	364
1	751
0	451
0	898
1	805
0	711
1	893
0	633
0	83
0	256
0	126
1	185
0	954
1	344
1	126
0	246
0	863
1	37
0	990
1	188
1	326
1	133
0	880
0	752
1	777
0	685
0	830
0	668
0	710
1	104
1	855
1	32
0	446
0	467
0	707
0	615
0	263
1	495
0	909
0	387
0	515
1	294
1	351
0	248
0	293
1	951
0	317
0	106
1	753
0	445
0	163
0	579
1	766
0	883
0	323
1	180
0	422
1	487
0	895
0	672
1	412
0	15
0	789
0	10
0	18
0	975
1	131
1	570
0	701
1	752
1	482
0	852
0	139
0	966
1	271
0	615
0	67
1	970
1	75
0	810
1	994
0	617
0	936
1	33
1	934
0	585
0	54
1	556
1	288
1	605
0	707
0	277
1	401
1	648
1	817
0	540
0	610
0	338
1	291
1	756
1	592
0	1
0	549
1	191
0	456
1	833
0	356
0	20
1	797
1	817
0	359
0	426
1	269
0	995
0	517
0	439
1	968
1	739
1	187
0	489
0	338
0	292
0	145
1	650
0	204
0	355
0	731
1	151
1	912
1	645
1	788
1	35
1	967
0	541
1	791
0	511
1	931
0	145
0	84
1	861
1	968
0	684
1	494
1	199
0	33
1	524
0	420
1	716
1	903
1	840
1	161
0	788
1	73
1	917
0	603
1	622
1	590
1	652
1	571
1	299
1	983
0	860
1	937
1	213
1	186
1	99
1	911
1	270
1	975
1	478
0	505
1	530
1	727
1	396
1	970
1	415
1	79
1	175
1	901
1	822
1	116
1	467
0	357
1	404
1	189
1	352
0	650
1	496
0	641
0	455
1	888
1	678
0	728
1	902
1	83
0	592
0	480
1	395
0	845
0	664
1	681
0	777
0	418
1	68
0	199
1	620
1	614
1	608
0	432
1	613
1	364
1	275
1	250
0	155
0	603
1	77
1	868
1	766
0	230
0	505
0	94
1	291
0	661
0	880
0	651
1	909
1	962
1	448
0	517
1	155
1	911
0	812
0	948
1	778
1	155
1	745
0	460
1	639
1	782
1	216
0	93
1	482
0	476
1	957
1	932
1	16
1	910
0	226
0	244
0	746
0	553
0	192
1	216
1	467
1	366
1	73
1	370
1	602
1	719
1	609
1	472
0	626
1	192
0	737
0	262
0	975
0	679
0	688
1	207
1	837
1	549
1	41
1	190
0	814
1	615
0	772
1	769
1	312
1	88
1	604
1	255
0	923
1	401
1	13
0	593
1	826
1	968
0	835
1	96
1	813
1	882
1	734
1	427
1	660
0	788
0	68
1	541
1	396
1	609
1	329
0	154
1	755
0	260
1	57
0	458
0	956
0	876
1	885
1	239
1	466
1	605
0	774
0	16
1	433
1	641
1	614
1	118
0	365
0	249
1	929
0	228
0	748
1	274
0	245
1	183
0	606
1	660
1	119
1	483
1	800
1	507
1	684
1	404
1	849
0	459
1	956
1	765
1	902
1	871
0	934
0	761
1	478
1	599
0	987
0	695
0	890
1	638
1	769
1	377
1	840
1	756
0	138
0	340
1	998
0	308
0	640
0	323
1	708
1	32
1	65
1	591
1	129
0	357
1	810
1	719
1	711
1	17
1	411
0	684
1	912
1	445
1	334
0	187
0	551
0	782
1	966
1	117
1	416
1	451
0	753
1	950
1	129
0	524
0	483
1	692
1	414
1	857
1	462
1	210
1	70
1	216
1	571
0	4
1	9
1	77
0	36
1	49
0	63
1	11
0	19
0	62
0	14
0	43
1	78
0	72
1	53
1	38
0	21
1	20
0	39
1	79
1	42
1	10
0	32
0	66
0	69
0	9
0	65
0	66
1	73
1	0
0	74
1	27
0	65
1	53
0	42
0	17
0	14
0	0
0	20
1	55
1	69
0	47
0	2
1	77
1	48
1	80
0	13
1	36
1	20
0	24
0	76
0	25
0	12
0	44
1	60
1	51
1	53
0	32
1	69
0	73
0	75
0	38
0	22
1	46
0	28
0	7
1	14
0	79
0	58
1	71
0	43
0	80
1	10
0	78
1	18
1	0
1	42
0	54
1	6
0	19
1	2
1	81
1	26
0	59
0	40
0	72
1	29
0	77
0	74
0	53
1	41
1	3
1	80
1	18
1	75
1	5
1	26
0	78
1	58
1	36
1	67
1	57
1	80
1	61
1	62
1	37
1	26
0	23
1	50
1	38
1	47
0	56
1	40
0	41
0	75
1	73
1	22
0	61
0	4
1	36
1	77
0	47
0	50
0	74
1	56
0	72
1	68
0	19
1	8
0	24
0	58
0	42
1	27
0	47
0	13
0	10
0	73
1	55
0	25
0	6
0	31
1	62
1	28
1	82
1	23
1	69
0	4
0	73
1	65
1	25
1	59
1	29
1	36
1	56
1	68
1	157
0	60
1	104
1	16
0	21
0	35
1	138
1	33
1	110
0	40
1	29
1	156
1	30
0	9
1	144
0	47
1	77
1	11
1	141
1	73
1	143
1	87
1	126
0	6
1	120
1	88
1	5
0	109
0	106
1	5
1	56
1	68
1	147
1	15
0	119
1	46
0	80
0	106
0	163
0	111
0	58
0	112
0	86
1	84
0	161
0	138
0	82
1	107
0	120
0	132
0	1
0	17
0	4
0	59
0	38
0	43
1	16
1	31
0	34
0	4
1	57
0	23
0	49
0	36
0	64
0	63
0	10
0	6
1	11
1	72
1	3
1	36
1	29
1	57
0	22
0	35
0	7
0	16
1	11
1	55
1	73
1	38
1	25
1	17
1	1
1	11
0	72
0	26
1	39
1	7
0	15
0	73
0	69
1	28
1	9
0	55
0	73
1	39
0	12
0	54
0	83
1	70
1	41
1	61
1	1
1	61
1	1
1	61
1	1
1	43
1	82
1	43
1	82
1	43
1	82
1	55
0	77
0	52
0	58
1	55
0	77
0	52
0	58
1	55
0	77
0	52
0	58
0	18
0	36
0	10
0	14
0	10
0	14
0	10
0	14
1	81
0	93
1	27
1	92
0	82
0	90
1	16
1	17
1	87
1	81
0	93
1	27
1	92
1	81
0	93
1	27
1	92
0	82
0	90
1	16
1	17
1	87
0	83
0	83
0	87
0	83
0	87
0	83
0	87
1	35
1	25
0	48
1	65
1	30
0	3
1	71
1	11
1	57
1	17
1	8
1	32
0	29
1	67
0	26
1	7
1	68
0	83
0	87
1	35
1	25
0	48
1	65
1	30
0	3
1	71
1	11
1	57
1	17
1	8
1	32
0	29
1	67
0	26
1	7
1	68
1	81
1	81
1	19
1	81
1	19
1	81
1	19
1	50
1	81
1	19
1	50
0	89
0	89
0	93
0	89
0	93
0	89
0	93
0	57
0	89
0	93
0	57
0	71
0	71
1	42
0	88
0	71
1	42
0	88
1	17
1	10
1	32
0	71
1	42
0	88
1	17
1	10
0	71
1	42
0	88
1	17
1	10
1	32
0	45
0	45
1	16
0	74
0	45
1	16
0	74
0	45
1	16
0	74
0	43
0	45
1	16
0	74
0	43
0	10
1	85
1	84
0	62
1	24
0	0
1	96
0	95
0	32
1	70
0	35
1	80
1	40
1	38
1	57
0	8
1	19
1	15
1	5
1	89
0	41
1	56
0	51
1	77
0	0
1	75
1	94
0	20
0	88
1	65
1	36
0	46
1	76
0	62
1	40
1	31
0	57
1	93
0	86
0	47
0	12
1	13
1	66
1	97
0	41
0	41
0	81
0	96
1	27
0	48
1	98
0	2
0	88
0	76
0	41
0	81
0	96
1	27
0	48
1	98
0	2
0	88
0	41
0	81
0	96
1	27
0	48
1	98
0	2
0	88
0	76
0	47
0	13
0	48
0	48
0	78
1	7
0	96
0	19
0	65
0	48
0	78
1	7
0	96
0	19
0	65
0	29
0	6
0	48
0	78
1	7
0	96
0	19
0	65
0	29
0	6
0	5
0	52
0	39
0	48
0	78
1	7
0	96
0	19
0	65
0	29
0	6
0	5
0	52
0	48
0	78
1	7
0	96
0	19
0	65
0	29
0	6
0	5
0	52
0	39
0	15
0	15
1	64
0	48
1	91
1	93
1	22
1	14
0	15
1	64
0	48
1	91
1	93
1	22
1	14
1	65
0	15
1	64
0	48
1	91
1	93
1	22
1	14
1	65
0	11
0	92
0	92
0	53
1	12
1	30
1	48
0	59
1	88
0	5
0	81
0	26
0	92
0	53
1	12
1	30
1	48
0	59
1	88
0	5
0	81
0	26
0	87
0	97
0	14
0	91
0	92
0	53
1	12
1	30
1	48
0	59
1	88
0	5
0	81
0	26
0	87
0	97
0	14
0	92
0	53
1	12
1	30
1	48
0	59
1	88
0	5
0	81
0	26
0	87
0	97
0	14
0	91
0	92
0	53
1	12
1	30
1	48
0	59
1	88
0	5
0	81
0	26
0	87
0	97
0	14
0	91
0	82
0	82
1	71
1	98
0	19
0	14
0	11
0	56
0	82
1	71
1	98
0	19
0	14
0	11
0	56
0	79
0	82
1	71
1	98
0	19
0	14
0	11
0	56
0	79
1	88
0	67
1	61
0	7
1	17
0	48
1	69
1	20
0	40
0	85
0	89
0	22
0	80
0	81
0	76
0	82
1	71
1	98
0	19
0	14
0	11
0	56
0	79
1	88
0	67
1	61
0	7
1	17
0	48
1	69
1	20
0	40
0	85
0	89
0	22
0	82
1	71
1	98
0	19
0	14
0	11
0	56
0	79
1	88
0	67
1	61
0	7
1	17
0	48
1	69
1	20
0	40
0	85
0	89
0	22
0	80
0	81
0	76
1	94
1	94
1	74
1	59
1	42
0	54
1	20
1	94
1	74
1	59
1	42
0	54
1	20
0	66
0	82
0	30
1	88
1	62
1	34
1	16
1	94
1	74
1	59
1	42
0	54
1	20
0	66
0	82
0	30
1	88
1	62
1	94
1	74
1	59
1	42
0	54
1	20
0	66
0	82
0	30
1	88
1	62
1	34
1	94
1	74
1	59
1	42
0	54
1	20
0	66
0	82
0	30
1	88
1	62
1	34
1	16
1	46
1	38
1	55
1	55
1	73
1	58
1	69
1	87
1	55
1	73
1	58
1	69
1	87
1	64
1	55
1	73
1	58
1	69
1	87
1	64
0	97
1	2
0	86
1	83
1	88
1	80
1	55
1	73
1	58
1	69
1	87
1	64
0	97
1	2
0	86
1	83
1	88
1	80
1	55
1	73
1	58
1	69
1	87
1	64
0	97
1	2
0	86
1	83
1	88
1	80
0	33
0	33
0	53
0	65
1	46
0	16
0	95
0	33
0	53
0	65
1	46
0	16
0	95
0	41
0	33
0	53
0	65
1	46
0	16
0	95
0	41
1	96
0	43
0	68
0	15
1	61
0	34
0	4
0	33
0	53
0	65
1	46
0	16
0	95
0	41
1	96
0	43
0	68
0	15
1	61
0	34
0	4
0	33
0	53
0	65
1	46
0	16
0	95
0	41
1	96
0	43
0	68
0	15
1	61
0	34
0	4
0	28
1	38
0	93
0	18
1	59
1	39
1	60
1	48
1	13
1	98
1	51
1	93
1	1
1	91
1	85
0	49
1	69
1	36
1	97
1	76
1	60
0	30
0	8
0	74
0	42
0	29
0	46
0	27
1	28
1	18
1	60
0	72
0	21
0	15
0	39
0	81
0	32
0	44
1	96
0	84
0	75
0	69
0	16
0	73
1	88
0	82
1	51
0	79
0	89
0	24
1	18
1	63
1	6
1	36
1	66
1	35
0	40
1	64
1	3
1	89
1	85
1	43
1	81
0	72
0	40
1	16
0	73
1	85
0	83
0	95
0	37
0	40
0	1
1	53
1	60
1	94
0	92
0	81
0	58
1	37
0	34
0	90
0	41
0	42
0	13
1	0
0	42
0	16
0	59
0	79
0	87
1	88
1	45
1	98
1	24
0	46
0	26
1	12
1	25
0	2
1	87
1	26
1	32
0	17
1	90
0	11
1	96
0	89
0	9
0	23
0	17
1	90
0	11
1	96
0	89
0	9
0	23
0	17
1	90
0	11
1	96
0	89
0	9
0	23
0	17
1	90
0	11
1	96
0	89
0	9
0	23
1	20
0	51
0	59
1	64
1	39
1	86
0	55
0	46
1	74
1	60
0	24
1	33
1	16
1	31
1	44
0	32
1	64
0	68
0	14
0	9
0	67
1	16
1	7
1	46
1	41
1	38
1	11
1	95
0	55
0	65
0	89
0	83
0	33
0	25
0	30
0	69
0	7
0	88
1	1
0	90
1	81
0	92
1	57
1	86
0	55
1	26
1	73
0	0
0	30
0	58
0	80
0	12
0	8
0	30
1	33
0	38
0	36
0	84
1	68
1	40
1	2
1	12
1	25
0	84
0	56
0	63
0	32
0	8
0	96
0	73
0	58
0	15
0	16
0	58
1	54
0	99
1	13
0	71
1	51
0	89
0	57
0	16
1	53
1	11
0	61
0	22
1	39
0	6
0	28
1	37
0	30
1	73
0	0
1	42
0	12
1	76
1	38
1	24
0	58
1	29
1	21
0	87
0	93
0	61
1	52
1	20
1	58
1	71
1	46
