0	135
0	135
0	193
0	310
1	794
1	794
0	109
1	794
0	109
0	819
1	312
0	482
0	740
0	887
1	943
1	943
0	643
1	680
1	311
1	448
1	448
1	379
0	34
1	791
1	448
1	379
0	34
1	791
1	242
1	448
1	379
0	34
1	791
1	242
0	453
1	160
1	32
1	448
1	379
0	34
1	791
1	242
0	453
1	160
1	32
1	448
1	379
0	34
1	791
1	242
0	453
1	160
1	32
1	448
1	379
0	34
1	791
1	242
0	453
1	160
1	32
1	448
1	379
0	34
1	791
1	242
0	453
1	160
1	32
0	890
0	985
0	691
0	818
1	799
1	41
1	951
1	346
1	413
1	465
0	720
0	720
1	641
1	275
1	787
0	720
1	641
1	275
1	787
1	446
0	720
1	641
1	275
1	787
1	446
1	692
0	720
1	641
1	275
1	787
1	446
1	692
1	838
0	720
1	641
1	275
1	787
1	446
1	692
1	838
0	720
1	641
1	275
1	787
1	446
1	692
1	838
0	720
1	641
1	275
1	787
1	446
1	692
1	838
1	694
1	734
0	325
1	208
1	305
1	972
0	927
0	927
1	988
0	162
1	97
1	476
0	927
1	988
0	162
1	97
1	476
1	559
0	927
1	988
0	162
1	97
1	476
1	559
1	331
0	927
1	988
0	162
1	97
1	476
1	559
1	331
1	470
0	927
1	988
0	162
1	97
1	476
1	559
1	331
1	470
0	927
1	988
0	162
1	97
1	476
1	559
1	331
1	470
0	927
1	988
0	162
1	97
1	476
1	559
1	331
1	470
1	807
1	880
1	728
0	84
1	796
1	891
1	453
1	453
0	196
1	393
1	398
1	453
0	196
1	393
1	398
1	9
1	634
1	453
0	196
1	393
1	398
1	9
1	634
1	453
0	196
1	393
1	398
1	9
1	634
1	171
1	453
0	196
1	393
1	398
1	9
1	634
1	171
1	453
0	196
1	393
1	398
1	9
1	634
1	171
1	453
0	196
1	393
1	398
1	9
1	634
1	171
1	167
1	689
1	7
1	554
0	225
0	741
1	318
0	836
1	372
1	499
1	698
1	135
1	674
1	210
1	210
0	304
1	327
1	755
1	210
0	304
1	327
1	755
1	337
1	210
0	304
1	327
1	755
1	337
1	510
1	210
0	304
1	327
1	755
1	337
1	510
1	995
1	210
0	304
1	327
1	755
1	337
1	510
1	995
1	210
0	304
1	327
1	755
1	337
1	510
1	995
0	964
0	310
1	495
1	266
1	221
1	177
1	210
0	304
1	327
1	755
1	337
1	510
1	995
0	964
0	310
1	495
1	266
1	221
1	177
1	270
1	270
0	229
1	264
1	408
1	270
0	229
1	264
1	408
1	434
1	645
1	270
0	229
1	264
1	408
1	434
1	645
1	270
0	229
1	264
1	408
1	434
1	645
1	796
1	270
0	229
1	264
1	408
1	434
1	645
1	796
1	270
0	229
1	264
1	408
1	434
1	645
1	796
1	398
1	270
0	229
1	264
1	408
1	434
1	645
1	796
1	398
1	694
0	235
0	695
1	222
1	849
0	896
1	861
1	765
1	990
1	682
1	682
0	849
0	169
0	671
1	682
0	849
0	169
0	671
1	651
0	387
1	883
1	757
1	985
1	682
0	849
0	169
0	671
1	651
0	387
1	883
1	757
1	985
1	722
1	622
1	682
0	849
0	169
0	671
1	651
0	387
1	883
1	757
1	985
1	682
0	849
0	169
0	671
1	651
0	387
1	883
1	757
1	985
1	682
0	849
0	169
0	671
1	651
0	387
1	883
1	757
1	985
1	722
1	682
0	849
0	169
0	671
1	651
0	387
1	883
1	757
1	985
1	722
1	622
0	229
1	255
0	616
1	154
1	536
1	339
1	52
0	445
0	445
1	541
1	597
0	673
1	996
1	965
0	445
1	541
1	597
0	673
1	996
1	965
0	445
1	541
1	597
0	673
1	996
1	965
0	186
1	889
1	506
0	445
1	541
1	597
0	673
1	996
1	965
0	186
1	889
1	506
1	290
0	445
1	541
1	597
0	673
1	996
1	965
0	186
1	889
1	506
1	290
0	445
1	541
1	597
0	673
1	996
1	965
0	186
1	889
1	506
1	290
0	445
1	541
1	597
0	673
1	996
1	965
0	186
1	889
1	506
1	290
1	386
1	111
0	298
1	262
1	185
1	886
1	886
0	32
1	524
0	885
1	25
0	577
1	863
1	756
1	886
0	32
1	524
0	885
1	25
0	577
1	863
1	756
1	886
0	32
1	524
0	885
1	25
0	577
1	863
1	756
1	166
1	886
0	32
1	524
0	885
1	25
0	577
1	863
1	756
1	166
1	886
0	32
1	524
0	885
1	25
0	577
1	863
1	756
1	886
0	32
1	524
0	885
1	25
0	577
1	863
1	756
1	166
1	886
0	32
1	524
0	885
1	25
0	577
1	863
1	756
1	166
1	172
1	587
1	736
1	232
1	396
1	396
1	711
0	577
1	1
1	396
1	711
0	577
1	1
0	573
1	186
1	906
1	913
1	396
1	711
0	577
1	1
0	573
1	186
1	906
1	396
1	711
0	577
1	1
0	573
1	186
1	906
1	913
1	396
1	711
0	577
1	1
0	573
1	186
1	906
1	913
1	396
1	711
0	577
1	1
0	573
1	186
1	906
1	913
1	396
1	711
0	577
1	1
0	573
1	186
1	906
1	913
1	351
1	482
1	57
1	944
1	669
0	288
1	666
0	772
1	670
1	851
1	809
1	421
1	884
0	158
1	470
1	301
0	679
0	508
1	46
1	420
1	491
0	809
1	593
1	960
0	517
1	862
1	695
1	435
0	487
0	225
1	798
0	591
0	882
1	913
1	11
1	892
1	89
0	873
0	413
0	549
0	448
1	577
0	538
0	23
0	314
0	304
0	143
0	691
1	738
0	410
0	112
0	909
0	68
0	934
1	116
0	401
0	19
1	962
1	759
0	69
0	267
0	561
0	766
0	684
1	439
0	78
0	209
0	619
0	859
0	921
1	95
0	363
0	675
0	186
0	292
1	858
0	741
0	472
0	45
0	99
0	249
0	805
0	623
0	225
0	793
0	256
0	742
0	496
0	933
0	776
0	834
1	473
0	941
1	104
1	481
1	648
1	694
1	945
1	102
1	518
1	398
1	415
1	997
1	378
0	108
1	521
1	838
1	413
1	921
0	161
1	137
1	61
0	140
1	656
1	28
1	729
0	358
0	483
1	769
1	742
1	825
1	997
1	991
0	906
0	250
0	68
1	364
0	79
0	260
1	441
1	580
0	104
1	28
1	434
1	15
1	534
1	55
1	355
0	657
1	746
1	637
0	210
1	194
1	175
0	937
1	826
0	429
1	386
1	325
1	464
1	892
0	521
1	818
0	755
0	878
1	308
1	82
1	178
1	230
1	596
0	669
0	344
0	501
0	517
0	147
1	730
0	61
1	347
0	865
1	828
1	276
1	764
0	242
0	963
1	61
1	364
0	573
0	346
1	88
1	399
1	747
1	917
0	345
1	971
0	958
1	257
0	554
0	748
0	325
0	438
0	169
1	887
0	230
0	131
1	694
0	66
0	678
0	668
1	542
1	806
0	39
0	120
0	564
0	487
0	968
1	124
0	643
1	407
1	25
1	63
1	424
0	996
1	632
1	462
1	353
0	160
1	403
1	486
0	483
0	967
0	210
0	59
1	235
0	984
1	390
1	194
0	457
0	592
1	550
0	110
1	752
1	746
1	404
1	966
1	555
1	485
1	153
1	156
1	924
1	33
0	858
1	631
1	57
1	651
1	526
1	86
1	315
1	966
1	397
0	82
0	805
0	568
1	315
1	784
1	845
1	182
1	708
1	900
1	299
1	69
1	895
0	110
1	593
1	324
1	245
0	614
0	618
1	112
1	621
1	168
1	162
1	809
0	193
0	880
0	688
1	536
1	553
1	119
1	221
0	907
1	985
0	704
0	744
0	220
1	261
0	374
0	265
0	399
0	303
1	546
0	361
1	158
0	464
1	44
1	843
1	325
1	343
1	142
1	950
0	639
0	180
0	259
1	380
0	684
1	273
0	583
0	627
1	717
1	334
1	731
1	476
1	912
1	604
1	372
1	599
1	846
0	500
0	104
1	659
1	87
1	590
1	683
0	781
0	134
1	127
1	233
0	503
0	657
0	475
1	447
0	52
1	554
1	299
0	303
1	663
1	58
1	281
1	600
1	272
1	50
1	873
1	582
0	731
0	396
0	315
1	748
0	273
0	689
0	412
0	219
1	700
0	456
1	857
1	60
1	216
0	208
0	402
1	212
1	541
0	491
1	837
1	404
0	522
1	772
1	364
1	821
1	248
1	144
1	289
1	923
1	989
1	413
1	568
1	321
1	637
0	496
1	566
1	989
1	409
1	25
0	967
0	326
0	690
0	115
0	820
1	84
0	165
0	975
0	577
1	565
1	742
1	151
1	912
0	79
0	40
1	2
1	0
0	13
0	67
0	71
0	66
0	50
1	21
1	68
0	12
1	67
0	60
1	78
0	22
0	2
1	10
0	6
0	20
0	17
1	37
1	69
1	24
1	22
1	35
0	60
1	29
1	57
0	21
1	58
0	66
0	50
0	38
1	16
0	46
1	29
1	19
0	11
1	67
0	62
1	63
0	45
0	27
1	57
1	0
0	23
0	74
1	17
1	39
0	75
1	74
0	5
0	8
0	68
0	82
1	33
0	0
1	6
0	23
1	62
1	77
1	22
0	5
1	29
0	27
1	79
1	72
0	40
0	32
1	13
1	76
0	1
0	48
0	28
1	24
1	66
1	17
1	38
1	41
1	79
1	76
0	54
0	40
1	77
0	41
1	8
1	58
1	29
1	67
0	22
1	46
1	18
1	20
1	36
1	19
1	36
1	33
0	78
1	60
0	52
1	26
1	61
1	43
1	8
1	40
1	61
1	11
0	56
0	73
1	17
0	34
0	57
1	24
1	14
0	15
1	47
0	81
1	46
0	33
0	27
0	69
1	37
1	55
1	64
1	7
1	72
1	136
1	10
0	128
1	72
1	139
0	72
0	100
0	108
1	147
1	17
1	57
1	92
1	61
1	88
1	19
0	34
1	22
1	61
0	16
1	0
0	106
0	109
1	107
1	106
1	89
0	132
0	28
0	131
0	111
0	157
1	22
0	46
0	150
0	61
0	109
0	24
1	125
1	54
1	134
1	35
0	45
1	107
0	76
0	18
1	7
1	135
1	14
1	12
1	120
1	60
0	137
1	82
1	76
0	32
1	83
0	70
1	44
1	103
0	22
1	84
0	56
1	90
1	99
0	144
1	50
1	125
1	3
0	135
1	136
1	48
1	62
1	67
1	50
1	101
0	24
0	40
0	145
0	10
1	144
0	59
0	110
1	61
1	19
1	27
1	133
0	107
0	10
1	57
1	16
1	41
1	67
1	23
1	120
0	106
0	122
0	128
0	95
0	86
1	35
0	37
0	22
0	108
0	43
0	25
1	100
0	87
0	115
1	53
1	74
1	11
1	72
1	132
1	1
0	83
1	137
0	0
0	85
1	136
1	98
1	44
1	86
1	68
1	32
1	31
0	73
0	58
1	82
1	113
1	125
1	36
0	114
1	105
1	60
0	14
1	138
1	71
0	107
1	79
1	66
1	29
1	16
1	11
1	19
1	54
0	2
0	70
1	28
0	75
0	51
0	40
0	36
0	55
1	15
0	48
0	35
1	56
1	72
1	68
1	42
1	4
1	20
1	22
0	72
1	21
1	20
0	61
0	46
1	49
0	30
1	66
1	48
1	53
1	1
1	30
1	56
1	43
1	8
1	28
0	14
0	7
0	0
1	6
0	16
1	2
1	1
1	8
1	5
0	15
1	11
1	9
1	10
1	4
0	10
1	8
1	3
1	5
1	12
1	2
0	15
1	16
1	9
0	1
0	11
1	14
1	7
1	13
1	4
0	0
1	6
1	6
1	1
0	16
0	7
0	9
1	0
0	2
0	15
0	8
0	4
1	13
0	11
0	5
1	6
0	10
1	11
0	14
1	13
1	6
0	9
0	2
0	10
1	0
1	1
0	15
0	7
1	3
0	4
1	5
1	16
0	12
0	8
0	8
0	8
1	8
0	11
0	14
1	7
0	16
0	2
1	5
0	9
0	13
1	3
1	4
1	6
0	1
0	10
0	12
0	15
1	0
1	0
1	0
1	0
1	0
1	0
0	12
1	6
1	3
0	16
0	8
1	0
1	2
0	11
0	7
1	15
1	9
1	4
0	1
0	10
1	14
1	5
0	13
0	13
0	13
0	13
1	11
1	3
1	12
1	2
0	4
1	0
0	13
1	9
0	15
0	14
0	6
1	7
1	16
1	1
0	10
0	5
0	8
0	4
1	15
0	12
1	16
1	0
0	10
0	3
0	7
0	5
1	11
1	4
0	14
1	2
1	12
1	8
0	15
0	1
1	16
1	7
1	6
1	6
0	13
0	2
1	12
0	14
0	8
1	1
1	4
0	0
0	10
0	23
0	46
0	92
1	34
1	54
1	1
1	75
0	66
1	18
1	38
1	33
0	20
0	64
1	88
0	93
0	26
1	56
1	73
1	1
1	88
0	93
0	26
1	56
1	73
1	1
1	88
0	93
0	26
1	56
1	73
1	1
1	2
0	67
0	77
0	63
1	2
0	67
0	77
0	63
1	2
0	67
0	77
0	63
1	84
1	10
1	84
1	10
1	84
1	10
1	61
1	94
1	61
1	94
1	61
1	94
0	23
1	22
0	61
0	46
0	23
1	22
0	61
0	46
0	23
1	22
0	61
0	46
0	11
0	11
0	86
0	11
0	86
0	11
0	86
1	16
1	60
0	34
0	46
0	61
0	23
1	27
0	87
0	13
0	17
0	11
0	86
1	16
1	60
0	34
0	46
0	61
0	23
1	27
0	87
0	13
0	17
0	56
1	50
1	64
0	65
0	54
0	40
1	1
1	1
1	5
1	1
1	5
1	1
1	5
1	17
1	1
1	5
1	17
1	3
1	3
1	15
1	3
1	15
1	3
1	15
0	78
0	68
1	91
1	13
0	44
1	51
0	94
1	26
0	28
0	66
0	12
0	64
0	27
1	9
0	71
0	33
0	87
0	69
1	3
1	15
0	78
0	68
1	91
1	13
1	8
1	8
1	79
1	8
1	79
1	8
1	79
1	62
1	8
1	79
1	62
0	32
0	32
1	47
1	98
1	14
0	32
1	47
1	98
1	14
0	32
1	47
1	98
1	14
0	32
1	47
1	98
1	14
1	73
1	47
0	41
1	20
0	81
1	13
1	11
1	71
0	8
0	23
0	70
1	20
1	89
1	58
1	98
0	46
0	20
0	7
1	46
1	44
0	41
0	74
1	43
1	50
1	37
0	62
0	62
0	32
0	75
0	46
0	30
0	62
0	32
0	75
0	46
0	30
0	28
0	62
0	32
0	75
0	46
0	30
0	28
1	35
1	12
1	88
0	4
0	74
0	77
0	55
1	18
1	18
1	52
0	2
1	80
1	48
1	35
1	18
1	52
0	2
1	80
1	48
1	35
1	51
1	71
1	18
1	52
0	2
1	80
1	48
1	35
1	51
1	71
1	73
0	76
1	50
1	36
1	18
1	52
0	2
1	80
1	48
1	35
1	51
1	71
1	73
0	76
1	50
1	36
1	18
1	52
0	2
1	80
1	48
1	35
1	51
1	71
1	73
0	76
1	50
1	36
0	37
0	37
0	52
0	5
1	91
0	55
0	57
0	37
0	52
0	5
1	91
0	55
0	57
0	12
0	29
0	37
0	52
0	5
1	91
0	55
0	57
0	12
0	29
1	68
1	10
1	10
0	87
0	22
0	75
1	67
0	9
0	99
0	28
1	10
0	87
0	22
0	75
1	67
0	9
0	99
0	28
1	10
0	87
0	22
0	75
1	67
0	9
0	99
0	28
0	48
0	24
0	15
1	10
0	87
0	22
0	75
1	67
0	9
0	99
0	28
0	48
0	24
0	15
0	26
1	10
0	87
0	22
0	75
1	67
0	9
0	99
0	28
0	48
0	24
0	15
0	26
0	13
0	13
0	61
0	36
0	0
0	40
0	13
0	61
0	36
0	0
0	40
0	58
0	13
0	61
0	36
0	0
0	40
0	58
0	73
1	25
0	87
0	19
0	28
0	13
0	61
0	36
0	0
0	40
0	58
0	73
1	25
0	87
0	19
0	13
0	61
0	36
0	0
0	40
0	58
0	73
1	25
0	87
0	19
0	28
0	50
1	66
1	66
1	59
1	90
0	95
1	26
1	70
1	66
1	59
1	90
0	95
1	26
1	70
1	93
1	66
1	59
1	90
0	95
1	26
1	70
1	93
1	13
0	11
1	35
1	67
1	66
1	59
1	90
0	95
1	26
1	70
1	93
1	13
0	11
1	35
1	67
1	66
1	59
1	90
0	95
1	26
1	70
1	93
1	13
0	11
1	35
1	67
1	69
1	17
1	37
1	37
1	55
0	96
1	11
0	56
0	87
1	8
0	95
1	86
1	25
1	41
0	29
1	62
0	21
0	51
1	37
1	55
0	96
1	11
0	56
0	87
1	8
0	95
1	86
1	25
1	41
1	37
1	55
0	96
1	11
0	56
0	87
1	8
0	95
1	86
1	25
1	41
0	29
1	62
0	21
0	51
1	16
0	90
1	85
1	82
0	64
0	46
0	9
0	61
0	81
0	6
1	40
0	3
0	99
0	98
1	10
0	73
1	37
1	55
0	96
1	11
0	56
0	87
1	8
0	95
1	86
1	25
1	41
0	29
1	62
0	21
0	51
1	16
0	90
1	85
1	82
0	64
0	46
0	9
0	61
0	81
0	6
1	40
0	3
0	99
0	98
1	10
0	73
0	71
1	74
0	89
0	32
1	72
0	12
0	17
1	37
1	55
0	96
1	11
0	56
0	87
1	8
0	95
1	86
1	25
1	41
0	29
1	62
0	21
0	51
1	16
0	90
1	85
1	82
0	64
0	46
0	9
0	61
0	81
0	6
1	70
1	70
1	6
1	88
1	91
1	13
1	70
1	6
1	88
1	91
1	13
0	85
1	98
1	70
1	6
1	88
1	91
1	13
0	85
1	98
1	0
0	68
0	18
1	3
1	5
1	41
1	8
1	70
1	6
1	88
1	91
1	13
0	85
1	98
1	0
0	68
0	18
1	3
1	5
1	41
1	8
0	78
0	80
1	19
1	46
1	12
1	82
1	58
1	47
1	70
1	6
1	88
1	91
1	13
0	85
1	98
1	0
0	68
0	18
1	3
1	5
1	41
1	8
0	78
0	80
1	19
1	46
1	12
1	82
1	58
0	61
1	25
1	59
1	81
0	61
0	40
0	19
0	9
0	24
1	10
0	66
0	6
0	44
0	68
1	43
0	6
0	3
1	96
1	48
1	22
0	6
0	12
0	9
1	61
0	96
0	68
0	86
0	8
0	99
0	17
1	84
1	92
0	31
1	66
0	19
0	41
0	22
0	65
1	71
0	68
1	41
1	36
1	59
0	44
1	51
1	83
1	40
1	42
1	23
1	63
1	88
0	66
0	26
1	20
0	39
1	4
1	68
1	48
1	25
1	61
1	66
1	52
0	62
1	5
0	80
0	90
0	4
0	32
0	88
0	20
0	14
1	32
0	41
1	63
1	70
0	37
0	53
0	13
1	10
1	92
1	83
0	64
1	61
0	94
0	55
0	23
0	8
1	11
0	63
1	84
0	96
0	51
1	32
0	36
1	15
1	74
1	93
0	14
0	50
0	55
1	83
1	30
1	36
0	17
1	46
1	73
1	21
1	10
1	33
1	46
1	85
1	85
0	18
1	46
1	40
1	51
1	12
1	95
0	30
0	6
0	58
0	49
1	41
0	0
0	94
1	95
0	30
0	6
0	58
0	49
1	41
0	0
0	94
0	21
1	95
0	30
0	6
0	58
0	49
1	41
0	0
0	94
1	95
0	30
0	6
0	58
0	49
1	41
0	0
0	94
0	95
1	47
0	77
1	64
1	52
0	55
1	92
1	13
1	60
1	93
0	50
1	71
1	33
0	70
0	8
1	40
0	0
1	96
0	50
1	85
0	82
1	48
0	24
1	80
1	61
0	78
0	79
1	44
1	34
0	99
0	60
1	13
1	30
0	76
0	30
0	95
0	92
1	13
0	44
0	1
1	32
0	11
0	66
1	84
0	13
0	77
1	49
1	64
1	5
1	96
1	11
0	12
0	22
0	59
0	17
1	55
0	10
1	90
0	10
0	18
1	1
1	13
1	66
1	81
1	54
1	97
1	2
1	6
0	16
0	70
0	50
1	42
1	9
0	17
0	34
0	48
0	18
0	86
0	74
1	27
0	95
1	75
0	11
1	39
0	57
1	3
1	63
1	19
1	71
1	39
0	0
0	87
0	41
0	80
0	39
0	35
1	31
1	6
1	80
1	83
1	73
1	40
1	31
1	89
0	23
1	92
1	98
1	80
0	29
1	92
1	68
0	84
0	59
1	19
0	85
0	25
0	73
0	15
0	5
