1	404
1	404
0	815
1	99
1	909
1	909
1	309
1	909
1	309
0	573
1	559
0	428
1	990
0	465
0	46
0	46
1	795
0	209
0	956
1	304
1	304
1	214
0	685
1	998
1	304
1	214
0	685
1	998
1	768
1	304
1	214
0	685
1	998
1	768
1	959
1	304
1	214
0	685
1	998
1	768
1	959
0	331
0	500
1	955
1	259
1	949
1	304
1	214
0	685
1	998
1	768
1	959
0	331
0	500
1	955
1	259
1	949
1	304
1	214
0	685
1	998
1	768
1	959
0	331
0	500
1	955
1	259
1	949
0	330
1	72
1	599
1	304
1	214
0	685
1	998
1	768
1	959
0	331
0	500
1	955
1	259
1	949
0	330
1	72
1	599
1	439
1	316
1	342
1	342
1	189
1	202
1	342
1	189
1	202
1	269
1	342
1	189
1	202
1	269
1	397
1	342
1	189
1	202
1	269
1	397
1	376
1	342
1	189
1	202
1	269
1	397
1	376
1	342
1	189
1	202
1	269
1	397
1	376
1	342
1	189
1	202
1	269
1	397
1	376
1	146
0	888
1	65
1	754
1	780
0	694
1	710
0	214
0	214
1	635
1	459
0	154
0	573
0	214
1	635
1	459
0	154
0	573
1	568
0	447
0	214
1	635
1	459
0	154
0	573
1	568
0	447
1	276
1	437
1	323
0	214
1	635
1	459
0	154
0	573
1	568
0	447
1	276
1	437
1	323
0	214
1	635
1	459
0	154
0	573
1	568
0	447
1	276
1	437
1	323
0	214
1	635
1	459
0	154
0	573
1	568
0	447
1	276
1	437
1	323
1	852
0	214
1	635
1	459
0	154
0	573
1	568
0	447
1	276
1	437
1	323
1	852
0	713
1	830
0	753
1	146
1	869
1	686
1	953
1	953
1	937
1	431
1	953
1	937
1	431
0	873
1	761
1	953
1	937
1	431
0	873
1	761
0	315
1	476
1	267
1	244
1	953
1	937
1	431
0	873
1	761
0	315
1	476
1	267
1	953
1	937
1	431
0	873
1	761
0	315
1	476
1	267
1	953
1	937
1	431
0	873
1	761
0	315
1	476
1	267
1	953
1	937
1	431
0	873
1	761
0	315
1	476
1	267
1	244
1	841
0	205
1	296
1	22
0	639
1	594
0	420
1	240
0	864
1	1
1	600
1	597
1	414
0	266
0	266
0	365
1	787
1	933
0	289
0	46
0	266
0	365
1	787
1	933
0	289
0	46
0	266
0	365
1	787
1	933
0	289
0	46
1	804
0	32
1	865
1	704
1	978
1	341
0	266
0	365
1	787
1	933
0	289
0	46
1	804
0	32
1	865
1	704
1	978
1	341
0	266
0	365
1	787
1	933
0	289
0	46
1	804
0	32
1	865
1	704
1	978
1	341
0	266
0	365
1	787
1	933
0	289
0	46
1	804
0	32
1	865
1	704
1	978
1	341
0	266
0	365
1	787
1	933
0	289
0	46
1	804
0	32
1	865
1	704
1	978
1	341
0	737
1	230
1	76
1	68
0	873
0	873
0	851
1	556
1	84
0	85
1	622
1	694
0	873
0	851
1	556
1	84
0	85
1	622
1	694
0	873
0	851
1	556
1	84
0	85
1	622
1	694
0	873
0	851
1	556
1	84
0	85
1	622
1	694
0	319
1	127
1	199
0	333
1	68
1	291
0	873
0	851
1	556
1	84
0	85
1	622
1	694
0	319
1	127
1	199
0	873
0	851
1	556
1	84
0	85
1	622
1	694
0	319
1	127
1	199
0	873
0	851
1	556
1	84
0	85
1	622
1	694
0	319
1	127
1	199
0	333
1	68
1	291
1	370
0	698
1	73
1	32
1	381
1	146
1	146
1	282
0	470
1	98
1	146
1	282
0	470
1	98
1	476
1	351
1	146
1	282
0	470
1	98
1	476
1	351
1	146
1	282
0	470
1	98
1	476
1	351
0	550
0	519
1	599
1	367
1	691
1	466
1	146
1	282
0	470
1	98
1	476
1	351
0	550
0	519
1	599
1	367
1	691
1	466
1	146
1	282
0	470
1	98
1	476
1	351
0	550
0	519
1	599
1	367
1	691
1	466
1	146
1	282
0	470
1	98
1	476
1	351
0	550
0	519
1	599
1	367
1	691
1	466
1	570
0	916
0	916
1	626
1	629
1	623
0	916
1	626
1	629
1	623
1	278
0	916
1	626
1	629
1	623
1	278
1	949
0	916
1	626
1	629
1	623
1	278
1	949
0	5
1	641
1	830
0	812
1	134
1	855
0	916
1	626
1	629
1	623
1	278
1	949
0	5
1	641
1	830
0	812
1	134
1	855
0	916
1	626
1	629
1	623
1	278
1	949
0	5
1	641
1	830
0	812
1	134
1	855
0	916
1	626
1	629
1	623
1	278
1	949
0	5
1	641
1	830
0	812
1	134
1	855
1	299
1	954
1	954
0	193
1	137
1	348
1	954
0	193
1	137
1	348
1	380
1	954
0	193
1	137
1	348
1	380
0	608
1	46
1	72
0	982
0	551
1	669
1	925
1	954
0	193
1	137
1	348
1	380
0	608
1	46
1	72
1	954
0	193
1	137
1	348
1	380
0	608
1	46
1	72
1	954
0	193
1	137
1	348
1	380
0	608
1	46
1	72
0	982
0	551
1	669
1	925
1	27
1	954
0	193
1	137
1	348
1	380
0	608
1	46
1	72
0	982
0	551
1	669
1	925
1	27
1	595
0	723
0	723
0	658
1	42
1	124
1	979
0	723
0	658
1	42
1	124
1	979
0	829
1	480
0	751
1	233
1	287
0	723
0	658
1	42
1	124
1	979
0	829
1	480
0	751
1	233
1	287
1	657
1	483
0	723
0	658
1	42
1	124
1	979
0	829
1	480
0	751
1	233
1	287
1	657
0	723
0	658
1	42
1	124
1	979
0	829
1	480
0	751
1	233
1	287
1	657
0	723
0	658
1	42
1	124
1	979
0	829
1	480
0	751
1	233
1	287
1	657
0	723
0	658
1	42
1	124
1	979
0	829
1	480
0	751
1	233
1	287
1	657
1	483
1	416
1	50
0	652
0	618
0	62
1	795
0	262
0	704
0	587
0	396
0	918
1	766
0	273
0	965
0	46
0	900
1	592
1	485
0	109
1	586
0	131
1	306
1	157
1	940
1	572
0	435
1	983
1	314
0	78
1	53
0	44
0	247
1	526
0	697
1	758
1	490
0	879
0	949
0	601
0	42
0	675
0	662
1	989
1	652
0	579
0	325
1	298
0	661
0	533
1	907
1	16
0	48
0	65
1	300
0	785
1	710
1	221
1	927
1	375
1	244
0	256
1	561
1	527
0	22
0	545
0	717
0	685
0	456
1	678
0	599
0	188
0	638
0	605
0	336
1	989
0	27
0	399
1	944
1	435
0	917
0	719
0	780
1	58
1	452
0	346
1	787
0	590
0	956
0	98
0	601
1	717
1	76
0	884
1	653
0	924
1	313
1	365
0	812
0	233
0	474
1	684
1	634
1	855
0	409
1	540
1	444
1	271
1	778
1	82
1	495
1	673
1	716
1	668
1	821
1	786
0	869
1	207
1	272
1	551
0	246
1	557
0	435
1	438
1	405
1	570
1	452
1	56
1	647
0	210
1	248
1	425
1	650
1	698
1	920
1	107
0	872
0	114
0	815
1	528
1	116
1	985
1	352
1	686
1	195
1	895
0	173
0	809
1	370
0	11
1	76
1	554
1	418
1	327
1	145
1	152
1	57
0	559
1	665
1	875
0	231
1	931
1	547
1	787
0	510
1	275
1	878
0	296
0	433
1	661
0	152
1	576
1	570
1	74
1	486
1	631
0	19
0	29
1	621
0	313
1	554
1	907
1	744
0	262
0	560
0	526
1	371
0	983
0	36
1	304
1	653
0	690
0	69
0	765
1	5
0	781
0	261
0	293
1	810
1	990
0	769
1	172
1	651
1	678
1	642
0	143
1	48
0	607
0	900
0	942
0	335
0	378
0	299
0	684
0	530
0	318
1	550
1	960
1	784
0	793
0	33
1	991
1	157
0	352
0	552
1	742
1	21
1	426
1	123
1	857
1	53
1	126
0	862
1	570
0	204
0	140
1	154
1	223
1	530
0	248
0	289
1	759
0	402
0	798
1	180
0	135
0	581
0	13
1	985
1	836
1	301
0	624
1	661
1	833
1	123
0	739
0	668
0	365
1	964
1	434
0	493
0	412
1	212
1	965
0	473
1	322
1	54
1	462
1	471
0	350
1	880
1	801
1	866
1	211
1	933
0	552
1	566
1	379
1	923
1	40
1	760
1	978
1	164
0	747
0	865
1	819
1	231
0	593
0	527
0	864
0	808
0	79
0	401
1	202
1	572
1	761
1	796
1	705
0	553
1	548
1	459
0	554
0	445
0	680
1	132
0	927
1	723
0	396
0	525
1	227
1	345
0	137
0	217
0	350
1	580
1	659
0	16
0	10
0	259
0	838
1	620
1	245
1	354
0	471
1	440
0	735
1	68
0	450
1	214
1	379
1	934
1	624
1	50
1	325
0	253
1	533
1	284
1	292
0	952
0	655
0	427
1	960
1	618
0	668
0	381
0	243
0	479
0	967
0	842
0	501
1	391
0	123
0	972
0	22
1	531
1	156
1	829
1	634
0	275
0	246
1	185
1	533
1	441
0	716
0	76
0	670
0	2
0	141
1	75
0	360
0	428
0	264
0	822
1	542
1	876
0	513
0	92
1	551
0	245
0	168
0	912
0	400
1	349
0	43
0	668
0	476
0	744
1	39
1	720
1	385
1	406
0	748
1	327
0	167
0	770
1	24
1	882
1	247
1	266
0	379
1	649
1	567
0	316
0	640
1	232
0	960
0	478
0	169
0	206
0	656
0	695
0	232
1	634
0	257
1	720
0	991
1	717
0	928
0	146
0	706
0	206
0	2
1	14
1	1
1	70
0	46
1	61
0	34
0	8
1	45
0	44
1	65
1	48
1	6
1	26
1	64
0	45
1	12
1	76
0	18
0	31
0	32
1	16
0	68
1	53
0	35
1	81
0	79
1	14
0	67
1	39
1	5
0	37
1	47
1	19
0	34
0	55
0	80
0	82
0	76
1	49
1	65
0	41
0	36
0	39
1	79
0	66
0	77
0	72
1	57
0	21
1	24
1	22
1	12
0	32
0	63
1	70
0	81
1	82
1	61
0	54
1	58
0	35
0	46
1	22
0	0
0	60
1	76
1	73
0	25
1	43
1	26
1	37
0	34
0	30
0	5
0	6
1	57
1	25
0	76
0	61
1	65
1	43
0	11
1	36
0	20
1	77
0	70
1	1
1	45
0	54
0	48
0	47
1	9
1	74
0	79
0	60
0	61
0	49
0	22
0	82
1	62
1	20
0	8
1	75
1	24
1	63
1	64
1	53
0	7
0	80
1	75
1	6
0	12
1	76
0	40
0	59
0	5
0	73
1	67
0	45
1	40
0	76
0	17
0	71
0	25
1	96
0	144
1	88
1	1
0	36
0	114
0	72
1	21
1	56
0	142
1	140
1	28
1	29
1	26
1	45
0	116
0	8
0	44
1	46
1	55
1	1
0	101
0	130
0	106
1	53
1	145
1	34
0	148
0	152
0	147
1	100
1	25
1	5
1	5
1	20
1	7
0	45
0	72
0	10
1	67
0	64
0	24
1	15
0	63
0	73
0	7
0	2
0	30
1	16
0	64
0	57
0	0
0	10
1	39
0	48
1	2
1	10
1	67
0	26
0	64
1	60
1	19
0	8
1	7
1	5
1	46
1	48
1	10
1	4
1	23
0	31
1	53
0	24
0	59
0	39
0	84
0	43
0	99
0	52
0	92
1	62
1	7
1	67
0	7
0	57
0	70
0	42
0	77
0	42
0	77
0	42
0	77
1	61
1	34
1	61
1	34
1	61
1	34
0	90
0	29
0	90
0	29
0	90
0	29
1	32
1	7
1	32
1	7
1	32
1	7
0	47
1	18
0	27
0	61
0	47
1	18
0	27
0	61
0	47
1	18
0	27
0	61
1	49
1	49
0	58
1	96
0	95
0	26
1	18
1	15
0	62
0	63
0	55
1	49
0	58
1	96
0	95
0	26
1	18
1	15
0	62
0	63
1	49
0	58
1	96
0	95
0	26
1	18
1	15
0	62
0	63
0	55
1	49
0	58
1	96
0	95
0	26
1	18
1	15
0	62
0	63
0	55
0	53
1	97
0	82
1	45
1	45
1	61
1	45
1	61
1	45
1	61
0	94
1	1
1	45
1	61
0	94
1	1
1	50
1	50
1	65
1	50
1	65
1	50
1	65
1	51
1	50
1	65
1	51
1	43
1	43
0	2
1	41
0	68
1	12
1	52
1	80
1	43
0	2
1	41
0	68
1	12
1	52
1	43
0	2
1	41
0	68
1	12
1	52
1	80
0	98
1	86
0	44
1	59
1	32
1	22
1	43
0	2
1	41
0	68
1	12
1	52
1	80
0	89
0	89
1	86
0	0
0	95
0	89
1	86
0	0
0	95
0	89
1	86
0	0
0	95
0	89
1	86
0	0
0	95
1	68
0	92
0	70
1	21
0	17
0	11
1	33
1	29
0	2
0	6
1	79
1	59
1	35
1	86
1	4
1	37
1	18
1	67
1	58
1	88
0	15
0	93
0	49
1	18
1	84
1	50
1	51
0	41
0	69
0	87
0	27
0	17
1	80
1	29
1	32
0	67
0	67
0	69
0	84
1	7
0	2
0	82
0	67
0	69
0	84
1	7
0	2
0	82
0	24
0	67
0	69
0	84
1	7
0	2
0	82
0	24
0	10
0	20
0	95
0	50
1	33
1	33
1	3
0	46
1	96
1	17
1	40
1	33
1	3
0	46
1	96
1	17
1	40
0	39
0	67
0	1
0	68
1	33
1	3
0	46
1	96
1	17
1	40
0	39
0	67
0	1
0	68
1	48
0	34
1	33
1	3
0	46
1	96
1	17
1	40
0	39
0	67
0	1
0	68
1	48
0	34
1	33
1	3
0	46
1	96
1	17
1	40
0	39
0	67
0	1
0	68
1	48
0	34
0	53
1	55
1	7
1	92
0	36
1	8
1	95
1	84
1	75
0	43
1	20
1	19
1	90
1	18
1	89
1	22
0	28
1	5
1	86
1	99
1	69
1	61
1	61
1	83
0	25
1	47
1	58
1	54
1	61
1	83
0	25
1	47
1	58
1	54
1	79
1	61
1	83
0	25
1	47
1	58
1	54
1	79
1	88
0	42
0	47
0	47
1	46
1	16
0	27
0	18
0	61
1	74
0	25
0	89
0	47
1	46
1	16
0	27
0	18
0	61
1	74
0	25
0	89
0	82
0	58
0	78
0	65
0	77
0	15
0	47
1	46
1	16
0	27
0	18
0	61
1	74
0	25
0	89
0	82
0	58
0	78
0	47
1	46
1	16
0	27
0	18
0	61
1	74
0	25
0	89
0	82
0	58
0	47
1	46
1	16
0	27
0	18
0	61
1	74
0	25
0	89
0	82
0	58
0	78
0	65
0	77
1	37
1	37
0	90
1	75
0	21
1	83
0	53
0	66
1	37
0	90
1	75
0	21
1	83
0	53
0	66
0	68
1	50
0	65
0	63
0	32
1	37
0	90
1	75
0	21
1	83
0	53
0	66
0	68
1	50
0	65
0	63
0	32
1	16
0	42
0	29
1	37
0	90
1	75
0	21
1	83
0	53
0	66
0	68
1	50
0	65
0	63
0	32
1	16
0	42
1	37
0	90
1	75
0	21
1	83
0	53
0	66
0	68
1	50
0	65
0	63
0	32
1	16
0	42
0	29
0	99
0	99
0	27
0	39
0	12
0	62
0	99
0	27
0	39
0	12
0	62
1	21
0	83
0	99
0	27
0	39
0	12
0	62
1	21
0	83
1	79
0	14
1	76
1	81
0	24
0	74
0	28
0	53
0	90
0	96
0	99
0	27
0	39
0	12
0	62
1	21
0	83
1	79
0	14
1	76
1	81
0	24
0	74
0	28
0	53
0	90
0	96
0	29
0	61
0	3
0	99
0	27
0	39
0	12
0	62
1	21
0	83
1	79
0	14
1	76
1	81
0	24
0	74
0	28
0	53
0	90
1	83
1	83
1	72
1	14
1	82
0	9
1	71
0	97
0	87
1	80
1	55
1	83
1	72
1	14
1	82
0	9
1	71
0	97
0	87
1	80
1	55
1	95
1	5
1	83
1	72
1	14
1	82
0	9
1	71
0	97
0	87
1	80
1	55
1	95
1	83
1	72
1	14
1	82
0	9
1	71
0	97
0	87
1	80
1	55
1	95
1	5
1	83
1	72
1	14
1	82
0	9
1	71
0	97
0	87
1	80
1	55
1	95
1	5
0	39
0	39
0	60
0	76
1	61
1	98
0	13
0	21
0	39
0	60
0	76
1	61
1	98
0	13
0	21
0	39
0	60
0	76
1	61
1	98
0	13
0	21
0	91
0	46
0	36
0	77
0	39
0	60
0	76
1	61
1	98
0	13
0	21
0	91
0	46
0	36
0	77
0	39
0	60
0	76
1	61
1	98
0	13
0	21
0	91
0	46
0	36
0	77
1	42
0	10
1	42
1	62
1	1
0	39
0	92
0	58
1	14
0	49
0	75
1	53
1	70
1	63
1	3
0	58
1	87
0	74
0	1
0	18
0	60
1	72
1	48
1	13
1	41
1	36
1	32
0	39
1	71
1	50
1	29
0	84
1	49
0	37
0	82
0	63
1	83
0	57
1	17
0	35
1	3
0	89
1	26
1	65
0	28
1	50
1	30
0	29
1	95
1	77
0	34
1	85
0	99
1	89
0	92
0	77
0	30
0	65
0	58
0	36
0	49
0	66
0	7
0	0
0	97
0	8
1	37
0	14
0	23
0	57
0	20
0	2
0	22
1	46
0	97
0	55
1	98
0	32
0	76
0	74
0	98
0	38
0	57
1	24
0	45
0	6
0	93
1	43
0	66
0	97
0	92
1	2
1	81
1	45
1	39
1	94
1	15
1	96
1	19
0	6
1	70
1	50
0	92
1	22
1	70
1	36
1	87
1	7
0	92
1	22
1	70
1	36
1	87
1	7
0	92
1	22
1	70
1	36
1	87
1	7
0	92
1	22
1	70
1	36
1	87
1	7
0	7
0	14
1	50
1	69
1	27
0	55
1	11
1	26
0	86
0	13
0	90
1	39
0	74
1	3
0	23
0	16
0	63
1	7
1	93
1	50
0	65
0	78
0	53
1	97
1	92
1	99
1	36
1	58
1	21
1	63
1	49
1	22
0	48
0	9
0	24
0	27
0	56
0	29
0	22
1	40
0	3
1	8
0	16
1	41
0	73
1	23
1	64
0	83
0	18
0	92
0	63
0	90
1	45
1	54
1	64
1	48
0	63
1	15
0	57
1	40
1	19
1	4
1	11
1	54
0	77
0	82
0	86
1	66
0	57
0	90
0	98
0	37
0	65
1	8
0	78
0	35
0	81
0	6
0	99
1	16
0	24
0	67
1	9
0	53
0	40
0	54
1	47
0	19
1	70
0	87
0	57
0	32
1	51
0	52
0	68
0	37
1	9
0	78
0	39
0	96
0	17
0	98
0	15
1	76
0	39
0	68
1	17
1	83
1	74
0	19
1	73
0	51
1	80
1	24
0	48
0	96
1	20
0	56
1	90
1	81
0	55
1	17
0	68
0	28
0	32
0	75
1	41
0	91
1	38
0	66
1	28
1	98
1	49
0	54
1	23
1	84
0	24
1	69
0	47
1	64
1	11
1	4
0	61
1	37
1	19
1	96
1	29
0	49
1	52
1	75
0	45
1	83
1	74
1	61
1	72
1	47
1	0
