1	657
1	657
0	604
1	605
0	211
0	211
0	28
0	211
0	28
0	582
0	909
1	686
1	377
1	447
0	362
0	362
0	708
0	479
0	90
0	90
1	967
1	93
0	271
0	631
0	90
1	967
1	93
0	271
0	631
1	438
0	420
1	995
0	282
1	7
0	490
1	5
1	605
0	90
1	967
1	93
0	271
0	631
1	438
0	420
1	995
0	282
1	7
0	490
1	5
1	605
0	90
1	967
1	93
0	271
0	631
1	438
0	420
1	995
0	282
1	7
0	490
1	5
1	605
1	958
0	90
1	967
1	93
0	271
0	631
1	438
0	420
1	995
0	282
1	7
0	490
1	5
1	605
1	958
0	90
1	967
1	93
0	271
0	631
1	438
0	420
1	995
0	282
1	7
0	490
1	5
1	605
1	958
0	90
1	967
1	93
0	271
0	631
1	438
0	420
1	995
0	282
1	7
0	490
1	5
1	605
1	958
1	680
1	115
1	573
1	573
0	600
1	219
1	137
1	573
0	600
1	219
1	137
1	527
1	573
0	600
1	219
1	137
1	527
1	809
1	573
0	600
1	219
1	137
1	527
1	809
1	707
1	573
0	600
1	219
1	137
1	527
1	809
1	707
1	573
0	600
1	219
1	137
1	527
1	809
1	707
1	202
1	573
0	600
1	219
1	137
1	527
1	809
1	707
1	202
1	683
0	189
1	747
1	850
1	665
1	959
1	959
1	920
0	890
1	248
1	959
1	920
0	890
1	248
1	364
1	959
1	920
0	890
1	248
1	364
1	746
1	959
1	920
0	890
1	248
1	364
1	746
1	232
1	959
1	920
0	890
1	248
1	364
1	746
1	232
1	959
1	920
0	890
1	248
1	364
1	746
1	232
1	191
1	959
1	920
0	890
1	248
1	364
1	746
1	232
1	191
0	279
1	994
1	61
1	587
1	546
1	564
1	564
0	808
0	768
1	670
1	962
1	564
0	808
0	768
1	670
1	962
0	740
1	770
1	618
1	564
0	808
0	768
1	670
1	962
0	740
1	770
1	618
1	593
1	564
0	808
0	768
1	670
1	962
0	740
1	770
1	618
1	593
1	564
0	808
0	768
1	670
1	962
0	740
1	770
1	618
1	564
0	808
0	768
1	670
1	962
0	740
1	770
1	618
1	593
1	564
0	808
0	768
1	670
1	962
0	740
1	770
1	618
1	593
0	762
1	830
0	197
1	727
1	90
1	784
1	259
1	718
1	718
0	528
1	935
0	639
0	948
1	718
0	528
1	935
0	639
0	948
1	900
1	593
0	391
0	976
1	718
0	528
1	935
0	639
0	948
1	900
1	593
0	391
0	976
0	431
1	297
0	863
0	461
1	718
0	528
1	935
0	639
0	948
1	900
1	593
0	391
0	976
0	431
1	718
0	528
1	935
0	639
0	948
1	900
1	593
0	391
0	976
0	431
1	718
0	528
1	935
0	639
0	948
1	900
1	593
0	391
0	976
0	431
1	718
0	528
1	935
0	639
0	948
1	900
1	593
0	391
0	976
0	431
1	297
0	863
0	461
1	153
1	143
1	642
1	302
0	166
0	166
1	678
1	471
1	219
0	166
1	678
1	471
1	219
1	976
0	33
1	528
1	791
0	166
1	678
1	471
1	219
1	976
0	33
1	528
1	791
0	166
1	678
1	471
1	219
1	976
0	33
1	528
1	791
0	166
1	678
1	471
1	219
1	976
0	33
1	528
1	791
0	166
1	678
1	471
1	219
1	976
0	33
1	528
1	791
0	166
1	678
1	471
1	219
1	976
0	33
1	528
1	791
1	625
1	832
1	303
0	53
1	163
0	30
0	304
1	96
0	899
1	412
0	942
1	569
1	609
1	428
1	375
1	390
1	390
1	122
0	196
1	351
1	390
1	122
0	196
1	351
0	256
1	160
1	558
1	730
1	390
1	122
0	196
1	351
0	256
1	160
1	558
1	390
1	122
0	196
1	351
0	256
1	160
1	558
1	730
1	390
1	122
0	196
1	351
0	256
1	160
1	558
1	730
1	390
1	122
0	196
1	351
0	256
1	160
1	558
1	730
1	390
1	122
0	196
1	351
0	256
1	160
1	558
1	730
0	224
1	292
1	681
0	349
1	373
1	990
0	287
1	764
1	684
0	973
0	791
1	203
1	880
1	970
1	993
1	993
1	72
1	806
1	993
1	72
1	806
1	854
1	993
1	72
1	806
1	854
0	191
0	804
1	464
1	97
0	748
1	163
1	993
1	72
1	806
1	854
0	191
0	804
1	464
1	97
1	993
1	72
1	806
1	854
0	191
0	804
1	464
1	97
1	993
1	72
1	806
1	854
0	191
0	804
1	464
1	97
1	993
1	72
1	806
1	854
0	191
0	804
1	464
1	97
0	748
1	163
1	400
1	203
1	575
1	536
1	536
1	379
1	756
1	536
1	379
1	756
1	360
1	536
1	379
1	756
1	360
1	101
1	536
1	379
1	756
1	360
1	101
0	754
1	969
1	536
1	379
1	756
1	360
1	101
0	754
1	969
1	536
1	379
1	756
1	360
1	101
0	754
1	969
0	270
1	381
1	932
1	536
1	379
1	756
1	360
1	101
0	754
1	969
0	270
1	381
1	932
1	164
0	646
1	232
1	582
0	418
1	692
1	236
1	935
1	935
1	850
1	139
1	935
1	850
1	139
0	443
1	678
1	935
1	850
1	139
0	443
1	678
1	182
1	935
1	850
1	139
0	443
1	678
1	182
1	627
1	935
1	850
1	139
0	443
1	678
1	182
1	627
1	935
1	850
1	139
0	443
1	678
1	182
1	627
1	935
1	850
1	139
0	443
1	678
1	182
1	627
0	85
1	944
0	474
0	308
1	423
1	44
1	776
1	926
0	970
1	388
1	234
1	839
1	546
1	903
1	398
1	81
0	957
0	383
0	436
1	129
1	798
1	251
1	419
0	874
0	121
1	718
0	3
1	484
0	910
1	891
0	14
1	455
0	804
0	581
0	219
0	308
1	976
1	501
1	823
1	918
0	190
1	21
1	961
1	503
0	272
0	823
0	149
1	60
1	219
1	21
0	512
1	628
1	322
0	99
0	215
0	251
0	642
1	168
0	887
0	27
0	331
0	726
0	123
0	811
0	596
0	81
0	70
0	318
1	849
1	396
1	535
0	233
0	682
0	409
0	874
0	116
1	23
0	215
1	240
1	848
1	47
1	71
1	493
1	699
0	417
1	576
0	121
0	512
0	91
1	72
0	528
1	712
0	251
1	806
0	703
1	737
0	713
0	603
1	638
0	622
0	912
0	550
1	982
0	820
0	432
0	26
1	610
1	985
1	135
1	780
0	869
0	27
0	690
0	238
0	657
1	130
1	2
1	515
0	95
1	390
1	527
0	818
0	589
0	601
0	856
0	959
1	560
0	690
0	975
0	486
1	282
1	761
1	739
1	720
1	913
1	258
0	73
1	489
1	136
0	184
1	634
1	640
1	491
1	331
1	347
1	563
1	757
1	283
1	845
0	526
1	312
1	608
0	100
1	953
1	274
1	751
0	610
0	35
1	953
1	678
0	594
1	125
1	387
0	433
1	754
1	444
1	315
0	846
0	578
1	297
0	283
0	81
1	396
0	341
0	447
1	704
0	485
1	586
1	199
1	825
1	65
1	551
0	351
0	98
0	640
0	969
0	525
1	303
1	369
1	5
1	711
1	597
1	782
1	126
1	862
1	130
1	885
1	346
0	62
1	850
0	101
0	141
1	57
0	717
0	299
1	154
0	663
1	703
0	357
1	161
1	950
1	43
1	215
1	761
1	543
1	375
1	17
1	55
1	421
0	599
1	733
0	957
0	675
0	280
1	378
1	348
0	727
1	511
1	700
0	564
1	715
0	745
1	759
1	611
1	610
1	619
1	740
0	423
1	853
0	884
0	842
0	368
0	315
0	640
1	770
0	656
1	306
1	170
1	357
1	108
0	647
1	388
1	653
1	838
1	48
1	221
0	45
1	871
1	512
0	121
1	384
1	519
0	353
0	462
1	764
1	703
1	165
1	571
1	605
0	224
1	998
0	49
0	922
1	729
1	149
0	798
1	933
0	66
1	323
1	235
0	651
0	741
0	832
0	558
0	731
0	681
1	391
1	799
1	679
1	846
1	207
1	985
0	820
1	86
1	749
0	894
1	885
1	567
1	365
1	125
0	208
0	645
0	57
0	271
0	436
1	639
1	994
1	378
1	570
0	509
1	769
1	174
0	397
1	237
1	330
1	762
1	855
1	733
1	341
0	480
1	994
1	414
1	839
1	716
1	924
0	43
0	149
1	92
1	448
1	660
0	709
0	538
1	579
0	232
0	319
0	462
0	210
1	658
1	586
0	72
0	146
1	32
1	743
1	267
0	672
0	726
0	405
0	4
0	885
1	237
0	618
1	666
1	243
1	84
1	367
0	689
1	701
1	174
1	717
0	764
1	538
1	901
1	305
1	332
1	39
1	784
1	351
0	141
0	447
1	932
1	203
1	204
0	455
0	257
1	659
1	184
1	255
0	498
1	334
1	146
1	308
0	143
0	570
1	48
0	561
0	812
1	526
1	372
0	40
0	104
1	663
0	6
1	872
0	875
0	270
0	356
0	239
1	584
0	304
1	849
0	794
1	785
0	703
1	752
0	763
1	309
1	316
0	950
1	130
1	820
1	729
1	261
1	251
1	343
1	441
1	652
1	900
1	46
1	817
1	844
1	81
0	34
0	4
0	28
1	47
1	48
0	24
0	77
1	14
1	79
1	27
0	20
1	64
1	58
1	60
0	63
0	42
0	61
0	20
1	12
1	10
0	76
1	53
1	49
0	15
0	3
0	46
0	9
1	68
0	72
0	44
1	20
1	33
1	18
1	67
0	45
0	12
0	31
1	54
1	56
0	34
0	38
0	52
0	72
0	3
0	48
0	67
0	64
0	24
0	39
0	5
0	76
1	14
1	26
0	28
0	55
1	24
1	53
1	5
1	67
1	77
1	50
1	39
0	41
1	54
1	34
1	65
1	26
0	37
0	53
1	4
1	35
0	64
1	23
1	74
0	30
1	13
1	45
1	40
0	23
0	29
0	65
0	69
0	49
1	27
0	24
0	48
1	42
1	24
0	7
0	60
1	58
1	75
1	13
0	11
0	40
0	5
1	41
1	37
1	80
0	82
1	34
0	15
1	53
0	155
0	69
0	18
1	131
1	22
1	18
1	84
1	104
1	73
0	20
0	38
1	18
1	105
0	24
0	48
1	84
1	8
1	96
1	107
1	133
1	103
1	157
0	160
0	107
0	8
0	73
0	67
0	33
1	52
1	26
0	126
1	76
0	161
0	106
0	121
1	132
0	94
0	7
1	50
0	124
0	128
0	142
0	64
0	47
1	21
0	6
1	34
1	19
1	13
1	71
1	72
1	39
0	32
0	69
0	58
0	14
1	46
1	70
1	65
1	73
0	37
0	53
1	4
0	7
0	19
1	0
0	43
1	53
1	69
1	5
1	17
1	65
1	28
0	54
1	34
1	21
1	30
0	55
0	71
0	34
1	84
1	78
0	81
0	85
1	65
1	97
1	82
0	67
0	58
0	53
1	48
0	84
1	86
0	25
1	62
1	85
1	92
1	42
0	25
1	62
1	85
1	92
1	42
0	25
1	62
1	85
1	92
1	42
0	92
0	25
0	92
0	25
0	92
0	25
0	13
1	91
1	38
1	71
0	13
1	91
1	38
1	71
0	13
1	91
1	38
1	71
1	61
0	96
1	48
0	74
1	4
0	85
0	78
0	43
0	66
0	74
1	4
0	85
0	78
0	74
1	4
0	85
0	78
0	3
0	46
0	3
0	46
0	3
0	46
0	31
0	31
0	64
0	31
0	64
0	31
0	64
0	70
0	31
0	64
0	70
1	0
1	0
0	87
1	19
1	0
0	87
1	19
1	94
1	0
0	87
1	19
1	94
1	77
1	0
0	87
1	19
1	94
1	77
0	67
0	67
0	41
0	67
0	41
0	67
0	41
0	56
0	67
0	41
0	56
0	65
0	65
1	58
1	23
1	84
0	65
1	58
1	23
1	84
0	6
1	13
0	65
1	58
1	23
1	84
0	65
1	58
1	23
1	84
0	68
0	68
0	34
0	68
0	34
0	68
0	34
0	49
0	68
0	34
0	49
1	77
1	35
1	76
0	39
0	94
0	2
0	60
0	0
1	6
1	5
1	9
1	24
0	89
1	48
1	25
1	98
1	54
1	40
1	36
0	54
0	11
1	31
0	33
1	83
0	6
0	58
0	8
0	78
0	78
1	31
1	7
1	60
1	88
1	67
0	78
1	31
1	7
1	60
1	88
1	67
1	27
0	78
1	31
1	7
1	60
1	88
1	67
1	27
0	72
1	23
1	84
1	32
0	50
0	50
0	49
1	28
1	94
1	57
1	3
1	99
0	50
0	49
1	28
1	94
1	57
1	3
1	99
0	92
1	35
1	40
0	50
0	49
1	28
1	94
1	57
1	3
1	99
0	92
1	35
1	40
1	51
1	70
1	72
0	50
0	49
1	28
1	94
1	57
1	3
1	99
0	92
1	35
1	40
1	51
1	70
0	50
0	49
1	28
1	94
1	57
1	3
1	99
0	92
1	35
1	40
1	51
1	70
1	72
1	32
1	74
0	30
0	30
0	6
0	98
0	48
0	95
0	30
0	6
0	98
0	48
0	95
0	17
0	30
0	6
0	98
0	48
0	95
0	17
0	53
0	61
0	1
0	47
0	47
0	91
1	28
0	36
1	29
1	63
0	80
1	14
1	53
0	47
0	91
1	28
0	36
1	29
1	63
0	80
1	14
1	53
1	26
0	97
0	55
1	65
1	82
1	64
0	89
0	83
1	68
1	52
1	6
0	62
1	31
1	90
1	20
1	32
0	76
1	7
1	50
0	11
1	78
1	77
0	47
0	91
1	28
0	36
1	29
1	63
0	80
1	14
1	53
1	26
0	97
0	55
1	65
1	82
1	64
0	89
0	83
1	68
1	52
1	6
0	62
1	31
1	90
1	20
1	32
0	76
1	7
1	50
0	11
1	78
1	77
1	22
1	98
1	17
1	2
0	69
0	5
0	49
1	15
1	13
1	93
1	72
0	47
0	91
1	28
0	36
1	29
1	63
0	80
1	14
1	53
1	26
0	97
0	55
1	65
1	82
1	64
0	89
0	83
1	68
1	52
1	6
0	62
1	31
1	90
1	20
1	32
0	76
1	7
1	50
0	11
1	78
1	77
1	22
1	98
1	17
1	2
0	47
0	91
1	28
0	36
1	29
1	63
0	80
1	14
1	53
1	26
0	97
0	55
1	65
1	82
1	64
0	89
0	83
1	68
1	52
1	6
0	62
1	31
1	90
1	20
1	32
0	76
1	7
1	50
0	11
1	78
1	77
1	22
1	98
1	17
1	2
0	69
0	5
0	49
1	15
1	13
1	93
1	72
1	79
1	95
1	18
1	18
0	54
1	2
1	83
1	89
1	43
1	18
0	54
1	2
1	83
1	89
1	43
1	28
0	3
1	76
1	0
1	18
0	54
1	2
1	83
1	89
1	43
1	28
0	3
1	76
1	0
0	13
1	90
1	50
0	86
1	52
1	96
1	67
1	18
0	54
1	2
1	83
1	89
1	43
1	28
0	3
1	76
1	0
0	13
1	90
1	50
0	86
1	52
1	96
1	18
0	54
1	2
1	83
1	89
1	43
1	28
0	3
1	76
1	0
0	13
1	90
1	50
0	86
1	52
1	96
1	67
0	53
1	33
1	78
1	77
1	77
0	98
0	53
0	29
0	19
0	42
1	77
0	98
0	53
0	29
0	19
0	42
1	9
0	40
0	95
1	32
0	50
0	97
0	74
1	77
0	98
0	53
0	29
0	19
0	42
1	9
0	40
0	95
1	32
0	50
0	97
0	74
1	77
0	98
0	53
0	29
0	19
0	42
1	9
0	40
0	95
1	32
0	50
0	97
0	74
0	44
0	76
1	77
0	98
0	53
0	29
0	19
0	42
1	9
0	40
0	95
1	32
0	50
0	97
0	74
0	44
1	35
1	35
1	28
1	85
1	3
1	56
1	35
1	28
1	85
1	3
1	56
1	12
1	35
1	28
1	85
1	3
1	56
1	12
0	86
1	0
1	47
1	61
1	26
1	35
1	28
1	85
1	3
1	56
1	12
0	86
1	0
1	47
1	61
1	35
1	28
1	85
1	3
1	56
1	12
0	86
1	0
1	47
1	61
1	26
0	36
0	89
1	83
1	41
1	52
1	62
0	82
1	50
1	2
0	80
1	23
0	97
0	49
1	99
0	22
1	19
1	44
1	0
1	0
0	56
0	28
1	58
1	40
1	88
1	65
1	0
0	56
0	28
1	58
1	40
1	88
1	65
1	22
1	0
0	56
0	28
1	58
1	40
1	88
1	65
1	22
0	31
0	34
1	74
1	68
1	84
1	76
1	81
1	92
1	0
0	56
0	28
1	58
1	40
1	88
1	65
1	22
0	31
0	34
1	74
1	68
1	84
1	76
1	81
1	92
1	77
1	0
0	56
0	28
1	58
1	40
1	88
1	65
1	22
0	31
0	34
1	74
1	68
1	84
1	76
1	81
1	92
1	91
0	25
0	4
1	50
1	14
0	85
1	48
0	84
1	69
0	15
0	79
1	65
0	83
0	59
0	72
0	90
0	65
0	79
0	14
0	53
1	4
1	32
1	68
1	76
1	24
1	96
1	67
1	80
1	17
0	70
1	78
1	43
1	80
1	69
1	67
0	38
0	95
0	36
0	6
0	8
1	54
0	19
0	71
0	25
0	55
0	16
0	1
1	74
0	15
1	67
1	42
1	93
0	58
1	38
1	26
1	69
1	11
0	19
0	21
1	1
1	46
0	9
1	3
1	70
1	84
0	43
1	38
1	19
1	59
1	16
0	81
1	26
1	77
1	27
1	22
1	14
1	59
0	65
1	5
1	75
1	99
1	73
0	88
0	60
0	32
0	18
1	7
0	8
0	21
0	97
0	5
0	69
1	53
1	39
1	50
1	31
1	88
0	67
1	12
0	91
0	57
1	69
0	78
0	44
0	67
1	12
0	91
0	57
1	69
0	78
0	67
1	12
0	91
0	57
1	69
0	78
0	44
0	67
1	12
0	91
0	57
1	69
0	78
0	44
1	72
1	62
1	25
1	8
1	36
1	94
0	68
0	39
1	86
0	64
0	46
1	91
1	7
1	36
0	2
0	65
0	78
1	53
1	70
0	35
1	72
0	44
1	37
1	0
1	66
1	91
1	50
0	52
1	49
1	98
1	24
1	28
1	95
1	93
1	45
0	41
1	61
0	44
0	53
0	3
0	42
