0	519
0	519
0	188
0	190
0	586
0	586
0	628
0	586
0	628
0	957
0	331
0	883
0	622
1	765
1	47
1	47
0	797
0	707
0	451
1	377
1	377
1	549
0	545
1	8
1	377
1	549
0	545
1	8
1	337
1	377
1	549
0	545
1	8
1	337
1	911
1	377
1	549
0	545
1	8
1	337
1	911
1	606
1	377
1	549
0	545
1	8
1	337
1	911
1	606
1	377
1	549
0	545
1	8
1	337
1	911
1	606
1	892
1	377
1	549
0	545
1	8
1	337
1	911
1	606
1	892
1	476
1	389
1	830
1	218
1	537
1	537
1	176
1	919
1	537
1	176
1	919
1	641
1	537
1	176
1	919
1	641
0	108
1	463
1	537
1	176
1	919
1	641
0	108
1	463
0	983
1	822
1	928
1	133
1	537
1	176
1	919
1	641
0	108
1	463
0	983
1	822
1	928
1	537
1	176
1	919
1	641
0	108
1	463
0	983
1	822
1	928
1	537
1	176
1	919
1	641
0	108
1	463
0	983
1	822
1	928
1	133
0	686
1	134
1	457
1	83
0	266
0	266
1	343
1	586
1	567
0	266
1	343
1	586
1	567
1	628
0	266
1	343
1	586
1	567
1	628
0	588
1	572
0	229
1	770
1	881
0	266
1	343
1	586
1	567
1	628
0	588
1	572
0	229
1	770
1	881
0	266
1	343
1	586
1	567
1	628
0	588
1	572
0	229
1	770
1	881
0	266
1	343
1	586
1	567
1	628
0	588
1	572
0	229
1	770
1	881
0	266
1	343
1	586
1	567
1	628
0	588
1	572
0	229
1	770
1	881
1	113
0	389
0	853
1	565
1	452
1	859
1	855
1	484
1	664
1	664
0	645
1	93
1	263
1	664
0	645
1	93
1	263
0	142
1	864
1	954
0	70
1	381
1	664
0	645
1	93
1	263
0	142
1	864
1	954
1	664
0	645
1	93
1	263
0	142
1	864
1	954
0	70
1	381
1	664
0	645
1	93
1	263
0	142
1	864
1	954
0	70
1	381
1	217
1	664
0	645
1	93
1	263
0	142
1	864
1	954
0	70
1	381
1	217
1	664
0	645
1	93
1	263
0	142
1	864
1	954
0	70
1	381
1	217
1	91
1	697
1	877
1	77
1	77
1	106
1	385
1	77
1	106
1	385
1	803
1	77
1	106
1	385
1	803
1	599
1	77
1	106
1	385
1	803
1	599
1	962
1	77
1	106
1	385
1	803
1	599
1	962
1	77
1	106
1	385
1	803
1	599
1	962
1	77
1	106
1	385
1	803
1	599
1	962
1	220
1	564
0	275
0	289
1	624
0	271
0	397
0	722
1	35
1	125
1	358
1	283
1	331
1	708
1	708
0	835
0	481
1	978
0	523
1	920
1	708
0	835
0	481
1	978
0	523
1	920
0	239
0	242
1	708
0	835
0	481
1	978
0	523
1	920
0	239
0	242
1	726
1	217
1	960
1	698
1	708
0	835
0	481
1	978
0	523
1	920
0	239
0	242
1	726
1	217
1	960
1	698
0	241
0	131
1	735
0	780
0	21
1	520
0	294
0	982
0	992
1	708
0	835
0	481
1	978
0	523
1	920
0	239
0	242
1	726
1	217
1	960
1	698
1	708
0	835
0	481
1	978
0	523
1	920
0	239
0	242
1	726
1	217
1	960
1	698
1	708
0	835
0	481
1	978
0	523
1	920
0	239
0	242
1	726
1	217
1	960
1	698
0	241
0	131
1	735
0	780
0	21
1	520
0	294
0	982
0	992
1	348
1	332
1	690
1	965
0	462
1	682
1	506
0	291
0	843
0	420
1	193
1	597
0	424
1	138
1	274
0	181
0	903
0	69
1	803
1	190
1	732
1	497
1	543
1	238
1	238
1	925
1	877
1	238
1	925
1	877
1	475
1	238
1	925
1	877
1	475
1	55
1	238
1	925
1	877
1	475
1	55
1	985
1	238
1	925
1	877
1	475
1	55
1	985
1	238
1	925
1	877
1	475
1	55
1	985
1	238
1	925
1	877
1	475
1	55
1	985
1	145
1	711
1	116
1	784
1	300
1	300
1	456
0	590
1	565
1	300
1	456
0	590
1	565
0	987
1	186
1	909
1	14
1	300
1	456
0	590
1	565
0	987
1	186
1	909
1	300
1	456
0	590
1	565
0	987
1	186
1	909
1	14
1	300
1	456
0	590
1	565
0	987
1	186
1	909
1	14
1	300
1	456
0	590
1	565
0	987
1	186
1	909
1	14
1	300
1	456
0	590
1	565
0	987
1	186
1	909
1	14
1	719
1	850
0	715
1	182
0	478
1	646
1	266
1	354
1	222
1	904
1	904
0	199
1	311
1	116
1	904
0	199
1	311
1	116
0	648
1	649
0	384
1	226
0	636
1	967
1	718
1	378
1	904
0	199
1	311
1	116
0	648
1	649
0	384
1	226
0	636
1	967
1	718
1	904
0	199
1	311
1	116
0	648
1	649
0	384
1	226
0	636
1	967
1	718
1	378
1	904
0	199
1	311
1	116
0	648
1	649
0	384
1	226
0	636
1	967
1	718
1	378
1	904
0	199
1	311
1	116
0	648
1	649
0	384
1	226
0	636
1	967
1	718
1	378
1	904
0	199
1	311
1	116
0	648
1	649
0	384
1	226
0	636
1	967
1	718
1	378
1	451
1	944
1	779
1	779
1	597
1	98
1	779
1	597
1	98
1	381
1	779
1	597
1	98
1	381
1	704
1	779
1	597
1	98
1	381
1	704
1	937
1	779
1	597
1	98
1	381
1	704
1	937
1	779
1	597
1	98
1	381
1	704
1	937
1	779
1	597
1	98
1	381
1	704
1	937
1	503
1	221
0	302
1	931
1	798
1	768
1	197
0	224
0	681
0	501
0	739
0	518
0	492
1	982
0	974
0	366
0	787
0	772
1	608
0	11
1	239
0	45
0	559
0	461
0	980
0	462
1	424
1	895
1	573
0	870
1	777
1	383
1	176
1	84
0	100
0	824
1	631
0	917
1	654
0	66
0	667
0	795
1	481
0	488
0	571
1	341
0	745
0	963
1	650
0	785
1	303
0	72
0	899
1	231
1	697
0	375
0	185
1	121
0	528
0	167
0	466
1	293
1	113
0	566
1	349
1	663
0	729
1	683
1	806
1	48
1	113
1	611
0	32
0	713
1	211
0	867
0	522
1	228
0	671
1	161
1	709
0	786
1	13
1	367
0	276
0	200
1	714
1	141
0	565
1	552
0	840
0	253
1	455
0	705
0	494
1	667
0	885
0	201
0	399
0	236
0	584
0	600
1	818
1	353
1	790
1	53
0	314
0	454
1	9
1	563
0	526
1	445
1	810
1	672
1	671
1	859
1	280
1	149
1	845
0	304
1	167
1	19
1	230
1	649
1	835
1	762
0	572
1	8
1	450
0	172
1	134
1	17
0	731
0	385
1	421
0	167
1	252
1	119
0	303
0	355
1	391
1	118
0	749
0	516
1	422
1	942
1	212
1	830
1	469
1	809
0	146
0	536
1	367
1	575
1	103
0	440
1	316
0	40
1	903
1	246
1	996
1	323
1	798
1	605
0	246
1	756
0	259
1	60
0	864
1	854
0	309
1	903
1	108
1	705
1	113
1	300
1	444
1	178
0	135
0	766
0	505
1	368
0	584
0	316
1	854
1	976
1	606
1	913
1	213
1	271
1	587
1	90
1	714
1	752
0	319
0	356
0	352
0	902
0	822
1	755
1	123
1	916
0	492
1	15
1	713
0	935
1	131
1	995
1	509
1	204
1	58
1	986
1	854
0	794
1	933
1	368
1	52
1	840
1	648
1	114
0	279
0	748
1	232
0	103
1	553
1	823
1	904
1	217
1	748
1	747
1	140
0	367
0	990
0	760
0	125
0	235
1	821
1	378
0	223
1	120
1	649
1	48
1	569
0	620
1	280
1	65
1	449
1	159
0	846
0	540
1	12
0	983
0	444
1	568
1	651
0	92
0	352
0	412
0	566
1	769
1	256
1	168
1	476
1	868
0	442
1	202
1	996
1	130
0	174
1	379
0	149
1	987
0	624
1	413
1	212
1	114
1	957
1	825
1	630
1	307
1	68
1	288
1	710
1	882
0	409
0	207
1	403
1	145
1	734
1	535
1	583
1	665
0	968
1	20
1	935
0	347
1	267
1	24
1	734
1	935
0	149
1	815
1	260
1	758
0	243
1	654
1	902
0	141
0	273
1	247
1	504
1	877
1	409
0	393
0	538
0	619
1	395
1	638
1	975
1	187
1	864
1	152
1	923
1	309
1	689
1	633
0	739
1	801
0	165
0	316
1	412
1	46
1	125
0	603
0	74
0	790
0	377
0	259
0	523
0	156
1	617
1	28
1	431
1	775
0	535
0	257
0	579
1	447
0	83
0	938
0	956
0	878
0	444
0	532
1	722
0	912
0	398
0	226
0	633
0	898
0	436
0	700
1	571
1	786
1	867
1	605
1	285
0	189
1	979
0	345
1	453
1	380
1	706
1	955
1	984
1	612
1	756
1	603
1	823
0	770
1	917
1	239
1	916
1	249
1	504
0	422
0	768
0	670
0	706
0	660
1	574
1	266
1	289
0	389
1	17
1	598
0	947
1	570
0	904
0	665
1	25
0	595
0	967
0	5
0	46
1	22
1	48
0	72
1	24
0	31
0	63
1	11
1	69
1	60
1	77
1	18
1	34
1	19
1	46
1	56
1	68
1	82
1	79
1	81
1	74
1	52
1	58
1	60
1	28
0	77
1	42
1	40
1	73
0	20
1	52
0	8
0	26
1	58
1	75
0	63
1	64
1	10
1	24
0	80
0	52
1	73
0	13
0	82
1	78
1	70
1	41
0	30
0	38
0	52
0	24
1	6
1	49
0	31
0	67
1	8
0	64
1	80
0	25
1	81
0	31
0	26
0	73
0	68
0	29
1	76
0	4
0	65
0	67
1	75
0	80
0	77
0	50
1	31
0	74
1	6
0	65
1	40
0	24
1	7
0	12
1	30
1	3
0	6
0	69
1	62
0	44
0	80
1	3
1	79
0	20
1	67
1	3
1	11
1	47
1	71
0	18
1	9
1	2
1	130
1	129
1	148
0	123
0	126
0	88
1	50
0	163
1	120
1	10
1	104
1	35
1	143
1	112
1	100
1	17
1	18
1	76
0	135
1	130
1	84
0	12
0	30
0	13
0	134
1	41
1	48
1	135
1	115
0	15
1	64
1	26
0	109
0	117
0	65
1	72
1	9
1	36
0	32
1	71
0	8
0	17
1	53
0	16
1	8
0	3
1	5
1	44
1	50
1	41
0	63
1	34
1	74
1	49
0	74
0	6
1	59
1	20
0	74
0	38
0	48
0	29
0	42
0	0
0	3
0	11
1	13
0	16
0	48
0	5
0	50
0	27
1	58
0	8
0	33
0	78
1	30
0	87
0	77
0	67
0	35
1	27
1	44
1	72
1	2
1	54
0	52
1	2
0	24
1	16
1	89
1	35
0	45
1	25
0	34
0	26
0	94
1	28
1	50
1	40
0	63
1	99
1	9
1	14
1	35
0	45
1	25
0	34
0	26
0	94
1	28
1	50
1	40
0	63
1	99
1	9
1	35
0	45
1	25
0	34
0	26
0	94
1	28
1	50
1	40
0	63
1	99
1	9
1	84
0	2
1	55
1	41
1	84
0	2
1	55
1	41
1	84
0	2
1	55
1	41
0	55
0	37
0	55
0	37
0	55
0	37
0	65
1	73
0	38
1	72
1	32
0	90
0	98
0	93
0	52
0	57
0	65
1	73
0	38
0	65
1	73
0	38
0	60
0	3
0	60
0	3
0	60
0	3
0	5
0	5
1	65
1	23
1	81
0	5
1	65
1	23
1	81
0	5
1	65
1	23
1	81
1	70
1	88
0	5
1	65
1	23
1	81
1	70
1	88
0	99
0	99
0	37
0	99
0	37
0	99
0	37
0	90
0	99
0	37
0	90
0	59
0	59
0	26
0	59
0	26
0	59
0	26
0	2
0	59
0	26
0	2
1	26
1	26
1	50
1	26
1	50
1	26
1	50
0	63
1	57
1	26
1	50
0	63
1	57
1	19
0	62
0	62
0	86
0	62
0	86
0	62
0	86
1	58
1	60
1	67
0	46
0	26
0	39
0	62
0	86
1	58
1	60
1	67
0	46
0	26
0	39
0	90
0	18
1	78
0	22
1	51
1	27
1	96
1	36
1	16
1	31
0	59
0	27
0	4
1	99
0	77
1	60
1	14
0	91
1	65
0	31
1	80
1	7
0	58
1	63
0	23
0	8
0	38
0	48
0	49
1	15
1	82
0	61
0	30
1	97
0	13
1	51
0	11
0	55
0	63
1	54
1	54
0	13
1	1
1	71
1	2
0	72
0	95
0	4
1	23
1	8
0	26
0	0
0	37
0	73
1	54
0	13
1	1
1	71
1	2
0	72
0	95
0	4
1	23
1	8
0	26
0	0
0	37
0	73
1	21
0	28
0	49
0	65
1	54
0	13
1	1
1	71
1	2
0	72
0	95
0	4
1	23
1	8
0	26
0	0
0	37
0	73
1	21
0	28
0	49
0	65
0	90
0	54
0	54
0	72
0	18
0	48
0	3
0	54
0	72
0	18
0	48
0	3
0	84
0	54
0	72
0	18
0	48
0	3
0	84
0	61
0	78
0	65
1	64
1	82
0	50
0	12
0	54
0	72
0	18
0	48
0	3
0	84
0	61
0	78
0	65
0	54
0	72
0	18
0	48
0	3
0	84
0	61
0	78
0	65
1	64
1	82
0	50
0	12
1	66
0	62
0	32
0	27
0	6
1	15
1	15
0	8
1	67
1	56
1	53
1	86
1	15
0	8
1	67
1	56
1	53
1	86
1	60
1	15
0	8
1	67
1	56
1	53
1	86
1	60
1	77
1	41
1	89
1	89
1	1
0	54
0	68
1	37
0	61
1	48
1	85
1	39
1	89
1	1
0	54
0	68
1	37
0	61
1	48
1	89
1	1
0	54
0	68
1	37
0	61
1	48
1	85
1	39
1	7
1	24
1	55
0	38
1	52
1	51
1	27
0	99
1	35
1	5
0	13
1	42
1	22
0	79
0	16
1	3
1	26
1	34
1	18
1	89
1	1
0	54
0	68
1	37
0	61
1	48
1	85
1	39
1	7
1	24
1	55
1	89
1	1
0	54
0	68
1	37
0	61
1	48
1	85
1	39
1	7
1	24
1	55
0	38
1	52
1	51
1	27
0	99
1	35
1	5
0	13
1	42
1	22
0	79
0	16
1	3
1	26
1	34
1	18
1	31
0	77
1	50
1	12
1	49
1	59
1	86
1	75
1	2
1	43
1	56
1	77
1	77
1	81
0	91
1	61
1	87
0	34
0	53
1	65
1	26
0	69
1	57
1	83
1	37
1	10
1	7
1	27
1	77
1	81
0	91
1	61
1	87
0	34
0	53
1	65
1	26
0	69
1	57
1	83
1	37
1	77
1	81
0	91
1	61
1	87
0	34
0	53
1	65
1	26
0	69
1	57
1	83
1	37
1	10
1	7
1	77
1	81
0	91
1	61
1	87
0	34
0	53
1	65
1	26
0	69
1	57
1	83
1	37
1	10
1	7
1	27
1	24
0	3
1	88
1	41
1	77
1	81
0	91
1	61
1	87
0	34
0	53
1	65
1	26
0	69
1	57
1	83
1	37
0	98
0	98
1	16
0	71
0	30
0	70
1	91
0	22
1	42
0	11
1	29
0	53
0	24
1	23
0	39
0	32
0	98
1	16
0	71
0	30
0	70
1	91
0	22
1	42
0	11
1	29
0	53
0	24
0	98
1	16
0	71
0	30
0	70
1	91
0	22
1	42
0	11
1	29
0	53
0	24
1	23
0	39
0	32
0	98
1	16
0	71
0	30
0	70
1	91
0	22
1	42
0	11
1	29
0	53
0	24
1	23
0	39
0	32
0	94
0	98
1	16
0	71
0	30
0	70
1	91
0	22
1	42
0	11
1	29
0	53
0	24
1	23
0	39
0	32
0	94
0	52
1	60
1	60
0	48
1	54
0	79
0	40
1	91
1	75
0	85
1	83
0	87
0	28
1	51
1	17
0	7
0	64
1	8
1	21
0	41
0	65
1	59
1	60
0	48
1	54
0	79
0	40
1	91
1	75
0	85
1	83
0	87
0	28
1	51
1	60
0	48
1	54
0	79
0	40
1	91
1	75
0	85
1	83
0	87
0	28
1	51
1	17
0	7
0	64
1	8
1	21
0	41
0	65
1	59
0	39
1	98
0	30
1	49
0	36
1	92
1	47
1	78
1	14
1	60
0	48
1	54
0	79
0	40
1	91
1	75
0	85
1	83
0	87
0	28
1	51
1	17
0	7
0	64
1	8
1	21
0	41
0	65
1	59
1	60
0	48
1	54
0	79
0	40
1	91
1	75
0	85
1	83
0	87
0	28
1	51
0	84
0	84
1	39
1	2
0	41
1	13
1	95
1	11
0	84
1	39
1	2
0	41
1	13
1	95
1	11
1	93
0	84
1	39
1	2
0	41
1	13
1	95
1	11
1	93
1	7
1	17
1	25
0	84
1	39
1	2
0	41
1	13
1	95
1	11
1	93
1	7
1	17
1	25
0	84
1	39
1	2
0	41
1	13
1	95
1	11
1	93
1	7
1	17
1	25
1	18
0	94
1	64
1	61
0	52
1	70
0	98
1	56
1	12
1	82
1	24
1	85
1	29
1	99
0	66
1	76
0	63
1	90
1	59
0	12
0	50
0	86
1	51
1	63
1	56
0	54
1	76
1	3
0	55
1	79
0	28
0	66
1	88
0	69
1	78
1	98
1	52
0	97
0	85
0	64
0	61
0	43
0	22
1	31
0	15
0	84
0	69
0	76
1	87
1	20
1	73
0	69
1	9
1	14
1	84
1	59
0	4
0	49
1	31
1	99
1	34
1	94
1	66
1	41
1	29
1	40
1	22
1	64
1	74
1	56
1	85
1	42
1	36
0	90
0	81
0	57
0	50
0	33
0	64
0	83
1	28
0	78
0	41
1	69
1	53
1	8
1	29
0	92
1	77
0	6
0	44
1	25
0	99
0	64
0	43
1	49
0	72
1	10
0	48
0	4
0	31
0	87
0	98
0	81
1	26
0	21
0	99
1	18
1	91
1	53
1	32
0	14
1	43
0	70
1	60
0	69
0	21
1	89
0	29
0	46
0	45
1	57
0	63
0	89
0	99
1	3
0	31
0	5
0	40
0	43
1	9
1	96
1	70
0	82
0	95
0	62
1	21
0	42
1	78
0	26
1	2
0	15
0	43
1	9
1	96
1	70
0	82
0	95
0	62
0	43
1	9
1	96
1	70
0	82
0	95
0	62
1	21
0	42
1	78
0	26
0	43
1	9
1	96
1	70
0	82
0	95
0	62
1	21
0	42
1	78
1	91
1	99
0	40
1	17
0	70
0	45
1	77
0	87
0	21
0	99
1	26
0	51
1	15
1	13
1	24
1	33
0	91
0	61
0	38
1	69
1	59
0	76
0	26
1	75
0	25
1	15
1	38
1	57
1	24
0	51
1	38
1	67
1	52
0	92
1	13
0	46
0	23
1	34
1	1
1	19
1	6
