0	941
0	941
1	780
0	79
0	316
0	316
0	316
1	478
1	680
1	436
0	568
0	354
1	956
1	246
1	246
0	28
0	629
1	750
1	569
1	230
1	230
1	719
1	15
1	230
1	719
1	15
1	848
1	230
1	719
1	15
1	848
0	794
1	816
1	230
1	719
1	15
1	848
0	794
1	816
1	428
1	230
1	719
1	15
1	848
0	794
1	816
1	428
1	230
1	719
1	15
1	848
0	794
1	816
1	428
1	446
1	230
1	719
1	15
1	848
0	794
1	816
1	428
1	446
0	982
1	235
1	259
1	267
1	150
1	365
1	365
1	277
1	676
1	365
1	277
1	676
1	957
1	365
1	277
1	676
1	957
0	772
1	856
1	365
1	277
1	676
1	957
0	772
1	856
1	691
1	365
1	277
1	676
1	957
0	772
1	856
1	691
1	365
1	277
1	676
1	957
0	772
1	856
1	691
1	769
1	365
1	277
1	676
1	957
0	772
1	856
1	691
1	769
1	241
1	88
0	142
1	610
0	28
1	623
1	481
1	28
1	28
1	302
1	810
1	28
1	302
1	810
1	280
1	28
1	302
1	810
1	280
1	158
1	28
1	302
1	810
1	280
1	158
1	442
1	28
1	302
1	810
1	280
1	158
1	442
1	28
1	302
1	810
1	280
1	158
1	442
1	28
1	302
1	810
1	280
1	158
1	442
1	695
1	650
1	370
1	815
1	573
1	573
1	790
1	320
1	573
1	790
1	320
1	138
1	573
1	790
1	320
1	138
1	979
1	573
1	790
1	320
1	138
1	979
0	41
1	701
1	573
1	790
1	320
1	138
1	979
0	41
1	701
1	573
1	790
1	320
1	138
1	979
0	41
1	701
1	626
1	573
1	790
1	320
1	138
1	979
0	41
1	701
1	626
0	727
0	149
0	735
1	147
0	526
1	299
1	814
1	883
1	3
0	66
0	66
0	374
0	837
0	66
0	374
0	837
1	979
1	440
1	951
0	66
0	374
0	837
1	979
1	440
1	951
1	338
1	32
0	66
0	374
0	837
1	979
1	440
1	951
1	338
1	32
1	833
0	66
0	374
0	837
1	979
1	440
1	951
1	338
1	32
0	66
0	374
0	837
1	979
1	440
1	951
1	338
1	32
1	833
0	66
0	374
0	837
1	979
1	440
1	951
1	338
1	32
1	833
1	274
1	535
0	385
1	621
0	172
1	543
1	344
1	973
1	675
1	675
0	380
0	566
1	800
1	331
1	675
0	380
0	566
1	800
1	331
1	965
1	675
0	380
0	566
1	800
1	331
1	965
0	394
0	927
1	291
1	748
1	747
0	364
1	362
1	702
1	675
0	380
0	566
1	800
1	331
1	965
0	394
0	927
1	291
1	748
1	747
0	364
1	362
1	702
1	764
1	675
0	380
0	566
1	800
1	331
1	965
0	394
0	927
1	291
1	748
1	747
0	364
1	362
1	702
1	764
1	675
0	380
0	566
1	800
1	331
1	965
0	394
0	927
1	291
1	748
1	747
0	364
1	362
1	702
1	764
1	675
0	380
0	566
1	800
1	331
1	965
0	394
0	927
1	291
1	748
1	747
0	364
1	362
1	702
1	764
0	884
1	487
0	766
1	825
0	84
1	290
1	896
1	185
1	839
1	839
1	549
0	540
1	668
1	839
1	549
0	540
1	668
1	328
1	839
1	549
0	540
1	668
1	328
1	90
1	839
1	549
0	540
1	668
1	328
1	90
1	552
1	839
1	549
0	540
1	668
1	328
1	90
1	552
1	839
1	549
0	540
1	668
1	328
1	90
1	552
1	468
1	839
1	549
0	540
1	668
1	328
1	90
1	552
1	468
1	621
0	509
1	317
1	601
0	526
1	43
1	423
1	773
1	773
1	965
1	955
1	773
1	965
1	955
0	758
1	329
1	773
1	965
1	955
0	758
1	329
1	768
1	773
1	965
1	955
0	758
1	329
1	768
1	108
1	773
1	965
1	955
0	758
1	329
1	768
1	108
1	773
1	965
1	955
0	758
1	329
1	768
1	108
0	729
0	964
1	524
1	670
0	817
1	764
0	978
1	980
1	904
1	773
1	965
1	955
0	758
1	329
1	768
1	108
0	729
0	964
1	524
1	670
0	817
1	764
0	978
1	980
1	904
1	776
1	753
0	57
0	57
0	736
0	556
0	57
0	736
0	556
0	678
0	57
0	736
0	556
0	678
0	871
0	57
0	736
0	556
0	678
0	871
1	680
1	157
0	539
1	445
1	115
1	275
1	847
0	57
0	736
0	556
0	678
0	871
1	680
1	157
0	539
1	445
1	115
1	275
1	847
0	57
0	736
0	556
0	678
0	871
1	680
1	157
0	539
1	445
1	115
1	275
1	847
0	57
0	736
0	556
0	678
0	871
1	680
1	157
0	539
1	445
1	115
1	275
1	847
1	184
0	15
1	760
1	317
1	90
0	340
0	340
1	520
1	844
0	446
0	571
0	340
1	520
1	844
0	446
0	571
0	801
0	340
1	520
1	844
0	446
0	571
0	801
1	771
0	572
0	858
0	340
1	520
1	844
0	446
0	571
0	801
1	771
0	572
0	858
1	458
1	730
1	394
1	322
0	340
1	520
1	844
0	446
0	571
0	801
1	771
0	572
0	858
1	458
1	730
1	394
1	322
0	340
1	520
1	844
0	446
0	571
0	801
1	771
0	572
0	858
1	458
1	730
1	394
1	322
0	340
1	520
1	844
0	446
0	571
0	801
1	771
0	572
0	858
1	458
1	730
1	394
1	322
1	24
1	163
0	476
0	60
0	854
1	58
0	876
0	447
1	225
0	921
0	137
1	103
1	259
1	712
0	738
0	692
1	369
0	358
1	251
1	718
0	215
1	72
1	710
0	687
0	652
0	706
0	854
1	880
0	520
0	313
1	752
0	534
1	80
1	724
1	368
0	140
1	533
0	687
0	250
0	217
1	54
1	943
1	161
0	630
0	745
1	227
1	471
1	262
0	591
0	321
0	395
0	743
1	269
0	449
0	647
1	761
0	416
0	696
1	538
1	281
1	503
0	151
0	109
0	816
1	168
1	182
1	776
1	753
1	791
0	359
0	774
0	478
0	956
1	415
1	497
0	321
0	470
0	934
1	468
1	813
1	734
1	787
1	363
0	145
0	236
1	784
1	332
0	622
1	125
0	76
0	563
0	673
0	144
0	278
0	173
0	321
0	330
0	18
0	343
1	275
0	377
1	243
1	572
1	425
0	322
1	591
0	691
0	612
1	742
0	24
0	150
1	749
0	592
1	977
1	586
0	911
1	850
1	247
1	889
1	995
1	9
0	864
1	290
0	721
1	642
1	826
1	833
1	714
1	596
1	461
1	307
1	797
0	872
1	953
1	863
0	275
1	306
0	698
1	912
1	327
0	861
1	954
1	264
0	26
0	678
0	992
0	70
1	651
1	396
1	670
0	99
0	889
0	755
1	693
0	825
0	869
1	375
0	318
1	583
1	527
1	594
1	453
0	72
0	9
1	515
1	542
1	565
1	118
1	611
0	807
1	573
0	911
1	902
1	830
1	23
1	434
1	171
1	191
1	439
1	754
0	393
1	960
1	796
1	412
1	953
1	308
0	408
1	545
1	43
1	715
1	131
0	870
1	865
0	573
0	120
1	207
1	944
1	858
1	383
1	507
1	162
0	243
0	516
1	765
1	18
1	52
0	662
0	577
0	464
0	54
0	726
0	198
0	627
1	497
0	589
1	480
0	918
1	555
0	44
0	71
0	463
0	181
0	230
0	467
1	511
0	140
0	306
0	753
0	43
0	684
1	442
0	324
0	516
0	605
0	434
0	735
0	533
1	496
0	251
0	390
1	823
1	286
1	696
1	257
0	316
0	499
0	655
1	354
0	820
0	865
0	622
0	832
1	500
0	857
0	58
0	381
1	540
1	541
1	331
0	277
1	929
1	93
1	263
0	512
0	110
0	294
0	777
0	724
0	827
1	349
1	508
0	718
1	27
1	649
1	182
0	631
1	167
0	536
0	531
0	54
0	940
1	54
1	860
1	846
0	614
1	681
1	810
1	875
1	314
0	913
0	717
0	905
0	570
0	595
1	624
1	791
0	858
0	196
0	825
0	511
0	187
1	544
1	516
1	751
1	203
1	665
0	266
1	29
0	743
1	201
1	911
0	73
1	495
0	953
0	818
0	738
1	608
0	731
0	599
0	636
0	409
1	277
1	561
1	946
1	372
1	733
1	438
1	288
0	156
1	233
1	43
1	432
1	305
1	81
0	55
0	59
1	971
0	546
1	114
0	689
0	755
1	538
0	735
0	515
0	667
0	789
1	573
1	143
0	833
1	195
0	999
0	732
0	856
0	290
1	272
1	390
0	769
0	544
1	574
1	167
1	611
0	721
1	854
0	788
1	328
1	57
1	465
1	121
1	34
1	743
1	400
1	22
0	642
1	533
0	108
0	689
1	850
1	90
1	32
1	7
1	653
1	886
0	699
1	784
1	342
0	79
0	749
1	810
1	248
0	228
1	610
1	88
1	977
0	335
1	225
0	248
0	405
0	397
0	175
1	162
1	891
1	796
1	979
1	752
1	710
0	222
0	889
1	113
0	999
1	703
1	981
1	458
0	45
0	50
0	43
1	28
0	31
1	65
1	37
1	41
1	74
1	7
0	58
1	32
1	30
1	36
0	23
1	3
0	57
1	49
1	48
1	18
1	78
1	37
1	80
0	27
0	5
1	32
0	35
0	31
0	14
0	55
1	46
0	22
1	71
1	50
1	66
0	24
1	13
0	37
1	41
1	70
0	73
1	23
1	21
1	76
1	0
1	17
1	51
1	41
1	72
0	79
1	63
0	48
1	2
1	77
1	49
0	6
0	39
0	73
0	79
0	4
0	36
1	33
1	54
0	82
1	76
1	71
1	15
1	39
0	5
0	82
0	65
0	70
0	25
0	26
0	66
0	72
1	48
0	75
0	74
1	4
1	39
1	14
1	63
0	9
1	19
1	82
0	60
1	26
0	16
1	38
1	45
0	61
1	65
1	11
0	40
0	32
1	55
0	60
0	71
0	54
0	8
1	11
0	1
0	37
0	71
0	42
1	7
0	31
0	68
0	72
1	46
1	28
1	68
1	99
0	16
0	3
0	28
1	8
0	4
0	12
1	81
1	22
1	81
1	85
1	81
1	85
1	81
1	85
1	17
1	55
1	17
1	55
1	17
1	55
0	69
1	18
0	42
0	17
0	69
1	18
0	42
0	17
0	69
1	18
0	42
0	17
0	32
1	21
0	26
0	3
1	93
1	53
1	55
1	7
1	85
0	3
1	93
1	53
1	55
0	3
1	93
1	53
1	55
1	63
1	95
1	63
1	95
1	63
1	95
1	64
1	64
1	35
1	64
1	35
1	64
1	35
1	85
1	64
1	35
1	85
1	16
1	16
1	96
1	16
1	96
1	16
1	96
1	44
1	16
1	96
1	44
1	13
1	13
1	23
1	13
1	23
1	13
1	23
0	77
0	64
0	90
1	13
1	23
0	77
0	64
0	90
1	7
1	75
0	47
0	8
0	73
0	73
1	99
0	59
1	95
0	84
0	69
0	73
1	99
0	59
1	95
0	84
0	69
0	75
0	57
0	41
0	73
1	99
0	59
1	95
0	84
0	69
0	75
0	57
0	41
0	73
1	99
0	59
1	95
0	84
0	69
0	75
0	57
0	41
0	47
0	32
0	32
0	16
0	32
0	16
0	32
0	16
0	72
0	32
0	16
0	72
1	94
0	22
0	66
1	8
1	20
1	48
1	78
1	58
0	15
0	30
0	50
0	66
0	91
0	44
0	40
0	39
0	4
0	39
1	9
0	99
0	8
1	0
1	70
0	92
0	26
0	10
0	50
0	82
1	33
1	33
1	45
1	50
0	37
1	7
1	15
1	33
1	45
1	50
0	37
1	7
1	15
1	87
1	33
1	45
1	50
0	37
1	7
1	15
1	87
0	52
1	6
1	99
1	94
0	64
0	64
0	53
1	8
0	79
0	3
1	81
1	41
0	64
0	53
1	8
0	79
0	3
1	81
1	41
0	75
0	55
0	87
0	25
0	64
0	53
1	8
0	79
0	3
1	81
1	41
0	75
0	55
0	87
0	25
0	9
0	83
0	64
0	53
1	8
0	79
0	3
1	81
1	41
0	75
0	55
0	87
0	25
0	9
0	83
0	64
0	53
1	8
0	79
0	3
1	81
1	41
0	75
0	55
0	87
0	25
0	9
0	83
0	69
0	69
1	24
1	71
1	59
1	53
1	32
0	69
1	24
1	71
1	59
1	53
1	32
1	57
0	69
1	24
1	71
1	59
1	53
1	32
1	57
1	27
0	80
1	6
1	6
1	49
0	18
0	83
1	57
1	19
1	60
1	2
1	6
1	49
0	18
0	83
1	57
1	19
1	60
1	2
1	6
1	49
0	18
0	83
1	57
1	19
1	60
1	2
1	78
1	84
1	15
1	6
1	49
0	18
0	83
1	57
1	19
1	60
1	2
1	78
1	84
1	15
1	6
1	49
0	18
0	83
1	57
1	19
1	60
1	2
1	78
1	84
1	15
1	97
1	29
0	69
0	69
1	52
1	53
1	36
1	12
1	62
0	69
1	52
1	53
1	36
1	12
1	62
0	55
1	83
1	2
1	75
0	69
1	52
1	53
1	36
1	12
1	62
0	55
1	83
1	2
1	75
0	97
1	78
1	87
1	19
1	61
1	34
0	69
1	52
1	53
1	36
1	12
1	62
0	55
1	83
1	2
1	75
0	97
1	78
1	87
0	69
1	52
1	53
1	36
1	12
1	62
0	55
1	83
1	2
1	75
0	97
1	78
1	87
1	19
1	61
0	89
0	89
1	4
1	73
1	90
1	7
1	80
0	89
1	4
1	73
1	90
1	7
1	80
1	6
0	89
1	4
1	73
1	90
1	7
1	80
1	6
1	77
1	95
1	50
0	89
1	4
1	73
1	90
1	7
1	80
1	6
1	77
1	95
1	50
0	89
1	4
1	73
1	90
1	7
1	80
1	6
1	77
1	95
1	50
1	44
1	93
0	49
0	49
0	20
0	2
0	31
0	25
0	49
0	20
0	2
0	31
0	25
0	71
0	49
0	20
0	2
0	31
0	25
0	71
1	9
0	33
0	32
0	56
0	93
0	49
0	20
0	2
0	31
0	25
0	71
1	9
0	33
0	32
0	56
0	93
0	49
0	20
0	2
0	31
0	25
0	71
1	9
0	33
0	32
0	56
0	93
1	41
0	87
0	27
0	68
1	77
1	77
1	2
1	91
0	44
0	71
1	38
1	77
1	2
1	91
0	44
0	71
1	38
0	13
1	80
1	76
1	30
0	46
0	54
1	19
1	28
1	70
1	79
1	77
1	2
1	91
0	44
0	71
1	38
0	13
1	80
1	76
1	30
0	46
0	54
1	19
1	28
1	70
1	79
1	84
1	82
1	92
1	31
1	77
1	2
1	91
0	44
0	71
1	38
0	13
1	80
1	76
1	30
0	46
0	54
1	19
1	28
1	70
1	77
1	2
1	91
0	44
0	71
1	38
0	13
1	80
1	76
1	30
0	46
0	54
1	19
1	28
1	70
1	50
1	13
1	4
1	51
0	81
1	56
0	58
1	88
1	34
0	31
0	57
0	87
0	51
1	84
0	76
0	10
0	86
0	19
0	83
1	68
0	76
0	84
0	59
0	14
0	33
0	53
1	40
1	8
1	78
1	62
1	16
1	83
0	95
1	65
0	14
1	77
1	27
0	92
0	87
0	21
0	39
0	67
0	23
0	67
0	14
0	6
1	39
0	65
1	84
1	98
1	71
1	0
1	45
1	23
0	74
1	88
0	54
1	32
0	7
0	69
1	8
1	55
1	79
1	20
1	90
0	84
0	45
0	11
0	31
0	97
0	43
0	99
1	92
0	66
1	28
0	93
1	31
0	88
0	9
1	41
0	95
0	44
1	65
0	10
0	97
0	92
1	38
0	87
0	67
0	21
1	54
1	33
0	3
1	0
1	55
1	12
1	54
1	33
0	3
1	0
1	55
1	12
1	54
1	33
0	3
1	0
1	55
1	12
1	54
1	33
0	3
1	0
1	55
1	12
1	74
1	32
0	49
1	85
0	56
1	78
1	44
0	53
1	92
1	84
1	6
0	69
0	99
0	50
0	92
0	73
0	45
0	82
1	66
1	87
0	37
0	62
1	85
0	88
0	41
1	36
0	48
1	73
0	15
1	92
0	27
1	42
0	68
1	9
0	97
1	24
1	98
1	71
0	85
0	2
1	84
1	88
1	39
1	69
1	37
1	10
1	28
1	66
0	86
1	62
