0	418
0	418
0	557
1	238
0	473
0	473
0	513
0	473
0	513
1	77
0	101
0	93
0	469
0	993
1	562
1	562
1	298
1	40
1	67
1	67
1	280
1	79
1	67
1	280
1	79
1	946
1	67
1	280
1	79
1	946
1	988
1	67
1	280
1	79
1	946
1	988
1	957
1	67
1	280
1	79
1	946
1	988
1	957
1	67
1	280
1	79
1	946
1	988
1	957
1	67
1	280
1	79
1	946
1	988
1	957
1	98
1	10
1	296
1	161
1	807
1	807
1	200
0	689
1	929
1	807
1	200
0	689
1	929
1	704
1	807
1	200
0	689
1	929
1	704
0	774
1	364
0	205
1	927
1	697
1	123
1	807
1	200
0	689
1	929
1	704
0	774
1	364
0	205
1	927
1	697
1	123
1	807
1	200
0	689
1	929
1	704
0	774
1	364
0	205
1	927
1	697
1	807
1	200
0	689
1	929
1	704
0	774
1	364
0	205
1	927
1	697
1	807
1	200
0	689
1	929
1	704
0	774
1	364
0	205
1	927
1	697
1	123
1	541
0	47
0	198
1	318
1	851
1	728
0	512
0	980
0	88
1	505
1	543
1	717
1	577
1	746
1	746
1	917
1	911
1	746
1	917
1	911
1	366
1	746
1	917
1	911
1	366
1	465
1	746
1	917
1	911
1	366
1	465
1	280
1	746
1	917
1	911
1	366
1	465
1	280
1	746
1	917
1	911
1	366
1	465
1	280
1	746
1	917
1	911
1	366
1	465
1	280
1	873
1	748
0	258
1	451
1	1
1	829
1	104
1	104
1	899
0	194
1	814
1	104
1	899
0	194
1	814
1	531
1	655
1	104
1	899
0	194
1	814
1	531
1	655
1	104
1	899
0	194
1	814
1	531
1	655
0	492
1	891
0	506
1	763
1	723
1	979
1	104
1	899
0	194
1	814
1	531
1	655
0	492
1	891
0	506
1	763
1	723
1	979
1	104
1	899
0	194
1	814
1	531
1	655
0	492
1	891
0	506
1	763
1	723
1	979
1	104
1	899
0	194
1	814
1	531
1	655
0	492
1	891
0	506
1	763
1	723
1	979
1	30
1	455
1	455
1	668
1	657
1	455
1	668
1	657
1	45
1	455
1	668
1	657
1	45
1	803
1	455
1	668
1	657
1	45
1	803
0	458
0	20
1	675
1	650
0	864
1	446
1	877
1	455
1	668
1	657
1	45
1	803
0	458
0	20
1	675
1	650
1	455
1	668
1	657
1	45
1	803
0	458
0	20
1	675
1	650
0	864
1	446
1	877
1	455
1	668
1	657
1	45
1	803
0	458
0	20
1	675
1	650
0	864
1	446
1	877
1	347
0	602
0	602
1	581
1	329
1	360
0	602
1	581
1	329
1	360
1	735
0	842
1	741
0	89
1	349
0	5
1	755
1	72
0	602
1	581
1	329
1	360
1	735
0	842
1	741
0	89
1	349
0	5
1	755
1	72
1	279
0	602
1	581
1	329
1	360
1	735
0	842
1	741
0	89
1	349
0	5
1	755
1	72
0	602
1	581
1	329
1	360
1	735
0	842
1	741
0	89
1	349
0	5
1	755
1	72
0	602
1	581
1	329
1	360
1	735
0	842
1	741
0	89
1	349
0	5
1	755
1	72
0	602
1	581
1	329
1	360
1	735
0	842
1	741
0	89
1	349
0	5
1	755
1	72
1	279
1	571
1	294
1	294
0	656
1	755
1	996
1	294
0	656
1	755
1	996
0	863
1	543
1	643
1	572
1	294
0	656
1	755
1	996
0	863
1	543
1	643
1	294
0	656
1	755
1	996
0	863
1	543
1	643
1	572
1	294
0	656
1	755
1	996
0	863
1	543
1	643
1	572
1	294
0	656
1	755
1	996
0	863
1	543
1	643
1	572
1	294
0	656
1	755
1	996
0	863
1	543
1	643
1	572
1	465
1	878
1	235
1	836
1	243
1	429
1	429
1	572
0	268
1	210
1	429
1	572
0	268
1	210
1	875
1	429
1	572
0	268
1	210
1	875
0	214
1	479
0	547
1	151
1	294
0	63
0	105
1	227
1	943
1	429
1	572
0	268
1	210
1	875
0	214
1	479
0	547
1	151
1	294
1	429
1	572
0	268
1	210
1	875
0	214
1	479
0	547
1	151
1	294
1	429
1	572
0	268
1	210
1	875
0	214
1	479
0	547
1	151
1	294
1	429
1	572
0	268
1	210
1	875
0	214
1	479
0	547
1	151
1	294
0	63
0	105
1	227
1	943
1	253
1	894
1	193
1	960
1	793
1	793
1	178
1	110
1	793
1	178
1	110
1	842
1	793
1	178
1	110
1	842
1	518
1	793
1	178
1	110
1	842
1	518
1	644
1	793
1	178
1	110
1	842
1	518
1	644
1	793
1	178
1	110
1	842
1	518
1	644
1	793
1	178
1	110
1	842
1	518
1	644
1	115
0	330
1	4
1	552
1	858
0	484
1	590
1	595
1	677
1	677
1	90
1	151
1	677
1	90
1	151
0	42
0	79
1	501
1	539
1	677
1	90
1	151
0	42
0	79
1	501
1	539
1	677
1	90
1	151
0	42
0	79
1	501
1	539
1	888
1	677
1	90
1	151
0	42
0	79
1	501
1	539
1	888
1	677
1	90
1	151
0	42
0	79
1	501
1	539
1	888
1	677
1	90
1	151
0	42
0	79
1	501
1	539
1	888
1	755
1	572
1	264
0	6
0	587
1	188
1	503
0	570
1	990
0	960
0	86
0	338
1	471
0	443
0	620
1	231
0	910
0	905
0	11
0	515
0	692
0	291
1	279
0	819
0	153
0	517
0	357
0	300
0	957
1	232
0	417
0	896
0	876
1	395
0	789
0	461
0	720
1	4
1	66
1	261
1	631
0	287
1	581
1	970
0	802
0	341
1	453
1	190
0	859
0	616
1	715
1	507
0	767
0	998
1	323
0	153
0	826
0	626
1	91
0	49
0	184
0	137
0	836
0	207
0	73
1	185
1	179
1	477
0	687
1	726
1	600
1	377
0	365
1	470
1	673
1	829
1	304
1	862
1	306
0	397
0	871
0	577
0	174
1	835
0	364
1	344
0	412
0	697
0	864
1	338
0	796
0	562
0	535
0	831
0	560
1	956
0	278
1	854
1	615
1	167
0	749
1	443
0	824
0	933
0	421
1	380
0	781
1	283
1	977
1	483
0	571
0	260
1	389
1	562
1	315
1	928
1	723
1	543
0	807
1	774
1	562
1	662
0	872
0	41
1	86
1	378
1	529
1	449
1	695
1	518
1	441
1	263
1	449
1	909
0	181
1	895
1	485
1	981
1	646
0	191
0	45
1	115
0	435
1	923
1	153
1	831
1	667
1	995
1	624
1	684
1	878
1	751
1	167
1	876
1	860
1	136
1	942
1	121
1	371
0	824
1	503
1	844
1	746
1	541
1	421
1	507
1	88
0	408
1	164
1	557
1	70
1	363
1	388
0	672
0	937
1	812
1	42
0	299
1	858
1	73
1	853
1	309
1	829
0	987
1	600
1	437
1	881
1	709
0	905
0	869
1	800
1	949
1	320
1	339
0	978
1	854
0	479
1	293
0	387
1	221
0	703
1	756
0	604
1	817
1	789
1	199
1	767
1	627
1	560
1	475
0	62
0	395
0	762
0	245
0	991
1	554
1	159
1	868
1	141
1	245
1	879
0	434
0	776
0	923
0	551
0	224
1	441
1	333
0	379
1	918
1	791
1	408
1	139
1	608
1	260
0	135
1	900
1	659
1	417
1	164
1	938
1	28
0	658
1	626
0	525
0	51
0	567
0	300
0	238
0	552
0	701
1	829
1	921
0	772
0	149
1	164
1	555
1	545
1	130
1	595
1	592
1	794
1	397
1	602
1	238
1	349
1	188
0	780
1	897
1	368
1	404
1	423
0	607
1	380
1	481
1	520
1	522
1	771
0	12
1	379
1	651
1	488
1	92
1	311
0	377
1	637
1	503
0	0
1	794
1	531
1	50
1	682
1	921
0	900
1	874
1	982
1	976
1	81
0	472
1	30
0	483
1	451
0	948
1	682
1	385
0	237
0	674
1	828
0	354
0	883
1	958
1	735
0	328
1	83
1	12
1	945
0	963
0	994
1	585
1	39
1	246
1	587
1	174
1	58
1	436
1	545
1	617
1	222
0	662
1	513
0	393
1	100
1	319
1	382
1	342
0	301
1	618
1	205
1	900
0	708
0	559
0	264
0	14
0	50
0	116
0	270
1	432
0	588
1	163
1	992
1	55
0	600
0	507
0	433
0	831
1	847
1	536
1	749
1	431
1	522
1	356
0	891
0	756
0	890
0	169
0	371
0	536
0	368
0	409
0	990
0	973
0	510
1	90
1	960
1	881
1	399
1	451
0	684
0	800
0	812
0	845
0	450
1	445
0	396
0	71
1	269
0	479
0	339
0	224
1	427
1	728
0	462
0	365
1	904
1	466
1	81
1	410
0	303
1	159
1	765
1	269
1	363
1	255
0	616
1	587
1	305
0	27
0	6
0	55
1	69
0	10
0	29
0	37
0	39
0	69
1	37
1	27
1	11
1	19
0	10
1	9
0	15
0	4
1	78
1	20
0	31
1	60
0	24
0	53
0	54
1	64
1	74
1	44
1	50
1	52
1	33
1	60
1	60
1	48
1	22
1	73
1	32
0	57
0	13
0	80
0	46
0	0
0	43
0	65
0	66
1	78
1	48
0	5
0	20
0	24
0	53
0	33
1	53
0	26
1	17
1	2
1	73
1	76
1	12
1	82
0	80
1	38
1	68
0	76
1	44
0	6
1	32
1	73
1	22
1	5
1	75
0	3
0	48
1	68
0	49
0	62
1	56
1	74
1	57
1	49
0	42
0	32
0	30
1	17
0	55
0	56
1	48
1	31
0	7
0	26
0	16
0	60
0	78
0	14
0	15
1	3
1	18
0	23
1	31
1	4
1	27
0	11
1	33
1	50
1	35
1	73
1	72
1	27
0	54
1	55
1	65
0	142
0	120
0	18
0	132
0	116
1	163
0	62
1	21
1	112
1	146
1	96
1	28
1	98
0	42
0	106
1	59
0	97
1	157
1	52
1	10
0	6
0	15
1	73
0	125
1	118
0	102
1	154
1	7
0	152
0	42
0	18
0	82
0	122
0	133
1	41
1	2
1	25
1	46
1	67
1	73
1	72
1	70
1	21
0	69
0	2
1	36
1	71
1	37
1	47
0	8
0	27
0	67
1	75
1	14
1	28
1	16
1	11
0	18
1	27
0	71
0	72
0	38
1	66
1	4
1	5
1	56
1	70
1	46
0	9
1	48
1	35
1	65
1	23
1	40
1	70
1	59
0	91
1	1
0	82
1	34
1	67
1	88
1	86
0	52
1	41
1	93
1	84
1	56
1	84
1	56
1	84
1	56
0	81
0	2
0	81
0	2
0	81
0	2
1	12
1	70
1	12
1	70
1	12
1	70
0	36
0	91
0	36
0	91
0	36
0	91
1	89
0	48
1	41
1	56
1	89
0	48
1	41
1	56
1	89
0	48
1	41
1	56
0	55
0	55
0	93
0	55
0	93
0	55
0	93
1	2
1	97
0	30
0	82
0	90
0	55
0	93
1	2
1	97
0	30
0	82
0	90
1	67
1	67
0	1
0	64
1	67
0	1
0	64
1	67
0	1
0	64
1	25
0	87
0	95
1	22
0	96
0	62
1	67
0	1
0	64
1	25
0	87
0	95
1	22
0	96
0	62
0	72
0	83
1	9
1	9
0	31
0	61
1	64
0	56
1	29
1	68
1	37
1	9
0	31
0	61
1	64
0	56
1	29
1	68
1	37
1	9
0	31
0	61
1	64
0	56
1	29
1	68
1	37
1	22
0	7
1	42
1	9
0	31
0	61
1	64
0	56
1	29
1	68
1	37
1	22
0	7
1	42
1	53
1	46
0	77
0	77
0	14
0	77
0	14
0	77
0	14
0	79
0	77
0	14
0	79
1	40
1	40
0	73
1	59
1	58
1	40
0	73
1	59
1	58
0	16
1	9
1	40
0	73
1	59
1	58
1	40
0	73
1	59
1	58
0	16
1	9
1	75
1	37
1	82
0	98
0	54
0	52
0	73
1	60
0	35
1	62
1	20
1	53
1	92
1	88
1	15
0	52
0	94
1	16
0	53
0	82
0	84
0	81
1	78
0	19
1	68
1	26
1	90
1	13
1	13
0	45
0	94
0	62
1	15
0	23
1	47
0	57
0	19
1	39
0	90
1	13
0	45
0	94
0	62
1	15
0	23
1	47
0	57
0	19
1	39
0	90
0	9
0	75
0	0
1	89
1	65
0	73
0	24
0	5
1	53
0	74
0	63
1	13
0	45
0	94
0	62
1	15
0	23
1	47
0	57
0	19
1	39
0	90
0	9
0	75
0	0
1	89
1	65
0	73
0	24
0	5
1	53
0	74
0	63
1	33
1	33
1	43
0	14
1	18
0	34
1	73
0	62
1	91
1	6
1	52
1	33
1	43
0	14
1	18
0	34
1	73
0	62
1	91
1	6
1	52
1	15
1	33
1	43
0	14
1	18
0	34
1	73
0	62
1	91
1	6
1	52
1	15
1	97
0	84
1	45
1	3
1	33
1	43
0	14
1	18
0	34
1	73
0	62
1	91
1	6
1	52
1	15
1	97
1	33
1	43
0	14
1	18
0	34
1	73
0	62
1	91
1	6
1	52
1	15
1	97
0	84
1	45
1	3
1	17
1	63
1	63
0	29
1	62
1	79
1	77
1	48
1	63
0	29
1	62
1	79
1	77
1	48
1	78
1	63
0	29
1	62
1	79
1	77
1	48
1	78
1	69
1	18
1	97
1	97
0	15
1	87
1	63
1	92
1	47
1	4
1	97
0	15
1	87
1	63
1	92
1	47
1	4
1	97
0	15
1	87
1	63
1	92
1	47
1	4
1	25
1	34
0	11
1	72
1	81
1	79
1	97
0	15
1	87
1	63
1	92
1	47
1	4
1	25
1	34
0	11
1	72
1	81
1	79
1	97
0	15
1	87
1	63
1	92
1	47
1	4
1	25
1	34
0	11
1	72
1	81
1	88
1	88
0	57
1	81
1	86
1	31
0	83
1	28
1	73
0	41
1	93
1	0
1	88
0	57
1	81
1	86
1	31
0	83
1	28
1	73
0	41
1	93
1	0
1	88
0	57
1	81
1	86
1	31
0	83
1	28
1	73
0	41
1	93
1	0
1	71
1	88
0	57
1	81
1	86
1	31
0	83
1	28
1	73
0	41
1	93
1	0
1	71
1	88
0	57
1	81
1	86
1	31
0	83
1	28
1	73
0	41
1	93
1	0
1	71
1	35
1	25
0	81
0	81
1	0
1	38
1	4
0	8
1	65
0	81
1	0
1	38
1	4
0	8
1	65
1	62
1	53
0	81
1	0
1	38
1	4
0	8
1	65
1	62
1	53
1	18
1	66
0	91
1	94
1	93
0	81
1	0
1	38
1	4
0	8
1	65
1	62
1	53
1	18
1	66
0	91
1	94
0	81
1	0
1	38
1	4
0	8
1	65
1	62
1	53
1	18
1	66
0	91
1	94
1	93
1	3
1	35
1	31
0	42
0	42
0	35
0	55
1	20
0	79
0	25
0	30
0	42
0	35
0	55
1	20
0	79
0	25
0	30
0	42
0	35
0	55
1	20
0	79
0	25
0	30
1	26
1	50
1	12
0	99
0	37
0	75
0	62
0	80
1	7
0	24
0	39
0	97
0	42
0	35
0	55
1	20
0	79
0	25
0	30
1	26
1	50
1	12
0	99
0	37
0	75
0	62
0	80
1	7
0	24
0	39
0	97
0	18
0	42
0	35
0	55
1	20
0	79
0	25
0	30
1	26
1	50
1	12
0	99
0	37
0	75
1	56
1	56
1	86
1	91
1	87
1	60
1	56
1	86
1	91
1	87
1	60
1	37
1	56
1	86
1	91
1	87
1	60
1	37
1	17
1	76
1	78
1	56
1	86
1	91
1	87
1	60
1	37
1	17
1	76
1	78
1	56
1	86
1	91
1	87
1	60
1	37
1	17
1	76
1	78
0	63
1	84
1	81
0	18
1	75
0	29
0	24
0	19
0	30
0	24
0	81
0	90
0	22
0	68
0	99
0	95
1	65
1	37
1	55
1	73
1	52
1	39
1	94
0	0
0	57
0	78
0	0
0	57
0	59
0	58
0	49
0	3
0	28
0	13
0	92
1	64
0	56
1	89
0	71
0	35
0	44
1	86
1	80
1	62
0	4
1	95
1	38
1	48
1	56
0	21
1	53
1	81
0	98
1	8
1	63
1	52
0	97
1	73
0	4
1	32
0	87
0	9
1	38
1	49
1	99
1	85
1	37
1	77
0	20
0	14
0	17
0	63
0	34
1	10
1	46
1	54
1	21
1	85
1	56
1	9
0	93
1	7
1	10
1	20
1	31
1	96
1	43
0	41
0	53
0	11
0	2
1	4
0	47
0	57
1	40
1	21
1	32
1	9
1	91
1	88
0	13
1	3
1	27
0	3
1	35
1	69
1	17
1	61
1	1
0	49
0	63
0	86
1	58
0	8
0	80
0	49
0	63
0	86
1	58
0	8
0	80
0	49
0	63
0	86
1	58
0	8
0	80
0	49
0	63
0	86
1	58
0	8
0	80
1	50
1	25
1	46
1	2
0	99
0	93
1	29
1	82
1	52
1	65
0	84
1	21
1	41
1	96
1	23
1	72
1	78
0	97
1	74
0	61
0	94
1	31
0	86
0	4
1	92
0	63
1	35
1	26
1	10
0	8
1	7
1	60
0	65
1	80
1	97
1	33
1	43
1	42
1	89
1	61
0	11
0	69
0	19
0	73
1	97
1	52
0	41
1	74
1	59
0	10
0	66
1	32
0	16
1	50
1	65
1	9
0	61
1	98
0	6
0	20
0	25
1	45
0	26
0	79
0	78
1	92
1	5
0	18
1	39
1	45
1	77
0	22
0	83
0	1
0	53
1	37
0	71
0	66
1	50
1	83
1	18
1	33
1	41
1	37
0	16
0	49
0	15
0	96
0	72
0	65
1	49
0	32
1	35
1	70
0	99
1	2
0	56
0	11
0	24
1	93
0	20
0	0
1	98
0	9
1	35
1	72
0	71
1	60
0	17
0	55
0	88
0	30
0	53
0	86
0	94
0	90
1	7
0	69
0	93
1	6
0	62
1	30
1	89
1	86
1	63
1	41
1	45
1	83
1	68
