0	816
0	816
1	555
0	26
1	891
1	891
1	363
1	891
1	363
1	278
1	913
1	777
1	540
0	608
1	450
1	450
1	369
0	292
1	9
1	143
1	143
1	779
1	848
1	143
1	779
1	848
1	689
1	143
1	779
1	848
1	689
0	103
0	305
0	843
1	930
1	818
1	691
1	595
1	143
1	779
1	848
1	689
0	103
0	305
0	843
1	930
1	818
1	691
1	143
1	779
1	848
1	689
0	103
0	305
0	843
1	930
1	818
1	691
1	143
1	779
1	848
1	689
0	103
0	305
0	843
1	930
1	818
1	691
1	595
1	143
1	779
1	848
1	689
0	103
0	305
0	843
1	930
1	818
1	691
1	595
0	200
0	680
1	786
0	752
1	434
1	329
1	422
1	230
1	249
1	958
1	958
1	361
0	877
1	173
1	958
1	361
0	877
1	173
1	180
1	958
1	361
0	877
1	173
1	180
0	99
0	588
1	667
1	793
1	11
1	958
1	361
0	877
1	173
1	180
0	99
0	588
1	667
1	793
1	958
1	361
0	877
1	173
1	180
0	99
0	588
1	667
1	793
1	11
1	958
1	361
0	877
1	173
1	180
0	99
0	588
1	667
1	793
1	11
1	958
1	361
0	877
1	173
1	180
0	99
0	588
1	667
1	793
1	11
1	169
1	366
1	110
1	307
1	307
0	910
1	601
0	226
1	950
0	700
1	307
0	910
1	601
0	226
1	950
0	700
1	208
0	980
1	43
1	748
1	307
0	910
1	601
0	226
1	950
0	700
1	208
0	980
1	43
1	748
1	582
1	307
0	910
1	601
0	226
1	950
0	700
1	208
0	980
1	43
1	748
1	307
0	910
1	601
0	226
1	950
0	700
1	208
0	980
1	43
1	748
1	307
0	910
1	601
0	226
1	950
0	700
1	208
0	980
1	43
1	748
1	582
1	307
0	910
1	601
0	226
1	950
0	700
1	208
0	980
1	43
1	748
1	582
0	581
1	963
1	232
1	585
1	407
1	239
1	239
0	876
1	145
1	258
1	239
0	876
1	145
1	258
0	270
1	983
0	873
1	973
1	656
1	239
0	876
1	145
1	258
0	270
1	983
0	873
1	973
1	656
1	239
0	876
1	145
1	258
0	270
1	983
0	873
1	973
1	656
1	493
0	37
1	549
1	239
0	876
1	145
1	258
0	270
1	983
0	873
1	973
1	656
1	493
1	239
0	876
1	145
1	258
0	270
1	983
0	873
1	973
1	656
1	493
0	37
1	549
1	239
0	876
1	145
1	258
0	270
1	983
0	873
1	973
1	656
1	493
0	37
1	549
1	0
1	853
1	288
1	218
1	218
0	488
1	700
1	609
1	218
0	488
1	700
1	609
0	862
0	836
0	782
1	218
0	488
1	700
1	609
0	862
0	836
0	782
1	648
1	656
1	126
0	754
1	797
1	67
1	218
0	488
1	700
1	609
0	862
0	836
0	782
1	648
1	656
1	126
0	754
1	797
1	67
1	218
0	488
1	700
1	609
0	862
0	836
0	782
1	648
1	656
1	126
0	754
1	797
1	67
1	218
0	488
1	700
1	609
0	862
0	836
0	782
1	648
1	656
1	126
0	754
1	797
1	67
1	218
0	488
1	700
1	609
0	862
0	836
0	782
1	648
1	656
1	126
0	754
1	797
1	67
1	556
1	772
1	282
1	609
1	609
1	863
1	378
1	609
1	863
1	378
0	161
0	173
1	466
1	285
1	609
1	863
1	378
0	161
0	173
1	466
1	285
1	609
1	863
1	378
0	161
0	173
1	466
1	285
0	379
0	509
1	881
1	623
0	271
1	602
1	609
1	863
1	378
0	161
0	173
1	466
1	285
0	379
0	509
1	881
1	623
0	271
1	602
1	609
1	863
1	378
0	161
0	173
1	466
1	285
0	379
0	509
1	881
1	623
0	271
1	602
1	609
1	863
1	378
0	161
0	173
1	466
1	285
0	379
0	509
1	881
1	623
0	271
1	602
0	135
1	565
1	580
1	94
1	724
1	724
0	676
1	940
1	985
1	724
0	676
1	940
1	985
0	923
0	878
1	198
1	476
0	662
1	203
1	503
1	724
0	676
1	940
1	985
0	923
0	878
1	198
1	476
0	662
1	203
1	724
0	676
1	940
1	985
0	923
0	878
1	198
1	476
0	662
1	203
1	724
0	676
1	940
1	985
0	923
0	878
1	198
1	476
1	724
0	676
1	940
1	985
0	923
0	878
1	198
1	476
0	662
1	203
1	503
1	724
0	676
1	940
1	985
0	923
0	878
1	198
1	476
0	662
1	203
1	503
1	881
1	159
0	556
1	340
0	835
1	284
1	302
1	25
1	25
1	503
1	686
1	25
1	503
1	686
0	199
1	184
1	25
1	503
1	686
0	199
1	184
1	832
1	25
1	503
1	686
0	199
1	184
1	832
1	716
1	25
1	503
1	686
0	199
1	184
1	832
1	716
1	25
1	503
1	686
0	199
1	184
1	832
1	716
1	68
1	25
1	503
1	686
0	199
1	184
1	832
1	716
1	68
1	499
0	248
1	849
1	734
1	605
1	309
1	309
1	429
1	102
1	309
1	429
1	102
1	915
1	309
1	429
1	102
1	915
1	353
1	309
1	429
1	102
1	915
1	353
1	725
1	309
1	429
1	102
1	915
1	353
1	725
1	309
1	429
1	102
1	915
1	353
1	725
1	309
1	429
1	102
1	915
1	353
1	725
1	576
0	264
0	853
1	682
0	768
1	542
1	450
1	173
1	287
0	115
0	115
1	674
1	972
1	182
0	115
1	674
1	972
1	182
1	241
0	115
1	674
1	972
1	182
1	241
1	411
0	115
1	674
1	972
1	182
1	241
1	411
1	608
0	115
1	674
1	972
1	182
1	241
1	411
1	608
0	115
1	674
1	972
1	182
1	241
1	411
1	608
1	601
0	115
1	674
1	972
1	182
1	241
1	411
1	608
1	601
1	263
0	842
1	863
1	948
1	441
0	307
1	436
1	62
1	254
1	109
0	350
1	770
0	848
1	71
0	253
0	320
1	18
1	259
1	963
1	408
0	142
1	472
0	559
0	335
0	667
1	167
1	725
1	749
0	189
0	437
0	935
1	557
0	221
0	972
0	112
0	148
0	784
0	173
1	272
0	102
0	273
1	302
1	954
0	569
1	233
0	210
0	921
0	555
0	293
0	981
0	276
0	627
0	300
1	970
1	870
0	581
0	773
1	781
1	631
0	814
1	426
1	583
0	320
1	959
1	673
1	400
1	601
0	849
1	403
1	583
1	453
0	910
0	534
1	150
1	201
0	807
1	249
0	119
0	581
1	632
1	90
1	800
1	123
0	15
0	28
0	579
0	373
0	624
0	523
1	733
1	307
0	589
1	659
0	54
1	330
0	241
0	871
0	482
0	522
0	567
0	224
1	861
0	539
0	796
0	427
1	899
0	816
0	900
1	358
1	960
1	810
1	298
1	250
1	920
1	345
1	435
0	216
1	560
1	112
1	466
1	310
0	282
1	433
0	827
1	209
1	970
1	489
1	544
0	197
1	541
0	555
1	491
1	128
0	679
1	986
1	895
1	546
1	267
1	658
1	464
1	611
1	516
0	198
0	988
1	558
1	952
0	159
1	614
1	887
1	448
1	451
0	391
1	462
1	749
1	773
1	612
1	990
0	490
1	46
1	137
1	911
0	254
1	661
1	133
1	608
1	913
0	123
1	223
1	799
1	959
1	282
1	795
1	322
1	17
0	240
0	732
1	586
1	813
1	388
1	404
0	67
0	559
1	234
1	454
1	665
0	50
0	771
0	265
0	381
0	501
1	264
0	359
1	726
1	231
1	374
1	71
0	995
0	546
0	398
0	90
0	250
0	141
1	485
1	708
1	852
1	104
1	121
1	570
0	392
0	409
0	105
0	89
1	173
0	82
1	632
0	818
1	341
0	367
0	879
1	435
0	162
1	869
1	694
1	878
0	71
1	207
1	384
1	936
1	504
1	962
1	904
0	811
1	925
0	609
1	371
0	140
0	334
0	294
1	738
0	873
1	760
0	115
1	674
1	858
0	869
1	435
0	381
1	514
1	848
1	370
1	499
1	756
1	254
1	882
1	478
1	463
1	256
0	15
1	557
1	836
0	807
0	448
1	69
1	810
1	56
1	422
1	441
1	13
1	120
0	736
1	811
0	732
0	461
0	667
0	789
1	858
1	624
1	390
1	76
1	885
1	592
1	260
0	531
1	200
1	449
1	960
0	476
1	132
1	808
1	945
1	622
1	399
0	131
1	50
1	41
1	377
1	397
1	386
0	69
0	919
1	283
0	334
1	428
1	716
1	654
1	485
1	824
1	221
1	312
0	188
1	894
1	836
1	754
1	192
1	545
1	774
1	93
1	62
1	189
1	347
1	654
0	672
1	717
0	764
0	905
1	544
1	255
0	370
0	982
1	238
1	853
1	168
1	414
0	694
0	48
0	674
0	459
1	456
0	58
0	708
0	789
1	321
0	893
1	891
0	756
0	159
1	309
1	818
1	96
0	162
1	541
1	220
1	782
1	998
0	404
1	138
0	764
1	108
1	926
0	93
0	136
0	481
1	105
0	423
0	406
0	784
0	918
0	387
0	18
0	106
1	509
1	207
0	109
1	355
0	666
1	52
1	496
1	981
0	330
1	950
1	3
1	571
1	978
1	71
0	618
1	498
0	714
1	865
1	70
1	862
1	910
1	12
0	825
0	238
0	309
0	355
0	525
0	60
1	57
0	64
0	63
0	30
1	18
1	27
0	73
1	79
1	4
0	23
1	46
0	66
0	47
0	8
0	38
0	10
0	78
1	67
0	44
0	35
0	33
0	55
1	77
1	26
1	47
1	0
0	68
0	4
0	69
1	69
1	52
1	10
1	61
1	77
1	20
1	73
1	49
1	46
1	7
0	11
1	56
1	81
0	43
1	6
0	8
0	73
1	14
1	29
1	9
1	20
0	43
0	58
0	72
0	77
0	17
0	47
1	81
1	28
1	34
0	62
0	73
0	0
0	54
0	3
1	68
1	35
0	53
1	7
1	48
0	12
0	10
0	29
1	64
1	74
1	41
0	24
0	60
0	61
1	31
1	44
1	71
1	5
1	7
1	48
0	46
1	36
0	22
1	46
0	32
1	4
1	44
1	63
1	11
1	72
1	71
0	33
0	0
0	45
0	73
0	44
1	82
0	75
0	33
1	70
1	80
0	9
0	27
0	47
1	16
0	82
1	77
0	32
0	59
1	26
1	24
1	33
0	69
1	32
0	58
1	47
1	45
1	25
0	110
0	131
0	87
1	115
1	124
1	17
0	104
0	74
0	109
1	117
1	21
1	118
0	54
0	94
0	83
1	139
1	89
0	149
1	21
1	56
1	113
0	2
0	70
1	58
1	7
1	35
1	75
1	28
1	119
0	16
0	34
0	84
0	108
0	163
0	138
0	24
1	66
0	34
1	48
0	49
0	23
0	70
0	22
0	66
1	47
1	67
0	48
0	25
0	10
0	70
0	28
0	52
1	5
1	58
1	19
1	40
1	46
1	19
0	3
0	0
0	21
1	9
1	44
1	3
0	9
0	65
0	39
0	32
0	58
0	18
0	19
0	57
0	38
1	51
1	15
1	20
0	77
0	23
1	71
0	84
1	3
1	97
0	86
0	9
0	69
0	80
1	15
1	16
1	15
1	16
1	15
1	16
1	80
1	19
1	80
1	19
1	80
1	19
0	69
0	93
0	69
0	93
0	69
0	93
0	40
1	99
0	3
1	14
0	51
1	76
1	20
0	40
1	99
0	3
1	14
0	51
1	76
1	20
0	40
1	99
0	3
1	14
0	51
1	76
1	20
1	72
1	71
1	86
0	53
0	98
1	2
1	97
1	66
1	86
0	53
0	98
1	2
1	97
1	66
1	62
1	67
0	82
0	56
1	5
1	61
0	46
1	59
1	86
0	53
0	98
1	2
1	97
1	66
0	57
0	57
1	37
0	83
0	78
0	57
1	37
0	83
0	78
0	23
0	57
1	37
0	83
0	78
0	23
0	57
1	37
0	83
0	78
0	23
1	64
1	64
0	79
1	53
1	32
1	64
0	79
1	53
1	32
1	64
0	79
1	53
1	32
1	52
1	64
0	79
1	53
1	32
1	52
1	61
1	61
0	86
0	2
1	3
1	4
1	61
0	86
0	2
1	3
1	4
1	36
1	61
0	86
0	2
1	3
1	4
1	36
1	83
1	18
1	61
0	86
0	2
1	3
1	4
1	36
1	83
1	18
0	53
0	53
1	1
1	60
0	40
1	17
0	53
1	1
1	60
0	40
1	17
1	83
1	76
0	53
1	1
1	60
0	40
1	17
1	83
1	76
1	30
0	53
1	1
1	60
0	40
1	17
1	83
1	76
1	30
1	74
0	1
0	1
0	77
0	1
0	77
0	1
0	77
0	14
0	1
0	77
0	14
1	55
0	11
0	76
0	47
0	87
0	40
0	18
0	53
0	72
1	97
1	61
1	53
1	2
1	78
1	22
0	7
0	17
1	18
1	2
0	38
1	88
1	55
1	43
1	49
1	3
0	94
1	29
1	56
1	18
1	18
1	38
0	56
1	28
1	8
1	24
1	18
1	38
0	56
1	28
1	8
1	24
1	78
1	18
1	38
0	56
1	28
1	8
1	24
1	78
1	74
1	71
1	22
0	19
1	29
1	35
1	41
1	99
1	99
0	73
1	80
1	98
0	10
1	54
1	37
1	99
0	73
1	80
1	98
0	10
1	54
1	37
1	12
0	91
1	58
1	99
0	73
1	80
1	98
0	10
1	54
1	37
1	12
0	91
1	58
1	78
1	59
1	99
0	73
1	80
1	98
0	10
1	54
1	37
1	12
0	91
1	58
1	78
1	59
1	99
0	73
1	80
1	98
0	10
1	54
1	37
1	12
0	91
1	58
1	78
1	59
1	9
1	57
0	20
0	20
1	53
1	43
1	12
0	61
1	70
0	20
1	53
1	43
1	12
0	61
1	70
0	34
1	47
1	30
0	9
1	56
1	69
1	55
0	20
1	53
1	43
1	12
0	61
1	70
0	34
1	47
1	30
1	32
1	32
0	24
1	92
1	16
1	40
1	75
1	33
1	32
0	24
1	92
1	16
1	40
1	75
1	33
1	32
0	24
1	92
1	16
1	40
1	75
1	33
1	98
0	68
0	44
1	81
1	37
1	72
0	20
0	50
1	74
1	89
1	32
0	24
1	92
1	16
1	40
1	75
1	33
1	98
0	68
0	44
1	81
1	37
1	72
0	20
0	50
1	74
1	89
0	95
1	99
1	67
1	78
1	57
1	32
0	24
1	92
1	16
1	40
1	75
1	33
1	98
0	68
0	44
1	81
1	37
1	72
1	86
1	86
1	1
0	13
0	26
0	59
1	31
1	86
1	1
0	13
0	26
0	59
1	31
1	30
0	88
0	18
0	51
0	76
1	86
1	1
0	13
0	26
0	59
1	31
1	30
0	88
0	18
0	51
0	76
0	17
1	86
1	1
0	13
0	26
0	59
1	31
1	30
0	88
0	18
0	51
0	76
0	17
0	11
1	16
0	60
1	86
1	1
0	13
0	26
0	59
1	31
1	30
0	88
0	18
0	51
0	76
0	17
0	11
1	16
0	60
1	54
1	54
1	61
0	13
0	99
0	94
0	47
0	73
1	54
1	61
0	13
0	99
0	94
0	47
0	73
0	10
1	54
1	61
0	13
0	99
0	94
0	47
0	73
0	10
0	28
0	5
1	88
1	68
1	46
0	27
0	72
0	49
1	1
0	39
1	83
0	78
0	29
0	75
0	4
0	79
0	19
1	54
1	61
0	13
0	99
0	94
0	47
0	73
0	10
0	28
0	5
1	88
1	68
1	46
0	27
0	72
0	49
1	1
0	39
1	83
0	78
0	29
0	75
0	4
0	79
0	19
0	80
1	54
1	61
0	13
0	99
0	94
0	47
0	73
0	10
0	28
0	5
1	88
1	68
1	46
0	27
0	72
0	49
1	1
0	39
1	83
0	78
0	29
0	75
0	4
0	79
0	19
1	62
1	62
0	35
0	61
0	21
1	0
1	43
0	46
1	29
1	10
0	41
1	3
1	84
1	78
0	7
0	28
0	22
0	27
0	68
0	48
0	55
0	53
1	62
0	35
0	61
0	21
1	0
1	43
0	46
1	29
1	10
0	41
1	3
1	84
1	78
0	7
0	28
0	22
0	27
0	68
0	48
1	62
0	35
0	61
0	21
1	0
1	43
0	46
1	29
1	10
0	41
1	3
1	84
1	78
0	7
0	28
0	22
0	27
0	68
0	48
0	55
0	53
0	59
1	62
0	35
0	61
0	21
1	0
1	43
0	46
1	29
1	10
0	41
1	3
1	84
1	78
0	7
0	28
0	22
0	27
0	68
0	48
0	55
0	53
0	59
1	62
0	35
0	61
0	21
1	0
1	43
0	46
1	29
1	10
0	41
1	3
1	84
1	78
0	7
0	28
0	22
0	27
0	68
0	48
0	55
0	53
0	59
0	70
0	14
1	30
0	13
0	79
0	32
0	17
0	17
0	87
0	12
0	61
1	64
0	96
0	17
0	87
0	12
0	61
1	64
0	96
0	0
0	17
0	87
0	12
0	61
1	64
0	96
0	0
0	21
0	52
1	74
1	67
0	58
0	17
0	87
0	12
0	61
1	64
0	96
0	0
0	21
0	52
1	74
1	67
0	58
0	63
0	62
0	17
0	87
0	12
0	61
1	64
0	96
0	0
0	21
0	52
1	74
1	67
0	58
0	63
0	62
1	14
0	54
0	10
0	57
1	63
1	90
0	22
1	98
0	2
0	26
1	43
1	29
0	71
0	20
0	14
1	62
1	25
0	50
1	75
1	84
0	57
1	7
0	81
1	10
0	82
1	42
0	52
0	43
0	9
1	82
1	40
1	35
1	73
0	97
1	43
0	9
0	94
0	86
1	18
0	47
0	42
0	90
1	66
0	25
0	68
0	65
1	98
1	30
1	96
0	61
1	59
1	72
1	70
0	11
1	69
0	76
1	58
0	48
1	65
0	11
0	60
0	56
1	78
0	16
1	98
0	59
0	10
0	71
0	22
0	90
0	56
0	40
0	80
0	34
1	93
0	53
0	15
0	89
0	38
0	41
1	24
0	53
1	95
0	87
1	31
0	28
1	10
0	64
0	43
1	53
1	51
0	9
1	82
1	35
1	32
1	27
1	33
1	49
1	82
1	32
1	74
1	3
1	14
0	39
0	9
1	43
0	16
1	42
1	54
1	77
1	48
1	6
1	84
1	54
1	77
1	48
1	6
1	84
1	54
1	77
1	48
1	6
1	84
1	54
1	77
1	48
1	6
1	84
0	12
0	53
0	81
1	67
0	9
1	32
0	13
1	82
0	35
1	93
1	61
1	91
1	23
1	91
1	6
0	82
1	15
1	17
1	79
0	2
1	92
0	87
0	64
0	15
1	54
1	62
0	32
1	93
0	58
1	7
0	8
0	65
1	86
0	60
0	95
0	81
0	49
0	77
0	9
1	65
1	6
0	9
0	31
1	45
0	27
1	96
0	5
1	13
1	67
1	26
1	0
0	81
1	84
1	95
1	85
1	31
1	19
1	47
0	97
1	15
1	72
0	94
0	30
0	57
0	63
0	80
1	73
0	85
1	58
0	54
0	20
1	21
1	18
1	40
1	36
0	82
1	99
0	91
1	28
1	38
1	14
1	42
1	61
1	90
0	82
1	24
0	1
1	52
1	59
1	74
0	27
1	40
1	62
1	23
1	55
1	86
0	92
1	82
1	17
1	64
1	27
0	96
1	37
1	92
0	85
1	90
0	22
0	41
1	95
0	15
1	60
1	76
0	10
1	32
0	43
0	58
0	78
0	33
0	44
0	51
0	98
1	6
1	33
1	76
1	44
0	47
1	36
0	95
1	68
1	83
1	10
0	53
1	59
1	48
1	21
1	15
0	68
1	66
1	32
0	49
1	85
