1	607
1	607
1	879
0	473
1	921
1	921
1	516
1	921
1	516
0	840
0	828
1	933
0	236
0	919
1	296
1	296
1	626
1	849
1	498
1	498
1	470
0	577
1	885
1	498
1	470
0	577
1	885
1	5
1	498
1	470
0	577
1	885
1	5
1	611
1	498
1	470
0	577
1	885
1	5
1	611
1	534
1	498
1	470
0	577
1	885
1	5
1	611
1	534
1	498
1	470
0	577
1	885
1	5
1	611
1	534
1	309
1	498
1	470
0	577
1	885
1	5
1	611
1	534
1	309
1	93
1	99
0	594
1	205
0	320
1	194
1	944
1	846
1	191
1	191
1	552
0	834
1	516
1	191
1	552
0	834
1	516
1	114
1	191
1	552
0	834
1	516
1	114
1	32
1	191
1	552
0	834
1	516
1	114
1	32
0	935
1	648
0	643
1	46
1	175
1	191
1	552
0	834
1	516
1	114
1	32
0	935
1	648
0	643
1	46
1	175
1	751
1	191
1	552
0	834
1	516
1	114
1	32
0	935
1	648
0	643
1	46
1	175
1	751
0	460
1	129
1	191
1	552
0	834
1	516
1	114
1	32
0	935
1	648
0	643
1	46
1	175
1	751
0	460
1	129
0	239
0	733
0	979
1	697
1	217
0	635
0	797
1	475
1	449
1	78
1	944
0	169
0	169
1	829
0	107
1	273
1	267
0	169
1	829
0	107
1	273
1	267
1	217
0	169
1	829
0	107
1	273
1	267
1	217
0	956
1	803
1	237
0	169
1	829
0	107
1	273
1	267
1	217
0	956
1	803
1	237
0	169
1	829
0	107
1	273
1	267
1	217
0	956
1	803
1	237
0	169
1	829
0	107
1	273
1	267
1	217
0	956
1	803
1	237
1	665
0	169
1	829
0	107
1	273
1	267
1	217
0	956
1	803
1	237
1	665
0	578
1	877
0	435
1	835
1	531
1	124
1	382
1	474
1	610
1	610
1	685
1	822
1	610
1	685
1	822
1	372
1	610
1	685
1	822
1	372
1	423
1	610
1	685
1	822
1	372
1	423
1	757
1	610
1	685
1	822
1	372
1	423
1	757
1	610
1	685
1	822
1	372
1	423
1	757
1	610
1	685
1	822
1	372
1	423
1	757
1	804
1	921
0	707
0	596
1	20
1	15
1	722
1	516
1	516
1	207
1	805
1	516
1	207
1	805
0	53
1	545
1	516
1	207
1	805
0	53
1	545
1	543
1	516
1	207
1	805
0	53
1	545
1	543
0	929
1	767
1	430
1	516
1	207
1	805
0	53
1	545
1	543
0	929
1	767
1	430
1	516
1	207
1	805
0	53
1	545
1	543
0	929
1	767
1	430
1	516
1	207
1	805
0	53
1	545
1	543
0	929
1	767
1	430
1	254
1	359
0	461
1	458
1	307
1	760
1	760
1	46
1	807
1	760
1	46
1	807
1	358
1	760
1	46
1	807
1	358
1	42
1	760
1	46
1	807
1	358
1	42
1	895
1	760
1	46
1	807
1	358
1	42
1	895
1	760
1	46
1	807
1	358
1	42
1	895
1	760
1	46
1	807
1	358
1	42
1	895
1	334
1	770
0	204
1	931
0	652
1	696
1	145
1	458
1	16
1	16
1	860
1	357
1	16
1	860
1	357
1	7
1	16
1	860
1	357
1	7
1	583
1	16
1	860
1	357
1	7
1	583
1	613
1	16
1	860
1	357
1	7
1	583
1	613
1	16
1	860
1	357
1	7
1	583
1	613
1	16
1	860
1	357
1	7
1	583
1	613
1	8
0	612
1	382
1	526
0	385
1	727
0	178
1	941
1	288
1	455
1	136
1	369
1	369
1	886
1	8
1	369
1	886
1	8
1	55
1	369
1	886
1	8
1	55
0	558
1	93
1	369
1	886
1	8
1	55
0	558
1	93
0	923
1	197
1	212
1	369
1	886
1	8
1	55
0	558
1	93
0	923
1	197
1	212
1	275
1	369
1	886
1	8
1	55
0	558
1	93
0	923
1	197
1	212
1	369
1	886
1	8
1	55
0	558
1	93
0	923
1	197
1	212
1	275
0	914
1	573
0	430
1	583
0	419
1	170
1	346
1	899
1	850
1	617
1	617
0	242
1	388
1	195
1	617
0	242
1	388
1	195
0	372
1	586
0	299
1	169
1	762
1	617
0	242
1	388
1	195
0	372
1	586
0	299
1	169
1	617
0	242
1	388
1	195
0	372
1	586
0	299
1	169
1	762
1	617
0	242
1	388
1	195
0	372
1	586
0	299
1	169
1	762
1	617
0	242
1	388
1	195
0	372
1	586
0	299
1	169
1	762
1	630
1	617
0	242
1	388
1	195
0	372
1	586
0	299
1	169
1	762
1	630
1	587
0	699
1	353
1	959
0	16
0	842
1	706
1	362
0	604
1	315
1	356
1	314
1	314
1	979
1	207
1	314
1	979
1	207
1	997
1	314
1	979
1	207
1	997
0	806
1	309
1	314
1	979
1	207
1	997
0	806
1	309
1	211
1	314
1	979
1	207
1	997
0	806
1	309
1	211
1	314
1	979
1	207
1	997
0	806
1	309
1	211
1	792
1	314
1	979
1	207
1	997
0	806
1	309
1	211
1	792
1	830
1	709
1	828
1	662
0	21
1	311
1	471
0	923
1	18
1	569
1	72
1	274
0	419
0	64
0	505
0	832
0	635
1	694
0	954
1	114
0	834
0	444
0	907
0	491
1	518
0	920
1	224
0	852
0	804
1	688
1	927
1	554
1	655
0	814
1	174
1	675
0	799
0	367
0	112
0	36
0	772
0	418
0	237
1	8
0	904
1	296
1	683
1	398
0	908
1	452
1	503
1	292
0	928
1	816
0	589
1	276
1	15
1	697
1	683
1	203
0	510
0	330
0	308
1	725
0	997
0	645
1	638
1	426
0	430
0	954
0	768
1	15
0	28
0	397
1	377
1	97
1	50
0	754
1	485
1	175
1	797
1	278
0	840
1	660
1	507
1	285
0	206
1	3
1	583
0	190
1	397
0	146
1	166
0	136
0	112
0	537
1	849
1	892
1	691
1	952
1	886
0	356
0	553
1	518
1	533
0	329
1	62
0	240
1	497
0	199
1	6
1	587
1	336
1	474
1	994
1	531
1	536
0	209
1	23
1	495
1	738
1	3
1	340
0	507
0	798
1	624
0	711
0	767
1	765
0	360
0	739
1	602
0	707
0	256
0	609
0	726
0	810
0	42
0	342
0	976
0	346
0	844
1	127
1	686
0	435
1	319
1	860
1	705
0	870
0	880
1	859
1	501
1	985
1	111
1	351
0	992
0	291
1	180
0	104
1	623
0	588
1	404
1	475
0	744
1	929
1	912
0	331
1	441
1	368
0	943
0	173
1	408
0	861
1	203
0	559
1	739
0	842
1	669
1	189
0	226
1	647
0	334
0	550
1	843
1	691
0	740
1	776
0	718
0	646
1	206
1	683
0	184
1	999
1	45
0	99
0	354
1	449
1	317
0	203
0	132
0	178
1	748
1	184
1	754
1	279
1	102
0	74
0	628
1	552
0	56
0	975
0	133
1	168
1	869
1	859
1	130
1	661
0	311
0	636
0	826
0	649
0	742
1	183
0	588
0	59
1	185
0	826
1	385
1	108
0	1
1	967
0	864
0	593
1	732
1	824
1	96
0	630
1	216
1	564
0	209
0	340
0	938
1	218
1	14
1	12
1	1
0	667
1	145
1	339
0	559
0	163
1	211
1	757
1	543
0	309
1	629
1	562
0	416
1	302
1	587
1	847
1	974
1	696
0	131
1	169
1	140
1	67
1	702
1	523
1	399
1	866
1	831
0	750
0	517
1	793
0	784
0	408
1	692
1	103
0	220
0	618
0	926
1	353
1	64
1	335
1	806
1	104
1	301
1	266
1	735
0	716
1	875
0	175
0	206
1	363
1	221
1	116
1	936
0	809
1	607
1	164
1	686
1	16
1	378
1	845
1	460
1	910
1	191
1	80
0	845
0	320
0	670
0	723
0	157
1	95
0	278
1	231
0	244
0	948
0	630
1	113
1	141
1	359
1	442
0	249
0	837
1	477
1	269
1	654
1	481
1	804
1	248
1	859
0	913
1	123
0	517
1	454
0	456
1	380
1	265
0	994
0	36
1	563
1	995
0	44
0	491
0	394
0	387
1	515
0	494
1	719
0	25
0	956
0	84
0	303
1	248
1	221
0	456
1	995
1	886
1	241
1	313
0	190
0	809
0	749
0	426
1	709
0	676
1	650
0	667
1	11
0	943
0	67
1	420
1	662
1	277
0	248
1	73
1	484
0	708
0	170
0	379
0	17
0	148
1	443
0	597
0	943
1	841
1	33
1	243
1	839
1	672
1	208
1	999
1	262
1	226
0	673
0	765
0	904
0	399
1	29
0	977
1	585
0	958
1	4
0	624
1	130
1	827
1	540
1	938
0	799
1	164
1	573
0	601
1	625
0	481
1	978
1	698
0	629
1	191
1	226
0	59
1	5
1	9
1	13
1	11
1	10
0	82
0	57
1	68
1	3
1	31
0	71
0	56
1	58
0	37
1	46
0	11
0	1
1	59
1	56
1	52
0	44
0	32
0	43
1	15
0	12
0	9
1	15
0	33
1	27
1	19
0	75
0	14
0	76
0	47
1	30
1	21
0	40
1	65
0	62
1	31
1	2
0	37
0	38
0	24
1	70
0	52
0	51
1	55
0	79
1	39
1	50
1	22
1	10
1	56
1	18
1	1
1	37
0	45
1	32
1	48
1	2
0	75
1	71
1	35
0	14
0	0
0	31
1	61
0	5
0	40
0	60
1	57
0	46
0	17
1	13
1	56
1	64
1	59
0	39
0	82
1	45
0	28
0	8
0	15
1	72
1	1
0	36
0	16
0	50
0	63
1	23
1	54
0	57
1	1
0	55
1	60
1	56
1	15
1	4
1	23
0	3
1	64
1	76
0	4
1	80
1	69
1	78
1	10
1	72
1	76
1	9
1	78
1	21
1	1
0	65
1	21
0	51
0	38
0	23
0	0
1	66
1	15
1	12
0	52
0	75
0	61
1	70
0	13
1	39
1	26
1	46
1	18
0	22
1	24
0	49
1	51
1	2
1	13
0	26
0	77
0	55
0	81
0	113
0	162
0	60
0	8
1	99
0	135
1	131
1	71
1	4
0	60
1	145
1	123
0	156
1	162
1	111
1	30
0	62
0	89
0	49
0	45
0	49
0	148
0	136
1	148
0	140
0	69
0	90
0	77
0	130
1	46
1	86
1	77
1	71
1	24
1	64
0	67
0	22
1	57
0	21
1	10
1	68
1	2
1	31
1	3
1	47
0	61
0	1
0	26
1	39
1	58
1	30
1	66
1	62
1	45
1	31
0	51
0	30
1	68
0	14
1	57
1	2
1	69
1	70
1	43
0	24
0	54
1	65
0	14
0	49
0	6
0	23
0	42
0	64
0	83
0	89
0	6
0	45
1	6
1	54
0	88
0	30
0	71
1	50
0	9
0	60
0	71
1	50
0	9
0	60
0	71
1	50
0	9
0	60
0	11
1	91
0	29
0	89
0	11
1	91
0	29
0	89
0	11
1	91
0	29
0	89
1	98
1	65
1	98
1	65
1	98
1	65
1	14
0	85
0	2
0	99
1	89
0	55
0	28
1	14
0	85
0	2
0	99
1	14
0	85
0	2
0	99
0	32
0	34
0	32
0	34
0	32
0	34
0	74
0	74
1	90
0	49
0	74
1	90
0	49
1	89
1	20
1	92
0	91
0	74
1	90
0	49
1	89
1	20
1	92
0	91
1	33
1	94
0	74
1	90
0	49
1	89
1	20
1	92
0	91
1	33
1	94
1	60
0	35
0	35
0	63
0	35
0	63
0	35
0	63
1	84
0	81
0	3
0	35
0	63
1	84
0	81
0	3
0	93
0	93
0	16
0	93
0	16
0	93
0	16
0	19
0	93
0	16
0	19
0	78
0	78
1	14
0	49
1	87
0	34
0	78
1	14
0	49
1	87
0	34
0	66
1	1
0	55
0	24
0	62
0	78
1	14
0	49
1	87
0	34
0	66
1	1
0	55
0	24
0	62
0	28
0	78
1	14
0	49
1	87
0	34
0	66
1	1
0	55
0	24
0	62
0	51
0	51
1	5
1	14
0	51
1	5
1	14
1	35
0	51
1	5
1	14
1	35
1	61
0	51
1	5
1	14
1	35
1	61
1	30
0	8
1	6
0	42
0	90
0	23
0	83
0	6
1	22
1	27
0	89
1	45
1	3
1	16
1	52
1	40
1	99
0	41
0	12
0	24
1	27
0	37
1	16
1	19
0	65
1	40
1	84
0	52
1	35
0	86
1	80
1	77
0	66
1	6
1	14
1	43
0	25
1	83
1	55
1	87
1	73
1	64
1	92
1	68
1	7
1	72
1	66
1	13
1	13
1	80
1	1
1	30
1	17
1	13
1	80
1	1
1	30
1	17
1	66
1	13
1	80
1	1
1	30
1	17
1	66
0	24
1	23
1	26
0	85
0	29
1	59
1	71
1	35
1	11
1	52
0	88
1	76
1	98
0	47
0	47
0	31
0	29
0	70
0	49
0	47
0	31
0	29
0	70
0	49
0	5
0	47
0	31
0	29
0	70
0	49
0	5
1	48
1	17
0	62
1	90
0	46
0	24
0	47
0	31
0	29
0	70
0	49
0	5
1	48
1	17
0	62
1	90
0	46
0	24
0	82
1	25
0	86
1	80
0	32
0	10
0	3
1	45
0	68
0	34
0	93
0	83
0	47
0	31
0	29
0	70
0	49
0	5
1	48
1	17
0	62
1	90
0	46
0	24
0	56
0	56
0	98
0	60
0	84
0	9
0	56
0	98
0	60
0	84
0	9
0	81
0	56
0	98
0	60
0	84
0	9
0	81
0	48
0	6
0	39
1	23
1	23
0	12
0	85
0	63
1	72
1	65
0	20
1	83
0	25
0	6
1	39
1	59
1	76
1	23
0	12
0	85
0	63
1	72
1	65
0	20
1	83
0	25
0	6
1	39
1	59
1	76
1	98
1	18
0	96
0	22
1	29
1	75
1	52
0	19
1	53
1	51
1	7
1	23
0	12
0	85
0	63
1	72
1	65
0	20
1	83
0	25
0	6
1	39
1	59
1	76
1	23
0	12
0	85
0	63
1	72
1	65
0	20
1	83
0	25
0	6
1	39
1	59
1	76
1	98
1	18
0	96
0	22
1	29
1	75
1	52
0	19
1	53
1	51
1	23
0	12
0	85
0	63
1	72
1	65
0	20
1	83
0	25
0	6
1	39
1	59
1	76
0	68
0	68
0	19
0	41
0	23
0	32
0	68
0	19
0	41
0	23
0	32
0	12
0	68
0	19
0	41
0	23
0	32
0	12
0	22
0	83
0	42
1	57
1	0
0	53
0	73
0	87
1	94
0	55
0	34
0	68
0	19
0	41
0	23
0	32
0	12
0	22
0	83
0	42
0	68
0	19
0	41
0	23
0	32
0	12
0	22
0	83
0	42
1	57
1	0
0	53
0	73
0	87
1	94
0	55
0	34
0	67
1	27
1	27
0	96
1	33
1	29
0	70
1	65
1	27
0	96
1	33
1	29
0	70
1	65
0	95
0	61
1	77
1	53
0	4
1	23
0	82
0	74
1	92
0	36
1	27
0	96
1	33
1	29
0	70
1	65
0	95
0	61
1	77
1	53
0	4
1	23
0	82
0	74
1	92
0	36
1	27
0	96
1	33
1	29
0	70
1	65
0	95
0	61
1	77
1	53
0	4
1	23
0	82
0	74
1	92
0	36
0	50
0	35
1	63
1	69
0	37
0	93
0	79
0	18
1	27
0	96
1	33
1	29
0	70
1	65
0	95
0	61
1	77
1	53
0	4
1	23
0	82
0	74
1	92
0	36
0	50
0	35
1	63
1	69
0	37
0	93
0	79
0	18
1	79
1	79
1	74
0	26
0	59
1	38
0	3
0	72
0	6
0	78
1	79
1	74
0	26
0	59
1	38
0	3
0	72
1	79
1	74
0	26
0	59
1	38
0	3
0	72
0	6
0	78
0	34
0	18
1	79
1	74
0	26
0	59
1	38
0	3
0	72
0	6
0	78
0	34
0	18
0	46
0	98
1	79
1	74
0	26
0	59
1	38
0	3
0	72
0	6
0	78
0	34
0	18
0	46
0	98
0	91
0	91
0	11
0	89
0	65
0	34
0	91
0	11
0	89
0	65
0	34
1	58
0	82
0	91
0	11
0	89
0	65
0	34
1	58
0	82
1	63
0	81
0	62
0	85
0	91
0	11
0	89
0	65
0	34
1	58
0	82
1	63
0	81
0	62
0	85
0	91
0	11
0	89
0	65
0	34
1	58
0	82
1	63
0	81
0	62
0	85
1	29
0	23
0	70
1	4
0	14
0	17
1	84
1	24
1	91
1	90
1	81
1	17
0	64
0	30
0	6
0	21
1	86
0	58
0	39
0	42
0	36
0	8
0	50
0	26
0	72
0	6
1	89
1	62
0	64
0	78
1	44
1	1
1	8
1	76
0	82
0	1
0	91
0	7
1	45
1	31
1	21
1	57
0	75
0	44
1	49
1	30
0	64
0	3
0	88
0	43
0	81
0	60
1	0
0	62
1	59
0	73
0	85
1	41
1	60
0	8
1	0
1	78
0	42
1	3
0	97
1	19
1	2
1	21
1	25
1	22
0	31
1	92
1	1
1	58
0	6
0	36
0	82
0	16
0	49
0	90
1	13
1	62
1	57
0	3
1	5
1	8
0	69
0	72
0	59
0	23
0	96
1	51
1	24
1	66
1	84
0	50
1	35
0	22
0	62
1	35
0	68
0	51
0	14
0	52
1	39
1	23
1	94
1	54
1	13
0	38
1	85
1	97
1	44
0	90
1	95
1	10
0	38
1	85
1	97
1	44
0	90
1	95
1	10
0	38
1	85
1	97
1	44
0	90
1	95
1	10
0	38
1	85
1	97
1	44
0	90
1	95
1	10
1	64
0	41
0	20
1	42
1	12
1	45
1	96
1	87
1	72
0	82
0	16
1	91
1	78
0	90
0	80
1	26
1	48
1	85
0	59
1	77
1	6
0	97
1	39
1	27
1	39
0	63
1	90
1	57
0	83
0	59
1	32
1	31
1	16
1	97
0	54
1	23
0	48
1	4
1	29
1	13
1	92
1	84
0	76
1	9
0	67
0	68
0	36
