1	886
1	886
0	737
1	889
1	384
1	384
1	384
0	575
1	142
1	959
1	170
1	945
0	994
1	440
1	440
1	355
1	91
0	520
0	520
0	773
1	461
1	603
1	803
0	520
0	773
1	461
1	603
1	803
1	346
1	734
0	520
0	773
1	461
1	603
1	803
1	346
1	734
0	520
0	773
1	461
1	603
1	803
1	346
1	734
1	614
0	520
0	773
1	461
1	603
1	803
1	346
1	734
1	614
0	520
0	773
1	461
1	603
1	803
1	346
1	734
1	614
0	520
0	773
1	461
1	603
1	803
1	346
1	734
1	614
1	13
1	215
1	363
1	741
1	504
1	113
1	113
1	255
1	591
1	113
1	255
1	591
1	862
1	113
1	255
1	591
1	862
1	71
1	113
1	255
1	591
1	862
1	71
1	653
1	113
1	255
1	591
1	862
1	71
1	653
1	113
1	255
1	591
1	862
1	71
1	653
1	113
1	255
1	591
1	862
1	71
1	653
1	4
0	452
1	35
1	523
0	647
1	103
1	141
1	879
1	79
1	79
1	354
0	477
0	941
1	79
1	354
0	477
0	941
1	599
1	977
1	79
1	354
0	477
0	941
1	599
1	977
0	170
1	785
0	442
0	500
1	877
1	418
0	45
1	709
0	929
0	468
1	906
1	362
1	682
1	79
1	354
0	477
0	941
1	599
1	977
0	170
1	785
0	442
0	500
1	877
1	418
0	45
1	709
0	929
0	468
1	79
1	354
0	477
0	941
1	599
1	977
0	170
1	785
0	442
0	500
1	877
1	418
0	45
1	709
0	929
0	468
1	906
1	362
1	682
1	79
1	354
0	477
0	941
1	599
1	977
0	170
1	785
0	442
0	500
1	877
1	418
0	45
1	709
0	929
0	468
1	906
1	362
1	682
0	903
0	128
1	738
0	308
1	349
1	592
1	137
1	79
1	354
0	477
0	941
1	599
1	977
0	170
1	785
0	442
0	500
1	877
1	418
0	45
1	709
0	929
0	468
1	906
1	362
1	682
0	903
0	128
1	738
0	308
1	349
1	592
1	137
1	898
0	940
0	940
1	970
1	78
1	901
0	940
1	970
1	78
1	901
1	2
0	940
1	970
1	78
1	901
1	2
0	149
1	594
1	482
1	551
0	940
1	970
1	78
1	901
1	2
0	149
1	594
1	482
0	940
1	970
1	78
1	901
1	2
0	149
1	594
1	482
0	940
1	970
1	78
1	901
1	2
0	149
1	594
1	482
0	940
1	970
1	78
1	901
1	2
0	149
1	594
1	482
1	551
0	800
1	30
1	710
0	608
1	745
1	405
0	783
0	783
0	615
0	556
0	783
0	615
0	556
0	287
0	783
0	615
0	556
0	287
1	880
1	380
1	833
1	242
0	783
0	615
0	556
0	287
1	880
1	380
1	833
1	242
1	205
1	418
0	783
0	615
0	556
0	287
1	880
1	380
1	833
1	242
1	205
0	783
0	615
0	556
0	287
1	880
1	380
1	833
1	242
1	205
1	418
0	783
0	615
0	556
0	287
1	880
1	380
1	833
1	242
1	205
1	418
0	618
1	107
1	913
0	825
0	874
1	297
1	134
0	149
0	744
1	19
1	634
1	609
1	186
1	823
1	419
1	792
1	792
1	941
1	151
1	792
1	941
1	151
1	340
1	792
1	941
1	151
1	340
1	337
1	792
1	941
1	151
1	340
1	337
0	442
1	213
1	792
1	941
1	151
1	340
1	337
0	442
1	213
1	792
1	941
1	151
1	340
1	337
0	442
1	213
1	50
1	792
1	941
1	151
1	340
1	337
0	442
1	213
1	50
1	653
1	913
1	482
1	528
1	272
1	272
1	703
1	477
1	272
1	703
1	477
1	756
1	272
1	703
1	477
1	756
1	390
1	272
1	703
1	477
1	756
1	390
1	694
1	272
1	703
1	477
1	756
1	390
1	694
1	272
1	703
1	477
1	756
1	390
1	694
1	272
1	703
1	477
1	756
1	390
1	694
1	650
0	170
1	458
0	734
0	777
0	155
1	689
1	522
1	501
1	626
0	521
1	98
1	489
1	8
1	8
0	498
1	24
1	53
1	8
0	498
1	24
1	53
1	856
1	8
0	498
1	24
1	53
1	856
1	506
1	8
0	498
1	24
1	53
1	856
1	506
0	680
1	176
1	429
0	842
0	635
0	130
1	99
1	274
1	523
1	392
1	8
0	498
1	24
1	53
1	856
1	506
0	680
1	176
1	429
0	842
0	635
0	130
1	99
1	274
1	523
1	392
1	8
0	498
1	24
1	53
1	856
1	506
0	680
1	176
1	429
0	842
0	635
0	130
1	99
1	274
1	523
1	392
1	8
0	498
1	24
1	53
1	856
1	506
0	680
1	176
1	429
0	842
0	635
0	130
1	99
1	274
1	523
1	392
1	545
1	772
1	772
1	180
0	374
1	584
1	772
1	180
0	374
1	584
1	49
1	772
1	180
0	374
1	584
1	49
0	291
0	575
0	179
1	772
1	180
0	374
1	584
1	49
0	291
0	575
0	179
1	955
1	564
1	244
1	727
1	772
1	180
0	374
1	584
1	49
0	291
0	575
0	179
1	955
1	564
1	244
1	727
1	772
1	180
0	374
1	584
1	49
0	291
0	575
0	179
1	955
1	564
1	244
1	727
1	772
1	180
0	374
1	584
1	49
0	291
0	575
0	179
1	955
1	564
1	244
1	727
1	608
1	990
1	125
1	125
1	608
1	904
1	125
1	608
1	904
1	372
1	125
1	608
1	904
1	372
0	991
1	214
1	125
1	608
1	904
1	372
0	991
1	214
1	872
1	125
1	608
1	904
1	372
0	991
1	214
1	872
1	125
1	608
1	904
1	372
0	991
1	214
1	872
1	717
1	125
1	608
1	904
1	372
0	991
1	214
1	872
1	717
0	732
1	950
1	136
0	738
1	232
1	516
0	410
1	142
1	813
0	214
0	161
1	328
0	213
0	642
0	541
0	907
0	894
0	418
1	84
1	214
0	720
0	150
0	326
0	949
1	303
1	768
1	339
1	479
1	562
1	730
1	219
0	550
0	131
0	927
0	97
0	301
1	11
0	748
1	844
1	177
0	995
0	360
0	89
0	116
0	647
0	753
1	885
1	180
0	85
1	548
0	395
0	771
1	981
0	685
1	946
0	264
0	834
0	290
0	570
0	839
0	851
0	594
0	56
1	362
1	744
1	549
0	393
1	151
1	457
0	581
1	722
0	348
0	195
0	83
0	648
1	508
1	660
1	595
0	603
0	725
0	169
0	179
0	623
1	155
1	145
1	240
0	797
1	889
1	410
0	941
1	393
1	278
0	56
0	960
1	524
0	571
1	455
0	29
0	646
1	277
1	466
1	859
1	905
1	843
1	682
1	418
1	917
0	363
0	379
1	786
1	408
1	140
1	404
1	800
1	812
1	789
1	796
0	103
1	980
1	616
1	701
0	725
0	77
1	503
1	54
1	791
1	211
0	693
1	356
0	859
0	699
0	306
0	700
1	837
1	255
1	552
1	299
1	376
0	129
1	450
1	829
1	922
1	188
0	552
1	664
0	933
1	757
1	406
1	137
1	241
1	931
1	793
1	348
1	833
0	495
1	715
1	630
1	262
0	558
1	825
1	560
0	780
0	552
0	322
0	436
1	28
1	408
1	735
1	706
1	686
1	800
1	962
1	820
0	454
1	523
1	167
0	65
0	58
0	292
0	411
0	134
0	927
0	255
0	3
1	341
0	394
1	822
0	355
0	983
0	189
1	274
1	724
1	980
0	946
1	388
1	280
0	593
0	142
0	767
0	326
0	155
1	747
1	322
0	53
1	11
1	876
1	832
0	446
0	959
0	662
0	932
0	780
0	836
0	51
1	811
1	992
0	42
1	45
0	721
1	404
1	750
0	99
1	328
1	240
0	935
0	723
0	627
0	154
1	17
1	710
1	885
1	356
1	927
1	777
1	231
1	500
1	562
0	123
1	129
1	708
1	252
0	245
1	632
0	662
0	197
1	236
1	174
0	555
0	878
1	345
1	683
1	827
0	811
1	398
1	446
0	222
1	362
1	218
1	351
1	656
1	823
1	620
1	928
0	432
1	808
1	312
1	14
1	157
1	550
0	948
0	553
1	299
1	926
1	309
1	603
1	635
1	168
0	622
0	303
1	937
1	826
1	767
1	395
1	23
1	533
1	617
0	280
1	840
1	769
1	535
1	642
0	584
1	569
0	143
1	182
1	621
1	243
1	574
1	518
1	865
0	840
0	98
1	302
1	525
1	356
1	275
1	134
1	191
1	628
1	692
0	513
1	44
1	763
1	382
1	752
1	760
0	813
0	998
0	51
0	224
1	320
1	695
1	11
0	450
0	816
1	126
0	466
0	594
1	962
0	562
1	1
1	806
0	714
1	337
1	583
1	819
1	399
1	205
1	332
1	528
1	823
1	407
1	483
1	120
1	856
0	341
1	717
1	316
1	191
0	136
1	775
1	200
1	898
0	762
1	686
0	793
1	539
1	116
0	248
0	557
0	533
1	339
0	426
0	682
1	154
1	219
1	918
1	583
1	366
0	210
0	284
0	991
0	767
0	350
1	119
1	44
1	62
1	328
0	19
1	230
1	447
1	185
1	842
0	274
1	312
1	959
0	368
0	947
0	555
0	791
0	815
1	483
1	883
1	534
1	137
1	875
0	845
1	191
1	388
1	29
0	69
1	8
0	57
1	49
0	13
1	15
1	53
1	46
1	68
1	42
0	60
0	80
1	67
1	21
1	37
1	71
1	61
0	39
1	75
0	4
0	44
0	68
0	41
0	69
0	42
0	35
1	34
0	18
1	61
0	71
1	15
1	1
0	76
1	43
0	0
0	54
1	23
0	62
1	64
0	68
1	51
1	7
1	28
0	18
0	72
1	13
1	67
1	48
1	75
1	72
1	60
1	28
1	62
1	34
1	7
1	13
1	74
1	24
1	67
0	61
1	12
1	39
0	30
0	3
1	33
0	21
1	79
0	62
0	38
0	37
1	78
1	49
0	51
1	5
1	63
0	77
1	60
1	53
1	33
1	53
1	81
1	37
1	68
1	65
1	24
0	54
1	25
0	24
0	36
0	55
0	67
1	41
0	17
1	43
1	143
1	31
1	60
1	130
1	148
1	104
1	120
0	97
0	7
0	124
1	147
1	120
1	74
0	37
0	77
0	31
1	156
0	135
0	25
1	39
0	44
1	154
1	83
1	102
1	7
0	101
1	86
0	6
0	54
0	129
0	87
0	34
1	51
1	74
1	134
0	85
1	99
1	14
1	162
1	5
1	2
1	27
1	21
1	40
0	33
0	19
1	92
0	96
1	30
0	43
0	9
1	10
0	82
0	18
0	38
1	18
0	16
0	0
0	80
1	18
0	16
0	0
0	80
1	18
0	16
0	0
0	80
1	34
1	80
1	34
1	80
1	34
1	80
0	1
1	36
1	54
0	8
1	59
1	98
0	1
1	36
1	54
0	8
1	59
1	98
0	1
1	36
1	54
0	8
1	59
1	98
1	15
0	29
1	6
0	73
1	71
1	54
1	63
1	31
0	29
1	6
0	73
1	71
1	54
1	63
0	29
1	6
0	73
1	71
1	54
1	63
1	31
0	78
0	5
0	78
0	5
0	78
0	5
1	79
1	79
0	4
0	51
0	47
1	79
0	4
0	51
0	47
1	79
0	4
0	51
0	47
1	18
1	30
0	97
0	86
0	7
1	10
1	24
1	72
1	6
1	46
1	71
0	99
1	84
1	40
1	8
1	79
0	4
0	51
0	47
1	18
1	30
0	97
0	86
0	7
1	15
1	15
1	17
1	15
1	17
1	15
1	17
1	7
1	15
1	17
1	7
0	45
0	45
0	64
0	45
0	64
0	45
0	64
0	63
0	45
0	64
0	63
0	1
0	1
1	72
0	82
1	78
0	39
1	95
1	12
1	70
1	29
1	54
0	1
1	72
0	82
1	78
0	39
1	95
0	1
1	72
0	82
1	78
0	39
1	95
1	12
1	70
1	29
0	1
1	72
0	82
1	78
0	39
1	95
1	65
1	65
1	95
1	65
1	95
1	65
1	95
1	87
1	65
1	95
1	87
0	30
1	87
0	8
1	93
0	97
0	32
0	72
0	45
0	18
0	35
1	94
1	82
0	9
1	64
1	15
1	93
1	99
1	36
1	0
0	99
1	52
0	40
1	30
0	53
0	45
1	63
1	73
1	61
0	76
1	60
0	98
1	27
1	8
1	46
0	42
0	42
1	71
0	99
0	54
0	75
0	45
0	42
1	71
0	99
0	54
0	75
0	45
0	80
0	42
1	71
0	99
0	54
0	75
0	45
0	80
0	49
0	4
0	93
0	68
0	81
0	81
0	6
1	50
1	12
1	26
1	93
0	3
0	53
1	33
0	43
1	9
1	21
0	95
1	4
1	80
0	81
0	6
1	50
1	12
1	26
1	93
0	3
0	53
1	33
0	43
1	9
1	21
0	95
1	4
1	80
1	82
0	81
0	6
1	50
1	12
1	26
1	93
0	3
0	53
1	33
0	43
1	9
1	21
0	95
1	4
1	80
1	82
1	16
0	81
0	6
1	50
1	12
1	26
1	93
0	3
0	53
1	33
0	43
1	9
1	21
0	95
1	4
1	80
1	82
1	16
1	38
1	27
1	76
0	81
0	6
1	50
1	12
1	26
1	93
0	3
0	53
1	33
0	43
1	9
1	21
0	95
1	4
1	80
1	82
1	16
1	38
1	89
1	89
1	48
1	12
0	45
0	69
1	55
1	14
1	89
1	48
1	12
0	45
0	69
1	55
1	14
1	66
1	89
1	48
1	12
0	45
0	69
1	55
1	14
1	66
0	13
0	6
0	6
1	61
0	26
0	74
0	56
0	3
0	13
0	6
1	61
0	26
0	74
0	56
0	3
0	13
0	6
1	61
0	26
0	74
0	56
0	3
0	13
0	37
0	38
0	4
0	66
0	6
1	61
0	26
0	74
0	56
0	3
0	13
0	37
0	38
0	4
0	66
0	6
1	61
0	26
0	74
0	56
0	3
0	13
0	37
0	38
0	4
0	66
0	1
1	69
1	69
1	73
1	41
1	54
1	38
1	69
1	73
1	41
1	54
1	38
1	3
1	69
1	73
1	41
1	54
1	38
1	3
1	59
1	42
1	81
1	69
1	73
1	41
1	54
1	38
1	3
1	59
1	42
1	81
1	69
1	73
1	41
1	54
1	38
1	3
1	59
1	42
1	81
1	49
1	5
1	5
1	57
1	51
0	45
1	26
0	10
1	60
0	75
0	70
0	41
0	72
1	30
1	47
1	58
1	5
1	57
1	51
0	45
1	26
0	10
1	60
0	75
0	70
0	41
0	72
1	30
1	47
1	58
1	71
1	5
1	57
1	51
0	45
1	26
0	10
1	60
0	75
0	70
0	41
0	72
1	30
1	47
1	58
1	71
1	33
1	54
0	87
1	25
1	31
0	15
1	77
1	16
1	1
1	0
1	5
1	57
1	51
0	45
1	26
0	10
1	60
0	75
0	70
0	41
0	72
1	30
1	47
1	58
1	71
1	33
1	54
0	87
1	25
1	31
0	15
1	77
1	16
1	1
1	0
1	5
1	57
1	51
0	45
1	26
0	10
1	60
0	75
0	70
0	41
0	72
1	30
1	47
1	58
1	71
1	33
1	54
1	64
1	64
0	73
1	76
0	18
0	61
1	85
1	4
0	42
0	27
1	44
0	78
1	95
0	98
1	58
1	37
1	9
1	2
1	64
0	73
1	76
0	18
0	61
1	85
1	4
0	42
0	27
1	44
0	78
1	95
1	64
0	73
1	76
0	18
0	61
1	85
1	4
0	42
0	27
1	44
0	78
1	95
0	98
1	58
1	37
1	9
1	2
0	69
1	31
1	20
1	67
1	64
0	73
1	76
0	18
0	61
1	85
1	4
0	42
0	27
1	44
0	78
1	95
0	98
1	58
1	37
1	9
1	2
0	69
1	31
1	20
1	67
1	64
0	73
1	76
0	18
0	61
1	85
1	4
0	42
0	27
1	44
0	78
1	95
0	98
1	58
1	37
1	9
1	2
0	69
1	31
1	20
1	67
0	32
1	0
1	7
1	71
0	2
0	2
0	45
0	8
0	79
0	81
0	2
0	45
0	8
0	79
0	81
0	68
0	2
0	45
0	8
0	79
0	81
0	68
1	85
0	10
0	30
0	19
0	61
0	2
0	45
0	8
0	79
0	81
0	68
1	85
0	10
0	30
0	19
0	2
0	45
0	8
0	79
0	81
0	68
1	85
0	10
0	30
0	19
0	61
0	57
1	28
1	52
1	16
1	87
1	84
1	33
1	17
0	75
1	58
0	7
1	51
0	42
1	70
0	6
1	72
1	2
0	97
1	22
1	31
1	94
1	76
1	94
1	10
0	70
1	9
0	99
1	53
0	37
1	91
1	55
0	61
0	46
1	26
1	24
1	44
0	53
0	66
0	54
0	36
0	19
0	12
0	84
1	29
1	36
0	48
0	70
1	46
0	38
1	19
1	98
1	37
1	6
1	9
1	97
1	96
1	25
1	8
1	38
1	81
1	64
1	82
1	11
1	27
0	73
1	1
1	63
0	79
0	84
1	10
0	25
1	57
1	34
1	89
0	63
0	26
0	72
0	30
0	62
0	76
0	59
0	18
0	65
1	13
0	48
1	59
1	49
1	9
1	85
1	25
1	48
1	0
1	2
1	31
0	7
1	90
1	18
1	51
1	35
0	75
1	43
1	8
0	60
0	96
0	56
0	48
0	24
0	28
1	84
0	78
1	69
1	51
0	79
0	41
0	55
1	30
0	61
1	80
0	72
0	22
0	28
1	84
0	78
1	69
1	51
0	79
0	41
0	55
1	30
0	61
0	28
1	84
0	78
1	69
1	51
0	79
0	41
0	55
0	28
1	84
0	78
1	69
1	51
0	79
0	41
0	55
1	29
1	62
0	10
1	90
0	94
0	61
0	81
1	63
0	0
1	86
1	91
0	7
0	16
0	31
0	21
1	17
0	90
1	88
1	26
1	41
1	77
0	26
1	24
0	70
1	20
0	65
1	25
1	46
1	61
1	2
1	78
1	90
1	96
1	87
0	2
0	75
1	32
1	79
1	67
0	33
0	2
0	55
0	57
0	72
0	75
1	28
1	73
1	60
1	39
1	32
1	19
1	3
1	52
1	45
1	20
0	57
1	5
0	34
0	43
0	36
0	40
0	83
1	79
1	2
0	90
0	62
0	11
0	68
1	72
1	67
1	97
1	79
1	34
0	7
0	28
0	54
1	72
1	21
0	80
0	19
0	68
1	99
1	87
1	20
0	89
1	51
1	57
0	43
0	13
1	17
0	39
1	31
1	60
0	33
0	91
1	72
0	18
1	94
1	3
0	85
1	30
1	48
1	14
0	17
0	23
0	60
1	72
0	43
0	39
1	28
1	26
1	39
1	53
1	87
