0	152
0	152
0	40
0	265
1	909
1	909
1	909
0	760
1	940
1	931
1	118
1	37
0	695
0	748
0	748
0	861
0	836
0	353
0	353
1	619
1	239
1	716
0	353
1	619
1	239
1	716
1	13
0	353
1	619
1	239
1	716
1	13
0	472
1	71
1	26
0	353
1	619
1	239
1	716
1	13
0	472
1	71
1	26
0	353
1	619
1	239
1	716
1	13
0	472
1	71
1	26
0	353
1	619
1	239
1	716
1	13
0	472
1	71
1	26
0	353
1	619
1	239
1	716
1	13
0	472
1	71
1	26
0	951
1	646
1	234
0	700
1	118
0	521
1	600
1	403
1	575
0	544
0	544
1	413
0	20
0	432
0	544
1	413
0	20
0	432
1	777
0	493
1	132
1	78
0	544
1	413
0	20
0	432
1	777
0	493
1	132
1	78
1	240
0	681
1	727
1	446
0	544
1	413
0	20
0	432
1	777
0	493
1	132
1	78
1	240
0	544
1	413
0	20
0	432
1	777
0	493
1	132
1	78
1	240
0	544
1	413
0	20
0	432
1	777
0	493
1	132
1	78
1	240
0	681
1	727
1	446
0	544
1	413
0	20
0	432
1	777
0	493
1	132
1	78
1	240
0	681
1	727
1	446
0	409
1	150
1	605
1	260
1	712
0	226
0	226
0	131
0	320
0	226
0	131
0	320
1	460
1	138
1	650
0	226
0	131
0	320
1	460
1	138
1	650
1	878
1	299
1	845
0	226
0	131
0	320
1	460
1	138
1	650
1	878
1	299
1	845
0	226
0	131
0	320
1	460
1	138
1	650
1	878
1	299
1	845
0	226
0	131
0	320
1	460
1	138
1	650
1	878
1	299
1	845
0	226
0	131
0	320
1	460
1	138
1	650
1	878
1	299
1	845
0	783
1	369
1	990
1	428
1	494
1	311
1	311
0	806
1	778
0	637
0	235
1	311
0	806
1	778
0	637
0	235
1	779
1	56
1	24
1	311
0	806
1	778
0	637
0	235
1	779
1	56
1	24
1	311
0	806
1	778
0	637
0	235
1	779
1	56
1	24
0	611
1	540
1	290
1	311
0	806
1	778
0	637
0	235
1	779
1	56
1	24
1	311
0	806
1	778
0	637
0	235
1	779
1	56
1	24
0	611
1	540
1	290
1	311
0	806
1	778
0	637
0	235
1	779
1	56
1	24
0	611
1	540
1	290
1	580
0	480
1	61
1	310
1	939
1	939
1	566
1	760
1	939
1	566
1	760
0	187
1	336
1	939
1	566
1	760
0	187
1	336
1	542
1	939
1	566
1	760
0	187
1	336
1	542
0	592
1	805
1	608
1	306
1	939
1	566
1	760
0	187
1	336
1	542
0	592
1	805
1	608
1	306
1	939
1	566
1	760
0	187
1	336
1	542
0	592
1	805
1	608
1	306
1	939
1	566
1	760
0	187
1	336
1	542
0	592
1	805
1	608
1	306
1	847
1	657
1	555
1	122
1	122
1	789
1	969
1	122
1	789
1	969
1	836
1	122
1	789
1	969
1	836
0	621
0	888
1	450
1	392
1	0
1	122
1	789
1	969
1	836
0	621
0	888
1	450
1	392
1	122
1	789
1	969
1	836
0	621
0	888
1	450
1	392
1	122
1	789
1	969
1	836
0	621
0	888
1	450
1	392
1	122
1	789
1	969
1	836
0	621
0	888
1	450
1	392
1	0
0	531
1	644
1	931
1	175
1	437
1	437
1	256
0	805
1	804
1	437
1	256
0	805
1	804
1	501
1	437
1	256
0	805
1	804
1	501
1	385
1	513
1	437
1	256
0	805
1	804
1	501
1	385
1	513
1	437
1	256
0	805
1	804
1	501
1	385
1	513
1	437
1	256
0	805
1	804
1	501
1	385
1	513
1	178
1	437
1	256
0	805
1	804
1	501
1	385
1	513
1	178
1	85
1	340
0	53
0	491
0	976
1	589
1	633
1	177
0	285
1	595
1	403
1	600
1	974
1	974
0	884
1	713
0	331
1	831
1	67
1	974
0	884
1	713
0	331
1	831
1	67
1	974
0	884
1	713
0	331
1	831
1	67
1	761
1	974
0	884
1	713
0	331
1	831
1	67
1	761
1	819
1	974
0	884
1	713
0	331
1	831
1	67
1	761
1	819
1	974
0	884
1	713
0	331
1	831
1	67
1	761
1	819
1	974
0	884
1	713
0	331
1	831
1	67
1	761
1	819
0	84
1	463
0	104
0	193
1	44
1	676
1	769
0	3
1	670
1	82
1	0
1	138
1	0
1	0
1	464
1	879
1	0
1	464
1	879
1	323
1	0
1	464
1	879
1	323
1	641
1	0
1	464
1	879
1	323
1	641
1	512
1	0
1	464
1	879
1	323
1	641
1	512
1	0
1	464
1	879
1	323
1	641
1	512
1	0
1	464
1	879
1	323
1	641
1	512
0	221
1	610
1	75
1	719
1	913
1	171
1	663
1	663
1	962
1	370
1	663
1	962
1	370
1	222
1	663
1	962
1	370
1	222
1	886
1	663
1	962
1	370
1	222
1	886
1	342
1	663
1	962
1	370
1	222
1	886
1	342
1	663
1	962
1	370
1	222
1	886
1	342
1	663
1	962
1	370
1	222
1	886
1	342
0	518
1	872
1	758
0	127
0	787
1	513
0	31
0	354
1	539
0	311
1	328
0	480
1	743
0	33
0	990
1	871
0	297
0	922
1	50
1	712
1	445
1	588
1	865
0	617
0	153
1	336
1	761
0	10
1	79
0	675
1	56
0	107
1	477
1	98
1	70
1	673
0	977
0	659
1	946
0	304
0	330
1	471
0	478
0	975
1	985
1	263
1	78
1	608
1	904
0	56
1	395
1	421
1	313
1	886
1	824
1	187
0	35
0	374
1	209
1	857
1	855
1	267
0	989
1	221
1	118
1	367
1	484
1	743
1	568
1	813
1	571
1	865
0	207
1	489
1	347
1	989
1	712
1	792
0	283
0	106
0	900
0	477
0	523
0	443
1	948
0	303
1	493
1	623
1	589
1	868
1	567
0	710
0	410
0	585
1	612
1	537
0	38
0	902
1	594
0	183
0	593
0	692
0	368
1	278
0	757
0	821
1	257
0	38
0	364
0	597
0	500
0	953
0	255
1	847
0	752
0	351
0	841
1	302
1	326
0	578
1	233
0	942
0	147
0	159
1	69
0	240
1	433
1	61
0	737
1	507
0	477
1	793
0	490
1	756
1	428
1	322
1	114
1	430
0	650
1	484
1	75
1	869
1	571
0	321
1	45
1	213
1	278
1	191
0	219
0	951
0	162
0	856
0	256
1	516
1	613
0	276
0	558
0	443
1	755
0	513
1	361
0	137
1	838
1	792
1	223
0	874
1	441
1	171
1	702
0	319
1	255
0	205
1	739
1	149
0	436
1	180
0	558
1	217
1	599
1	18
0	930
0	383
1	114
1	137
0	160
1	609
0	358
1	80
0	511
1	839
1	818
0	957
1	612
0	444
0	238
1	625
1	246
1	962
0	920
1	990
1	449
1	235
1	414
1	883
1	161
0	610
0	172
1	213
0	708
1	84
0	654
1	354
1	763
0	299
1	859
1	941
0	727
1	520
0	254
0	991
0	104
0	596
0	314
0	57
1	591
0	874
0	133
1	585
1	485
1	33
1	704
1	194
0	886
1	88
1	251
1	792
1	842
1	679
1	601
0	674
1	356
0	570
0	94
0	568
0	612
1	889
1	104
1	732
1	930
1	852
0	65
0	279
0	396
1	97
0	14
1	199
0	673
1	402
0	767
1	683
0	157
0	953
0	234
1	166
0	402
0	120
0	67
0	533
0	995
0	431
0	588
1	386
1	963
1	678
0	141
1	576
1	362
1	144
1	629
0	615
0	922
1	315
0	909
0	703
0	415
1	576
1	160
1	17
0	489
0	495
1	41
0	340
0	219
1	190
1	944
0	781
1	429
0	145
1	578
1	579
1	913
1	166
0	591
1	868
0	34
1	498
1	646
0	184
1	545
1	487
1	58
0	245
1	290
1	649
0	998
1	959
1	288
1	21
1	530
1	980
0	861
1	222
1	263
1	250
1	257
1	295
0	419
1	623
1	834
1	831
1	3
1	734
1	989
1	852
1	403
1	884
1	828
1	676
1	258
1	562
1	770
1	410
1	632
1	969
1	678
0	144
1	50
1	365
1	610
1	621
1	253
1	957
1	719
0	765
0	683
0	97
1	791
1	544
1	297
1	9
0	798
0	546
0	945
0	740
0	528
0	743
0	388
1	343
0	369
0	707
0	561
1	301
1	730
1	126
0	132
1	974
1	453
0	507
0	85
1	194
1	71
1	119
1	509
1	367
1	592
1	104
1	281
1	246
0	713
0	242
1	883
0	46
1	93
0	459
1	115
1	274
1	301
1	647
1	582
1	666
1	533
0	291
1	87
1	492
0	413
0	375
0	625
0	931
0	671
1	477
0	869
1	788
1	320
0	1
0	660
0	176
1	675
0	826
1	438
0	381
1	994
1	176
1	568
1	210
1	768
1	215
1	270
1	410
1	146
1	847
1	498
1	499
1	902
0	74
0	111
1	821
1	571
0	457
1	670
0	284
0	924
0	130
0	877
0	832
1	24
1	43
1	9
0	31
0	53
0	15
1	51
1	22
1	44
0	55
1	74
0	79
1	78
1	71
1	36
1	5
1	31
0	51
1	73
1	43
1	5
0	76
0	17
0	71
0	37
0	73
0	7
0	6
1	39
1	76
1	6
1	67
1	77
0	51
1	53
1	24
0	55
0	32
0	0
0	67
1	44
0	13
0	26
0	70
1	27
1	76
1	32
1	63
1	31
1	57
0	82
1	7
0	62
1	22
1	29
1	20
1	16
1	8
0	7
1	82
1	38
0	20
0	10
0	37
0	15
0	81
0	2
0	63
1	37
1	82
1	70
1	8
1	55
1	16
1	2
1	1
1	51
1	25
0	82
0	71
1	20
0	3
1	14
1	37
1	73
0	1
0	81
0	40
0	14
0	67
0	31
0	18
0	123
0	147
0	21
1	152
1	75
1	21
1	23
1	102
1	4
0	148
0	31
0	18
0	118
0	140
1	150
1	70
1	40
0	64
0	68
0	32
1	138
0	159
1	39
1	130
1	23
0	141
0	37
0	119
0	4
0	44
1	88
0	89
0	122
0	127
0	52
0	69
1	43
0	89
0	78
0	67
0	69
1	44
1	28
0	20
0	54
0	76
1	94
1	56
0	16
0	22
0	38
1	81
0	66
0	34
1	90
1	26
1	97
1	77
1	95
1	81
0	66
0	34
1	90
1	26
1	97
1	77
1	95
1	81
0	66
0	34
1	90
1	26
1	97
1	77
1	95
0	87
0	27
0	87
0	27
0	87
0	27
1	99
1	86
1	99
1	86
1	99
1	86
1	95
1	51
1	95
1	51
1	95
1	51
1	79
0	10
1	33
1	11
1	79
0	10
1	33
1	11
1	79
0	10
1	33
1	11
1	80
1	80
0	35
0	67
1	72
1	96
1	16
1	80
0	35
0	67
1	72
1	96
1	16
1	34
1	80
0	35
0	67
1	72
1	96
1	16
1	34
1	32
1	75
1	80
0	35
0	67
1	72
1	96
1	16
1	34
1	32
1	75
1	85
0	44
0	44
0	64
0	44
0	64
0	44
0	64
0	5
0	44
0	64
0	5
0	23
0	23
0	42
0	23
0	42
0	23
0	42
1	32
1	49
1	92
1	27
1	61
1	98
1	15
0	25
0	68
0	6
0	24
1	87
1	46
1	39
0	31
0	17
0	90
0	96
0	64
0	23
0	42
1	32
1	49
1	92
1	27
1	61
1	98
1	15
0	25
0	68
0	6
0	24
1	87
1	46
1	39
0	31
0	17
0	90
0	96
0	64
0	33
0	33
0	7
0	33
0	7
0	33
0	7
1	69
1	6
0	12
1	31
0	20
0	80
1	53
0	94
0	1
1	62
1	74
0	86
0	79
1	40
0	90
0	8
1	34
1	15
0	29
0	23
0	73
0	33
0	7
1	69
1	6
0	12
1	31
0	20
0	80
1	53
0	94
0	1
1	62
1	74
0	86
0	79
1	40
0	90
0	8
1	34
1	15
0	29
0	23
0	73
0	42
0	19
0	19
1	96
1	37
0	36
0	85
0	19
1	96
1	37
0	36
0	85
0	99
1	1
0	8
0	44
0	54
0	12
0	19
1	96
1	37
0	36
0	85
0	99
1	1
0	8
0	19
1	96
1	37
0	36
0	85
0	99
1	1
0	8
0	44
0	54
0	12
0	21
0	65
0	6
0	51
0	99
1	68
1	71
0	62
1	3
1	43
0	6
0	63
1	75
0	41
0	32
0	17
0	86
1	12
1	79
1	63
1	54
1	29
1	13
1	23
1	52
1	47
0	93
0	93
1	92
1	99
1	63
1	24
1	90
0	93
1	92
1	99
1	63
1	24
1	90
1	58
0	93
1	92
1	99
1	63
1	24
1	90
1	58
1	74
1	32
1	9
0	23
0	23
1	52
0	74
1	59
0	96
0	31
0	73
0	23
1	52
0	74
1	59
0	96
0	31
0	73
1	93
1	0
0	87
0	33
0	42
0	36
0	23
1	52
0	74
1	59
0	96
0	31
0	73
1	93
1	0
0	87
0	33
0	42
0	36
0	23
1	52
0	74
1	59
0	96
0	31
0	73
1	93
1	0
0	87
0	33
0	42
0	23
1	52
0	74
1	59
0	96
0	31
0	73
1	93
1	0
0	87
0	33
0	42
0	36
1	85
1	85
0	22
1	63
1	34
1	32
0	45
1	19
1	74
0	64
1	3
1	81
1	29
1	85
0	22
1	63
1	34
1	32
0	45
1	19
1	74
1	85
0	22
1	63
1	34
1	32
0	45
1	19
1	74
0	64
1	42
1	42
1	79
0	88
0	43
0	47
0	31
0	52
0	83
1	42
1	79
0	88
0	43
0	47
0	31
0	52
0	83
1	42
1	79
0	88
0	43
0	47
0	31
0	52
0	83
0	12
0	92
0	66
0	56
1	42
1	79
0	88
0	43
0	47
0	31
0	52
0	83
0	12
0	92
0	66
0	56
1	42
1	79
0	88
0	43
0	47
0	31
0	52
0	83
0	12
0	92
0	66
0	56
1	98
1	87
0	73
1	37
0	30
0	76
1	42
1	42
0	56
0	62
0	78
1	7
0	17
0	44
1	42
0	56
0	62
0	78
1	7
0	17
0	44
0	69
1	42
0	56
0	62
0	78
1	7
0	17
0	44
0	69
1	15
1	85
0	60
1	42
0	56
0	62
0	78
1	7
0	17
0	44
0	69
1	15
1	85
0	60
0	97
0	75
0	84
0	48
0	19
1	42
0	56
0	62
0	78
1	7
0	17
0	44
0	69
1	15
1	85
0	60
0	97
0	75
0	84
0	48
0	24
0	24
0	4
0	79
0	95
0	73
0	24
0	4
0	79
0	95
0	73
0	26
0	24
0	4
0	79
0	95
0	73
0	26
1	97
0	89
0	85
0	91
0	24
0	4
0	79
0	95
0	73
0	26
1	97
0	89
0	85
0	91
0	24
0	4
0	79
0	95
0	73
0	26
1	97
0	89
0	85
0	91
0	74
0	64
0	10
0	10
1	60
0	12
0	23
0	99
0	22
0	41
0	10
1	60
0	12
0	23
0	99
0	22
0	41
0	10
1	60
0	12
0	23
0	99
0	22
0	41
1	46
0	84
0	58
0	86
0	10
1	60
0	12
0	23
0	99
0	22
0	41
1	46
0	84
0	58
0	86
0	10
1	60
0	12
0	23
0	99
0	22
0	41
1	46
0	84
0	58
0	86
0	67
1	35
1	35
1	23
1	14
0	84
1	1
1	32
1	35
1	23
1	14
0	84
1	1
1	32
1	54
1	2
1	35
1	23
1	14
0	84
1	1
1	32
1	54
1	2
1	8
1	93
1	35
1	23
1	14
0	84
1	1
1	32
1	54
1	2
1	8
1	93
1	35
1	23
1	14
0	84
1	1
1	32
1	54
1	2
1	8
1	93
0	26
1	85
1	63
0	44
0	31
1	11
0	91
1	79
1	81
0	56
1	95
0	53
1	45
0	28
0	77
0	5
1	25
1	87
1	30
0	96
1	89
1	82
1	10
1	49
1	6
1	95
0	84
1	4
1	97
1	86
1	70
0	34
0	86
1	92
1	42
0	31
0	38
0	95
0	6
0	81
0	86
0	70
0	34
0	51
1	31
1	34
1	86
1	12
1	0
1	40
1	28
1	75
1	13
0	48
0	33
0	45
0	51
1	59
0	11
1	0
1	7
1	85
0	60
1	71
1	27
0	43
1	74
1	77
1	77
1	42
1	53
1	31
1	71
0	25
1	67
1	15
1	89
1	37
0	81
1	95
1	48
0	39
0	5
0	46
1	13
0	47
0	35
0	11
0	76
1	50
1	12
1	99
1	62
1	27
1	21
1	27
1	98
1	35
1	74
1	26
0	11
0	8
0	28
0	73
0	62
0	31
0	92
0	69
0	64
0	61
1	52
1	49
0	6
0	16
1	80
0	38
0	82
0	1
0	36
0	74
0	12
0	54
0	63
1	20
1	39
0	50
1	86
1	51
1	70
0	46
0	21
1	97
0	20
0	18
0	23
0	46
0	21
1	97
0	20
0	18
0	23
0	46
0	21
1	97
0	20
0	18
0	23
0	46
0	21
1	97
0	20
0	18
0	23
1	9
0	86
1	30
1	77
1	85
1	84
0	57
1	94
1	30
1	26
0	17
0	85
0	23
1	40
1	82
1	51
1	33
0	79
0	18
0	59
1	0
1	72
1	65
0	89
1	49
1	1
0	76
1	80
1	88
1	30
1	39
1	90
0	69
1	55
0	45
1	23
1	10
1	89
0	9
1	87
1	12
1	8
0	96
1	54
0	0
0	16
0	73
1	88
0	10
0	4
