1	500
1	500
1	689
1	212
0	138
0	138
0	951
0	138
0	951
0	130
0	143
0	11
0	691
1	458
0	95
0	95
0	805
0	75
1	797
1	797
1	359
1	237
1	797
1	359
1	237
1	810
1	797
1	359
1	237
1	810
1	781
1	797
1	359
1	237
1	810
1	781
1	423
1	797
1	359
1	237
1	810
1	781
1	423
1	797
1	359
1	237
1	810
1	781
1	423
1	797
1	359
1	237
1	810
1	781
1	423
1	756
1	154
0	391
1	96
1	602
1	826
1	980
1	980
1	609
1	506
1	980
1	609
1	506
1	50
1	980
1	609
1	506
1	50
1	563
1	980
1	609
1	506
1	50
1	563
1	620
1	980
1	609
1	506
1	50
1	563
1	620
1	980
1	609
1	506
1	50
1	563
1	620
1	980
1	609
1	506
1	50
1	563
1	620
1	773
1	716
1	710
0	321
1	63
1	177
1	845
1	845
1	852
1	199
1	845
1	852
1	199
1	830
1	845
1	852
1	199
1	830
0	302
1	509
1	845
1	852
1	199
1	830
0	302
1	509
1	538
1	845
1	852
1	199
1	830
0	302
1	509
1	538
1	845
1	852
1	199
1	830
0	302
1	509
1	538
1	64
1	845
1	852
1	199
1	830
0	302
1	509
1	538
1	64
1	955
0	155
0	6
1	807
1	874
1	25
1	218
1	218
1	879
1	44
1	218
1	879
1	44
0	719
1	462
1	711
1	218
1	879
1	44
0	719
1	462
1	711
1	218
1	879
1	44
0	719
1	462
1	711
1	203
1	218
1	879
1	44
0	719
1	462
1	711
1	203
1	218
1	879
1	44
0	719
1	462
1	711
1	203
1	991
1	218
1	879
1	44
0	719
1	462
1	711
1	203
1	991
1	997
0	547
1	249
1	696
1	538
1	914
1	914
1	876
1	925
1	914
1	876
1	925
0	599
1	483
1	914
1	876
1	925
0	599
1	483
0	519
1	611
0	921
1	380
1	387
1	513
1	914
1	876
1	925
0	599
1	483
0	519
1	611
0	921
1	380
1	914
1	876
1	925
0	599
1	483
0	519
1	611
0	921
1	380
1	387
1	914
1	876
1	925
0	599
1	483
0	519
1	611
0	921
1	380
1	914
1	876
1	925
0	599
1	483
0	519
1	611
0	921
1	380
1	387
1	513
1	244
1	218
1	911
1	911
1	534
1	995
1	911
1	534
1	995
0	855
1	360
1	407
1	911
1	534
1	995
0	855
1	360
1	407
1	911
1	534
1	995
0	855
1	360
1	407
1	638
1	911
1	534
1	995
0	855
1	360
1	407
1	638
1	911
1	534
1	995
0	855
1	360
1	407
1	638
0	983
1	871
1	911
1	534
1	995
0	855
1	360
1	407
1	638
0	983
1	871
1	180
1	98
1	18
1	261
0	963
0	963
1	135
1	606
1	281
0	963
1	135
1	606
1	281
1	553
0	963
1	135
1	606
1	281
1	553
1	452
0	870
0	412
1	799
1	332
1	648
0	963
1	135
1	606
1	281
1	553
1	452
0	870
0	412
1	799
1	332
1	648
1	508
0	963
1	135
1	606
1	281
1	553
1	452
0	870
0	412
1	799
1	332
1	648
1	508
0	963
1	135
1	606
1	281
1	553
1	452
0	870
0	412
1	799
1	332
1	648
1	508
0	963
1	135
1	606
1	281
1	553
1	452
0	870
0	412
1	799
1	332
1	648
1	508
1	287
1	529
1	529
1	861
0	941
1	996
1	529
1	861
0	941
1	996
0	647
1	243
1	471
1	743
1	529
1	861
0	941
1	996
0	647
1	243
1	471
1	529
1	861
0	941
1	996
0	647
1	243
1	471
1	743
1	529
1	861
0	941
1	996
0	647
1	243
1	471
1	743
1	529
1	861
0	941
1	996
0	647
1	243
1	471
1	743
1	529
1	861
0	941
1	996
0	647
1	243
1	471
1	743
1	352
1	288
1	981
1	20
1	166
0	781
0	781
1	587
1	566
1	801
0	781
1	587
1	566
1	801
1	268
0	781
1	587
1	566
1	801
1	268
1	788
0	781
1	587
1	566
1	801
1	268
1	788
1	746
0	781
1	587
1	566
1	801
1	268
1	788
1	746
0	781
1	587
1	566
1	801
1	268
1	788
1	746
0	627
1	762
1	719
0	781
1	587
1	566
1	801
1	268
1	788
1	746
0	627
1	762
1	719
1	118
1	642
1	739
1	739
1	254
1	763
1	739
1	254
1	763
1	6
1	739
1	254
1	763
1	6
1	799
1	739
1	254
1	763
1	6
1	799
1	424
1	739
1	254
1	763
1	6
1	799
1	424
1	739
1	254
1	763
1	6
1	799
1	424
1	739
1	254
1	763
1	6
1	799
1	424
1	111
0	227
1	691
1	619
0	872
1	911
1	320
1	40
1	130
1	688
1	597
1	483
1	380
1	938
0	440
0	299
1	478
1	975
0	460
0	982
0	294
0	751
1	648
0	840
0	122
0	624
1	490
0	384
1	285
1	559
1	996
0	456
0	856
0	378
0	515
0	920
0	987
0	814
1	490
0	199
1	459
1	63
1	942
1	359
1	277
0	459
0	769
0	236
0	244
0	214
1	378
1	654
0	444
1	631
0	520
0	659
0	30
0	205
0	478
0	367
0	803
1	121
0	16
1	48
0	614
0	146
0	529
0	367
0	350
1	914
1	77
0	259
1	713
1	777
0	314
1	620
1	813
1	487
0	569
0	157
1	696
0	453
0	208
0	466
0	79
0	756
0	600
0	202
0	474
0	377
0	830
1	161
1	298
1	328
1	37
1	336
0	494
0	229
0	88
1	554
1	843
1	840
1	916
1	51
0	215
1	428
0	171
1	432
0	601
1	936
1	47
1	192
0	61
1	207
1	254
0	219
1	714
1	590
1	309
1	306
1	50
0	269
1	54
1	219
1	816
1	130
0	88
1	701
1	807
1	655
1	96
1	305
1	551
0	933
0	145
0	752
1	192
1	793
0	998
1	271
1	712
1	317
1	689
1	268
1	37
1	815
0	942
1	497
1	627
1	560
1	855
1	998
1	122
1	211
0	604
1	135
1	527
1	123
0	596
1	975
1	429
0	70
0	226
0	233
0	929
0	542
1	440
1	119
1	368
1	282
1	303
1	175
1	533
1	487
1	290
1	58
1	852
1	460
1	311
1	146
1	182
0	690
0	90
1	927
0	351
0	444
1	328
0	91
0	301
1	629
0	9
0	527
0	76
0	451
0	125
0	835
1	933
0	745
1	173
1	491
1	701
1	496
1	854
0	896
1	38
1	841
1	265
0	904
1	667
0	746
1	514
0	234
1	623
0	578
1	755
1	100
0	161
0	619
0	52
0	160
1	290
0	270
1	242
0	971
0	436
1	241
0	863
0	409
1	544
0	987
0	780
1	123
1	90
1	286
1	191
1	801
1	360
1	593
1	391
0	525
0	941
0	83
0	386
1	297
0	277
1	934
0	285
1	301
1	823
1	935
1	23
1	282
1	639
1	226
0	888
0	642
0	811
1	539
1	655
0	714
1	332
1	631
1	306
1	938
1	820
1	860
0	815
1	856
1	847
0	573
1	297
1	867
1	100
1	395
0	847
1	748
1	119
0	862
1	837
0	937
1	172
1	815
1	860
0	383
1	26
0	222
1	481
0	76
1	24
0	692
0	916
1	325
0	98
1	468
1	331
1	266
1	546
1	776
0	760
1	134
1	416
1	554
1	470
0	673
1	360
1	186
1	669
1	471
0	644
0	359
0	162
0	354
0	291
0	673
0	415
0	464
1	552
0	39
0	179
0	872
1	345
1	845
0	172
0	69
1	586
1	243
1	151
0	646
0	404
0	663
1	232
1	869
0	326
0	475
1	555
0	903
0	923
1	85
0	617
0	148
0	675
1	247
1	622
0	780
1	631
1	832
0	687
1	231
1	950
1	596
1	546
1	325
1	440
1	632
1	120
1	253
1	989
1	744
1	306
1	34
0	68
1	662
1	91
0	100
1	457
1	328
1	681
0	911
1	656
0	228
0	834
0	287
1	76
1	955
1	178
0	958
1	938
0	242
0	840
0	99
0	18
1	448
0	565
0	257
1	746
0	84
1	443
0	647
0	539
1	16
0	582
1	559
1	579
0	729
1	706
0	119
1	701
1	650
0	674
0	349
1	568
1	966
1	384
1	719
1	706
1	27
1	21
1	42
1	0
1	44
1	16
0	20
1	56
0	32
0	4
0	19
1	70
0	21
0	17
1	23
1	69
0	31
1	78
0	46
0	39
0	50
1	76
1	68
0	69
0	43
1	17
0	19
1	80
1	79
1	2
1	77
1	26
0	40
1	36
0	9
0	51
1	0
1	72
1	70
1	21
0	8
1	53
1	29
1	75
1	32
0	2
0	12
1	65
1	68
1	4
0	44
1	24
1	76
1	8
0	57
0	7
0	30
0	60
0	28
0	10
0	32
1	6
1	49
1	26
1	54
1	64
1	13
1	78
0	13
0	43
0	59
1	63
0	52
1	6
1	45
0	35
1	15
1	23
1	81
0	67
0	21
1	38
1	65
0	25
0	82
0	72
0	69
0	54
1	48
0	56
1	35
1	56
1	19
1	29
1	16
1	32
0	74
1	81
1	81
1	16
0	18
1	4
0	62
0	29
1	51
0	13
1	69
0	17
0	46
0	60
0	30
1	18
0	16
1	40
1	17
1	38
0	13
1	79
1	36
0	58
1	38
1	4
1	106
1	142
1	51
1	105
1	141
0	113
0	75
1	84
0	3
1	75
1	77
1	134
0	159
1	64
0	104
1	30
1	36
0	66
0	60
0	44
1	154
1	156
1	94
1	162
1	148
1	24
0	105
0	89
0	37
0	64
0	153
0	25
1	46
1	68
1	42
0	8
1	55
1	43
0	27
1	24
1	20
1	30
0	32
0	55
0	39
1	53
1	26
1	42
1	39
1	16
1	49
1	30
1	24
1	54
1	65
1	19
1	23
0	44
1	22
1	62
0	48
0	73
1	71
1	56
1	64
1	36
1	54
1	47
1	75
1	0
1	75
1	48
1	69
1	39
0	6
0	30
1	46
1	48
0	44
1	46
1	96
1	69
1	68
1	8
0	91
0	5
0	6
0	96
1	12
1	91
0	79
1	28
1	68
1	61
0	96
1	12
1	91
0	79
1	28
1	68
0	96
1	12
1	91
0	79
1	28
1	68
0	34
0	57
0	34
0	57
0	34
0	57
1	93
0	32
1	84
1	95
1	93
0	32
1	84
1	95
1	93
0	32
1	84
1	95
1	87
1	53
0	43
0	41
0	43
0	41
0	43
0	41
0	63
1	30
0	36
1	26
0	47
0	15
0	14
0	63
1	30
0	36
1	26
0	47
0	63
1	30
0	36
1	26
0	47
0	15
0	14
1	42
1	42
0	80
1	94
1	42
0	80
1	94
1	42
0	80
1	94
1	0
1	14
1	42
0	80
1	94
1	0
0	18
0	18
0	52
0	18
0	52
0	18
0	52
0	35
0	18
0	52
0	35
1	23
1	23
1	70
1	23
1	70
1	23
1	70
1	75
1	23
1	70
1	75
0	48
0	48
0	10
0	48
0	10
0	48
0	10
0	17
0	48
0	10
0	17
1	8
1	8
1	65
1	8
1	65
1	8
1	65
0	76
1	40
1	8
1	65
0	76
1	40
1	63
1	36
0	32
1	24
0	30
1	6
1	78
1	84
1	59
1	87
1	17
1	44
0	45
0	90
1	61
1	73
0	65
1	36
1	29
0	34
1	46
0	37
1	98
1	71
0	35
1	74
0	79
1	21
1	23
1	18
1	90
1	67
1	29
1	2
0	88
0	88
0	60
0	62
0	29
0	27
0	88
0	60
0	62
0	29
0	27
1	46
0	45
0	88
0	60
0	62
0	29
0	27
1	46
0	45
0	96
0	63
0	70
0	30
0	96
0	96
1	63
0	80
0	20
0	78
0	59
0	96
1	63
0	80
0	20
0	78
0	59
0	45
0	88
0	96
1	63
0	80
0	20
0	78
0	59
0	45
0	88
0	26
0	77
0	91
0	96
1	63
0	80
0	20
0	78
0	59
0	45
0	88
0	26
0	77
0	91
0	96
1	63
0	80
0	20
0	78
0	59
0	45
0	88
0	26
0	77
0	91
0	56
1	36
1	36
0	18
0	23
0	97
1	21
0	1
0	63
1	36
0	18
0	23
0	97
1	21
0	1
0	63
0	82
0	90
1	36
0	18
0	23
0	97
1	21
0	1
0	63
0	82
0	90
0	83
0	83
0	72
1	5
0	94
1	7
0	52
1	29
0	88
1	17
1	80
1	63
0	26
0	25
1	60
0	20
1	24
1	62
1	91
0	83
0	72
1	5
0	94
1	7
0	52
1	29
0	88
1	17
1	80
0	83
0	72
1	5
0	94
1	7
0	52
1	29
0	88
1	17
1	80
1	63
0	26
0	25
1	60
0	20
1	24
1	62
1	91
1	35
1	55
1	4
1	95
0	83
0	72
1	5
0	94
1	7
0	52
1	29
0	88
1	17
1	80
1	63
0	26
0	25
1	60
0	20
1	24
1	62
1	91
1	35
1	55
1	4
0	83
0	72
1	5
0	94
1	7
0	52
1	29
0	88
1	17
1	80
1	63
0	26
0	25
1	60
0	20
1	24
1	62
1	91
1	35
1	55
1	4
1	95
0	49
1	9
1	67
1	31
0	45
0	45
0	44
1	22
0	68
0	78
0	93
0	45
0	44
1	22
0	68
0	78
0	93
0	98
0	6
0	45
0	44
1	22
0	68
0	78
0	93
0	98
0	6
0	38
0	50
0	53
0	45
0	44
1	22
0	68
0	78
0	93
0	98
0	6
0	38
0	50
0	53
0	45
0	44
1	22
0	68
0	78
0	93
0	98
0	6
0	38
0	50
0	53
1	12
0	66
0	89
0	89
0	11
1	34
1	6
1	82
1	18
1	45
0	89
0	11
1	34
1	6
1	82
1	18
1	45
1	78
0	89
0	11
1	34
1	6
1	82
1	18
1	45
1	78
0	53
0	85
1	38
0	0
1	48
1	83
1	81
1	80
0	89
0	11
1	34
1	6
1	82
1	18
1	45
1	78
0	53
0	85
1	38
0	0
1	48
1	83
1	81
1	80
1	43
1	76
0	73
1	31
0	66
1	68
1	19
1	9
0	89
0	11
1	34
1	6
1	82
1	18
1	45
1	78
0	53
0	85
1	38
0	0
1	48
1	83
1	81
1	80
1	43
1	76
1	78
1	78
0	7
0	84
1	2
1	90
1	3
1	24
1	87
1	78
0	7
0	84
1	2
1	90
1	3
1	24
1	78
0	7
0	84
1	2
1	90
1	3
1	24
1	87
0	88
1	94
1	33
0	8
0	22
1	75
1	85
1	79
0	55
1	11
1	46
1	78
0	7
0	84
1	2
1	90
1	3
1	24
1	87
0	88
1	94
1	33
0	8
0	22
1	75
1	85
1	79
0	55
1	11
1	46
1	78
0	7
0	84
1	2
1	90
1	3
1	24
1	87
0	88
1	94
1	33
0	8
0	22
1	75
1	85
1	79
0	55
1	11
1	46
1	34
0	79
0	79
0	40
0	30
0	71
0	82
0	79
0	40
0	30
0	71
0	82
0	11
0	79
0	40
0	30
0	71
0	82
0	11
0	9
0	54
0	20
0	76
0	79
0	40
0	30
0	71
0	82
0	11
0	9
0	54
0	20
0	79
0	40
0	30
0	71
0	82
0	11
0	9
0	54
0	20
0	76
1	38
1	32
1	18
0	5
0	28
1	16
1	67
1	1
0	93
0	77
1	82
0	80
1	89
0	76
1	21
0	31
1	11
1	53
1	18
1	86
1	41
1	30
0	2
1	35
0	11
0	67
1	41
1	54
0	78
1	17
0	28
1	71
1	55
0	46
0	95
1	68
1	24
1	31
1	34
1	1
0	11
1	99
1	6
0	81
0	52
0	45
0	41
0	47
1	95
0	97
0	20
1	93
0	74
1	87
0	88
1	79
1	52
1	3
1	56
0	55
0	14
0	7
1	30
1	98
0	58
0	53
0	29
0	14
0	81
0	27
0	71
0	69
1	49
1	9
1	17
0	73
0	97
1	83
1	96
0	36
1	48
1	16
1	39
0	46
1	95
1	47
0	49
1	78
1	92
1	74
1	93
1	6
1	26
1	5
1	55
1	73
0	44
1	20
1	22
1	10
1	81
0	41
1	47
0	27
1	68
1	8
1	3
1	46
1	89
0	74
1	83
0	95
0	35
0	87
0	33
0	62
0	64
0	75
0	32
0	81
0	2
0	19
0	65
1	85
1	75
1	51
1	29
0	47
1	24
1	94
0	2
0	19
0	65
1	85
1	75
1	51
1	29
0	47
1	24
0	2
0	19
0	65
1	85
1	75
1	51
1	29
0	47
1	24
1	94
0	2
0	19
0	65
1	85
1	75
1	51
1	29
0	47
1	24
1	94
0	25
1	20
1	92
1	30
0	60
1	12
1	22
1	63
0	20
0	53
1	83
1	93
0	71
0	16
0	69
0	33
0	4
0	3
0	20
1	1
0	22
0	29
0	34
1	70
0	58
0	66
0	35
0	88
1	35
0	74
0	89
0	49
0	26
1	92
1	18
1	93
1	71
1	91
0	9
0	30
0	19
0	92
0	27
1	3
1	30
1	46
0	33
1	64
1	9
1	92
1	59
0	62
0	26
0	47
0	6
0	25
1	96
1	12
0	0
1	1
1	4
1	94
1	56
1	97
0	25
0	38
0	55
0	31
0	14
0	23
1	19
1	5
1	91
0	66
1	62
1	50
1	0
0	17
0	75
1	1
1	58
0	25
0	99
0	74
0	86
0	15
1	59
0	55
1	38
1	35
1	76
1	73
1	10
1	27
1	93
0	37
0	75
0	39
1	49
0	24
0	54
1	16
0	45
1	47
0	32
0	88
1	19
1	29
0	72
0	23
1	50
0	28
1	20
0	92
0	55
0	43
1	28
1	75
1	69
0	21
0	53
0	20
0	51
