1	776
1	776
0	236
1	362
0	821
0	821
0	821
1	343
1	610
0	489
1	396
0	294
0	430
0	565
0	565
1	748
1	245
1	583
1	810
1	810
1	581
1	416
1	810
1	581
1	416
1	816
1	810
1	581
1	416
1	816
1	7
1	810
1	581
1	416
1	816
1	7
0	754
0	864
0	782
1	218
1	276
1	216
1	810
1	581
1	416
1	816
1	7
0	754
0	864
0	782
1	218
1	276
1	216
1	387
1	810
1	581
1	416
1	816
1	7
0	754
0	864
0	782
1	218
1	276
1	216
1	387
1	810
1	581
1	416
1	816
1	7
0	754
0	864
0	782
1	218
1	276
1	216
1	387
0	476
0	29
1	610
1	946
0	572
1	82
1	752
1	496
1	714
0	905
0	905
1	191
1	262
1	248
0	905
1	191
1	262
1	248
1	637
0	905
1	191
1	262
1	248
1	637
1	155
0	905
1	191
1	262
1	248
1	637
1	155
1	264
0	905
1	191
1	262
1	248
1	637
1	155
1	264
0	905
1	191
1	262
1	248
1	637
1	155
1	264
1	267
0	905
1	191
1	262
1	248
1	637
1	155
1	264
1	267
1	809
0	210
0	976
0	333
1	706
1	278
1	710
0	672
1	437
0	150
0	937
0	495
1	857
1	252
1	639
0	633
1	15
1	54
0	403
0	403
0	666
1	766
0	296
0	403
0	666
1	766
0	296
1	360
1	855
0	811
1	937
0	403
0	666
1	766
0	296
1	360
1	855
0	811
1	937
0	848
1	728
1	613
0	403
0	666
1	766
0	296
1	360
1	855
0	811
1	937
0	848
1	728
1	613
1	879
0	403
0	666
1	766
0	296
1	360
1	855
0	811
1	937
0	848
1	728
1	613
1	879
0	403
0	666
1	766
0	296
1	360
1	855
0	811
1	937
0	848
1	728
1	613
1	879
1	219
0	403
0	666
1	766
0	296
1	360
1	855
0	811
1	937
0	848
1	728
1	613
1	879
1	219
1	956
1	323
1	323
1	384
1	28
1	323
1	384
1	28
1	754
1	323
1	384
1	28
1	754
1	796
1	323
1	384
1	28
1	754
1	796
0	357
1	859
1	323
1	384
1	28
1	754
1	796
0	357
1	859
1	323
1	384
1	28
1	754
1	796
0	357
1	859
0	518
1	656
1	294
1	323
1	384
1	28
1	754
1	796
0	357
1	859
0	518
1	656
1	294
1	467
1	17
1	136
0	790
0	790
1	610
0	109
1	281
1	113
0	790
1	610
0	109
1	281
1	113
1	291
0	790
1	610
0	109
1	281
1	113
1	291
0	447
1	831
1	609
0	790
1	610
0	109
1	281
1	113
1	291
0	447
1	831
1	609
1	849
1	691
0	790
1	610
0	109
1	281
1	113
1	291
0	447
1	831
1	609
1	849
0	790
1	610
0	109
1	281
1	113
1	291
0	447
1	831
1	609
1	849
1	691
0	790
1	610
0	109
1	281
1	113
1	291
0	447
1	831
1	609
1	849
1	691
1	423
1	845
1	184
1	184
1	786
0	301
1	368
1	184
1	786
0	301
1	368
1	108
1	535
1	184
1	786
0	301
1	368
1	108
1	535
1	184
1	786
0	301
1	368
1	108
1	535
1	255
1	184
1	786
0	301
1	368
1	108
1	535
1	255
1	184
1	786
0	301
1	368
1	108
1	535
1	255
0	318
1	573
1	358
1	184
1	786
0	301
1	368
1	108
1	535
1	255
0	318
1	573
1	358
1	41
1	457
1	216
1	972
1	972
1	698
1	302
1	972
1	698
1	302
0	626
1	24
1	972
1	698
1	302
0	626
1	24
1	280
1	972
1	698
1	302
0	626
1	24
1	280
1	942
1	972
1	698
1	302
0	626
1	24
1	280
1	942
1	972
1	698
1	302
0	626
1	24
1	280
1	942
1	147
1	972
1	698
1	302
0	626
1	24
1	280
1	942
1	147
0	454
1	255
0	394
1	16
1	982
1	119
1	833
1	833
0	84
1	863
0	449
1	388
0	671
1	920
1	845
1	833
0	84
1	863
0	449
1	388
0	671
1	920
1	845
1	833
0	84
1	863
0	449
1	388
0	671
1	920
1	845
1	262
1	833
0	84
1	863
0	449
1	388
0	671
1	920
1	845
1	262
1	833
0	84
1	863
0	449
1	388
0	671
1	920
1	845
1	833
0	84
1	863
0	449
1	388
0	671
1	920
1	845
1	262
1	833
0	84
1	863
0	449
1	388
0	671
1	920
1	845
1	262
0	379
0	45
1	953
1	223
1	820
1	306
0	734
1	895
0	814
1	622
1	571
1	571
1	759
0	53
1	816
1	571
1	759
0	53
1	816
0	975
0	219
1	536
1	36
1	374
1	551
1	571
1	759
0	53
1	816
0	975
0	219
1	536
1	36
1	374
1	571
1	759
0	53
1	816
0	975
0	219
1	536
1	36
1	571
1	759
0	53
1	816
0	975
0	219
1	536
1	36
1	571
1	759
0	53
1	816
0	975
0	219
1	536
1	36
1	374
1	571
1	759
0	53
1	816
0	975
0	219
1	536
1	36
1	374
1	551
1	914
1	414
1	397
0	848
0	848
1	790
1	929
1	264
0	848
1	790
1	929
1	264
1	748
0	848
1	790
1	929
1	264
1	748
1	433
0	848
1	790
1	929
1	264
1	748
1	433
1	97
0	848
1	790
1	929
1	264
1	748
1	433
1	97
0	848
1	790
1	929
1	264
1	748
1	433
1	97
1	210
0	848
1	790
1	929
1	264
1	748
1	433
1	97
1	210
1	192
1	410
1	803
1	638
1	117
1	997
1	515
1	101
1	524
0	174
1	559
0	18
1	106
0	636
0	422
0	148
0	198
1	648
0	822
0	979
1	833
1	66
1	815
1	553
0	622
1	206
1	621
1	938
0	702
1	968
0	984
0	269
0	131
1	161
1	280
1	234
0	601
0	399
1	154
1	180
0	545
0	155
0	297
0	828
1	846
0	479
1	560
1	527
0	430
1	663
1	621
1	494
1	988
0	420
1	301
1	440
1	424
1	255
1	198
1	426
1	477
1	776
1	843
1	839
1	960
1	108
1	579
0	87
1	606
1	667
1	383
0	405
1	549
1	767
0	937
1	764
0	886
1	807
1	844
0	188
0	479
1	220
1	91
0	625
0	956
1	711
0	713
1	893
1	90
1	676
0	473
1	839
0	795
1	384
1	676
1	719
1	649
1	513
1	187
1	366
1	258
0	421
0	79
1	238
1	538
1	549
1	696
1	451
1	444
0	336
1	811
0	745
1	468
1	540
1	424
1	511
1	304
1	883
0	533
1	113
1	258
0	902
0	647
1	352
1	676
0	579
0	49
1	210
1	396
0	789
0	987
0	112
0	817
1	302
1	438
0	47
0	811
1	53
1	83
0	197
1	263
1	596
0	392
0	245
1	335
1	32
1	893
1	584
1	546
1	812
1	466
0	458
1	80
1	540
1	434
1	553
0	747
0	439
1	537
0	432
0	354
1	692
1	957
0	642
0	280
0	154
0	922
1	332
0	113
1	76
0	965
1	763
0	495
1	946
1	431
1	611
1	857
1	934
1	125
1	289
1	179
0	416
1	979
0	157
0	682
0	17
0	551
1	21
1	443
0	948
0	418
1	210
1	39
1	796
0	843
0	554
1	663
0	790
0	331
1	86
1	492
0	334
0	954
1	994
0	757
1	299
0	158
1	759
0	840
1	712
0	128
0	148
1	493
1	117
1	221
1	530
0	793
1	159
0	62
1	336
1	290
1	665
0	249
0	698
0	915
0	670
0	924
1	256
1	180
0	483
0	400
1	571
1	59
1	430
1	220
0	31
0	687
1	681
1	509
0	136
0	68
0	913
1	639
1	875
1	55
1	68
1	42
1	890
1	358
0	968
1	691
0	905
1	526
1	650
0	427
1	883
1	833
0	918
1	533
1	202
1	794
1	294
0	683
1	392
0	46
0	922
0	898
0	737
1	363
1	674
0	702
1	47
0	382
1	278
1	927
1	707
1	841
1	744
1	447
1	98
1	673
1	660
0	27
1	396
1	871
1	347
1	609
1	621
0	597
1	209
0	0
1	920
1	356
0	383
1	659
1	698
0	794
1	936
1	626
1	433
1	235
0	11
1	952
1	652
1	980
1	380
1	521
0	459
1	151
1	373
1	965
1	151
1	953
1	319
0	718
0	514
0	33
0	575
0	160
1	543
0	297
1	455
1	541
0	271
1	46
1	840
1	932
1	24
1	763
0	594
1	83
1	904
1	988
1	485
1	741
1	131
1	848
0	228
1	761
1	976
0	560
1	650
1	732
1	491
1	891
1	469
0	423
0	327
0	763
0	474
1	112
0	944
1	130
1	289
0	952
1	230
1	41
0	848
1	683
1	932
1	681
1	206
1	47
0	159
1	873
1	409
0	305
1	855
1	446
1	593
1	841
1	471
1	161
1	164
1	77
0	309
1	830
0	691
1	375
1	809
1	718
1	598
0	591
1	111
1	554
0	266
1	244
1	618
1	426
1	399
1	734
0	501
1	324
0	79
0	326
0	565
0	12
1	87
1	959
0	814
1	866
0	492
1	586
1	138
1	564
1	43
1	282
0	246
1	789
1	996
0	316
0	781
0	334
0	305
1	836
1	62
1	376
0	652
0	698
0	479
1	50
1	18
0	22
1	53
0	16
0	34
0	49
0	19
1	80
0	29
0	74
1	76
1	64
0	66
1	69
1	43
1	80
1	6
1	47
0	39
1	4
1	5
1	25
1	19
1	71
1	8
1	6
0	69
0	68
1	7
0	60
0	74
0	44
0	63
0	29
1	66
0	54
1	11
1	28
1	61
1	10
1	7
1	4
1	35
1	19
1	60
1	26
0	71
0	6
0	25
1	53
1	31
0	82
0	21
0	13
1	33
0	4
0	42
0	35
1	76
0	12
1	17
0	50
1	3
1	72
0	57
0	70
1	82
0	78
1	55
1	61
0	28
1	29
0	40
1	35
1	3
1	0
1	46
1	53
1	18
0	3
1	60
0	80
1	28
1	82
0	49
1	73
1	27
0	36
0	77
1	32
1	11
0	39
0	80
1	76
1	4
0	67
1	45
1	81
0	18
0	24
0	20
1	71
0	75
0	34
1	28
0	48
0	15
0	56
0	62
1	131
0	45
0	141
1	33
0	140
1	137
1	87
1	121
1	5
0	6
1	137
0	36
0	13
0	86
0	80
0	107
0	148
1	96
1	10
1	104
0	117
1	130
1	94
0	78
1	121
0	34
1	14
1	65
1	85
0	56
0	57
0	109
0	12
0	31
0	42
1	34
1	51
1	53
0	1
0	84
0	137
0	64
0	54
0	11
0	79
0	19
0	64
0	15
0	81
0	93
1	92
0	86
0	44
0	78
0	44
0	78
0	44
0	78
1	44
1	60
1	44
1	60
1	44
1	60
1	93
0	72
1	31
1	93
0	72
1	31
1	93
0	72
1	31
1	51
1	24
0	61
1	35
1	89
1	70
1	89
1	70
1	89
1	70
1	84
1	98
1	84
1	98
1	84
1	98
0	45
0	45
0	30
0	45
0	30
0	45
0	30
0	12
0	45
0	30
0	12
1	82
1	82
1	63
1	82
1	63
1	82
1	63
1	95
1	82
1	63
1	95
0	7
0	7
0	99
0	7
0	99
0	7
0	99
0	24
0	7
0	99
0	24
1	18
1	18
1	42
1	18
1	42
1	18
1	42
0	29
0	4
0	50
1	9
1	49
0	90
0	13
1	21
0	96
0	31
0	81
0	23
1	18
1	42
0	29
0	4
0	50
1	9
1	49
0	90
0	13
1	21
0	96
0	31
0	81
0	23
1	14
0	40
1	70
1	70
0	60
0	50
1	70
0	60
0	50
1	70
0	60
0	50
1	44
1	3
1	97
0	85
1	7
0	21
0	10
0	76
1	29
0	84
0	87
0	35
0	81
0	73
1	70
0	60
0	50
1	44
1	3
1	97
0	85
1	7
0	21
0	10
0	76
1	29
0	84
0	87
0	35
0	81
0	73
0	83
0	15
0	81
0	47
0	84
0	60
1	84
1	52
0	69
0	20
0	43
1	26
0	80
0	10
0	47
0	44
0	77
1	65
0	32
1	10
0	45
1	2
0	72
0	91
0	48
0	60
1	34
1	12
0	9
1	38
0	20
0	11
0	77
0	15
1	89
0	52
1	7
0	86
1	71
0	56
0	70
0	47
1	7
0	85
0	49
1	51
0	21
0	71
0	65
0	43
0	36
0	43
0	26
1	8
1	90
0	54
1	19
1	34
0	39
0	88
0	74
0	7
0	2
1	13
0	32
0	80
1	76
1	18
1	73
1	94
1	56
0	96
1	95
1	31
1	91
1	47
0	41
1	45
1	16
0	1
0	1
0	75
0	21
0	53
0	62
0	1
0	75
0	21
0	53
0	62
0	93
0	1
0	75
0	21
0	53
0	62
0	93
1	14
0	11
0	44
0	73
0	60
1	32
1	32
0	55
1	19
0	14
1	76
0	90
1	66
0	92
0	8
0	98
1	32
0	55
1	19
0	14
1	76
0	90
1	66
0	92
0	8
0	98
0	58
1	32
0	55
1	19
0	14
1	76
0	90
1	66
0	92
0	8
0	98
0	58
0	71
1	60
0	6
0	15
0	27
1	32
0	55
1	19
0	14
1	76
0	90
1	66
0	92
0	8
0	98
0	58
0	71
1	60
0	6
0	15
1	32
0	55
1	19
0	14
1	76
0	90
1	66
0	92
0	8
0	98
0	58
0	71
1	60
0	6
0	15
0	27
1	11
1	11
0	17
1	95
1	14
1	40
1	61
1	11
0	17
1	95
1	14
1	40
1	61
1	70
1	11
0	17
1	95
1	14
1	40
1	61
1	70
1	10
0	12
1	82
1	82
0	26
1	5
1	61
0	23
0	97
1	99
0	58
0	52
0	91
1	82
0	26
1	5
1	61
0	23
0	97
1	99
0	58
0	52
0	91
0	83
0	2
1	82
0	26
1	5
1	61
0	23
0	97
1	99
0	58
0	52
0	91
0	83
0	2
0	37
0	88
1	60
0	76
1	82
0	26
1	5
1	61
0	23
0	97
1	99
0	58
0	52
0	91
0	83
0	2
0	37
0	88
1	82
0	26
1	5
1	61
0	23
0	97
1	99
0	58
0	52
0	91
0	83
0	2
0	37
0	88
1	60
0	76
0	38
0	57
0	57
0	60
1	92
0	46
0	13
0	48
0	57
0	60
1	92
0	46
0	13
0	48
1	1
0	25
0	44
0	57
0	60
1	92
0	46
0	13
0	48
1	1
0	25
0	44
0	95
0	21
0	57
0	60
1	92
0	46
0	13
0	48
1	1
0	25
0	44
0	95
0	21
1	28
0	65
0	26
0	0
0	57
0	60
1	92
0	46
0	13
0	48
1	1
0	25
0	44
0	95
0	21
1	28
0	65
0	26
0	0
1	61
1	61
1	98
1	42
1	55
1	63
1	61
1	98
1	42
1	55
1	63
1	59
1	61
1	98
1	42
1	55
1	63
1	59
0	79
1	28
1	85
1	24
1	61
1	98
1	42
1	55
1	63
1	59
0	79
1	28
1	85
1	24
1	61
1	98
1	42
1	55
1	63
1	59
0	79
1	28
1	85
1	24
1	4
0	80
1	3
0	7
1	51
1	11
1	46
1	42
1	42
0	67
0	0
1	97
1	19
0	93
1	11
1	59
1	42
0	67
0	0
1	97
1	19
0	93
1	11
1	59
0	14
0	13
0	35
0	78
1	57
0	89
1	15
0	48
1	37
1	20
0	8
1	18
1	92
0	55
0	9
0	86
0	43
1	70
1	36
0	96
0	64
1	22
0	77
0	54
0	5
0	58
1	42
0	67
0	0
1	97
1	19
0	93
1	11
1	59
0	14
0	13
0	35
1	42
0	67
0	0
1	97
1	19
0	93
1	11
1	59
0	14
0	13
0	35
0	78
1	57
0	89
1	15
0	48
1	37
1	20
0	8
1	18
1	92
0	55
0	9
0	86
0	43
1	70
1	36
0	96
0	64
1	22
0	77
0	54
1	42
0	67
0	0
1	97
1	19
0	93
1	11
1	59
0	14
0	13
0	35
0	78
1	57
0	89
1	15
0	48
1	37
1	20
0	8
1	18
1	92
0	55
0	9
0	86
0	43
1	11
1	11
1	14
1	17
0	75
0	37
1	38
1	11
1	14
1	17
0	75
0	37
1	38
1	55
1	91
0	76
1	0
1	93
1	11
1	14
1	17
0	75
0	37
1	38
1	55
1	91
0	76
1	0
1	93
1	11
1	14
1	17
0	75
0	37
1	38
1	55
1	91
0	76
1	0
1	93
1	8
0	65
1	94
0	58
1	20
1	80
1	39
1	11
1	14
1	17
0	75
0	37
1	38
1	55
1	91
0	76
1	0
1	93
1	8
0	65
1	94
0	58
1	20
1	80
1	39
1	5
1	35
1	62
0	16
1	72
1	18
0	50
1	24
1	37
0	26
1	44
1	8
0	22
0	11
1	58
1	75
1	83
0	76
1	99
0	61
0	73
1	98
0	75
0	97
0	21
0	94
0	84
1	91
1	53
1	18
1	83
0	1
0	9
1	48
0	23
1	25
0	41
0	34
0	6
0	54
0	91
1	0
1	66
0	10
1	89
0	79
1	62
1	24
1	73
0	86
1	12
0	56
1	28
0	47
1	57
1	37
0	47
0	22
0	15
0	28
0	8
0	7
0	23
1	76
0	29
0	6
0	51
1	42
0	85
0	58
0	34
0	0
0	65
1	0
0	19
0	78
0	73
0	88
1	47
0	83
0	50
1	16
0	54
1	58
1	80
0	72
0	85
1	2
0	67
0	71
1	31
1	57
1	89
1	77
0	45
0	39
1	66
1	55
1	61
0	58
1	16
0	79
0	64
1	39
1	20
1	38
0	47
1	22
1	77
1	84
1	96
0	14
1	87
0	16
1	78
1	74
1	53
1	13
1	91
1	62
0	2
0	32
0	33
0	10
0	26
0	61
0	71
0	29
0	40
1	81
1	89
0	93
0	10
0	97
0	38
0	61
0	71
0	29
0	40
1	81
1	89
0	93
0	10
0	97
0	38
0	61
0	71
0	29
0	40
1	81
1	89
0	93
0	10
0	97
0	61
0	71
0	29
0	40
1	81
1	89
0	93
0	10
0	97
0	38
0	9
0	68
1	0
1	1
1	42
1	21
1	22
0	53
0	59
0	99
0	93
1	97
0	15
0	96
0	45
1	39
1	92
0	94
1	82
0	60
1	47
1	27
1	15
1	49
1	70
1	51
1	56
1	33
0	36
1	41
0	12
1	92
0	8
1	11
1	28
0	39
0	67
