0	660
0	660
1	226
0	983
1	514
1	514
1	704
1	514
1	704
0	369
1	115
1	780
1	867
1	901
1	91
1	91
1	59
1	562
0	409
0	409
0	670
1	560
1	885
0	409
0	670
1	560
1	885
1	28
1	777
0	409
0	670
1	560
1	885
1	28
1	777
1	816
0	409
0	670
1	560
1	885
1	28
1	777
1	816
0	629
0	470
1	613
1	776
1	469
0	409
0	670
1	560
1	885
1	28
1	777
1	816
0	629
0	470
1	613
1	776
0	409
0	670
1	560
1	885
1	28
1	777
1	816
0	629
0	470
1	613
1	776
1	469
0	409
0	670
1	560
1	885
1	28
1	777
1	816
0	629
0	470
1	613
1	776
1	469
1	723
1	906
1	924
1	924
0	893
0	321
1	743
1	646
1	924
0	893
0	321
1	743
1	646
1	446
1	924
0	893
0	321
1	743
1	646
1	446
0	447
1	438
1	724
1	924
0	893
0	321
1	743
1	646
1	446
0	447
1	438
1	724
1	137
1	924
0	893
0	321
1	743
1	646
1	446
0	447
1	438
1	724
1	137
1	924
0	893
0	321
1	743
1	646
1	446
0	447
1	438
1	724
1	137
1	507
1	924
0	893
0	321
1	743
1	646
1	446
0	447
1	438
1	724
1	137
1	507
1	839
1	739
0	647
0	647
0	617
0	310
0	647
0	617
0	310
1	440
1	376
1	392
0	646
0	361
0	97
0	647
0	617
0	310
1	440
1	376
1	392
0	646
0	361
0	97
1	176
0	541
0	321
0	647
0	617
0	310
1	440
1	376
1	392
0	646
0	361
0	97
0	647
0	617
0	310
1	440
1	376
1	392
0	646
0	361
0	97
0	647
0	617
0	310
1	440
1	376
1	392
0	646
0	361
0	97
0	647
0	617
0	310
1	440
1	376
1	392
0	646
0	361
0	97
1	176
0	541
0	321
1	676
1	886
1	442
1	348
1	86
1	291
1	842
1	388
1	531
1	531
1	958
1	372
1	531
1	958
1	372
1	83
1	531
1	958
1	372
1	83
1	124
1	531
1	958
1	372
1	83
1	124
0	682
0	432
1	486
1	770
1	531
1	958
1	372
1	83
1	124
0	682
0	432
1	486
1	770
1	531
1	958
1	372
1	83
1	124
0	682
0	432
1	486
1	770
0	263
1	872
1	531
1	958
1	372
1	83
1	124
0	682
0	432
1	486
1	770
0	263
1	872
1	208
0	181
0	20
0	948
0	866
1	58
1	225
0	991
1	570
0	747
1	871
1	989
1	482
1	681
1	860
0	152
0	152
1	593
1	205
1	410
0	152
1	593
1	205
1	410
0	831
0	813
1	727
1	1
1	275
1	577
0	152
1	593
1	205
1	410
0	831
0	813
1	727
1	1
1	275
0	152
1	593
1	205
1	410
0	831
0	813
1	727
1	1
1	275
0	152
1	593
1	205
1	410
0	831
0	813
1	727
1	1
1	275
0	152
1	593
1	205
1	410
0	831
0	813
1	727
1	1
1	275
0	152
1	593
1	205
1	410
0	831
0	813
1	727
1	1
1	275
1	577
1	824
1	324
0	559
1	580
1	195
1	984
1	984
1	672
0	972
1	742
1	984
1	672
0	972
1	742
1	853
0	509
1	898
1	630
1	984
1	672
0	972
1	742
1	853
0	509
1	898
1	630
1	984
1	672
0	972
1	742
1	853
0	509
1	898
1	630
1	984
1	672
0	972
1	742
1	853
0	509
1	898
1	630
1	984
1	672
0	972
1	742
1	853
0	509
1	898
1	630
1	984
1	672
0	972
1	742
1	853
0	509
1	898
1	630
1	650
0	688
1	437
1	558
1	134
0	995
0	995
1	428
1	70
1	456
0	995
1	428
1	70
1	456
1	358
0	995
1	428
1	70
1	456
1	358
0	149
1	954
1	284
1	910
0	995
1	428
1	70
1	456
1	358
0	149
1	954
1	284
0	995
1	428
1	70
1	456
1	358
0	149
1	954
1	284
0	995
1	428
1	70
1	456
1	358
0	149
1	954
1	284
0	995
1	428
1	70
1	456
1	358
0	149
1	954
1	284
1	910
1	303
1	927
0	182
1	551
1	11
1	94
0	736
0	736
1	199
1	238
1	324
0	736
1	199
1	238
1	324
0	782
1	438
1	912
0	477
1	230
1	194
0	736
1	199
1	238
1	324
0	782
1	438
1	912
0	736
1	199
1	238
1	324
0	782
1	438
1	912
0	477
1	230
1	194
0	736
1	199
1	238
1	324
0	782
1	438
1	912
0	477
1	230
1	194
0	736
1	199
1	238
1	324
0	782
1	438
1	912
0	477
1	230
1	194
0	736
1	199
1	238
1	324
0	782
1	438
1	912
0	477
1	230
1	194
1	385
1	132
1	13
1	644
1	644
1	819
0	728
1	970
1	644
1	819
0	728
1	970
1	938
1	644
1	819
0	728
1	970
1	938
0	399
1	496
1	978
0	911
1	461
1	644
1	819
0	728
1	970
1	938
0	399
1	496
1	978
1	644
1	819
0	728
1	970
1	938
0	399
1	496
1	978
1	644
1	819
0	728
1	970
1	938
0	399
1	496
1	978
1	644
1	819
0	728
1	970
1	938
0	399
1	496
1	978
0	911
1	461
0	871
1	716
1	983
1	42
1	258
1	924
0	287
0	287
0	848
0	296
0	287
0	848
0	296
1	329
0	51
0	287
0	848
0	296
1	329
0	51
0	551
0	287
0	848
0	296
1	329
0	51
0	551
1	695
1	74
1	75
1	504
0	287
0	848
0	296
1	329
0	51
0	551
1	695
1	74
1	75
1	504
0	287
0	848
0	296
1	329
0	51
0	551
1	695
1	74
1	75
1	504
0	287
0	848
0	296
1	329
0	51
0	551
1	695
1	74
1	75
1	504
1	889
0	807
1	8
1	192
1	611
1	558
1	424
1	413
1	808
1	414
1	970
1	552
1	116
1	610
1	801
1	243
1	94
1	244
1	452
1	602
0	581
0	322
1	981
0	162
0	603
0	436
0	172
0	578
0	555
1	357
0	704
0	801
0	791
0	882
0	137
0	220
0	350
0	928
1	533
1	627
0	997
0	946
0	168
0	739
0	948
1	520
0	510
0	597
1	855
0	232
0	847
0	145
1	460
0	656
0	728
0	422
1	240
0	446
1	730
1	587
1	985
1	787
0	282
1	420
0	571
1	216
0	491
1	853
1	992
1	479
1	686
0	745
1	644
1	350
1	177
1	420
1	86
1	197
0	83
0	975
0	207
0	983
1	361
1	264
0	883
1	184
1	180
0	299
0	75
0	415
0	527
1	651
1	116
0	814
1	410
0	406
0	765
1	290
1	374
0	66
0	591
0	504
1	115
1	451
1	201
1	917
1	601
0	370
1	973
1	201
1	178
1	234
1	374
1	176
1	344
1	805
1	65
0	99
0	935
1	973
0	379
1	143
1	794
1	850
0	72
1	885
1	820
1	161
1	334
1	450
1	658
1	523
1	249
1	904
1	50
1	603
1	728
1	319
0	701
0	445
1	926
0	748
0	687
1	186
1	983
1	242
1	537
0	988
0	151
1	52
1	271
1	807
1	249
1	649
1	6
1	161
1	299
1	839
1	718
1	306
1	532
1	739
0	599
0	975
0	25
0	524
0	520
0	882
0	542
0	771
0	502
0	405
0	916
0	963
1	149
0	408
1	154
0	567
0	122
0	441
0	819
0	600
1	268
0	891
0	365
1	610
0	690
1	645
1	659
1	868
1	573
0	405
0	95
0	246
0	308
1	947
0	552
1	932
1	186
0	401
0	770
1	139
1	377
0	245
0	357
1	807
0	290
1	780
1	44
1	963
0	489
1	521
0	183
1	540
0	503
0	422
0	362
0	631
0	574
0	554
0	886
1	914
0	431
0	744
0	128
1	177
1	90
0	872
1	844
1	109
1	916
1	836
1	91
1	792
1	44
1	982
1	583
0	576
0	524
0	950
0	581
0	733
1	383
1	904
0	202
1	641
0	183
0	963
1	487
1	698
1	263
1	682
1	22
1	154
1	685
0	833
1	337
1	534
1	603
0	12
0	267
0	367
1	674
1	208
1	301
1	122
1	730
0	808
0	414
1	644
0	65
0	875
1	639
0	563
1	894
0	305
1	617
1	314
1	487
1	788
0	60
1	630
1	474
1	859
1	522
1	754
1	558
1	660
1	402
1	654
1	382
0	661
1	453
1	223
1	427
1	345
0	185
1	752
1	630
1	543
0	982
1	624
1	466
0	757
0	129
1	206
0	792
0	642
1	940
0	516
0	725
1	429
0	673
1	49
0	671
0	549
0	78
0	583
0	693
0	224
0	98
0	895
0	622
1	93
1	539
0	770
1	407
0	142
1	620
0	234
0	688
0	656
1	131
0	4
1	370
0	884
0	172
1	299
1	260
1	5
1	490
1	758
0	113
1	270
0	747
0	433
0	479
1	338
1	278
0	176
1	170
0	633
1	495
0	909
1	228
1	376
1	365
0	475
1	343
0	203
0	915
0	369
1	590
0	191
1	430
1	649
1	172
1	895
0	248
1	20
1	999
1	741
0	167
1	216
0	253
0	118
1	51
0	159
1	561
1	872
0	14
1	860
1	918
0	886
1	217
1	609
1	844
1	417
0	371
1	799
1	306
1	247
1	392
0	74
0	862
0	819
0	756
0	45
0	3
0	25
1	15
0	44
1	19
0	76
0	9
0	56
1	53
1	57
0	14
0	25
0	80
0	68
1	56
0	82
0	60
0	57
0	46
0	56
1	45
0	38
0	6
0	75
1	38
1	34
1	61
0	13
0	42
1	37
1	68
1	79
0	2
0	66
0	16
0	18
0	59
0	15
1	50
1	34
0	31
0	61
0	51
1	41
0	69
1	45
1	64
0	16
1	7
1	2
1	65
0	58
0	37
0	12
0	25
0	5
0	31
0	76
0	30
0	72
1	58
0	79
0	45
0	8
0	27
0	39
0	21
0	68
0	33
1	19
1	71
0	77
0	1
1	61
0	18
0	49
1	27
1	0
0	55
0	36
0	59
0	29
1	23
1	25
1	9
1	44
1	24
0	28
1	67
1	50
1	2
1	13
1	62
0	20
1	18
1	58
0	53
1	14
0	14
0	73
1	53
1	100
0	119
0	55
0	111
0	57
0	24
0	143
0	50
0	44
0	69
1	14
1	7
1	119
0	144
1	148
0	23
1	98
1	95
1	78
0	152
1	68
1	87
0	163
1	69
1	42
1	75
0	142
1	56
0	102
0	36
1	21
1	104
0	24
1	69
0	75
0	16
0	151
0	44
1	4
0	41
0	66
0	74
0	38
0	56
1	13
1	63
1	28
0	73
0	37
0	39
0	6
0	33
0	59
1	30
1	40
1	57
0	15
1	32
1	64
1	25
1	51
1	7
1	63
0	12
0	34
0	26
1	13
0	45
1	43
1	75
0	4
0	2
0	14
1	9
0	5
0	3
0	10
1	16
0	13
1	11
1	0
0	12
0	1
1	7
0	15
0	6
1	8
1	8
1	8
1	8
1	8
1	8
1	8
0	10
0	14
1	4
0	11
1	3
0	7
0	15
1	12
0	5
1	14
0	0
1	4
1	3
1	6
1	7
1	13
0	11
1	15
1	10
0	7
1	2
1	3
0	0
0	13
1	9
1	16
0	5
1	6
0	1
0	14
0	12
0	11
0	10
1	12
1	3
1	4
1	14
0	13
0	11
0	1
1	15
1	6
1	5
1	9
0	3
0	1
1	10
1	14
1	5
1	13
0	16
1	0
1	4
0	14
0	11
0	10
0	8
1	16
0	3
1	6
1	9
1	7
1	13
1	5
1	16
0	8
1	10
0	6
0	14
0	4
0	2
0	12
0	11
1	7
1	13
1	15
0	1
0	9
1	0
1	3
1	5
1	5
0	4
0	2
0	14
1	3
0	7
0	12
0	13
1	5
0	11
0	16
0	0
1	14
1	12
0	13
1	16
1	4
1	15
0	9
0	8
1	2
0	1
1	6
0	5
1	11
0	3
0	7
0	10
1	21
1	1
0	10
1	72
0	33
0	38
1	22
0	21
0	88
0	99
0	23
0	87
1	86
0	7
0	30
1	46
0	35
1	70
1	74
1	46
0	35
1	70
1	74
1	46
0	35
1	70
1	74
1	30
0	94
1	90
1	72
1	30
0	94
1	90
1	72
1	30
0	94
1	90
1	72
1	46
1	28
1	46
1	28
1	46
1	28
0	12
1	39
1	46
0	75
0	88
1	4
1	81
1	26
0	12
1	39
1	46
0	75
0	88
1	4
1	81
1	26
0	74
0	99
1	33
1	47
1	73
0	12
1	39
1	46
0	75
0	88
1	4
1	81
1	26
0	74
0	99
1	33
1	47
1	73
1	28
0	55
1	12
0	9
0	50
0	82
0	55
1	12
0	9
0	50
0	82
0	55
1	12
0	9
0	50
0	82
1	8
1	8
0	86
0	21
0	92
1	8
0	86
0	21
0	92
1	8
0	86
0	21
0	92
0	63
1	8
0	86
0	21
0	92
0	63
0	79
0	79
0	58
0	79
0	58
0	79
0	58
0	42
0	79
0	58
0	42
1	24
1	24
1	38
1	24
1	38
1	24
1	38
1	98
1	24
1	38
1	98
1	57
1	57
1	45
1	57
1	45
1	57
1	45
1	31
1	57
1	45
1	31
1	54
1	54
1	4
1	54
1	4
1	54
1	4
1	76
1	54
1	4
1	76
1	13
1	31
0	89
1	74
1	46
1	82
0	20
1	54
0	5
0	32
1	10
0	23
0	71
0	36
0	28
1	49
0	16
0	53
0	24
0	59
1	70
0	77
0	67
0	42
0	32
0	22
0	99
0	13
0	4
0	4
0	88
0	78
1	93
0	29
1	42
1	11
1	54
1	23
0	4
0	88
0	78
1	93
0	29
1	42
1	11
1	54
1	23
0	27
1	59
1	32
0	4
0	88
0	78
1	93
0	29
1	42
1	11
1	54
1	23
0	27
1	59
1	32
0	45
0	7
1	28
1	92
1	56
1	75
0	18
1	94
1	62
0	36
1	91
1	73
0	64
1	86
1	66
0	22
0	22
0	92
0	27
1	5
1	53
0	48
0	44
0	22
0	92
0	27
1	5
1	53
0	48
0	44
0	71
0	75
0	22
0	92
0	27
1	5
1	53
0	48
0	44
0	71
0	75
0	69
0	20
1	70
0	34
0	31
0	22
0	92
0	27
1	5
1	53
0	48
0	44
0	71
0	75
0	69
0	20
0	22
0	92
0	27
1	5
1	53
0	48
0	44
0	71
0	75
0	69
0	20
1	70
0	34
0	31
1	23
1	23
1	11
0	42
0	48
0	55
0	37
1	12
0	57
0	53
0	87
1	23
1	11
0	42
0	48
0	55
0	37
1	12
0	57
0	53
0	87
0	7
0	62
1	23
1	11
0	42
0	48
0	55
0	37
1	12
0	57
0	53
0	27
0	27
0	13
1	51
1	62
1	54
0	75
1	9
1	10
0	26
1	92
1	21
0	27
0	13
1	51
1	62
1	54
0	75
1	9
1	10
0	27
0	13
1	51
1	62
1	54
0	75
1	9
1	10
0	26
1	92
1	21
1	85
1	4
0	27
0	13
1	51
1	62
1	54
0	75
1	9
1	10
0	26
1	92
1	21
1	85
1	4
0	27
0	13
1	51
1	62
1	54
0	75
1	9
1	10
0	26
1	92
1	21
1	85
1	4
1	40
1	87
1	87
0	20
1	66
0	4
0	16
0	25
0	30
1	87
0	20
1	66
0	4
0	16
0	25
0	30
0	8
1	87
0	20
1	66
0	4
0	16
0	25
0	30
0	8
0	7
0	48
0	27
0	38
1	87
0	20
1	66
0	4
0	16
0	25
0	30
0	8
0	7
0	48
0	27
0	38
1	87
0	20
1	66
0	4
0	16
0	25
0	30
0	8
0	7
0	48
0	27
0	38
0	72
1	63
1	63
1	47
1	25
1	29
0	79
1	58
1	63
1	47
1	25
1	29
0	79
1	58
1	26
1	63
1	47
1	25
1	29
0	79
1	58
1	26
1	66
0	16
1	55
1	5
1	63
1	47
1	25
1	29
0	79
1	58
1	26
1	66
0	16
1	55
1	5
1	63
1	47
1	25
1	29
0	79
1	58
1	26
1	66
0	16
1	55
1	5
1	19
1	1
0	58
0	58
1	15
1	98
0	17
0	33
0	37
0	81
1	34
0	64
1	7
0	76
1	87
0	18
1	72
0	49
1	20
0	51
0	12
1	56
0	45
0	58
1	15
1	98
0	17
0	33
0	37
0	81
1	34
0	64
1	7
0	76
1	87
0	18
0	58
1	15
1	98
0	17
0	33
0	37
0	81
1	34
0	64
1	7
0	76
1	87
0	18
1	72
0	49
1	20
0	51
0	12
1	56
0	45
1	91
0	68
0	23
0	61
0	43
0	5
0	58
1	15
1	98
0	17
0	33
0	37
0	81
1	34
0	64
1	7
0	76
1	87
0	18
1	72
0	49
1	20
0	51
0	12
1	56
0	45
1	91
0	68
0	23
0	61
0	43
0	5
1	24
1	9
0	14
1	92
0	0
0	73
0	40
0	38
0	58
1	15
1	98
0	17
0	33
0	37
0	81
1	34
0	64
1	7
0	76
1	87
0	18
1	72
0	49
1	20
0	51
0	12
1	56
0	45
1	91
0	68
0	23
0	61
0	43
0	5
0	34
0	34
1	2
1	24
0	49
0	14
1	8
1	91
0	56
0	65
1	9
1	69
1	29
1	80
0	34
1	2
1	24
0	49
0	14
1	8
1	91
0	56
0	65
1	9
1	69
1	29
1	80
1	77
1	51
0	34
1	2
1	24
0	49
0	14
1	8
1	91
0	56
0	65
1	9
1	69
1	29
1	80
1	77
1	51
0	34
1	2
1	24
0	49
0	14
1	8
1	91
0	56
0	65
1	9
1	69
1	29
1	80
1	77
1	51
0	34
1	2
1	24
0	49
0	14
1	8
1	91
0	56
0	65
1	9
1	69
1	29
1	80
1	77
1	51
1	53
1	33
1	37
1	14
0	87
0	9
0	45
0	12
0	87
1	48
0	58
1	38
0	97
1	82
1	60
0	65
1	5
1	72
1	41
0	3
1	63
1	67
0	79
0	24
0	9
0	74
0	48
0	2
0	96
1	61
0	12
0	74
0	85
1	84
0	79
0	74
0	60
0	41
0	40
0	8
0	71
0	63
0	87
0	35
1	90
0	25
0	60
1	14
0	69
0	52
0	92
1	93
0	59
1	9
1	26
1	96
0	47
0	68
0	8
1	22
0	13
1	19
1	51
1	63
1	83
0	42
0	48
0	11
1	97
0	36
0	26
1	4
1	57
1	95
0	28
1	61
1	7
0	86
0	37
1	19
0	6
0	54
0	76
1	65
1	4
1	66
0	34
1	36
1	39
0	28
0	72
0	67
0	26
0	50
0	71
0	64
0	33
1	22
0	82
0	98
0	46
0	89
1	31
1	77
0	24
0	68
1	99
1	60
1	88
0	97
1	13
1	35
1	7
1	5
0	55
1	23
0	56
0	84
0	90
1	87
1	40
1	89
1	5
0	55
1	23
0	56
0	84
0	90
1	87
1	40
1	89
1	81
1	5
0	55
1	23
0	56
0	84
0	90
1	87
1	40
1	89
1	81
1	5
0	55
1	23
0	56
0	84
0	90
1	87
1	40
1	89
1	81
0	0
0	86
0	81
1	84
0	37
0	2
0	32
1	28
1	38
0	85
1	16
0	76
1	30
1	18
1	0
1	51
0	31
0	47
1	95
1	33
0	50
1	62
0	48
1	65
0	49
1	55
0	47
1	30
0	73
1	18
1	39
0	69
0	59
1	29
0	77
0	46
0	95
1	81
0	15
0	7
0	41
1	75
0	90
0	18
1	49
1	38
1	41
1	59
1	89
0	12
0	65
1	40
1	39
1	15
1	51
