1	179
1	179
0	417
1	381
1	502
1	502
1	987
1	502
1	987
1	736
1	79
1	490
1	179
1	84
1	342
1	342
0	499
0	703
0	354
1	724
1	724
1	958
1	366
1	724
1	958
1	366
1	693
1	724
1	958
1	366
1	693
1	854
1	724
1	958
1	366
1	693
1	854
1	292
1	724
1	958
1	366
1	693
1	854
1	292
1	724
1	958
1	366
1	693
1	854
1	292
1	724
1	958
1	366
1	693
1	854
1	292
1	551
1	434
0	955
1	906
0	552
0	126
1	233
1	755
0	45
1	492
1	511
0	577
0	577
1	704
1	25
1	389
0	577
1	704
1	25
1	389
1	342
0	577
1	704
1	25
1	389
1	342
1	950
0	577
1	704
1	25
1	389
1	342
1	950
0	478
1	867
1	618
0	577
1	704
1	25
1	389
1	342
1	950
0	478
1	867
1	618
1	934
0	577
1	704
1	25
1	389
1	342
1	950
0	478
1	867
1	618
1	934
0	577
1	704
1	25
1	389
1	342
1	950
0	478
1	867
1	618
1	934
1	778
0	816
1	56
1	40
1	375
1	375
0	936
1	367
1	784
1	375
0	936
1	367
1	784
1	366
1	375
0	936
1	367
1	784
1	366
1	24
1	375
0	936
1	367
1	784
1	366
1	24
1	913
1	375
0	936
1	367
1	784
1	366
1	24
1	913
1	375
0	936
1	367
1	784
1	366
1	24
1	913
1	830
1	375
0	936
1	367
1	784
1	366
1	24
1	913
1	830
1	404
1	255
1	972
1	716
1	648
1	648
1	27
1	347
1	648
1	27
1	347
1	677
1	648
1	27
1	347
1	677
1	517
1	648
1	27
1	347
1	677
1	517
1	438
1	648
1	27
1	347
1	677
1	517
1	438
1	648
1	27
1	347
1	677
1	517
1	438
1	648
1	27
1	347
1	677
1	517
1	438
0	649
1	856
1	931
1	485
1	359
0	382
0	509
1	949
1	276
1	936
1	936
1	316
1	981
1	936
1	316
1	981
0	772
1	938
1	936
1	316
1	981
0	772
1	938
0	689
1	422
1	808
1	913
1	936
1	316
1	981
0	772
1	938
0	689
1	422
1	808
1	936
1	316
1	981
0	772
1	938
0	689
1	422
1	808
1	936
1	316
1	981
0	772
1	938
0	689
1	422
1	808
1	936
1	316
1	981
0	772
1	938
0	689
1	422
1	808
1	913
1	944
0	263
0	320
1	586
1	149
1	207
0	7
1	659
1	508
1	114
1	4
1	4
0	633
0	396
1	155
1	37
1	4
0	633
0	396
1	155
1	37
1	252
1	4
0	633
0	396
1	155
1	37
1	252
0	704
1	38
1	625
1	4
0	633
0	396
1	155
1	37
1	252
0	704
1	38
1	625
1	4
0	633
0	396
1	155
1	37
1	252
0	704
1	38
1	625
1	606
1	4
0	633
0	396
1	155
1	37
1	252
0	704
1	38
1	625
1	606
1	4
0	633
0	396
1	155
1	37
1	252
0	704
1	38
1	625
1	606
0	978
1	381
1	332
0	663
0	896
1	258
1	912
1	883
1	909
1	909
1	784
1	432
1	909
1	784
1	432
1	270
1	909
1	784
1	432
1	270
1	150
1	909
1	784
1	432
1	270
1	150
0	335
1	324
1	909
1	784
1	432
1	270
1	150
0	335
1	324
1	909
1	784
1	432
1	270
1	150
0	335
1	324
0	158
1	613
1	909
1	784
1	432
1	270
1	150
0	335
1	324
0	158
1	613
1	125
0	814
1	179
1	211
1	459
1	999
1	642
1	642
1	355
1	123
1	642
1	355
1	123
0	686
1	30
1	642
1	355
1	123
0	686
1	30
1	165
1	642
1	355
1	123
0	686
1	30
1	165
1	67
1	642
1	355
1	123
0	686
1	30
1	165
1	67
1	642
1	355
1	123
0	686
1	30
1	165
1	67
1	415
1	642
1	355
1	123
0	686
1	30
1	165
1	67
1	415
1	832
0	631
1	951
1	899
1	99
0	217
0	217
0	458
0	721
0	217
0	458
0	721
1	245
1	55
1	862
1	81
0	217
0	458
0	721
1	245
1	55
1	862
1	81
0	478
0	802
1	655
0	129
0	782
1	748
1	251
0	18
1	220
1	161
0	217
0	458
0	721
1	245
1	55
1	862
1	81
0	478
0	802
1	655
0	129
0	782
1	748
1	251
0	18
1	220
1	161
1	724
0	217
0	458
0	721
1	245
1	55
1	862
1	81
0	478
0	802
1	655
0	129
0	782
1	748
1	251
0	18
1	220
1	161
1	724
0	217
0	458
0	721
1	245
1	55
1	862
1	81
0	478
0	802
1	655
0	129
0	782
1	748
1	251
0	18
1	220
1	161
1	724
0	217
0	458
0	721
1	245
1	55
1	862
1	81
0	478
0	802
1	655
0	129
0	782
1	748
1	251
0	18
1	220
1	161
1	724
0	716
0	353
1	464
1	794
1	998
1	52
0	909
0	909
1	754
1	9
1	527
0	909
1	754
1	9
1	527
0	479
0	201
1	286
1	609
1	794
0	607
1	836
0	909
1	754
1	9
1	527
0	479
0	201
1	286
1	609
1	794
0	909
1	754
1	9
1	527
0	479
0	201
1	286
1	609
0	909
1	754
1	9
1	527
0	479
0	201
1	286
1	609
0	909
1	754
1	9
1	527
0	479
0	201
1	286
1	609
1	794
0	909
1	754
1	9
1	527
0	479
0	201
1	286
1	609
1	794
0	607
1	836
0	441
1	186
1	10
1	475
1	106
1	642
0	582
1	858
0	11
1	779
0	221
1	385
1	827
1	726
0	400
1	684
1	191
1	527
1	304
1	677
1	882
0	478
1	263
1	159
1	519
1	318
0	238
0	322
1	44
0	859
1	464
1	729
0	53
1	652
1	912
0	611
0	927
0	428
0	759
0	904
0	954
1	863
1	87
1	629
0	681
1	326
1	542
1	341
0	85
0	186
1	203
0	294
0	686
0	182
1	340
0	40
0	249
0	656
1	266
1	340
0	515
0	480
0	491
0	133
0	918
0	210
0	624
1	497
0	239
0	747
0	874
0	223
0	506
1	818
1	748
1	984
1	647
1	860
1	267
1	292
0	934
1	917
1	948
1	920
1	809
1	220
1	962
1	606
1	202
1	257
1	861
1	541
1	446
1	504
1	300
1	687
1	72
0	448
0	7
1	855
0	364
1	24
0	62
1	810
1	80
1	94
1	337
0	303
1	990
0	250
1	141
1	477
0	573
0	206
0	389
0	801
1	344
1	638
1	670
0	153
1	773
1	501
1	742
0	507
1	589
1	883
0	79
1	118
1	503
0	248
0	986
1	822
0	643
1	282
1	217
0	145
0	8
0	448
1	170
0	161
1	392
1	969
0	755
1	546
1	227
0	794
1	157
1	175
1	970
1	225
0	893
0	903
1	760
0	376
1	958
1	830
1	439
1	637
0	539
0	813
1	169
1	943
1	374
1	147
1	962
0	703
1	880
1	776
0	914
0	738
0	841
1	668
1	502
1	830
1	833
0	464
1	984
0	31
0	257
0	510
0	860
1	315
0	787
1	462
1	717
1	995
1	536
1	614
0	23
1	571
1	377
1	13
0	616
0	721
1	24
0	46
0	225
0	482
0	633
0	980
0	770
0	894
0	685
0	899
0	75
0	848
0	143
0	558
1	3
1	543
1	76
1	164
1	361
0	901
0	845
0	944
0	935
0	529
0	883
1	104
0	942
0	843
1	428
1	703
1	44
0	427
0	433
0	696
1	600
1	137
0	259
0	16
0	360
0	649
0	148
0	464
0	30
0	865
0	453
0	128
0	191
1	271
1	92
1	559
1	443
1	220
1	742
1	44
1	405
1	59
1	433
0	633
1	772
1	818
0	61
1	299
1	595
1	427
0	350
1	729
0	488
0	107
0	173
1	854
1	14
1	193
1	329
1	934
0	493
1	316
0	88
0	938
0	284
0	663
1	982
1	262
1	297
1	186
0	940
1	622
1	817
0	125
0	257
0	236
0	668
1	223
1	40
1	974
1	727
1	703
1	982
1	358
1	466
1	327
0	759
1	710
1	75
0	189
1	654
1	391
1	202
1	248
0	684
1	602
1	921
0	51
1	818
1	140
1	185
0	103
0	963
1	443
0	931
1	722
1	642
0	825
0	411
0	317
0	280
1	689
0	325
0	425
0	517
0	903
0	682
0	439
1	992
1	475
1	449
1	477
1	626
0	803
1	860
0	107
1	811
0	10
0	967
0	848
0	429
1	575
0	767
1	949
1	57
0	927
1	966
0	441
1	224
1	93
1	289
1	481
1	239
0	228
1	660
1	856
1	851
0	829
0	385
0	298
1	160
1	54
0	447
1	792
0	69
1	265
0	807
0	503
1	308
1	213
0	892
1	438
1	459
1	21
1	806
1	41
1	435
1	658
0	507
1	34
1	518
1	859
0	712
1	913
1	645
1	652
1	333
1	881
1	366
0	514
1	469
0	967
1	364
0	385
1	867
1	468
1	653
1	28
1	71
1	40
1	70
0	23
1	80
1	55
1	33
0	34
1	21
1	70
1	40
1	61
1	8
0	0
1	76
1	5
1	69
1	52
1	30
1	78
1	12
1	25
1	65
1	12
1	72
0	65
0	36
1	48
0	55
0	78
0	51
0	60
1	20
1	53
1	40
0	57
1	41
0	30
1	2
1	44
1	24
1	73
1	81
1	10
0	9
1	57
1	19
1	37
0	42
1	5
1	46
1	7
0	13
1	40
1	80
1	27
1	51
0	52
1	60
1	43
1	61
1	18
0	9
0	13
1	11
1	80
1	28
1	7
1	10
0	61
1	73
1	9
0	31
0	11
0	66
0	47
0	69
1	49
0	77
0	50
1	80
1	10
0	72
1	26
0	77
0	70
0	31
1	9
1	47
0	77
1	71
0	27
0	1
1	21
1	20
0	15
0	68
1	67
0	74
0	11
1	26
0	75
1	17
1	61
1	71
0	22
1	27
0	42
1	38
1	34
1	17
1	117
1	112
1	151
0	13
1	154
0	135
0	48
1	113
1	78
1	74
0	63
0	130
1	4
1	28
1	8
1	131
1	118
1	68
1	129
1	96
1	83
1	156
1	125
1	65
1	63
0	32
0	89
0	86
1	28
1	92
1	49
1	16
1	136
1	27
1	48
1	149
1	91
1	74
1	81
1	18
0	76
0	68
0	26
0	35
0	114
0	136
1	63
1	17
1	127
0	116
0	58
1	5
1	43
1	129
0	34
1	66
1	26
1	3
0	102
0	134
1	139
1	119
0	111
0	31
1	135
1	56
1	25
0	16
0	39
0	141
0	113
0	54
0	144
0	112
0	89
0	149
0	136
1	105
1	70
0	75
0	131
0	127
0	20
1	86
0	11
1	105
1	78
0	21
0	40
0	57
1	30
1	26
0	63
1	19
1	133
1	22
1	20
0	60
0	94
1	42
1	14
1	16
0	82
1	144
1	134
1	149
1	136
1	73
1	36
0	144
0	62
1	65
1	107
1	10
1	119
0	48
1	31
1	72
1	65
0	23
0	104
1	139
0	145
1	58
1	100
0	120
1	69
1	95
1	93
1	103
0	17
1	118
1	48
1	115
1	79
1	84
0	25
1	104
1	56
0	24
0	123
0	146
0	148
0	101
0	99
1	37
1	62
1	44
1	30
1	59
1	5
0	75
1	39
1	1
1	68
0	34
0	56
0	10
1	41
1	44
1	63
1	30
1	13
1	11
0	57
0	0
0	17
1	33
1	69
1	0
0	75
0	34
0	24
0	67
1	41
0	70
0	34
0	9
0	15
0	13
0	5
0	4
0	7
0	0
1	8
0	12
1	7
0	14
0	15
1	9
1	2
1	5
0	8
1	3
1	10
1	12
0	2
1	5
0	0
1	7
0	12
1	6
0	16
0	11
0	9
1	1
0	8
1	10
1	15
0	4
1	13
0	14
1	3
1	3
1	3
1	3
0	2
0	1
0	12
0	7
0	4
0	13
0	14
1	0
1	15
1	16
0	11
0	10
1	3
0	6
0	9
1	8
0	5
0	5
0	1
0	2
1	10
1	0
0	12
1	14
1	11
0	8
0	3
1	9
1	7
0	6
0	4
1	15
0	13
0	16
1	5
1	5
0	10
1	12
0	1
0	4
0	11
0	16
0	9
1	14
0	8
1	15
0	0
0	7
1	10
1	12
1	0
0	11
1	7
1	16
1	9
1	5
1	4
1	5
1	14
0	15
1	8
1	1
1	0
1	10
1	12
1	3
1	1
1	11
1	5
0	4
0	0
1	2
0	10
0	8
1	9
0	16
1	4
1	3
1	15
1	9
0	2
0	1
1	5
0	14
1	12
0	16
1	10
1	0
0	13
0	8
1	6
1	7
0	11
0	11
0	11
0	11
0	11
0	11
0	11
0	66
0	47
0	31
0	49
1	67
1	88
1	52
1	39
1	66
1	56
0	37
0	13
0	37
0	13
0	37
0	13
0	11
0	23
0	11
0	23
0	11
0	23
1	9
0	30
0	99
1	3
0	77
0	58
1	42
0	37
1	53
1	75
0	73
0	56
1	19
0	81
0	28
1	9
0	30
0	99
1	3
0	77
0	58
1	42
0	37
1	53
1	75
0	73
0	56
1	19
0	81
0	28
1	9
0	30
0	99
1	3
0	77
0	58
1	42
0	37
1	53
1	75
0	73
0	56
1	19
0	81
0	28
0	4
0	84
1	40
0	52
0	39
0	25
0	5
0	84
1	40
0	52
0	39
0	25
0	84
1	40
0	52
0	39
0	25
1	96
0	20
0	82
0	51
1	96
0	20
0	82
1	96
0	20
0	82
0	51
0	1
0	1
0	56
0	1
0	56
0	1
0	56
0	32
0	1
0	56
0	32
0	71
0	71
1	84
1	63
0	3
1	41
1	38
0	71
1	84
1	63
0	3
1	41
1	38
0	71
1	84
1	63
0	3
1	41
1	38
1	29
0	71
1	84
1	63
0	3
1	41
1	38
1	29
1	89
0	97
1	24
1	76
0	19
0	19
0	60
0	19
0	60
0	19
0	60
0	57
0	19
0	60
0	57
0	89
0	89
0	77
0	89
0	77
0	89
0	77
1	2
0	73
0	89
0	77
1	2
0	73
0	4
1	5
1	5
1	76
1	5
1	76
1	5
1	76
1	24
1	5
1	76
1	24
1	0
1	12
1	75
0	57
0	51
0	3
0	97
0	47
0	78
0	84
0	48
0	64
0	17
1	82
0	14
1	27
1	56
0	98
1	20
1	41
1	66
1	57
0	38
1	91
1	5
1	43
1	97
1	97
0	51
0	50
0	77
0	88
1	22
1	31
0	42
0	85
0	27
1	38
1	16
0	98
0	7
0	1
0	70
0	86
0	89
1	46
0	81
0	4
1	97
0	51
0	50
0	77
0	88
1	22
1	31
0	42
0	85
0	27
1	38
1	16
0	98
0	7
0	1
0	70
0	86
0	89
1	46
0	81
0	4
1	97
0	51
0	50
0	77
0	88
1	22
1	31
0	42
0	85
0	27
1	38
1	16
0	98
0	7
0	1
0	70
0	86
0	89
1	46
0	81
0	4
1	64
1	64
0	49
1	10
0	71
0	95
0	25
1	64
0	49
1	10
0	71
0	95
0	25
0	29
0	27
1	36
0	0
0	61
0	54
0	78
1	26
1	3
0	91
0	65
0	2
0	31
0	8
1	38
0	13
1	48
0	41
1	44
0	89
0	86
1	64
0	49
1	10
0	71
0	95
0	25
0	29
0	27
1	36
0	0
0	61
0	54
0	78
1	64
0	49
1	10
0	71
0	95
0	25
0	29
0	27
1	36
0	0
0	61
0	54
1	64
0	49
1	10
0	71
0	95
0	25
0	29
0	27
1	36
0	0
0	61
0	54
0	78
1	26
1	3
0	91
0	65
0	2
0	31
0	77
0	77
0	88
0	44
0	66
0	35
0	77
0	88
0	44
0	66
0	35
1	60
0	16
0	77
0	88
0	44
0	66
0	35
1	60
0	16
0	93
1	84
1	18
1	18
0	50
0	31
0	56
0	70
1	86
1	10
0	3
0	42
0	62
0	57
1	18
0	50
0	31
0	56
0	70
1	86
1	10
0	3
0	42
0	62
0	57
0	45
1	16
1	51
0	5
1	2
0	75
0	23
0	32
1	18
0	50
0	31
0	56
0	70
1	86
1	10
0	3
0	42
0	62
0	57
0	45
1	18
0	50
0	31
0	56
0	70
1	86
1	10
0	3
0	42
0	62
0	57
0	45
1	18
0	50
0	31
0	56
0	70
1	86
1	10
0	3
0	42
0	62
0	57
0	45
1	16
1	51
0	5
1	2
0	75
0	23
0	32
0	96
0	82
0	13
1	76
1	76
0	14
0	82
0	56
0	33
0	58
1	76
0	14
0	82
0	56
0	33
0	58
0	45
1	47
0	8
0	17
1	76
0	14
0	82
0	56
0	33
0	58
0	45
1	47
0	8
0	17
0	57
1	76
0	14
0	82
0	56
0	33
0	58
0	45
1	47
0	8
0	17
0	57
0	86
1	76
0	14
0	82
0	56
0	33
0	58
0	45
1	47
0	8
0	17
0	57
0	86
0	22
0	22
0	22
0	53
0	50
0	1
0	88
0	22
0	53
0	50
0	1
0	88
0	24
0	22
0	53
0	50
0	1
0	88
0	24
0	7
0	86
0	9
0	13
0	22
0	53
0	50
0	1
0	88
0	24
0	7
0	86
0	9
0	22
0	53
0	50
0	1
0	88
0	24
0	7
0	86
0	9
0	13
0	40
0	40
1	41
0	98
0	83
0	19
1	37
1	80
1	9
0	40
1	41
0	98
0	83
0	19
1	37
1	80
1	9
1	26
0	61
0	93
0	74
0	38
1	25
1	39
1	50
1	46
1	44
0	40
1	41
0	98
0	83
0	19
1	37
1	80
1	9
1	26
0	61
0	93
0	74
0	38
0	40
1	41
0	98
0	83
0	19
1	37
1	80
1	9
1	26
0	61
0	93
0	74
0	38
0	40
1	41
0	98
0	83
0	19
1	37
1	80
1	9
1	26
0	61
0	93
0	74
0	38
1	25
1	39
1	50
1	46
1	44
1	96
1	42
1	85
1	73
1	86
1	17
1	28
1	7
1	94
1	96
1	96
1	4
1	50
1	95
1	37
1	96
1	4
1	50
1	95
1	37
1	43
1	96
1	4
1	50
1	95
1	37
1	43
1	93
1	25
1	22
1	96
1	4
1	50
1	95
1	37
1	43
1	93
1	25
1	22
1	96
1	4
1	50
1	95
1	37
1	43
1	93
1	25
1	22
0	67
1	24
1	94
0	56
0	77
1	93
1	65
1	50
0	51
0	97
1	63
0	28
0	24
0	39
0	61
0	67
0	82
1	47
1	4
1	87
1	17
0	77
1	35
1	38
1	48
0	94
0	24
1	32
1	75
1	3
0	22
1	70
1	91
0	4
0	36
0	88
0	21
0	64
1	7
0	17
1	99
1	5
1	8
0	72
1	4
1	49
0	18
0	2
0	20
0	64
0	16
1	47
1	59
1	23
1	96
1	31
1	97
1	70
0	57
1	9
1	63
0	67
0	98
1	29
1	87
1	38
0	74
0	44
0	59
0	20
0	51
0	23
1	83
0	20
0	55
0	65
1	72
1	66
0	9
0	26
1	21
0	33
0	95
0	79
1	60
0	6
1	45
1	86
1	53
1	43
0	13
1	48
1	87
1	1
1	77
1	64
0	46
1	83
1	56
1	25
1	40
0	73
1	76
1	17
1	57
1	46
1	8
1	53
0	86
1	12
1	33
1	48
0	59
1	56
1	17
1	96
1	33
1	48
0	59
1	56
1	17
1	96
1	33
1	48
0	59
1	56
1	17
1	96
0	58
0	6
1	99
1	73
0	35
1	32
0	82
1	40
1	33
1	48
0	59
1	56
1	17
1	96
0	30
1	89
1	68
0	53
1	97
1	72
0	5
1	74
1	87
0	89
0	4
0	15
0	83
0	98
0	86
0	53
0	68
1	35
0	7
1	91
1	55
0	33
1	75
0	36
0	25
0	54
0	11
0	72
1	98
0	45
0	5
0	97
1	7
1	53
0	66
0	75
1	9
0	19
0	51
1	87
1	13
1	34
1	54
1	78
1	12
0	67
1	4
1	47
