0	119
0	119
1	925
1	830
1	163
1	163
0	247
1	163
0	247
0	128
1	803
1	304
1	230
1	24
0	510
0	510
1	347
0	970
1	965
1	208
0	346
0	346
1	927
1	768
1	705
0	346
1	927
1	768
1	705
1	414
0	346
1	927
1	768
1	705
1	414
1	456
0	346
1	927
1	768
1	705
1	414
1	456
1	218
0	346
1	927
1	768
1	705
1	414
1	456
1	218
0	346
1	927
1	768
1	705
1	414
1	456
1	218
1	830
0	346
1	927
1	768
1	705
1	414
1	456
1	218
1	830
1	396
1	363
1	970
1	411
0	775
0	775
0	861
1	494
1	22
1	348
0	775
0	861
1	494
1	22
1	348
1	597
0	775
0	861
1	494
1	22
1	348
1	597
1	217
0	775
0	861
1	494
1	22
1	348
1	597
1	217
1	949
0	775
0	861
1	494
1	22
1	348
1	597
1	217
1	949
0	775
0	861
1	494
1	22
1	348
1	597
1	217
1	949
0	775
0	861
1	494
1	22
1	348
1	597
1	217
1	949
1	499
1	319
0	732
1	830
0	520
1	250
0	439
1	316
0	332
1	0
0	329
1	976
1	164
1	808
1	808
0	628
1	445
1	914
1	808
0	628
1	445
1	914
1	733
1	808
0	628
1	445
1	914
1	733
0	769
0	527
0	303
1	200
1	176
1	207
1	533
0	724
0	734
0	652
0	427
1	808
0	628
1	445
1	914
1	733
0	769
0	527
0	303
1	200
1	176
1	207
1	533
1	808
0	628
1	445
1	914
1	733
0	769
0	527
0	303
1	200
1	176
1	207
1	533
1	808
0	628
1	445
1	914
1	733
0	769
0	527
0	303
1	200
1	176
1	207
1	533
0	724
0	734
0	652
0	427
1	53
1	993
1	915
1	951
1	808
0	628
1	445
1	914
1	733
0	769
0	527
0	303
1	200
1	176
1	207
1	533
0	724
0	734
0	652
0	427
1	53
1	993
1	915
1	951
0	902
1	716
0	759
1	774
1	296
1	822
1	54
1	54
1	391
1	579
1	54
1	391
1	579
1	984
1	54
1	391
1	579
1	984
1	90
1	54
1	391
1	579
1	984
1	90
1	814
1	54
1	391
1	579
1	984
1	90
1	814
1	54
1	391
1	579
1	984
1	90
1	814
1	54
1	391
1	579
1	984
1	90
1	814
0	283
1	742
1	293
1	619
1	9
0	737
1	924
1	401
1	818
1	818
1	224
1	913
1	818
1	224
1	913
0	70
0	102
0	351
0	257
1	818
1	224
1	913
0	70
0	102
0	351
0	257
1	418
1	84
1	644
1	657
1	220
1	818
1	224
1	913
0	70
0	102
0	351
0	257
1	418
1	84
1	644
1	657
1	818
1	224
1	913
0	70
0	102
0	351
0	257
1	418
1	84
1	644
1	818
1	224
1	913
0	70
0	102
0	351
0	257
1	418
1	84
1	644
1	657
1	818
1	224
1	913
0	70
0	102
0	351
0	257
1	418
1	84
1	644
1	657
1	220
1	721
1	440
1	111
1	111
1	760
0	323
1	44
1	111
1	760
0	323
1	44
0	720
1	500
1	364
0	260
0	475
0	765
1	111
1	760
0	323
1	44
0	720
1	500
1	364
1	111
1	760
0	323
1	44
0	720
1	500
1	364
0	260
0	475
0	765
0	4
1	111
1	760
0	323
1	44
0	720
1	500
1	364
0	260
0	475
0	765
0	4
0	119
1	111
1	760
0	323
1	44
0	720
1	500
1	364
0	260
0	475
0	765
0	4
0	119
1	111
1	760
0	323
1	44
0	720
1	500
1	364
0	260
0	475
0	765
0	4
0	119
0	14
1	667
1	389
1	24
1	779
1	630
1	784
1	784
1	911
1	77
1	784
1	911
1	77
0	818
1	412
1	379
1	784
1	911
1	77
0	818
1	412
1	379
1	784
1	911
1	77
0	818
1	412
1	379
0	968
1	148
1	47
1	784
1	911
1	77
0	818
1	412
1	379
0	968
1	148
1	47
1	784
1	911
1	77
0	818
1	412
1	379
0	968
1	148
1	47
1	784
1	911
1	77
0	818
1	412
1	379
0	968
1	148
1	47
1	564
1	293
1	935
1	302
0	140
0	140
1	467
1	209
1	951
0	140
1	467
1	209
1	951
1	794
0	140
1	467
1	209
1	951
1	794
1	202
0	140
1	467
1	209
1	951
1	794
1	202
1	646
0	140
1	467
1	209
1	951
1	794
1	202
1	646
0	140
1	467
1	209
1	951
1	794
1	202
1	646
0	525
0	193
0	78
1	382
1	848
1	434
1	644
0	140
1	467
1	209
1	951
1	794
1	202
1	646
0	525
0	193
0	78
1	382
1	848
1	434
1	644
0	431
0	431
1	266
0	824
1	881
0	779
0	52
0	431
1	266
0	824
1	881
0	779
0	52
0	431
1	266
0	824
1	881
0	779
0	52
1	991
1	100
1	992
0	243
0	81
0	193
1	293
0	775
1	750
1	276
1	594
0	431
1	266
0	824
1	881
0	779
0	52
1	991
1	100
1	992
0	431
1	266
0	824
1	881
0	779
0	52
1	991
1	100
1	992
0	431
1	266
0	824
1	881
0	779
0	52
1	991
1	100
1	992
0	243
0	81
0	193
1	293
0	775
1	750
1	276
1	594
0	431
1	266
0	824
1	881
0	779
0	52
1	991
1	100
1	992
0	243
0	81
0	193
1	293
0	775
1	750
1	276
1	594
1	776
1	461
1	404
1	404
0	594
0	8
1	908
1	98
1	404
0	594
0	8
1	908
1	98
1	483
1	404
0	594
0	8
1	908
1	98
1	483
1	101
1	404
0	594
0	8
1	908
1	98
1	483
1	101
1	994
1	404
0	594
0	8
1	908
1	98
1	483
1	101
1	994
1	404
0	594
0	8
1	908
1	98
1	483
1	101
1	994
1	404
0	594
0	8
1	908
1	98
1	483
1	101
1	994
1	937
1	825
0	417
1	183
1	89
1	80
1	741
0	572
1	676
1	222
0	321
1	191
1	687
1	153
1	535
1	814
1	382
1	391
1	519
0	360
1	656
1	380
0	969
0	356
1	724
0	318
1	646
0	958
0	539
0	652
0	458
0	64
0	885
0	410
1	100
0	51
0	256
1	659
0	699
1	678
1	774
1	803
1	427
1	318
0	786
0	186
0	415
0	64
0	944
0	834
0	149
0	668
0	681
1	140
0	875
0	766
0	673
1	427
1	563
0	778
1	454
1	818
1	629
0	745
0	881
0	816
1	406
1	767
0	784
1	833
0	838
1	850
1	955
0	471
1	395
1	355
0	851
0	112
1	350
1	728
1	830
0	408
0	482
0	164
0	122
0	447
0	709
0	690
1	8
0	253
1	83
0	3
1	261
1	665
1	720
1	932
0	691
1	908
1	862
1	790
1	147
1	234
1	71
0	323
0	459
1	529
0	251
0	813
1	590
1	396
1	151
1	804
0	674
1	86
0	982
1	697
1	59
1	156
1	287
1	798
1	61
1	10
1	641
1	83
0	885
1	33
1	177
1	116
1	211
1	691
1	366
1	41
1	7
1	404
1	25
1	245
1	882
1	66
1	737
0	137
0	635
0	497
1	416
1	685
1	92
1	268
1	275
1	100
1	25
0	718
1	343
1	707
1	438
1	255
1	602
1	530
1	366
1	411
1	797
1	446
0	719
1	405
0	315
0	714
1	612
0	531
1	376
0	302
0	585
1	382
0	165
1	879
0	981
1	431
1	11
1	542
0	67
0	375
1	136
0	255
0	30
1	900
1	469
1	132
1	517
0	597
0	907
1	100
1	93
0	319
1	235
0	424
1	923
1	975
1	315
1	843
0	825
1	45
0	109
1	519
1	16
0	573
1	520
1	773
1	943
0	348
0	617
0	334
1	697
1	558
1	249
0	459
1	948
0	783
0	731
0	926
0	501
1	573
1	938
1	850
0	986
1	196
1	632
1	755
1	366
1	925
1	753
1	805
0	552
0	210
0	27
1	450
1	63
1	991
1	723
1	126
0	117
0	64
0	368
0	583
1	372
0	773
1	156
1	943
1	316
1	656
0	544
1	550
1	91
1	383
1	61
1	935
0	432
1	711
1	259
1	507
1	532
0	319
1	100
1	954
1	995
1	92
0	481
1	392
1	143
1	79
1	47
1	86
1	942
1	937
1	978
0	256
1	302
0	303
1	711
1	732
1	833
0	361
1	670
1	120
1	928
0	591
0	150
1	758
1	441
1	297
0	390
1	368
1	427
1	988
1	40
0	886
0	599
1	7
1	634
1	63
1	921
1	91
1	141
1	208
1	591
1	911
1	309
0	387
1	82
0	673
1	477
1	26
1	305
0	214
0	107
1	981
0	161
1	971
1	551
0	783
0	800
0	240
0	374
1	423
0	360
1	287
1	447
1	744
0	942
0	869
1	205
1	568
0	775
0	368
0	263
1	794
0	522
1	244
1	223
1	478
1	775
0	865
0	627
0	677
0	376
0	864
0	268
1	251
1	178
0	1
0	161
1	644
0	576
1	267
0	168
1	298
0	514
1	211
1	343
0	277
0	179
0	142
0	333
1	457
0	419
1	674
1	666
1	332
1	801
0	369
0	802
1	866
1	752
1	334
1	153
1	348
1	589
1	634
1	790
1	742
0	2
1	388
1	872
1	428
1	380
1	784
0	29
1	791
1	347
1	516
1	23
1	107
0	427
1	700
1	375
1	758
1	752
0	127
0	552
1	847
1	982
0	582
1	15
0	234
1	474
1	141
0	498
1	429
1	364
0	12
1	62
0	11
1	30
1	80
1	26
0	45
1	81
1	38
1	6
1	0
0	2
0	53
1	22
1	59
1	9
1	61
0	63
0	78
1	68
1	77
0	26
0	9
1	75
1	53
1	17
1	65
0	24
0	18
0	76
1	26
0	17
1	73
0	51
0	81
1	22
0	21
1	35
0	44
0	6
1	43
1	1
0	60
0	73
1	47
0	70
1	26
0	27
0	11
0	38
1	6
0	0
0	80
0	15
1	73
0	48
0	76
0	25
1	70
0	35
0	5
0	31
0	79
0	8
0	25
0	14
0	65
0	29
0	59
0	37
1	49
0	22
1	16
0	14
0	32
0	58
1	67
0	30
0	66
1	65
1	7
1	77
0	56
1	17
0	74
0	10
1	22
0	49
1	4
0	79
0	23
0	53
1	67
0	70
0	81
0	28
1	30
1	22
0	52
0	8
1	2
0	10
0	43
1	62
1	40
1	26
1	2
1	31
1	20
1	17
1	18
1	50
0	156
1	158
1	37
1	48
1	69
1	107
1	123
1	12
1	54
1	133
1	20
0	116
0	154
1	69
1	91
1	63
1	121
1	43
0	56
0	86
1	44
1	79
1	90
1	143
1	6
0	108
0	144
0	24
1	108
1	93
1	83
0	87
0	145
0	155
1	133
0	115
1	12
0	97
1	25
0	95
1	116
1	28
1	112
0	11
1	1
1	53
1	2
1	45
1	140
0	11
1	9
0	127
1	5
0	63
0	14
0	138
1	10
0	93
1	54
1	44
1	124
1	81
1	44
1	82
1	92
1	21
1	42
0	30
0	144
1	126
1	0
0	32
1	59
0	86
0	78
1	115
0	120
0	70
0	103
0	85
1	93
0	80
1	10
1	4
1	90
0	54
0	127
0	128
1	145
1	14
1	134
1	107
1	79
1	47
0	145
0	119
1	78
1	143
1	81
1	42
0	95
1	26
1	37
0	54
0	100
1	12
0	62
0	124
0	35
1	117
0	64
1	5
1	63
1	68
1	54
1	104
0	31
0	94
0	44
0	43
1	67
1	148
1	78
0	82
0	120
1	51
1	32
1	117
1	138
1	141
0	145
1	143
0	111
1	91
1	34
1	79
1	25
0	42
1	48
0	59
0	5
0	71
0	25
0	56
0	69
0	43
0	26
1	31
0	2
1	48
0	30
0	36
0	22
0	25
1	23
0	65
0	48
0	52
0	7
1	24
1	31
1	36
1	9
1	4
1	33
1	10
1	18
1	20
0	22
0	24
0	1
1	14
1	8
0	10
1	11
1	7
1	1
1	5
0	16
1	6
1	2
0	12
0	10
1	14
0	15
0	13
0	1
1	0
0	5
1	6
0	9
1	11
0	4
0	3
1	2
1	16
0	7
1	8
1	8
1	8
1	8
1	8
1	8
1	8
1	8
1	8
1	8
1	8
1	8
1	8
1	8
1	8
1	8
0	0
1	4
0	1
0	15
1	6
1	2
0	3
0	7
0	14
1	12
1	11
1	10
1	5
1	9
0	13
0	8
0	16
0	16
0	16
0	16
0	16
0	16
0	16
0	16
0	16
0	16
0	16
0	14
0	7
1	3
1	5
0	8
1	0
1	15
1	1
0	13
0	9
1	4
1	2
1	11
1	16
1	12
1	9
0	8
0	14
1	16
1	11
1	1
1	10
1	3
1	15
0	3
0	15
1	5
0	2
1	8
1	4
0	12
0	14
1	1
0	9
1	10
1	13
1	6
0	16
1	0
0	7
0	11
0	11
0	11
0	11
0	11
0	11
0	11
0	11
0	1
0	8
0	4
0	9
0	14
0	15
1	6
1	3
0	2
1	13
1	0
0	10
0	12
0	7
0	16
1	3
1	10
0	0
0	9
1	4
0	2
1	6
1	11
1	14
0	15
1	8
1	16
0	5
0	7
1	12
1	13
1	1
1	1
1	1
1	1
1	1
1	13
1	5
0	8
1	3
0	1
0	10
0	16
0	15
1	2
0	6
1	12
0	4
1	11
1	14
0	0
1	7
1	9
1	9
0	12
0	13
1	4
0	11
1	16
1	2
0	6
1	7
1	8
0	3
0	1
0	10
1	5
0	15
0	82
0	8
1	48
0	73
0	4
1	34
1	87
0	97
0	30
1	80
1	0
1	6
1	27
1	21
0	49
0	96
0	96
0	89
1	43
0	13
1	82
0	28
0	1
0	57
0	1
0	57
0	1
0	57
0	1
1	36
1	81
1	36
1	81
1	36
1	81
1	56
0	61
0	20
0	27
1	92
1	56
0	61
0	20
0	27
1	92
1	75
1	7
1	56
0	61
0	20
0	27
1	92
1	75
1	7
1	68
0	4
0	20
0	4
0	20
0	4
0	20
0	75
0	57
0	75
0	57
0	75
0	57
1	91
1	91
1	20
1	91
1	20
1	91
1	20
1	75
1	91
1	20
1	75
1	92
1	92
1	30
1	92
1	30
1	92
1	30
0	59
0	0
0	54
0	99
0	40
1	92
1	30
0	59
0	0
0	54
0	99
0	40
0	77
0	77
0	3
0	77
0	3
0	77
0	3
1	50
0	8
0	77
0	3
1	50
0	8
1	78
0	9
1	33
0	98
0	40
0	95
0	95
1	69
0	63
0	92
0	44
0	95
1	69
0	63
0	92
0	44
0	95
1	69
0	63
0	92
0	44
0	95
1	69
0	63
0	92
0	44
0	37
0	37
1	51
1	70
0	37
1	51
1	70
0	73
0	8
1	98
0	60
0	49
1	7
1	11
1	61
0	37
1	51
1	70
0	73
0	8
1	98
0	60
0	49
1	7
1	11
1	61
0	95
1	91
1	18
1	44
1	24
1	88
1	52
0	57
1	45
1	58
1	29
0	37
1	51
1	70
0	73
0	8
1	98
0	60
0	49
1	7
1	11
1	61
0	95
1	91
1	18
1	44
1	24
1	88
1	52
0	5
1	10
0	77
1	48
1	31
1	20
0	78
1	73
0	97
1	64
1	72
1	13
1	56
1	7
0	98
1	51
1	58
0	14
1	68
1	0
0	66
0	85
1	53
1	80
0	37
0	16
1	90
1	24
1	72
1	22
1	73
1	19
0	83
1	28
0	67
0	69
0	22
1	71
0	52
0	65
0	24
0	12
0	10
0	74
0	76
1	45
0	98
0	72
1	9
0	33
0	7
1	68
1	83
0	21
0	84
0	51
1	54
1	50
0	46
0	92
0	86
0	59
0	1
1	45
1	45
1	10
0	19
0	61
0	90
0	60
1	45
1	10
0	19
0	61
0	90
0	60
1	50
0	20
0	39
0	22
0	69
0	49
1	45
1	10
0	19
0	61
0	90
0	60
1	50
0	20
0	39
0	22
0	69
1	22
1	22
1	37
1	91
1	27
1	56
1	22
1	37
1	91
1	27
1	56
0	63
1	78
1	77
1	22
1	37
1	91
1	27
1	56
0	63
1	78
1	77
1	70
1	93
1	35
1	22
1	37
1	91
1	27
1	56
0	63
1	78
1	77
1	70
1	93
1	35
1	22
1	37
1	91
1	27
1	56
0	63
1	78
1	77
1	70
1	93
1	35
1	97
1	65
1	65
1	46
0	15
1	41
1	89
1	40
1	65
1	46
0	15
1	41
1	89
1	40
1	0
1	65
1	46
0	15
1	41
1	89
1	40
1	0
0	88
1	78
0	14
0	14
1	63
1	36
0	46
1	4
0	82
1	85
0	53
0	71
0	83
0	11
0	14
1	63
1	36
0	46
1	4
0	82
1	85
0	53
0	71
0	83
0	11
0	47
1	13
1	68
1	41
1	40
0	18
0	1
1	88
0	27
0	72
1	49
0	79
0	8
1	69
0	37
0	32
0	89
1	78
1	26
0	95
0	58
0	10
1	30
0	48
0	86
0	14
1	63
1	36
0	46
1	4
0	82
1	85
0	53
0	71
0	83
0	11
0	47
1	13
1	68
1	41
1	40
0	18
0	1
1	88
0	27
0	72
1	49
0	79
0	8
1	69
0	37
0	32
0	89
1	78
1	26
0	95
0	58
0	10
1	30
0	48
0	86
0	20
0	6
0	75
0	14
1	63
1	36
0	46
1	4
0	82
1	85
0	53
0	71
0	83
0	11
0	47
1	13
1	68
1	41
1	40
0	18
0	1
1	88
0	27
0	72
1	49
0	79
0	8
1	69
0	37
0	32
0	89
1	78
1	26
0	95
0	58
0	10
1	30
0	48
0	86
0	20
0	6
0	75
1	17
1	65
0	70
1	74
0	92
0	51
0	23
0	14
1	63
1	36
0	46
1	4
0	82
1	85
0	53
0	71
0	83
0	11
0	47
1	13
1	68
1	41
1	40
0	18
0	1
1	88
0	27
0	72
1	49
0	79
0	8
1	69
0	37
0	32
0	89
1	78
1	26
0	95
0	58
0	10
1	30
0	48
0	86
0	20
0	6
0	75
1	17
1	65
0	70
1	74
0	92
0	51
0	23
1	8
1	8
1	22
1	29
1	50
1	30
1	8
1	22
1	29
1	50
1	30
1	76
1	8
1	22
1	29
1	50
1	30
1	76
1	24
0	74
1	60
1	94
1	27
1	8
1	22
1	29
1	50
1	30
1	76
1	24
0	74
1	60
1	94
1	8
1	22
1	29
1	50
1	30
1	76
1	24
0	74
1	60
1	94
1	27
1	19
1	50
1	50
0	46
1	28
1	62
1	21
1	1
1	50
0	46
1	28
1	62
1	21
1	1
1	14
1	50
0	46
1	28
1	62
1	21
1	1
1	14
1	4
1	23
1	67
1	58
1	50
0	46
1	28
1	62
1	21
1	1
1	14
1	4
1	23
1	67
1	58
1	50
0	46
1	28
1	62
1	21
1	1
1	14
1	4
1	23
1	67
1	58
1	60
0	74
0	74
0	79
0	56
0	13
0	73
0	74
0	79
0	56
0	13
0	73
0	23
0	74
0	79
0	56
0	13
0	73
0	23
1	41
0	94
0	57
0	75
0	74
0	79
0	56
0	13
0	73
0	23
1	41
0	94
0	57
0	75
0	74
0	79
0	56
0	13
0	73
0	23
1	41
0	94
0	57
0	75
0	65
0	72
1	32
1	32
0	3
1	79
1	0
1	62
1	91
1	32
0	3
1	79
1	0
1	62
1	91
1	58
1	32
0	3
1	79
1	0
1	62
1	91
1	58
1	44
1	5
1	84
1	31
1	32
0	3
1	79
1	0
1	62
1	91
1	58
1	44
1	5
1	84
1	32
0	3
1	79
1	0
1	62
1	91
1	58
1	44
1	5
1	84
1	31
1	97
1	13
1	57
1	27
1	6
1	25
1	67
1	86
1	65
1	46
0	0
1	8
0	37
0	91
0	12
0	96
0	71
0	40
0	46
0	86
0	79
1	31
1	86
0	39
0	92
0	98
1	30
1	34
1	89
1	49
1	46
0	99
1	33
1	20
1	27
1	88
0	79
0	50
0	48
1	61
0	57
0	33
1	19
1	74
1	15
1	34
1	93
1	2
1	78
1	52
1	47
1	85
0	77
1	93
1	1
1	16
0	53
1	81
1	31
0	55
0	82
0	85
0	5
0	25
1	9
0	78
0	53
0	10
1	66
0	82
0	8
1	92
0	77
1	37
0	24
1	96
1	36
1	82
1	59
1	92
1	65
0	88
1	36
1	62
1	47
1	67
0	29
1	70
1	2
1	73
1	43
0	8
0	33
1	6
0	19
1	67
1	81
0	98
0	31
1	11
0	13
0	42
0	18
0	2
0	86
1	43
0	8
0	33
1	6
0	19
1	67
1	81
0	98
0	31
1	11
0	13
0	42
0	18
1	43
0	8
0	33
1	6
0	19
1	67
1	81
0	98
0	31
1	11
0	13
0	42
1	43
0	8
0	33
1	6
0	19
1	67
1	81
0	98
0	31
1	11
1	89
1	92
1	15
1	22
1	0
0	97
1	42
1	74
1	54
1	80
1	27
0	74
1	43
1	95
1	90
1	48
0	97
1	13
1	70
1	36
0	25
0	86
0	74
1	87
1	96
1	46
0	4
1	12
1	23
1	77
1	53
1	54
1	37
0	72
1	35
