0	468
0	468
0	91
0	419
1	804
1	804
1	804
0	154
1	789
1	992
1	709
1	451
0	872
0	439
0	439
0	348
0	967
1	406
1	406
0	917
1	653
1	853
1	406
0	917
1	653
1	853
1	920
1	406
0	917
1	653
1	853
1	920
1	301
1	406
0	917
1	653
1	853
1	920
1	301
0	998
1	266
1	769
1	406
0	917
1	653
1	853
1	920
1	301
0	998
1	266
1	406
0	917
1	653
1	853
1	920
1	301
0	998
1	266
1	769
1	852
1	406
0	917
1	653
1	853
1	920
1	301
0	998
1	266
1	769
1	852
1	515
0	672
0	518
0	222
1	369
1	818
1	307
1	736
1	619
1	385
1	385
1	776
1	981
1	385
1	776
1	981
1	553
1	385
1	776
1	981
1	553
1	882
1	385
1	776
1	981
1	553
1	882
1	315
1	385
1	776
1	981
1	553
1	882
1	315
1	385
1	776
1	981
1	553
1	882
1	315
1	385
1	776
1	981
1	553
1	882
1	315
0	624
0	878
0	165
1	644
1	678
0	763
1	511
0	329
0	80
1	131
0	833
0	517
1	195
1	621
0	331
1	204
1	206
1	580
1	703
1	300
1	300
1	152
1	912
1	300
1	152
1	912
1	217
1	300
1	152
1	912
1	217
1	893
1	300
1	152
1	912
1	217
1	893
1	528
1	300
1	152
1	912
1	217
1	893
1	528
1	300
1	152
1	912
1	217
1	893
1	528
1	300
1	152
1	912
1	217
1	893
1	528
0	904
0	554
1	929
1	413
1	727
1	440
1	628
0	470
0	470
1	68
1	336
1	56
0	470
1	68
1	336
1	56
0	846
0	463
1	131
1	840
0	293
0	727
0	470
1	68
1	336
1	56
0	846
0	463
1	131
1	840
0	293
0	727
1	716
1	275
1	696
0	247
1	804
1	220
0	470
1	68
1	336
1	56
0	846
0	463
1	131
1	840
0	293
0	727
1	716
1	275
1	696
0	470
1	68
1	336
1	56
0	846
0	463
1	131
1	840
0	470
1	68
1	336
1	56
0	846
0	463
1	131
1	840
0	293
0	727
1	716
1	275
1	696
0	470
1	68
1	336
1	56
0	846
0	463
1	131
1	840
0	293
0	727
1	716
1	275
1	696
0	247
1	804
1	220
0	607
1	939
1	405
1	726
1	726
0	953
1	484
1	846
1	726
0	953
1	484
1	846
1	175
1	726
0	953
1	484
1	846
1	175
1	462
1	726
0	953
1	484
1	846
1	175
1	462
0	705
1	7
1	677
1	726
0	953
1	484
1	846
1	175
1	462
0	705
1	7
1	677
1	726
0	953
1	484
1	846
1	175
1	462
0	705
1	7
1	677
1	726
0	953
1	484
1	846
1	175
1	462
0	705
1	7
1	677
0	871
1	736
1	304
1	278
1	698
1	698
1	32
1	619
1	698
1	32
1	619
0	591
1	477
1	914
1	698
1	32
1	619
0	591
1	477
1	914
1	698
1	32
1	619
0	591
1	477
1	914
1	622
1	698
1	32
1	619
0	591
1	477
1	914
1	622
1	698
1	32
1	619
0	591
1	477
1	914
1	622
0	609
1	12
1	698
1	32
1	619
0	591
1	477
1	914
1	622
0	609
1	12
1	20
0	587
1	960
1	998
1	664
1	99
0	896
0	896
1	677
0	772
1	609
1	56
0	896
1	677
0	772
1	609
1	56
1	937
0	896
1	677
0	772
1	609
1	56
1	937
1	820
0	896
1	677
0	772
1	609
1	56
1	937
1	820
1	621
0	896
1	677
0	772
1	609
1	56
1	937
1	820
1	621
0	896
1	677
0	772
1	609
1	56
1	937
1	820
1	621
0	896
1	677
0	772
1	609
1	56
1	937
1	820
1	621
1	172
1	356
1	205
0	770
1	469
0	466
1	745
1	877
0	578
1	638
1	309
1	309
0	245
1	935
0	568
1	930
1	528
1	309
0	245
1	935
0	568
1	930
1	528
1	309
0	245
1	935
0	568
1	930
1	528
1	710
1	309
0	245
1	935
0	568
1	930
1	528
1	710
0	272
1	554
1	707
1	309
0	245
1	935
0	568
1	930
1	528
1	710
0	272
1	554
1	309
0	245
1	935
0	568
1	930
1	528
1	710
0	272
1	554
1	707
1	618
1	309
0	245
1	935
0	568
1	930
1	528
1	710
0	272
1	554
1	707
1	618
1	36
1	202
1	958
1	958
0	895
0	478
1	289
0	557
1	516
1	958
0	895
0	478
1	289
0	557
1	516
0	956
1	631
1	692
1	925
1	958
0	895
0	478
1	289
0	557
1	516
0	956
1	631
1	692
1	925
1	958
0	895
0	478
1	289
0	557
1	516
0	956
1	631
1	692
1	925
1	958
0	895
0	478
1	289
0	557
1	516
0	956
1	631
1	692
1	925
1	958
0	895
0	478
1	289
0	557
1	516
0	956
1	631
1	692
1	925
1	867
1	958
0	895
0	478
1	289
0	557
1	516
0	956
1	631
1	692
1	925
1	867
1	251
0	144
1	730
1	377
1	407
1	856
1	856
1	802
0	578
1	678
1	856
1	802
0	578
1	678
1	782
1	856
1	802
0	578
1	678
1	782
1	379
1	856
1	802
0	578
1	678
1	782
1	379
1	103
1	856
1	802
0	578
1	678
1	782
1	379
1	103
1	856
1	802
0	578
1	678
1	782
1	379
1	103
1	496
1	856
1	802
0	578
1	678
1	782
1	379
1	103
1	496
1	267
0	404
0	653
1	189
1	49
1	911
1	716
0	924
1	476
0	98
0	453
0	945
0	146
0	34
1	880
1	786
1	190
1	478
1	294
1	430
1	399
1	156
1	672
1	982
1	970
1	545
1	967
0	332
1	402
1	199
1	678
1	817
1	426
1	857
0	694
1	390
0	348
1	52
0	968
1	443
0	399
0	362
1	204
0	446
1	481
1	717
0	603
0	69
0	983
1	130
1	114
1	29
1	444
1	587
0	116
1	605
0	442
0	35
1	603
1	767
0	215
0	425
0	832
0	399
1	27
0	254
0	987
0	413
1	687
0	86
1	195
0	338
0	208
0	866
1	137
0	107
0	118
0	807
1	713
1	580
0	755
1	763
1	601
0	274
0	764
1	347
0	515
1	608
1	676
0	717
0	38
0	470
1	957
1	535
1	507
0	618
1	973
1	655
1	92
1	137
0	589
1	3
0	753
1	889
1	269
1	631
1	515
0	165
1	493
1	356
1	338
0	636
1	329
1	698
0	862
1	296
0	0
1	494
1	932
1	663
1	537
0	788
1	8
1	229
0	930
1	818
0	697
1	401
1	23
1	415
0	866
0	966
1	423
0	597
1	817
1	2
0	634
1	547
0	615
1	326
0	715
1	641
1	385
1	795
0	699
1	153
0	892
0	952
0	335
1	726
1	352
1	668
1	148
1	457
1	58
1	249
0	978
1	149
0	313
1	443
1	556
1	106
1	561
1	665
0	243
1	948
1	554
0	469
0	188
0	928
1	663
1	325
1	878
0	56
0	603
1	113
1	738
1	658
0	886
1	37
0	134
1	698
1	164
1	550
0	201
1	205
0	599
1	402
1	516
0	513
1	944
1	755
0	390
1	29
1	458
1	838
0	534
1	450
0	7
0	97
1	496
0	539
1	873
1	670
0	907
1	485
1	785
0	224
0	441
1	928
1	107
0	860
1	833
1	383
0	324
1	835
1	944
1	8
1	245
1	357
1	645
1	56
1	858
1	54
0	555
0	708
0	99
1	121
1	264
1	817
0	906
1	369
1	15
1	161
1	404
0	234
0	636
0	931
0	351
1	877
1	655
1	140
0	759
0	990
1	401
0	244
1	568
0	952
0	395
0	382
0	766
1	78
0	764
1	154
0	517
1	564
1	30
0	569
1	9
1	620
1	262
1	363
1	981
0	730
1	507
0	576
1	934
1	852
1	477
1	311
1	333
0	507
1	522
1	320
1	176
1	214
1	322
1	538
0	36
1	915
1	359
0	983
0	730
1	755
1	576
0	989
0	118
1	896
1	252
1	100
1	416
0	66
0	110
0	439
1	867
1	766
0	79
0	176
1	325
1	830
1	103
1	673
1	887
1	43
1	468
0	656
1	193
1	567
0	576
1	973
1	79
1	571
1	70
0	97
1	974
1	559
1	134
0	408
0	212
1	751
1	280
1	329
1	826
1	990
1	914
1	269
1	93
1	485
1	841
0	864
0	806
1	441
0	989
1	804
1	693
1	499
1	805
0	711
0	690
1	344
1	906
1	364
1	474
1	297
1	685
0	116
0	548
1	936
1	75
1	601
1	155
1	668
1	425
1	942
1	227
0	154
0	485
0	30
1	110
0	347
0	655
0	664
1	494
0	194
0	536
0	508
0	143
0	931
0	135
0	803
0	853
1	709
0	478
1	103
1	488
0	728
1	735
1	625
0	807
0	680
0	435
1	80
0	596
1	623
0	379
1	762
0	841
1	812
0	156
0	688
1	633
0	765
0	200
1	307
0	218
0	0
0	722
0	294
1	112
0	200
1	916
0	718
1	100
1	648
0	653
0	95
0	490
0	90
1	980
1	928
0	796
1	197
1	974
0	761
0	714
0	788
0	667
0	507
0	902
0	513
1	717
1	237
0	149
1	363
0	987
1	91
1	339
0	458
1	38
1	657
1	260
1	149
1	963
0	865
0	245
1	193
0	602
0	649
1	785
1	756
1	287
1	645
0	741
0	743
1	360
0	198
1	339
1	56
0	364
1	921
0	797
0	21
0	686
1	66
1	76
1	67
1	60
1	22
0	57
1	46
1	45
0	40
1	20
0	72
1	50
0	17
1	33
1	60
1	71
0	24
1	73
1	46
0	78
1	80
1	51
1	74
1	40
1	72
1	80
1	33
0	37
0	39
0	19
0	32
1	43
1	26
1	78
0	51
1	42
1	67
1	21
1	18
0	70
1	69
0	16
0	55
0	68
1	53
1	72
0	76
0	10
0	39
0	56
0	7
0	61
0	70
0	49
1	44
0	24
0	73
1	61
1	12
0	81
1	68
1	52
0	42
1	1
1	19
0	22
0	51
0	12
0	24
1	27
0	46
1	41
1	73
1	56
0	42
0	67
0	7
0	66
0	40
1	50
0	8
1	44
1	35
1	15
0	11
1	71
1	62
1	65
0	1
0	5
0	23
0	24
0	54
1	68
0	62
0	73
1	65
1	36
1	74
0	0
0	2
0	5
1	13
0	59
1	42
0	6
1	40
0	79
0	80
0	82
1	33
0	3
0	38
0	41
0	35
0	48
0	76
1	38
1	42
0	14
1	11
1	90
0	86
1	56
1	96
1	57
0	46
1	73
1	33
1	57
0	14
0	3
0	14
0	3
0	14
0	3
0	35
1	7
0	8
0	54
0	35
1	7
0	8
0	54
0	35
1	7
0	8
0	54
0	31
0	35
0	31
0	35
0	31
0	35
0	17
0	69
0	17
0	69
0	17
0	69
1	55
1	27
1	55
1	27
1	55
1	27
1	66
1	66
0	33
0	23
0	27
1	66
0	33
0	23
0	27
1	66
0	33
0	23
0	27
0	81
1	66
0	33
0	23
0	27
0	81
0	96
0	96
0	55
0	96
0	55
0	96
0	55
1	77
0	14
0	56
0	96
0	55
1	77
0	14
0	56
0	57
0	57
0	22
0	57
0	22
0	57
0	22
0	44
0	57
0	22
0	44
0	76
0	76
0	54
0	76
0	54
0	76
0	54
1	21
0	75
0	76
0	54
1	21
0	75
0	11
0	50
0	50
1	34
1	72
0	50
1	34
1	72
1	89
0	50
1	34
1	72
1	89
1	62
0	50
1	34
1	72
1	89
1	62
1	15
0	71
0	57
0	51
1	92
0	40
0	16
0	57
0	66
1	17
0	59
1	93
1	85
1	25
1	70
0	17
0	78
0	15
1	21
0	4
0	29
0	59
0	97
1	19
1	19
1	59
1	65
1	69
1	78
1	19
1	59
1	65
1	69
1	78
1	93
1	19
1	59
1	65
1	69
1	78
1	93
1	36
1	71
1	34
0	29
0	29
0	11
1	2
0	51
1	50
0	36
0	29
0	11
1	2
0	51
1	50
0	36
0	76
0	13
0	87
0	29
0	11
1	2
0	51
1	50
0	36
0	76
0	13
0	87
0	39
0	20
1	37
0	15
0	5
0	30
0	29
0	11
1	2
0	51
1	50
0	36
0	76
0	13
0	87
0	39
0	20
0	29
0	11
1	2
0	51
1	50
0	36
0	76
0	13
0	87
0	39
0	20
1	37
0	15
0	5
0	30
1	72
0	26
1	82
0	69
1	35
1	38
0	42
0	79
1	0
1	12
0	90
0	81
1	71
1	71
0	15
1	31
0	38
1	26
1	62
1	43
1	71
0	15
1	31
0	38
1	26
1	62
1	43
1	81
1	71
0	15
1	31
0	38
1	26
1	62
1	43
1	81
1	98
1	64
1	64
0	65
1	95
1	77
1	9
1	0
1	60
1	64
0	65
1	95
1	77
1	9
1	0
1	60
1	64
0	65
1	95
1	77
1	9
1	0
1	60
1	42
1	48
1	78
1	94
1	64
0	65
1	95
1	77
1	9
1	0
1	60
1	42
1	48
1	78
1	94
1	64
0	65
1	95
1	77
1	9
1	0
1	60
1	42
1	48
1	78
1	94
1	69
1	92
1	92
0	22
0	75
0	73
1	36
1	77
1	29
1	50
0	28
1	52
1	62
1	92
0	22
0	75
0	73
1	36
1	77
1	29
1	50
0	28
1	52
1	62
1	32
1	92
0	22
0	75
0	73
1	36
1	77
1	29
1	50
0	28
1	52
1	62
1	32
0	18
0	53
1	94
1	95
1	4
1	39
1	92
0	22
0	75
0	73
1	36
1	77
1	29
1	50
0	28
1	52
1	62
1	32
0	18
0	53
1	94
1	95
1	4
1	39
1	92
0	22
0	75
0	73
1	36
1	77
1	29
1	50
0	28
1	52
1	62
1	32
0	18
0	53
1	94
1	95
1	4
1	39
1	80
1	80
1	7
0	95
1	67
1	82
1	20
1	80
1	7
0	95
1	67
1	82
1	20
0	91
1	60
1	30
1	99
1	50
1	80
1	7
0	95
1	67
1	82
1	20
0	91
1	60
1	30
1	99
1	50
1	80
1	7
0	95
1	67
1	82
1	20
0	91
1	60
1	30
1	99
1	50
1	80
1	7
0	95
1	67
1	82
1	20
0	91
1	60
1	30
1	99
1	50
1	83
1	23
0	94
0	94
0	91
0	19
0	44
0	17
0	94
0	91
0	19
0	44
0	17
0	55
0	94
0	91
0	19
0	44
0	17
0	55
0	90
0	71
0	6
1	97
0	29
1	72
1	32
1	3
1	74
0	41
0	73
0	14
0	12
0	24
0	39
0	94
0	91
0	19
0	44
0	17
0	55
0	90
0	71
0	6
0	94
0	91
0	19
0	44
0	17
0	55
0	90
0	71
0	6
1	97
0	29
1	72
1	32
1	3
1	74
0	41
0	73
0	14
0	12
0	24
0	39
0	11
0	11
0	92
0	20
1	73
0	37
0	19
0	11
0	92
0	20
1	73
0	37
0	19
0	49
0	11
0	92
0	20
1	73
0	37
0	19
0	49
1	87
1	50
0	52
0	82
0	41
0	11
0	92
0	20
1	73
0	37
0	19
0	49
1	87
1	50
0	52
0	82
0	41
0	11
0	92
0	20
1	73
0	37
0	19
0	49
1	87
1	50
0	52
0	82
0	41
0	60
0	69
0	10
0	55
1	1
0	53
1	46
1	8
1	34
1	52
1	85
1	97
0	77
0	88
0	58
0	34
1	63
0	6
0	5
1	62
0	70
0	94
0	20
1	64
0	15
1	40
0	2
0	82
1	33
1	65
0	27
0	45
0	73
1	80
1	48
0	43
0	51
1	7
1	22
0	80
1	97
1	20
1	18
1	10
0	23
1	47
1	13
1	52
0	84
0	94
0	27
0	17
1	78
0	46
0	88
0	39
0	75
0	14
0	35
0	90
0	66
1	89
0	6
0	81
0	2
0	44
0	88
1	82
1	19
1	51
1	74
1	98
1	61
0	83
0	25
0	28
0	43
0	92
0	86
0	95
0	55
0	11
0	98
1	36
1	16
0	15
1	68
1	95
1	31
0	62
0	60
1	89
1	98
0	54
1	38
0	58
0	80
0	9
0	23
0	88
0	89
0	97
0	83
0	51
1	78
0	57
0	38
0	22
0	49
0	51
1	78
0	57
0	38
0	22
0	49
0	51
1	78
0	57
0	38
0	22
0	49
0	51
1	78
0	57
0	38
0	22
0	49
1	63
0	45
0	27
0	58
0	17
0	56
1	20
0	40
0	84
1	34
1	54
0	61
0	19
0	60
0	83
0	10
0	52
1	22
1	94
0	73
1	23
1	41
1	13
1	5
1	9
0	68
1	62
0	24
1	96
1	46
0	72
1	23
1	40
1	36
0	23
1	6
0	39
0	10
0	93
0	26
1	88
0	2
0	78
1	35
1	94
1	37
1	27
1	62
1	55
0	19
1	30
0	73
0	88
1	57
1	3
1	82
1	0
1	13
0	65
1	97
1	22
1	21
0	40
0	55
0	15
0	58
0	47
0	83
1	98
1	92
1	2
1	40
1	44
1	77
0	68
0	52
0	5
0	99
1	50
0	8
1	83
0	36
0	48
0	28
0	84
0	98
0	20
0	46
0	68
0	37
1	33
1	75
1	98
1	57
0	45
0	43
0	83
1	78
1	19
0	11
1	40
0	55
1	74
1	83
1	4
1	4
1	76
1	64
1	73
0	61
0	63
0	38
1	6
1	90
1	15
1	14
1	81
1	23
1	42
0	64
1	51
1	43
0	53
1	11
1	93
1	22
1	96
1	90
1	13
