0	467
0	467
0	406
0	470
0	707
0	707
0	707
0	396
0	804
1	913
0	204
1	471
0	83
1	25
1	25
0	993
1	274
0	851
1	761
1	550
1	550
1	358
0	392
1	976
1	550
1	358
0	392
1	976
1	495
1	550
1	358
0	392
1	976
1	495
1	973
1	550
1	358
0	392
1	976
1	495
1	973
1	783
1	550
1	358
0	392
1	976
1	495
1	973
1	783
1	550
1	358
0	392
1	976
1	495
1	973
1	783
1	78
1	550
1	358
0	392
1	976
1	495
1	973
1	783
1	78
0	359
1	9
1	587
0	964
0	128
1	282
1	722
1	511
1	510
0	647
0	647
0	249
1	985
1	162
1	160
0	647
0	249
1	985
1	162
1	160
1	484
0	647
0	249
1	985
1	162
1	160
1	484
1	762
0	647
0	249
1	985
1	162
1	160
1	484
1	762
1	878
0	647
0	249
1	985
1	162
1	160
1	484
1	762
1	878
0	647
0	249
1	985
1	162
1	160
1	484
1	762
1	878
0	647
0	249
1	985
1	162
1	160
1	484
1	762
1	878
1	483
1	686
1	883
0	565
0	291
1	395
1	221
0	259
1	802
1	745
1	352
1	964
1	964
0	320
1	243
1	252
1	964
0	320
1	243
1	252
1	697
1	964
0	320
1	243
1	252
1	697
1	651
1	964
0	320
1	243
1	252
1	697
1	651
1	442
1	964
0	320
1	243
1	252
1	697
1	651
1	442
1	964
0	320
1	243
1	252
1	697
1	651
1	442
1	964
0	320
1	243
1	252
1	697
1	651
1	442
1	988
1	716
0	224
1	150
0	523
0	109
1	367
1	355
1	911
1	626
1	626
1	154
0	82
1	449
1	626
1	154
0	82
1	449
1	183
1	543
1	626
1	154
0	82
1	449
1	183
1	543
1	626
1	154
0	82
1	449
1	183
1	543
1	85
1	626
1	154
0	82
1	449
1	183
1	543
1	85
1	626
1	154
0	82
1	449
1	183
1	543
1	85
1	317
1	626
1	154
0	82
1	449
1	183
1	543
1	85
1	317
1	886
0	282
1	648
0	556
0	558
1	177
1	926
1	904
1	298
1	169
1	169
1	744
1	576
1	169
1	744
1	576
0	775
1	707
1	169
1	744
1	576
0	775
1	707
1	833
1	169
1	744
1	576
0	775
1	707
1	833
0	519
1	113
1	765
1	557
1	169
1	744
1	576
0	775
1	707
1	833
0	519
1	113
1	765
1	557
1	169
1	744
1	576
0	775
1	707
1	833
0	519
1	113
1	765
1	557
1	169
1	744
1	576
0	775
1	707
1	833
0	519
1	113
1	765
1	557
0	395
0	378
0	979
1	220
1	505
1	511
1	5
1	39
0	547
1	552
1	797
1	9
1	9
0	637
1	823
1	814
1	9
0	637
1	823
1	814
1	900
0	836
1	472
0	96
1	773
1	726
1	9
0	637
1	823
1	814
1	900
0	836
1	472
0	96
1	773
1	726
1	695
0	561
1	277
1	559
1	9
0	637
1	823
1	814
1	900
0	836
1	472
0	96
1	773
1	726
1	695
1	9
0	637
1	823
1	814
1	900
0	836
1	472
0	96
1	773
1	726
1	695
1	9
0	637
1	823
1	814
1	900
0	836
1	472
0	96
1	773
1	726
1	695
1	9
0	637
1	823
1	814
1	900
0	836
1	472
0	96
1	773
1	726
1	695
0	561
1	277
1	559
1	291
1	687
1	687
1	317
1	187
1	687
1	317
1	187
1	938
1	687
1	317
1	187
1	938
1	986
1	687
1	317
1	187
1	938
1	986
0	67
0	759
1	716
0	575
1	180
1	0
1	531
1	687
1	317
1	187
1	938
1	986
0	67
0	759
1	716
0	575
1	180
1	0
1	531
1	687
1	317
1	187
1	938
1	986
0	67
0	759
1	716
0	575
1	180
1	0
1	531
1	687
1	317
1	187
1	938
1	986
0	67
0	759
1	716
0	575
1	180
1	0
1	531
1	228
1	237
1	237
1	981
1	168
1	237
1	981
1	168
1	509
1	237
1	981
1	168
1	509
1	678
1	237
1	981
1	168
1	509
1	678
1	77
1	237
1	981
1	168
1	509
1	678
1	77
1	237
1	981
1	168
1	509
1	678
1	77
1	237
1	981
1	168
1	509
1	678
1	77
1	250
1	547
0	572
1	570
1	347
1	259
1	18
1	18
1	819
0	926
1	274
1	18
1	819
0	926
1	274
0	842
1	9
1	374
1	114
1	18
1	819
0	926
1	274
0	842
1	9
1	374
1	18
1	819
0	926
1	274
0	842
1	9
1	374
1	114
1	18
1	819
0	926
1	274
0	842
1	9
1	374
1	114
1	18
1	819
0	926
1	274
0	842
1	9
1	374
1	114
1	327
1	18
1	819
0	926
1	274
0	842
1	9
1	374
1	114
1	327
0	952
1	266
0	786
1	994
1	93
1	610
1	733
1	733
0	139
1	932
0	27
1	344
0	403
1	733
0	139
1	932
0	27
1	344
0	403
1	924
1	366
1	733
0	139
1	932
0	27
1	344
0	403
1	924
1	366
1	596
1	733
0	139
1	932
0	27
1	344
0	403
1	924
1	366
1	596
1	733
0	139
1	932
0	27
1	344
0	403
1	924
1	366
1	596
1	733
0	139
1	932
0	27
1	344
0	403
1	924
1	366
1	596
1	733
0	139
1	932
0	27
1	344
0	403
1	924
1	366
1	596
0	282
1	934
1	561
1	24
1	991
0	431
1	701
1	913
0	305
1	676
0	520
1	488
1	2
1	62
1	662
0	965
0	491
1	855
1	653
0	888
0	100
0	437
1	722
0	751
1	557
1	416
1	372
0	559
1	678
1	325
1	372
1	796
1	343
0	560
1	814
1	907
1	966
0	636
0	571
0	187
1	13
1	108
0	391
0	863
0	118
0	249
0	53
0	842
1	599
0	829
1	64
1	175
1	268
1	713
1	174
1	884
1	643
0	942
1	644
0	358
1	47
0	447
1	899
0	845
1	953
0	41
0	322
0	285
1	955
1	412
1	110
0	712
1	972
1	393
1	274
0	488
1	210
0	977
1	53
0	12
0	16
0	872
0	279
1	294
0	986
1	269
0	226
0	468
1	575
1	718
1	875
1	934
1	471
0	975
1	630
1	754
1	0
1	553
1	494
1	640
1	225
1	273
1	900
1	611
1	875
1	415
1	682
1	660
1	768
1	959
1	66
1	759
1	827
1	274
1	610
0	582
1	704
1	467
1	431
1	114
1	357
1	999
1	276
1	199
1	245
1	901
0	780
1	286
1	926
0	298
1	715
1	399
1	524
0	585
1	523
1	804
1	487
1	182
1	315
1	173
1	311
1	106
1	467
1	246
1	65
1	420
1	687
0	350
1	803
1	257
1	439
0	102
0	243
1	696
0	133
0	196
1	772
0	928
1	800
0	741
1	481
0	22
0	281
0	429
1	907
0	566
0	511
1	68
1	599
0	761
0	183
0	489
1	83
1	288
1	706
1	278
1	999
1	654
0	293
0	807
0	261
0	105
1	320
0	537
0	40
0	455
1	78
1	669
1	85
1	956
1	59
1	229
0	444
1	178
0	772
1	247
1	67
1	408
0	121
1	713
1	946
0	436
0	459
1	990
1	22
1	974
0	417
0	607
0	375
0	247
0	637
1	756
0	343
1	610
0	874
1	573
0	163
0	997
0	393
0	80
0	406
0	522
0	430
0	991
1	557
1	331
1	539
1	771
1	632
1	913
0	217
1	735
1	433
0	77
1	955
1	786
0	330
1	618
0	487
1	325
1	977
1	460
1	39
1	265
1	739
0	566
0	65
0	573
0	856
1	579
0	613
1	793
1	985
0	733
0	940
1	179
0	115
0	500
1	633
0	830
0	481
1	506
0	51
0	989
1	187
1	127
1	530
1	11
0	0
0	259
0	213
0	877
0	989
0	808
0	685
1	754
1	724
1	412
0	334
1	163
0	341
0	312
1	508
1	279
0	511
1	715
1	463
1	937
1	163
1	878
0	201
0	552
1	949
0	700
1	716
1	728
1	933
0	353
1	708
1	982
1	918
0	80
1	322
1	809
1	954
0	283
1	838
1	146
0	480
1	166
1	75
0	889
0	596
0	850
1	699
0	615
1	598
0	328
1	110
0	585
0	946
0	165
1	473
1	418
1	587
1	854
1	32
1	568
1	29
1	730
1	980
1	671
0	750
1	590
1	177
1	295
1	148
1	317
0	997
1	7
1	332
1	222
0	887
0	410
1	539
1	672
1	997
1	203
0	635
0	807
1	632
1	739
1	645
1	42
1	754
0	305
1	921
1	816
1	813
1	855
0	93
1	199
1	222
0	49
0	724
1	644
1	517
1	130
1	910
1	43
0	29
0	1
0	286
0	668
0	882
0	548
1	586
0	988
1	430
0	640
0	289
1	672
1	183
0	905
1	485
1	538
0	737
0	188
1	462
0	966
1	429
1	482
1	418
1	52
1	25
0	17
1	63
1	77
1	21
0	31
0	11
1	0
0	80
1	41
1	50
0	19
0	21
0	79
0	74
0	71
1	70
1	16
1	47
1	25
0	61
0	55
0	76
0	67
0	69
0	49
0	77
0	25
0	70
1	51
0	54
0	3
1	65
0	28
1	63
0	5
0	74
1	55
0	22
1	4
0	72
1	45
0	40
1	28
1	54
1	22
1	23
1	73
1	39
1	41
1	38
0	53
0	32
0	29
1	10
1	42
1	28
1	37
0	75
1	25
0	81
1	55
1	6
1	39
1	12
1	1
1	62
0	47
0	7
0	74
1	76
1	54
1	17
0	65
0	60
0	11
0	19
0	53
0	43
0	9
0	18
0	10
0	27
0	18
0	47
1	73
0	35
1	48
0	43
0	45
1	22
0	62
1	1
0	58
0	76
1	4
1	37
0	65
0	53
1	49
0	28
1	7
0	60
0	42
1	98
0	9
1	81
1	0
1	11
1	44
1	46
0	95
1	66
0	65
0	35
0	23
0	46
1	56
1	12
1	46
0	99
0	68
0	48
1	46
0	99
0	68
0	48
1	46
0	99
0	68
0	48
1	46
1	52
1	46
1	52
1	46
1	52
0	41
0	53
0	41
0	53
0	41
0	53
0	43
0	48
0	43
0	48
0	43
0	48
0	11
0	86
0	11
0	86
0	11
0	86
1	64
1	64
1	57
1	64
1	57
1	64
1	57
1	26
1	64
1	57
1	26
1	19
1	19
1	24
1	19
1	24
1	19
1	24
1	90
1	19
1	24
1	90
0	48
0	48
0	95
0	48
0	95
0	48
0	95
1	52
0	3
0	48
0	95
1	52
0	3
0	38
1	33
1	33
0	54
0	61
0	64
1	12
1	32
1	84
0	90
0	17
1	88
0	70
1	73
0	66
1	33
0	54
0	61
0	64
1	12
1	32
1	84
0	90
0	17
1	88
0	70
1	33
0	54
0	61
0	64
1	33
0	54
0	61
0	64
1	12
1	32
1	84
0	90
0	17
1	88
0	70
1	12
1	12
1	64
1	12
1	64
1	12
1	64
1	37
1	12
1	64
1	37
0	15
0	1
1	70
0	52
0	84
0	16
1	45
0	35
1	70
1	80
1	19
1	71
1	11
0	17
0	84
0	83
1	35
1	50
1	24
1	53
1	0
1	26
1	61
1	49
1	46
0	82
1	78
1	51
1	77
0	78
0	78
0	2
0	34
0	39
0	64
0	78
0	2
0	34
0	39
0	64
0	88
0	78
0	2
0	34
0	39
0	64
0	88
0	15
0	90
0	11
1	60
0	95
1	74
1	69
0	3
0	30
0	91
0	20
0	47
0	47
0	11
1	87
1	52
0	70
0	55
0	67
0	47
0	11
1	87
1	52
0	70
0	55
0	67
0	37
0	5
0	47
0	11
1	87
1	52
0	70
0	55
0	67
0	37
0	5
0	94
0	21
0	50
0	47
0	11
1	87
1	52
0	70
0	55
0	67
0	37
0	5
0	94
0	21
0	47
0	11
1	87
1	52
0	70
0	55
0	67
0	37
0	5
0	94
0	21
0	50
1	16
1	16
1	29
1	65
1	19
0	72
1	82
1	16
1	29
1	65
1	19
0	72
1	82
1	87
1	16
1	29
1	65
1	19
0	72
1	82
1	87
1	30
0	96
1	96
1	96
0	18
0	91
0	44
0	92
0	54
0	1
1	96
0	18
0	91
0	44
0	92
0	54
0	1
1	96
0	18
0	91
0	44
0	92
0	54
0	1
0	15
1	75
0	24
1	88
1	78
0	49
1	61
0	39
0	97
0	20
0	67
0	2
1	96
0	18
0	91
0	44
0	92
0	54
0	1
0	15
1	75
0	24
1	88
1	78
0	49
1	61
0	39
0	97
0	20
0	67
1	96
0	18
0	91
0	44
0	92
0	54
0	1
0	15
1	75
0	24
1	88
1	78
0	49
1	61
0	39
0	97
0	20
0	67
0	2
1	29
0	41
0	36
0	69
0	72
0	72
0	48
0	12
0	74
0	59
0	72
0	48
0	12
0	74
0	59
1	81
1	82
0	60
0	19
0	72
0	48
0	12
0	74
0	59
1	81
1	82
0	60
0	19
0	64
1	93
0	98
0	68
0	29
1	32
1	9
0	65
1	71
0	96
0	13
0	90
0	72
0	48
0	12
0	74
0	59
1	81
1	82
0	60
0	19
0	64
1	93
0	98
0	68
0	72
0	48
0	12
0	74
0	59
1	81
1	82
0	60
0	19
0	64
1	93
0	98
0	68
0	29
1	32
1	9
0	65
1	71
0	96
0	13
0	90
1	90
1	90
1	13
0	12
0	29
1	45
1	93
1	9
1	90
1	13
0	12
0	29
1	45
1	93
1	9
0	95
1	32
1	65
1	90
1	13
0	12
0	29
1	45
1	93
1	9
0	95
1	32
1	65
1	71
1	48
1	90
1	13
0	12
0	29
1	45
1	93
1	9
0	95
1	32
1	65
1	71
1	48
1	90
1	13
0	12
0	29
1	45
1	93
1	9
0	95
1	32
1	65
1	71
1	48
0	4
0	73
1	83
0	52
1	40
1	78
1	17
1	19
1	53
1	68
1	66
1	66
1	50
1	41
1	97
1	93
1	66
1	50
1	41
1	97
1	93
0	4
1	79
1	66
1	50
1	41
1	97
1	93
0	4
1	79
1	11
1	17
0	45
1	36
0	57
1	6
1	51
1	76
1	66
1	50
1	41
1	97
1	93
0	4
1	79
1	11
1	17
0	45
1	36
0	57
1	6
1	51
1	76
1	53
1	66
1	50
1	41
1	97
1	93
0	4
1	79
1	11
1	17
0	45
1	36
0	57
1	6
1	51
1	76
0	93
0	93
0	5
0	2
0	47
0	25
0	93
0	5
0	2
0	47
0	25
0	37
0	93
0	5
0	2
0	47
0	25
0	37
1	35
0	10
1	22
0	50
1	89
0	9
0	85
0	76
0	93
0	5
0	2
0	47
0	25
0	37
1	35
0	10
1	22
0	50
1	89
0	9
0	85
0	76
0	93
0	5
0	2
0	47
0	25
0	37
1	35
0	10
1	22
0	50
1	89
0	9
0	85
0	76
0	78
1	4
0	86
0	21
0	55
0	94
1	48
0	70
0	34
0	64
1	80
0	78
0	45
0	75
0	60
0	75
1	50
0	72
0	22
0	10
1	23
0	60
1	79
1	82
1	33
1	20
1	10
0	1
1	38
1	12
0	3
0	83
0	44
0	34
1	93
1	23
0	49
1	1
1	58
1	24
0	83
0	9
0	99
0	55
0	92
1	47
1	75
1	35
0	83
1	10
1	69
0	29
0	27
0	37
1	16
1	51
1	21
0	61
0	65
0	57
0	61
0	23
0	47
0	13
0	96
1	14
1	61
0	23
0	28
0	90
0	46
1	96
0	11
0	87
0	33
0	31
1	24
0	83
0	47
0	89
1	66
0	87
1	92
1	82
1	27
0	38
0	81
0	49
1	1
1	70
1	93
1	0
1	51
0	98
0	78
0	71
1	45
1	60
0	15
1	82
0	49
1	46
1	90
1	77
1	91
0	28
1	96
1	83
1	45
1	0
0	43
0	51
0	45
1	18
0	81
1	74
0	43
0	2
1	81
0	29
1	83
1	69
1	57
1	74
0	43
0	2
1	81
0	29
1	83
1	69
1	57
1	53
1	74
0	43
0	2
1	81
0	29
1	83
1	69
1	57
1	74
0	43
0	2
1	81
0	29
1	83
1	69
1	57
1	53
1	89
1	79
1	9
1	33
1	24
0	56
1	46
1	69
1	35
1	63
1	40
1	0
1	22
1	63
0	73
0	62
0	33
0	43
1	96
1	78
0	3
0	85
1	62
0	86
1	79
0	72
1	68
0	24
1	45
0	42
1	43
0	64
1	63
0	38
1	59
0	6
1	80
0	40
0	61
1	7
1	82
1	5
0	93
0	32
1	28
0	19
0	54
1	74
1	35
0	82
1	14
0	3
1	98
