1	724
1	724
1	58
0	550
0	353
0	353
0	50
0	353
0	50
1	185
0	402
0	538
1	587
0	544
0	481
0	481
1	532
1	308
1	880
1	634
1	634
1	945
0	809
1	295
1	634
1	945
0	809
1	295
1	812
1	634
1	945
0	809
1	295
1	812
0	829
1	970
1	660
0	764
1	997
1	588
1	634
1	945
0	809
1	295
1	812
0	829
1	970
1	660
1	634
1	945
0	809
1	295
1	812
0	829
1	970
1	660
1	634
1	945
0	809
1	295
1	812
0	829
1	970
1	660
1	634
1	945
0	809
1	295
1	812
0	829
1	970
1	660
0	764
1	997
1	588
0	94
0	866
1	90
1	498
1	606
0	215
0	906
1	365
1	441
0	542
0	78
1	810
0	470
1	80
1	823
0	37
1	227
1	288
0	71
0	71
1	525
0	863
1	543
1	488
0	71
1	525
0	863
1	543
1	488
0	80
1	696
0	71
1	525
0	863
1	543
1	488
0	80
1	696
1	17
1	740
0	71
1	525
0	863
1	543
1	488
0	80
1	696
1	17
0	71
1	525
0	863
1	543
1	488
0	80
1	696
1	17
0	71
1	525
0	863
1	543
1	488
0	80
1	696
1	17
1	740
0	71
1	525
0	863
1	543
1	488
0	80
1	696
1	17
1	740
1	871
1	644
1	402
0	731
0	849
1	443
0	884
1	153
0	514
1	927
1	598
1	63
1	184
1	259
1	573
1	573
1	297
1	931
1	573
1	297
1	931
1	768
1	573
1	297
1	931
1	768
0	144
1	272
1	573
1	297
1	931
1	768
0	144
1	272
1	240
1	573
1	297
1	931
1	768
0	144
1	272
1	240
1	573
1	297
1	931
1	768
0	144
1	272
1	240
0	414
1	745
1	573
1	297
1	931
1	768
0	144
1	272
1	240
0	414
1	745
1	934
1	847
1	341
0	318
1	107
1	304
1	894
1	894
1	787
1	405
1	894
1	787
1	405
1	567
1	894
1	787
1	405
1	567
1	427
1	894
1	787
1	405
1	567
1	427
1	690
1	894
1	787
1	405
1	567
1	427
1	690
1	894
1	787
1	405
1	567
1	427
1	690
1	894
1	787
1	405
1	567
1	427
1	690
1	367
1	648
0	222
1	765
1	207
0	364
0	369
0	885
1	884
1	97
1	509
1	625
1	215
1	581
1	887
1	887
1	392
1	610
1	887
1	392
1	610
1	625
1	887
1	392
1	610
1	625
1	459
1	887
1	392
1	610
1	625
1	459
1	407
1	887
1	392
1	610
1	625
1	459
1	407
1	887
1	392
1	610
1	625
1	459
1	407
1	887
1	392
1	610
1	625
1	459
1	407
1	732
0	578
0	761
1	552
1	828
1	570
1	188
1	10
1	10
0	874
1	543
1	721
1	10
0	874
1	543
1	721
0	691
1	991
0	557
1	177
1	997
1	514
1	10
0	874
1	543
1	721
0	691
1	991
0	557
1	177
1	997
1	514
1	10
0	874
1	543
1	721
0	691
1	991
0	557
1	177
1	997
1	10
0	874
1	543
1	721
0	691
1	991
0	557
1	177
1	997
1	514
1	10
0	874
1	543
1	721
0	691
1	991
0	557
1	177
1	997
1	514
1	10
0	874
1	543
1	721
0	691
1	991
0	557
1	177
1	997
1	514
1	839
1	358
1	435
1	245
1	245
0	869
1	43
1	779
1	245
0	869
1	43
1	779
1	995
1	874
1	245
0	869
1	43
1	779
1	995
1	874
1	190
1	245
0	869
1	43
1	779
1	995
1	874
1	190
1	245
0	869
1	43
1	779
1	995
1	874
1	190
1	245
0	869
1	43
1	779
1	995
1	874
1	190
1	579
1	245
0	869
1	43
1	779
1	995
1	874
1	190
1	579
0	718
1	910
1	215
1	461
1	523
1	261
1	261
0	425
1	808
1	12
1	261
0	425
1	808
1	12
1	168
1	261
0	425
1	808
1	12
1	168
1	836
1	261
0	425
1	808
1	12
1	168
1	836
1	363
1	261
0	425
1	808
1	12
1	168
1	836
1	363
1	261
0	425
1	808
1	12
1	168
1	836
1	363
0	461
1	423
1	334
1	261
0	425
1	808
1	12
1	168
1	836
1	363
0	461
1	423
1	334
1	699
0	179
0	535
1	233
0	400
1	176
1	278
0	568
1	159
0	254
0	94
1	565
1	840
0	136
0	925
1	321
0	414
0	172
1	129
1	908
0	362
1	716
1	894
1	342
1	575
0	788
0	788
1	426
1	883
1	624
0	788
1	426
1	883
1	624
1	168
0	788
1	426
1	883
1	624
1	168
1	576
0	788
1	426
1	883
1	624
1	168
1	576
1	28
0	788
1	426
1	883
1	624
1	168
1	576
1	28
0	788
1	426
1	883
1	624
1	168
1	576
1	28
1	76
0	788
1	426
1	883
1	624
1	168
1	576
1	28
1	76
1	530
0	718
1	481
1	85
1	67
1	635
1	635
1	341
0	325
1	657
1	635
1	341
0	325
1	657
1	64
1	635
1	341
0	325
1	657
1	64
1	530
1	635
1	341
0	325
1	657
1	64
1	530
1	531
1	635
1	341
0	325
1	657
1	64
1	530
1	531
1	635
1	341
0	325
1	657
1	64
1	530
1	531
1	456
1	635
1	341
0	325
1	657
1	64
1	530
1	531
1	456
0	259
1	978
1	377
0	919
1	700
1	205
1	408
1	316
1	519
1	132
0	736
1	326
0	412
1	757
1	463
1	846
0	160
1	501
1	337
1	257
1	629
1	614
0	793
0	341
1	137
0	297
0	96
0	97
0	427
1	844
1	804
1	549
0	343
1	740
1	266
1	174
1	100
1	738
1	596
1	321
1	205
0	291
1	633
0	902
1	817
0	829
0	172
1	849
1	910
0	433
0	187
1	797
0	572
1	235
0	697
0	800
0	694
0	95
0	719
1	869
0	958
0	397
1	729
0	643
0	882
1	556
0	769
0	10
1	835
1	606
1	245
1	239
1	320
0	98
1	945
0	447
1	109
0	473
0	623
0	379
0	28
1	57
0	841
1	723
0	369
1	965
0	691
0	272
0	3
0	584
0	951
0	831
0	761
0	364
1	150
1	579
1	941
0	368
1	222
1	777
1	200
1	113
1	954
1	877
0	485
0	333
0	448
1	817
1	30
0	927
0	110
1	247
0	536
1	698
1	961
1	862
0	494
1	95
1	115
1	189
0	284
1	789
1	651
1	515
1	566
1	444
1	968
1	183
1	302
1	900
1	505
1	620
1	707
1	915
0	607
1	806
0	829
0	154
0	8
0	198
1	874
0	304
0	236
1	162
1	65
1	143
0	12
1	310
1	913
0	481
1	951
1	901
1	841
1	456
1	921
1	562
1	208
1	142
1	688
1	301
0	453
1	870
1	84
1	931
1	39
1	400
0	981
1	881
1	94
1	839
1	543
1	155
0	720
1	391
0	895
1	243
1	924
0	315
0	110
0	15
0	733
0	583
0	645
1	18
0	337
1	162
0	49
1	611
0	515
0	642
0	671
0	876
1	584
0	246
0	685
0	377
0	86
0	164
0	354
0	109
1	864
0	297
0	899
0	480
1	247
0	452
0	94
0	493
1	376
1	251
1	514
1	61
1	451
0	326
1	595
1	806
1	417
0	465
1	615
0	295
1	289
1	568
0	861
1	948
0	916
0	109
1	592
1	133
1	891
0	48
1	545
1	703
0	622
1	455
0	843
0	427
1	767
0	785
0	269
1	914
1	808
1	967
1	500
0	225
1	181
1	388
0	166
1	286
0	11
1	890
1	134
1	738
0	129
1	308
1	547
1	757
1	56
1	921
1	448
1	489
1	583
1	295
0	936
0	928
0	863
1	717
1	471
1	291
1	155
0	246
1	20
1	997
1	907
0	862
0	220
1	462
1	145
1	595
1	686
1	20
1	183
1	848
0	863
1	766
1	561
1	931
1	822
1	476
0	396
1	913
1	777
1	921
1	799
1	251
1	278
1	270
0	350
1	830
1	265
0	847
0	783
1	286
1	169
1	886
1	216
1	879
1	382
1	39
0	594
1	333
0	497
0	102
0	76
0	87
0	168
0	571
1	183
0	375
0	191
0	257
0	4
0	184
0	611
1	140
0	923
1	992
0	340
1	48
1	158
1	207
1	272
1	857
1	392
0	365
1	147
0	521
0	490
0	663
0	632
1	44
0	32
1	731
1	134
0	861
1	905
1	825
1	399
1	181
1	203
1	40
1	746
0	609
1	108
1	568
1	922
1	741
1	810
1	800
1	841
1	661
1	756
0	655
1	429
0	568
0	664
0	528
0	677
1	301
1	859
1	740
1	836
0	574
1	367
0	653
1	661
0	733
1	683
1	157
1	737
1	571
1	724
1	336
1	331
1	285
1	213
1	77
0	711
1	439
1	833
0	33
0	492
1	299
0	551
1	806
0	154
1	276
0	249
1	629
1	879
1	440
0	76
1	4
0	67
0	20
0	22
1	72
0	38
0	73
0	74
0	36
0	1
0	80
1	34
0	9
0	17
0	40
0	33
1	2
1	41
1	58
1	82
1	32
1	57
0	81
1	20
0	13
1	37
1	44
1	18
1	9
0	46
0	1
0	54
0	24
0	67
0	40
1	61
0	73
0	13
1	75
0	8
1	69
0	23
0	10
1	26
0	11
1	38
1	46
1	39
1	9
0	12
0	74
0	65
0	40
1	55
1	60
0	33
1	23
0	82
1	16
0	58
0	70
0	57
1	11
0	68
0	23
1	58
1	59
1	2
0	57
0	38
1	3
1	77
1	27
1	48
1	60
0	72
1	30
1	78
1	15
1	7
1	31
0	75
1	21
1	27
0	18
1	30
0	59
0	14
1	1
1	36
0	76
0	80
0	29
1	52
0	67
0	63
0	32
0	78
0	54
0	68
0	66
0	69
0	43
1	48
0	16
0	74
0	38
0	23
1	24
1	11
0	33
0	30
0	31
1	57
1	11
1	47
1	70
1	35
1	22
1	27
0	58
1	158
0	111
0	82
0	87
0	125
0	70
0	130
1	88
1	81
1	61
0	55
0	136
0	18
1	79
0	152
0	100
1	141
0	114
0	78
0	160
0	14
0	50
0	77
0	54
1	96
1	24
0	120
1	94
0	93
0	116
0	34
1	67
1	121
0	156
1	129
0	66
1	111
1	30
1	160
1	22
0	56
0	27
0	51
1	60
0	66
0	7
1	21
1	15
1	67
0	6
1	61
0	15
0	10
1	35
1	36
0	0
1	71
1	62
0	47
1	2
1	22
1	73
1	37
1	48
1	25
1	14
1	26
0	44
0	39
0	55
1	10
0	11
1	9
1	56
1	32
1	35
1	42
1	38
0	44
1	48
0	95
1	75
0	28
1	96
1	57
0	92
0	21
0	60
0	48
0	72
0	92
1	50
1	56
1	50
1	56
1	50
1	56
1	78
1	29
1	78
1	29
1	78
1	29
0	71
0	99
0	71
0	99
0	71
0	99
0	45
0	52
0	45
0	52
0	45
0	52
0	84
0	32
0	84
0	32
0	84
0	32
1	65
1	65
0	8
1	98
0	43
0	79
0	46
0	44
1	93
0	95
0	71
1	65
0	8
1	98
0	43
0	79
0	46
0	44
1	93
0	95
0	71
1	65
0	8
1	98
0	43
0	79
0	46
0	44
1	93
0	95
0	71
0	70
0	91
1	65
0	8
1	98
0	43
0	79
0	46
0	44
1	93
0	95
0	71
0	70
0	91
0	3
0	97
0	97
1	15
1	55
1	6
0	97
1	15
1	55
1	6
0	97
1	15
1	55
1	6
1	37
0	97
1	15
1	55
1	6
1	37
1	45
1	45
1	27
1	45
1	27
1	45
1	27
1	73
1	45
1	27
1	73
0	9
0	9
1	73
1	85
0	9
1	73
1	85
1	52
0	9
1	73
1	85
1	52
0	9
1	73
1	85
1	52
1	90
1	40
1	40
1	53
1	40
1	53
1	40
1	53
1	36
1	40
1	53
1	36
1	33
0	18
0	71
0	55
0	19
0	7
1	45
1	33
1	90
1	52
1	41
1	57
0	85
0	7
0	18
0	85
0	90
0	33
1	99
1	99
1	8
0	28
1	87
1	26
0	84
1	38
1	20
1	99
1	8
0	28
1	87
1	26
0	84
1	38
1	20
1	99
1	8
0	28
1	87
1	26
0	84
1	38
1	20
1	49
1	6
1	22
0	52
1	32
0	64
1	13
0	21
1	47
1	68
0	9
1	17
1	48
1	48
1	29
1	18
0	28
0	25
0	85
1	48
1	29
1	18
0	28
0	25
0	85
1	42
1	63
0	86
1	75
1	67
1	44
1	1
1	48
1	29
1	18
0	28
0	25
0	85
1	42
1	63
0	86
1	75
1	67
1	44
1	1
1	48
1	29
1	18
0	28
0	25
0	85
1	42
1	63
0	86
1	75
1	67
1	44
1	48
1	29
1	18
0	28
0	25
0	85
1	42
1	63
0	86
1	75
1	67
1	44
1	1
1	80
1	80
1	16
1	63
0	97
1	5
1	18
1	80
1	16
1	63
0	97
1	5
1	18
1	53
1	80
1	16
1	63
0	97
1	5
1	18
1	53
1	12
0	3
1	35
1	35
1	0
1	42
1	92
1	49
1	35
1	0
1	42
1	92
1	49
1	95
1	35
1	0
1	42
1	92
1	49
1	95
1	9
1	32
0	88
0	84
1	94
1	34
1	73
1	35
1	0
1	42
1	92
1	49
1	95
1	9
1	32
0	88
0	84
1	94
1	34
1	73
0	54
1	91
0	74
1	71
1	37
1	35
1	0
1	42
1	92
1	49
1	95
1	9
1	32
0	88
0	84
1	94
1	34
0	52
0	52
0	15
1	13
1	99
1	37
1	92
1	62
0	52
0	15
1	13
1	99
1	37
1	92
1	62
0	86
0	9
1	23
1	42
0	52
0	15
1	13
1	99
1	37
1	92
1	62
0	86
0	9
1	23
1	42
1	88
1	80
0	68
1	31
1	0
0	52
0	15
1	13
1	99
1	37
1	92
1	62
0	86
0	9
1	23
1	42
1	88
0	52
0	15
1	13
1	99
1	37
1	92
1	62
0	86
0	9
1	23
1	42
1	88
1	41
1	41
1	50
1	55
1	93
1	53
1	41
1	50
1	55
1	93
1	53
1	14
1	41
1	50
1	55
1	93
1	53
1	14
0	62
0	33
1	51
1	36
1	94
1	41
1	50
1	55
1	93
1	53
1	14
0	62
0	33
1	51
1	36
1	94
1	41
1	50
1	55
1	93
1	53
1	14
0	62
0	33
1	51
1	36
1	94
1	96
0	57
1	3
1	79
1	85
1	23
0	58
1	97
1	72
1	75
0	2
0	2
1	9
0	36
0	69
1	13
0	40
0	51
0	91
0	2
1	9
0	36
0	69
1	13
0	40
0	51
0	2
1	9
0	36
0	69
1	13
0	40
0	51
0	91
1	97
0	65
1	78
1	24
1	11
1	55
0	83
1	81
1	85
1	66
1	54
1	25
0	2
1	9
0	36
0	69
1	13
0	40
0	51
0	91
1	97
0	65
1	78
1	24
1	11
1	55
0	83
1	81
1	85
1	66
1	54
0	2
1	9
0	36
0	69
1	13
0	40
0	51
0	91
1	97
0	65
1	78
1	24
1	11
1	69
1	69
0	27
1	48
0	12
1	5
1	31
1	69
0	27
1	48
0	12
1	5
1	31
0	10
1	34
0	89
0	50
0	74
1	82
0	97
1	32
1	70
1	52
0	49
1	6
1	42
0	84
1	37
1	22
1	39
1	87
1	78
0	11
1	44
0	25
1	23
1	69
0	27
1	48
0	12
1	5
1	31
0	10
1	34
0	89
0	50
0	74
1	82
0	97
1	32
1	70
1	52
0	49
1	6
1	42
0	84
1	37
1	22
1	39
1	69
0	27
1	48
0	12
1	5
1	31
0	10
1	34
0	89
0	50
0	74
1	82
0	97
1	32
1	70
1	52
0	49
1	6
1	42
0	84
1	37
1	22
1	39
1	87
1	78
0	11
1	44
0	25
1	23
0	9
0	75
0	65
1	88
0	57
1	51
0	14
1	58
1	72
1	96
1	43
1	69
0	27
1	48
0	12
1	5
1	31
0	10
1	34
0	89
0	50
0	74
1	82
0	97
1	32
1	70
1	52
0	49
1	6
1	42
0	84
1	37
1	22
1	39
1	87
1	78
0	11
1	44
0	25
1	23
0	9
0	75
0	65
1	88
0	57
1	51
0	14
1	58
1	72
1	96
1	43
0	74
1	66
0	84
0	79
0	69
1	60
0	69
1	28
0	19
1	70
1	8
0	8
0	75
0	3
0	80
0	67
0	44
1	54
0	65
0	55
1	39
1	90
1	66
1	91
0	42
1	49
1	33
1	44
0	37
1	61
0	58
1	7
1	72
1	77
1	97
1	58
1	98
1	49
1	27
1	34
1	5
1	50
1	77
1	44
1	3
1	48
0	85
1	52
0	95
1	11
1	12
1	17
1	54
0	56
1	69
1	84
0	20
1	37
1	98
1	38
0	96
1	43
0	84
1	30
0	60
1	63
1	3
0	20
0	90
0	62
1	42
0	71
0	47
0	41
0	73
1	62
1	85
1	79
0	61
1	64
0	43
1	17
1	57
0	28
0	44
1	54
1	74
1	27
0	77
0	83
0	66
0	28
1	29
0	49
1	87
0	9
1	2
1	67
1	92
1	33
0	91
0	9
1	59
1	79
1	84
1	39
1	76
0	33
1	99
0	24
1	27
0	42
0	65
0	47
0	31
1	96
1	13
0	12
0	57
1	14
1	32
1	8
0	31
1	96
1	13
0	12
0	57
1	14
1	32
1	8
0	31
1	96
1	13
0	12
0	57
1	14
1	32
1	8
0	31
1	96
1	13
0	12
0	57
1	14
1	32
1	8
1	72
0	3
1	28
1	36
1	49
1	8
1	4
0	97
0	5
0	66
0	2
0	32
0	95
0	20
1	64
1	72
0	94
0	44
1	96
0	62
0	25
0	78
0	31
1	80
1	89
0	23
0	9
0	1
0	23
0	20
0	58
0	80
0	6
1	62
1	60
1	35
1	81
1	38
1	44
0	3
1	71
1	49
0	2
1	82
1	7
0	59
1	60
0	90
0	69
0	80
1	6
1	12
0	17
1	37
1	26
1	80
0	59
0	49
1	77
0	19
1	7
1	92
0	45
0	85
0	26
1	86
0	11
0	38
0	26
1	29
0	98
0	40
0	62
1	8
1	41
0	22
0	93
0	50
1	16
0	35
0	69
0	1
1	93
0	10
1	67
1	21
1	29
0	83
0	54
1	62
0	56
0	26
0	8
0	4
1	12
0	48
0	54
1	74
0	52
1	33
0	64
1	83
1	25
1	5
1	80
1	51
1	29
1	42
1	83
1	62
