1	749
1	749
1	487
1	513
1	247
1	247
1	247
1	725
0	891
1	814
0	126
1	884
0	515
1	675
1	675
0	108
0	734
0	889
1	862
1	862
0	425
0	984
0	500
1	862
0	425
0	984
0	500
1	201
1	755
1	862
0	425
0	984
0	500
1	201
1	755
0	240
1	945
1	10
1	862
0	425
0	984
0	500
1	201
1	755
0	240
1	945
1	10
0	136
1	843
1	873
1	413
1	862
0	425
0	984
0	500
1	201
1	755
0	240
1	945
1	10
0	136
1	843
1	873
1	413
1	862
0	425
0	984
0	500
1	201
1	755
0	240
1	945
1	10
0	136
1	843
1	873
1	413
1	862
0	425
0	984
0	500
1	201
1	755
0	240
1	945
1	10
0	136
1	843
1	873
1	413
0	388
1	143
1	922
1	146
1	146
1	343
0	458
1	108
1	146
1	343
0	458
1	108
1	124
1	146
1	343
0	458
1	108
1	124
1	462
1	146
1	343
0	458
1	108
1	124
1	462
1	479
1	146
1	343
0	458
1	108
1	124
1	462
1	479
1	146
1	343
0	458
1	108
1	124
1	462
1	479
1	569
1	146
1	343
0	458
1	108
1	124
1	462
1	479
1	569
1	387
1	746
1	665
1	505
1	505
1	534
1	385
1	505
1	534
1	385
1	821
1	505
1	534
1	385
1	821
1	688
1	505
1	534
1	385
1	821
1	688
1	696
1	505
1	534
1	385
1	821
1	688
1	696
1	505
1	534
1	385
1	821
1	688
1	696
1	505
1	534
1	385
1	821
1	688
1	696
1	225
1	236
1	152
0	734
0	167
0	987
0	775
1	666
1	512
0	684
1	701
1	948
1	852
1	3
1	449
1	35
1	35
0	332
1	198
1	502
1	35
0	332
1	198
1	502
1	172
1	35
0	332
1	198
1	502
1	172
1	691
1	35
0	332
1	198
1	502
1	172
1	691
1	21
1	35
0	332
1	198
1	502
1	172
1	691
1	21
1	35
0	332
1	198
1	502
1	172
1	691
1	21
1	393
1	35
0	332
1	198
1	502
1	172
1	691
1	21
1	393
0	558
1	770
1	481
1	683
0	720
1	490
1	773
0	957
0	957
1	785
1	698
1	718
0	957
1	785
1	698
1	718
1	432
0	957
1	785
1	698
1	718
1	432
1	868
0	957
1	785
1	698
1	718
1	432
1	868
1	552
0	957
1	785
1	698
1	718
1	432
1	868
1	552
0	957
1	785
1	698
1	718
1	432
1	868
1	552
1	477
0	957
1	785
1	698
1	718
1	432
1	868
1	552
1	477
1	195
1	514
0	606
0	270
1	455
1	979
1	699
0	87
0	892
1	324
1	358
1	621
1	747
0	812
0	812
0	950
1	221
1	399
1	650
0	812
0	950
1	221
1	399
1	650
1	512
0	812
0	950
1	221
1	399
1	650
1	512
1	853
0	812
0	950
1	221
1	399
1	650
1	512
1	853
1	961
0	812
0	950
1	221
1	399
1	650
1	512
1	853
1	961
0	812
0	950
1	221
1	399
1	650
1	512
1	853
1	961
0	812
0	950
1	221
1	399
1	650
1	512
1	853
1	961
1	539
1	267
1	272
1	938
1	381
1	218
1	218
1	654
1	605
1	218
1	654
1	605
1	807
1	218
1	654
1	605
1	807
1	84
1	218
1	654
1	605
1	807
1	84
0	183
0	390
1	151
1	273
1	218
1	654
1	605
1	807
1	84
0	183
0	390
1	151
1	273
0	891
1	823
1	103
1	218
1	654
1	605
1	807
1	84
0	183
0	390
1	151
1	273
0	891
1	823
1	218
1	654
1	605
1	807
1	84
0	183
0	390
1	151
1	273
0	891
1	823
1	103
1	687
1	597
1	597
1	771
0	351
0	604
1	863
1	718
1	597
1	771
0	351
0	604
1	863
1	718
1	597
1	771
0	351
0	604
1	863
1	718
1	445
0	93
0	241
1	73
1	328
1	448
1	597
1	771
0	351
0	604
1	863
1	718
1	445
0	93
0	241
1	73
1	328
1	448
1	597
1	771
0	351
0	604
1	863
1	718
1	445
0	93
0	241
1	73
1	328
1	448
1	597
1	771
0	351
0	604
1	863
1	718
1	445
0	93
0	241
1	73
1	328
1	448
1	645
1	597
1	771
0	351
0	604
1	863
1	718
1	445
0	93
0	241
1	73
1	328
1	448
1	645
1	219
0	890
0	890
1	3
1	350
1	696
0	890
1	3
1	350
1	696
1	356
0	890
1	3
1	350
1	696
1	356
1	497
0	890
1	3
1	350
1	696
1	356
1	497
1	325
0	890
1	3
1	350
1	696
1	356
1	497
1	325
0	890
1	3
1	350
1	696
1	356
1	497
1	325
1	721
0	890
1	3
1	350
1	696
1	356
1	497
1	325
1	721
1	857
1	455
1	380
1	91
0	459
0	459
0	351
1	51
0	687
0	459
0	351
1	51
0	687
1	707
0	52
0	120
0	459
0	351
1	51
0	687
1	707
0	52
0	120
0	459
0	351
1	51
0	687
1	707
0	52
0	120
0	2
0	459
0	351
1	51
0	687
1	707
0	52
0	120
0	2
0	960
0	459
0	351
1	51
0	687
1	707
0	52
0	120
0	2
0	459
0	351
1	51
0	687
1	707
0	52
0	120
0	2
0	960
1	83
0	573
0	172
0	151
1	445
1	480
1	561
1	882
0	977
1	716
1	731
1	392
0	721
1	119
0	103
1	311
0	677
0	599
1	140
1	858
0	457
0	540
0	590
1	40
0	235
1	6
0	715
0	537
0	776
1	691
0	106
1	203
0	344
0	546
0	880
1	633
1	50
1	609
1	511
1	865
1	628
1	631
0	613
0	377
1	967
0	17
0	393
0	21
0	83
0	563
0	57
0	471
0	711
1	748
0	660
0	389
0	806
0	385
0	128
1	940
0	551
0	977
0	419
0	757
1	809
1	410
1	583
1	446
1	821
1	343
1	865
1	983
1	449
0	109
0	574
1	59
1	701
1	875
0	429
1	364
0	688
0	917
1	293
0	799
1	578
0	557
1	96
0	874
0	423
0	932
1	188
1	264
1	832
1	18
1	110
1	747
1	888
1	678
1	531
1	739
1	459
0	202
1	600
1	531
0	659
1	39
0	222
1	866
1	52
1	384
0	397
0	130
0	450
0	172
1	56
1	934
1	909
0	137
1	893
1	356
0	561
0	448
0	89
0	176
1	324
0	631
1	962
1	398
1	640
1	854
1	394
1	846
1	826
1	684
1	177
1	66
1	857
1	148
1	846
1	347
1	310
1	78
1	643
1	133
1	897
1	515
1	480
0	763
1	470
1	729
1	803
0	481
0	690
1	108
1	852
0	370
0	926
1	876
1	420
1	610
1	564
1	546
1	247
1	931
0	240
0	330
1	261
0	431
1	52
1	246
0	483
1	853
1	865
1	611
1	208
1	44
0	196
0	186
0	893
0	812
0	126
0	142
0	428
1	540
1	683
1	136
0	285
1	114
1	981
0	333
1	823
1	831
0	584
0	420
1	76
0	11
1	851
1	878
1	629
1	72
0	801
0	285
0	719
0	681
0	480
0	16
1	78
1	842
0	72
0	71
1	391
0	530
1	88
1	415
0	470
1	280
1	32
1	883
1	865
1	307
1	795
1	959
1	277
1	285
1	642
1	462
1	991
0	841
0	172
0	726
0	292
0	698
1	823
1	649
1	762
1	722
0	926
1	579
1	333
1	374
1	557
1	145
1	985
1	84
0	712
1	102
1	448
0	158
1	947
1	626
1	605
0	275
1	192
1	631
0	555
1	545
1	655
0	877
1	137
1	571
0	723
1	525
0	171
0	713
1	972
0	42
0	529
1	666
1	89
1	771
0	983
1	287
1	273
1	774
1	376
1	11
1	5
1	943
0	404
1	194
0	61
0	205
0	564
0	647
0	534
1	157
1	711
1	740
0	693
1	366
1	778
1	923
0	177
0	692
1	80
1	998
1	938
0	942
0	261
1	767
1	863
1	948
0	957
1	118
1	88
1	367
0	417
0	3
1	576
0	103
1	99
0	340
1	381
1	631
1	670
1	475
1	69
1	553
1	477
0	870
0	199
1	206
1	482
1	800
1	26
1	823
0	876
0	993
1	232
1	485
1	173
1	810
1	370
1	634
1	702
1	700
0	205
0	55
1	110
0	737
1	470
0	785
1	420
0	418
0	802
1	403
0	664
0	234
0	169
0	879
1	242
0	512
1	1
0	106
0	211
0	436
0	412
0	5
0	622
1	126
0	124
0	287
0	962
1	385
1	551
0	894
1	843
0	334
0	100
0	696
1	534
0	972
0	109
1	431
0	982
1	825
1	124
1	962
1	468
1	992
0	486
1	964
1	975
1	124
1	542
0	487
1	931
1	320
1	327
0	307
1	401
1	387
1	875
1	349
1	129
1	989
0	79
1	14
0	60
1	33
0	46
1	0
0	61
0	9
0	34
1	8
1	5
1	50
1	48
1	51
1	26
1	29
1	77
1	39
0	73
1	51
0	20
0	57
1	0
1	6
0	50
1	16
1	5
1	25
1	60
0	49
1	23
1	27
1	38
0	36
0	19
0	80
1	9
0	69
1	39
1	14
1	1
1	47
1	3
0	48
0	76
0	35
1	32
1	57
0	53
0	30
0	1
1	56
1	59
0	62
1	27
0	71
1	40
0	81
0	55
1	9
1	2
1	80
0	26
0	72
0	67
0	16
0	51
0	1
1	73
1	71
0	3
0	41
1	40
0	81
1	39
1	70
1	69
0	1
1	21
0	56
1	39
1	36
0	37
1	34
1	9
1	51
1	44
1	50
0	8
0	27
0	81
1	21
1	65
0	57
1	32
1	24
0	20
1	13
1	30
1	14
1	72
1	10
1	41
0	79
0	59
1	45
1	56
0	23
0	58
1	52
1	76
1	60
0	62
0	71
0	25
0	23
0	77
1	78
1	75
1	16
1	59
0	32
1	49
1	80
1	23
1	2
0	46
0	34
0	98
1	63
1	57
1	75
0	94
1	66
1	35
1	96
1	75
1	32
0	53
0	81
0	53
0	81
0	53
0	81
1	47
1	24
1	47
1	24
1	47
1	24
0	5
0	34
0	5
0	34
0	5
0	34
1	3
0	71
0	48
1	10
0	63
1	8
1	23
1	58
1	13
1	3
0	71
0	48
1	10
0	63
1	8
1	23
1	58
1	3
0	71
0	48
1	10
0	63
1	8
1	23
1	40
0	72
1	56
0	94
1	32
0	68
0	73
0	86
0	50
0	14
0	69
1	40
0	72
1	56
0	94
1	32
1	40
0	72
1	56
0	94
1	32
0	68
0	73
0	86
0	50
0	14
0	69
0	5
0	5
0	93
0	5
0	93
0	5
0	93
0	56
0	5
0	93
0	56
0	66
0	66
1	31
0	19
0	66
1	31
0	19
0	68
0	66
1	31
0	19
0	68
1	97
1	15
1	71
1	47
1	4
0	74
0	54
1	18
0	83
0	21
0	35
1	5
1	30
1	50
1	43
0	72
0	48
1	62
0	70
1	1
1	3
1	82
0	66
1	31
0	19
0	68
1	97
1	15
1	71
1	47
1	4
0	74
0	54
1	18
0	83
0	21
0	35
1	5
1	30
1	50
1	43
0	72
0	48
1	62
0	70
1	1
1	3
1	82
1	29
1	51
1	51
1	16
1	51
1	16
1	51
1	16
1	31
1	51
1	16
1	31
0	29
0	29
1	85
0	20
0	81
0	29
1	85
0	20
0	81
0	29
1	85
0	20
0	81
1	56
0	7
0	29
1	85
0	20
0	81
1	56
0	7
0	46
1	8
1	8
1	17
1	8
1	17
1	8
1	17
1	94
1	8
1	17
1	94
0	22
0	19
0	21
1	28
0	11
1	86
1	48
0	62
1	14
1	83
0	51
1	43
1	33
1	50
1	55
1	18
1	28
0	26
0	68
0	35
1	34
1	59
0	81
0	52
0	32
1	36
1	99
1	50
1	33
0	67
1	29
1	98
1	88
0	36
0	36
0	65
0	17
1	69
1	8
0	51
0	26
0	36
0	65
0	17
1	69
1	8
0	51
0	26
0	4
0	36
0	65
0	17
1	69
1	8
0	51
0	26
0	4
0	11
1	88
1	60
1	97
0	34
0	90
0	57
0	0
1	61
0	2
0	24
0	98
1	52
1	52
0	30
1	19
0	44
1	93
1	1
1	49
1	52
0	30
1	19
0	44
1	93
1	1
1	49
1	27
1	62
1	52
0	30
1	19
0	44
1	93
1	1
1	49
1	27
1	62
1	91
0	67
1	65
0	21
1	60
1	34
1	52
0	30
1	19
0	44
1	93
1	1
1	49
1	27
1	62
1	91
0	67
1	65
0	21
1	60
1	34
1	52
0	30
1	19
0	44
1	93
1	1
1	49
1	27
1	62
1	91
0	67
1	65
0	21
1	60
1	34
1	20
1	50
0	75
1	15
1	90
0	21
0	21
0	8
0	99
0	58
0	57
0	21
0	8
0	99
0	58
0	57
0	7
0	21
0	8
0	99
0	58
0	57
0	7
0	45
1	55
1	9
0	94
0	94
0	7
0	63
1	20
0	4
0	84
0	13
0	94
0	7
0	63
1	20
0	4
0	84
0	13
0	94
0	7
0	63
1	20
0	4
0	84
0	13
0	32
0	38
1	31
0	86
0	25
0	94
0	7
0	63
1	20
0	4
0	84
0	13
0	32
0	38
1	31
0	86
0	25
1	24
0	60
0	28
1	15
1	65
0	72
0	81
0	52
0	14
1	26
0	30
0	55
0	94
0	7
0	63
1	20
0	4
0	84
0	13
0	32
0	38
1	31
0	86
0	25
1	95
1	95
1	91
1	50
0	76
0	79
0	8
0	15
1	95
1	91
1	50
0	76
0	79
0	8
0	15
1	59
0	70
0	34
0	57
0	17
1	95
1	91
1	50
0	76
0	79
0	8
0	15
1	59
0	70
0	34
0	57
0	17
0	24
1	95
1	91
1	50
0	76
0	79
0	8
0	15
1	59
0	70
0	34
0	57
0	17
1	95
1	91
1	50
0	76
0	79
0	8
0	15
1	59
0	70
0	34
0	57
0	17
0	24
1	30
1	11
0	94
0	49
0	42
0	30
0	30
0	22
0	93
0	1
0	40
0	30
0	22
0	93
0	1
0	40
0	89
0	30
0	22
0	93
0	1
0	40
0	89
1	8
0	78
0	72
0	94
0	49
0	30
0	22
0	93
0	1
0	40
0	89
1	8
0	78
0	72
0	94
0	30
0	22
0	93
0	1
0	40
0	89
1	8
0	78
0	72
0	94
0	49
1	66
0	54
1	60
0	47
0	95
0	5
1	93
1	93
0	61
1	38
0	96
1	52
1	85
1	81
1	89
1	93
0	61
1	38
0	96
1	52
1	85
1	81
1	89
1	93
0	61
1	38
0	96
1	52
1	85
1	81
1	89
1	99
1	27
1	18
1	93
0	61
1	38
0	96
1	52
1	85
1	81
1	89
1	99
1	27
1	18
1	66
1	93
0	61
1	38
0	96
1	52
1	85
1	81
1	89
1	99
1	27
1	18
1	66
0	52
0	52
0	70
0	75
0	73
0	42
0	52
0	70
0	75
0	73
0	42
0	38
0	52
0	70
0	75
0	73
0	42
0	38
0	49
0	96
0	81
1	68
0	61
0	44
0	52
0	70
0	75
0	73
0	42
0	38
0	49
0	96
0	81
0	52
0	70
0	75
0	73
0	42
0	38
0	49
0	96
0	81
1	68
0	61
0	44
0	27
0	6
1	38
1	75
1	84
0	1
0	9
0	85
1	62
1	94
1	42
0	33
1	95
1	85
1	36
1	30
0	25
0	74
0	15
0	41
0	70
1	96
1	33
0	75
0	71
0	77
0	51
1	19
0	98
1	97
1	43
1	89
1	93
0	39
1	66
1	63
1	65
1	8
0	27
1	37
1	36
0	44
1	79
0	2
0	64
0	1
0	44
1	1
0	79
1	36
1	58
1	31
1	91
0	36
0	11
0	27
0	41
0	52
1	19
1	62
1	26
1	77
1	93
1	75
0	26
0	98
0	45
0	91
0	64
1	9
0	46
0	89
1	37
0	83
0	22
0	87
0	72
0	82
1	31
1	63
0	33
1	7
0	8
1	74
0	62
0	70
0	43
1	98
0	44
0	65
0	87
1	0
1	71
1	95
0	70
0	29
1	76
0	9
1	62
0	61
1	35
1	80
1	18
0	68
1	25
1	57
1	46
1	55
0	81
0	95
0	99
1	31
1	66
1	85
1	50
1	57
1	61
0	81
0	95
0	99
1	31
1	66
1	85
1	50
1	57
0	81
0	95
0	99
1	31
1	66
1	85
1	50
1	57
0	81
0	95
0	99
1	31
1	66
1	85
1	50
1	57
0	70
0	66
0	51
1	91
1	62
0	1
1	99
0	5
0	25
1	4
1	76
1	9
1	62
1	49
1	71
0	4
1	87
0	53
0	29
1	68
1	17
1	7
1	50
1	0
0	69
1	74
0	44
0	4
1	43
0	64
0	23
