0	229
0	229
0	261
0	808
1	816
1	816
1	82
1	816
1	82
1	492
1	831
1	620
0	685
0	436
1	361
1	361
1	791
1	554
1	859
1	859
1	299
1	533
1	859
1	299
1	533
1	16
1	859
1	299
1	533
1	16
1	927
1	859
1	299
1	533
1	16
1	927
0	376
1	785
1	859
1	299
1	533
1	16
1	927
0	376
1	785
1	859
1	299
1	533
1	16
1	927
0	376
1	785
1	152
1	859
1	299
1	533
1	16
1	927
0	376
1	785
1	152
1	750
0	28
1	791
1	103
1	233
1	547
1	547
1	517
0	655
1	836
1	547
1	517
0	655
1	836
1	915
1	547
1	517
0	655
1	836
1	915
1	12
1	547
1	517
0	655
1	836
1	915
1	12
1	91
1	547
1	517
0	655
1	836
1	915
1	12
1	91
1	547
1	517
0	655
1	836
1	915
1	12
1	91
1	547
1	517
0	655
1	836
1	915
1	12
1	91
1	709
1	55
1	367
1	623
0	838
1	920
1	328
0	835
0	835
1	530
0	946
1	172
1	119
0	835
1	530
0	946
1	172
1	119
1	61
0	835
1	530
0	946
1	172
1	119
1	61
1	660
0	835
1	530
0	946
1	172
1	119
1	61
1	660
1	395
0	835
1	530
0	946
1	172
1	119
1	61
1	660
1	395
0	835
1	530
0	946
1	172
1	119
1	61
1	660
1	395
0	835
1	530
0	946
1	172
1	119
1	61
1	660
1	395
1	260
1	597
1	362
1	526
1	4
1	289
1	289
1	35
1	302
1	289
1	35
1	302
0	408
1	783
0	25
1	694
1	903
1	289
1	35
1	302
0	408
1	783
0	25
1	694
1	903
1	535
1	289
1	35
1	302
0	408
1	783
0	25
1	694
1	903
1	289
1	35
1	302
0	408
1	783
0	25
1	694
1	903
1	289
1	35
1	302
0	408
1	783
0	25
1	694
1	903
1	289
1	35
1	302
0	408
1	783
0	25
1	694
1	903
1	535
1	214
0	767
0	455
1	819
1	241
1	419
1	497
0	378
1	414
0	429
1	823
1	89
1	741
1	741
0	918
1	257
1	298
1	741
0	918
1	257
1	298
1	280
1	741
0	918
1	257
1	298
1	280
1	334
1	741
0	918
1	257
1	298
1	280
1	334
0	226
1	264
0	992
1	252
1	664
0	759
1	441
1	741
0	918
1	257
1	298
1	280
1	334
0	226
1	264
0	992
1	252
1	664
1	741
0	918
1	257
1	298
1	280
1	334
0	226
1	264
0	992
1	252
1	664
0	759
1	441
1	320
1	741
0	918
1	257
1	298
1	280
1	334
0	226
1	264
0	992
1	252
1	664
0	759
1	441
1	320
0	487
1	792
0	239
0	239
1	708
0	327
0	925
0	239
1	708
0	327
0	925
1	377
0	728
1	621
0	300
0	481
1	357
1	241
0	517
1	474
1	711
0	239
1	708
0	327
0	925
1	377
0	728
1	621
0	300
0	481
0	239
1	708
0	327
0	925
1	377
0	728
1	621
0	300
0	481
1	357
1	241
0	517
1	474
1	711
0	417
1	345
1	372
0	239
1	708
0	327
0	925
1	377
0	728
1	621
0	300
0	481
1	357
1	241
0	517
1	474
1	711
0	417
1	345
1	372
0	239
1	708
0	327
0	925
1	377
0	728
1	621
0	300
0	481
1	357
1	241
0	517
1	474
1	711
0	417
1	345
1	372
0	239
1	708
0	327
0	925
1	377
0	728
1	621
0	300
0	481
1	357
1	241
0	517
1	474
1	711
0	417
1	345
1	372
1	414
1	408
1	408
0	600
1	26
1	434
1	408
0	600
1	26
1	434
1	323
1	408
0	600
1	26
1	434
1	323
1	672
1	408
0	600
1	26
1	434
1	323
1	672
1	571
1	408
0	600
1	26
1	434
1	323
1	672
1	571
1	408
0	600
1	26
1	434
1	323
1	672
1	571
0	875
0	414
1	994
1	894
1	248
1	408
0	600
1	26
1	434
1	323
1	672
1	571
0	875
0	414
1	994
1	894
1	248
0	548
0	29
1	199
1	864
1	606
1	321
1	164
1	164
1	44
1	334
1	164
1	44
1	334
0	690
1	418
1	164
1	44
1	334
0	690
1	418
1	601
1	164
1	44
1	334
0	690
1	418
1	601
0	179
1	269
0	158
0	977
0	602
1	102
1	223
1	505
1	654
1	164
1	44
1	334
0	690
1	418
1	601
0	179
1	269
0	158
0	977
0	602
1	102
1	223
1	505
1	654
1	896
1	164
1	44
1	334
0	690
1	418
1	601
0	179
1	269
0	158
0	977
0	602
1	102
1	223
1	505
1	654
1	896
1	164
1	44
1	334
0	690
1	418
1	601
0	179
1	269
0	158
0	977
0	602
1	102
1	223
1	505
1	654
1	896
1	148
1	148
1	969
1	574
1	148
1	969
1	574
1	75
1	148
1	969
1	574
1	75
0	675
1	401
1	148
1	969
1	574
1	75
0	675
1	401
1	943
1	148
1	969
1	574
1	75
0	675
1	401
1	943
1	148
1	969
1	574
1	75
0	675
1	401
1	943
1	352
1	148
1	969
1	574
1	75
0	675
1	401
1	943
1	352
1	685
1	318
1	365
1	972
1	501
1	501
1	897
1	425
1	501
1	897
1	425
1	239
1	501
1	897
1	425
1	239
0	197
0	83
1	52
1	79
0	940
1	657
0	490
1	586
1	899
1	501
1	897
1	425
1	239
0	197
0	83
1	52
1	79
1	501
1	897
1	425
1	239
0	197
0	83
1	52
1	79
1	501
1	897
1	425
1	239
0	197
0	83
1	52
1	79
1	501
1	897
1	425
1	239
0	197
0	83
1	52
1	79
0	940
1	657
0	490
1	586
1	899
0	834
1	867
1	819
1	931
0	717
0	438
0	911
1	137
0	287
0	820
1	187
0	644
0	274
0	743
0	460
1	574
0	55
0	252
0	311
1	973
0	938
0	436
1	763
1	676
0	272
0	725
1	591
1	794
1	5
1	784
0	841
0	221
0	436
1	843
1	968
0	10
0	789
0	573
1	296
0	215
0	475
0	925
0	480
0	949
0	423
1	847
0	346
1	423
1	620
0	31
0	123
1	681
0	261
0	75
1	485
1	893
1	285
1	420
1	167
1	846
1	831
1	226
1	586
0	737
0	367
0	639
0	693
0	725
0	756
0	276
1	991
1	84
1	176
1	72
1	664
0	340
0	35
0	223
1	275
0	602
1	568
0	548
0	427
1	812
0	604
0	956
0	524
0	610
0	378
1	654
1	657
1	48
1	176
1	317
1	208
1	928
0	497
1	52
1	47
1	349
1	686
0	642
1	436
1	370
1	667
1	726
1	911
1	123
1	713
1	231
1	751
1	353
1	619
0	999
1	589
0	58
1	843
1	213
0	239
0	131
1	253
1	214
0	916
1	210
1	571
1	299
0	408
1	813
1	254
1	412
1	262
1	798
1	434
1	642
1	326
1	336
1	768
1	555
1	643
1	92
1	239
0	799
0	62
1	888
1	293
1	73
1	69
1	920
1	883
1	387
1	577
1	559
1	528
1	300
0	874
0	680
1	678
1	342
1	225
0	805
1	826
1	913
0	357
1	878
1	939
0	174
1	378
0	299
0	991
0	468
0	149
0	424
1	91
0	291
0	56
0	968
1	604
0	590
0	888
0	731
0	226
1	887
1	57
1	376
1	215
1	969
0	576
0	786
0	841
0	968
1	412
1	978
0	433
0	876
0	547
0	240
0	798
0	545
0	886
1	144
0	627
1	578
0	704
1	4
1	730
0	492
1	146
1	862
1	816
1	850
1	170
1	822
1	328
1	170
1	888
0	347
1	972
1	172
1	840
1	17
0	581
0	251
0	367
1	349
0	6
0	683
1	809
0	33
1	977
1	157
1	572
1	774
0	693
0	200
0	913
0	98
1	94
1	729
1	404
1	707
0	214
1	356
1	576
0	547
1	814
1	502
0	142
0	167
1	481
0	917
1	863
1	505
0	58
0	697
1	717
1	309
0	756
1	346
0	584
1	708
1	891
0	995
1	490
0	46
1	494
1	684
1	759
1	868
1	66
1	216
1	684
1	913
1	198
1	507
1	199
0	827
1	750
1	223
1	383
1	352
0	814
1	389
1	515
1	627
0	594
1	529
1	290
1	300
0	827
1	528
1	648
1	701
1	349
1	129
1	243
1	652
1	99
1	480
1	156
1	379
0	735
1	106
1	431
1	689
0	716
0	547
1	697
1	14
0	450
1	913
1	93
0	724
1	976
0	223
1	941
0	608
1	742
1	20
0	460
0	760
0	562
0	490
0	636
0	25
0	970
0	144
1	718
0	38
0	737
0	276
1	956
0	505
1	991
0	249
1	594
1	533
1	316
1	800
1	945
1	754
1	955
1	139
0	694
0	865
0	976
0	75
0	18
0	872
0	453
1	746
0	994
0	161
0	249
1	499
0	389
1	978
1	945
0	582
0	904
1	266
1	154
1	922
1	906
0	984
0	673
1	155
0	751
0	728
0	560
0	950
0	465
0	665
0	1
0	678
1	74
1	47
0	838
1	911
1	547
0	577
1	15
1	231
1	84
0	102
1	248
1	4
1	349
0	966
1	637
1	378
1	251
1	827
1	222
1	895
1	597
0	77
0	56
0	19
0	7
1	60
1	63
1	54
1	69
1	34
1	46
1	25
1	53
1	35
1	52
0	72
1	15
1	23
1	51
1	1
1	45
0	62
1	67
1	14
0	15
1	19
1	77
0	80
0	22
0	61
0	79
0	43
0	27
0	76
0	10
0	45
1	36
1	53
1	63
1	44
0	68
0	51
0	80
0	7
1	43
0	30
1	18
1	5
0	10
0	41
0	53
0	19
1	75
1	16
1	56
1	6
0	45
0	12
0	67
0	38
1	26
1	47
0	77
1	51
1	38
0	24
0	7
1	1
1	46
0	23
0	63
0	73
0	81
0	68
1	74
0	45
0	3
0	54
1	11
0	45
0	39
1	40
0	10
1	53
0	24
0	66
0	30
1	16
1	28
0	60
0	41
0	30
0	81
0	47
1	6
1	4
0	31
0	67
1	65
0	1
0	19
1	57
1	23
0	78
0	59
1	3
1	53
1	8
1	9
0	39
1	7
0	55
0	77
0	63
0	79
1	68
0	15
0	60
1	80
0	51
0	42
1	29
1	38
1	55
0	32
1	64
1	22
1	9
1	47
1	29
0	15
1	1
0	67
0	46
0	114
1	47
0	136
1	52
1	111
1	123
1	127
1	23
1	144
0	66
1	65
1	73
1	99
0	2
0	145
0	137
0	99
0	77
0	131
1	157
0	44
1	68
1	143
1	56
1	54
1	107
1	0
1	95
1	127
1	69
1	163
1	43
1	46
0	53
1	39
1	2
0	92
1	7
0	77
0	31
1	44
1	66
1	64
0	26
1	91
1	21
1	39
0	18
0	89
1	44
1	11
0	68
0	60
0	68
0	60
0	68
0	60
0	11
1	30
1	61
0	11
1	30
1	61
0	11
1	30
1	61
0	22
0	43
0	22
0	43
0	22
0	43
0	49
0	85
0	49
0	85
0	49
0	85
0	43
0	65
0	43
0	65
0	43
0	65
0	72
0	72
1	48
1	49
0	72
1	48
1	49
0	54
0	94
0	64
1	47
1	67
0	10
0	51
1	89
0	77
0	12
0	72
1	48
1	49
0	54
0	94
0	64
0	72
1	48
1	49
0	54
0	94
0	64
1	9
1	9
1	16
1	9
1	16
1	9
1	16
1	79
1	9
1	16
1	79
1	79
1	79
1	38
1	79
1	38
1	79
1	38
1	72
1	79
1	38
1	72
1	13
1	13
0	86
1	72
1	31
1	13
0	86
1	72
1	31
1	13
0	86
1	72
1	31
1	13
0	86
1	72
1	31
1	22
1	17
1	17
1	10
1	17
1	10
1	17
1	10
0	71
0	88
0	32
0	49
1	17
1	10
0	71
0	88
0	32
0	49
1	69
0	8
0	90
1	19
0	97
0	86
0	24
1	55
0	58
0	63
0	79
0	64
0	16
0	2
0	45
0	10
1	67
0	51
0	6
1	17
1	50
1	89
1	73
1	28
1	91
1	41
0	55
0	66
0	18
1	21
1	26
1	96
0	31
0	31
0	35
0	99
0	92
0	72
0	31
0	35
0	99
0	92
0	72
1	9
0	68
0	31
0	35
0	99
0	92
0	72
1	9
0	68
0	63
0	16
0	47
0	82
0	51
0	51
0	79
1	57
0	1
0	43
1	92
0	22
1	10
0	52
0	37
0	49
0	34
0	51
0	79
1	57
0	1
0	43
1	92
0	22
1	10
0	52
0	37
0	49
0	51
0	79
1	57
0	1
0	43
1	92
0	22
1	10
0	52
0	37
0	49
0	34
0	51
0	79
1	57
0	1
0	43
1	92
0	22
1	10
0	52
0	37
0	49
0	34
0	51
0	79
1	57
0	1
0	43
1	92
0	22
1	10
0	52
0	37
0	49
0	34
0	57
0	57
0	16
1	4
1	45
0	89
0	30
0	57
0	16
1	4
1	45
0	89
0	30
0	35
0	96
0	57
0	16
1	4
1	45
0	89
0	30
0	35
0	96
0	13
0	12
0	12
0	31
0	41
0	65
0	14
0	12
0	31
0	41
0	65
0	14
0	36
0	12
0	31
0	41
0	65
0	14
0	36
1	43
0	75
0	20
0	55
0	89
0	12
0	31
0	41
0	65
0	14
0	36
1	43
0	75
0	20
0	55
0	89
0	12
0	31
0	41
0	65
0	14
0	36
1	43
0	75
0	20
0	55
0	89
0	94
1	43
1	43
1	63
1	89
1	16
1	32
1	43
1	63
1	89
1	16
1	32
1	39
1	43
1	63
1	89
1	16
1	32
1	39
0	26
1	9
1	96
0	12
1	35
0	55
1	25
1	3
1	43
1	63
1	89
1	16
1	32
1	39
0	26
1	9
1	96
0	12
1	35
0	55
1	25
1	3
0	59
1	20
0	68
1	62
1	28
1	52
0	11
0	4
1	0
1	30
1	78
1	43
1	63
1	89
1	16
1	32
1	39
0	26
1	9
1	96
0	12
1	35
0	55
1	25
1	3
0	59
1	20
0	68
1	62
1	28
1	7
1	7
0	78
0	3
0	14
1	52
0	56
1	7
0	78
0	3
0	14
1	52
0	56
0	60
1	10
0	23
0	11
1	7
0	78
0	3
0	14
1	52
0	56
0	60
1	10
0	23
0	11
0	17
0	39
1	7
0	78
0	3
0	14
1	52
0	56
0	60
1	10
0	23
0	11
0	17
0	39
1	7
0	78
0	3
0	14
1	52
0	56
0	60
1	10
0	23
0	11
0	17
0	39
0	25
0	99
1	86
1	86
1	33
1	28
1	57
0	27
1	14
0	95
1	91
1	24
1	86
1	33
1	28
1	57
0	27
1	14
0	95
1	86
1	33
1	28
1	57
0	27
1	14
0	95
1	91
1	24
0	5
0	90
1	68
0	8
1	58
0	53
0	84
1	3
1	96
1	40
1	4
1	87
1	11
0	12
0	15
1	94
0	71
1	34
1	35
1	86
1	33
1	28
1	57
0	27
1	14
0	95
1	91
1	24
0	5
0	90
1	68
0	8
1	58
0	53
0	84
1	3
1	96
1	40
1	4
1	87
1	11
0	12
0	15
1	94
0	71
1	34
1	35
0	83
1	41
0	29
1	7
1	22
1	86
1	33
1	28
1	57
0	27
1	14
0	95
1	91
1	24
0	5
0	90
1	68
0	8
1	58
0	53
0	84
1	3
1	96
1	40
1	4
1	87
1	11
0	12
0	15
1	94
0	71
1	34
1	35
0	83
1	41
0	29
1	7
1	22
1	38
1	26
1	26
1	91
1	88
0	17
1	50
0	53
0	3
1	54
1	76
0	28
1	38
1	12
1	67
1	36
1	26
1	91
1	88
0	17
1	50
0	53
0	3
1	54
1	76
0	28
1	38
1	12
1	67
1	36
1	26
1	91
1	88
0	17
1	50
0	53
0	3
1	54
1	76
0	28
1	38
1	12
1	67
1	36
1	26
1	91
1	88
0	17
1	50
0	53
0	3
1	54
1	76
0	28
1	38
1	12
1	67
1	36
1	8
1	26
1	91
1	88
0	17
1	50
0	53
0	3
1	54
1	76
0	28
1	38
1	12
1	67
1	36
1	8
1	60
0	22
0	98
1	0
1	90
0	46
1	27
1	60
1	28
0	65
1	91
1	50
1	23
1	41
1	11
1	21
1	46
0	28
1	44
1	9
0	23
0	51
0	56
0	18
1	71
1	94
1	82
1	47
0	3
0	44
0	9
0	17
1	43
0	35
1	9
1	83
1	64
1	95
1	68
0	30
0	21
0	69
0	46
1	7
0	89
0	89
0	78
0	0
0	98
1	15
0	53
0	8
1	54
1	97
0	56
0	76
0	38
1	94
0	78
1	5
1	48
0	61
1	43
0	8
1	67
1	24
1	39
0	51
1	34
1	7
1	44
0	90
0	47
1	12
1	36
1	65
1	32
1	77
0	70
0	81
0	23
1	27
0	54
1	29
0	83
0	51
0	1
1	94
1	57
0	40
0	72
0	79
0	9
0	23
0	59
0	53
0	42
0	83
0	6
1	93
0	63
0	44
1	59
1	60
1	54
1	34
0	64
0	73
1	2
1	93
0	63
0	44
1	59
1	60
1	54
1	34
1	93
0	63
0	44
1	59
1	60
1	54
1	34
1	93
0	63
0	44
1	59
1	60
1	54
1	34
0	92
0	35
1	56
0	22
0	91
0	54
0	99
1	41
0	89
1	38
1	57
0	55
0	10
1	43
1	30
1	79
1	69
1	31
1	81
1	87
0	64
1	0
0	37
1	90
1	2
0	75
1	31
0	66
0	19
0	82
0	61
0	54
1	19
0	24
1	12
1	51
0	76
1	49
0	79
1	71
0	86
1	89
1	74
0	94
0	37
0	53
0	50
1	66
0	80
0	82
1	32
1	4
1	33
1	69
1	34
0	96
1	58
0	14
0	70
1	38
0	62
1	41
1	91
