0	342
0	342
1	130
1	25
1	135
1	135
1	135
1	910
0	383
1	80
1	74
0	880
0	515
1	715
1	715
1	538
1	475
1	492
1	492
1	436
1	596
1	492
1	436
1	596
0	481
0	303
1	697
0	504
1	376
1	762
1	492
1	436
1	596
0	481
0	303
1	697
0	504
1	376
1	762
1	492
1	436
1	596
0	481
0	303
1	697
0	504
1	376
1	762
0	124
0	578
0	799
1	263
1	666
1	388
1	573
1	492
1	436
1	596
0	481
0	303
1	697
0	504
1	376
1	762
0	124
0	578
0	799
1	263
1	666
1	388
1	573
1	808
1	492
1	436
1	596
0	481
0	303
1	697
0	504
1	376
1	762
0	124
0	578
0	799
1	263
1	666
1	388
1	573
1	492
1	436
1	596
0	481
0	303
1	697
0	504
1	376
1	762
0	124
0	578
0	799
1	263
1	666
1	388
1	573
1	238
1	238
0	149
0	236
0	629
1	238
0	149
0	236
0	629
0	804
1	238
0	149
0	236
0	629
0	804
0	745
1	238
0	149
0	236
0	629
0	804
0	745
1	624
0	375
1	238
0	149
0	236
0	629
0	804
0	745
1	624
0	375
1	639
0	161
0	659
1	685
1	532
1	929
1	238
0	149
0	236
0	629
0	804
0	745
1	624
0	375
1	639
0	161
0	659
1	685
1	532
1	929
1	238
0	149
0	236
0	629
0	804
0	745
1	624
0	375
1	639
0	161
0	659
1	685
1	532
1	929
1	832
1	967
1	98
1	621
1	621
1	281
0	736
1	249
1	621
1	281
0	736
1	249
1	841
1	621
1	281
0	736
1	249
1	841
1	991
1	621
1	281
0	736
1	249
1	841
1	991
0	628
1	78
1	181
1	621
1	281
0	736
1	249
1	841
1	991
0	628
1	78
1	181
1	621
1	281
0	736
1	249
1	841
1	991
0	628
1	78
1	181
1	147
1	621
1	281
0	736
1	249
1	841
1	991
0	628
1	78
1	181
1	147
1	294
1	396
1	767
1	312
1	312
0	683
1	616
0	335
1	312
0	683
1	616
0	335
0	445
1	827
0	761
1	50
1	425
1	610
1	312
0	683
1	616
0	335
0	445
1	827
0	761
1	50
1	425
1	610
1	312
0	683
1	616
0	335
0	445
1	827
0	761
1	50
1	425
1	610
1	65
1	312
0	683
1	616
0	335
0	445
1	827
0	761
1	50
1	425
1	610
1	65
1	312
0	683
1	616
0	335
0	445
1	827
0	761
1	50
1	425
1	610
1	65
1	312
0	683
1	616
0	335
0	445
1	827
0	761
1	50
1	425
1	610
1	65
0	123
1	706
1	463
0	102
0	864
1	928
0	371
0	600
1	674
1	459
1	742
0	388
0	710
1	142
1	400
1	628
1	974
1	125
1	184
1	184
0	60
1	172
1	827
1	184
0	60
1	172
1	827
1	283
1	184
0	60
1	172
1	827
1	283
1	618
1	184
0	60
1	172
1	827
1	283
1	618
0	22
1	423
0	508
1	543
1	736
0	492
0	329
1	678
1	433
1	729
1	184
0	60
1	172
1	827
1	283
1	618
0	22
1	423
0	508
1	543
1	736
0	492
0	329
1	678
1	433
1	729
1	184
0	60
1	172
1	827
1	283
1	618
0	22
1	423
0	508
1	543
1	736
0	492
0	329
1	678
1	433
1	729
1	850
1	184
0	60
1	172
1	827
1	283
1	618
0	22
1	423
0	508
1	543
1	736
0	492
0	329
1	678
1	433
1	729
1	850
1	786
1	786
1	556
1	288
1	786
1	556
1	288
1	934
1	786
1	556
1	288
1	934
0	289
1	900
1	786
1	556
1	288
1	934
0	289
1	900
1	876
1	786
1	556
1	288
1	934
0	289
1	900
1	876
1	786
1	556
1	288
1	934
0	289
1	900
1	876
1	598
1	786
1	556
1	288
1	934
0	289
1	900
1	876
1	598
0	616
1	36
0	193
1	636
1	495
0	383
0	628
0	870
1	237
0	477
0	560
1	540
0	736
0	173
0	47
1	629
1	816
1	958
1	724
1	783
0	763
0	11
0	576
1	609
1	379
1	114
1	205
1	858
1	312
1	312
1	421
1	334
1	312
1	421
1	334
1	259
1	312
1	421
1	334
1	259
1	13
1	312
1	421
1	334
1	259
1	13
1	286
1	312
1	421
1	334
1	259
1	13
1	286
1	312
1	421
1	334
1	259
1	13
1	286
1	312
1	421
1	334
1	259
1	13
1	286
1	907
1	996
1	180
1	630
1	319
1	319
1	698
1	215
1	319
1	698
1	215
1	789
1	319
1	698
1	215
1	789
1	858
1	319
1	698
1	215
1	789
1	858
1	117
1	319
1	698
1	215
1	789
1	858
1	117
1	319
1	698
1	215
1	789
1	858
1	117
1	319
1	698
1	215
1	789
1	858
1	117
1	114
1	678
0	865
1	281
0	671
0	544
1	866
1	561
1	564
1	593
1	612
1	612
0	894
1	929
0	320
1	906
1	902
1	612
0	894
1	929
0	320
1	906
1	902
1	612
0	894
1	929
0	320
1	906
1	902
1	150
1	612
0	894
1	929
0	320
1	906
1	902
1	150
1	174
1	612
0	894
1	929
0	320
1	906
1	902
1	150
1	174
1	612
0	894
1	929
0	320
1	906
1	902
1	150
1	174
0	442
1	399
1	844
1	612
0	894
1	929
0	320
1	906
1	902
1	150
1	174
0	442
1	399
1	844
0	972
1	200
1	593
0	371
1	684
1	591
0	759
0	769
1	881
1	603
1	126
1	271
1	271
1	567
1	261
1	271
1	567
1	261
1	748
1	271
1	567
1	261
1	748
1	315
1	271
1	567
1	261
1	748
1	315
1	363
1	271
1	567
1	261
1	748
1	315
1	363
1	271
1	567
1	261
1	748
1	315
1	363
1	271
1	567
1	261
1	748
1	315
1	363
1	939
1	551
1	237
1	868
1	283
0	427
1	72
0	134
0	488
0	77
0	759
0	405
0	424
1	883
1	522
1	234
1	768
1	656
0	160
1	404
1	434
0	131
1	589
1	429
1	704
1	626
1	318
0	347
1	99
1	212
0	187
0	112
0	142
0	796
0	343
0	418
1	14
1	590
1	210
1	597
1	516
1	111
1	570
1	826
0	396
1	472
0	213
1	389
0	862
1	836
0	52
1	38
0	640
0	426
1	50
1	680
1	151
1	265
0	785
1	696
1	912
1	353
1	739
0	188
1	106
1	987
1	974
0	373
0	335
0	116
0	449
0	326
0	348
0	741
1	629
0	199
0	117
1	161
1	508
0	630
0	123
0	360
1	146
1	32
1	41
1	270
1	461
0	422
1	864
1	249
0	516
0	36
0	380
0	481
0	935
1	13
0	407
0	382
0	61
1	635
0	160
0	97
0	950
1	693
1	330
1	617
1	974
1	535
1	97
1	550
0	526
1	393
1	31
1	676
0	249
0	916
0	835
1	886
0	263
1	618
0	368
0	251
0	51
0	539
0	761
0	491
0	494
1	86
1	534
1	284
0	708
1	343
1	645
0	852
1	693
0	614
0	533
1	161
1	622
1	400
1	894
0	603
1	748
0	345
1	548
1	394
1	452
0	592
1	157
1	232
1	917
1	778
1	280
1	261
0	805
0	20
1	143
0	813
1	823
1	785
0	830
0	73
0	795
1	549
0	323
1	242
1	850
0	329
1	675
1	51
1	734
0	699
1	501
1	771
1	690
1	111
1	436
1	718
1	882
0	555
1	911
1	172
1	938
0	756
1	995
0	779
0	697
1	865
0	854
1	933
0	850
0	564
0	370
0	437
0	138
0	886
0	819
0	29
1	914
1	738
0	291
0	879
1	167
0	944
0	786
1	996
1	696
0	54
1	665
1	400
1	922
0	69
1	877
0	511
0	341
0	471
0	959
0	376
1	759
0	898
1	428
0	360
0	696
0	483
0	851
0	820
0	424
0	721
0	863
1	869
0	417
0	785
1	355
1	49
0	115
1	597
1	684
1	769
1	454
0	492
1	446
0	730
1	915
0	591
1	474
1	356
1	330
0	629
1	516
1	651
1	368
1	673
0	314
1	559
1	527
1	313
1	198
0	960
0	344
0	761
1	167
1	676
1	18
0	194
1	459
1	250
0	151
0	796
0	55
1	236
1	604
0	254
1	562
1	759
1	321
0	510
0	0
1	256
0	664
1	887
1	330
1	455
1	82
1	313
1	123
1	942
1	211
0	185
1	297
1	617
1	789
0	986
1	80
1	832
1	806
0	25
1	35
0	669
0	929
1	363
1	357
1	5
1	213
0	873
0	187
1	227
1	44
1	226
0	829
1	854
1	921
1	953
1	934
0	487
1	678
0	916
1	789
1	323
1	648
0	695
1	92
1	450
1	178
0	405
1	289
0	256
1	204
1	848
1	435
0	718
0	816
1	998
1	501
1	26
0	8
1	337
1	867
1	230
1	363
1	275
1	97
1	587
0	248
1	721
1	558
1	832
1	652
1	621
1	441
1	355
1	100
0	6
1	400
1	600
0	871
1	117
1	269
1	438
1	257
0	505
1	508
0	267
0	781
0	562
0	609
0	911
0	858
1	833
0	791
0	932
0	996
1	693
0	13
0	880
1	212
1	768
1	54
1	1
1	140
1	931
1	239
1	416
0	182
0	349
1	785
1	313
1	952
0	196
0	431
0	274
1	210
0	929
0	341
0	37
0	14
0	74
1	33
1	25
1	44
0	72
1	66
1	37
1	4
1	80
0	47
0	37
0	50
0	44
1	34
0	7
1	64
1	10
1	19
0	48
0	81
1	78
0	15
0	14
1	45
0	61
0	63
0	55
0	16
0	76
0	30
0	47
0	20
0	80
1	21
0	80
0	26
0	25
1	70
0	5
1	40
1	12
0	31
0	15
0	55
1	42
0	74
1	2
0	4
1	48
0	32
0	51
1	68
0	57
0	73
0	0
0	50
0	3
0	9
0	78
1	31
0	16
1	13
0	4
1	50
0	2
0	35
1	41
1	33
1	11
1	77
1	35
1	68
1	30
0	34
1	47
1	65
1	0
0	37
1	11
1	21
0	67
0	32
1	63
0	10
0	51
0	33
0	71
0	36
1	11
0	9
1	75
1	26
1	65
1	57
1	28
0	28
0	35
0	81
0	22
0	7
0	37
0	60
1	2
1	62
1	72
0	26
1	160
1	31
1	112
0	115
0	76
1	135
0	7
0	10
0	32
1	85
0	143
0	3
0	155
0	58
0	76
0	30
0	109
1	138
1	46
1	8
0	27
0	66
0	140
1	128
1	112
1	159
1	137
0	41
1	146
1	109
1	144
1	88
1	11
1	7
1	90
1	6
1	36
1	50
0	17
1	41
1	81
0	57
1	1
0	92
0	55
0	92
0	55
0	92
0	55
0	66
0	22
0	66
0	22
0	66
0	22
0	80
1	1
1	99
1	62
0	80
1	1
1	99
1	62
0	80
1	1
1	99
1	62
1	64
1	40
1	48
1	96
1	48
1	96
1	48
1	96
0	73
1	66
0	81
0	95
0	73
1	66
0	81
0	95
0	15
0	73
1	66
0	81
0	95
1	60
1	60
1	26
1	60
1	26
1	60
1	26
1	70
1	60
1	26
1	70
0	4
0	4
0	55
0	4
0	55
0	4
0	55
0	37
0	4
0	55
0	37
1	71
1	71
0	41
0	15
1	71
0	41
0	15
1	71
0	41
0	15
1	17
1	84
1	89
1	71
0	41
0	15
1	17
1	84
1	76
1	76
0	19
1	2
1	55
1	76
0	19
1	2
1	55
1	28
1	76
0	19
1	2
1	55
1	76
0	19
1	2
1	55
1	28
1	95
1	95
0	75
1	93
0	57
1	30
0	61
1	94
1	86
1	56
1	95
0	75
1	93
0	57
1	30
0	61
1	94
1	86
1	56
1	95
0	75
1	93
0	57
1	30
0	61
1	94
1	86
1	56
1	3
1	19
0	11
1	62
0	28
1	34
1	12
1	95
0	75
1	93
0	57
1	30
0	61
1	94
1	86
1	56
1	3
1	19
0	11
1	62
0	28
1	34
1	12
1	56
0	62
0	92
0	64
0	75
0	3
1	48
1	87
1	93
0	56
1	59
0	5
0	90
1	40
1	74
1	66
1	35
1	67
1	82
1	52
1	38
1	23
1	45
0	14
0	93
1	75
1	43
1	16
1	33
1	68
1	27
0	26
0	86
1	83
0	8
1	87
0	4
0	60
0	40
0	58
1	62
0	43
1	3
1	3
0	55
0	60
0	66
0	96
0	5
1	3
0	55
0	60
0	66
0	96
0	5
1	74
0	72
0	28
0	18
1	2
0	23
1	3
0	55
0	60
0	66
0	96
0	5
1	74
0	72
0	28
0	18
1	2
0	23
0	79
0	79
0	38
1	13
0	51
0	36
0	42
0	79
0	38
1	13
0	51
0	36
0	42
0	74
0	72
0	79
0	38
1	13
0	51
0	36
0	42
0	74
0	72
0	53
0	19
0	29
0	79
0	38
1	13
0	51
0	36
0	42
0	74
0	72
0	53
0	19
0	29
0	79
0	38
1	13
0	51
0	36
0	42
0	74
0	72
0	53
0	19
0	29
0	98
1	38
1	38
0	63
1	98
0	95
0	34
1	50
1	31
0	44
0	6
0	21
1	45
1	36
0	87
1	30
1	71
1	38
0	63
1	98
0	95
0	34
1	50
1	31
0	44
0	6
0	21
1	45
1	36
0	87
1	30
1	71
0	68
1	61
1	28
1	35
1	38
0	63
1	98
0	95
0	34
1	50
1	31
0	44
0	6
1	73
1	73
1	84
0	71
1	92
0	86
1	75
1	72
1	11
1	73
1	84
0	71
1	92
0	86
1	75
1	72
1	73
1	84
0	71
1	92
0	86
1	75
1	72
1	11
0	5
0	48
1	60
1	89
0	94
0	7
1	61
1	26
1	85
1	62
0	82
0	80
0	95
1	56
1	15
1	29
1	76
1	97
1	74
1	73
1	84
0	71
1	92
0	86
1	75
1	72
1	11
0	5
0	48
1	60
1	89
0	94
0	7
1	61
1	26
1	85
1	62
0	82
0	80
0	95
1	56
1	15
1	29
1	76
1	97
1	74
1	18
1	73
1	84
0	71
1	92
0	86
1	75
1	72
1	11
0	5
0	48
1	60
1	89
0	94
0	7
1	61
1	26
1	85
1	62
0	82
0	80
0	95
1	56
1	15
1	29
1	76
1	60
1	60
0	8
0	3
1	85
1	23
1	46
1	56
1	60
0	8
0	3
1	85
1	23
1	46
1	56
1	36
1	60
0	8
0	3
1	85
1	23
1	46
1	56
1	36
1	20
1	1
0	77
1	89
1	37
1	58
1	60
0	8
0	3
1	85
1	23
1	46
1	56
1	36
1	20
1	1
0	77
1	89
1	37
1	58
1	60
0	8
0	3
1	85
1	23
1	46
1	56
1	36
1	20
1	1
0	77
1	89
1	37
1	58
0	56
0	56
0	10
0	71
0	28
1	23
0	80
0	56
0	10
0	71
0	28
1	23
0	80
0	62
0	56
0	10
0	71
0	28
1	23
0	80
0	62
0	79
0	19
0	51
0	56
0	10
0	71
0	28
1	23
0	80
0	62
0	79
0	19
0	51
0	56
0	10
0	71
0	28
1	23
0	80
0	62
0	79
0	19
0	51
0	35
1	5
0	87
1	58
0	81
0	7
0	88
0	39
0	39
0	14
1	24
0	12
1	51
0	23
0	42
0	72
0	39
0	14
1	24
0	12
1	51
0	23
0	42
0	72
0	39
0	14
1	24
0	12
1	51
0	23
0	42
0	72
0	48
0	5
0	70
0	21
0	39
0	14
1	24
0	12
1	51
0	23
0	42
0	72
0	48
0	5
0	70
0	21
0	39
0	14
1	24
0	12
1	51
0	23
0	42
0	72
0	48
0	5
0	70
0	21
0	61
0	9
0	9
0	71
0	3
1	16
0	0
0	10
0	9
0	71
0	3
1	16
0	0
0	10
0	12
0	9
0	71
0	3
1	16
0	0
0	10
0	12
1	1
0	93
0	57
0	91
0	9
0	71
0	3
1	16
0	0
0	10
0	12
1	1
0	93
0	57
0	91
0	9
0	71
0	3
1	16
0	0
0	10
0	12
1	1
0	93
0	57
0	91
0	73
1	65
0	43
0	17
0	27
0	94
1	68
0	74
0	31
0	95
1	76
1	88
0	10
0	14
1	49
1	17
1	25
0	89
0	28
1	30
1	81
1	50
1	66
0	12
0	99
0	7
1	13
1	96
0	3
0	85
0	53
0	68
1	47
1	24
1	33
0	16
0	55
0	60
1	79
0	3
0	40
1	83
0	80
1	54
1	17
1	18
1	69
0	58
0	47
0	24
0	39
1	20
1	25
1	13
1	96
0	41
1	0
1	60
1	21
1	44
1	72
1	89
1	52
1	42
0	55
0	99
1	56
1	35
1	22
0	22
0	64
0	39
0	29
1	4
0	63
1	93
1	55
1	92
0	82
1	43
1	84
1	97
1	41
1	61
1	52
0	17
0	68
0	36
0	5
1	69
0	19
1	8
0	78
1	68
0	23
0	22
0	43
0	88
0	58
1	27
0	17
0	7
0	58
0	9
0	2
0	57
1	10
1	16
1	15
1	88
1	73
0	84
0	98
0	34
0	29
0	66
0	84
0	98
0	34
0	29
0	66
0	84
0	98
0	34
0	29
0	66
0	84
0	98
0	34
0	29
0	66
1	81
0	6
0	30
0	20
0	9
0	79
1	50
0	32
0	7
1	97
0	96
1	29
1	10
1	27
1	26
0	68
0	56
1	31
0	95
1	53
0	9
0	30
1	94
1	49
0	55
1	81
1	5
0	6
1	54
0	24
0	78
0	23
1	90
0	34
0	37
0	42
0	56
0	9
0	97
1	0
0	75
0	70
0	52
