1	928
1	928
1	730
1	181
1	921
1	921
0	164
1	921
0	164
1	686
0	867
0	422
0	743
0	890
1	265
1	265
1	887
1	659
1	714
1	714
1	728
1	215
1	714
1	728
1	215
0	426
1	467
1	714
1	728
1	215
0	426
1	467
1	398
1	714
1	728
1	215
0	426
1	467
1	398
1	978
1	714
1	728
1	215
0	426
1	467
1	398
1	978
1	714
1	728
1	215
0	426
1	467
1	398
1	978
1	92
1	714
1	728
1	215
0	426
1	467
1	398
1	978
1	92
1	489
1	797
1	452
1	404
1	861
1	861
1	638
0	752
0	565
1	890
0	478
1	861
1	638
0	752
0	565
1	890
0	478
1	276
1	970
1	861
1	638
0	752
0	565
1	890
0	478
1	276
1	970
0	258
0	158
1	280
1	764
1	193
1	451
1	861
1	638
0	752
0	565
1	890
0	478
1	276
1	970
0	258
0	158
1	280
1	764
1	193
1	861
1	638
0	752
0	565
1	890
0	478
1	276
1	970
1	861
1	638
0	752
0	565
1	890
0	478
1	276
1	970
0	258
0	158
1	280
1	764
1	193
1	861
1	638
0	752
0	565
1	890
0	478
1	276
1	970
0	258
0	158
1	280
1	764
1	193
1	451
0	478
0	478
1	553
1	437
0	615
1	748
0	753
0	478
1	553
1	437
0	615
1	748
0	753
0	239
1	312
0	438
1	119
0	858
0	478
1	553
1	437
0	615
1	748
0	753
0	239
0	478
1	553
1	437
0	615
1	748
0	753
0	239
1	312
0	438
1	119
0	858
0	44
0	478
1	553
1	437
0	615
1	748
0	753
0	239
1	312
0	438
1	119
0	858
0	44
1	519
1	364
0	237
1	578
1	30
0	53
1	205
1	152
1	300
0	478
1	553
1	437
0	615
1	748
0	753
0	239
1	312
0	438
1	119
0	858
0	44
0	478
1	553
1	437
0	615
1	748
0	753
0	239
1	312
0	438
1	119
0	858
0	44
1	519
1	364
0	237
1	578
1	30
0	53
1	205
1	152
1	300
1	920
1	920
1	912
1	370
1	920
1	912
1	370
1	250
1	920
1	912
1	370
1	250
1	167
1	920
1	912
1	370
1	250
1	167
1	282
1	920
1	912
1	370
1	250
1	167
1	282
1	920
1	912
1	370
1	250
1	167
1	282
1	920
1	912
1	370
1	250
1	167
1	282
1	75
1	471
0	350
1	564
1	33
1	854
1	171
1	171
0	154
1	19
0	975
1	731
0	712
1	469
1	397
1	171
0	154
1	19
0	975
1	731
0	712
1	469
1	397
1	171
0	154
1	19
0	975
1	731
0	712
1	469
1	397
1	757
1	814
1	171
0	154
1	19
0	975
1	731
0	712
1	469
1	397
1	757
1	171
0	154
1	19
0	975
1	731
0	712
1	469
1	397
1	171
0	154
1	19
0	975
1	731
0	712
1	469
1	397
1	757
1	171
0	154
1	19
0	975
1	731
0	712
1	469
1	397
1	757
1	814
0	121
1	816
0	406
1	927
1	689
1	426
1	445
0	318
0	318
1	740
1	469
0	995
1	653
1	873
0	318
1	740
1	469
0	995
1	653
1	873
0	318
1	740
1	469
0	995
1	653
1	873
0	165
0	736
1	129
0	187
1	549
1	297
1	526
0	318
1	740
1	469
0	995
1	653
1	873
0	165
0	736
1	129
0	187
1	549
1	297
1	526
1	455
0	318
1	740
1	469
0	995
1	653
1	873
0	165
0	736
1	129
0	187
1	549
1	297
1	526
1	455
0	318
1	740
1	469
0	995
1	653
1	873
0	165
0	736
1	129
0	187
1	549
1	297
1	526
1	455
0	318
1	740
1	469
0	995
1	653
1	873
0	165
0	736
1	129
0	187
1	549
1	297
1	526
1	455
0	410
0	410
1	744
1	235
1	92
0	410
1	744
1	235
1	92
1	964
0	410
1	744
1	235
1	92
1	964
0	763
1	380
1	321
0	410
1	744
1	235
1	92
1	964
0	763
1	380
1	321
0	410
1	744
1	235
1	92
1	964
0	763
1	380
1	321
0	410
1	744
1	235
1	92
1	964
0	763
1	380
1	321
0	410
1	744
1	235
1	92
1	964
0	763
1	380
1	321
1	553
1	35
1	95
0	788
1	451
1	227
0	356
1	704
0	28
1	928
1	415
1	169
1	169
0	789
0	742
0	176
1	169
0	789
0	742
0	176
1	372
1	428
1	505
1	169
0	789
0	742
0	176
1	372
1	428
1	505
1	179
1	169
0	789
0	742
0	176
1	372
1	428
1	505
1	179
0	988
1	697
1	990
1	169
0	789
0	742
0	176
1	372
1	428
1	505
1	179
1	169
0	789
0	742
0	176
1	372
1	428
1	505
1	179
0	988
1	697
1	990
1	169
0	789
0	742
0	176
1	372
1	428
1	505
1	179
0	988
1	697
1	990
0	341
0	678
1	645
1	250
0	854
1	54
1	844
1	313
1	838
0	390
0	652
1	969
0	427
0	357
1	301
1	102
1	362
1	865
1	865
1	596
0	965
1	109
1	865
1	596
0	965
1	109
1	367
1	865
1	596
0	965
1	109
1	367
0	487
1	42
0	884
1	398
1	937
0	544
1	515
1	55
1	865
1	596
0	965
1	109
1	367
0	487
1	42
0	884
1	398
1	937
1	865
1	596
0	965
1	109
1	367
0	487
1	42
0	884
1	398
1	937
1	865
1	596
0	965
1	109
1	367
0	487
1	42
0	884
1	398
1	937
0	544
1	515
1	55
1	865
1	596
0	965
1	109
1	367
0	487
1	42
0	884
1	398
1	937
0	544
1	515
1	55
1	517
1	401
1	813
1	813
1	670
0	17
0	976
1	813
1	670
0	17
0	976
1	790
1	629
1	813
1	670
0	17
0	976
1	790
1	629
0	479
0	216
1	186
1	815
1	334
1	813
1	670
0	17
0	976
1	790
1	629
0	479
0	216
1	186
1	815
1	334
0	65
1	220
1	27
1	813
1	670
0	17
0	976
1	790
1	629
0	479
0	216
1	186
1	815
1	334
0	65
1	220
1	27
1	813
1	670
0	17
0	976
1	790
1	629
0	479
0	216
1	186
1	815
1	334
0	65
1	220
1	27
1	813
1	670
0	17
0	976
1	790
1	629
0	479
0	216
1	186
1	815
1	334
0	65
1	220
1	27
0	256
1	15
0	322
1	835
0	924
1	665
1	747
1	432
1	416
0	12
0	535
1	18
1	488
1	45
0	855
0	342
1	932
1	782
1	245
1	552
1	965
0	900
1	881
0	415
0	566
0	435
0	950
0	591
1	896
0	15
0	734
1	334
0	200
0	347
1	332
0	802
0	77
0	550
0	530
0	284
0	910
1	815
1	353
0	679
0	5
0	850
1	103
0	340
1	659
1	972
1	828
0	427
0	283
1	745
1	124
1	784
0	693
1	910
1	80
0	304
1	256
1	539
0	446
1	874
0	459
0	44
0	315
0	33
0	866
1	642
0	356
0	501
1	899
0	451
0	767
1	936
1	686
0	401
0	642
1	746
1	205
1	537
1	912
1	194
1	333
1	815
1	221
1	632
1	641
0	532
1	736
1	123
1	140
0	482
1	580
1	893
1	479
1	430
1	44
1	548
1	617
1	727
0	137
1	324
1	961
1	740
1	663
1	748
1	31
1	244
1	78
1	803
1	703
1	838
0	631
1	471
1	705
1	477
1	282
1	154
0	627
1	929
0	102
1	69
0	51
0	592
0	598
0	732
1	201
1	357
1	987
1	254
0	883
1	353
0	353
1	668
1	4
1	452
1	66
1	264
0	377
1	791
1	749
1	354
0	533
1	171
1	217
1	951
1	657
0	795
1	501
1	454
1	544
1	856
1	392
0	21
0	202
0	378
0	217
0	996
1	39
1	451
1	38
1	182
0	982
1	218
0	630
0	503
0	683
0	548
0	209
1	581
1	714
1	727
1	32
1	904
1	624
1	888
0	979
1	481
1	187
1	950
0	496
0	319
0	467
0	193
0	370
0	689
0	989
1	493
0	452
1	178
1	403
0	124
0	157
0	709
0	447
0	317
1	795
0	941
0	837
1	948
0	227
1	11
0	608
0	637
1	874
1	527
0	727
1	871
1	953
1	386
1	959
1	630
1	976
1	73
1	117
0	888
0	112
0	821
0	202
0	171
1	311
1	579
1	675
0	792
1	502
1	124
1	896
1	251
1	856
1	811
1	913
1	105
1	558
0	878
1	27
1	383
0	874
1	47
0	835
0	776
0	298
1	910
0	409
1	660
1	528
1	95
1	785
0	252
0	368
0	918
0	401
1	36
0	895
1	630
0	134
1	334
1	252
1	282
1	754
1	300
1	515
1	829
1	969
1	909
0	703
0	582
1	641
1	671
1	984
1	581
1	490
1	570
1	623
1	453
1	380
1	888
0	238
1	739
0	599
1	595
1	731
1	497
0	685
1	278
0	63
1	992
0	974
1	554
0	920
1	847
0	306
1	531
0	369
0	408
0	682
1	563
1	551
1	416
0	249
1	595
1	316
0	282
1	716
0	545
1	728
0	254
1	425
0	103
0	947
0	118
0	19
0	604
0	835
1	235
1	354
1	977
1	878
1	343
0	922
1	765
1	563
1	68
1	762
1	955
1	195
1	673
0	692
1	667
1	312
0	947
0	136
1	63
1	724
1	781
0	745
0	371
1	97
1	565
1	155
0	319
0	679
0	929
0	383
0	461
1	700
0	670
1	657
1	445
0	555
0	833
1	104
1	890
0	10
1	655
0	913
0	813
1	985
0	491
0	596
0	959
0	18
1	18
0	592
1	299
1	510
1	662
1	150
1	280
1	624
1	935
1	536
1	452
0	9
0	448
0	46
0	129
1	685
1	57
1	831
1	177
1	515
1	234
1	577
0	312
1	350
1	727
1	941
1	29
0	56
1	26
0	37
1	75
1	8
1	71
0	63
1	50
1	61
1	28
1	47
0	73
1	61
0	81
0	0
1	77
1	64
0	52
0	6
1	26
0	1
1	33
0	49
0	4
0	75
0	11
0	39
0	54
1	21
0	6
0	29
0	70
0	82
0	17
0	14
0	19
0	61
0	11
0	66
1	76
1	82
1	41
1	67
1	35
1	49
1	73
0	23
1	61
0	46
0	51
1	14
1	4
1	49
0	37
1	5
0	20
0	28
0	41
1	53
1	80
1	26
1	59
0	48
0	36
0	56
1	72
1	12
1	62
0	9
1	40
0	58
1	43
0	8
1	58
1	33
1	30
1	66
0	55
1	19
1	41
0	50
1	61
0	17
0	13
0	29
0	35
1	51
0	44
1	33
1	26
0	68
0	15
0	2
1	41
0	74
0	49
1	78
0	67
0	48
0	6
0	58
1	46
1	8
0	26
1	12
1	14
0	51
0	61
0	33
1	60
1	22
1	41
0	38
0	23
1	66
1	50
1	72
0	18
1	74
1	28
0	54
0	11
1	3
1	32
1	36
0	8
0	45
0	26
0	73
0	61
1	31
0	27
0	56
1	66
1	13
1	8
1	128
1	59
1	81
1	131
1	112
0	27
1	67
0	30
0	110
0	73
1	116
0	28
0	131
0	26
0	51
1	65
0	154
1	70
1	11
0	68
1	114
1	80
1	86
1	56
1	31
0	93
0	161
0	143
1	160
1	75
1	22
0	18
0	4
0	96
1	91
0	28
1	49
0	48
1	36
1	81
1	87
1	85
1	48
0	0
1	83
1	81
0	73
0	70
1	59
1	44
1	35
1	28
1	35
1	28
1	35
1	28
1	7
1	4
1	7
1	4
1	7
1	4
1	18
0	97
0	31
1	18
0	97
0	31
1	18
0	97
0	31
1	72
0	55
0	54
1	90
1	15
1	77
1	92
1	44
1	19
1	44
1	19
1	44
1	19
1	76
0	56
1	4
1	70
0	50
1	55
0	25
1	93
1	23
1	76
0	56
1	4
1	70
1	76
0	56
1	4
1	70
0	50
1	55
0	25
1	93
1	23
1	64
1	64
1	48
1	64
1	48
1	64
1	48
1	66
1	64
1	48
1	66
0	2
0	2
0	16
0	2
0	16
0	2
0	16
0	65
0	2
0	16
0	65
1	12
1	12
0	37
1	63
0	9
0	85
0	98
1	12
0	37
1	63
0	9
0	85
0	98
1	1
1	38
1	71
1	45
1	64
1	12
0	37
1	63
0	9
0	85
0	98
1	1
1	38
1	71
1	45
1	64
0	35
1	4
1	12
0	37
1	63
0	9
0	85
0	98
1	1
1	38
1	71
1	45
1	64
0	35
1	4
1	18
0	20
1	47
0	71
0	71
0	98
0	71
0	98
0	71
0	98
0	58
0	71
0	98
0	58
0	3
0	3
1	65
0	26
0	3
1	65
0	26
0	51
0	3
1	65
0	26
0	51
0	3
1	65
0	26
0	51
0	36
0	22
1	35
0	62
1	64
1	3
1	98
1	82
1	66
0	93
1	55
1	75
1	4
1	18
1	33
1	19
0	75
0	49
1	18
0	31
1	23
1	17
0	40
0	98
0	91
1	65
1	64
1	43
1	23
1	76
1	4
0	99
0	99
1	31
0	40
1	97
0	28
0	35
0	86
0	99
1	31
0	40
1	97
0	28
0	35
0	86
1	91
0	88
0	22
0	69
0	54
0	64
0	99
1	31
0	40
1	97
0	28
0	35
0	86
1	91
0	88
0	22
0	69
0	34
0	34
1	47
0	73
0	60
0	37
1	98
0	95
0	89
0	6
1	49
1	72
1	57
1	44
0	14
1	48
0	84
0	87
0	75
0	41
0	35
0	0
0	34
1	47
0	73
0	60
0	37
1	98
0	95
0	89
0	6
0	34
1	47
0	73
0	60
0	37
1	98
0	95
0	89
0	6
1	49
1	72
1	57
1	44
0	14
1	48
0	84
0	87
0	75
0	41
0	35
0	0
1	25
0	62
0	13
0	31
0	64
1	61
1	24
1	9
0	91
0	10
0	51
0	17
0	92
0	96
0	39
0	34
1	47
0	73
0	60
0	37
1	98
0	95
0	89
0	6
1	49
1	72
1	57
1	44
0	14
1	48
0	34
1	47
0	73
0	60
0	37
1	98
0	95
0	89
0	6
1	49
1	72
1	57
1	44
0	14
1	48
0	84
0	87
0	75
0	41
0	35
0	0
1	25
0	62
0	13
0	31
0	64
1	61
1	24
1	9
0	91
0	10
0	51
0	17
0	92
0	96
0	39
0	38
0	50
0	52
0	52
0	9
1	78
0	12
1	93
0	63
0	98
0	52
0	9
1	78
0	12
1	93
0	63
0	98
1	17
1	36
1	27
0	42
1	38
1	80
1	14
1	35
1	72
0	52
0	9
1	78
0	12
1	93
0	63
0	98
1	17
1	36
1	27
1	27
1	52
0	46
0	24
1	40
0	51
1	8
0	58
0	79
0	35
1	27
1	52
0	46
0	24
1	40
0	51
1	8
1	27
1	52
0	46
0	24
1	40
0	51
1	8
0	58
0	79
0	35
0	90
0	54
1	30
0	2
1	11
0	91
0	38
0	86
1	27
1	52
0	46
0	24
1	40
0	51
1	8
0	58
0	79
0	35
0	90
0	54
1	27
1	52
0	46
0	24
1	40
0	51
1	8
0	58
0	79
0	35
0	90
0	54
1	30
0	2
1	11
0	91
0	38
0	86
0	36
0	33
1	22
1	22
0	41
1	99
1	48
1	51
0	45
1	82
1	92
1	78
1	71
1	22
0	41
1	99
1	48
1	51
0	45
1	82
1	92
1	78
1	22
0	41
1	99
1	48
1	51
0	45
1	82
1	92
1	78
1	71
0	16
0	8
1	47
1	20
1	40
1	53
1	70
0	27
1	33
0	19
1	63
1	61
1	22
0	41
1	99
1	48
1	51
0	45
1	82
1	92
1	78
1	71
0	16
0	8
1	47
1	20
1	40
1	53
1	70
1	22
0	41
1	99
1	48
1	51
0	45
1	82
1	92
1	78
1	71
0	16
0	8
1	47
1	20
1	40
1	53
1	70
0	27
1	33
0	19
1	63
1	61
1	75
0	60
0	60
1	26
1	74
1	64
0	99
1	19
1	72
0	60
1	26
1	74
1	64
0	99
1	19
1	72
1	97
0	60
1	26
1	74
1	64
0	99
1	19
1	72
1	97
1	3
1	13
1	81
0	60
1	26
1	74
1	64
0	99
1	19
1	72
1	97
1	3
1	13
1	81
1	41
0	60
1	26
1	74
1	64
0	99
1	19
1	72
1	97
1	3
1	13
1	81
1	41
1	51
1	60
1	60
1	89
1	28
1	84
1	0
1	60
1	89
1	28
1	84
1	0
1	83
1	60
1	89
1	28
1	84
1	0
1	83
1	20
1	11
1	94
1	60
1	89
1	28
1	84
1	0
1	83
1	20
1	11
1	94
1	60
1	89
1	28
1	84
1	0
1	83
1	20
1	11
1	94
1	14
0	47
0	47
1	58
0	96
0	10
1	39
0	97
0	22
0	8
0	47
1	58
0	96
0	10
1	39
0	97
0	22
0	8
0	47
1	58
0	96
0	10
1	39
0	97
0	22
0	8
1	60
0	53
1	55
0	35
0	45
1	48
0	19
0	71
0	4
0	82
0	46
0	98
0	40
0	47
1	58
0	96
0	10
1	39
0	97
0	22
0	8
1	60
0	53
1	55
0	35
0	45
1	48
0	19
0	71
0	4
0	47
1	58
0	96
0	10
1	39
0	97
0	22
0	8
1	60
0	53
1	55
0	35
0	45
1	48
0	19
0	71
0	4
0	82
0	51
1	59
1	90
0	48
1	38
1	11
1	39
1	3
0	89
1	90
1	68
1	87
0	65
0	7
0	38
0	27
1	69
0	2
0	93
0	12
0	34
0	29
1	51
0	95
0	79
0	44
0	43
0	39
1	76
1	22
1	23
1	77
1	50
1	9
1	34
1	96
1	38
1	1
1	62
1	76
0	18
1	3
1	83
0	53
0	7
1	26
0	61
0	66
0	27
1	89
1	57
1	58
0	50
1	12
0	15
1	83
1	32
0	69
0	42
0	63
1	49
0	71
0	87
1	81
0	44
1	74
1	26
0	63
1	38
0	33
1	22
1	2
1	41
1	91
1	65
1	24
1	33
1	98
0	35
0	50
1	1
0	77
1	60
0	36
0	49
0	49
0	24
0	26
0	57
0	21
1	27
0	40
0	43
0	18
0	72
0	36
0	17
1	38
1	13
0	89
1	91
0	61
1	7
0	79
1	21
0	85
1	39
0	31
1	58
0	0
1	14
0	75
0	76
1	37
0	69
1	4
0	17
1	38
1	13
0	89
1	91
0	61
1	7
0	79
1	21
0	85
1	39
0	31
1	58
0	0
1	14
0	75
0	76
1	37
0	69
1	4
1	59
0	51
1	2
1	30
0	68
0	97
0	48
0	71
0	80
1	56
1	77
1	22
0	96
1	50
1	15
0	12
1	43
1	1
0	17
1	38
1	13
0	89
1	91
0	61
1	7
0	79
1	21
0	85
1	39
0	31
1	58
0	0
1	14
0	75
0	76
1	37
0	17
1	38
1	13
0	89
1	91
0	61
1	7
0	79
1	21
0	85
0	43
0	21
1	44
0	28
1	90
0	45
0	29
1	0
0	43
0	23
0	55
0	45
1	29
1	30
1	42
0	16
0	99
0	76
0	49
1	24
1	87
0	33
1	18
0	69
1	14
1	31
1	73
0	98
1	36
0	10
1	55
0	61
1	57
1	59
1	77
1	11
1	21
1	37
0	62
1	3
0	57
1	61
1	70
0	51
1	91
1	60
1	26
0	88
1	68
1	44
0	7
0	14
1	57
1	13
1	11
1	82
1	88
0	56
1	34
0	76
1	24
0	4
1	80
1	28
1	93
1	25
1	62
1	28
1	8
0	67
0	55
0	46
0	16
0	89
0	62
0	84
0	92
0	76
0	16
1	19
1	13
0	85
1	45
1	62
1	65
1	40
1	5
0	20
0	64
0	44
0	91
0	93
0	17
0	49
1	63
1	48
1	1
1	76
0	67
1	42
1	79
1	13
1	74
1	81
1	20
1	73
1	88
1	36
0	56
1	83
0	28
1	9
0	85
1	74
1	44
1	80
1	49
1	58
1	94
1	6
