1	976
1	976
1	630
1	149
0	564
0	564
0	393
0	564
0	393
0	529
1	799
0	892
0	542
0	249
1	640
1	640
1	529
1	943
0	232
0	232
1	850
1	71
1	853
0	232
1	850
1	71
1	853
1	801
0	232
1	850
1	71
1	853
1	801
1	995
0	232
1	850
1	71
1	853
1	801
1	995
1	780
0	232
1	850
1	71
1	853
1	801
1	995
1	780
0	232
1	850
1	71
1	853
1	801
1	995
1	780
1	737
0	232
1	850
1	71
1	853
1	801
1	995
1	780
1	737
1	881
1	900
1	286
0	336
1	271
1	495
0	22
0	22
1	796
1	684
1	797
0	22
1	796
1	684
1	797
1	396
0	22
1	796
1	684
1	797
1	396
1	162
0	22
1	796
1	684
1	797
1	396
1	162
1	523
0	22
1	796
1	684
1	797
1	396
1	162
1	523
0	22
1	796
1	684
1	797
1	396
1	162
1	523
0	294
1	883
1	759
0	22
1	796
1	684
1	797
1	396
1	162
1	523
0	294
1	883
1	759
0	990
1	828
0	240
1	532
1	838
1	86
1	871
0	400
0	794
1	272
1	576
1	626
0	49
0	49
1	83
1	618
1	961
0	49
1	83
1	618
1	961
1	445
0	49
1	83
1	618
1	961
1	445
0	288
1	770
0	303
1	22
0	570
1	848
1	826
0	49
1	83
1	618
1	961
1	445
0	288
1	770
0	303
1	22
0	570
1	848
1	826
0	49
1	83
1	618
1	961
1	445
0	288
1	770
0	303
1	22
0	570
1	848
1	826
0	49
1	83
1	618
1	961
1	445
0	288
1	770
0	303
1	22
0	570
1	848
1	826
0	49
1	83
1	618
1	961
1	445
0	288
1	770
0	303
1	22
0	570
1	848
1	826
1	846
1	242
1	311
1	311
1	335
1	218
1	311
1	335
1	218
1	953
1	311
1	335
1	218
1	953
1	27
1	311
1	335
1	218
1	953
1	27
1	720
1	311
1	335
1	218
1	953
1	27
1	720
1	311
1	335
1	218
1	953
1	27
1	720
1	311
1	335
1	218
1	953
1	27
1	720
1	434
1	785
1	316
0	32
1	329
1	781
1	814
1	814
0	838
0	265
0	762
1	814
0	838
0	265
0	762
1	23
0	260
1	53
1	70
1	814
0	838
0	265
0	762
1	23
0	260
1	53
1	70
1	910
1	176
1	884
1	814
0	838
0	265
0	762
1	23
0	260
1	53
1	70
1	910
1	176
1	814
0	838
0	265
0	762
1	23
0	260
1	53
1	70
1	910
1	814
0	838
0	265
0	762
1	23
0	260
1	53
1	70
1	910
1	176
1	884
1	814
0	838
0	265
0	762
1	23
0	260
1	53
1	70
1	910
1	176
1	884
1	743
1	202
1	512
1	493
1	493
1	637
1	66
1	493
1	637
1	66
1	179
1	493
1	637
1	66
1	179
1	346
1	493
1	637
1	66
1	179
1	346
1	551
1	493
1	637
1	66
1	179
1	346
1	551
1	493
1	637
1	66
1	179
1	346
1	551
1	493
1	637
1	66
1	179
1	346
1	551
1	735
1	178
0	887
0	822
0	498
1	959
1	312
1	442
1	605
1	612
1	612
1	2
1	250
1	612
1	2
1	250
1	377
1	612
1	2
1	250
1	377
1	489
1	612
1	2
1	250
1	377
1	489
1	541
1	612
1	2
1	250
1	377
1	489
1	541
1	612
1	2
1	250
1	377
1	489
1	541
1	612
1	2
1	250
1	377
1	489
1	541
0	117
1	867
0	147
1	415
1	131
1	552
1	891
1	601
1	601
1	409
0	922
1	535
1	601
1	409
0	922
1	535
0	611
1	401
1	59
1	263
1	601
1	409
0	922
1	535
0	611
1	401
1	59
1	601
1	409
0	922
1	535
0	611
1	401
1	59
1	263
1	601
1	409
0	922
1	535
0	611
1	401
1	59
1	263
1	601
1	409
0	922
1	535
0	611
1	401
1	59
1	263
1	601
1	409
0	922
1	535
0	611
1	401
1	59
1	263
0	127
1	313
1	58
1	90
0	13
1	981
0	872
1	561
1	736
0	518
1	463
1	663
1	797
1	797
0	664
1	644
1	222
1	797
0	664
1	644
1	222
1	997
1	797
0	664
1	644
1	222
1	997
1	93
1	797
0	664
1	644
1	222
1	997
1	93
1	194
1	797
0	664
1	644
1	222
1	997
1	93
1	194
1	797
0	664
1	644
1	222
1	997
1	93
1	194
1	360
1	797
0	664
1	644
1	222
1	997
1	93
1	194
1	360
1	196
1	735
1	395
0	898
0	584
0	140
1	148
1	138
1	204
1	562
1	608
1	595
1	595
0	314
1	850
0	33
1	863
1	605
1	595
0	314
1	850
0	33
1	863
1	605
1	595
0	314
1	850
0	33
1	863
1	605
1	13
1	595
0	314
1	850
0	33
1	863
1	605
1	13
0	751
1	883
1	582
1	595
0	314
1	850
0	33
1	863
1	605
1	13
0	751
1	883
1	582
1	595
0	314
1	850
0	33
1	863
1	605
1	13
0	751
1	883
1	582
1	595
0	314
1	850
0	33
1	863
1	605
1	13
0	751
1	883
1	582
1	134
1	761
1	998
0	40
0	537
0	919
0	30
1	924
0	716
0	218
0	654
1	400
1	602
1	222
0	203
0	240
0	513
0	448
1	596
0	657
0	400
0	369
0	109
0	350
0	790
0	509
1	493
0	222
1	747
1	709
1	908
0	254
1	118
1	989
0	417
1	601
1	858
1	897
0	593
0	148
1	189
0	980
0	528
0	6
0	570
0	141
0	894
1	14
1	65
0	454
1	816
0	279
1	244
1	360
0	459
0	174
0	753
1	112
1	590
1	234
1	693
1	156
0	432
1	9
1	67
1	828
1	136
1	526
1	949
1	241
1	23
0	902
0	674
0	292
0	667
0	303
0	527
0	494
0	453
0	766
0	542
0	563
0	743
1	928
0	514
0	367
0	90
1	141
0	865
0	375
0	998
1	526
0	994
0	653
1	556
1	149
1	374
0	54
1	884
1	267
1	637
1	231
0	647
1	450
1	436
1	926
1	837
1	367
1	772
1	472
0	85
1	573
0	973
1	100
1	929
1	462
0	187
0	647
1	228
1	413
0	984
0	752
1	539
1	104
0	892
1	773
1	938
1	914
1	133
1	144
0	906
1	220
0	426
1	754
0	409
1	708
0	674
1	53
0	986
1	597
1	32
1	84
0	896
1	84
1	567
1	843
1	494
1	492
1	544
0	825
1	431
0	447
1	907
1	630
1	143
1	607
1	86
0	43
1	694
1	157
1	528
1	973
1	403
0	772
1	193
1	340
0	782
0	13
1	171
1	934
1	12
1	912
1	71
0	392
0	306
0	519
0	707
0	491
0	575
1	664
0	996
0	113
1	990
1	346
0	382
0	318
0	248
1	652
1	440
1	626
1	163
1	19
1	62
0	932
1	421
1	127
1	908
1	265
0	426
1	280
1	296
0	970
1	484
1	171
1	703
0	246
0	449
0	327
0	308
0	384
0	478
0	921
0	98
1	407
0	603
0	883
0	14
0	361
0	16
0	549
1	597
0	322
0	171
1	560
1	264
1	112
0	453
1	575
0	469
1	315
1	593
0	88
0	533
1	693
1	849
1	939
1	960
1	502
1	823
1	682
1	612
0	874
0	308
1	296
1	623
1	574
1	697
1	781
1	701
1	77
1	998
1	895
1	155
1	761
1	504
0	794
0	622
1	536
1	143
0	627
1	242
0	554
1	41
1	661
1	466
1	682
1	103
0	943
1	407
1	193
1	983
1	735
0	293
0	614
0	458
1	826
0	151
1	645
1	831
1	285
1	421
1	462
1	665
1	925
1	249
1	361
1	985
1	450
0	699
1	574
1	923
0	515
0	64
1	906
0	967
1	345
0	455
0	798
0	625
1	773
0	266
0	142
0	733
1	517
0	867
1	985
0	531
0	280
1	894
1	639
1	97
1	66
0	259
1	555
0	167
1	401
0	310
0	962
0	175
0	380
0	607
0	368
0	47
0	604
0	451
0	399
1	769
1	269
0	112
1	169
1	549
1	400
1	929
0	683
1	793
0	262
1	280
1	567
1	147
0	420
0	560
1	448
1	983
1	901
1	210
0	529
1	476
1	495
1	42
0	523
0	935
1	614
1	917
1	669
0	312
0	243
1	653
1	293
1	707
1	734
0	806
1	872
1	205
0	141
1	392
1	571
0	399
0	589
0	2
0	125
1	391
0	543
1	261
1	183
1	551
1	157
1	53
0	631
1	391
1	845
0	735
0	952
0	147
1	226
0	988
0	163
1	196
0	322
0	361
1	211
1	476
1	680
1	578
0	806
0	788
0	18
1	359
0	750
1	187
0	131
0	324
1	66
1	33
0	68
0	15
1	60
1	55
1	19
0	64
1	80
0	37
0	24
0	62
0	11
0	24
1	30
0	34
0	9
0	64
0	36
0	19
0	30
0	9
1	40
0	18
0	10
1	57
0	58
1	67
0	65
1	14
0	54
1	73
1	15
0	59
1	79
0	33
1	26
1	45
1	53
1	71
0	24
0	43
0	17
0	29
0	64
1	81
0	76
0	80
1	37
0	28
0	61
0	6
0	22
0	30
0	13
1	45
1	8
1	11
1	70
0	2
1	18
1	69
1	29
0	26
0	31
0	32
1	61
1	62
1	81
0	26
1	55
1	22
1	30
0	80
0	0
0	33
1	34
0	71
0	27
0	14
0	63
1	43
1	15
0	5
0	64
0	47
1	4
0	81
0	46
0	26
0	55
0	30
1	34
1	24
1	61
1	37
1	30
0	59
0	73
1	58
1	22
0	11
1	23
0	14
1	13
1	25
0	70
1	48
1	42
1	47
0	26
1	16
1	43
0	59
0	42
0	22
0	80
1	53
0	35
0	73
0	69
1	39
1	5
0	62
1	75
1	58
1	56
1	2
0	45
0	50
0	72
1	48
0	6
1	1
1	77
1	141
1	103
1	76
1	31
1	116
0	89
0	66
0	39
1	120
0	16
0	127
0	144
0	157
1	23
0	63
0	118
0	20
0	161
0	145
0	69
0	143
0	113
0	47
0	17
0	48
0	121
0	37
1	85
1	80
1	125
0	138
1	145
1	156
1	120
1	155
1	80
1	8
0	52
0	32
1	33
0	44
0	39
0	50
1	70
1	65
0	61
0	60
0	2
0	20
1	65
1	12
1	64
0	58
0	27
0	3
0	50
0	34
0	33
1	17
0	70
1	53
1	50
0	72
0	16
1	60
1	40
0	35
0	61
0	23
0	73
0	38
0	53
1	18
1	56
1	1
1	84
0	11
1	86
1	76
0	15
0	81
0	40
0	12
0	96
1	51
0	20
0	94
0	95
0	8
1	72
0	76
0	77
1	72
0	76
0	77
1	72
0	76
0	77
1	76
1	25
1	76
1	25
1	76
1	25
0	91
0	67
0	91
0	67
0	91
0	67
1	85
1	51
1	85
1	51
1	85
1	51
1	82
1	11
1	82
1	11
1	82
1	11
0	6
0	6
0	58
0	6
0	58
0	6
0	58
1	45
0	81
0	95
0	57
0	6
0	58
1	45
0	81
0	95
0	57
1	16
1	16
1	82
1	16
1	82
1	16
1	82
1	63
1	16
1	82
1	63
0	62
0	62
0	26
0	62
0	26
0	62
0	26
1	58
0	93
0	62
0	26
1	58
0	93
0	45
1	53
1	53
1	68
1	53
1	68
1	53
1	68
1	17
1	53
1	68
1	17
1	16
1	16
0	61
0	88
1	52
1	16
0	61
0	88
1	52
0	62
0	65
1	16
0	61
0	88
1	52
0	62
0	65
0	12
0	43
1	92
0	48
0	15
1	16
0	61
0	88
1	52
0	62
0	65
0	12
0	43
1	92
0	48
1	86
1	4
0	36
0	37
0	8
0	51
0	50
0	83
0	64
0	81
0	85
1	21
0	30
1	33
1	91
0	3
0	81
0	11
0	98
0	40
0	35
1	24
0	86
1	96
1	82
0	62
0	36
0	43
0	57
1	81
1	72
1	20
1	58
1	31
1	99
0	23
1	41
0	32
0	39
0	64
1	23
1	95
1	32
1	15
1	15
0	78
0	43
0	56
0	16
0	42
1	15
0	78
0	43
0	56
0	16
0	42
0	57
0	11
1	15
0	78
0	43
0	56
0	16
0	42
0	57
0	11
1	99
0	83
0	48
1	36
0	94
0	27
0	45
0	9
0	9
1	43
1	4
1	55
1	90
1	14
0	9
1	43
1	4
1	55
1	90
1	14
1	75
1	8
0	9
1	43
1	4
1	55
1	90
1	14
1	75
1	8
0	78
1	36
1	23
1	25
0	9
1	43
1	4
1	55
1	90
1	14
1	75
1	8
0	78
1	36
0	9
1	43
1	4
1	55
1	90
1	14
1	75
1	8
0	78
1	36
1	23
1	25
1	56
0	9
0	9
0	43
1	98
0	70
0	96
1	55
0	99
0	91
1	50
0	0
0	94
1	14
0	2
1	49
0	28
1	4
0	53
0	72
0	9
0	43
1	98
0	70
0	96
1	55
0	99
0	91
0	9
0	43
1	98
0	70
0	96
1	55
0	99
0	91
1	50
1	2
1	2
0	70
1	94
1	0
1	12
1	39
1	33
1	2
0	70
1	94
1	0
1	12
1	39
1	33
1	2
0	70
1	94
1	0
1	12
1	39
1	33
0	42
0	19
1	5
1	77
0	7
0	93
0	86
0	98
1	6
1	90
1	66
1	35
0	4
1	89
1	52
1	95
1	21
0	58
1	78
1	91
1	2
0	70
1	94
1	0
1	12
1	39
1	33
0	42
0	19
1	5
1	77
0	7
0	93
0	86
0	98
1	6
1	90
1	66
1	35
0	4
1	89
1	52
1	95
1	21
0	58
1	78
1	2
0	70
1	94
1	0
1	12
1	39
1	33
0	42
0	19
1	5
1	77
0	7
0	93
0	86
0	98
1	6
1	90
1	66
1	35
0	4
1	89
1	52
1	95
1	21
0	58
1	78
1	91
1	9
1	83
1	13
1	13
0	64
1	32
0	37
0	66
1	7
1	13
0	64
1	32
0	37
0	66
1	7
1	87
0	71
0	36
0	11
1	30
0	29
0	47
1	13
0	64
1	32
0	37
0	66
1	7
1	87
0	71
0	36
0	11
1	30
0	29
0	47
1	68
0	22
1	94
1	2
1	76
1	48
0	91
0	69
1	20
0	90
1	74
0	42
0	78
1	98
0	12
0	73
0	85
0	4
0	28
0	18
1	13
0	64
1	32
0	37
0	66
1	7
1	87
0	71
0	36
0	11
1	30
0	29
0	47
1	68
0	22
1	94
1	2
1	76
1	48
0	91
0	69
1	20
0	90
1	74
0	42
0	78
1	98
0	12
0	73
0	85
0	4
0	28
1	13
0	64
1	32
0	37
0	66
1	7
1	87
0	71
0	36
0	11
1	30
0	29
0	47
1	68
0	22
1	94
1	2
1	76
1	48
0	91
0	69
1	20
0	90
1	74
0	42
0	78
1	98
0	12
0	73
0	85
0	4
0	28
0	18
1	24
0	9
1	54
0	35
0	38
1	89
0	86
1	81
0	6
0	14
0	52
0	60
0	96
1	21
0	41
0	44
0	31
0	65
0	80
0	80
0	61
1	50
0	24
0	79
0	78
0	80
0	61
1	50
0	24
0	79
0	78
0	62
0	80
0	61
1	50
0	24
0	79
0	78
0	62
0	54
0	22
1	10
0	19
1	88
0	67
0	15
0	26
0	86
1	76
0	72
0	17
0	80
0	61
1	50
0	24
0	79
0	78
0	62
0	54
0	22
1	10
0	19
1	88
0	67
0	15
0	26
0	86
1	76
0	72
0	17
0	36
0	80
0	61
1	50
0	24
0	79
0	78
0	62
0	54
0	22
1	10
0	19
1	88
0	67
0	40
0	40
0	23
0	90
0	7
0	35
0	40
0	23
0	90
0	7
0	35
1	32
0	48
0	40
0	23
0	90
0	7
0	35
1	32
0	48
0	36
0	29
0	2
0	40
0	23
0	90
0	7
0	35
1	32
0	48
0	36
0	29
0	2
0	40
0	23
0	90
0	7
0	35
1	32
0	48
0	36
0	29
0	2
0	98
0	12
1	13
1	13
1	27
0	56
0	82
0	42
0	49
1	19
0	69
0	86
1	13
1	27
0	56
0	82
0	42
0	49
1	19
0	69
0	86
1	47
0	79
1	5
0	74
1	85
1	31
0	0
1	34
1	67
1	78
1	13
1	27
0	56
0	82
0	42
0	49
1	19
0	69
0	86
1	47
0	79
1	5
0	74
1	85
1	31
0	0
1	34
1	67
1	78
1	61
1	92
1	30
1	8
0	81
1	59
1	55
0	20
1	72
1	7
1	13
1	27
0	56
0	82
0	42
0	49
1	19
0	69
0	86
1	47
0	79
1	5
0	74
1	85
1	31
0	0
1	34
1	67
1	78
1	13
1	27
0	56
0	82
0	42
0	49
1	19
0	69
0	86
1	47
0	79
1	5
0	74
1	85
1	31
0	0
1	34
1	67
1	78
1	61
1	92
1	30
1	8
0	81
1	59
1	55
1	40
0	30
0	15
1	8
0	0
0	23
0	80
1	0
0	95
0	53
0	76
0	38
0	68
0	78
0	33
0	8
0	61
0	51
0	56
1	86
0	31
1	79
0	46
1	45
0	2
1	80
0	42
0	73
1	55
1	43
1	27
0	7
1	4
1	30
1	51
1	37
0	30
0	41
0	89
0	44
0	19
1	80
1	85
1	14
1	11
1	32
0	3
1	25
1	20
1	39
0	31
0	27
0	73
1	23
1	30
1	24
1	83
0	72
1	14
0	19
1	57
1	82
1	50
0	42
1	37
1	15
1	89
0	53
1	77
1	29
1	88
0	21
0	68
0	38
1	11
0	75
1	4
0	29
0	45
0	70
0	82
1	31
0	90
0	46
0	80
1	78
0	73
0	15
0	59
0	48
0	44
1	2
0	82
1	85
0	45
0	5
0	29
1	96
1	3
1	65
0	72
1	38
1	68
1	29
1	4
1	10
0	71
1	48
0	32
1	44
1	78
1	61
1	62
0	50
1	55
1	76
1	30
0	75
0	90
1	93
0	62
0	35
1	18
0	78
1	85
0	87
0	21
0	17
0	75
0	90
1	93
0	62
0	35
1	18
0	78
1	85
0	87
0	21
0	17
0	41
0	75
0	90
1	93
0	62
0	35
1	18
0	78
1	85
0	87
0	21
0	75
0	90
1	93
0	62
0	35
1	18
0	78
1	85
0	87
0	21
0	61
1	44
0	23
0	70
1	26
0	17
1	49
1	98
0	43
0	48
0	87
0	29
0	69
0	62
0	58
0	16
0	82
0	98
0	99
1	81
0	78
0	69
1	21
1	41
1	47
0	30
1	17
1	87
0	96
0	10
0	58
0	31
0	77
