0	481
0	481
0	606
0	706
0	1
0	1
0	193
0	1
0	193
0	348
1	950
0	673
0	160
0	930
1	263
1	263
1	463
0	315
0	205
0	455
1	82
1	82
0	488
1	998
1	798
1	82
0	488
1	998
1	798
1	711
1	82
0	488
1	998
1	798
1	711
1	28
1	82
0	488
1	998
1	798
1	711
1	28
1	819
1	82
0	488
1	998
1	798
1	711
1	28
1	819
1	82
0	488
1	998
1	798
1	711
1	28
1	819
1	36
1	82
0	488
1	998
1	798
1	711
1	28
1	819
1	36
1	581
1	758
0	586
1	22
0	926
1	529
1	276
1	390
1	390
1	76
1	363
1	390
1	76
1	363
1	938
1	390
1	76
1	363
1	938
0	550
1	778
1	390
1	76
1	363
1	938
0	550
1	778
0	120
1	630
1	204
1	533
1	390
1	76
1	363
1	938
0	550
1	778
0	120
1	630
1	204
1	390
1	76
1	363
1	938
0	550
1	778
0	120
1	630
1	204
1	390
1	76
1	363
1	938
0	550
1	778
0	120
1	630
1	204
1	533
1	81
0	117
1	779
1	318
1	200
1	200
1	786
1	802
1	200
1	786
1	802
0	373
1	538
1	200
1	786
1	802
0	373
1	538
0	933
0	420
1	433
1	248
1	124
0	466
0	254
1	386
0	322
1	566
1	301
0	978
1	622
1	200
1	786
1	802
0	373
1	538
0	933
0	420
1	433
1	248
1	124
1	200
1	786
1	802
0	373
1	538
0	933
0	420
1	433
1	248
1	124
1	200
1	786
1	802
0	373
1	538
0	933
0	420
1	433
1	248
1	124
0	466
0	254
1	386
0	322
1	566
1	301
1	200
1	786
1	802
0	373
1	538
0	933
0	420
1	433
1	248
1	124
0	466
0	254
1	386
0	322
1	566
1	301
0	978
1	622
1	103
1	170
1	4
1	138
1	138
0	553
1	649
0	879
0	728
1	138
0	553
1	649
0	879
0	728
0	416
1	138
0	553
1	649
0	879
0	728
0	416
1	992
1	273
1	54
1	679
1	138
0	553
1	649
0	879
0	728
0	416
1	992
1	273
1	54
1	138
0	553
1	649
0	879
0	728
0	416
1	992
1	273
1	54
1	138
0	553
1	649
0	879
0	728
0	416
1	992
1	273
1	54
1	138
0	553
1	649
0	879
0	728
0	416
1	992
1	273
1	54
1	679
0	375
1	132
1	270
1	720
1	901
1	176
1	818
1	818
1	580
0	627
1	251
1	818
1	580
0	627
1	251
1	134
1	818
1	580
0	627
1	251
1	134
0	953
1	877
1	295
1	845
1	818
1	580
0	627
1	251
1	134
0	953
1	877
1	295
1	818
1	580
0	627
1	251
1	134
0	953
1	877
1	295
1	818
1	580
0	627
1	251
1	134
0	953
1	877
1	295
1	818
1	580
0	627
1	251
1	134
0	953
1	877
1	295
1	845
1	153
1	173
0	736
1	636
1	802
1	480
1	762
1	762
1	572
1	381
1	762
1	572
1	381
1	629
1	762
1	572
1	381
1	629
0	32
0	45
1	619
0	325
1	894
1	732
1	762
1	572
1	381
1	629
0	32
0	45
1	619
0	325
1	894
1	732
1	762
1	572
1	381
1	629
0	32
0	45
1	619
0	325
1	894
1	732
1	762
1	572
1	381
1	629
0	32
0	45
1	619
0	325
1	894
1	732
1	762
1	572
1	381
1	629
0	32
0	45
1	619
0	325
1	894
1	732
1	41
1	882
1	814
1	606
0	5
0	5
0	968
1	961
1	298
1	815
0	5
0	968
1	961
1	298
1	815
1	528
0	5
0	968
1	961
1	298
1	815
1	528
1	53
0	5
0	968
1	961
1	298
1	815
1	528
1	53
1	725
0	5
0	968
1	961
1	298
1	815
1	528
1	53
1	725
0	5
0	968
1	961
1	298
1	815
1	528
1	53
1	725
0	5
0	968
1	961
1	298
1	815
1	528
1	53
1	725
0	631
0	760
0	54
1	240
0	170
1	642
1	945
1	844
1	960
0	698
0	698
1	18
1	312
1	827
0	698
1	18
1	312
1	827
1	185
0	698
1	18
1	312
1	827
1	185
1	149
0	698
1	18
1	312
1	827
1	185
1	149
1	452
0	698
1	18
1	312
1	827
1	185
1	149
1	452
0	698
1	18
1	312
1	827
1	185
1	149
1	452
1	551
0	698
1	18
1	312
1	827
1	185
1	149
1	452
1	551
1	648
0	429
1	654
1	513
0	3
1	236
1	843
1	289
1	289
1	283
0	631
0	780
1	23
1	305
1	289
1	283
0	631
0	780
1	23
1	305
1	289
1	283
0	631
0	780
1	23
1	305
1	106
1	289
1	283
0	631
0	780
1	23
1	305
1	106
0	676
1	969
1	289
1	283
0	631
0	780
1	23
1	305
1	106
0	676
1	969
1	133
1	289
1	283
0	631
0	780
1	23
1	305
1	106
0	676
1	969
1	133
1	289
1	283
0	631
0	780
1	23
1	305
1	106
0	676
1	969
1	133
1	67
1	398
0	898
1	540
1	132
1	25
1	25
0	287
1	276
0	481
1	360
1	724
1	25
0	287
1	276
0	481
1	360
1	724
1	25
0	287
1	276
0	481
1	360
1	724
1	957
1	25
0	287
1	276
0	481
1	360
1	724
1	957
1	77
1	25
0	287
1	276
0	481
1	360
1	724
1	957
1	77
1	25
0	287
1	276
0	481
1	360
1	724
1	957
1	77
1	25
0	287
1	276
0	481
1	360
1	724
1	957
1	77
1	119
1	641
0	402
0	507
1	55
0	887
1	614
0	796
0	810
1	717
1	533
0	611
1	268
1	996
1	153
0	779
1	441
0	770
1	483
1	800
1	420
1	334
0	52
1	43
0	756
1	959
1	187
1	999
1	610
0	892
1	583
0	728
1	23
0	198
1	48
0	244
1	651
0	688
0	754
1	741
1	971
1	715
0	737
1	767
1	351
1	475
1	755
1	395
1	248
0	622
1	54
0	931
0	919
0	609
0	299
0	645
1	28
1	256
1	189
0	621
1	625
1	43
0	162
0	571
1	976
1	35
0	7
1	46
0	692
1	77
1	312
1	399
1	117
0	716
0	281
0	822
0	6
0	794
1	707
0	654
0	506
0	247
1	24
0	105
1	460
1	914
1	728
1	552
0	575
1	972
1	33
1	809
1	522
1	592
1	32
1	805
1	709
1	627
0	387
1	333
1	563
0	285
1	565
0	38
0	929
1	557
1	18
1	347
0	534
1	111
1	991
1	346
1	254
0	635
0	211
1	330
0	837
1	880
1	163
1	880
1	665
0	297
1	235
1	42
0	333
1	260
1	441
0	633
0	274
1	627
0	277
0	548
0	103
1	269
1	384
1	244
1	845
1	419
1	590
1	139
0	13
0	248
1	295
1	450
1	981
1	823
1	735
1	805
1	298
0	714
0	536
1	48
1	41
1	147
0	794
1	85
1	452
1	425
0	29
1	480
1	710
1	288
1	651
0	85
1	448
1	862
0	181
0	108
0	610
1	323
1	6
1	941
1	44
1	603
1	319
0	893
1	637
1	542
0	793
0	789
1	863
1	464
1	185
1	530
1	768
0	581
1	297
1	958
0	816
1	623
0	455
1	86
1	951
1	14
1	318
0	823
1	465
1	416
1	798
1	294
1	925
1	152
0	119
1	849
1	628
0	607
0	562
0	101
0	124
1	933
0	879
1	328
1	288
1	811
0	901
0	616
1	564
1	509
0	961
1	430
0	488
0	525
0	893
1	764
0	748
1	564
0	75
0	545
0	239
0	714
1	415
0	40
0	26
1	342
1	430
1	848
0	639
1	777
1	27
0	578
1	938
1	940
1	878
1	292
1	883
0	738
1	620
1	179
0	585
1	184
1	333
0	517
1	989
0	479
1	356
1	410
1	247
1	161
1	572
0	491
0	152
0	28
0	447
1	681
0	443
0	807
0	849
0	204
0	155
0	360
0	334
1	798
1	844
0	17
0	592
1	806
0	137
1	636
1	429
0	430
1	330
1	290
0	554
0	375
1	638
0	500
0	970
0	766
1	350
1	205
1	70
0	584
1	724
1	973
1	558
0	963
0	530
0	598
0	156
1	411
1	382
1	379
1	352
1	479
0	57
1	25
0	347
1	563
0	964
1	95
1	311
1	469
1	513
1	856
0	521
1	106
1	657
1	370
1	892
0	302
0	108
1	415
1	970
1	573
1	252
1	929
0	862
1	779
1	976
1	95
1	406
1	217
0	487
0	191
0	56
1	559
1	724
1	465
1	728
0	303
1	625
0	2
0	36
1	731
1	169
1	942
1	807
1	552
1	585
1	899
0	866
1	835
1	942
1	859
1	482
1	848
0	506
0	141
0	76
1	924
1	289
1	449
0	225
1	111
1	826
0	775
1	267
0	406
0	780
0	136
0	619
0	844
1	989
0	445
1	539
1	549
1	288
0	111
1	433
1	125
1	441
0	839
0	733
0	9
0	890
0	664
1	57
0	874
0	978
0	230
0	113
0	485
0	722
0	681
1	633
0	903
0	121
1	318
0	581
0	614
0	398
1	871
1	317
1	694
1	788
1	882
1	424
1	956
1	167
1	796
1	836
0	269
1	485
1	853
1	258
0	91
1	645
1	778
1	987
1	301
1	980
1	512
1	20
0	608
0	127
0	179
1	675
0	410
1	558
1	180
1	197
0	677
0	681
0	27
1	62
1	156
0	228
0	246
0	435
1	836
1	940
1	141
0	786
0	998
0	588
0	959
0	385
0	80
0	73
0	67
1	4
0	75
1	70
0	77
0	20
1	78
0	60
1	50
1	1
1	27
1	48
0	76
1	37
1	13
0	82
0	53
0	51
0	78
0	65
1	46
0	15
1	17
0	24
1	49
0	14
1	70
1	71
0	20
0	60
0	18
0	19
1	1
1	56
1	54
0	59
0	40
1	3
1	9
0	25
1	62
1	35
1	47
1	50
1	57
1	21
1	64
1	0
0	19
1	51
0	14
1	61
1	1
1	80
1	79
0	3
0	13
1	77
1	52
0	40
1	48
1	37
1	43
1	47
0	19
0	53
0	24
1	22
1	35
0	42
1	4
1	43
0	73
0	21
0	82
0	29
0	60
0	8
0	70
0	81
0	32
1	13
1	31
0	48
1	59
1	36
0	29
1	63
0	7
1	15
1	19
0	40
1	28
1	66
0	60
1	17
0	36
0	21
1	30
1	76
0	69
0	3
0	81
1	15
0	48
0	1
0	19
1	80
0	53
1	20
0	74
1	57
1	7
0	64
0	41
0	38
1	46
0	61
0	42
1	17
1	7
1	55
1	48
0	19
1	78
0	4
1	39
1	59
0	60
1	71
0	43
0	66
1	52
1	34
1	15
1	74
0	74
1	2
1	24
1	47
1	57
0	25
0	75
0	53
1	29
1	26
1	56
1	32
1	35
1	59
1	60
1	58
1	74
0	82
0	35
0	61
0	3
0	7
1	45
0	121
1	111
0	38
0	116
0	133
0	22
0	36
1	127
1	7
1	92
1	157
1	15
1	92
0	22
0	3
0	50
1	150
1	89
0	83
1	10
0	124
1	15
1	107
0	121
0	148
0	158
1	146
1	4
0	153
0	55
1	35
0	37
0	111
0	21
1	109
1	86
0	36
1	57
1	82
0	56
0	46
0	71
1	31
1	54
1	23
1	10
1	23
0	11
1	30
1	28
1	46
1	24
0	73
1	16
1	59
1	23
1	29
0	25
0	45
0	52
0	72
1	38
1	19
0	60
1	10
0	47
1	49
1	60
1	28
1	39
1	30
1	56
1	2
0	32
0	26
0	47
0	74
1	14
1	98
0	99
0	31
1	86
1	72
0	17
0	80
1	7
0	44
1	36
0	92
1	44
1	52
0	92
1	44
1	52
0	92
1	44
1	52
1	96
1	27
1	96
1	27
1	96
1	27
1	0
1	51
1	0
1	51
1	0
1	51
1	84
1	96
1	84
1	96
1	84
1	96
1	34
1	71
1	34
1	71
1	34
1	71
1	7
1	7
1	95
1	7
1	95
1	7
1	95
0	31
0	23
1	56
1	3
1	7
1	95
0	31
0	23
1	56
1	3
0	54
0	54
0	85
0	54
0	85
0	54
0	85
0	83
0	54
0	85
0	83
1	84
1	84
1	1
1	84
1	1
1	84
1	1
1	63
1	84
1	1
1	63
1	69
1	69
1	45
1	69
1	45
1	69
1	45
0	80
0	15
0	41
1	0
0	93
0	44
0	9
1	69
1	45
0	80
0	15
0	41
1	0
0	93
0	44
0	9
1	61
0	5
0	10
0	10
1	44
0	5
1	77
1	24
0	29
1	0
1	43
0	97
0	92
1	38
1	18
1	62
0	10
1	44
0	5
1	77
1	24
0	29
1	0
1	43
0	97
0	92
1	38
1	18
1	62
1	76
0	10
1	44
0	5
1	77
1	24
0	29
1	0
1	43
0	97
0	92
1	38
1	18
0	10
1	44
0	5
1	77
1	24
0	29
1	0
1	43
0	97
0	92
1	38
1	18
1	62
1	76
1	81
0	80
1	24
0	75
0	39
0	77
0	5
1	77
0	81
1	82
0	52
1	87
1	24
1	4
0	76
0	69
0	7
1	77
0	28
1	69
0	93
0	1
1	18
0	59
0	3
1	92
1	10
1	43
0	85
0	26
0	83
0	20
0	11
1	71
1	34
0	70
0	24
0	61
1	52
0	8
0	29
0	4
0	73
1	95
1	17
0	65
1	53
1	67
0	83
1	77
0	78
1	44
1	50
1	14
1	14
0	82
0	91
0	7
1	60
0	72
0	3
1	14
0	82
0	91
0	7
1	60
0	72
0	3
0	46
1	14
0	82
0	91
0	7
1	60
0	72
0	3
0	46
0	61
0	8
0	42
0	19
0	23
0	23
0	25
0	26
1	56
0	13
0	90
0	23
0	25
0	26
1	56
0	13
0	90
0	96
0	34
0	23
0	25
0	26
1	56
0	13
0	90
0	96
0	34
1	1
0	81
0	55
0	6
0	23
0	25
0	26
1	56
0	13
0	90
0	96
0	34
1	1
0	81
0	55
0	23
0	25
0	26
1	56
0	13
0	90
0	96
0	34
1	1
0	81
0	55
0	6
0	22
0	22
1	83
1	26
1	71
0	11
1	58
1	28
0	22
1	83
1	26
1	71
0	11
1	58
1	28
1	21
0	22
1	83
1	26
1	71
0	11
1	58
1	28
1	21
1	45
1	19
1	19
1	38
1	27
0	35
1	21
0	46
1	66
1	69
1	44
1	19
1	38
1	27
0	35
1	21
0	46
1	66
1	69
1	19
1	38
1	27
0	35
1	21
0	46
1	66
1	69
1	44
1	26
1	81
1	19
1	38
1	27
0	35
1	21
0	46
1	66
1	69
1	44
1	26
1	81
1	97
1	19
1	38
1	27
0	35
1	21
0	46
1	66
1	69
1	44
1	26
1	81
1	97
0	92
1	34
0	88
1	16
1	41
1	18
1	36
1	36
1	5
1	53
1	69
1	9
1	36
1	5
1	53
1	69
1	9
1	0
1	36
1	5
1	53
1	69
1	9
1	0
1	45
1	10
1	87
1	36
1	5
1	53
1	69
1	9
1	0
1	45
1	10
1	87
1	36
1	5
1	53
1	69
1	9
1	0
1	45
1	10
1	87
1	16
1	14
1	14
1	0
1	85
1	66
1	49
1	14
1	0
1	85
1	66
1	49
1	44
1	14
1	0
1	85
1	66
1	49
1	44
0	73
0	61
0	15
0	68
1	56
1	16
0	32
1	69
0	57
1	33
0	42
1	40
1	54
1	53
1	99
1	14
1	0
1	85
1	66
1	49
1	44
0	73
0	61
0	15
0	68
1	56
1	16
0	32
1	69
0	57
1	33
0	42
1	40
1	54
1	53
1	99
0	60
1	95
1	63
0	77
1	25
1	55
1	83
1	51
1	36
1	14
1	0
1	85
1	66
1	49
1	44
0	73
0	61
0	15
0	68
1	56
1	16
0	32
1	69
0	57
1	33
0	42
1	40
1	54
1	53
1	99
0	60
1	95
1	63
0	77
1	25
1	55
1	83
1	51
1	2
1	2
0	24
1	42
1	16
0	55
0	71
1	49
0	75
0	76
0	99
0	46
1	2
0	24
1	42
1	16
0	55
0	71
1	49
0	75
0	76
0	99
0	46
0	47
1	78
0	86
0	92
0	83
1	2
0	24
1	42
1	16
0	55
0	71
1	49
0	75
0	76
0	99
0	46
0	47
1	78
0	86
0	92
0	83
1	2
0	24
1	42
1	16
0	55
0	71
1	49
0	75
0	76
0	99
0	46
0	47
1	78
0	86
0	92
0	83
1	2
0	24
1	42
1	16
0	55
0	71
1	49
0	75
0	76
0	99
0	46
0	47
1	78
0	86
0	92
0	83
0	95
0	89
0	89
0	7
0	75
0	59
0	91
0	89
0	7
0	75
0	59
0	91
0	9
0	89
0	7
0	75
0	59
0	91
0	9
0	86
1	45
0	37
0	62
0	10
0	89
0	7
0	75
0	59
0	91
0	9
0	86
1	45
0	37
0	62
0	89
0	7
0	75
0	59
0	91
0	9
0	86
1	45
0	37
0	62
0	10
1	25
0	6
1	51
1	17
1	15
0	99
1	59
0	81
0	72
0	85
0	43
0	51
0	17
0	96
1	47
0	75
0	43
0	0
0	48
0	27
1	94
1	12
0	31
0	75
0	77
0	86
1	12
1	83
1	45
0	0
1	55
0	87
1	43
0	2
0	60
1	27
1	6
0	57
1	37
1	73
1	62
1	65
1	87
1	75
1	41
1	71
1	83
0	95
1	62
1	96
1	97
1	69
1	12
0	60
1	44
1	23
1	4
1	89
0	99
0	52
1	90
1	7
1	92
0	37
1	57
1	84
1	19
1	95
0	54
1	24
1	20
1	52
0	7
1	90
0	95
1	83
1	99
1	32
1	58
0	2
0	35
0	56
0	10
0	40
0	47
0	79
0	93
0	14
0	89
1	54
1	68
1	60
0	34
1	76
1	92
1	17
0	44
1	53
1	62
1	47
1	87
0	13
1	26
1	3
0	39
1	20
1	4
1	40
0	13
1	26
1	3
0	39
1	20
1	4
1	40
0	13
1	26
1	3
0	39
1	20
1	4
1	40
0	13
1	26
1	3
0	39
1	20
1	4
1	40
1	93
1	91
0	67
1	63
1	54
0	7
0	66
0	24
0	11
0	39
1	79
0	28
1	63
0	46
0	83
0	44
1	43
1	27
1	3
1	87
0	79
1	10
1	50
0	51
0	55
1	67
0	23
1	15
0	32
1	95
0	21
0	5
0	59
0	37
0	14
1	69
0	35
1	34
1	38
1	16
1	22
1	80
