1	80
1	80
0	96
1	174
1	931
1	931
1	645
1	931
1	645
0	555
1	217
1	959
1	23
1	799
0	7
0	7
0	119
0	149
0	304
0	304
1	904
0	716
1	646
1	255
0	304
1	904
0	716
1	646
1	255
1	811
0	304
1	904
0	716
1	646
1	255
1	811
1	882
0	304
1	904
0	716
1	646
1	255
1	811
1	882
1	514
0	304
1	904
0	716
1	646
1	255
1	811
1	882
1	514
0	304
1	904
0	716
1	646
1	255
1	811
1	882
1	514
0	304
1	904
0	716
1	646
1	255
1	811
1	882
1	514
1	443
1	490
1	472
1	540
1	688
1	946
1	946
0	359
1	166
1	383
1	946
0	359
1	166
1	383
1	163
1	946
0	359
1	166
1	383
1	163
0	299
0	939
1	92
0	794
1	239
1	925
1	703
1	946
0	359
1	166
1	383
1	163
0	299
0	939
1	92
0	794
1	239
1	925
1	703
1	946
0	359
1	166
1	383
1	163
0	299
0	939
1	92
0	794
1	239
1	925
1	703
1	946
0	359
1	166
1	383
1	163
0	299
0	939
1	92
0	794
1	239
1	925
1	703
1	946
0	359
1	166
1	383
1	163
0	299
0	939
1	92
0	794
1	239
1	925
1	703
1	612
1	54
1	748
1	748
0	876
1	847
1	443
1	748
0	876
1	847
1	443
0	365
1	898
1	797
1	592
1	748
0	876
1	847
1	443
0	365
1	898
1	797
1	748
0	876
1	847
1	443
0	365
1	898
1	797
1	592
1	748
0	876
1	847
1	443
0	365
1	898
1	797
1	592
1	748
0	876
1	847
1	443
0	365
1	898
1	797
1	592
1	748
0	876
1	847
1	443
0	365
1	898
1	797
1	592
1	254
1	810
0	621
1	118
0	861
1	213
1	37
1	318
1	182
1	742
1	119
1	119
1	116
1	177
1	119
1	116
1	177
1	985
1	119
1	116
1	177
1	985
1	723
1	119
1	116
1	177
1	985
1	723
0	591
1	542
1	119
1	116
1	177
1	985
1	723
0	591
1	542
1	119
1	116
1	177
1	985
1	723
0	591
1	542
1	285
1	119
1	116
1	177
1	985
1	723
0	591
1	542
1	285
1	869
1	937
1	383
1	809
0	630
0	630
0	237
1	382
1	791
1	142
0	630
0	237
1	382
1	791
1	142
1	934
0	630
0	237
1	382
1	791
1	142
1	934
1	209
0	630
0	237
1	382
1	791
1	142
1	934
1	209
1	956
0	630
0	237
1	382
1	791
1	142
1	934
1	209
1	956
0	630
0	237
1	382
1	791
1	142
1	934
1	209
1	956
0	630
0	237
1	382
1	791
1	142
1	934
1	209
1	956
1	172
0	523
1	207
1	318
0	295
0	197
0	863
1	322
1	36
0	712
1	557
0	439
1	687
1	740
0	15
0	149
1	879
1	331
1	340
1	739
1	618
1	618
1	996
1	129
1	618
1	996
1	129
1	125
1	618
1	996
1	129
1	125
0	626
1	572
1	618
1	996
1	129
1	125
0	626
1	572
1	225
1	618
1	996
1	129
1	125
0	626
1	572
1	225
1	618
1	996
1	129
1	125
0	626
1	572
1	225
0	876
0	562
0	571
0	57
1	891
1	871
0	18
0	975
1	184
1	873
1	609
1	68
1	264
1	618
1	996
1	129
1	125
0	626
1	572
1	225
0	876
0	562
0	571
0	57
1	891
1	871
0	18
0	975
1	184
1	873
1	609
1	68
1	264
1	672
1	557
1	557
1	866
1	66
1	557
1	866
1	66
1	16
1	557
1	866
1	66
1	16
1	828
1	557
1	866
1	66
1	16
1	828
0	879
1	685
1	557
1	866
1	66
1	16
1	828
0	879
1	685
1	557
1	866
1	66
1	16
1	828
0	879
1	685
1	437
1	557
1	866
1	66
1	16
1	828
0	879
1	685
1	437
1	710
0	209
0	220
1	529
1	5
0	864
1	107
0	653
0	347
1	698
1	128
1	313
1	590
1	590
1	243
1	940
1	590
1	243
1	940
1	316
1	590
1	243
1	940
1	316
0	315
1	587
1	590
1	243
1	940
1	316
0	315
1	587
1	480
1	590
1	243
1	940
1	316
0	315
1	587
1	480
1	590
1	243
1	940
1	316
0	315
1	587
1	480
1	751
1	590
1	243
1	940
1	316
0	315
1	587
1	480
1	751
1	332
1	275
1	794
1	307
1	657
1	657
1	164
0	594
0	362
1	858
1	85
0	738
0	922
1	657
1	164
0	594
0	362
1	858
1	85
1	657
1	164
0	594
0	362
1	858
1	85
0	738
0	922
1	19
0	886
0	483
1	749
1	126
0	846
0	783
1	770
1	443
1	818
1	657
1	164
0	594
0	362
1	858
1	85
0	738
0	922
1	19
0	886
0	483
1	749
1	126
0	846
0	783
1	770
1	443
1	818
1	286
1	657
1	164
0	594
0	362
1	858
1	85
0	738
0	922
1	19
0	886
0	483
1	749
1	126
0	846
0	783
1	770
1	443
1	818
1	286
1	657
1	164
0	594
0	362
1	858
1	85
0	738
0	922
1	19
0	886
0	483
1	749
1	126
0	846
0	783
1	770
1	443
1	818
1	286
0	405
1	182
1	779
1	657
1	164
0	594
0	362
1	858
1	85
0	738
0	922
1	19
0	886
0	483
1	749
1	126
0	846
0	783
1	770
1	443
1	818
1	286
0	405
1	182
1	779
0	813
0	813
1	595
1	404
1	828
0	813
1	595
1	404
1	828
0	280
1	591
0	336
1	286
1	685
1	283
0	813
1	595
1	404
1	828
0	280
1	591
0	336
1	286
1	685
0	813
1	595
1	404
1	828
0	280
1	591
0	336
1	286
1	685
1	283
1	49
0	813
1	595
1	404
1	828
0	280
1	591
0	336
1	286
1	685
1	283
1	49
0	813
1	595
1	404
1	828
0	280
1	591
0	336
1	286
1	685
1	283
1	49
0	813
1	595
1	404
1	828
0	280
1	591
0	336
1	286
1	685
1	283
1	49
1	853
1	141
0	494
1	483
1	296
0	799
0	485
0	1
1	227
0	665
0	360
1	429
0	191
0	605
1	493
1	615
0	231
0	171
0	728
0	213
1	101
0	362
1	649
0	382
1	542
0	902
0	746
1	239
0	567
0	244
0	577
1	509
1	669
0	504
0	670
0	442
1	871
1	904
1	855
0	214
0	808
1	654
0	351
0	953
1	234
0	550
1	446
1	592
0	410
0	704
1	5
1	924
1	388
1	330
0	722
1	300
0	459
1	696
0	688
0	392
1	581
1	74
1	717
1	391
0	678
1	323
1	296
0	897
1	935
1	75
1	159
1	852
0	736
1	163
1	589
0	755
1	845
1	609
1	559
1	471
0	630
0	433
1	574
1	423
0	133
0	42
0	149
0	253
1	642
1	214
0	607
0	895
1	294
0	958
0	170
1	217
0	408
1	856
0	537
1	458
0	355
0	975
1	567
0	970
0	902
0	482
1	483
1	879
1	55
1	36
1	798
1	533
0	502
0	636
0	27
0	680
0	391
0	588
1	629
1	315
1	285
1	819
1	215
0	355
0	474
0	702
0	569
0	971
1	490
1	689
1	192
1	537
1	358
1	114
0	480
0	59
0	299
0	993
1	99
1	241
1	208
1	691
1	891
1	16
0	326
1	587
0	695
1	500
1	801
1	559
1	467
1	737
1	898
0	548
1	80
1	748
0	326
1	630
1	587
0	395
1	91
1	549
0	491
1	135
1	957
1	435
1	35
1	859
1	989
1	845
1	325
1	743
1	568
0	602
0	376
0	575
0	245
0	529
1	628
0	141
0	864
1	762
0	369
1	585
1	630
0	815
1	811
0	435
0	619
0	443
0	392
0	784
0	749
0	417
1	523
0	965
0	255
0	385
1	966
0	854
0	743
0	620
0	735
1	714
1	845
0	435
0	202
0	934
0	580
1	351
1	464
1	518
1	37
1	388
0	425
0	728
0	242
0	123
1	909
0	251
1	730
1	142
1	516
0	566
1	167
0	460
1	227
1	495
0	791
1	408
1	851
1	11
0	433
1	353
1	407
1	733
1	854
0	786
1	643
1	220
0	886
0	310
0	375
0	499
1	621
0	362
1	411
0	454
1	24
1	894
1	829
1	921
1	338
1	675
0	858
1	878
1	435
1	507
0	246
0	978
0	719
1	55
1	369
1	821
0	74
0	837
1	613
1	268
1	702
1	679
0	203
1	423
0	138
0	869
0	593
1	75
0	100
1	851
1	27
0	804
0	733
0	112
1	920
0	360
0	520
1	308
0	536
1	864
0	550
1	297
1	29
1	194
0	200
1	494
0	344
1	236
1	8
0	884
0	990
0	678
1	638
1	743
1	379
1	672
1	528
0	761
1	530
1	985
1	718
1	967
1	896
0	80
1	41
1	646
1	553
1	656
0	163
1	257
0	928
0	946
1	38
1	460
1	879
0	215
1	593
1	137
1	223
1	72
1	210
1	508
0	562
0	174
1	333
0	754
0	490
1	457
0	621
1	164
0	909
1	1
1	244
1	651
0	668
1	733
0	471
1	345
1	214
1	268
1	292
1	802
1	323
1	205
1	280
0	308
0	158
0	999
0	737
0	752
0	909
0	641
0	780
1	681
0	604
0	63
1	787
1	12
0	212
0	342
0	154
1	651
1	982
1	751
1	862
1	896
1	608
1	119
1	468
1	304
1	116
0	898
0	745
0	904
0	621
0	729
0	565
0	603
0	442
0	246
0	347
1	166
1	44
1	228
1	855
1	171
1	55
1	624
0	518
1	304
1	958
1	163
1	261
0	15
1	42
0	67
0	2
0	62
1	41
1	23
1	24
0	14
1	37
1	4
1	18
1	64
0	33
0	27
0	59
0	11
0	24
0	1
0	40
1	12
0	59
1	22
1	49
1	11
1	45
1	25
1	52
0	2
0	51
0	52
0	80
1	7
1	20
0	26
1	76
0	31
1	12
0	54
0	37
0	29
0	73
0	45
1	23
1	59
0	10
0	49
0	66
1	20
1	52
0	76
0	50
1	0
0	36
0	80
1	49
0	32
1	48
1	45
0	29
1	6
1	9
0	35
0	55
1	41
1	11
1	78
0	10
1	5
0	45
1	32
1	42
1	29
1	35
1	10
0	51
1	72
0	42
1	79
1	25
1	1
0	42
1	81
0	65
1	75
0	37
1	25
0	61
1	41
0	46
1	0
1	69
1	54
1	63
1	16
0	52
0	82
0	54
1	20
0	56
0	42
0	15
0	8
0	73
0	34
1	72
0	57
1	80
1	70
0	75
0	56
0	66
1	130
1	86
1	4
1	123
0	116
0	142
0	159
0	3
0	76
0	8
0	144
1	41
0	13
0	69
0	99
0	147
0	116
0	4
1	142
0	76
0	22
1	73
1	63
0	52
1	0
0	105
0	120
0	47
0	61
0	70
0	30
1	53
1	71
1	95
1	94
1	82
0	45
0	15
0	41
0	74
0	10
1	32
0	81
1	21
0	59
1	44
1	38
1	75
1	69
1	75
1	69
1	75
1	69
1	77
1	2
1	77
1	2
1	77
1	2
0	8
0	87
0	8
0	87
0	8
0	87
0	25
0	52
0	25
0	52
0	25
0	52
0	85
0	21
0	85
0	21
0	85
0	21
0	70
0	70
0	95
0	70
0	95
0	70
0	95
0	40
0	70
0	95
0	40
1	68
1	68
1	79
1	68
1	79
1	68
1	79
1	42
1	68
1	79
1	42
0	59
0	59
0	86
0	59
0	86
0	59
0	86
0	51
0	59
0	86
0	51
0	47
0	47
0	83
0	47
0	83
0	47
0	83
1	36
1	84
1	30
0	82
1	95
0	47
0	83
1	36
1	84
1	30
0	82
1	95
0	60
0	13
1	32
1	50
0	20
1	19
1	3
1	27
0	23
1	4
1	48
0	7
1	26
1	59
1	59
1	36
1	59
1	36
1	59
1	36
1	70
1	59
1	36
1	70
0	95
0	2
1	48
0	52
0	54
1	71
0	30
0	59
1	23
0	33
0	70
1	86
0	3
1	1
0	19
0	98
0	97
0	78
0	82
0	17
0	74
0	46
0	55
0	99
0	35
0	86
0	24
0	54
1	51
1	69
0	67
0	67
0	6
0	46
0	90
0	91
0	67
0	6
0	46
0	90
0	91
0	59
0	67
0	6
0	46
0	90
0	91
0	59
1	9
0	7
0	71
0	87
0	47
1	60
1	60
1	44
0	20
1	73
1	48
1	62
1	60
1	44
0	20
1	73
1	48
1	62
0	71
1	37
1	17
1	60
1	44
0	20
1	73
1	48
1	62
0	71
1	37
1	17
1	43
1	66
1	32
1	60
1	44
0	20
1	73
1	48
1	62
0	71
1	37
1	17
1	43
1	66
1	32
1	60
1	44
0	20
1	73
1	48
1	62
0	71
1	37
1	17
1	43
1	66
1	32
0	3
0	3
1	82
0	66
0	99
0	77
0	41
0	3
1	82
0	66
0	99
0	77
0	41
0	22
0	3
1	82
0	66
0	99
0	77
0	41
0	22
0	30
0	71
0	59
0	59
0	83
0	49
1	85
0	71
1	76
0	38
0	92
0	59
0	83
0	49
1	85
0	71
1	76
0	38
0	92
0	59
0	83
0	49
1	85
0	71
1	76
0	38
0	92
0	23
0	28
0	46
0	59
0	83
0	49
1	85
0	71
1	76
0	38
0	92
0	23
0	28
0	46
1	11
0	25
0	59
0	83
0	49
1	85
0	71
1	76
0	38
0	92
0	23
0	28
0	46
1	11
0	25
0	69
0	80
1	11
1	11
0	36
0	49
0	73
0	53
0	23
1	11
0	36
0	49
0	73
0	53
0	23
0	76
0	41
1	11
0	36
0	49
0	73
0	53
0	23
0	76
0	41
0	88
0	25
1	11
0	36
0	49
0	73
0	53
0	23
0	76
0	41
0	88
0	25
1	11
0	36
0	49
0	73
0	53
0	23
0	76
0	41
0	88
0	25
1	32
0	24
0	55
1	26
0	84
1	4
0	29
0	10
0	79
1	26
1	26
0	42
1	93
0	72
1	17
1	40
1	26
0	42
1	93
0	72
1	17
1	40
1	25
0	37
1	5
1	58
1	26
0	42
1	93
0	72
1	17
1	40
1	25
0	37
1	5
1	58
1	34
1	26
0	42
1	93
0	72
1	17
1	40
1	25
0	37
1	5
1	58
1	34
1	26
0	42
1	93
0	72
1	17
1	40
1	25
0	37
1	5
1	58
1	34
0	39
1	44
1	1
0	67
1	84
1	2
1	31
1	66
1	66
0	94
0	4
0	96
0	80
0	25
1	17
0	12
1	66
0	94
0	4
0	96
0	80
0	25
1	17
0	12
1	72
0	19
0	61
0	50
1	66
0	94
0	4
0	96
0	80
0	25
1	17
0	12
1	72
0	19
0	61
0	50
1	52
0	40
1	30
0	46
0	18
1	82
0	32
0	0
1	66
0	94
0	4
0	96
0	80
0	25
1	17
0	12
1	72
0	19
0	61
0	50
1	66
0	94
0	4
0	96
0	80
0	25
1	17
0	12
1	72
0	19
0	61
0	50
0	64
0	64
0	7
1	86
0	82
0	22
0	27
0	64
0	7
1	86
0	82
0	22
0	27
1	30
0	25
0	62
0	10
0	24
0	64
0	7
1	86
0	82
0	22
0	27
1	30
0	25
0	62
0	10
0	24
0	64
0	7
1	86
0	82
0	22
0	27
1	30
0	25
0	62
0	10
0	24
0	64
0	7
1	86
0	82
0	22
0	27
1	30
0	25
0	62
0	10
0	24
1	35
0	52
0	31
0	57
1	43
0	5
0	36
1	8
0	14
0	14
1	19
1	56
1	40
1	39
1	60
1	78
1	23
1	85
1	43
1	46
1	71
1	37
1	95
0	76
1	64
1	92
1	50
1	71
0	28
1	73
1	26
1	58
0	98
1	40
1	18
1	34
0	78
0	10
1	73
0	66
0	52
0	35
1	56
1	16
0	8
0	25
0	2
0	13
1	50
0	1
1	72
0	28
0	88
0	37
0	83
0	89
0	98
1	70
0	60
0	35
0	81
1	32
0	70
0	27
0	74
1	67
0	63
0	73
0	49
1	35
1	26
0	37
1	60
1	64
0	66
0	28
0	76
0	61
1	74
1	11
0	50
0	46
0	96
1	45
1	99
1	86
1	93
1	36
1	9
1	58
1	52
0	86
1	76
1	46
1	40
0	64
0	54
0	82
0	67
0	6
0	92
1	72
0	78
0	52
0	98
1	27
1	44
0	96
1	51
1	15
0	7
0	87
0	82
1	11
1	8
1	89
1	55
1	49
0	68
0	99
1	22
1	51
1	86
0	33
0	91
0	58
1	32
1	19
1	96
1	24
1	70
0	13
1	79
1	89
1	15
1	49
0	68
0	99
1	22
1	51
1	86
0	33
0	91
0	58
1	32
1	19
1	96
1	24
1	70
0	13
1	79
1	89
1	15
1	49
0	68
0	99
1	22
1	51
1	86
0	33
0	91
0	58
1	32
1	19
1	96
1	24
1	70
0	13
1	79
1	89
1	15
1	42
1	4
0	38
1	81
1	3
1	49
0	68
0	99
1	22
1	51
1	86
0	33
0	91
0	58
1	32
0	56
0	93
0	94
0	98
0	59
0	66
1	60
1	13
1	77
0	75
0	71
1	47
1	11
0	7
1	12
0	10
0	48
0	40
0	4
1	2
1	17
1	18
0	64
0	37
0	77
1	99
1	53
1	60
0	74
1	12
1	8
1	24
1	55
1	25
1	3
0	20
1	54
0	30
0	11
0	73
0	14
0	13
1	38
1	45
1	61
0	31
1	58
1	92
0	79
0	67
1	78
1	32
0	34
1	96
1	5
0	26
0	15
0	52
0	84
0	14
1	9
0	69
0	74
0	33
0	69
1	50
0	78
0	21
0	76
0	82
0	79
1	32
0	94
0	47
0	65
0	6
0	13
0	73
1	9
1	64
1	2
1	93
1	22
1	28
1	61
1	21
1	24
1	63
0	20
1	37
1	0
1	23
1	65
1	60
1	7
1	55
0	27
0	1
0	43
1	78
1	48
1	46
0	70
1	30
0	3
1	28
0	65
1	81
0	62
0	91
0	35
1	37
0	12
0	16
1	9
0	27
0	6
0	20
0	32
1	96
0	83
0	44
0	61
1	78
1	47
1	1
1	57
1	92
0	94
0	70
0	71
0	26
0	41
1	81
1	24
1	94
0	60
1	84
1	19
