0	774
0	774
0	5
1	693
0	787
0	787
1	605
0	787
1	605
1	216
1	477
1	411
1	673
0	820
1	787
1	787
1	144
1	129
1	598
1	598
0	763
1	527
1	304
1	598
0	763
1	527
1	304
0	243
1	648
1	555
1	735
1	598
0	763
1	527
1	304
0	243
1	648
1	555
1	598
0	763
1	527
1	304
0	243
1	648
1	555
1	735
1	598
0	763
1	527
1	304
0	243
1	648
1	555
1	735
1	598
0	763
1	527
1	304
0	243
1	648
1	555
1	735
1	598
0	763
1	527
1	304
0	243
1	648
1	555
1	735
1	145
0	657
1	623
1	535
0	757
1	955
1	588
0	78
0	78
0	424
1	59
1	145
1	906
0	78
0	424
1	59
1	145
1	906
0	481
1	802
1	659
0	78
0	424
1	59
1	145
1	906
0	481
1	802
1	659
1	499
1	190
0	78
0	424
1	59
1	145
1	906
0	481
1	802
1	659
1	499
0	78
0	424
1	59
1	145
1	906
0	481
1	802
1	659
0	78
0	424
1	59
1	145
1	906
0	481
1	802
1	659
1	499
0	78
0	424
1	59
1	145
1	906
0	481
1	802
1	659
1	499
1	190
1	88
1	860
1	865
1	106
1	106
0	561
1	406
0	494
0	774
1	106
0	561
1	406
0	494
0	774
0	193
1	106
0	561
1	406
0	494
0	774
0	193
0	167
1	106
0	561
1	406
0	494
0	774
0	193
0	167
1	62
1	980
1	588
1	106
0	561
1	406
0	494
0	774
0	193
0	167
1	62
1	980
1	588
1	837
1	106
0	561
1	406
0	494
0	774
0	193
0	167
1	62
1	980
1	588
1	837
1	106
0	561
1	406
0	494
0	774
0	193
0	167
1	62
1	980
1	588
1	837
1	670
1	25
0	61
1	223
0	974
1	245
1	856
1	112
1	814
1	814
1	749
1	606
1	814
1	749
1	606
1	954
1	814
1	749
1	606
1	954
1	196
1	814
1	749
1	606
1	954
1	196
1	717
1	814
1	749
1	606
1	954
1	196
1	717
1	814
1	749
1	606
1	954
1	196
1	717
1	814
1	749
1	606
1	954
1	196
1	717
1	869
1	929
1	600
1	59
0	674
0	674
1	467
1	596
1	837
0	674
1	467
1	596
1	837
1	683
0	674
1	467
1	596
1	837
1	683
0	234
1	320
0	443
1	351
0	941
0	51
0	82
0	674
1	467
1	596
1	837
1	683
0	234
1	320
0	443
1	351
0	941
0	51
0	82
1	251
1	899
0	819
1	608
1	848
1	715
1	459
0	674
1	467
1	596
1	837
1	683
0	234
1	320
0	443
1	351
0	941
0	51
0	82
1	251
1	899
0	819
1	608
1	848
1	715
0	674
1	467
1	596
1	837
1	683
0	234
1	320
0	443
1	351
0	941
0	51
0	82
1	251
1	899
0	819
1	608
1	848
1	715
1	459
0	674
1	467
1	596
1	837
1	683
0	234
1	320
0	443
1	351
0	941
0	51
0	82
1	251
1	899
0	819
1	608
1	848
1	715
1	459
1	928
0	819
0	819
0	550
0	352
0	819
0	550
0	352
0	873
0	819
0	550
0	352
0	873
1	530
1	699
1	144
1	77
0	726
1	636
1	390
0	819
0	550
0	352
0	873
1	530
1	699
1	144
1	77
0	726
1	636
1	390
0	819
0	550
0	352
0	873
1	530
1	699
1	144
1	77
0	726
1	636
1	390
0	819
0	550
0	352
0	873
1	530
1	699
1	144
1	77
0	726
1	636
1	390
1	892
0	819
0	550
0	352
0	873
1	530
1	699
1	144
1	77
0	726
1	636
1	390
1	892
0	982
1	634
0	985
1	565
1	792
1	35
1	34
1	34
1	247
1	828
1	34
1	247
1	828
1	338
1	34
1	247
1	828
1	338
0	108
1	768
1	34
1	247
1	828
1	338
0	108
1	768
1	499
1	34
1	247
1	828
1	338
0	108
1	768
1	499
1	34
1	247
1	828
1	338
0	108
1	768
1	499
1	868
1	34
1	247
1	828
1	338
0	108
1	768
1	499
1	868
1	408
1	286
1	595
0	791
0	263
1	930
1	63
1	214
1	204
1	64
1	64
1	152
0	736
0	852
1	888
1	795
1	64
1	152
0	736
0	852
1	888
1	795
1	64
1	152
0	736
0	852
1	888
1	795
1	179
1	64
1	152
0	736
0	852
1	888
1	795
1	179
1	95
1	64
1	152
0	736
0	852
1	888
1	795
1	179
1	95
1	64
1	152
0	736
0	852
1	888
1	795
1	179
1	95
1	64
1	152
0	736
0	852
1	888
1	795
1	179
1	95
1	382
0	425
0	520
1	918
0	290
1	570
0	341
1	928
0	513
0	591
1	583
1	262
1	957
0	972
1	161
0	698
1	497
1	729
1	380
1	177
1	177
0	404
1	915
1	83
1	177
0	404
1	915
1	83
0	362
1	608
1	823
0	36
1	582
1	79
1	177
0	404
1	915
1	83
0	362
1	608
1	823
1	177
0	404
1	915
1	83
0	362
1	608
1	823
0	36
1	582
1	79
0	578
1	528
1	177
0	404
1	915
1	83
0	362
1	608
1	823
0	36
1	582
1	79
0	578
1	528
1	177
0	404
1	915
1	83
0	362
1	608
1	823
0	36
1	582
1	79
0	578
1	528
1	177
0	404
1	915
1	83
0	362
1	608
1	823
0	36
1	582
1	79
0	578
1	528
1	892
1	142
1	438
1	461
1	461
0	611
0	304
1	250
1	255
1	461
0	611
0	304
1	250
1	255
1	966
1	461
0	611
0	304
1	250
1	255
1	966
1	192
1	461
0	611
0	304
1	250
1	255
1	966
1	192
1	517
1	820
1	461
0	611
0	304
1	250
1	255
1	966
1	192
1	517
1	461
0	611
0	304
1	250
1	255
1	966
1	192
1	517
1	461
0	611
0	304
1	250
1	255
1	966
1	192
1	517
1	820
1	372
1	635
1	990
1	793
0	9
0	445
0	90
0	291
1	220
0	839
1	471
1	747
1	531
1	958
1	880
0	607
1	342
1	159
1	429
1	935
1	866
0	955
0	208
1	992
1	720
0	295
0	157
1	558
0	990
0	179
1	758
1	274
0	117
0	646
0	257
0	496
0	974
0	121
1	371
1	83
1	361
0	443
1	973
1	695
1	769
0	197
1	138
0	812
1	717
1	654
0	596
0	214
1	852
0	384
1	523
1	873
0	101
1	514
1	379
1	488
0	174
1	693
1	374
1	263
0	740
0	685
0	57
0	865
1	110
1	770
1	807
0	198
0	127
1	806
1	993
1	432
1	914
0	77
0	865
0	257
0	376
0	277
0	381
1	319
0	345
1	375
1	506
0	270
1	438
1	454
1	925
1	808
1	213
1	849
0	672
1	396
0	571
0	796
1	467
1	111
0	129
1	47
1	165
0	267
1	971
0	193
0	154
0	30
0	622
0	598
1	65
0	424
1	392
1	569
1	328
0	203
0	254
0	677
1	63
1	815
0	7
1	387
1	820
1	224
0	310
1	660
1	27
1	163
1	541
1	578
0	553
0	747
1	217
0	596
1	393
1	175
0	591
1	782
1	790
0	238
0	128
1	26
1	68
1	275
1	101
1	869
1	187
1	791
0	635
1	324
1	719
0	946
0	507
1	81
0	191
1	563
1	983
1	561
0	281
1	473
1	557
1	917
0	410
1	50
1	272
1	25
1	434
0	75
1	411
1	237
0	459
1	822
1	439
1	649
1	828
1	263
1	838
1	90
1	390
1	650
0	344
1	882
1	354
1	183
1	268
1	419
1	891
1	966
1	98
0	664
1	128
1	613
1	197
1	47
1	464
1	595
0	205
0	213
0	263
1	507
0	608
0	626
1	331
1	947
0	400
1	788
1	191
1	551
0	415
1	2
0	446
1	127
0	695
1	649
0	657
0	165
0	60
1	712
0	572
0	141
1	450
0	200
1	610
0	132
0	207
1	85
0	744
0	923
0	367
1	528
0	463
0	884
0	761
0	389
0	728
1	513
0	183
0	750
0	514
0	875
1	884
0	806
0	730
0	285
1	798
1	159
1	886
0	248
0	243
0	904
0	341
1	192
1	28
1	258
1	853
0	715
0	879
1	651
1	602
0	107
1	967
1	387
1	767
0	912
0	757
0	442
0	782
0	674
1	876
1	494
1	211
1	831
1	951
1	471
0	107
1	796
1	5
0	420
1	315
1	620
0	337
0	389
1	662
0	571
1	677
0	262
1	559
1	692
0	992
1	970
1	652
0	204
1	531
0	930
0	419
0	461
1	775
0	993
0	875
1	991
1	952
0	111
1	831
0	471
0	682
1	420
1	587
0	618
1	372
0	232
1	149
1	19
0	808
1	970
1	621
1	227
1	438
1	46
1	799
1	540
0	490
1	548
1	282
0	221
1	792
1	149
1	760
1	397
0	650
1	512
1	255
1	821
1	795
1	633
1	550
1	600
1	12
1	430
1	484
1	684
0	477
0	231
1	45
0	728
1	102
1	458
1	15
0	661
1	618
0	49
1	888
1	155
1	682
0	493
1	44
0	75
1	178
1	256
1	359
0	507
0	990
0	348
1	381
0	150
0	665
1	922
1	822
1	310
1	223
1	562
0	164
1	663
0	671
1	873
0	986
0	711
1	736
0	842
0	621
0	84
1	140
1	669
1	494
0	352
0	634
1	941
1	731
1	301
1	868
1	425
0	874
1	39
1	935
1	944
0	105
1	433
0	271
1	907
1	787
1	472
0	723
1	229
1	959
1	318
1	700
1	623
1	214
0	933
0	404
0	505
1	428
1	792
1	226
1	279
1	916
1	696
1	43
1	746
1	505
1	805
1	883
1	59
1	382
0	539
1	953
1	839
1	567
0	367
1	84
1	547
1	414
1	778
0	67
1	51
1	50
0	21
0	6
0	81
0	43
0	41
1	35
0	49
0	27
0	68
0	70
0	48
1	40
0	39
0	73
0	45
0	8
0	25
0	31
0	62
1	81
0	27
0	79
1	36
1	59
1	23
1	40
1	29
0	47
0	53
0	26
1	52
1	49
1	54
0	21
1	17
1	58
1	81
0	80
1	18
1	17
0	23
1	2
0	82
1	56
0	33
0	40
0	1
0	79
1	41
1	1
0	58
0	60
1	54
1	29
1	18
0	74
0	17
0	0
0	16
1	28
0	58
0	71
0	24
1	44
1	27
0	24
0	74
0	73
0	26
0	1
0	80
0	36
0	53
1	76
0	41
0	51
0	19
0	7
0	81
1	21
1	27
0	76
0	16
0	45
0	33
1	17
1	15
0	66
0	80
1	81
1	22
0	75
0	35
1	68
1	42
0	61
1	67
0	70
1	47
1	51
0	4
0	48
1	11
0	6
1	50
0	8
1	59
0	38
1	5
1	19
1	28
1	57
0	7
1	62
1	42
1	45
0	100
1	29
1	28
1	77
1	18
1	112
0	143
0	6
0	113
1	81
1	113
1	106
0	128
0	45
1	144
0	98
0	42
1	34
0	155
0	91
1	97
1	5
1	0
0	142
0	136
0	146
1	47
1	35
1	78
1	33
1	49
1	103
0	69
0	59
0	64
0	19
0	1
0	64
1	1
0	57
1	74
1	51
1	36
1	51
0	45
0	37
1	19
1	75
0	53
1	31
1	15
0	3
0	20
0	43
0	41
0	54
0	38
1	8
1	66
1	21
0	42
0	59
0	73
1	36
1	44
1	39
1	35
1	11
0	69
1	31
0	60
0	30
1	19
0	78
1	41
0	59
1	63
1	97
1	51
1	59
1	87
0	3
0	28
1	99
1	9
1	99
1	9
1	99
1	9
0	73
0	9
0	73
0	9
0	73
0	9
0	0
0	24
0	0
0	24
0	0
0	24
0	21
0	58
0	21
0	58
0	21
0	58
1	76
1	40
1	76
1	40
1	76
1	40
0	10
0	10
0	31
0	10
0	31
0	10
0	31
1	98
0	37
0	10
0	31
1	98
0	37
1	80
1	80
1	7
1	80
1	7
1	80
1	7
0	42
0	53
1	30
1	24
0	57
1	94
0	58
0	66
0	37
0	55
1	35
0	23
0	1
0	34
0	78
1	91
1	85
0	82
1	68
1	89
1	13
0	27
0	87
0	67
1	95
0	54
0	40
0	64
1	80
1	7
0	42
0	53
1	30
1	24
0	57
1	94
0	58
0	66
0	37
0	55
1	35
0	23
0	1
0	34
0	78
1	27
1	27
0	5
0	68
1	81
1	41
0	11
0	22
1	27
0	5
0	68
1	81
1	41
0	11
0	22
1	27
0	5
0	68
1	81
1	41
0	11
1	27
0	5
0	68
1	81
1	41
0	11
0	22
1	55
0	19
0	28
1	62
1	62
1	79
1	62
1	79
1	62
1	79
1	64
1	62
1	79
1	64
1	93
1	93
0	18
0	43
0	27
1	93
0	18
0	43
0	27
1	93
0	18
0	43
0	27
1	5
0	2
0	80
1	84
0	32
1	90
0	21
1	91
1	15
1	93
0	18
0	43
0	27
1	5
0	2
0	80
1	84
0	32
1	90
0	41
0	55
0	26
1	42
1	1
0	76
0	23
0	77
0	53
0	98
1	46
0	90
0	69
0	7
0	68
0	32
0	28
1	11
0	52
0	53
1	48
0	29
1	4
1	56
1	77
0	65
0	33
0	75
0	76
0	82
0	64
1	87
1	74
0	86
0	38
0	41
0	44
1	23
0	96
0	47
1	5
1	5
0	67
1	15
0	13
0	28
1	20
0	50
1	55
1	5
0	67
1	15
0	13
0	28
1	20
0	50
1	55
0	90
1	47
0	8
0	93
1	5
0	67
1	15
0	13
0	28
1	20
0	50
1	55
0	90
1	47
0	8
0	93
0	21
1	56
0	81
0	73
0	35
0	32
0	86
1	7
1	7
1	25
1	36
1	13
1	76
1	7
1	25
1	36
1	13
1	76
1	26
1	7
1	25
1	36
1	13
1	76
1	26
1	98
1	16
0	51
0	91
1	75
1	95
1	39
1	7
1	25
1	36
1	13
1	76
1	26
1	98
1	16
0	51
0	91
1	75
1	95
1	39
1	43
1	7
1	25
1	36
1	13
1	76
1	26
1	98
1	16
0	51
0	91
1	75
1	95
0	85
0	85
0	7
0	26
1	0
0	16
0	60
0	85
0	7
0	26
1	0
0	16
0	60
1	71
0	9
0	10
0	33
1	21
0	50
0	54
0	85
0	7
0	26
1	0
0	16
0	60
1	71
0	9
0	10
0	83
0	83
0	77
0	63
1	2
0	51
1	74
1	65
1	94
0	83
0	77
0	63
1	2
0	51
1	74
1	65
1	94
0	83
0	77
0	63
1	2
0	51
1	74
1	65
1	94
1	8
1	85
1	53
0	39
1	92
1	31
1	81
0	83
0	77
0	63
1	2
0	51
1	74
1	65
1	94
1	8
1	85
1	53
0	39
1	92
1	31
0	83
0	77
0	63
1	2
0	51
1	74
1	65
1	94
1	8
1	85
1	53
0	39
1	92
1	31
1	81
1	87
1	54
1	23
0	83
0	83
1	11
0	66
0	49
0	42
0	84
0	83
1	11
0	66
0	49
0	42
0	84
0	31
1	28
0	0
0	58
0	83
1	11
0	66
0	49
0	42
0	84
0	31
1	28
0	0
0	58
1	20
0	18
0	5
0	56
0	83
1	11
0	66
0	49
0	42
0	84
0	31
1	28
0	0
0	58
1	20
0	18
0	5
0	83
1	11
0	66
0	49
0	42
0	84
0	31
1	28
0	0
0	58
1	20
0	18
0	5
0	56
0	99
1	16
1	16
1	91
1	75
1	18
0	6
1	82
1	16
1	91
1	75
1	18
0	6
1	82
1	71
1	16
1	91
1	75
1	18
0	6
1	82
1	71
0	0
1	26
1	29
1	27
1	16
1	91
1	75
1	18
0	6
1	82
1	71
0	0
1	26
1	29
1	27
0	66
0	90
1	51
1	4
1	22
1	53
1	16
1	91
1	75
1	18
0	6
1	82
1	71
0	0
1	26
1	29
1	27
0	66
0	90
1	51
1	4
1	22
1	53
1	34
0	79
0	79
1	11
1	2
1	94
1	78
1	24
1	89
0	79
1	11
1	2
1	94
1	78
1	24
1	89
0	79
1	11
1	2
1	94
1	78
1	24
1	89
1	62
1	63
1	49
0	79
1	11
1	2
1	94
1	78
1	24
1	89
1	62
1	63
1	49
0	79
1	11
1	2
1	94
1	78
1	24
1	89
1	62
1	63
1	49
0	96
1	60
1	4
1	14
1	5
0	93
0	93
0	57
0	98
1	76
0	9
0	39
0	93
0	57
0	98
1	76
0	9
0	39
0	69
0	93
0	57
0	98
1	76
0	9
0	39
0	69
0	16
0	62
1	44
1	12
1	26
0	85
1	58
0	90
1	91
0	95
0	46
1	79
0	37
0	77
0	67
0	59
1	51
0	35
0	5
1	13
0	48
0	40
0	65
0	32
0	55
1	21
1	75
0	11
0	86
0	66
0	41
0	93
0	57
0	98
1	76
0	9
0	39
0	69
0	16
0	62
1	44
1	12
1	26
0	85
1	58
0	90
1	91
0	95
0	46
1	79
0	37
0	77
0	67
0	59
1	51
0	35
0	5
1	13
0	48
0	40
0	65
0	32
0	55
1	21
1	75
0	11
0	86
0	66
0	41
0	34
0	49
0	93
0	57
0	98
1	76
0	9
0	39
0	69
0	16
0	62
1	44
1	12
1	26
0	85
1	58
0	90
1	91
0	95
0	46
1	79
0	37
0	77
0	67
0	59
1	51
0	35
0	5
1	13
0	48
0	40
0	65
0	10
1	41
1	2
0	40
0	48
1	88
1	39
1	19
1	97
1	65
0	49
1	50
1	72
0	85
0	73
0	63
1	67
1	46
0	84
1	99
1	82
1	35
1	24
0	61
1	56
1	47
0	27
0	95
1	71
0	16
1	46
1	45
1	25
1	13
1	63
0	34
1	80
1	6
0	5
0	65
1	50
1	30
1	85
0	51
0	84
1	81
1	88
1	43
1	47
1	91
0	69
1	75
1	22
0	20
1	57
1	4
1	85
0	31
1	91
0	42
0	66
0	55
0	32
1	68
1	56
1	19
1	27
0	43
1	26
1	61
0	5
1	79
1	83
1	34
1	3
1	6
0	32
0	79
1	12
1	42
1	13
0	59
1	88
1	32
1	55
0	84
1	8
0	44
1	87
1	92
1	41
1	6
1	36
1	90
1	92
0	79
1	25
0	30
1	2
1	12
1	21
1	46
0	79
1	25
0	30
1	2
1	12
1	21
1	46
0	79
1	25
0	30
1	2
1	12
1	21
1	46
0	79
1	25
0	30
1	2
1	12
1	21
1	46
0	94
0	16
1	22
1	85
1	98
0	93
1	74
0	18
0	69
1	27
1	17
0	25
1	86
0	53
1	21
1	52
0	66
1	55
1	78
1	0
0	38
1	23
0	41
0	50
1	72
1	15
0	79
1	1
1	56
1	24
0	70
0	28
1	25
0	20
1	75
0	99
1	37
1	34
0	92
0	91
0	72
0	85
1	26
1	83
0	58
1	55
0	69
1	60
0	87
1	29
0	78
0	39
1	30
0	51
0	52
1	31
0	35
1	47
1	7
0	73
0	67
0	33
1	8
1	57
1	97
1	41
0	25
0	71
1	84
1	51
0	86
1	85
1	81
1	50
1	16
0	8
1	78
0	6
0	23
1	27
0	15
1	57
0	43
0	1
0	59
1	15
1	56
1	73
1	19
0	37
0	34
1	13
1	45
0	99
1	26
0	3
1	5
0	10
0	54
1	40
1	9
