0	145
0	145
1	478
1	539
1	377
1	377
1	377
1	477
1	603
1	917
0	191
0	620
0	881
0	148
0	148
0	665
0	995
1	652
1	652
1	74
1	448
1	652
1	74
1	448
1	633
1	652
1	74
1	448
1	633
1	205
1	652
1	74
1	448
1	633
1	205
1	436
1	652
1	74
1	448
1	633
1	205
1	436
1	652
1	74
1	448
1	633
1	205
1	436
1	652
1	74
1	448
1	633
1	205
1	436
1	454
1	314
0	266
1	184
1	762
1	688
1	295
1	295
1	632
0	256
0	161
1	295
1	632
0	256
0	161
1	868
1	801
1	295
1	632
0	256
0	161
1	868
1	801
0	579
1	952
1	248
1	295
1	632
0	256
0	161
1	868
1	801
0	579
1	952
1	248
1	37
1	295
1	632
0	256
0	161
1	868
1	801
0	579
1	952
1	248
1	37
1	295
1	632
0	256
0	161
1	868
1	801
0	579
1	952
1	248
1	37
1	295
1	632
0	256
0	161
1	868
1	801
0	579
1	952
1	248
1	37
1	166
1	225
1	66
0	507
0	507
0	9
1	197
1	941
0	507
0	9
1	197
1	941
0	367
1	966
1	455
1	66
0	507
0	9
1	197
1	941
0	367
1	966
1	455
1	66
0	507
0	9
1	197
1	941
0	367
1	966
1	455
1	66
0	355
1	981
1	744
0	507
0	9
1	197
1	941
0	367
1	966
1	455
1	66
0	507
0	9
1	197
1	941
0	367
1	966
1	455
1	66
0	355
1	981
1	744
0	507
0	9
1	197
1	941
0	367
1	966
1	455
1	66
0	355
1	981
1	744
0	834
1	663
1	451
0	837
1	847
1	109
0	656
0	656
1	339
1	844
1	217
0	656
1	339
1	844
1	217
1	947
0	656
1	339
1	844
1	217
1	947
1	755
0	656
1	339
1	844
1	217
1	947
1	755
1	777
0	656
1	339
1	844
1	217
1	947
1	755
1	777
0	656
1	339
1	844
1	217
1	947
1	755
1	777
0	656
1	339
1	844
1	217
1	947
1	755
1	777
1	779
1	190
1	614
1	140
1	978
1	308
1	308
0	724
0	793
1	730
1	947
1	308
0	724
0	793
1	730
1	947
0	555
1	915
1	908
1	140
1	308
0	724
0	793
1	730
1	947
0	555
1	915
1	908
1	140
1	308
0	724
0	793
1	730
1	947
0	555
1	915
1	908
1	140
1	308
0	724
0	793
1	730
1	947
0	555
1	915
1	908
1	308
0	724
0	793
1	730
1	947
0	555
1	915
1	908
1	140
1	308
0	724
0	793
1	730
1	947
0	555
1	915
1	908
1	140
0	559
1	136
1	275
1	364
0	178
1	113
1	461
1	239
1	866
1	866
1	974
1	465
1	866
1	974
1	465
0	210
0	636
1	417
0	293
0	710
0	540
1	866
1	974
1	465
0	210
0	636
1	417
0	293
0	710
0	540
1	866
1	974
1	465
0	210
0	636
1	417
0	293
0	710
0	540
1	866
1	974
1	465
0	210
0	636
1	417
0	293
0	710
0	540
1	319
1	316
0	878
0	228
1	356
1	424
1	98
1	57
1	866
1	974
1	465
0	210
0	636
1	417
0	293
0	710
0	540
1	319
1	316
0	878
0	228
1	356
1	424
1	98
1	57
1	866
1	974
1	465
0	210
0	636
1	417
0	293
0	710
0	540
1	319
1	316
0	878
0	228
1	356
1	424
1	98
1	57
0	405
1	592
1	375
1	74
1	212
1	212
1	790
0	676
0	507
1	669
1	249
1	281
1	212
1	790
0	676
0	507
1	669
1	249
1	212
1	790
0	676
0	507
1	669
1	249
1	281
1	212
1	790
0	676
0	507
1	669
1	249
1	281
0	764
0	191
1	144
1	176
0	386
0	815
1	984
1	499
1	212
1	790
0	676
0	507
1	669
1	249
1	281
0	764
0	191
1	144
1	176
0	386
0	815
1	984
1	499
1	212
1	790
0	676
0	507
1	669
1	249
1	281
0	764
0	191
1	144
1	176
0	386
0	815
1	984
1	499
0	982
1	563
1	212
1	790
0	676
0	507
1	669
1	249
1	281
0	764
0	191
1	144
1	176
0	386
0	815
1	984
1	499
0	982
1	563
1	897
1	588
1	58
1	938
1	938
1	75
1	260
1	938
1	75
1	260
1	600
1	938
1	75
1	260
1	600
1	584
1	938
1	75
1	260
1	600
1	584
1	630
1	938
1	75
1	260
1	600
1	584
1	630
1	938
1	75
1	260
1	600
1	584
1	630
1	938
1	75
1	260
1	600
1	584
1	630
1	234
1	395
1	664
1	314
1	788
1	788
1	117
0	674
1	41
1	788
1	117
0	674
1	41
1	843
1	788
1	117
0	674
1	41
1	843
1	988
1	788
1	117
0	674
1	41
1	843
1	988
0	192
1	667
0	364
1	857
1	255
1	788
1	117
0	674
1	41
1	843
1	988
0	192
1	667
0	364
1	857
1	255
1	788
1	117
0	674
1	41
1	843
1	988
0	192
1	667
0	364
1	857
1	255
1	788
1	117
0	674
1	41
1	843
1	988
0	192
1	667
0	364
1	857
1	255
1	76
1	782
0	268
0	268
1	309
1	553
1	816
0	268
1	309
1	553
1	816
1	328
0	268
1	309
1	553
1	816
1	328
1	503
0	268
1	309
1	553
1	816
1	328
1	503
0	351
1	265
1	291
0	268
1	309
1	553
1	816
1	328
1	503
0	351
1	265
1	291
0	268
1	309
1	553
1	816
1	328
1	503
0	351
1	265
1	291
0	137
0	520
1	687
1	617
1	647
0	268
1	309
1	553
1	816
1	328
1	503
0	351
1	265
1	291
0	137
0	520
1	687
1	617
1	647
1	766
1	670
1	385
1	415
1	178
1	616
0	817
0	325
1	50
1	506
1	656
1	37
0	396
1	158
0	899
1	807
0	855
1	643
0	309
1	484
1	675
1	974
0	953
0	20
0	69
0	867
0	711
0	242
1	554
1	186
1	307
1	122
1	760
1	130
0	787
1	13
0	689
0	101
0	15
1	242
0	429
1	202
1	361
1	979
0	196
1	576
1	315
0	855
0	840
0	654
1	651
0	837
0	789
0	222
1	524
1	783
1	169
1	238
0	501
0	599
1	911
1	666
1	376
1	356
0	823
0	776
0	207
0	998
0	446
0	537
0	464
0	761
0	529
0	390
0	733
1	228
1	249
1	434
0	860
0	414
0	79
0	76
1	865
1	401
1	292
1	644
1	300
0	404
1	717
0	497
1	172
1	517
1	910
1	128
1	152
1	858
1	128
0	518
1	935
1	347
0	649
0	757
0	252
1	580
1	599
1	702
1	239
1	855
1	277
1	997
1	541
1	869
1	614
0	491
1	278
1	299
0	239
1	716
1	951
1	577
1	591
1	818
1	812
0	907
1	537
1	79
0	193
1	93
1	905
1	942
1	786
0	503
1	873
1	359
1	600
0	975
1	559
0	953
1	127
0	768
1	304
0	222
1	627
0	423
1	937
1	704
0	713
0	705
0	5
1	689
1	115
1	997
1	666
1	703
1	930
0	11
1	961
1	20
1	712
1	981
1	721
1	442
0	514
1	754
1	476
0	838
1	147
1	186
0	242
0	491
0	162
0	337
0	273
1	636
1	435
0	269
0	242
0	357
1	138
1	96
0	717
0	827
0	85
0	798
0	797
1	235
0	731
1	428
0	778
1	696
0	238
1	184
1	608
1	655
0	953
0	879
0	673
1	494
0	672
0	649
0	689
0	514
0	718
0	278
0	885
0	470
0	265
0	831
0	638
0	13
0	57
1	261
0	34
0	191
1	468
1	847
1	637
1	755
0	265
1	547
1	856
0	399
1	520
0	569
0	930
0	449
1	529
0	401
1	944
1	57
1	58
1	385
1	819
1	211
0	953
1	806
1	706
0	252
1	760
1	442
1	70
1	484
1	890
0	717
1	815
1	428
1	168
1	306
0	460
0	706
1	65
1	391
1	147
0	966
1	55
0	517
1	959
1	831
0	185
1	177
1	799
1	589
0	966
1	582
1	656
1	699
1	911
1	642
0	343
1	345
1	702
0	282
1	468
1	114
1	982
0	300
1	698
1	832
1	862
1	39
0	347
1	897
0	171
0	612
1	602
1	168
1	79
0	993
0	363
1	504
0	174
0	271
0	392
1	916
0	851
1	313
0	2
1	251
1	656
0	139
1	602
0	195
1	528
0	52
1	536
1	969
1	660
0	215
1	194
1	835
1	716
0	484
1	911
1	213
1	125
0	320
1	874
1	351
1	999
1	309
1	728
1	336
1	778
0	378
0	828
1	429
1	875
1	703
0	734
0	408
0	947
0	760
0	529
0	492
0	707
0	700
0	312
0	863
0	516
0	319
0	477
0	567
1	610
1	445
1	880
0	22
0	999
0	985
1	886
1	442
0	801
1	160
0	906
0	369
0	29
1	859
1	677
1	763
1	253
1	943
0	192
1	838
1	533
0	675
1	794
1	461
1	557
0	50
1	313
1	757
1	871
1	557
1	972
1	752
1	46
0	109
1	759
1	964
1	627
1	213
1	266
0	578
0	950
1	760
1	909
1	327
1	283
0	801
1	410
1	344
1	17
1	547
1	370
0	463
1	489
1	448
1	555
0	699
0	882
0	53
1	282
1	246
1	585
1	41
0	18
0	31
0	51
0	11
0	49
1	71
0	42
1	16
0	20
0	22
0	5
1	67
1	63
1	80
0	44
0	76
1	9
1	33
1	54
0	8
1	34
0	46
1	57
0	71
0	26
1	75
1	48
0	70
1	65
1	6
1	56
0	25
0	73
0	19
1	23
1	11
1	20
0	40
0	16
0	82
0	42
0	41
0	61
1	55
0	26
1	37
0	43
1	81
1	0
0	68
1	4
0	6
1	42
1	46
0	38
1	29
0	31
1	34
1	54
1	62
0	26
1	48
1	31
1	67
1	5
0	3
1	52
0	29
1	11
1	58
1	78
1	28
0	55
0	42
1	27
0	65
0	56
0	48
1	20
0	14
0	51
0	2
0	39
1	31
0	37
0	55
0	19
1	46
1	81
0	21
0	7
0	5
0	28
0	6
1	15
0	17
1	62
1	40
1	74
1	2
0	19
1	64
1	60
1	46
0	16
0	67
1	71
1	36
1	53
1	37
0	25
0	42
1	11
0	41
0	13
0	33
0	80
1	57
0	36
1	19
0	27
0	63
0	54
0	62
0	25
1	110
0	70
0	17
1	111
1	152
1	145
0	113
0	89
0	106
0	22
0	26
0	126
0	2
0	148
0	36
0	89
0	42
0	71
1	149
1	7
1	57
0	119
1	11
1	63
1	145
0	28
0	20
0	127
1	71
1	66
1	112
1	20
0	37
0	29
0	1
1	71
1	91
1	42
1	52
0	34
1	14
1	6
1	0
0	50
0	2
0	52
0	36
0	52
0	36
0	52
0	36
0	95
0	14
0	95
0	14
0	95
0	14
0	6
1	63
0	13
1	16
1	31
0	15
0	7
1	17
0	88
0	43
1	64
0	10
0	61
0	6
1	63
0	13
1	16
1	31
0	15
0	7
1	17
0	88
0	6
1	63
0	13
1	16
1	31
0	15
0	7
1	17
0	88
0	43
0	8
0	74
0	8
0	74
0	8
0	74
0	61
0	93
0	61
0	93
0	61
0	93
1	20
1	20
1	10
1	20
1	10
1	20
1	10
0	65
0	76
0	32
0	59
0	33
0	88
0	85
0	93
1	20
1	10
0	65
0	76
0	32
0	59
0	33
0	88
0	85
0	93
0	40
0	40
0	89
0	40
0	89
0	40
0	89
0	25
0	40
0	89
0	25
1	91
1	91
1	69
1	91
1	69
1	91
1	69
1	6
1	91
1	69
1	6
1	50
1	50
1	23
1	50
1	23
1	50
1	23
1	97
1	50
1	23
1	97
0	85
0	85
1	31
0	97
1	96
1	5
0	92
0	16
1	83
1	71
1	1
0	85
1	31
0	97
1	96
1	5
0	92
0	16
1	83
1	71
1	1
0	72
1	94
1	13
1	22
0	82
1	84
0	85
1	31
0	97
1	96
1	5
0	92
0	16
1	83
1	71
1	1
0	72
1	94
1	13
1	22
0	85
1	31
0	97
1	96
1	5
0	92
0	16
1	83
1	71
1	1
0	72
1	94
1	13
1	22
0	82
1	84
1	62
1	11
1	91
1	35
1	51
1	7
0	88
1	1
1	70
1	0
1	89
0	53
0	29
0	36
1	96
0	29
0	69
1	1
1	64
1	10
0	74
1	32
0	31
1	11
0	16
1	60
1	79
1	35
1	76
0	46
1	72
1	17
1	92
1	30
1	99
1	99
1	63
1	47
0	6
1	70
1	26
1	99
1	63
1	47
0	6
1	70
1	26
1	90
1	99
1	63
1	47
0	6
1	70
1	26
1	90
1	72
1	77
1	87
1	68
1	69
1	69
0	26
0	95
0	90
1	62
1	31
1	49
1	69
0	26
0	95
0	90
1	62
1	31
1	49
1	46
1	80
1	69
0	26
0	95
0	90
1	62
1	31
1	49
1	46
1	80
1	58
0	20
1	19
1	68
0	81
1	16
1	72
1	76
1	0
1	69
0	26
0	95
0	90
1	62
1	31
1	49
1	46
1	80
1	58
0	20
1	19
1	68
0	81
1	16
1	72
1	76
1	0
1	69
0	26
0	95
0	90
1	62
1	31
1	49
1	46
1	80
1	58
0	20
1	19
1	68
0	81
1	16
1	72
1	76
1	0
1	1
1	71
1	71
1	83
0	98
0	22
1	62
1	75
1	58
1	71
1	83
0	98
0	22
1	62
1	75
1	58
0	20
1	95
1	87
1	71
1	83
0	98
0	22
1	62
1	75
1	58
0	20
1	95
1	4
1	4
0	6
1	69
1	83
1	44
0	32
1	79
0	63
1	59
0	36
1	50
1	56
1	57
1	4
0	6
1	69
1	83
1	44
0	32
1	79
0	63
1	59
1	4
0	6
1	69
1	83
1	44
0	32
1	79
0	63
1	59
0	36
1	50
1	56
1	57
1	82
1	4
0	6
1	69
1	83
1	44
0	32
1	79
0	63
1	59
0	36
1	50
1	56
1	57
1	82
1	4
0	6
1	69
1	83
1	44
0	32
1	79
0	63
1	59
0	36
1	50
1	56
1	57
1	82
1	88
1	88
1	51
1	70
1	40
1	10
1	88
1	51
1	70
1	40
1	10
1	61
1	88
1	51
1	70
1	40
1	10
1	61
1	47
1	25
1	27
1	88
1	51
1	70
1	40
1	10
1	61
1	47
1	25
1	27
1	88
1	51
1	70
1	40
1	10
1	61
1	47
1	25
1	27
1	81
1	60
1	60
1	62
0	82
1	19
1	65
1	84
1	60
1	62
0	82
1	19
1	65
1	84
1	74
1	60
1	62
0	82
1	19
1	65
1	84
1	74
1	48
1	43
1	30
1	60
1	62
0	82
1	19
1	65
1	84
1	74
1	48
1	43
1	30
1	60
1	62
0	82
1	19
1	65
1	84
1	74
1	48
1	43
1	30
0	38
1	35
1	26
1	12
1	70
1	70
1	69
0	68
1	44
1	2
0	92
0	82
0	76
1	37
0	3
0	88
1	70
1	69
0	68
1	44
1	2
0	92
0	82
0	76
1	70
1	69
0	68
1	44
1	2
0	92
0	82
0	76
1	37
0	3
0	88
1	97
1	28
1	89
1	84
1	65
0	10
1	99
1	8
1	23
1	91
1	70
1	69
0	68
1	44
1	2
0	92
0	82
0	76
1	37
0	3
0	88
1	97
1	28
1	89
1	84
1	65
0	10
1	99
1	8
1	23
1	70
1	69
0	68
1	44
1	2
0	92
0	82
0	76
1	37
0	3
0	88
1	97
1	28
1	89
1	84
1	65
0	10
1	99
1	8
1	23
1	23
1	23
0	70
1	60
1	15
0	59
0	29
1	57
1	45
1	42
1	56
1	23
0	70
1	60
1	15
0	59
0	29
1	57
1	45
1	42
1	23
0	70
1	60
1	15
0	59
0	29
1	57
1	45
1	42
1	56
0	41
1	24
1	52
1	65
1	23
0	70
1	60
1	15
0	59
0	29
1	57
1	45
1	42
1	56
0	41
1	24
1	52
1	65
1	51
1	23
0	70
1	60
1	15
0	59
0	29
1	57
1	45
1	42
1	56
0	41
1	24
1	52
1	65
1	51
1	85
0	18
0	94
1	69
1	89
0	48
1	96
1	59
1	42
0	86
1	34
1	44
1	99
0	1
0	19
0	10
0	88
1	93
0	59
1	46
0	9
0	82
1	16
0	66
0	13
1	34
1	55
1	3
1	49
1	52
1	31
1	58
0	63
1	33
1	2
0	76
1	28
1	75
1	42
0	12
0	25
1	97
0	78
0	39
0	17
0	18
1	1
1	57
1	86
1	64
1	34
0	0
0	90
1	51
1	83
0	96
0	17
0	5
0	71
0	36
1	99
1	38
1	1
0	9
1	52
1	53
1	57
1	53
1	29
1	94
1	68
0	47
1	99
0	74
0	77
0	25
0	90
0	89
1	54
1	69
1	67
1	57
1	88
0	27
0	66
0	39
0	61
0	43
0	34
0	91
0	87
0	40
0	14
0	97
0	69
0	9
1	7
0	45
1	70
0	96
0	74
0	92
0	81
0	62
1	2
0	21
1	50
0	39
0	56
0	81
0	62
1	2
0	21
1	50
0	39
0	56
0	81
0	62
1	2
0	21
1	50
0	39
0	56
0	60
0	81
0	62
1	2
0	21
1	50
0	39
0	56
1	9
0	48
0	63
0	92
0	46
0	66
0	38
0	41
0	77
0	90
1	68
1	3
1	15
1	18
1	19
1	98
0	22
1	11
0	16
0	87
0	55
0	71
1	1
0	41
0	94
0	28
0	7
0	50
0	26
0	45
0	29
1	25
0	46
0	96
0	53
