0	210
0	210
0	264
0	554
1	593
1	593
1	861
1	593
1	861
1	513
1	507
1	37
1	177
0	231
0	759
0	759
1	155
1	38
0	111
1	867
1	867
1	293
1	92
1	867
1	293
1	92
0	698
1	10
1	867
1	293
1	92
0	698
1	10
1	735
1	867
1	293
1	92
0	698
1	10
1	735
1	191
1	867
1	293
1	92
0	698
1	10
1	735
1	191
1	867
1	293
1	92
0	698
1	10
1	735
1	191
1	812
1	867
1	293
1	92
0	698
1	10
1	735
1	191
1	812
1	7
1	960
1	160
1	810
1	792
1	792
1	541
1	854
1	792
1	541
1	854
1	288
1	792
1	541
1	854
1	288
0	492
0	575
1	943
1	624
1	369
1	792
1	541
1	854
1	288
0	492
0	575
1	943
1	624
1	792
1	541
1	854
1	288
0	492
0	575
1	943
1	624
1	792
1	541
1	854
1	288
0	492
0	575
1	943
1	624
1	792
1	541
1	854
1	288
0	492
0	575
1	943
1	624
1	369
1	890
0	668
0	23
1	408
1	626
1	593
1	871
1	951
1	82
1	82
1	740
1	151
1	82
1	740
1	151
1	958
1	82
1	740
1	151
1	958
1	9
1	82
1	740
1	151
1	958
1	9
0	213
1	392
1	82
1	740
1	151
1	958
1	9
0	213
1	392
1	82
1	740
1	151
1	958
1	9
0	213
1	392
0	980
1	258
1	13
1	82
1	740
1	151
1	958
1	9
0	213
1	392
0	980
1	258
1	13
1	229
1	914
1	767
1	129
1	129
1	375
1	227
1	129
1	375
1	227
1	705
1	129
1	375
1	227
1	705
1	262
1	129
1	375
1	227
1	705
1	262
1	987
1	129
1	375
1	227
1	705
1	262
1	987
1	129
1	375
1	227
1	705
1	262
1	987
1	129
1	375
1	227
1	705
1	262
1	987
1	836
0	567
1	316
1	287
1	127
1	209
1	871
1	871
1	104
1	245
1	871
1	104
1	245
0	56
1	157
1	871
1	104
1	245
0	56
1	157
1	178
1	871
1	104
1	245
0	56
1	157
1	178
1	944
1	871
1	104
1	245
0	56
1	157
1	178
1	944
1	871
1	104
1	245
0	56
1	157
1	178
1	944
1	237
1	871
1	104
1	245
0	56
1	157
1	178
1	944
1	237
0	702
1	882
1	94
1	910
1	626
1	803
1	803
0	422
1	434
0	137
1	576
1	705
1	803
0	422
1	434
0	137
1	576
1	705
1	803
0	422
1	434
0	137
1	576
1	705
0	37
1	541
1	363
1	803
0	422
1	434
0	137
1	576
1	705
0	37
1	541
1	363
1	807
1	803
0	422
1	434
0	137
1	576
1	705
0	37
1	541
1	363
1	807
1	803
0	422
1	434
0	137
1	576
1	705
0	37
1	541
1	363
1	807
1	803
0	422
1	434
0	137
1	576
1	705
0	37
1	541
1	363
1	807
1	455
1	479
1	748
1	482
1	482
1	620
0	991
0	887
1	70
1	204
1	482
1	620
0	991
0	887
1	70
1	204
1	482
1	620
0	991
0	887
1	70
1	204
1	2
1	240
1	482
1	620
0	991
0	887
1	70
1	204
1	2
1	240
1	482
1	620
0	991
0	887
1	70
1	204
1	2
1	240
1	482
1	620
0	991
0	887
1	70
1	204
1	2
1	240
1	482
1	620
0	991
0	887
1	70
1	204
1	2
1	240
1	971
1	592
0	238
1	896
1	387
1	692
1	781
0	645
0	645
0	48
1	77
1	819
1	328
0	645
0	48
1	77
1	819
1	328
1	301
0	645
0	48
1	77
1	819
1	328
1	301
1	818
0	645
0	48
1	77
1	819
1	328
1	301
1	818
1	537
0	645
0	48
1	77
1	819
1	328
1	301
1	818
1	537
0	645
0	48
1	77
1	819
1	328
1	301
1	818
1	537
0	645
0	48
1	77
1	819
1	328
1	301
1	818
1	537
0	787
1	435
1	590
1	977
1	422
1	835
1	835
1	676
1	631
1	835
1	676
1	631
1	581
1	835
1	676
1	631
1	581
1	636
1	835
1	676
1	631
1	581
1	636
1	299
1	835
1	676
1	631
1	581
1	636
1	299
1	835
1	676
1	631
1	581
1	636
1	299
1	835
1	676
1	631
1	581
1	636
1	299
1	499
1	132
1	855
1	711
1	104
1	104
1	850
1	983
1	104
1	850
1	983
0	368
1	493
1	104
1	850
1	983
0	368
1	493
1	26
1	104
1	850
1	983
0	368
1	493
1	26
1	974
1	104
1	850
1	983
0	368
1	493
1	26
1	974
1	104
1	850
1	983
0	368
1	493
1	26
1	974
1	979
1	104
1	850
1	983
0	368
1	493
1	26
1	974
1	979
1	994
1	712
1	743
1	755
0	699
0	375
0	256
0	207
0	637
0	546
0	374
0	52
0	92
1	278
1	542
0	666
0	407
0	36
0	636
0	348
0	476
0	32
1	132
0	165
1	253
1	269
0	89
0	340
0	456
0	118
1	261
0	895
1	629
0	542
0	148
0	771
0	899
0	361
0	825
0	90
0	458
0	620
0	420
0	841
0	444
0	941
0	379
0	4
1	397
0	765
0	661
1	517
1	764
0	937
0	947
0	63
1	36
0	922
0	39
0	360
1	248
0	799
0	21
0	530
0	319
0	221
0	565
0	734
0	907
0	569
0	826
1	195
0	188
0	850
1	984
1	343
1	226
0	160
1	10
0	422
0	502
0	942
0	406
1	155
1	895
1	613
0	610
0	130
1	625
1	241
1	526
0	639
1	104
0	281
1	715
1	590
1	456
0	590
0	592
1	861
0	312
1	182
1	41
1	210
1	889
1	604
1	361
1	72
1	580
1	883
1	24
0	736
1	382
0	295
1	394
0	402
1	149
1	639
1	697
1	446
1	999
1	388
0	408
1	602
1	747
0	512
1	990
1	647
0	107
1	276
0	582
1	551
1	360
1	831
1	575
1	27
0	513
1	730
1	649
1	725
1	46
1	617
0	910
1	350
1	593
1	19
1	233
1	624
1	14
1	211
1	351
0	783
1	509
0	298
1	13
1	841
1	489
1	161
1	179
0	798
1	186
1	963
0	260
1	924
0	59
1	297
1	882
0	761
1	322
0	416
0	669
1	627
0	648
0	629
0	381
0	368
0	594
0	700
0	81
0	972
1	901
0	493
1	24
1	760
0	337
0	548
0	906
1	183
1	957
1	581
1	578
1	631
0	941
0	575
0	826
0	838
0	368
0	506
1	416
1	158
0	445
0	767
0	300
0	820
0	579
0	28
1	104
0	30
1	461
0	244
1	814
0	440
0	452
0	716
0	287
0	832
0	206
0	927
1	877
0	398
0	110
0	861
1	334
0	551
1	569
1	564
1	343
1	837
1	108
1	524
1	785
1	987
1	643
1	584
1	242
0	537
1	915
1	93
1	406
1	310
1	420
0	783
1	96
0	860
0	589
1	224
1	956
1	482
1	438
1	336
0	459
0	24
1	476
1	395
0	198
0	682
1	130
1	616
0	114
1	41
0	581
1	353
0	856
1	781
1	985
1	685
1	705
1	41
1	545
1	762
0	457
1	530
1	803
0	400
1	622
1	471
1	144
1	8
1	584
1	325
0	706
0	18
0	555
0	175
0	240
1	376
1	833
1	77
1	602
1	508
1	257
1	533
1	738
1	956
1	569
1	20
0	872
1	709
0	349
1	793
1	104
0	34
0	498
1	32
1	217
0	344
0	409
1	323
1	814
0	770
1	720
0	703
1	342
0	157
0	406
0	713
0	658
0	932
1	580
0	948
0	631
0	368
0	281
1	787
0	306
0	672
0	629
1	875
1	481
1	286
1	0
1	435
0	601
0	905
0	157
1	336
0	188
1	614
0	591
0	397
0	443
0	660
1	14
1	184
0	129
1	351
1	754
1	496
0	462
1	106
0	713
1	305
1	118
0	512
0	692
1	475
1	429
1	421
1	739
0	359
0	930
1	857
1	549
0	348
0	491
1	90
1	658
0	886
1	411
1	751
0	276
1	64
1	98
1	318
0	827
1	305
1	97
1	133
1	971
0	639
0	664
1	450
1	896
1	658
1	546
1	537
1	906
1	465
1	83
0	814
1	794
0	72
0	127
1	602
0	623
1	481
0	326
1	729
0	690
1	537
1	289
0	878
0	14
0	381
0	18
0	39
0	8
0	44
1	19
0	42
1	40
0	20
0	41
0	52
1	65
1	0
0	69
1	50
0	44
0	32
1	68
0	40
1	11
1	8
0	14
0	8
1	80
1	47
1	24
1	32
1	61
1	67
1	3
1	79
1	8
1	19
1	63
1	35
0	11
0	47
1	2
0	70
1	64
1	32
0	58
0	28
0	22
0	79
0	24
0	78
1	1
0	60
0	74
1	58
1	32
1	50
0	18
1	69
0	15
1	4
1	19
0	70
0	52
1	34
0	62
0	0
1	16
1	44
1	22
0	66
0	4
0	10
0	39
1	74
0	60
0	65
0	8
0	70
1	43
0	1
0	49
0	26
0	17
1	61
0	77
0	18
0	42
1	76
0	71
0	28
0	57
0	75
1	70
0	41
0	56
0	8
1	10
0	72
0	68
0	81
0	68
0	21
0	33
1	20
0	30
0	40
1	53
1	43
1	8
0	59
0	64
0	55
0	31
0	60
1	77
0	61
1	11
0	5
1	80
0	81
1	15
1	9
1	76
1	73
0	42
0	79
1	51
0	6
0	23
0	25
1	108
1	107
1	85
0	88
0	132
1	148
1	78
1	84
1	27
1	149
1	113
0	1
0	139
0	100
1	93
1	17
0	107
1	30
0	135
1	52
0	73
0	119
1	15
1	100
1	146
0	84
0	60
0	67
0	82
1	119
1	31
0	38
0	121
0	125
0	88
0	48
0	64
1	73
1	50
1	2
1	29
1	18
1	60
0	69
0	55
0	67
1	23
1	43
1	11
1	36
1	50
0	48
1	1
0	74
0	7
0	20
1	65
1	21
1	9
0	73
1	14
1	60
1	65
0	48
0	70
0	38
1	70
0	12
0	56
0	1
1	66
0	78
0	42
0	93
0	57
0	4
0	9
0	68
1	1
0	21
0	17
0	17
1	96
1	5
0	24
0	33
0	91
1	52
1	10
0	14
1	7
0	63
0	51
1	9
1	62
0	76
1	21
0	45
0	12
1	18
1	85
1	50
1	21
0	45
0	12
1	18
1	85
1	50
0	48
1	42
1	21
0	45
0	12
1	18
1	85
1	50
1	39
1	26
1	39
1	26
1	39
1	26
1	60
0	5
1	27
1	45
1	60
0	5
1	27
1	45
1	60
0	5
1	27
1	45
1	59
0	76
1	89
1	92
1	79
1	92
1	79
1	92
1	79
0	47
0	57
0	47
0	57
0	47
0	57
0	66
0	66
0	24
0	66
0	24
0	66
0	24
0	36
0	66
0	24
0	36
1	56
1	56
1	23
1	56
1	23
1	56
1	23
1	87
1	56
1	23
1	87
1	42
1	42
0	27
1	18
0	28
0	11
0	41
1	65
1	20
1	51
1	99
1	42
0	27
1	18
0	28
0	11
0	41
1	65
1	20
1	51
1	99
1	42
0	27
1	18
0	28
0	11
0	41
1	42
0	27
1	18
0	28
0	11
0	41
1	65
1	20
1	51
1	99
1	44
0	89
1	97
0	72
1	0
1	6
0	24
1	33
1	29
1	53
1	35
0	55
0	55
1	57
1	82
1	6
0	55
1	57
1	82
1	6
0	55
1	57
1	82
1	6
0	55
1	57
1	82
1	6
1	97
1	45
1	45
1	0
1	45
1	0
1	45
1	0
0	16
1	97
1	36
1	45
1	0
0	16
1	97
1	36
1	68
0	74
1	23
1	19
0	54
1	31
1	65
1	53
1	11
1	18
1	22
0	65
0	94
0	44
0	93
1	4
0	22
1	95
0	54
0	21
0	12
0	67
1	38
0	46
0	17
0	9
0	32
0	96
0	99
0	15
1	2
0	56
1	40
0	68
1	77
0	58
0	31
0	76
0	12
1	28
0	80
1	18
1	18
1	17
1	40
1	81
0	44
1	52
1	18
1	17
1	40
1	81
0	44
1	52
1	15
1	49
1	18
1	17
1	40
1	81
0	44
1	52
1	15
1	49
1	55
1	63
0	78
1	54
0	8
1	42
1	35
1	7
1	17
1	17
1	50
1	94
1	28
1	92
1	17
1	50
1	94
1	28
1	92
1	84
1	17
1	50
1	94
1	28
1	92
1	84
0	8
1	23
1	42
1	26
1	79
1	17
1	50
1	94
1	28
1	92
1	84
0	8
1	23
1	42
1	26
1	79
1	17
1	50
1	94
1	28
1	92
1	84
0	8
1	23
1	42
1	26
1	79
1	13
1	39
1	39
1	27
1	58
1	37
1	49
1	39
1	27
1	58
1	37
1	49
0	18
1	31
1	39
1	27
1	58
1	37
1	49
0	18
1	31
1	20
1	93
1	32
1	32
1	74
1	19
0	66
1	29
1	64
1	17
1	32
1	74
1	19
0	66
1	29
1	64
1	17
1	32
1	74
1	19
0	66
1	29
1	64
1	17
0	63
0	68
1	77
0	21
1	65
0	40
1	62
0	76
0	99
1	78
1	81
0	86
1	41
1	94
1	4
0	30
1	89
1	72
1	67
1	91
1	32
1	74
1	19
0	66
1	29
1	64
1	17
0	63
0	68
1	77
0	21
1	65
0	40
1	62
0	76
0	99
1	78
1	81
0	86
1	41
1	94
1	4
0	30
1	89
1	72
1	67
1	32
1	74
1	19
0	66
1	29
1	64
1	17
0	63
0	68
1	77
0	21
1	65
0	40
1	62
0	76
0	99
1	78
1	81
0	86
1	41
1	94
1	4
0	30
1	89
1	72
1	67
1	91
1	82
1	37
1	37
0	21
0	43
0	24
0	23
1	87
0	1
1	33
0	27
0	13
0	10
1	12
0	91
0	52
1	37
0	21
0	43
0	24
0	23
1	87
0	1
1	33
0	27
0	13
0	10
1	37
0	21
0	43
0	24
0	23
1	87
0	1
1	33
0	27
0	13
0	10
1	37
0	21
0	43
0	24
0	23
1	87
0	1
1	33
0	27
0	13
0	10
1	12
0	91
0	52
0	16
0	34
1	37
0	21
0	43
0	24
0	23
1	87
0	1
1	33
0	27
0	13
0	10
1	12
0	91
0	52
0	16
0	34
0	79
0	29
0	29
1	31
1	99
1	97
1	40
0	11
1	25
1	64
1	15
0	29
1	31
1	99
1	97
1	40
0	11
1	25
1	64
0	29
1	31
1	99
1	97
1	40
0	11
1	25
1	64
1	15
1	14
1	22
0	29
1	31
1	99
1	97
1	40
0	11
1	25
1	64
1	15
1	14
1	22
0	29
1	31
1	99
1	97
1	40
0	11
1	25
1	64
1	15
1	14
1	22
1	42
0	91
1	9
1	48
0	50
0	50
1	41
0	45
1	85
1	69
1	83
1	4
1	11
0	50
1	41
0	45
1	85
1	69
1	83
1	4
0	50
1	41
0	45
1	85
1	69
1	83
1	4
1	11
1	47
1	87
1	81
1	76
0	50
1	41
0	45
1	85
1	69
1	83
1	4
1	11
1	47
1	87
1	81
1	76
0	50
1	41
0	45
1	85
1	69
1	83
1	4
1	11
1	47
1	87
1	81
1	76
1	39
0	33
0	33
1	86
1	0
1	44
1	53
1	35
0	33
1	86
1	0
1	44
1	53
1	35
1	31
0	33
1	86
1	0
1	44
1	53
1	35
1	31
1	48
1	24
1	32
0	33
1	86
1	0
1	44
1	53
1	35
1	31
1	48
1	24
1	32
0	33
1	86
1	0
1	44
1	53
1	35
1	31
1	48
1	24
1	32
1	5
0	78
0	52
1	88
1	51
1	94
1	28
1	15
0	29
0	98
1	8
0	55
0	84
1	88
0	69
1	29
0	56
0	66
1	40
0	16
0	94
0	32
1	37
0	91
1	36
1	38
0	72
1	20
1	70
0	3
0	90
0	68
1	22
0	32
0	28
1	42
1	17
1	75
1	12
0	1
0	23
0	81
0	87
1	15
1	17
0	42
0	52
0	60
0	21
0	80
0	78
0	91
1	0
1	5
1	42
1	57
1	54
0	7
1	71
1	45
1	11
1	70
1	84
1	31
1	33
1	65
1	61
1	91
1	37
0	67
1	54
0	6
1	90
1	5
1	39
1	32
0	41
1	55
1	16
1	70
1	57
1	67
1	98
1	40
1	12
0	24
0	66
0	44
0	53
0	93
1	95
0	23
1	19
0	67
1	68
1	14
1	88
0	1
0	37
0	99
0	45
0	49
1	89
1	9
1	3
0	49
1	93
0	56
1	5
1	78
1	82
1	37
1	89
1	9
1	3
0	49
1	93
0	56
1	5
1	78
1	82
1	37
1	89
1	9
1	3
0	49
1	93
0	56
1	5
1	78
1	82
1	37
1	89
1	9
1	3
0	49
1	93
0	56
1	5
1	78
1	82
1	37
1	58
0	3
1	80
0	40
1	47
0	66
0	0
1	55
1	5
0	51
1	39
1	71
1	17
0	10
1	78
1	96
1	69
1	4
1	57
1	60
0	55
1	49
0	61
1	1
1	35
1	21
0	10
1	30
1	33
0	62
0	91
1	11
1	45
0	63
0	21
0	12
1	98
0	49
1	84
0	68
1	79
1	48
1	74
1	56
0	89
1	86
0	71
0	24
0	27
1	65
1	1
0	38
1	28
0	29
0	64
1	95
0	46
1	72
0	41
0	50
0	21
0	48
1	46
0	88
0	31
0	3
1	73
0	5
1	66
0	85
1	61
0	71
0	74
1	79
1	99
0	97
1	91
1	75
1	80
1	22
1	51
1	62
1	92
1	40
1	73
0	32
1	66
1	26
1	45
0	20
1	21
0	90
0	98
0	23
1	87
0	67
0	63
0	86
0	91
1	65
0	19
1	47
0	9
0	72
1	35
0	16
0	43
0	64
0	79
1	85
0	68
0	1
0	98
1	18
1	47
0	87
1	97
1	8
1	44
1	8
0	56
0	67
0	10
1	66
0	64
0	55
0	13
1	38
1	41
1	29
1	59
1	69
0	3
0	94
1	72
1	64
0	95
0	62
1	74
0	71
0	89
1	93
1	60
1	29
1	77
1	19
1	66
1	18
1	90
0	61
0	75
1	73
