1	921
1	921
1	725
0	780
1	702
1	702
1	702
1	398
1	94
1	373
1	268
1	716
0	879
0	610
0	610
1	331
1	93
0	777
1	560
1	217
1	217
1	44
1	655
1	217
1	44
1	655
1	261
1	217
1	44
1	655
1	261
1	939
1	217
1	44
1	655
1	261
1	939
1	71
1	217
1	44
1	655
1	261
1	939
1	71
1	217
1	44
1	655
1	261
1	939
1	71
1	217
1	44
1	655
1	261
1	939
1	71
1	741
0	738
1	470
1	190
1	576
1	515
1	609
1	609
1	727
1	426
1	609
1	727
1	426
0	220
0	879
1	140
1	50
0	802
0	150
1	48
1	152
1	609
1	727
1	426
0	220
0	879
1	140
1	50
1	609
1	727
1	426
0	220
0	879
1	140
1	50
0	802
0	150
1	48
1	152
1	341
1	609
1	727
1	426
0	220
0	879
1	140
1	50
0	802
0	150
1	48
1	152
1	341
1	609
1	727
1	426
0	220
0	879
1	140
1	50
0	802
0	150
1	48
1	152
1	341
1	593
1	609
1	727
1	426
0	220
0	879
1	140
1	50
0	802
0	150
1	48
1	152
1	341
1	593
1	545
1	914
1	914
1	51
0	787
1	328
1	914
1	51
0	787
1	328
0	813
1	353
0	643
0	38
1	914
1	51
0	787
1	328
0	813
1	353
0	643
0	38
1	501
1	778
1	814
1	914
1	51
0	787
1	328
0	813
1	353
0	643
0	38
1	501
1	778
1	814
1	234
1	914
1	51
0	787
1	328
0	813
1	353
0	643
0	38
1	501
1	778
1	814
1	234
1	914
1	51
0	787
1	328
0	813
1	353
0	643
0	38
1	501
1	778
1	814
1	234
1	914
1	51
0	787
1	328
0	813
1	353
0	643
0	38
1	501
1	778
1	814
1	234
1	700
1	878
1	214
1	214
1	219
1	423
1	214
1	219
1	423
0	626
1	110
1	214
1	219
1	423
0	626
1	110
1	894
1	214
1	219
1	423
0	626
1	110
1	894
1	667
1	214
1	219
1	423
0	626
1	110
1	894
1	667
1	214
1	219
1	423
0	626
1	110
1	894
1	667
0	191
1	224
1	214
1	219
1	423
0	626
1	110
1	894
1	667
0	191
1	224
1	34
0	854
0	946
1	761
1	830
0	292
1	658
1	441
0	716
1	101
1	628
1	96
1	96
0	548
1	45
1	6
1	96
0	548
1	45
1	6
1	543
1	96
0	548
1	45
1	6
1	543
1	118
1	96
0	548
1	45
1	6
1	543
1	118
0	966
1	322
1	635
1	96
0	548
1	45
1	6
1	543
1	118
0	966
1	322
1	635
1	96
0	548
1	45
1	6
1	543
1	118
0	966
1	322
1	635
1	96
0	548
1	45
1	6
1	543
1	118
0	966
1	322
1	635
0	456
1	32
1	792
1	39
1	171
1	171
0	269
1	870
1	954
1	171
0	269
1	870
1	954
1	441
1	652
1	171
0	269
1	870
1	954
1	441
1	652
1	171
0	269
1	870
1	954
1	441
1	652
1	378
1	171
0	269
1	870
1	954
1	441
1	652
1	378
1	171
0	269
1	870
1	954
1	441
1	652
1	378
1	991
1	171
0	269
1	870
1	954
1	441
1	652
1	378
1	991
0	445
1	893
1	612
0	609
1	814
0	444
0	836
1	437
0	679
1	464
1	885
1	837
1	640
1	616
1	616
1	426
0	553
1	171
1	616
1	426
0	553
1	171
0	930
0	654
0	85
1	616
1	426
0	553
1	171
0	930
0	654
0	85
1	655
0	493
1	616
1	426
0	553
1	171
0	930
0	654
0	85
1	655
0	493
1	448
1	828
0	457
1	283
1	178
1	554
1	616
1	426
0	553
1	171
0	930
0	654
0	85
1	655
0	493
1	448
1	828
0	457
1	283
1	178
1	616
1	426
0	553
1	171
0	930
0	654
0	85
1	655
0	493
1	448
1	828
0	457
1	283
1	178
1	554
1	616
1	426
0	553
1	171
0	930
0	654
0	85
1	655
0	493
1	448
1	828
0	457
1	283
1	178
1	554
1	566
1	21
1	416
1	416
0	791
1	703
1	210
1	416
0	791
1	703
1	210
1	42
1	416
0	791
1	703
1	210
1	42
1	881
1	416
0	791
1	703
1	210
1	42
1	881
0	232
1	548
1	861
0	635
1	552
1	991
1	639
1	416
0	791
1	703
1	210
1	42
1	881
0	232
1	548
1	861
0	635
1	552
1	991
1	416
0	791
1	703
1	210
1	42
1	881
0	232
1	548
1	861
0	635
1	552
1	991
1	416
0	791
1	703
1	210
1	42
1	881
0	232
1	548
1	861
0	635
1	552
1	991
1	639
0	128
0	128
0	282
1	791
0	131
0	128
0	282
1	791
0	131
0	751
0	128
0	282
1	791
0	131
0	751
1	431
1	365
0	166
1	338
1	348
0	128
0	282
1	791
0	131
0	751
1	431
1	365
0	166
1	338
1	348
1	765
1	465
0	128
0	282
1	791
0	131
0	751
1	431
1	365
0	166
1	338
1	348
1	765
0	128
0	282
1	791
0	131
0	751
1	431
1	365
0	166
1	338
1	348
1	765
1	465
0	128
0	282
1	791
0	131
0	751
1	431
1	365
0	166
1	338
1	348
1	765
1	465
1	24
1	884
0	121
0	121
1	316
0	801
1	75
1	699
0	121
1	316
0	801
1	75
1	699
1	666
0	121
1	316
0	801
1	75
1	699
1	666
1	947
0	121
1	316
0	801
1	75
1	699
1	666
1	947
1	299
0	121
1	316
0	801
1	75
1	699
1	666
1	947
1	299
0	121
1	316
0	801
1	75
1	699
1	666
1	947
1	299
0	121
1	316
0	801
1	75
1	699
1	666
1	947
1	299
0	282
1	690
1	105
1	543
0	904
1	261
1	771
0	137
0	96
1	333
1	304
1	142
0	739
0	532
0	138
0	255
1	55
1	977
1	689
1	266
1	491
1	655
1	784
1	523
1	343
1	186
1	776
0	635
0	297
1	590
0	313
0	160
0	466
1	4
1	602
1	806
1	502
0	305
0	270
0	274
1	273
0	733
1	389
1	829
0	230
0	229
0	203
0	241
0	439
0	56
0	314
0	379
1	838
1	421
0	144
0	505
0	236
1	83
0	597
0	111
0	151
0	476
1	985
1	51
0	611
1	163
0	564
0	907
1	573
1	869
1	80
1	842
0	779
1	313
1	576
1	253
1	367
1	968
0	161
1	585
1	64
0	998
0	752
1	944
0	512
1	345
0	330
0	298
0	135
1	721
0	696
0	814
0	821
1	795
0	345
1	25
1	655
0	739
1	497
0	547
1	338
1	730
0	584
1	670
0	415
1	272
0	173
0	20
0	764
1	323
1	14
1	669
0	553
1	707
1	501
1	523
1	644
1	368
0	103
0	507
1	222
1	626
1	679
1	765
0	125
1	490
0	292
1	453
1	478
1	486
0	226
0	321
0	110
1	142
0	752
0	451
1	690
1	975
1	904
1	777
1	112
0	509
0	109
0	972
0	68
1	624
0	200
1	274
1	668
1	81
1	516
1	156
0	365
0	42
0	852
0	907
0	701
0	198
0	34
1	564
0	468
1	604
0	25
1	886
1	438
0	933
0	483
1	600
1	87
1	879
1	917
1	699
0	181
1	228
1	928
1	970
1	298
0	13
1	929
1	871
1	295
1	446
1	238
1	145
1	177
1	91
1	992
0	946
0	916
0	280
1	566
0	991
0	171
0	498
1	206
0	290
1	902
1	829
1	10
0	939
0	195
1	969
0	623
1	91
0	274
0	825
1	834
0	359
0	700
1	706
0	501
1	708
0	705
1	286
0	937
1	926
1	351
1	137
1	193
1	854
1	40
1	85
1	476
0	302
0	675
0	933
1	878
1	57
0	178
0	438
0	264
0	335
0	926
1	154
1	718
0	592
0	371
0	315
1	202
0	918
1	402
0	449
0	165
0	139
1	606
0	884
1	666
1	951
1	165
1	986
0	491
0	364
0	919
0	858
0	326
1	336
1	224
1	143
1	800
1	494
1	321
0	62
0	245
1	623
0	668
1	295
0	951
1	540
1	233
1	67
1	523
1	596
1	965
0	665
1	629
1	355
1	813
0	811
1	396
1	5
1	737
0	526
1	714
0	558
1	788
1	729
1	155
1	29
1	547
1	390
0	76
0	243
1	569
1	912
1	451
1	3
0	635
1	158
1	721
0	108
0	359
1	160
1	851
1	903
1	57
0	809
1	352
1	240
1	929
1	261
0	638
1	278
1	845
0	173
1	708
0	393
1	313
1	554
1	655
0	470
1	909
1	986
1	493
1	812
0	878
1	261
0	254
1	987
1	539
1	557
1	6
0	0
1	922
1	315
0	459
1	125
1	375
1	925
0	670
1	506
1	643
0	994
0	882
1	125
0	171
0	451
1	819
0	377
1	624
0	521
0	727
1	283
1	651
1	750
1	570
1	663
1	170
1	175
1	495
0	351
1	41
0	40
1	475
0	493
1	89
1	710
1	150
1	393
1	211
1	913
1	117
1	420
0	12
0	526
0	208
0	859
1	782
1	345
1	620
1	921
0	551
0	364
1	259
1	947
1	633
1	587
0	362
1	669
1	590
1	192
1	683
1	604
1	219
0	508
1	25
1	431
0	491
0	922
1	126
1	6
0	471
0	281
1	379
0	14
0	919
1	594
0	29
0	22
1	727
0	223
0	822
0	391
0	70
1	937
0	837
1	626
1	811
1	929
0	689
1	637
1	2
1	214
0	8
0	12
1	15
0	73
0	66
0	28
0	18
1	14
1	11
0	61
0	36
0	53
0	34
0	22
0	27
1	74
0	57
1	49
1	46
1	0
1	22
1	76
0	34
1	79
1	10
1	14
1	52
1	51
1	15
1	10
0	57
1	53
1	14
1	12
0	82
1	60
0	34
0	59
0	61
0	29
0	47
1	48
0	30
0	40
0	5
0	69
0	22
0	2
0	7
0	72
1	40
1	29
1	56
0	54
0	27
0	42
1	51
0	23
0	19
0	6
0	59
0	40
1	62
1	78
0	18
0	53
0	48
0	35
0	68
0	10
1	33
1	53
1	72
0	67
0	18
0	54
1	48
0	58
1	19
1	38
1	45
0	35
1	77
1	73
1	61
1	9
1	12
1	26
0	60
1	14
0	82
0	17
1	56
0	10
0	73
0	63
0	54
0	5
0	66
0	58
0	45
0	43
1	69
0	48
0	52
1	57
0	22
0	60
1	34
0	27
0	21
0	72
1	2
0	71
1	57
0	76
1	89
0	39
1	66
1	0
1	98
1	37
0	65
0	41
0	54
0	43
1	27
0	49
1	51
1	27
0	49
1	51
1	27
0	49
1	51
0	28
1	86
0	75
0	51
0	28
1	86
0	75
0	51
0	28
1	86
0	75
0	51
0	38
0	60
0	38
0	60
0	38
0	60
0	42
1	51
0	89
0	78
0	5
0	34
0	42
1	51
0	89
0	78
0	42
1	51
0	89
0	78
1	3
1	83
1	3
1	83
1	3
1	83
1	82
1	82
0	54
0	29
0	70
1	82
0	54
0	29
0	70
1	82
0	54
0	29
0	70
0	10
1	82
0	54
0	29
0	70
0	10
1	22
1	40
1	44
1	15
1	48
1	71
1	77
1	95
1	80
1	41
1	42
1	55
1	55
1	62
1	55
1	62
1	55
1	62
0	88
1	27
1	55
1	62
0	88
1	27
0	38
0	38
0	80
0	38
0	80
0	38
0	80
0	34
0	38
0	80
0	34
0	95
0	95
0	71
0	95
0	71
0	95
0	71
0	81
0	95
0	71
0	81
0	58
0	58
1	83
0	34
0	58
1	83
0	34
0	58
1	83
0	34
1	75
1	88
1	91
1	92
0	58
1	83
0	34
1	75
1	88
1	91
1	92
0	10
1	12
1	57
1	13
0	10
0	86
1	2
0	16
1	63
0	38
0	24
0	55
1	85
1	57
1	54
0	28
0	52
0	91
1	27
1	62
1	69
0	99
0	99
0	86
0	30
0	50
1	64
1	72
0	82
0	81
1	76
0	42
0	58
0	99
0	86
0	30
0	50
1	64
1	72
0	82
0	81
0	99
0	86
0	30
0	50
1	64
1	72
0	82
0	81
1	76
0	42
0	58
0	44
0	60
1	38
1	38
1	9
1	35
1	64
0	2
1	22
1	38
1	9
1	35
1	64
0	2
1	22
1	58
1	14
1	38
1	9
1	35
1	64
0	2
1	22
1	58
1	14
1	48
1	30
1	12
1	38
1	9
1	35
1	64
0	2
1	22
1	58
1	14
1	48
1	30
1	38
1	9
1	35
1	64
0	2
1	22
1	58
1	14
1	48
1	30
1	12
1	96
1	42
1	42
1	13
0	40
1	88
0	51
1	62
1	72
1	42
1	13
0	40
1	88
0	51
1	62
1	72
1	7
1	42
1	13
0	40
1	88
0	51
1	62
1	72
1	7
1	89
0	95
0	95
0	89
1	20
1	8
1	57
1	70
1	48
1	24
0	95
0	89
1	20
1	8
1	57
1	70
1	48
0	95
0	89
1	20
1	8
1	57
1	70
1	48
1	24
0	84
1	64
1	65
1	75
0	74
1	45
1	30
0	95
0	89
1	20
1	8
1	57
1	70
1	48
1	24
0	84
1	64
1	65
1	75
0	74
1	45
1	30
1	98
0	95
0	89
1	20
1	8
1	57
1	70
1	48
1	24
0	84
1	64
1	65
1	75
0	74
1	45
1	30
1	98
1	53
1	62
0	46
1	58
1	54
1	91
0	65
0	65
0	28
0	43
0	62
1	84
0	70
0	65
0	28
0	43
0	62
1	84
0	70
1	4
0	50
0	99
0	9
0	65
0	28
0	43
0	62
1	84
0	70
1	4
0	50
0	99
0	9
0	64
0	65
0	28
0	43
0	62
1	84
0	70
1	4
0	50
0	99
0	9
0	64
1	92
1	53
1	18
0	1
1	32
0	38
0	79
0	58
1	78
0	10
0	73
0	67
0	65
0	28
0	43
0	62
1	84
0	70
1	4
0	50
0	99
0	9
0	64
1	92
1	53
1	18
0	1
1	32
0	38
0	79
0	58
1	78
0	10
0	73
0	67
1	86
0	91
0	37
0	13
0	13
1	48
1	9
0	92
0	45
0	70
1	68
1	87
1	60
1	31
0	24
1	58
0	13
1	48
1	9
0	92
0	45
0	70
1	68
1	87
1	60
1	31
0	13
1	48
1	9
0	92
0	45
0	70
1	68
1	87
1	60
1	31
0	24
1	58
0	56
1	72
1	52
0	13
1	48
1	9
0	92
0	45
0	70
1	68
1	87
1	60
1	31
0	24
1	58
0	56
1	72
1	52
0	13
1	48
1	9
0	92
0	45
0	70
1	68
1	87
1	60
1	31
0	24
1	58
0	56
1	72
1	52
1	57
0	89
1	82
1	4
1	63
1	67
1	8
1	10
0	65
0	74
0	32
1	19
1	86
1	2
1	83
0	35
1	43
1	88
0	43
0	43
0	73
0	74
0	88
0	22
0	43
0	73
0	74
0	88
0	22
0	75
0	43
0	73
0	74
0	88
0	22
0	75
0	14
0	54
0	20
0	26
0	43
0	73
0	74
0	88
0	22
0	75
0	14
0	54
0	20
0	43
0	73
0	74
0	88
0	22
0	75
0	14
0	54
0	20
0	26
1	27
1	27
1	57
0	62
1	40
1	14
1	71
1	27
1	57
0	62
1	40
1	14
1	71
0	84
0	9
1	8
1	30
1	94
1	52
0	78
1	60
1	27
1	57
0	62
1	40
1	14
1	71
0	84
0	9
1	8
1	30
1	94
1	52
1	27
1	57
0	62
1	40
1	14
1	71
0	84
0	9
1	8
1	30
1	94
1	27
1	57
0	62
1	40
1	14
1	71
0	84
0	9
1	8
1	30
1	94
1	52
0	78
1	60
1	68
0	51
0	85
1	65
0	28
1	77
0	32
1	95
0	47
1	58
1	39
1	91
1	56
1	25
1	42
1	29
0	80
1	49
0	0
1	24
1	74
0	75
1	73
0	96
0	10
1	6
1	83
1	2
1	32
1	97
0	83
1	77
1	42
1	92
1	47
1	44
0	27
0	28
0	33
0	40
0	63
0	88
0	40
1	11
0	81
0	5
0	54
1	71
1	67
1	72
1	89
0	28
0	38
1	0
1	19
1	70
1	44
1	92
0	46
1	87
1	31
1	91
1	66
0	93
1	8
1	20
0	20
0	61
0	85
0	17
1	21
0	42
1	34
0	33
0	8
0	3
1	98
1	23
1	15
0	86
1	90
0	82
1	63
0	10
0	85
0	41
1	66
0	19
0	20
1	29
1	60
0	48
1	43
0	56
1	54
0	25
0	40
1	60
1	56
0	39
1	78
0	16
1	13
0	6
0	80
0	60
0	19
1	98
0	28
1	65
0	94
0	73
1	46
0	71
0	19
1	10
1	6
1	53
1	46
1	29
1	41
0	10
0	42
0	22
0	46
0	92
1	40
1	85
0	12
0	80
0	39
1	72
0	7
0	74
0	63
0	89
1	8
0	22
1	5
1	60
1	75
0	96
0	16
0	21
0	20
1	40
1	85
0	12
0	80
0	39
1	72
0	7
0	74
0	63
0	89
1	8
0	22
1	5
1	60
1	75
0	96
0	16
0	21
1	40
1	85
0	12
0	80
0	39
1	72
0	7
0	74
0	63
0	89
1	40
1	85
0	12
0	80
0	39
1	72
0	7
0	74
0	63
0	89
1	56
0	71
1	15
0	18
0	2
1	45
1	42
1	21
0	82
0	39
1	13
0	90
1	31
1	8
1	22
1	79
1	3
0	55
1	13
1	73
1	72
1	95
1	33
0	62
1	6
0	2
1	14
1	67
0	82
0	10
1	64
1	38
1	27
1	63
1	17
1	77
0	20
0	97
1	26
1	14
1	95
0	87
1	65
1	67
0	9
0	50
0	70
1	94
0	40
0	3
0	82
1	54
0	80
0	74
0	21
1	68
1	46
1	23
1	33
1	83
1	59
1	97
0	85
1	93
1	66
1	5
1	62
0	50
1	31
0	4
1	69
1	36
0	15
1	52
0	8
0	37
0	90
0	88
1	93
0	49
0	16
0	43
0	73
0	32
0	88
0	25
0	30
1	30
0	5
0	68
1	62
1	91
1	36
1	61
1	72
0	57
1	11
1	9
1	6
1	20
1	50
1	19
0	90
1	35
1	51
0	36
1	22
1	78
0	96
0	25
0	64
0	57
1	76
1	0
1	96
1	52
0	81
1	3
0	87
0	79
0	11
1	6
0	99
0	89
