0	892
0	892
0	544
0	56
0	494
0	494
0	954
0	494
0	954
1	583
0	261
0	597
0	7
0	986
0	275
0	275
0	804
1	494
0	397
0	552
0	552
0	835
1	768
1	64
0	342
0	783
1	278
1	177
0	552
0	835
1	768
1	64
0	342
0	783
0	552
0	835
1	768
1	64
0	342
0	783
1	278
1	177
1	56
1	600
0	552
0	835
1	768
1	64
0	342
0	783
1	278
1	177
1	56
1	600
0	552
0	835
1	768
1	64
0	342
0	783
1	278
1	177
0	552
0	835
1	768
1	64
0	342
0	783
1	278
1	177
1	56
1	600
0	552
0	835
1	768
1	64
0	342
0	783
1	278
1	177
1	56
1	600
1	611
1	662
1	901
1	501
1	138
1	138
1	760
1	374
1	138
1	760
1	374
1	134
1	138
1	760
1	374
1	134
1	502
1	138
1	760
1	374
1	134
1	502
1	43
1	138
1	760
1	374
1	134
1	502
1	43
1	138
1	760
1	374
1	134
1	502
1	43
1	138
1	760
1	374
1	134
1	502
1	43
0	904
0	480
1	301
1	876
1	802
1	256
1	89
1	920
1	920
1	774
1	428
1	920
1	774
1	428
1	57
1	920
1	774
1	428
1	57
1	267
1	920
1	774
1	428
1	57
1	267
0	654
1	522
1	920
1	774
1	428
1	57
1	267
0	654
1	522
1	920
1	774
1	428
1	57
1	267
0	654
1	522
0	109
0	983
1	841
1	330
1	365
1	920
1	774
1	428
1	57
1	267
0	654
1	522
0	109
0	983
1	841
1	330
1	365
1	441
1	200
1	200
1	843
1	791
1	200
1	843
1	791
0	434
1	593
1	200
1	843
1	791
0	434
1	593
1	128
1	200
1	843
1	791
0	434
1	593
1	128
1	41
1	200
1	843
1	791
0	434
1	593
1	128
1	41
1	200
1	843
1	791
0	434
1	593
1	128
1	41
1	399
1	200
1	843
1	791
0	434
1	593
1	128
1	41
1	399
1	112
1	50
1	784
1	264
1	459
1	459
1	847
1	556
1	459
1	847
1	556
1	79
1	459
1	847
1	556
1	79
0	325
0	392
1	819
1	638
1	459
1	847
1	556
1	79
0	325
0	392
1	819
1	638
1	459
1	847
1	556
1	79
0	325
0	392
1	819
1	638
1	459
1	847
1	556
1	79
0	325
0	392
1	819
1	638
1	459
1	847
1	556
1	79
0	325
0	392
1	819
1	638
0	169
1	636
1	341
1	399
0	967
1	799
1	352
1	940
1	104
1	104
1	656
0	863
1	324
1	104
1	656
0	863
1	324
1	371
1	268
1	104
1	656
0	863
1	324
1	371
1	268
1	104
1	656
0	863
1	324
1	371
1	268
1	387
1	104
1	656
0	863
1	324
1	371
1	268
1	387
1	104
1	656
0	863
1	324
1	371
1	268
1	387
1	36
1	104
1	656
0	863
1	324
1	371
1	268
1	387
1	36
1	322
0	898
0	194
1	344
0	573
1	627
1	488
1	409
1	761
1	910
1	910
1	580
1	452
1	910
1	580
1	452
1	622
1	910
1	580
1	452
1	622
1	298
1	910
1	580
1	452
1	622
1	298
0	307
1	706
1	910
1	580
1	452
1	622
1	298
0	307
1	706
1	910
1	580
1	452
1	622
1	298
0	307
1	706
1	546
1	910
1	580
1	452
1	622
1	298
0	307
1	706
1	546
0	508
1	274
1	857
1	199
1	78
0	415
0	415
1	901
1	143
0	401
1	480
1	732
0	415
1	901
1	143
0	401
1	480
1	732
0	415
1	901
1	143
0	401
1	480
1	732
1	966
0	415
1	901
1	143
0	401
1	480
1	732
1	966
1	698
0	415
1	901
1	143
0	401
1	480
1	732
1	966
1	698
0	415
1	901
1	143
0	401
1	480
1	732
1	966
1	698
0	415
1	901
1	143
0	401
1	480
1	732
1	966
1	698
1	573
1	657
1	478
0	952
1	607
1	355
1	749
1	279
1	279
1	31
1	101
1	279
1	31
1	101
1	401
1	279
1	31
1	101
1	401
0	987
0	402
1	469
0	337
1	153
0	303
1	868
1	468
1	279
1	31
1	101
1	401
0	987
0	402
1	469
0	337
1	153
0	303
1	868
1	468
1	279
1	31
1	101
1	401
0	987
0	402
1	469
0	337
1	153
0	303
1	868
1	468
1	279
1	31
1	101
1	401
0	987
0	402
1	469
0	337
1	153
0	303
1	868
1	468
1	279
1	31
1	101
1	401
0	987
0	402
1	469
0	337
1	153
0	303
1	868
1	468
1	863
1	584
1	99
1	99
0	703
1	834
0	341
1	909
1	41
1	99
0	703
1	834
0	341
1	909
1	41
1	99
0	703
1	834
0	341
1	909
1	41
0	252
1	514
1	962
1	99
0	703
1	834
0	341
1	909
1	41
0	252
1	514
1	962
0	855
0	843
1	861
0	108
1	972
0	685
1	960
0	378
1	546
1	930
1	99
0	703
1	834
0	341
1	909
1	41
0	252
1	514
1	962
1	99
0	703
1	834
0	341
1	909
1	41
0	252
1	514
1	962
0	855
0	843
1	861
0	108
1	972
1	99
0	703
1	834
0	341
1	909
1	41
0	252
1	514
1	962
0	855
0	843
1	861
0	108
1	972
0	685
1	960
0	378
1	546
1	930
1	205
1	332
0	297
0	465
1	388
1	438
1	264
0	828
0	121
0	161
1	283
0	710
0	554
0	253
0	168
0	639
1	816
0	798
0	657
0	138
0	649
0	606
0	643
1	809
0	899
0	677
0	596
0	347
1	36
1	763
0	816
1	995
1	655
0	157
0	667
0	165
0	144
1	80
1	897
1	824
0	631
0	917
1	793
1	779
1	234
1	645
1	78
1	465
1	743
0	866
1	820
0	397
1	270
1	63
1	944
0	766
1	997
0	222
0	915
0	974
0	189
0	461
0	640
1	685
1	581
0	622
1	885
1	820
1	719
0	182
1	155
1	897
0	805
1	222
0	567
0	110
0	562
1	28
0	33
1	633
0	936
0	741
1	760
0	477
1	754
1	923
0	248
0	368
1	431
0	115
0	132
0	307
0	447
1	848
1	188
1	126
1	603
1	363
0	449
1	312
1	113
1	291
1	655
1	988
1	753
1	150
1	317
1	266
0	290
1	121
0	322
1	31
0	90
1	913
1	445
1	169
1	851
1	452
0	923
0	62
1	644
1	91
0	782
0	208
1	942
1	218
0	652
1	124
1	59
1	394
1	534
1	2
1	122
1	212
1	496
1	892
1	546
0	542
0	125
1	760
1	725
0	394
0	167
1	674
1	954
1	811
1	821
1	434
0	929
1	50
1	278
1	324
0	737
0	949
1	939
0	503
0	238
0	496
0	651
1	327
1	542
1	918
0	402
0	778
1	262
1	528
1	349
1	375
0	756
1	76
0	744
1	48
1	742
1	774
0	363
1	669
0	434
0	483
0	499
0	56
0	781
1	363
1	715
1	260
0	590
0	181
0	583
1	628
1	128
0	82
1	948
0	830
1	656
1	728
1	811
0	217
0	206
1	64
0	647
1	671
1	40
1	104
0	28
0	586
0	100
0	894
1	571
1	259
1	978
1	389
0	709
1	781
1	999
0	773
1	576
1	362
1	444
0	374
1	713
1	522
0	183
0	883
0	144
0	250
0	736
0	609
0	15
1	185
1	776
0	568
1	546
0	36
1	412
1	123
0	992
0	333
0	991
1	972
1	198
0	182
1	284
0	533
0	680
1	424
0	563
0	191
1	690
1	77
0	685
1	673
0	37
1	886
1	844
1	728
1	727
1	889
1	42
1	993
0	848
1	491
0	861
0	988
0	948
0	407
0	587
1	795
1	143
0	922
1	242
0	794
1	514
1	636
0	876
1	365
1	470
1	777
1	407
1	684
1	187
1	817
1	643
1	545
1	168
1	608
1	931
1	864
0	26
1	122
1	544
1	504
0	210
0	248
1	316
0	845
0	860
0	10
0	212
1	427
1	723
1	371
1	690
1	175
0	105
0	183
1	395
0	87
1	36
0	380
0	824
1	473
1	951
1	628
1	299
1	93
1	718
1	928
1	780
0	115
1	637
1	764
1	236
0	77
1	861
0	553
0	975
0	539
1	695
0	248
0	344
0	653
1	903
1	310
0	526
0	708
1	375
1	445
0	479
0	376
1	194
0	741
0	928
1	586
1	843
1	650
0	935
0	923
1	560
1	249
1	986
1	508
1	146
1	672
1	276
0	600
1	282
0	247
0	482
0	492
0	414
0	498
1	70
1	624
1	698
1	87
1	538
0	581
0	632
0	46
1	110
0	448
0	797
1	41
1	670
1	899
1	114
1	586
1	546
1	846
1	51
1	476
0	446
0	929
1	631
1	133
1	939
1	988
1	355
0	950
1	304
1	886
1	255
0	497
1	448
0	40
0	982
1	81
1	964
0	196
1	725
0	477
0	30
1	881
1	813
1	252
1	632
1	64
0	4
1	74
1	7
1	23
0	12
1	58
1	68
1	4
1	39
0	20
1	48
1	28
0	21
1	44
1	41
1	47
1	43
0	22
0	39
0	74
0	72
0	55
0	51
0	18
1	50
0	0
0	71
0	63
0	45
0	13
0	77
0	79
1	4
1	5
0	51
0	52
1	77
1	54
0	19
1	48
1	61
1	64
0	64
0	74
1	13
0	60
0	20
0	66
0	25
0	14
1	68
1	6
0	16
1	75
1	2
1	49
1	61
1	11
0	54
0	66
1	8
1	67
0	50
1	59
1	73
0	77
0	38
1	73
1	18
1	51
1	63
1	10
1	58
0	53
1	75
0	1
0	48
0	61
0	71
0	53
0	70
1	13
0	40
1	48
1	82
1	51
1	25
0	63
1	73
0	23
1	47
1	36
1	99
1	44
1	149
1	139
1	124
1	98
0	155
0	101
0	96
0	124
0	63
0	91
1	104
1	83
1	88
0	94
0	77
0	12
1	24
0	61
0	112
0	39
0	55
0	72
0	36
0	23
0	58
0	160
1	84
1	161
1	155
0	28
1	52
1	100
1	61
0	4
1	47
1	42
1	121
0	132
0	130
0	140
1	119
0	16
0	17
1	3
0	51
0	41
1	107
0	46
0	54
0	7
1	22
0	16
0	110
0	142
0	85
1	116
1	88
0	92
0	86
0	70
0	84
0	130
0	81
0	0
1	80
1	43
1	100
1	25
1	138
1	120
1	23
1	20
0	128
1	94
0	108
1	26
1	97
1	81
0	132
1	47
1	121
1	76
1	41
1	50
1	29
1	102
1	88
1	59
1	35
1	43
1	124
0	82
0	73
0	53
1	45
1	121
1	42
1	133
1	119
1	51
0	126
0	79
1	18
0	137
0	88
1	115
1	73
1	93
0	149
1	134
0	69
1	123
0	55
0	50
0	135
0	59
0	116
1	142
1	90
1	139
1	48
1	3
1	8
1	61
0	30
1	25
1	38
1	71
1	71
1	25
0	68
1	24
1	30
1	22
1	41
1	32
1	60
1	16
1	74
1	20
1	72
0	60
0	29
0	30
1	38
1	5
1	73
1	58
1	54
1	27
0	6
1	12
0	20
0	15
0	7
1	74
1	20
1	58
1	11
1	3
1	2
1	7
1	16
1	10
0	12
1	1
1	0
0	13
0	5
1	1
0	5
0	13
1	4
1	14
0	10
1	16
1	2
1	0
1	8
0	5
0	10
0	13
0	1
0	4
0	12
0	11
1	0
0	16
0	15
0	5
0	3
1	12
1	13
0	2
0	16
1	8
0	4
1	6
0	0
0	10
0	9
0	16
1	9
1	14
1	12
0	2
0	1
1	7
0	5
0	8
0	0
0	11
1	1
0	10
0	13
1	0
1	15
0	5
0	9
1	11
0	14
0	6
0	5
0	14
0	0
1	16
0	4
0	12
0	13
0	1
0	6
1	8
1	2
1	1
1	4
1	12
1	0
0	16
0	3
0	11
1	14
0	9
1	10
0	15
0	1
0	14
0	6
0	4
1	9
0	3
1	16
1	13
0	0
0	2
1	8
0	5
0	6
0	1
1	0
1	9
1	15
0	10
1	2
0	14
1	11
1	4
1	15
0	9
1	48
1	25
1	42
0	85
0	48
0	16
1	70
1	84
0	13
0	40
1	3
0	68
1	89
1	5
0	98
0	90
0	39
0	99
1	28
0	37
1	22
1	42
1	69
0	99
1	28
0	37
1	22
1	42
1	69
0	99
1	28
0	37
1	22
1	42
1	69
0	75
0	80
0	75
0	80
0	75
0	80
0	75
0	28
0	75
0	28
0	75
0	28
1	31
1	52
1	31
1	52
1	31
1	52
0	90
1	62
0	51
1	29
1	80
1	75
1	28
0	90
1	62
0	51
1	29
1	80
1	75
1	28
0	5
1	98
1	17
1	35
0	90
1	62
0	51
1	29
1	80
1	75
1	28
0	63
0	63
0	14
0	63
0	14
0	63
0	14
0	7
0	63
0	14
0	7
1	47
1	47
1	90
1	47
1	90
1	47
1	90
1	65
1	47
1	90
1	65
1	90
1	90
1	79
1	90
1	79
1	90
1	79
1	15
1	90
1	79
1	15
1	15
1	15
0	48
1	60
1	53
1	15
0	48
1	60
1	53
1	15
0	48
1	60
1	53
1	15
0	48
1	60
1	53
0	18
1	33
1	24
1	24
0	30
1	65
1	52
1	24
0	30
1	65
1	52
1	7
1	24
0	30
1	65
1	52
1	24
0	30
1	65
1	52
1	7
0	86
0	99
1	80
1	36
1	39
1	60
0	8
0	16
0	61
1	49
0	92
1	79
1	33
1	21
0	46
0	52
1	66
1	30
1	9
1	19
0	35
1	83
0	51
1	85
1	34
0	27
1	57
0	58
0	67
1	20
0	31
1	6
1	18
1	71
1	68
1	44
1	41
1	58
1	99
1	78
1	91
1	43
1	94
1	1
0	0
0	11
0	17
1	32
1	32
1	90
1	23
0	14
1	33
1	63
1	32
1	90
1	23
0	14
1	33
1	63
0	0
1	57
0	69
1	60
1	75
1	79
1	87
1	39
1	32
1	90
1	23
0	14
1	33
1	63
0	0
1	57
0	69
1	60
1	75
0	43
0	43
0	83
0	99
1	88
1	94
1	50
0	47
1	52
1	84
1	77
0	43
0	83
0	99
1	88
1	94
1	50
0	47
1	52
1	84
0	43
0	83
0	99
1	88
1	94
1	50
0	47
1	52
1	84
1	77
1	21
1	48
1	49
0	43
0	83
0	99
1	88
1	94
1	50
0	47
1	52
1	84
1	77
1	21
1	48
0	43
0	83
0	99
1	88
1	94
1	50
0	47
1	52
1	84
1	77
1	21
1	48
1	49
1	79
1	79
0	62
0	63
0	7
0	49
0	38
1	79
0	62
0	63
0	7
0	49
0	38
0	25
1	79
0	62
0	63
0	7
0	49
0	38
0	25
0	11
1	67
0	40
0	40
0	33
0	49
0	44
0	67
0	40
0	33
0	49
0	44
0	67
1	41
0	9
0	40
0	33
0	49
0	44
0	67
1	41
0	9
0	54
1	43
0	61
0	29
0	40
0	33
0	49
0	44
0	67
1	41
0	9
0	54
1	43
0	61
0	29
0	78
0	40
0	33
0	49
0	44
0	67
1	41
0	9
0	54
1	43
0	61
0	29
0	78
0	74
0	1
0	1
0	85
0	25
0	32
0	73
0	1
0	85
0	25
0	32
0	73
0	56
0	1
0	85
0	25
0	32
0	73
0	56
0	65
0	14
0	27
1	75
0	35
0	1
0	85
0	25
0	32
0	73
0	56
0	65
0	14
0	27
0	1
0	85
0	25
0	32
0	73
0	56
0	65
0	14
0	27
1	75
0	35
0	61
1	75
1	75
1	86
1	44
1	2
0	33
1	80
1	75
1	86
1	44
1	2
0	33
1	80
0	84
1	48
1	62
0	40
1	42
1	68
1	65
0	13
1	97
0	50
0	46
1	27
1	79
1	85
0	9
0	45
1	16
1	49
1	66
1	75
1	86
1	44
1	2
0	33
1	80
0	84
1	48
1	62
0	40
1	42
1	68
1	65
1	75
1	86
1	44
1	2
0	33
1	80
0	84
1	48
1	62
0	40
1	42
1	68
1	65
0	13
1	97
0	50
0	46
1	27
1	79
1	85
0	9
0	45
1	16
1	49
1	66
0	92
0	24
0	8
1	22
0	67
1	55
1	78
1	10
1	43
0	72
1	15
1	75
1	86
1	44
1	2
0	33
1	80
0	84
1	48
1	62
0	40
1	42
1	68
1	65
0	90
0	90
0	77
0	93
0	3
0	83
0	90
0	77
0	93
0	3
0	83
0	21
0	90
0	77
0	93
0	3
0	83
0	21
0	54
0	84
1	86
0	61
0	38
0	90
0	77
0	93
0	3
0	83
0	21
0	54
0	84
1	86
0	61
0	90
0	77
0	93
0	3
0	83
0	21
0	54
0	84
1	86
0	61
0	38
1	39
1	39
1	43
0	73
1	5
1	36
0	33
0	56
0	96
1	39
1	43
0	73
1	5
1	36
0	33
0	56
0	96
0	87
1	44
1	23
0	37
0	0
0	12
0	82
0	77
1	39
1	43
0	73
1	5
1	36
0	33
0	56
0	96
0	87
1	44
1	23
0	37
0	0
0	12
0	82
0	77
0	8
0	83
1	20
1	34
0	81
0	47
0	99
0	66
0	49
0	53
0	88
1	39
1	43
0	73
1	5
1	36
0	33
0	56
0	96
0	87
1	44
1	23
0	37
0	0
0	12
0	82
0	77
0	8
0	83
1	20
1	34
0	81
0	47
0	99
0	66
0	49
0	53
0	88
0	4
1	39
1	43
0	73
1	5
1	36
0	33
0	56
0	96
0	87
1	44
1	23
0	37
0	0
0	12
0	82
0	77
0	8
0	83
1	20
1	34
0	81
0	47
0	99
0	66
0	54
1	87
1	81
0	60
1	25
0	18
0	47
0	23
0	57
0	85
0	83
1	50
0	49
1	35
1	8
1	82
0	52
0	16
0	55
0	2
0	94
0	69
1	25
0	15
0	64
1	88
1	12
1	69
0	66
0	76
0	92
0	77
0	22
0	30
0	31
0	34
0	0
0	16
0	49
0	75
0	18
1	24
0	70
0	29
1	37
1	67
1	97
1	6
1	57
1	46
1	2
1	11
1	69
1	42
1	65
1	25
1	75
1	50
1	14
0	38
1	10
0	33
1	19
1	35
0	49
1	23
1	34
0	56
0	27
0	1
0	14
0	95
0	4
0	94
0	69
1	55
1	24
1	10
0	44
0	42
0	95
0	93
0	91
1	37
0	56
0	94
0	57
0	77
0	40
1	73
1	4
0	22
1	87
0	99
1	11
1	18
1	63
1	51
1	45
0	21
1	3
1	93
0	82
0	25
0	3
1	56
0	9
1	62
1	19
1	88
1	91
0	82
0	25
0	3
1	56
0	9
1	62
1	19
1	88
1	91
0	82
0	25
0	3
1	56
0	9
1	62
1	19
1	88
1	91
0	82
0	25
0	3
1	56
0	9
1	62
1	19
1	88
1	91
1	24
1	96
0	56
1	9
0	41
0	17
0	47
0	40
1	48
1	92
0	32
1	28
1	13
1	5
1	1
0	26
0	48
1	23
0	13
1	72
0	87
1	25
0	84
0	71
0	55
1	43
1	96
0	65
1	11
0	14
1	41
0	6
0	57
1	95
1	54
1	37
0	39
0	37
0	50
1	31
0	34
1	43
1	91
0	3
0	87
0	42
0	90
1	54
0	45
0	14
1	71
1	35
0	97
1	63
0	93
0	24
1	96
1	98
0	49
1	92
0	70
1	5
0	26
1	99
0	25
0	51
0	22
1	2
0	88
1	15
1	16
1	21
1	92
0	0
0	58
0	57
0	55
0	40
0	83
0	21
1	14
0	42
0	19
1	74
1	9
0	44
0	64
0	29
1	75
0	33
1	28
1	20
0	70
0	3
0	8
0	18
0	4
0	39
0	34
0	35
0	6
0	75
0	48
0	90
0	99
0	70
1	72
1	16
1	74
1	5
1	40
1	77
1	59
0	82
0	74
0	63
1	89
1	48
0	24
0	86
0	70
0	48
0	61
0	74
0	79
0	46
1	59
1	63
0	54
1	13
0	0
0	3
0	25
1	64
0	21
0	75
0	49
0	67
1	69
1	34
0	17
