0	725
0	725
0	30
1	242
1	350
1	350
0	642
1	350
0	642
0	303
0	61
0	567
0	369
0	21
0	338
0	338
1	688
1	499
1	405
1	713
1	713
1	295
1	868
1	713
1	295
1	868
0	455
1	498
1	713
1	295
1	868
0	455
1	498
1	759
1	713
1	295
1	868
0	455
1	498
1	759
1	623
1	713
1	295
1	868
0	455
1	498
1	759
1	623
1	713
1	295
1	868
0	455
1	498
1	759
1	623
1	275
1	713
1	295
1	868
0	455
1	498
1	759
1	623
1	275
1	151
1	955
0	216
1	181
0	729
1	240
0	600
1	194
0	612
1	68
1	469
1	734
0	773
0	773
1	69
1	248
1	449
0	773
1	69
1	248
1	449
1	243
0	773
1	69
1	248
1	449
1	243
1	86
0	773
1	69
1	248
1	449
1	243
1	86
1	657
0	773
1	69
1	248
1	449
1	243
1	86
1	657
0	773
1	69
1	248
1	449
1	243
1	86
1	657
1	384
0	773
1	69
1	248
1	449
1	243
1	86
1	657
1	384
1	783
1	527
1	103
1	965
1	106
1	106
1	498
1	506
1	106
1	498
1	506
1	747
1	106
1	498
1	506
1	747
1	190
1	106
1	498
1	506
1	747
1	190
0	296
1	671
1	106
1	498
1	506
1	747
1	190
0	296
1	671
1	106
1	498
1	506
1	747
1	190
0	296
1	671
1	719
1	106
1	498
1	506
1	747
1	190
0	296
1	671
1	719
1	287
0	944
1	463
1	958
1	165
1	573
1	573
1	332
0	862
1	665
1	573
1	332
0	862
1	665
1	941
0	869
1	395
1	573
1	332
0	862
1	665
1	941
0	869
1	395
1	61
0	106
0	389
1	417
1	50
1	925
1	573
1	332
0	862
1	665
1	941
0	869
1	395
1	61
1	573
1	332
0	862
1	665
1	941
0	869
1	395
1	61
1	573
1	332
0	862
1	665
1	941
0	869
1	395
1	61
1	573
1	332
0	862
1	665
1	941
0	869
1	395
1	61
0	106
0	389
1	417
1	50
1	925
1	56
1	752
1	752
0	978
1	987
0	824
1	306
1	986
1	752
0	978
1	987
0	824
1	306
1	986
1	752
0	978
1	987
0	824
1	306
1	986
1	362
1	752
0	978
1	987
0	824
1	306
1	986
1	362
0	896
1	543
1	665
1	752
0	978
1	987
0	824
1	306
1	986
1	362
0	896
1	543
1	665
1	752
0	978
1	987
0	824
1	306
1	986
1	362
0	896
1	543
1	665
1	752
0	978
1	987
0	824
1	306
1	986
1	362
0	896
1	543
1	665
0	23
1	48
1	972
0	407
1	237
1	222
1	477
1	631
1	631
1	272
1	842
1	631
1	272
1	842
1	232
1	631
1	272
1	842
1	232
1	750
1	631
1	272
1	842
1	232
1	750
1	412
1	631
1	272
1	842
1	232
1	750
1	412
1	631
1	272
1	842
1	232
1	750
1	412
1	631
1	272
1	842
1	232
1	750
1	412
1	798
1	463
1	505
1	883
1	523
1	523
1	55
1	580
1	523
1	55
1	580
1	238
1	523
1	55
1	580
1	238
1	436
1	523
1	55
1	580
1	238
1	436
1	692
1	523
1	55
1	580
1	238
1	436
1	692
1	523
1	55
1	580
1	238
1	436
1	692
1	523
1	55
1	580
1	238
1	436
1	692
1	386
1	739
1	561
0	657
1	738
1	539
1	373
1	373
1	553
0	976
1	122
1	373
1	553
0	976
1	122
1	560
1	373
1	553
0	976
1	122
1	560
1	2
1	373
1	553
0	976
1	122
1	560
1	2
1	109
1	373
1	553
0	976
1	122
1	560
1	2
1	109
1	373
1	553
0	976
1	122
1	560
1	2
1	109
1	532
1	373
1	553
0	976
1	122
1	560
1	2
1	109
1	532
0	200
1	448
1	758
1	660
1	583
1	547
1	547
1	118
1	802
1	547
1	118
1	802
1	796
1	547
1	118
1	802
1	796
1	256
1	547
1	118
1	802
1	796
1	256
1	831
1	547
1	118
1	802
1	796
1	256
1	831
1	547
1	118
1	802
1	796
1	256
1	831
1	547
1	118
1	802
1	796
1	256
1	831
1	546
1	201
1	178
1	358
0	936
0	936
1	882
0	829
1	907
1	168
0	936
1	882
0	829
1	907
1	168
1	462
0	936
1	882
0	829
1	907
1	168
1	462
0	740
1	586
0	936
1	882
0	829
1	907
1	168
1	462
0	740
1	586
0	38
1	275
1	614
1	905
0	936
1	882
0	829
1	907
1	168
1	462
0	740
1	586
0	38
1	275
1	614
0	936
1	882
0	829
1	907
1	168
1	462
0	740
1	586
0	38
1	275
1	614
1	905
0	16
0	269
1	601
0	869
1	215
1	764
0	936
1	882
0	829
1	907
1	168
1	462
0	740
1	586
0	38
1	275
1	614
1	905
0	16
0	269
1	601
0	869
1	215
1	764
0	287
1	80
1	117
1	591
1	154
0	470
1	311
1	18
1	913
1	824
1	431
0	426
0	28
1	207
0	213
0	996
0	954
0	147
1	846
0	619
1	761
1	264
1	353
0	869
1	854
1	688
1	23
0	379
0	229
0	3
0	169
1	345
0	992
0	765
1	467
0	177
1	649
0	78
1	703
1	592
0	502
1	759
0	663
1	15
0	233
1	265
1	961
0	792
1	182
0	560
1	595
1	97
1	460
1	688
1	438
1	684
0	86
1	178
1	127
1	436
1	431
0	789
0	974
1	500
1	708
1	550
0	991
0	121
0	791
0	28
0	893
0	668
0	309
0	313
1	653
1	105
0	372
1	37
0	773
0	613
0	107
0	812
0	416
1	614
0	233
1	582
0	534
0	555
0	448
1	837
0	145
0	363
0	937
0	351
1	731
0	376
0	795
0	667
1	643
1	677
1	548
1	849
1	675
1	123
1	114
1	288
1	595
1	308
1	335
0	636
0	162
0	279
0	753
0	208
1	756
1	876
1	901
1	90
1	78
1	208
1	850
1	598
1	68
1	299
0	582
0	889
0	953
0	443
1	404
1	842
1	182
1	975
0	490
1	638
1	774
0	748
1	108
1	975
0	892
1	972
1	993
1	881
0	713
1	750
1	649
1	408
1	624
1	217
1	470
1	717
1	963
1	498
1	418
1	427
1	387
1	582
1	274
0	527
0	278
0	705
0	740
0	577
1	901
1	473
0	61
0	136
0	720
0	581
1	853
1	275
1	977
0	908
1	819
0	639
0	970
1	544
1	789
1	570
0	543
1	116
1	964
0	993
0	656
1	256
0	901
0	240
0	703
1	763
0	139
1	267
1	412
0	34
1	651
1	301
0	334
0	873
0	280
0	869
0	387
0	282
0	556
0	194
1	922
1	930
0	932
1	98
1	6
1	830
0	894
0	411
0	394
1	936
0	27
0	38
0	431
0	591
1	80
1	266
0	727
1	734
1	572
0	929
1	870
1	158
0	695
1	579
0	310
1	317
0	248
0	200
0	519
0	727
1	550
1	807
0	455
1	259
1	338
0	3
1	36
1	840
0	782
0	554
0	245
1	659
0	615
1	790
0	247
0	363
1	791
0	296
1	178
1	201
0	434
1	717
0	280
0	394
0	911
0	479
0	804
0	965
1	215
0	727
0	83
1	507
1	151
1	316
0	672
0	736
1	83
1	502
0	557
1	837
1	395
1	501
1	373
1	197
0	550
0	948
1	15
1	7
1	742
1	941
1	872
0	834
1	235
0	422
1	165
0	707
0	357
1	277
0	504
1	864
1	34
1	592
1	977
1	488
1	632
1	47
1	92
0	18
1	798
1	432
1	707
1	295
1	429
1	119
1	24
0	511
1	232
1	825
1	618
1	254
1	49
1	95
0	844
0	508
1	877
1	842
1	918
0	326
1	271
0	637
1	302
0	37
0	615
1	44
1	511
1	11
0	908
0	403
0	635
0	197
0	854
0	995
0	541
0	705
1	903
1	833
0	502
0	366
1	191
0	439
1	433
1	951
1	237
1	556
1	926
1	589
1	408
1	121
1	107
0	518
1	577
1	316
1	343
0	178
0	305
1	988
1	759
1	701
0	344
1	311
0	692
1	38
0	855
1	130
0	216
1	268
1	788
1	861
0	777
1	114
0	491
0	669
0	63
0	252
1	583
1	640
0	569
0	489
1	968
1	879
0	582
1	676
1	933
0	549
0	748
0	810
1	638
0	433
0	816
1	301
1	293
0	337
1	221
1	892
0	310
1	953
0	615
1	540
1	816
0	332
1	879
0	581
0	402
0	916
0	731
0	385
1	209
1	751
0	695
0	702
1	287
1	322
1	167
1	63
1	82
1	64
1	2
0	58
0	32
1	38
0	45
1	48
1	66
1	36
1	14
0	56
0	35
0	12
0	31
0	25
0	72
0	32
0	16
1	21
1	10
1	45
1	4
1	29
0	60
1	17
0	71
0	48
1	24
1	68
1	39
0	47
1	49
0	11
1	19
1	12
1	61
1	59
1	5
1	17
1	47
1	50
0	4
0	31
1	82
0	44
0	66
1	43
1	68
1	54
1	63
1	30
0	26
1	76
1	7
1	40
0	9
0	24
1	68
0	11
0	80
1	12
1	48
1	29
1	45
1	77
1	16
0	1
0	20
0	23
0	55
0	69
1	72
0	24
1	70
0	50
0	10
0	70
0	8
1	78
0	71
0	26
0	13
1	27
0	46
1	31
0	51
0	19
0	43
0	26
0	54
0	47
1	0
1	64
1	72
0	22
1	29
1	79
1	3
1	16
0	24
0	45
0	42
0	70
0	51
0	73
1	22
0	41
0	79
0	14
0	66
1	33
0	61
0	75
0	33
0	50
1	70
0	78
0	63
0	36
0	44
0	160
0	93
0	47
0	23
1	40
1	58
1	119
0	147
0	44
0	122
1	49
0	2
1	59
0	36
0	61
0	86
0	48
0	6
0	67
0	63
0	2
0	115
1	141
1	134
1	125
1	94
1	27
1	29
0	79
0	73
1	128
0	113
0	25
0	41
1	59
0	130
0	37
1	4
1	25
1	2
0	45
1	15
1	31
1	29
1	51
0	11
0	48
1	19
1	66
0	15
0	67
1	22
0	24
1	12
0	65
0	6
0	2
1	8
1	3
1	19
0	13
0	20
0	24
1	40
1	12
1	51
1	46
1	49
1	54
1	75
1	10
1	12
0	13
1	4
1	14
1	3
1	15
0	1
1	10
0	2
1	12
0	8
1	0
1	5
1	11
1	12
1	0
0	8
1	11
1	16
1	3
1	7
0	4
0	1
1	2
1	6
1	5
0	5
1	11
1	0
0	13
0	8
1	10
1	2
0	1
0	6
0	14
0	2
1	6
0	4
0	0
1	14
1	9
0	1
1	3
0	11
0	5
0	5
1	1
0	11
0	2
1	7
1	0
0	10
0	14
0	8
0	6
0	13
1	7
1	0
0	9
0	5
1	12
1	8
1	10
1	3
1	11
0	16
1	0
1	9
0	1
1	15
0	12
1	4
0	8
1	13
0	7
0	3
0	14
1	6
1	5
1	13
1	11
1	3
1	9
1	1
0	0
0	4
0	10
1	14
1	12
1	2
1	7
0	15
1	16
0	8
0	8
0	8
0	8
0	8
0	8
0	8
0	8
0	8
0	8
0	6
0	7
0	3
0	14
0	0
0	2
0	12
1	8
0	4
0	2
1	9
0	14
0	0
1	4
0	10
1	16
0	15
1	13
0	12
0	6
0	1
1	3
0	5
1	94
1	18
1	66
1	91
0	26
1	43
1	36
1	22
1	22
0	6
0	96
0	10
1	59
0	64
1	47
0	95
1	17
0	19
0	37
0	3
1	22
0	66
1	82
0	42
1	4
1	72
0	50
0	31
0	32
1	83
0	9
1	69
0	52
1	63
0	79
0	20
1	35
1	44
1	83
0	9
1	69
0	52
1	63
0	79
0	20
1	35
1	44
1	83
0	9
1	69
0	52
1	63
0	79
0	20
1	35
1	44
0	89
0	90
0	89
0	90
0	89
0	90
1	0
0	39
1	80
1	10
1	0
0	39
1	80
1	10
1	0
0	39
1	80
1	10
1	46
1	42
1	67
1	92
1	67
1	92
1	67
1	92
0	75
1	60
1	65
0	39
0	62
0	13
0	4
0	75
1	60
1	65
0	39
0	62
0	13
0	4
1	87
0	41
0	75
1	60
1	65
0	39
0	62
0	13
0	4
1	81
1	81
1	69
1	81
1	69
1	81
1	69
0	96
1	57
1	43
1	81
1	69
0	96
1	57
1	43
1	42
1	42
0	55
0	44
1	59
1	57
1	25
0	1
1	2
1	19
1	42
0	55
0	44
1	59
1	57
1	25
0	1
1	2
1	19
1	49
1	42
0	55
0	44
1	59
1	57
1	25
0	1
1	2
1	19
1	49
1	73
1	8
1	42
0	55
0	44
1	59
1	57
1	25
0	1
1	2
1	19
1	49
1	73
1	8
0	62
0	62
0	82
0	62
0	82
0	62
0	82
1	38
0	89
0	57
0	62
0	82
1	38
0	89
0	57
1	10
1	10
0	23
1	18
1	26
1	10
0	23
1	18
1	26
1	10
0	23
1	18
1	26
1	10
0	23
1	18
1	26
0	71
0	71
0	36
0	71
0	36
0	71
0	36
0	50
0	71
0	36
0	50
1	93
0	71
0	12
1	27
0	92
0	59
0	9
0	8
0	61
0	34
1	73
0	57
1	41
0	94
0	40
0	59
1	16
0	55
1	79
0	67
0	17
0	95
0	32
0	72
0	30
0	70
1	21
1	71
1	44
0	41
1	17
1	43
1	86
0	73
0	91
0	50
0	43
1	37
0	1
0	65
0	54
1	59
1	68
0	9
0	36
1	99
0	98
0	35
1	31
0	50
1	76
1	17
0	86
1	63
0	32
1	5
0	66
0	45
0	79
1	25
0	85
0	0
0	12
0	47
0	14
0	21
0	81
0	81
1	17
1	50
1	87
1	79
1	66
0	81
1	17
1	50
1	87
1	79
1	66
0	55
1	56
1	44
0	67
1	9
0	7
1	99
0	14
1	68
1	1
0	81
1	17
1	50
1	87
1	79
1	66
0	55
1	56
1	44
0	67
1	9
0	7
1	99
0	14
1	68
1	1
1	54
1	54
1	33
0	94
1	58
1	41
1	2
1	54
1	33
0	94
1	58
1	41
1	2
0	27
0	1
1	4
1	46
1	77
1	36
1	54
1	33
0	94
1	58
1	41
1	2
0	27
0	1
1	4
1	46
1	77
1	36
1	54
1	33
0	94
1	58
1	41
1	2
0	27
0	1
1	4
1	46
1	77
1	54
1	33
0	94
1	58
1	41
1	2
0	27
0	1
1	4
1	46
1	77
1	36
1	42
1	42
1	15
1	12
1	63
1	83
1	42
1	15
1	12
1	63
1	83
0	90
1	61
1	42
1	15
1	12
1	63
1	83
0	90
1	61
1	94
0	86
0	78
0	78
1	18
1	45
1	76
1	71
0	92
1	30
1	1
1	20
0	78
1	18
1	45
1	76
1	71
0	92
1	30
0	78
1	18
1	45
1	76
1	71
0	92
1	30
1	1
1	20
1	14
0	23
0	88
1	32
1	98
1	94
0	29
1	33
1	70
1	11
0	78
1	18
1	45
1	76
1	71
0	92
1	30
1	1
1	20
1	14
0	23
0	88
1	32
1	98
1	94
0	29
1	33
1	70
0	78
1	18
1	45
1	76
1	71
0	92
1	30
1	1
1	20
1	14
0	23
0	88
1	32
1	98
1	94
0	29
1	33
1	70
1	11
0	54
0	19
1	85
1	49
1	63
1	41
1	75
1	77
1	63
1	63
1	0
1	30
1	19
1	66
1	63
1	0
1	30
1	19
1	66
1	10
1	63
1	0
1	30
1	19
1	66
1	10
1	38
0	15
1	26
0	48
1	59
1	20
1	63
1	0
1	30
1	19
1	66
1	10
1	38
0	15
1	26
0	48
1	59
1	20
1	18
1	63
1	0
1	30
1	19
1	66
1	10
1	38
0	15
1	26
0	48
1	59
1	20
1	44
1	44
1	16
1	5
1	78
1	88
1	44
1	16
1	5
1	78
1	88
0	8
1	4
1	44
1	16
1	5
1	78
1	88
0	8
1	4
1	73
1	13
1	62
1	44
1	16
1	5
1	78
1	88
0	8
1	4
1	73
1	13
1	62
1	44
1	16
1	5
1	78
1	88
0	8
1	4
1	73
1	13
1	62
1	77
1	52
1	95
1	95
1	11
1	69
1	28
1	66
1	95
1	11
1	69
1	28
1	66
0	53
1	24
1	95
1	11
1	69
1	28
1	66
0	53
1	24
1	71
0	25
1	33
1	54
1	95
1	11
1	69
1	28
1	66
0	53
1	24
1	71
0	25
1	33
1	54
1	95
1	11
1	69
1	28
1	66
0	53
1	24
1	71
0	25
1	33
1	54
1	9
1	33
1	33
0	5
0	12
1	14
1	56
1	71
1	33
0	5
0	12
1	14
1	56
1	71
0	30
0	9
0	45
1	33
0	5
0	12
1	14
1	56
1	71
0	30
0	9
0	45
0	20
1	80
1	53
0	64
0	19
0	51
0	67
1	22
0	47
0	28
0	63
1	33
0	5
0	12
1	14
1	56
1	71
0	30
0	9
0	45
0	20
1	80
1	53
0	64
0	19
0	51
0	67
1	22
0	47
0	28
0	63
0	62
1	33
0	5
0	12
1	14
1	56
1	71
0	30
0	9
0	45
0	20
1	80
1	53
0	64
0	19
0	51
0	67
1	22
0	47
0	28
0	63
0	86
0	62
1	28
1	39
0	46
0	32
0	14
0	98
0	63
0	34
0	85
0	20
0	77
1	26
0	53
1	63
0	69
1	22
1	41
1	81
1	17
0	73
0	27
1	91
0	88
0	70
1	2
1	21
0	76
1	20
1	61
1	63
1	83
1	53
1	25
1	20
1	20
0	85
0	60
0	95
0	16
1	2
0	92
0	50
0	0
1	54
0	39
0	11
0	8
0	46
0	21
0	55
0	13
1	62
0	17
0	82
1	22
1	41
1	92
1	94
0	2
1	26
0	3
1	81
1	98
0	15
1	88
1	54
0	83
0	4
0	43
0	4
1	30
0	64
1	11
0	9
0	24
0	1
0	60
0	7
0	21
0	40
0	57
0	11
1	16
0	38
0	67
1	74
1	85
1	26
1	6
0	8
1	74
1	94
0	84
0	56
1	60
0	14
1	81
1	63
0	0
1	69
1	76
1	39
1	29
1	75
1	92
0	88
1	15
0	58
1	13
1	39
1	30
0	73
1	61
1	0
1	19
0	88
1	15
0	58
1	13
1	39
1	30
0	73
1	61
1	0
0	88
1	15
0	58
1	13
1	39
1	30
0	73
1	61
1	0
0	88
1	15
0	58
1	13
1	39
1	30
0	73
1	61
1	0
1	78
1	94
1	22
0	74
1	51
1	49
0	67
0	20
0	80
0	41
0	49
1	28
1	25
1	31
1	72
0	16
0	71
1	19
1	68
1	90
0	46
1	42
1	38
1	60
0	31
1	7
0	74
1	94
1	67
1	46
1	90
0	20
1	88
0	37
0	40
0	11
