0	752
0	752
0	84
0	281
0	155
0	155
0	155
0	568
0	454
1	392
1	499
1	376
0	467
0	847
0	847
0	413
0	515
1	875
1	875
0	315
1	993
1	163
1	875
0	315
1	993
1	163
1	383
1	875
0	315
1	993
1	163
1	383
1	2
1	875
0	315
1	993
1	163
1	383
1	2
1	326
1	875
0	315
1	993
1	163
1	383
1	2
1	326
1	875
0	315
1	993
1	163
1	383
1	2
1	326
0	208
1	434
1	410
1	875
0	315
1	993
1	163
1	383
1	2
1	326
0	208
1	434
1	410
0	21
1	352
1	867
0	40
1	63
0	483
1	788
1	250
0	581
1	393
1	260
1	568
1	568
0	718
1	892
1	923
1	568
0	718
1	892
1	923
1	436
1	568
0	718
1	892
1	923
1	436
1	561
1	568
0	718
1	892
1	923
1	436
1	561
1	537
1	568
0	718
1	892
1	923
1	436
1	561
1	537
1	568
0	718
1	892
1	923
1	436
1	561
1	537
0	317
1	31
1	644
1	568
0	718
1	892
1	923
1	436
1	561
1	537
0	317
1	31
1	644
1	532
1	160
1	992
1	893
1	893
1	752
1	835
1	893
1	752
1	835
0	692
1	774
1	893
1	752
1	835
0	692
1	774
1	374
1	893
1	752
1	835
0	692
1	774
1	374
1	570
1	893
1	752
1	835
0	692
1	774
1	374
1	570
1	893
1	752
1	835
0	692
1	774
1	374
1	570
1	192
1	893
1	752
1	835
0	692
1	774
1	374
1	570
1	192
1	367
1	958
1	615
1	558
1	713
1	713
1	117
0	869
1	101
1	713
1	117
0	869
1	101
0	310
1	257
1	815
1	884
1	713
1	117
0	869
1	101
0	310
1	257
1	815
1	713
1	117
0	869
1	101
0	310
1	257
1	815
1	884
1	713
1	117
0	869
1	101
0	310
1	257
1	815
1	884
1	713
1	117
0	869
1	101
0	310
1	257
1	815
1	884
1	713
1	117
0	869
1	101
0	310
1	257
1	815
1	884
1	910
1	588
1	66
1	634
1	625
1	660
1	660
1	431
1	341
1	660
1	431
1	341
0	702
1	587
1	660
1	431
1	341
0	702
1	587
0	903
1	696
1	72
1	660
1	431
1	341
0	702
1	587
0	903
1	696
1	72
1	660
1	431
1	341
0	702
1	587
0	903
1	696
1	72
1	660
1	431
1	341
0	702
1	587
0	903
1	696
1	72
1	660
1	431
1	341
0	702
1	587
0	903
1	696
1	72
1	268
0	224
1	314
1	213
1	487
0	552
0	552
1	586
1	973
1	366
0	552
1	586
1	973
1	366
1	910
1	118
0	552
1	586
1	973
1	366
1	910
1	118
0	552
1	586
1	973
1	366
1	910
1	118
1	400
0	552
1	586
1	973
1	366
1	910
1	118
1	400
0	552
1	586
1	973
1	366
1	910
1	118
1	400
1	152
0	552
1	586
1	973
1	366
1	910
1	118
1	400
1	152
1	141
0	45
0	704
1	320
0	896
1	742
1	914
1	98
1	880
1	160
1	160
0	228
0	982
1	565
0	557
0	612
1	160
0	228
0	982
1	565
0	557
0	612
1	160
0	228
0	982
1	565
0	557
0	612
1	545
0	476
1	651
1	347
1	785
0	638
1	506
1	7
1	160
0	228
0	982
1	565
0	557
0	612
1	545
0	476
1	651
1	347
1	785
1	160
0	228
0	982
1	565
0	557
0	612
1	545
0	476
1	651
1	347
1	785
1	160
0	228
0	982
1	565
0	557
0	612
1	545
0	476
1	651
1	347
1	160
0	228
0	982
1	565
0	557
0	612
1	545
0	476
1	651
1	347
1	785
0	638
1	506
1	7
1	427
1	998
1	2
1	248
1	248
0	490
0	93
1	817
1	122
1	248
0	490
0	93
1	817
1	122
1	621
1	248
0	490
0	93
1	817
1	122
1	621
0	806
0	737
1	850
1	530
1	97
1	248
0	490
0	93
1	817
1	122
1	621
0	806
0	737
1	850
1	530
1	97
1	248
0	490
0	93
1	817
1	122
1	621
0	806
0	737
1	850
1	530
1	97
1	616
1	248
0	490
0	93
1	817
1	122
1	621
0	806
0	737
1	850
1	530
1	97
1	616
1	248
0	490
0	93
1	817
1	122
1	621
0	806
0	737
1	850
1	530
1	97
1	616
1	284
1	229
1	729
1	729
1	590
1	936
1	729
1	590
1	936
1	923
1	729
1	590
1	936
1	923
0	429
1	256
1	729
1	590
1	936
1	923
0	429
1	256
1	504
1	729
1	590
1	936
1	923
0	429
1	256
1	504
1	729
1	590
1	936
1	923
0	429
1	256
1	504
1	796
1	729
1	590
1	936
1	923
0	429
1	256
1	504
1	796
1	221
0	666
1	270
0	160
0	639
1	800
1	884
1	252
1	33
1	33
1	941
1	429
1	33
1	941
1	429
1	935
1	33
1	941
1	429
1	935
1	502
1	33
1	941
1	429
1	935
1	502
1	989
1	33
1	941
1	429
1	935
1	502
1	989
1	33
1	941
1	429
1	935
1	502
1	989
1	33
1	941
1	429
1	935
1	502
1	989
1	838
1	424
1	709
1	41
0	367
1	465
1	486
1	285
0	9
0	77
0	501
1	825
0	13
0	822
0	788
0	269
1	698
1	501
1	951
1	877
0	20
1	642
0	694
1	23
1	948
1	211
1	195
0	48
1	595
0	913
1	815
0	764
0	84
1	646
1	897
1	194
0	768
0	3
1	109
0	356
0	638
1	623
1	955
1	442
1	516
1	967
1	595
0	132
0	570
0	505
1	960
1	254
0	615
0	212
0	707
0	484
0	990
1	396
0	786
1	365
1	193
1	297
1	575
1	600
1	734
0	751
1	776
1	496
0	102
0	314
1	345
1	806
1	612
1	556
1	898
1	424
1	834
1	877
1	464
1	160
1	792
1	103
1	946
1	720
1	305
1	589
1	937
0	135
1	983
1	52
0	739
1	543
1	166
1	825
1	517
1	494
1	319
1	858
1	406
0	140
1	973
0	612
1	707
0	80
0	402
1	189
0	242
1	902
1	351
1	130
1	271
0	63
1	51
0	621
1	958
1	437
0	430
1	760
1	660
1	260
0	322
0	871
0	696
0	530
0	935
1	358
1	455
1	633
1	393
0	927
1	348
1	20
1	739
1	928
1	851
0	303
1	699
1	596
1	772
1	376
1	280
1	909
1	107
0	12
0	172
0	720
0	703
0	59
1	650
0	965
0	768
1	220
0	714
0	442
0	108
1	380
1	786
1	886
1	590
1	337
1	188
1	802
1	850
0	647
1	225
1	498
0	776
0	254
1	426
0	452
1	206
0	774
0	597
0	166
1	4
1	573
0	142
0	490
1	403
1	843
1	612
1	674
0	838
0	649
0	818
0	371
0	404
0	737
0	359
0	971
1	361
0	81
0	924
0	0
0	265
0	545
0	354
0	86
0	527
1	127
1	816
1	69
1	197
1	562
1	384
0	645
1	230
1	393
0	85
1	411
1	372
0	450
1	892
0	903
1	376
0	838
0	946
0	121
0	628
1	923
1	93
1	139
1	359
0	829
1	467
1	958
1	818
1	332
0	773
0	529
0	568
1	676
1	41
1	219
1	885
0	714
1	437
0	223
1	323
0	471
0	974
0	967
1	660
1	252
1	121
1	300
1	894
1	48
1	673
1	371
1	220
1	965
1	253
0	621
0	879
0	57
0	792
0	6
0	165
1	734
1	472
1	92
1	873
0	971
0	647
1	80
1	461
1	964
1	625
1	380
1	291
1	539
1	12
1	501
1	978
1	510
1	671
1	536
0	690
1	724
0	275
1	378
1	336
1	477
1	124
0	819
1	308
1	734
1	209
1	275
0	647
1	842
1	371
1	622
0	299
1	675
1	593
1	94
0	867
1	615
1	263
1	78
1	110
0	70
0	467
1	480
1	639
0	462
0	383
0	965
1	192
1	485
0	770
1	801
0	159
1	175
1	214
0	80
1	578
1	716
1	599
1	500
1	607
1	218
1	618
1	409
1	217
0	723
1	229
1	862
0	330
1	938
0	870
1	776
1	506
1	513
1	187
0	792
1	119
1	36
0	362
1	744
1	907
1	419
1	198
1	895
1	374
1	675
1	279
1	693
1	806
1	662
1	50
0	376
1	602
1	254
1	923
1	510
0	651
1	41
0	711
0	905
1	147
1	707
1	90
1	23
1	27
0	10
0	82
0	55
0	71
1	2
0	4
0	66
0	54
0	6
1	21
0	29
0	22
0	33
0	75
0	63
0	37
0	54
0	7
0	44
0	13
0	6
0	29
1	41
1	48
1	10
1	30
0	33
1	62
0	0
1	59
1	1
1	13
1	74
1	5
0	80
0	31
1	30
1	24
1	45
0	22
0	52
1	69
1	82
1	26
1	7
0	50
1	15
1	41
1	79
1	34
0	61
1	30
0	8
1	78
1	69
0	37
1	65
1	82
1	33
1	24
0	63
1	56
1	23
0	25
1	13
1	54
1	36
1	80
1	55
1	25
1	29
1	3
1	37
1	27
1	61
1	43
1	39
1	41
1	28
1	32
0	11
0	74
1	69
1	62
1	77
1	49
1	79
1	36
1	28
0	77
1	0
0	57
0	55
1	60
1	24
0	49
0	29
0	21
1	160
0	130
0	123
0	115
1	106
1	11
1	149
0	159
1	125
0	103
0	138
0	93
0	69
0	11
0	144
0	13
0	129
0	108
0	38
0	41
0	49
1	11
1	22
1	140
1	106
1	50
1	137
1	130
0	3
1	98
1	112
0	90
0	135
0	137
0	43
0	21
0	37
0	69
0	36
0	8
1	57
0	67
1	81
0	45
1	98
1	22
1	65
1	16
1	93
1	94
1	17
1	94
1	17
1	94
1	17
1	31
1	80
1	31
1	80
1	31
1	80
1	79
0	97
1	57
1	42
1	79
0	97
1	57
1	42
1	79
0	97
1	57
1	42
1	47
0	59
1	64
1	6
1	23
1	6
1	23
1	6
1	23
1	88
1	49
1	88
1	49
1	88
1	49
1	83
1	83
0	49
1	64
1	67
1	83
0	49
1	64
1	67
1	83
0	49
1	64
1	67
1	25
1	83
0	49
1	64
1	67
1	25
1	50
1	85
1	85
1	2
1	85
1	2
1	85
1	2
0	36
1	35
1	85
1	2
0	36
1	35
1	6
1	6
1	53
1	6
1	53
1	6
1	53
1	79
1	6
1	53
1	79
0	11
0	11
1	2
1	48
0	71
1	24
1	98
0	11
1	2
1	48
0	71
0	11
1	2
1	48
0	71
1	24
1	98
1	51
1	35
1	14
1	26
0	11
1	2
1	48
0	71
1	24
1	98
1	51
1	35
1	14
1	26
1	20
1	20
1	29
1	20
1	29
1	20
1	29
1	12
1	20
1	29
1	12
0	94
0	7
0	50
0	12
1	31
1	6
1	30
1	99
0	31
1	33
0	0
1	59
0	19
0	69
0	39
1	30
1	52
0	44
1	15
1	18
0	19
0	19
0	1
0	69
0	5
0	99
0	19
0	1
0	69
0	5
0	99
0	28
0	19
0	1
0	69
0	5
0	99
0	28
0	86
0	22
0	47
0	73
0	78
0	78
0	52
0	32
0	71
0	26
0	78
0	52
0	32
0	71
0	26
1	6
0	61
0	41
0	78
0	52
0	32
0	71
0	26
1	6
0	61
0	41
0	66
1	91
0	65
1	12
0	79
0	81
0	97
0	3
0	78
0	52
0	32
0	71
0	26
1	6
0	61
0	41
0	66
1	91
0	65
1	12
0	79
0	81
0	97
0	78
0	52
0	32
0	71
0	26
1	6
0	61
0	41
0	66
1	91
0	65
1	12
0	79
0	81
0	97
1	74
1	74
0	20
0	38
1	62
0	22
0	75
0	99
1	74
0	20
0	38
1	62
0	22
0	75
0	99
0	67
1	74
0	20
0	38
1	62
0	22
0	75
0	99
0	67
0	78
1	23
1	23
0	27
0	31
1	77
1	67
0	41
0	25
0	16
1	23
0	27
0	31
1	77
1	67
0	41
0	25
0	16
1	98
0	36
1	23
0	27
0	31
1	77
1	67
0	41
0	25
0	16
1	98
0	36
0	94
0	82
0	62
1	23
0	27
0	31
1	77
1	67
0	41
0	25
0	16
1	98
0	36
0	94
0	82
0	62
0	15
1	23
0	27
0	31
1	77
1	67
0	41
0	25
0	16
1	98
0	36
0	94
0	82
0	62
1	96
1	96
0	21
0	82
0	31
0	18
0	97
1	96
0	21
0	82
0	31
0	18
0	97
1	56
0	9
0	34
1	96
0	21
0	82
0	31
0	18
0	97
1	56
0	9
0	34
0	26
0	59
1	96
0	21
0	82
0	31
0	18
0	97
1	56
0	9
0	34
0	26
0	59
1	96
0	21
0	82
0	31
0	18
0	97
1	56
0	9
0	34
0	26
0	59
0	6
0	86
0	86
1	33
0	40
1	22
1	34
0	21
0	86
1	33
0	40
1	22
1	34
0	21
0	13
1	74
0	42
1	68
1	18
1	52
0	30
1	77
1	23
0	31
0	50
1	97
0	0
1	3
1	46
1	87
1	67
1	81
0	72
0	93
1	48
1	11
0	86
1	33
0	40
1	22
1	34
0	21
0	13
1	74
0	42
1	68
1	18
0	86
1	33
0	40
1	22
1	34
0	21
0	13
1	74
0	42
1	68
1	18
1	52
0	30
1	77
1	23
0	86
1	33
0	40
1	22
1	34
0	21
0	13
1	74
0	42
1	68
1	18
1	52
0	30
1	77
1	23
0	31
0	50
1	97
0	0
1	3
1	46
1	87
1	67
1	81
0	72
0	93
1	48
1	11
1	45
0	66
1	29
1	39
1	38
1	80
1	73
1	73
1	28
1	80
1	88
1	67
1	73
1	28
1	80
1	88
1	67
1	56
1	73
1	28
1	80
1	88
1	67
1	56
1	85
0	69
0	15
1	39
1	78
1	73
1	28
1	80
1	88
1	67
1	56
1	85
0	69
0	15
1	39
1	73
1	28
1	80
1	88
1	67
1	56
1	85
0	69
0	15
1	39
1	78
1	62
0	12
0	12
0	95
1	97
0	68
1	4
1	49
0	55
1	80
0	73
0	19
1	98
0	35
0	90
0	12
0	95
1	97
0	68
1	4
1	49
0	55
1	80
0	73
0	19
1	98
0	35
0	90
1	78
0	33
0	8
0	12
0	95
1	97
0	68
1	4
1	49
0	55
1	80
0	73
0	19
1	98
0	35
0	90
1	78
0	33
0	8
0	60
0	61
0	16
0	94
1	65
1	71
0	79
0	99
0	11
0	52
0	12
0	95
1	97
0	68
1	4
1	49
0	55
1	80
0	73
0	19
1	98
0	35
0	90
1	78
0	33
0	8
0	60
0	61
0	16
0	12
0	95
1	97
0	68
1	4
1	49
0	55
1	80
0	73
0	19
1	98
0	35
0	90
1	78
0	33
0	8
0	60
0	61
0	16
0	94
1	65
1	71
0	79
0	99
0	1
0	96
0	37
0	44
1	38
0	73
1	89
1	75
1	13
0	71
0	82
1	63
0	41
1	35
0	42
0	76
1	23
0	12
1	68
0	98
1	29
1	67
0	13
1	27
1	24
0	64
0	37
0	40
0	66
1	5
0	48
1	37
1	10
1	82
1	40
1	3
0	61
0	99
1	9
1	12
0	18
1	35
0	61
1	52
1	66
0	51
1	55
1	49
1	75
1	64
0	43
1	54
1	90
0	19
1	37
0	86
1	8
1	20
0	41
1	80
1	21
0	36
1	26
0	39
1	6
0	84
0	43
1	15
0	26
0	9
0	98
0	81
0	68
0	7
0	84
0	10
0	64
0	36
1	33
1	38
1	15
1	68
1	48
0	41
0	9
0	45
0	43
0	94
1	38
1	35
1	3
1	20
1	44
0	93
0	91
0	79
1	81
0	48
0	10
1	52
0	17
1	67
1	97
0	13
1	68
1	28
1	44
1	30
1	79
1	5
1	13
1	19
0	48
0	12
1	89
1	62
0	65
1	53
0	82
0	47
1	19
0	48
0	12
1	89
1	62
0	65
1	53
0	82
0	47
1	19
0	48
0	12
1	89
1	62
0	65
1	53
0	82
0	47
1	51
1	97
0	1
0	96
0	99
1	19
0	48
0	12
1	89
1	62
0	65
1	53
0	82
0	47
1	51
1	51
0	61
0	91
0	45
0	24
1	19
0	69
0	16
1	68
1	13
1	29
1	31
1	7
0	90
1	36
1	76
1	98
1	22
0	3
1	8
1	28
0	48
1	89
1	51
0	91
0	7
0	33
0	4
1	6
0	67
1	77
1	23
1	31
0	84
1	98
0	28
1	63
0	89
1	50
0	86
1	29
0	22
1	44
1	11
0	82
1	47
0	41
1	85
1	94
1	97
1	71
0	30
1	58
1	46
0	36
1	35
1	14
1	13
1	83
0	99
0	45
0	8
0	81
1	73
1	64
1	25
0	5
1	96
1	59
0	82
0	23
0	55
0	28
1	1
0	38
1	50
0	32
0	70
1	65
1	98
0	19
1	39
1	3
1	71
1	49
0	20
0	42
1	60
0	17
0	16
0	89
0	66
1	1
0	53
0	98
1	95
1	69
1	52
1	58
1	66
1	71
1	12
1	96
0	68
0	58
1	28
1	7
0	22
1	11
1	86
1	67
1	25
0	63
1	88
1	70
1	89
1	38
1	62
1	58
1	55
1	74
1	0
1	80
0	14
1	46
1	9
1	45
1	87
0	43
1	35
0	91
1	85
1	8
1	88
0	36
1	89
0	88
0	71
0	33
0	83
0	26
0	68
0	7
1	52
0	59
1	98
1	20
0	21
1	40
1	61
0	37
1	29
1	91
1	76
0	7
1	3
1	65
1	61
0	92
1	74
1	49
1	34
1	36
1	90
1	16
1	95
0	52
1	88
1	94
1	31
1	11
