0	235
0	235
1	205
1	592
0	369
0	369
0	369
0	189
0	391
0	436
0	892
1	930
0	127
1	904
1	904
1	50
1	765
0	284
0	284
0	27
1	341
1	408
1	335
0	284
0	27
1	341
1	408
1	335
1	907
0	284
0	27
1	341
1	408
1	335
1	907
1	417
0	284
0	27
1	341
1	408
1	335
1	907
1	417
1	502
0	284
0	27
1	341
1	408
1	335
1	907
1	417
1	502
0	284
0	27
1	341
1	408
1	335
1	907
1	417
1	502
0	284
0	27
1	341
1	408
1	335
1	907
1	417
1	502
1	411
1	293
1	838
1	985
1	822
1	750
1	750
0	191
1	55
0	794
1	192
1	254
1	750
0	191
1	55
0	794
1	192
1	254
1	750
0	191
1	55
0	794
1	192
1	254
0	461
0	815
1	346
1	276
1	125
1	750
0	191
1	55
0	794
1	192
1	254
0	461
0	815
1	346
1	276
1	125
1	193
0	965
1	422
0	872
0	335
1	23
1	430
1	318
1	75
1	750
0	191
1	55
0	794
1	192
1	254
0	461
0	815
1	346
1	276
1	125
1	193
0	965
1	422
0	872
0	335
1	23
1	430
1	318
1	750
0	191
1	55
0	794
1	192
1	254
0	461
0	815
1	346
1	276
1	125
1	193
0	965
1	422
0	872
0	335
1	23
1	430
1	318
1	750
0	191
1	55
0	794
1	192
1	254
0	461
0	815
1	346
1	276
1	125
1	193
0	965
1	422
0	872
0	335
1	23
1	430
1	318
1	75
1	523
1	523
0	807
1	83
1	258
1	523
0	807
1	83
1	258
1	100
1	523
0	807
1	83
1	258
1	100
0	975
1	852
1	150
1	66
1	523
0	807
1	83
1	258
1	100
0	975
1	852
1	150
1	523
0	807
1	83
1	258
1	100
0	975
1	852
1	150
1	523
0	807
1	83
1	258
1	100
0	975
1	852
1	150
1	523
0	807
1	83
1	258
1	100
0	975
1	852
1	150
1	66
1	125
0	959
1	799
1	303
1	315
0	289
1	320
1	403
1	982
1	982
1	80
0	508
0	574
1	790
1	412
1	982
1	80
0	508
0	574
1	790
1	412
1	982
1	80
0	508
0	574
1	790
1	412
0	646
1	275
0	796
0	315
1	242
0	865
1	329
1	502
1	982
1	80
0	508
0	574
1	790
1	412
0	646
1	275
0	796
0	315
1	242
0	865
1	329
1	502
0	875
1	115
1	976
1	648
1	982
1	80
0	508
0	574
1	790
1	412
0	646
1	275
0	796
0	315
1	242
0	865
1	329
1	502
0	875
1	115
1	976
1	648
1	982
1	80
0	508
0	574
1	790
1	412
0	646
1	275
0	796
0	315
1	242
0	865
1	329
1	502
0	875
1	115
1	976
1	648
0	132
1	700
1	982
1	80
0	508
0	574
1	790
1	412
0	646
1	275
0	796
0	315
1	242
0	865
1	329
1	502
0	875
1	115
1	976
1	648
1	330
1	330
1	917
1	983
1	330
1	917
1	983
1	218
1	330
1	917
1	983
1	218
1	528
1	330
1	917
1	983
1	218
1	528
1	691
1	330
1	917
1	983
1	218
1	528
1	691
1	330
1	917
1	983
1	218
1	528
1	691
1	330
1	917
1	983
1	218
1	528
1	691
0	939
1	496
0	456
0	164
1	420
1	657
0	786
1	469
1	748
1	507
1	756
1	756
1	607
0	758
1	412
1	756
1	607
0	758
1	412
1	283
0	239
1	409
0	994
1	370
0	472
1	119
1	756
1	607
0	758
1	412
1	283
0	239
1	409
0	994
1	370
0	472
1	119
1	843
1	756
1	607
0	758
1	412
1	283
0	239
1	409
0	994
1	370
0	472
1	119
1	756
1	607
0	758
1	412
1	283
0	239
1	409
0	994
1	370
0	472
1	119
1	843
1	756
1	607
0	758
1	412
1	283
0	239
1	409
0	994
1	370
0	472
1	119
1	843
1	756
1	607
0	758
1	412
1	283
0	239
1	409
0	994
1	370
0	472
1	119
1	843
0	67
1	0
1	712
0	751
1	572
0	206
0	206
1	784
0	358
1	355
0	681
1	436
1	335
0	206
1	784
0	358
1	355
0	681
1	436
1	335
1	24
0	206
1	784
0	358
1	355
0	681
1	436
1	335
1	24
0	206
1	784
0	358
1	355
0	681
1	436
1	335
1	24
1	501
0	206
1	784
0	358
1	355
0	681
1	436
1	335
1	24
0	206
1	784
0	358
1	355
0	681
1	436
1	335
1	24
1	501
0	206
1	784
0	358
1	355
0	681
1	436
1	335
1	24
1	501
1	10
0	885
1	661
1	433
1	799
1	528
1	534
1	534
0	711
1	104
1	338
1	534
0	711
1	104
1	338
1	908
1	534
0	711
1	104
1	338
1	908
1	123
1	534
0	711
1	104
1	338
1	908
1	123
1	409
1	534
0	711
1	104
1	338
1	908
1	123
1	409
1	534
0	711
1	104
1	338
1	908
1	123
1	409
1	324
1	534
0	711
1	104
1	338
1	908
1	123
1	409
1	324
1	995
1	788
1	473
1	298
0	433
0	433
1	546
0	107
1	357
1	811
0	433
1	546
0	107
1	357
1	811
0	843
1	440
1	407
0	433
1	546
0	107
1	357
1	811
0	843
1	440
1	407
0	378
0	770
1	493
1	188
1	87
0	433
1	546
0	107
1	357
1	811
0	843
1	440
1	407
0	433
1	546
0	107
1	357
1	811
0	843
1	440
1	407
0	433
1	546
0	107
1	357
1	811
0	843
1	440
1	407
0	378
0	770
1	493
1	188
1	87
0	433
1	546
0	107
1	357
1	811
0	843
1	440
1	407
0	378
0	770
1	493
1	188
1	87
1	778
1	412
1	412
1	992
1	99
1	412
1	992
1	99
0	501
1	790
1	412
1	992
1	99
0	501
1	790
1	661
1	412
1	992
1	99
0	501
1	790
1	661
1	756
1	412
1	992
1	99
0	501
1	790
1	661
1	756
1	412
1	992
1	99
0	501
1	790
1	661
1	756
1	89
1	412
1	992
1	99
0	501
1	790
1	661
1	756
1	89
1	544
1	218
1	423
0	121
1	19
1	6
1	217
0	205
0	16
1	27
0	720
0	449
1	181
1	7
0	620
0	300
0	920
0	989
0	26
0	32
1	802
0	377
0	701
0	912
1	491
0	427
1	594
0	495
0	292
0	564
1	417
1	892
0	757
0	971
0	932
1	338
1	83
1	544
0	237
1	987
0	676
1	952
0	794
0	181
1	101
0	771
1	604
0	202
1	279
0	610
1	304
0	641
0	214
0	133
1	222
1	918
1	515
1	990
1	355
0	424
0	256
1	384
1	621
0	740
1	246
1	434
1	566
1	953
1	4
1	30
0	269
0	897
1	62
1	925
0	364
1	540
1	390
0	180
1	871
1	323
0	529
1	670
0	735
1	422
0	187
1	574
1	745
1	951
1	275
1	643
1	388
0	920
1	717
1	343
1	935
0	814
0	368
0	870
1	128
0	527
0	964
0	69
0	171
0	532
1	144
0	778
1	377
1	609
0	282
1	704
1	418
1	209
1	633
0	849
1	359
1	266
1	423
0	89
1	690
0	120
1	796
1	419
0	619
0	626
1	0
1	618
0	596
1	49
1	997
1	579
1	22
1	21
0	629
1	998
0	916
1	379
1	750
1	571
1	281
1	827
1	799
0	800
1	842
1	0
1	307
1	561
1	508
0	852
0	323
1	696
1	171
0	616
0	976
1	686
1	559
0	79
0	752
1	786
1	361
1	635
0	32
1	466
0	322
1	688
1	647
0	98
0	280
0	124
0	913
0	840
1	992
1	704
1	532
0	663
1	557
1	355
1	586
1	188
1	373
0	960
0	925
1	460
1	593
0	447
1	523
1	337
1	749
1	999
1	909
1	407
0	626
1	222
1	842
1	58
0	16
0	345
1	26
1	649
1	723
1	15
0	323
0	551
1	720
0	197
0	500
0	284
0	651
1	604
0	774
0	509
0	180
0	132
1	994
0	755
0	872
0	866
0	654
0	98
1	706
0	84
0	988
1	579
1	400
1	672
1	906
1	55
1	130
1	655
1	967
1	630
0	296
1	545
0	949
0	238
0	273
0	256
0	913
0	581
0	100
1	556
0	169
0	148
0	721
1	276
0	876
1	298
1	984
0	11
1	798
1	886
1	211
1	288
0	976
1	126
1	547
1	453
1	378
1	653
0	950
0	859
1	669
0	395
0	35
1	303
0	778
0	426
1	70
0	114
1	335
1	129
0	821
1	306
1	897
1	96
0	46
0	137
1	681
1	210
1	83
0	704
1	429
0	338
1	795
1	42
1	343
1	925
1	130
1	560
1	134
1	101
1	654
1	58
1	208
1	44
0	759
1	126
0	371
1	52
1	375
1	344
0	998
0	854
1	324
1	333
1	229
1	324
0	398
0	774
1	899
0	159
0	248
1	564
1	340
1	829
1	622
1	594
1	553
0	90
1	428
1	345
1	354
1	919
1	568
1	358
1	392
1	895
1	581
0	131
1	794
1	536
1	725
1	377
0	60
0	993
1	517
1	667
0	647
0	991
1	988
1	268
0	277
0	43
1	550
0	231
0	592
0	35
0	579
0	830
1	894
1	581
1	866
1	336
0	388
0	641
0	403
0	260
0	913
1	257
0	975
1	541
1	414
1	52
0	611
1	572
1	160
1	484
1	685
0	380
1	557
0	684
0	958
0	510
0	498
1	434
1	819
1	14
1	650
1	730
1	762
1	254
1	817
1	897
1	567
0	1
1	736
0	35
0	209
0	58
1	452
1	117
0	3
0	666
0	866
1	651
1	810
1	707
1	206
0	171
1	344
0	816
1	541
1	974
1	539
0	167
1	345
1	353
1	825
0	235
0	67
0	215
0	85
0	756
0	348
0	758
1	180
0	749
0	85
1	809
0	211
0	616
0	312
1	232
0	980
1	622
1	381
1	358
1	541
1	436
0	23
1	20
0	9
1	42
0	17
1	61
1	15
1	27
0	70
1	22
1	18
0	14
1	61
1	40
1	65
1	32
1	10
1	25
0	79
0	42
1	68
1	30
1	78
1	45
0	13
1	33
1	29
0	10
1	59
0	27
0	15
0	71
0	76
0	64
1	63
0	72
1	17
0	67
0	51
0	34
0	49
0	40
1	78
1	5
1	41
0	70
0	47
1	31
1	76
0	73
0	65
0	20
1	67
1	49
0	26
1	17
0	30
1	31
1	20
1	66
1	34
0	80
0	18
1	50
0	44
0	23
1	53
1	49
0	46
1	63
1	51
0	6
0	62
1	39
1	73
1	78
1	58
1	8
1	47
1	79
1	5
1	36
1	24
0	35
1	18
1	75
0	17
1	45
0	79
0	39
1	37
0	25
1	62
1	59
1	68
1	53
0	60
0	75
0	38
0	48
0	24
0	21
0	28
1	10
1	59
1	69
1	27
1	75
1	4
0	12
0	58
0	8
1	20
1	53
0	28
1	16
0	57
1	46
1	49
1	32
0	9
1	64
1	78
0	51
1	61
0	40
1	14
1	50
1	16
1	0
0	57
0	14
1	7
0	2
1	38
1	5
1	35
1	25
0	28
1	31
1	21
0	79
1	18
1	70
1	74
1	55
1	33
1	36
1	118
1	25
0	73
0	77
1	71
1	117
1	131
1	141
1	56
1	106
1	55
1	18
1	103
0	139
1	8
0	45
0	54
0	136
0	39
0	55
1	17
1	146
1	55
1	36
1	6
1	26
1	97
1	27
0	118
0	122
0	107
0	102
0	116
0	101
0	27
1	46
1	70
0	68
1	78
0	96
0	56
0	16
0	7
1	91
1	79
0	31
1	34
0	13
0	25
0	21
0	25
0	21
0	25
0	21
0	92
0	32
0	92
0	32
0	92
0	32
0	95
1	67
1	35
1	57
0	43
1	63
1	31
0	95
1	67
1	35
1	57
0	43
1	63
1	31
0	95
1	67
1	35
1	57
0	43
1	63
1	31
0	5
0	81
0	5
0	81
0	5
0	81
0	34
0	93
0	34
0	93
0	34
0	93
1	43
1	43
1	65
1	43
1	65
1	43
1	65
0	8
0	36
1	83
1	52
1	75
1	39
1	43
1	65
0	8
0	36
1	83
1	52
1	75
1	39
0	74
0	74
0	27
0	74
0	27
0	74
0	27
0	72
0	74
0	27
0	72
0	58
0	58
0	75
0	58
0	75
0	58
0	75
0	78
0	58
0	75
0	78
1	6
1	6
1	1
1	6
1	1
1	6
1	1
1	76
1	6
1	1
1	76
0	94
0	94
0	43
0	94
0	43
0	94
0	43
0	52
0	94
0	43
0	52
1	53
0	44
0	96
0	82
0	60
1	76
1	17
0	67
0	94
0	64
0	72
0	5
0	65
1	20
1	68
0	99
0	38
0	79
0	83
0	93
1	10
1	28
0	89
0	69
0	87
1	96
0	71
0	13
1	56
0	33
1	14
1	85
0	35
0	83
1	67
1	10
0	16
1	49
1	94
0	11
1	66
1	4
1	91
1	67
1	47
0	67
0	67
1	11
1	46
0	7
0	2
0	57
0	42
0	67
1	11
1	46
0	7
0	2
0	57
0	42
0	21
0	60
0	67
1	11
1	46
0	7
0	2
0	57
0	42
0	21
0	60
0	98
0	3
0	8
1	15
1	15
1	65
0	81
0	2
1	26
1	96
1	71
1	15
1	65
0	81
0	2
1	26
1	96
1	71
0	87
1	61
1	23
1	9
1	90
1	15
1	65
0	81
0	2
1	26
1	96
1	71
0	87
1	61
1	23
1	9
1	90
1	15
1	65
0	81
0	2
1	26
1	96
1	71
0	87
1	61
1	23
1	9
1	90
1	15
1	65
0	81
0	2
1	26
1	96
1	71
0	87
1	61
1	23
1	9
1	90
0	58
0	58
0	59
0	1
1	41
0	2
1	9
0	19
0	3
0	12
0	72
0	60
0	58
0	59
0	1
1	41
0	2
1	9
0	19
0	3
0	58
0	59
0	1
1	41
0	2
1	9
0	19
0	3
0	12
1	21
1	21
0	72
1	8
1	96
1	94
1	41
0	93
1	81
1	21
0	72
1	8
1	96
1	94
1	41
0	93
1	81
1	49
0	4
1	67
1	55
0	3
1	46
1	35
1	5
1	97
0	92
1	20
1	62
0	36
1	15
1	44
1	21
0	72
1	8
1	96
1	94
1	41
0	93
1	81
1	49
0	4
1	67
1	55
0	3
1	46
1	35
1	5
1	97
1	21
0	72
1	8
1	96
1	94
1	41
0	93
1	81
1	49
0	4
1	67
1	55
0	3
1	46
1	35
1	5
1	97
0	92
1	20
1	62
0	36
1	15
1	44
1	84
1	65
1	21
0	72
1	8
1	96
1	94
1	41
0	93
1	81
1	49
0	4
1	67
1	55
0	3
1	46
1	35
1	5
1	97
0	92
1	20
1	62
0	36
1	15
1	44
1	37
1	37
1	89
1	70
1	87
1	17
1	37
1	89
1	70
1	87
1	17
1	22
1	37
1	89
1	70
1	87
1	17
1	22
1	10
1	1
1	59
1	37
1	89
1	70
1	87
1	17
1	22
1	10
1	1
1	59
1	37
1	89
1	70
1	87
1	17
1	22
1	10
1	1
1	59
0	20
1	90
1	74
0	67
0	67
0	84
0	48
1	25
1	69
0	5
0	67
0	84
0	48
1	25
1	69
0	5
1	57
0	3
0	75
0	58
0	88
0	67
0	84
0	48
1	25
1	69
0	5
1	57
0	3
0	75
0	58
0	88
0	67
0	84
0	48
1	25
1	69
0	5
1	57
0	3
0	75
0	58
0	88
0	67
0	84
0	48
1	25
1	69
0	5
1	57
0	3
0	75
0	58
0	88
0	61
1	39
0	71
0	81
0	44
0	50
0	13
0	13
0	17
1	19
1	37
1	47
1	84
1	79
1	38
0	13
0	17
1	19
1	37
1	47
1	84
1	79
0	13
0	17
1	19
1	37
1	47
1	84
1	79
1	38
1	16
1	15
1	86
1	55
0	13
0	17
1	19
1	37
1	47
1	84
1	79
1	38
1	16
1	15
1	86
0	13
0	17
1	19
1	37
1	47
1	84
1	79
1	38
1	16
1	15
1	86
1	55
1	35
1	35
0	91
0	79
0	53
0	44
0	41
1	35
0	91
0	79
0	53
0	44
0	41
0	99
1	35
0	91
0	79
0	53
0	44
0	41
0	99
0	5
0	77
0	14
1	32
0	37
0	89
0	68
0	16
0	66
1	35
0	91
0	79
0	53
0	44
0	41
0	99
0	5
0	77
0	14
1	32
0	37
0	89
1	35
0	91
0	79
0	53
0	44
0	41
0	99
0	5
0	77
0	14
1	32
0	37
0	89
0	68
0	75
1	75
1	90
0	74
0	75
1	22
1	35
1	71
0	72
0	4
0	62
1	44
1	68
1	6
1	91
1	50
1	57
0	93
1	90
1	47
0	21
0	81
1	29
1	75
1	19
0	23
1	67
0	99
0	35
1	70
1	98
1	41
1	11
0	27
0	60
1	45
1	33
0	25
1	31
0	0
0	54
0	57
1	74
1	71
1	60
0	44
0	7
1	35
1	23
0	79
0	0
1	75
0	39
0	67
0	64
0	29
0	27
0	86
0	92
1	40
0	38
0	70
1	46
1	35
0	47
0	60
0	8
1	2
0	82
0	19
0	73
0	77
1	92
1	7
1	58
0	63
0	82
0	40
1	50
0	44
0	96
1	94
0	48
0	41
0	16
0	86
0	37
0	28
1	97
1	1
0	12
0	44
1	7
0	54
0	0
0	21
0	59
1	99
1	21
1	25
1	83
0	68
1	60
1	70
1	28
1	80
1	39
1	21
1	53
0	54
1	80
1	45
0	93
0	6
0	16
0	22
0	60
1	73
1	18
0	78
0	68
0	84
1	5
1	37
1	69
1	73
1	18
0	78
0	68
0	84
1	5
1	37
1	73
1	18
0	78
0	68
0	84
1	5
1	37
1	69
1	73
1	18
0	78
0	68
0	84
1	5
1	37
0	51
0	37
1	63
0	19
0	48
1	99
0	16
0	42
0	20
0	8
0	27
1	2
0	26
0	35
0	39
0	0
1	95
1	39
0	49
1	85
0	10
1	13
0	72
0	99
1	26
0	31
0	88
0	42
0	88
0	51
0	15
1	32
1	84
0	26
1	96
1	86
0	28
1	53
1	85
0	3
1	54
0	25
0	2
0	92
1	98
0	55
1	93
0	33
0	61
1	41
1	23
0	95
1	36
1	72
1	66
1	6
1	70
1	53
1	10
1	77
1	95
1	25
0	64
0	73
1	80
1	96
0	78
1	21
0	53
1	31
1	50
1	45
1	19
1	70
1	76
1	2
1	56
1	5
1	26
1	58
1	24
1	86
0	52
1	65
0	64
0	24
1	9
1	8
1	95
0	31
1	77
0	20
0	55
0	18
0	75
0	32
1	71
0	53
0	69
0	52
1	97
1	60
1	11
0	81
0	91
0	26
0	99
1	69
0	55
1	31
1	44
0	62
0	21
1	11
0	22
0	32
1	66
1	53
0	96
0	95
0	48
1	15
1	3
0	8
1	63
1	28
1	78
1	25
1	88
1	17
1	4
1	51
