0	605
0	605
1	463
0	736
1	602
1	602
1	600
1	602
1	600
0	131
0	4
0	464
1	119
1	799
0	638
0	638
1	851
1	934
1	459
1	465
1	465
0	210
1	89
1	982
1	465
0	210
1	89
1	982
0	570
1	101
1	459
0	309
1	693
1	465
0	210
1	89
1	982
0	570
1	101
1	459
1	465
0	210
1	89
1	982
0	570
1	101
1	459
0	309
1	693
1	787
1	465
0	210
1	89
1	982
0	570
1	101
1	459
1	465
0	210
1	89
1	982
0	570
1	101
1	459
0	309
1	693
1	787
1	465
0	210
1	89
1	982
0	570
1	101
1	459
0	309
1	693
1	787
0	2
1	757
1	122
1	690
0	208
1	729
1	762
0	622
0	622
1	657
1	945
0	827
0	622
1	657
1	945
0	827
0	848
0	365
0	622
1	657
1	945
0	827
0	848
0	365
1	692
1	888
1	310
1	483
0	622
1	657
1	945
0	827
0	848
0	365
1	692
1	888
1	310
0	622
1	657
1	945
0	827
0	848
0	365
1	692
1	888
1	310
0	622
1	657
1	945
0	827
0	848
0	365
1	692
1	888
1	310
0	622
1	657
1	945
0	827
0	848
0	365
1	692
1	888
1	310
1	483
0	855
1	85
1	853
1	819
1	250
1	981
1	981
1	388
1	753
1	981
1	388
1	753
1	801
1	981
1	388
1	753
1	801
1	814
1	981
1	388
1	753
1	801
1	814
1	415
1	981
1	388
1	753
1	801
1	814
1	415
1	981
1	388
1	753
1	801
1	814
1	415
1	981
1	388
1	753
1	801
1	814
1	415
1	425
1	652
1	151
1	526
1	409
1	409
1	867
1	344
1	409
1	867
1	344
0	377
0	401
0	505
1	977
1	934
1	382
1	409
1	867
1	344
0	377
0	401
0	505
1	977
1	934
1	382
1	409
1	867
1	344
0	377
0	401
0	505
1	977
1	934
1	382
1	409
1	867
1	344
0	377
0	401
0	505
1	977
1	934
1	409
1	867
1	344
0	377
0	401
0	505
1	977
1	934
1	382
1	409
1	867
1	344
0	377
0	401
0	505
1	977
1	934
1	382
1	912
1	339
0	431
1	7
1	663
1	825
1	79
1	432
1	432
0	378
1	189
0	480
0	436
1	432
0	378
1	189
0	480
0	436
0	184
1	432
0	378
1	189
0	480
0	436
0	184
1	790
1	347
0	756
1	550
1	921
1	44
1	432
0	378
1	189
0	480
0	436
0	184
1	790
1	347
0	756
1	550
1	921
1	44
1	432
0	378
1	189
0	480
0	436
0	184
1	790
1	347
0	756
1	550
1	921
1	432
0	378
1	189
0	480
0	436
0	184
1	790
1	347
0	756
1	550
1	921
1	44
1	432
0	378
1	189
0	480
0	436
0	184
1	790
1	347
0	756
1	550
1	921
1	44
0	778
1	143
1	218
0	285
0	285
1	918
0	494
0	475
0	285
1	918
0	494
0	475
1	989
0	672
1	585
1	345
0	281
0	173
0	388
0	285
1	918
0	494
0	475
1	989
0	672
1	585
1	345
0	281
0	173
0	388
0	285
1	918
0	494
0	475
1	989
0	672
1	585
1	345
0	281
0	173
0	388
1	794
0	653
1	235
0	51
1	75
0	218
1	137
1	750
1	634
0	744
1	742
0	285
1	918
0	494
0	475
1	989
0	672
1	585
1	345
0	281
0	173
0	388
1	794
0	653
0	285
1	918
0	494
0	475
1	989
0	672
1	585
1	345
0	281
0	173
0	388
1	794
0	653
1	235
0	51
1	75
0	218
1	137
1	750
1	634
0	744
1	742
0	56
1	612
0	607
1	954
0	27
1	891
1	66
0	285
1	918
0	494
0	475
1	989
0	672
1	585
1	345
0	281
0	173
0	388
1	794
0	653
1	235
0	51
1	75
0	218
1	137
1	750
1	634
0	744
1	742
0	56
1	612
0	607
1	954
0	27
1	891
1	66
1	658
1	658
1	349
1	493
1	658
1	349
1	493
1	274
1	658
1	349
1	493
1	274
0	623
1	412
0	48
1	632
0	952
1	547
1	658
1	349
1	493
1	274
0	623
1	412
0	48
1	632
0	952
1	547
0	680
1	408
1	722
1	775
1	658
1	349
1	493
1	274
0	623
1	412
0	48
1	632
0	952
1	547
0	680
1	408
1	722
1	775
1	658
1	349
1	493
1	274
0	623
1	412
0	48
1	632
0	952
1	547
0	680
1	408
1	722
1	775
1	658
1	349
1	493
1	274
0	623
1	412
0	48
1	632
0	952
1	547
0	680
1	408
1	722
1	775
1	344
0	926
1	465
1	515
1	515
1	664
0	14
1	923
1	515
1	664
0	14
1	923
0	344
1	883
1	893
1	317
1	515
1	664
0	14
1	923
0	344
1	883
1	893
1	317
1	515
1	664
0	14
1	923
0	344
1	883
1	893
1	317
1	515
1	664
0	14
1	923
0	344
1	883
1	893
1	317
1	515
1	664
0	14
1	923
0	344
1	883
1	893
1	317
1	515
1	664
0	14
1	923
0	344
1	883
1	893
1	317
1	781
0	95
1	660
1	366
1	396
0	984
0	984
1	883
1	128
0	709
1	685
0	790
0	539
0	984
1	883
1	128
0	709
1	685
0	790
0	539
1	625
1	976
1	276
0	984
1	883
1	128
0	709
1	685
0	790
0	539
1	625
1	976
1	276
1	374
0	984
1	883
1	128
0	709
1	685
0	790
0	539
1	625
1	976
1	276
0	984
1	883
1	128
0	709
1	685
0	790
0	539
1	625
1	976
1	276
0	984
1	883
1	128
0	709
1	685
0	790
0	539
1	625
1	976
1	276
0	984
1	883
1	128
0	709
1	685
0	790
0	539
1	625
1	976
1	276
1	374
1	597
0	522
1	201
1	722
1	735
1	318
1	318
1	833
0	389
1	237
1	318
1	833
0	389
1	237
1	485
1	318
1	833
0	389
1	237
1	485
0	461
0	564
1	817
1	562
1	758
1	318
1	833
0	389
1	237
1	485
0	461
0	564
1	817
1	562
1	758
1	318
1	833
0	389
1	237
1	485
0	461
0	564
1	817
1	562
1	758
1	318
1	833
0	389
1	237
1	485
0	461
0	564
1	817
1	562
1	758
1	272
1	318
1	833
0	389
1	237
1	485
0	461
0	564
1	817
1	562
1	758
1	272
1	558
1	52
1	391
0	58
1	631
0	137
1	394
1	448
1	592
1	755
1	562
1	877
1	700
0	487
1	854
0	266
1	426
0	568
1	273
1	267
1	327
1	126
1	300
1	146
0	262
0	537
0	459
1	436
1	298
1	595
0	236
1	938
0	506
1	209
0	356
1	363
0	29
1	415
0	172
1	912
1	865
0	731
1	299
1	170
1	667
0	182
1	315
0	622
0	205
0	512
0	515
1	879
1	150
0	155
1	727
0	216
0	641
0	466
0	620
0	461
0	942
1	578
0	179
0	840
1	182
0	439
0	258
0	13
1	360
0	580
0	797
1	770
1	106
0	701
0	17
1	643
0	481
1	66
1	646
1	759
1	501
1	954
1	352
1	583
1	859
0	879
0	992
1	234
1	699
1	753
1	568
0	153
1	225
0	425
0	123
0	337
0	883
1	706
1	669
0	846
0	885
0	368
0	628
0	352
0	190
0	399
1	117
0	428
0	696
1	35
1	87
1	877
0	564
0	685
1	956
1	189
0	593
1	868
1	223
1	361
0	864
1	206
1	269
1	68
0	243
1	676
1	368
1	422
1	140
1	80
0	152
0	389
1	271
1	501
0	433
0	315
0	498
1	561
0	653
1	473
1	748
1	610
1	649
1	7
0	568
0	827
1	426
1	641
0	415
1	731
1	411
0	427
1	375
0	423
1	774
0	738
1	227
1	448
1	973
0	210
1	378
0	842
1	131
0	345
1	469
1	647
0	993
1	833
1	910
1	161
1	281
0	256
0	723
1	178
0	123
0	748
1	606
1	65
1	387
1	983
1	157
1	218
0	311
0	153
0	59
0	710
0	18
1	910
0	304
0	2
1	927
1	395
1	874
1	448
1	313
0	353
1	990
1	491
0	896
1	524
1	157
0	123
1	610
1	868
1	894
1	331
1	521
1	531
0	700
1	714
1	285
1	209
0	132
1	434
1	284
0	343
0	758
0	286
0	255
0	346
0	576
0	819
1	394
1	540
0	205
1	217
1	566
1	467
0	769
0	849
0	544
0	626
0	600
0	756
0	873
0	389
0	173
1	976
1	113
0	915
0	739
0	227
1	470
1	525
0	920
0	544
0	125
0	266
0	652
0	232
1	198
0	839
0	272
0	447
1	380
1	754
1	928
1	660
1	308
1	595
1	377
1	953
0	225
0	572
1	549
1	882
1	440
0	831
1	313
0	907
1	604
1	474
0	263
1	330
1	609
1	436
1	675
1	569
1	428
1	734
1	901
1	789
1	854
1	190
0	837
1	705
0	480
1	381
1	468
1	510
1	149
1	816
1	319
1	818
1	196
0	664
0	943
0	402
0	588
0	460
1	853
0	455
1	723
1	38
1	165
0	770
1	270
1	676
0	936
1	471
1	477
0	188
1	318
0	401
0	804
1	761
1	476
1	447
1	735
1	483
1	783
1	291
0	943
0	477
1	471
1	627
0	394
0	499
1	106
0	90
0	432
0	667
0	287
0	728
1	937
1	101
0	607
0	209
1	24
1	160
1	400
1	343
1	250
1	814
0	904
1	455
0	213
0	640
0	884
0	805
0	576
1	697
1	102
1	434
1	889
0	963
0	776
1	167
1	959
1	308
0	928
1	623
0	944
0	301
1	304
0	254
0	561
1	875
0	167
0	54
0	965
1	18
1	209
0	708
1	531
1	384
1	819
1	478
0	520
1	902
1	691
1	199
1	518
1	987
1	101
0	978
1	159
0	731
1	964
0	364
1	52
0	518
1	981
1	751
1	257
1	419
0	121
1	451
0	17
1	792
0	471
1	496
0	643
1	418
1	973
0	458
1	517
0	356
1	599
0	907
0	940
0	683
0	748
1	540
1	673
0	217
0	636
1	894
1	177
1	307
0	76
1	10
1	30
1	27
1	33
1	34
1	7
1	18
1	21
1	24
0	25
1	12
1	42
1	1
1	43
0	58
1	13
0	33
1	22
0	27
1	69
1	9
1	40
1	79
1	20
1	27
1	1
0	77
1	24
1	5
1	4
0	53
0	81
1	7
1	61
1	64
1	59
1	20
0	79
0	16
1	45
1	1
1	37
1	23
1	68
0	24
0	19
1	7
0	60
1	16
0	55
0	12
0	28
0	2
0	36
1	24
1	52
1	16
1	10
1	67
1	33
0	18
0	34
1	79
1	42
0	35
0	0
1	32
1	55
1	38
1	19
0	14
0	74
1	5
1	80
0	34
1	65
1	20
1	44
1	39
1	69
1	51
0	23
0	26
1	48
0	41
1	45
1	7
0	67
1	16
0	68
1	14
0	2
0	30
0	56
0	65
1	6
0	49
1	11
0	74
0	72
0	60
1	37
1	69
1	61
1	17
1	26
1	57
0	18
1	71
1	0
1	63
0	36
1	22
0	7
1	41
1	82
1	68
1	11
1	29
1	62
1	40
1	35
0	36
1	70
1	19
0	45
0	150
0	53
1	119
0	43
0	90
1	29
1	77
1	50
1	73
0	51
0	128
0	132
1	11
1	147
1	0
1	90
1	140
1	93
1	4
1	39
1	20
0	155
1	69
1	42
0	75
1	47
1	154
1	112
1	33
0	30
1	59
1	122
0	54
0	147
0	87
1	103
1	158
1	51
1	13
0	72
0	27
0	3
1	56
0	0
1	6
1	43
0	15
1	23
1	45
0	49
1	52
1	19
1	9
1	27
1	12
1	47
1	30
1	72
0	63
1	49
1	15
1	44
1	18
1	60
1	6
1	61
1	74
1	1
1	67
1	57
1	0
1	34
1	49
0	62
0	50
0	0
1	42
0	77
1	54
1	94
1	63
1	30
0	51
0	82
1	79
0	46
1	99
1	91
0	65
0	54
1	81
1	0
1	81
1	0
1	81
1	0
0	66
1	58
0	80
0	66
1	58
0	80
0	66
1	58
0	80
1	72
0	2
1	65
0	94
1	49
1	26
0	78
1	46
1	72
0	2
1	65
0	94
1	49
1	26
0	78
1	46
1	72
0	2
1	65
0	94
1	49
1	26
0	78
1	46
1	27
1	10
0	0
1	89
0	29
0	31
0	2
0	96
0	0
1	89
0	29
0	31
0	0
1	89
0	29
0	31
1	16
1	58
1	16
1	58
1	16
1	58
0	54
0	54
1	57
1	24
1	31
0	54
1	57
1	24
1	31
0	54
1	57
1	24
1	31
1	94
0	54
1	57
1	24
1	31
1	94
0	30
0	30
0	20
0	30
0	20
0	30
0	20
1	71
1	68
1	7
0	52
0	85
0	30
0	20
1	71
1	68
1	7
0	52
0	85
1	9
1	9
1	94
1	9
1	94
1	9
1	94
0	49
0	19
0	92
0	78
1	9
1	94
0	49
0	19
0	92
0	78
1	20
1	59
1	64
1	36
0	97
1	11
1	95
1	1
1	44
1	27
0	8
0	8
0	49
0	8
0	49
0	8
0	49
0	57
0	8
0	49
0	57
1	74
1	74
1	24
1	74
1	24
1	74
1	24
1	19
1	74
1	24
1	19
0	23
0	46
0	47
1	67
0	98
1	17
1	61
1	25
1	16
1	31
1	76
0	54
1	84
1	6
1	59
0	12
1	18
1	87
0	33
1	75
1	74
0	45
0	62
0	53
0	94
1	26
1	83
1	79
1	38
1	71
1	71
1	99
0	93
0	37
0	55
0	96
0	58
1	71
1	99
0	93
0	37
0	55
0	96
0	58
0	77
1	71
1	99
0	93
0	37
0	55
0	96
0	58
0	77
0	91
1	20
0	36
0	84
1	89
0	25
1	56
0	10
0	38
0	69
0	61
0	62
0	62
0	76
0	77
0	46
0	83
0	62
0	76
0	77
0	46
0	83
0	79
0	62
0	76
0	77
0	46
0	83
0	79
0	47
1	95
1	67
0	35
0	36
0	42
0	62
0	76
0	77
0	46
0	83
0	79
0	47
1	95
1	67
0	35
0	36
0	62
0	76
0	77
0	46
0	83
0	79
0	47
1	95
1	67
0	35
0	36
0	42
1	4
1	4
1	17
1	30
0	51
1	86
1	27
1	4
1	17
1	30
0	51
1	86
1	27
1	70
1	4
1	17
1	30
0	51
1	86
1	27
1	70
0	22
1	48
0	95
0	95
1	67
1	57
0	7
1	70
0	59
1	21
1	58
0	31
0	98
0	54
0	73
0	6
0	35
0	11
0	95
1	67
1	57
0	7
1	70
0	59
1	21
0	95
1	67
1	57
0	7
1	70
0	59
1	21
1	58
0	31
0	98
0	54
0	73
0	6
0	35
0	95
1	67
1	57
0	7
1	70
0	59
1	21
1	58
0	31
0	98
0	54
0	73
0	6
0	35
0	11
0	95
1	67
1	57
0	7
1	70
0	59
1	21
1	58
0	31
0	98
0	54
0	73
0	6
0	35
0	11
0	45
1	86
0	55
1	87
1	87
1	88
1	67
1	59
1	89
1	87
1	88
1	67
1	59
1	89
1	80
1	87
1	88
1	67
1	59
1	89
1	80
1	28
1	47
0	1
1	85
1	7
1	87
1	88
1	67
1	59
1	89
1	80
1	28
1	47
0	1
1	85
1	7
1	87
1	88
1	67
1	59
1	89
1	80
1	28
1	47
0	1
1	85
1	7
1	22
1	24
1	24
1	2
1	42
1	78
1	89
1	24
1	2
1	42
1	78
1	89
1	92
1	24
1	2
1	42
1	78
1	89
1	92
0	47
1	29
1	9
1	87
1	24
1	2
1	42
1	78
1	89
1	92
0	47
1	29
1	9
1	87
1	24
1	2
1	42
1	78
1	89
1	92
0	47
1	29
1	9
1	87
0	70
1	96
1	45
1	11
1	69
1	69
0	13
0	58
0	73
0	44
0	89
0	18
1	69
0	13
0	58
0	73
0	44
0	89
0	18
1	69
0	13
0	58
0	73
0	44
0	89
0	18
0	61
1	52
1	23
1	72
1	63
1	2
0	78
1	33
0	85
0	30
1	12
0	26
1	27
0	57
0	1
0	24
0	59
0	74
0	54
1	69
0	13
0	58
0	73
0	44
0	89
0	18
0	61
1	52
1	23
1	72
1	63
1	2
0	78
1	33
0	85
0	30
1	12
0	26
1	27
0	57
0	1
0	24
0	59
0	74
0	54
1	69
0	13
0	58
0	73
0	44
0	89
0	18
0	61
1	52
1	23
1	72
1	63
1	2
0	78
1	33
0	85
0	30
1	12
0	26
1	27
0	57
0	1
0	24
0	59
0	74
0	54
1	61
1	61
1	91
1	69
0	36
1	96
1	54
1	61
1	91
1	69
0	36
1	96
1	54
1	52
1	61
1	91
1	69
0	36
1	96
1	54
1	52
1	99
1	16
1	83
0	24
0	57
1	27
0	3
1	48
1	12
0	1
1	79
0	81
1	18
0	75
1	0
1	19
1	53
0	63
1	84
1	45
1	50
1	61
1	91
1	69
0	36
1	96
1	54
1	52
1	99
1	16
1	83
1	61
1	91
1	69
0	36
1	96
1	54
1	52
1	99
1	16
1	83
0	24
0	57
1	27
0	3
1	48
1	12
0	1
1	79
0	81
1	18
0	75
1	0
1	19
1	53
0	63
1	84
1	45
1	50
1	92
0	28
1	89
0	78
1	82
1	65
1	17
0	26
0	42
0	96
1	25
0	8
1	25
1	48
1	2
1	90
1	38
0	81
0	53
0	44
0	30
0	40
0	55
0	44
0	2
0	90
0	9
1	77
0	10
1	94
1	65
0	11
0	28
0	71
0	15
0	20
1	51
1	55
0	65
1	70
1	56
0	58
1	1
1	43
0	13
0	72
1	65
0	37
1	86
0	23
0	85
1	68
0	85
0	15
0	77
0	56
0	19
1	41
1	67
1	57
1	88
0	11
1	58
0	85
1	70
1	91
0	90
1	80
0	59
0	36
0	19
0	23
0	64
0	65
0	26
1	50
0	23
1	67
1	76
1	40
1	33
0	50
0	2
0	92
0	43
1	48
0	18
0	89
0	81
0	20
1	64
0	88
0	91
1	29
0	32
0	33
0	84
0	25
0	96
0	10
1	66
0	74
1	42
1	51
1	18
1	95
0	16
1	62
0	82
0	63
1	15
1	33
0	56
1	26
1	72
0	75
1	95
1	20
0	82
0	63
1	15
1	33
0	56
1	26
1	72
0	75
1	95
1	20
0	82
0	63
1	15
1	33
0	56
1	26
1	72
0	75
1	95
1	20
0	82
0	63
1	15
1	33
0	56
1	26
1	72
0	75
1	95
1	20
0	25
1	3
0	15
1	54
0	52
1	75
1	46
0	91
0	63
1	72
0	33
0	93
1	55
0	1
0	34
1	78
1	27
1	84
1	33
0	45
0	2
0	65
0	99
1	20
1	26
0	20
0	52
0	24
0	61
1	59
0	46
0	21
1	83
1	10
1	9
1	29
0	72
0	45
0	43
0	41
0	95
1	7
1	45
0	88
0	11
0	4
0	57
0	70
0	37
0	28
1	90
0	38
1	48
1	51
0	93
0	36
1	94
1	26
1	97
0	85
1	41
1	5
1	74
1	75
1	10
1	68
1	24
1	21
1	11
1	82
1	86
1	6
0	37
0	80
0	5
0	92
1	49
0	11
0	20
1	7
0	46
1	32
1	18
1	70
1	12
1	70
1	85
1	31
1	68
1	92
0	53
0	81
1	17
1	13
1	33
0	28
1	77
1	48
0	10
0	49
0	83
0	67
0	96
0	3
1	90
1	76
1	98
0	60
1	5
1	34
1	74
0	19
1	95
1	83
0	52
0	20
1	71
1	60
0	34
0	44
0	82
0	99
0	47
1	37
0	82
0	90
0	34
1	36
0	59
