1	196
1	196
0	33
1	641
0	583
0	583
0	583
0	115
0	183
0	911
0	87
0	969
1	171
0	152
0	152
0	343
0	253
1	1
1	1
1	810
0	361
0	216
1	1
1	810
0	361
0	216
1	510
1	625
1	1
1	810
0	361
0	216
1	510
1	625
0	181
0	865
1	896
1	3
1	623
1	213
1	1
1	810
0	361
0	216
1	510
1	625
0	181
0	865
1	896
1	3
1	623
1	213
0	242
1	982
1	1
1	810
0	361
0	216
1	510
1	625
0	181
0	865
1	896
1	3
1	623
1	213
0	242
1	982
1	1
1	810
0	361
0	216
1	510
1	625
0	181
0	865
1	896
1	3
1	623
1	213
0	242
1	982
1	990
1	1
1	810
0	361
0	216
1	510
1	625
0	181
0	865
1	896
1	3
1	623
1	213
0	242
1	982
1	990
1	747
0	593
0	593
1	854
1	391
0	501
0	593
1	854
1	391
0	501
0	231
1	875
1	562
1	971
0	593
1	854
1	391
0	501
0	231
1	875
1	562
1	971
0	593
1	854
1	391
0	501
0	231
1	875
1	562
1	971
1	71
0	593
1	854
1	391
0	501
0	231
1	875
1	562
1	971
0	593
1	854
1	391
0	501
0	231
1	875
1	562
1	971
1	71
0	593
1	854
1	391
0	501
0	231
1	875
1	562
1	971
1	71
1	72
1	662
1	244
0	150
1	937
0	920
0	818
1	61
1	350
1	284
1	771
1	771
1	303
0	489
0	409
1	233
1	976
1	771
1	303
0	489
0	409
1	233
1	976
1	771
1	303
0	489
0	409
1	233
1	976
1	961
1	771
1	303
0	489
0	409
1	233
1	976
1	961
1	252
1	771
1	303
0	489
0	409
1	233
1	976
1	961
1	252
1	771
1	303
0	489
0	409
1	233
1	976
1	961
1	252
1	771
1	303
0	489
0	409
1	233
1	976
1	961
1	252
1	736
1	664
1	837
0	25
0	80
1	397
1	165
0	788
1	634
1	637
1	801
1	920
1	920
1	623
1	621
1	920
1	623
1	621
0	373
1	116
1	920
1	623
1	621
0	373
1	116
0	782
1	662
1	980
1	920
1	623
1	621
0	373
1	116
0	782
1	662
1	980
1	920
1	623
1	621
0	373
1	116
0	782
1	662
1	980
1	920
1	623
1	621
0	373
1	116
0	782
1	662
1	980
1	920
1	623
1	621
0	373
1	116
0	782
1	662
1	980
0	698
1	73
1	765
1	788
1	752
1	192
1	192
1	686
0	796
1	321
1	192
1	686
0	796
1	321
1	601
1	192
1	686
0	796
1	321
1	601
1	438
1	192
1	686
0	796
1	321
1	601
1	438
1	123
1	192
1	686
0	796
1	321
1	601
1	438
1	123
1	192
1	686
0	796
1	321
1	601
1	438
1	123
0	206
1	785
1	192
1	686
0	796
1	321
1	601
1	438
1	123
0	206
1	785
1	440
1	655
1	856
1	482
1	482
1	724
1	165
1	482
1	724
1	165
1	529
1	482
1	724
1	165
1	529
1	447
1	482
1	724
1	165
1	529
1	447
1	392
1	482
1	724
1	165
1	529
1	447
1	392
1	482
1	724
1	165
1	529
1	447
1	392
1	482
1	724
1	165
1	529
1	447
1	392
1	740
0	598
0	490
1	629
1	367
0	734
0	167
1	660
1	667
0	272
0	272
1	798
1	966
1	321
0	272
1	798
1	966
1	321
1	77
0	272
1	798
1	966
1	321
1	77
1	5
0	272
1	798
1	966
1	321
1	77
1	5
1	167
0	272
1	798
1	966
1	321
1	77
1	5
1	167
0	272
1	798
1	966
1	321
1	77
1	5
1	167
1	437
0	272
1	798
1	966
1	321
1	77
1	5
1	167
1	437
1	611
1	810
1	483
1	632
0	930
0	930
0	188
0	984
0	930
0	188
0	984
1	61
1	888
1	598
1	311
0	930
0	188
0	984
1	61
1	888
1	598
1	311
0	930
0	188
0	984
1	61
1	888
1	598
1	311
1	404
0	721
0	964
1	225
1	874
1	264
1	41
0	930
0	188
0	984
1	61
1	888
1	598
1	311
1	404
0	930
0	188
0	984
1	61
1	888
1	598
1	311
1	404
0	721
0	964
1	225
1	874
1	264
1	41
0	930
0	188
0	984
1	61
1	888
1	598
1	311
1	404
0	721
0	964
1	225
1	874
1	264
1	41
1	549
1	549
1	555
1	792
1	549
1	555
1	792
0	627
1	672
1	549
1	555
1	792
0	627
1	672
1	355
1	549
1	555
1	792
0	627
1	672
1	355
0	356
0	138
1	901
1	977
0	509
1	658
0	425
0	287
0	467
1	906
1	888
1	143
1	383
1	549
1	555
1	792
0	627
1	672
1	355
0	356
0	138
1	901
1	977
0	509
1	658
0	425
0	287
0	467
1	906
1	888
1	143
1	383
1	549
1	555
1	792
0	627
1	672
1	355
0	356
0	138
1	901
1	977
0	509
1	658
0	425
0	287
0	467
1	906
1	888
1	143
1	383
1	549
1	555
1	792
0	627
1	672
1	355
0	356
0	138
1	901
1	977
0	509
1	658
0	425
0	287
0	467
1	906
1	888
1	143
1	383
1	406
1	687
1	744
1	744
1	765
1	439
1	744
1	765
1	439
1	136
1	744
1	765
1	439
1	136
1	279
1	744
1	765
1	439
1	136
1	279
1	980
1	744
1	765
1	439
1	136
1	279
1	980
1	744
1	765
1	439
1	136
1	279
1	980
1	744
1	765
1	439
1	136
1	279
1	980
1	114
1	444
0	938
1	608
1	245
1	201
0	128
0	59
0	292
0	396
0	114
0	83
1	665
1	87
1	143
1	446
0	239
1	447
0	485
1	869
1	989
0	856
1	191
0	34
0	832
0	411
0	701
1	417
0	52
1	293
0	664
1	275
1	680
0	402
1	744
1	422
1	574
1	418
1	861
0	738
1	570
0	6
0	269
1	471
0	961
1	350
1	438
1	341
1	378
1	38
1	725
1	682
0	346
1	406
1	593
1	355
0	216
1	495
0	750
0	658
1	85
1	699
1	364
0	929
0	451
1	514
1	369
0	881
0	534
0	897
1	351
0	367
1	286
1	464
1	832
1	622
1	583
0	199
0	813
0	111
0	495
0	713
0	981
1	19
0	747
1	500
1	283
1	945
1	603
1	424
1	342
1	6
1	996
1	96
0	903
1	815
1	193
1	63
0	439
0	789
1	545
1	93
1	536
0	684
1	280
0	723
0	952
0	548
1	468
1	301
1	595
1	640
0	37
1	38
1	56
0	158
1	67
1	894
0	630
1	501
1	744
1	831
0	755
1	130
1	542
0	75
1	269
0	254
0	316
1	823
0	154
1	733
0	799
1	723
1	145
1	434
1	860
1	648
0	776
1	880
1	968
0	43
1	426
0	156
0	930
0	553
0	163
1	222
0	662
1	330
1	724
0	196
0	592
0	910
1	624
1	235
0	187
0	85
1	394
1	200
1	584
1	67
1	447
0	193
1	889
1	957
0	791
1	343
1	98
1	435
0	693
0	364
0	494
0	584
0	834
1	236
0	22
0	26
1	158
0	400
0	80
0	634
0	497
0	590
0	660
1	479
0	911
0	845
1	452
1	723
0	993
1	145
1	401
0	884
1	73
0	814
1	916
0	782
1	619
1	681
1	996
1	28
0	710
0	46
0	728
1	210
0	788
1	244
0	403
0	786
0	770
0	518
1	386
1	854
1	118
0	391
0	5
1	878
1	18
0	163
0	751
0	19
1	960
1	160
0	336
1	382
0	540
0	707
1	713
1	777
1	265
1	278
1	464
1	56
0	237
0	415
0	183
0	490
0	65
1	263
1	556
1	748
1	800
1	129
0	160
0	986
0	778
0	504
0	958
0	335
1	617
1	691
1	373
1	591
1	872
1	788
1	321
1	954
1	684
0	618
1	540
1	162
0	922
1	886
1	200
1	545
0	578
1	393
0	715
0	8
0	995
0	98
1	276
1	706
1	33
0	268
0	636
1	280
1	873
0	88
1	812
1	937
0	906
1	784
0	455
0	123
0	522
0	482
1	803
1	188
0	744
0	317
1	204
0	140
1	387
1	26
1	251
0	281
1	666
0	653
0	713
0	115
1	464
0	441
0	814
0	892
1	756
1	465
1	229
1	674
0	841
1	955
1	282
0	458
0	668
1	312
1	901
1	593
0	276
0	351
1	233
1	248
1	681
0	557
1	896
1	972
1	245
1	249
1	765
1	685
1	352
1	70
1	15
1	425
1	743
0	659
0	664
0	440
0	593
0	40
0	570
1	76
0	38
0	999
1	366
1	590
0	956
1	838
1	692
1	944
0	345
1	334
1	731
1	539
1	627
1	425
1	569
1	392
0	582
0	755
0	563
1	53
1	875
0	432
1	144
0	629
1	947
1	399
0	853
1	640
1	775
1	122
1	573
0	841
0	970
0	932
1	640
1	987
0	460
1	514
0	343
0	421
0	912
1	11
0	614
0	669
0	933
0	119
1	404
1	398
1	285
1	41
1	298
1	815
1	915
0	701
0	159
1	499
0	851
0	414
1	410
1	704
1	996
1	923
1	519
0	785
0	706
1	661
1	351
1	744
1	609
1	349
1	600
0	939
1	298
1	528
1	631
1	23
1	34
1	67
1	52
0	20
1	38
0	80
1	50
1	61
1	75
0	35
0	31
0	65
0	57
0	25
1	7
1	70
0	9
0	17
1	54
1	66
0	43
1	35
1	27
0	44
1	77
1	8
0	51
1	2
1	40
1	37
0	18
1	32
1	75
0	49
1	60
0	52
1	4
1	25
0	36
0	73
0	11
1	68
1	23
1	6
1	50
0	69
1	2
1	46
1	4
1	13
0	27
0	55
0	51
1	38
1	72
1	41
1	36
0	6
0	28
0	65
0	57
0	24
0	11
0	7
0	73
1	8
0	19
0	44
0	74
0	47
0	17
1	16
0	59
0	60
0	7
0	14
0	10
1	40
1	2
1	4
1	59
1	52
1	5
1	46
1	10
1	27
0	20
1	61
1	23
1	63
1	42
1	59
1	18
1	77
1	33
1	22
1	21
1	20
1	54
0	33
0	53
1	17
0	20
1	11
1	48
1	15
1	39
1	19
1	35
1	138
0	44
1	32
0	142
1	143
1	55
1	133
0	9
0	32
1	161
0	41
1	109
1	115
0	74
1	24
0	38
1	127
0	2
0	25
0	52
0	30
0	141
0	45
1	119
0	139
0	52
1	151
0	116
0	109
0	69
1	145
1	96
0	81
1	101
0	99
0	135
0	79
0	95
0	57
0	40
0	35
0	20
0	9
0	21
1	31
1	86
0	51
0	14
0	90
0	26
0	24
0	30
0	24
0	30
0	24
0	30
0	89
0	4
0	89
0	4
0	89
0	4
0	90
1	86
0	95
0	99
0	90
1	86
0	95
0	99
0	90
1	86
0	95
0	99
0	8
1	55
0	63
1	25
1	33
1	25
1	33
1	25
1	33
0	25
0	35
0	25
0	35
0	25
0	35
0	74
0	74
1	54
1	56
1	17
0	74
1	54
1	56
1	17
0	74
1	54
1	56
1	17
1	29
0	74
1	54
1	56
1	17
1	29
1	84
1	26
1	26
1	24
1	26
1	24
1	26
1	24
1	23
1	26
1	24
1	23
1	11
1	11
0	70
1	27
0	4
1	35
1	82
0	8
1	24
1	90
1	11
0	70
1	27
0	4
1	35
1	82
0	8
1	24
1	90
1	11
0	70
1	27
0	4
1	35
1	82
0	8
1	24
1	90
0	25
1	83
1	36
0	53
1	37
1	13
1	11
0	70
1	27
0	4
1	35
1	82
0	8
1	24
1	90
0	25
1	83
1	36
1	49
1	49
1	13
1	49
1	13
1	49
1	13
1	65
1	49
1	13
1	65
0	28
0	28
0	31
0	28
0	31
0	28
0	31
1	60
0	82
0	28
0	31
1	60
0	82
0	24
0	5
0	2
0	40
1	75
0	37
1	76
1	98
1	33
1	53
1	13
1	91
1	0
0	82
1	28
1	31
1	76
0	5
1	70
1	62
1	85
0	69
0	29
0	23
0	74
0	74
0	35
0	31
0	90
0	16
0	74
0	35
0	31
0	90
0	16
0	71
0	74
0	35
0	31
0	90
0	16
0	71
0	86
1	20
1	24
0	47
0	51
1	15
1	15
1	57
0	91
1	18
1	99
0	70
0	30
0	77
1	15
1	57
0	91
1	18
1	99
0	70
0	30
0	77
0	88
1	13
1	9
0	31
0	60
0	72
0	45
1	15
1	57
0	91
1	18
1	99
0	70
0	30
0	77
0	88
1	13
1	9
0	31
0	60
0	72
0	45
0	4
1	44
1	90
0	38
0	16
1	95
1	21
1	19
0	47
0	73
1	10
0	66
1	61
0	14
0	40
0	17
0	71
0	75
1	15
1	57
0	91
1	18
1	99
0	70
0	30
0	77
0	88
1	13
1	9
0	31
0	60
0	72
0	45
0	4
1	44
1	90
0	38
0	16
1	95
1	21
1	19
0	47
0	73
1	10
0	66
1	61
0	14
0	40
0	17
0	71
0	75
0	56
0	98
0	35
1	15
1	57
0	91
1	18
1	99
0	70
0	30
0	77
0	88
1	13
1	9
0	31
0	60
0	72
0	45
0	4
1	44
1	90
0	38
0	16
1	95
1	21
1	19
0	47
0	73
1	10
0	66
1	61
0	14
0	40
0	17
0	71
0	75
0	56
0	98
0	35
0	85
1	59
0	63
0	69
0	30
0	30
0	89
1	9
0	37
0	7
0	0
0	30
0	89
1	9
0	37
0	7
0	0
0	58
0	30
0	89
1	9
0	37
0	7
0	0
0	58
1	70
1	59
1	1
1	1
1	33
1	9
1	95
1	80
1	1
1	33
1	9
1	95
1	80
1	54
1	1
1	33
1	9
1	95
1	80
1	54
1	8
1	20
1	40
1	1
1	33
1	9
1	95
1	80
1	54
1	8
1	20
1	40
1	1
1	33
1	9
1	95
1	80
1	54
1	8
1	20
1	40
1	34
1	45
1	45
1	63
1	35
0	59
1	6
1	86
1	45
1	63
1	35
0	59
1	6
1	86
0	57
1	45
1	63
1	35
0	59
1	6
1	86
0	57
1	90
1	71
1	52
1	72
1	46
1	45
1	63
1	35
0	59
1	6
1	86
0	57
1	90
1	71
1	52
1	72
1	45
1	63
1	35
0	59
1	6
1	86
0	57
1	90
1	71
1	52
1	72
1	46
1	0
0	7
0	7
1	86
1	39
1	51
0	67
0	24
0	7
1	86
1	39
1	51
0	67
0	24
0	46
1	2
1	29
0	66
1	36
0	84
0	49
1	80
0	0
0	70
1	16
0	93
0	64
0	7
1	86
1	39
1	51
0	67
0	24
0	46
1	2
1	29
0	66
1	36
0	84
0	49
1	80
0	0
0	70
1	16
0	93
0	64
0	90
1	32
1	43
0	34
0	7
1	86
1	39
1	51
0	67
0	24
0	46
1	2
1	29
0	66
1	36
0	84
0	49
1	80
0	0
0	70
1	16
0	93
0	64
0	90
0	7
1	86
1	39
1	51
0	67
0	24
0	46
1	2
1	29
0	66
1	36
0	84
0	49
1	80
0	0
0	70
1	16
0	93
0	64
0	90
1	32
1	43
0	34
0	11
0	11
0	15
1	35
0	93
1	87
0	14
1	52
0	55
0	60
0	11
0	15
1	35
0	93
1	87
0	14
1	52
0	55
0	60
0	62
1	70
1	13
1	88
1	64
1	51
1	76
0	11
0	15
1	35
0	93
1	87
0	14
1	52
0	55
0	60
0	62
1	70
1	13
1	88
1	64
1	51
1	76
0	65
0	42
0	8
0	84
1	27
1	36
0	19
0	10
1	43
0	82
1	59
0	94
1	12
1	28
1	98
1	21
1	25
0	66
1	69
1	3
1	47
0	6
1	97
1	83
1	44
0	11
0	15
1	35
0	93
1	87
0	14
1	52
0	55
0	60
0	62
1	70
1	13
1	88
1	64
1	51
1	76
0	65
0	42
0	8
0	84
1	27
1	36
0	19
0	10
1	43
0	82
1	59
0	94
1	12
1	28
1	98
1	21
1	25
0	66
1	69
1	3
1	47
0	6
1	97
1	83
1	44
1	48
0	11
0	15
1	35
0	93
1	87
0	14
1	52
0	55
0	60
0	62
1	70
1	13
1	88
1	64
1	51
1	76
0	85
0	85
0	1
0	91
0	12
0	47
0	85
0	1
0	91
0	12
0	47
0	86
0	85
0	1
0	91
0	12
0	47
0	86
0	57
0	55
0	45
0	31
0	85
0	1
0	91
0	12
0	47
0	86
0	57
0	55
0	45
0	85
0	1
0	91
0	12
0	47
0	86
0	57
0	55
0	45
0	31
0	39
1	31
0	16
1	44
1	85
0	84
0	94
0	89
0	51
1	31
1	98
0	4
1	64
1	24
1	41
0	69
0	35
1	5
1	56
1	80
0	73
0	47
1	85
0	41
0	94
0	8
1	80
1	50
1	64
1	83
0	83
0	52
0	68
0	56
0	92
1	0
0	50
1	97
0	95
0	58
1	60
1	57
0	87
1	77
0	43
0	96
1	93
1	69
1	57
1	42
1	9
1	48
1	34
1	26
0	12
1	82
1	92
1	39
1	86
1	44
1	0
1	54
1	81
1	35
0	24
1	88
1	40
1	37
1	74
1	58
1	56
0	81
1	51
1	18
0	47
0	73
0	2
1	98
0	37
0	77
1	45
1	35
0	30
1	69
1	6
1	39
1	10
1	55
1	80
0	35
0	68
0	32
1	46
0	27
1	56
1	87
1	22
1	4
1	88
1	15
0	83
1	87
1	9
1	55
1	18
1	15
0	83
1	87
1	9
1	55
1	18
1	15
0	83
1	87
1	9
1	55
1	18
1	15
0	83
1	87
1	9
1	55
1	18
1	7
0	78
0	64
1	45
0	73
0	93
0	47
1	20
0	58
0	3
0	79
1	44
0	77
0	96
0	46
0	72
0	4
1	84
1	58
0	99
1	63
0	36
0	18
1	82
0	27
0	1
0	78
0	12
0	46
0	38
0	36
1	25
0	24
0	43
0	79
1	35
1	69
1	56
0	16
0	22
1	33
0	50
1	52
0	99
0	96
1	56
0	36
1	31
0	42
0	95
1	71
0	52
1	22
1	59
0	15
0	74
0	35
0	64
0	21
1	86
0	69
1	57
1	30
0	90
0	40
1	96
1	87
0	81
0	70
1	96
0	16
1	78
1	64
0	61
1	54
0	47
1	29
1	90
0	16
1	71
1	38
1	66
1	89
1	39
0	41
0	36
1	29
0	79
1	56
0	76
1	9
0	95
0	5
0	8
1	23
0	12
1	83
0	33
0	14
0	26
1	1
1	20
1	7
1	77
1	2
0	52
0	4
0	13
0	69
0	48
1	72
0	39
0	86
1	74
1	20
1	89
1	33
1	92
1	76
1	37
1	62
1	22
