0	339
0	339
0	623
0	342
0	602
0	602
0	602
1	381
1	463
0	386
1	518
0	139
1	589
1	869
1	869
1	901
1	355
1	521
1	521
1	590
1	19
1	521
1	590
1	19
1	250
1	521
1	590
1	19
1	250
1	112
1	521
1	590
1	19
1	250
1	112
1	512
1	521
1	590
1	19
1	250
1	112
1	512
1	521
1	590
1	19
1	250
1	112
1	512
1	521
1	590
1	19
1	250
1	112
1	512
1	321
1	682
1	111
0	176
1	184
1	22
0	27
0	27
1	193
1	693
1	560
0	27
1	193
1	693
1	560
1	541
0	27
1	193
1	693
1	560
1	541
0	116
1	142
1	762
1	96
0	27
1	193
1	693
1	560
1	541
0	116
1	142
1	762
0	27
1	193
1	693
1	560
1	541
0	116
1	142
1	762
0	27
1	193
1	693
1	560
1	541
0	116
1	142
1	762
0	27
1	193
1	693
1	560
1	541
0	116
1	142
1	762
1	96
0	145
1	183
1	456
1	68
1	270
1	270
0	639
0	993
0	183
1	270
0	639
0	993
0	183
1	130
1	384
0	520
1	677
1	394
1	270
0	639
0	993
0	183
1	130
1	384
0	520
1	677
1	394
1	997
1	270
0	639
0	993
0	183
1	130
1	384
0	520
1	677
1	394
1	997
1	886
1	270
0	639
0	993
0	183
1	130
1	384
0	520
1	677
1	394
1	997
1	270
0	639
0	993
0	183
1	130
1	384
0	520
1	677
1	394
1	997
1	886
1	270
0	639
0	993
0	183
1	130
1	384
0	520
1	677
1	394
1	997
1	886
1	881
1	13
1	839
1	448
1	448
1	130
0	816
1	181
1	448
1	130
0	816
1	181
1	293
1	448
1	130
0	816
1	181
1	293
0	766
1	217
1	945
1	369
1	448
1	130
0	816
1	181
1	293
0	766
1	217
1	945
1	448
1	130
0	816
1	181
1	293
0	766
1	217
1	945
1	448
1	130
0	816
1	181
1	293
0	766
1	217
1	945
1	448
1	130
0	816
1	181
1	293
0	766
1	217
1	945
1	369
1	635
0	350
1	664
0	550
1	504
1	969
1	66
1	745
1	745
0	930
1	824
1	212
1	745
0	930
1	824
1	212
1	920
1	745
0	930
1	824
1	212
1	920
1	486
1	745
0	930
1	824
1	212
1	920
1	486
1	341
1	745
0	930
1	824
1	212
1	920
1	486
1	341
1	745
0	930
1	824
1	212
1	920
1	486
1	341
0	291
1	998
1	745
0	930
1	824
1	212
1	920
1	486
1	341
0	291
1	998
1	406
0	711
1	680
0	5
0	242
1	363
1	831
1	767
1	566
1	355
0	166
0	166
1	265
1	375
1	570
0	166
1	265
1	375
1	570
1	696
1	311
0	166
1	265
1	375
1	570
1	696
1	311
0	166
1	265
1	375
1	570
1	696
1	311
1	10
0	166
1	265
1	375
1	570
1	696
1	311
1	10
0	166
1	265
1	375
1	570
1	696
1	311
1	10
0	554
1	485
0	166
1	265
1	375
1	570
1	696
1	311
1	10
0	554
1	485
1	746
1	737
1	413
0	408
1	800
1	784
1	833
1	833
1	826
1	90
1	833
1	826
1	90
1	639
1	833
1	826
1	90
1	639
1	96
1	833
1	826
1	90
1	639
1	96
1	422
1	833
1	826
1	90
1	639
1	96
1	422
1	833
1	826
1	90
1	639
1	96
1	422
1	833
1	826
1	90
1	639
1	96
1	422
0	493
1	751
1	135
1	413
0	699
0	663
0	450
0	948
1	157
0	514
0	385
1	334
1	334
1	719
0	919
1	400
1	334
1	719
0	919
1	400
1	380
1	334
1	719
0	919
1	400
1	380
0	617
1	128
1	334
1	719
0	919
1	400
1	380
0	617
1	128
1	646
1	334
1	719
0	919
1	400
1	380
0	617
1	128
1	646
1	334
1	719
0	919
1	400
1	380
0	617
1	128
1	646
1	334
1	719
0	919
1	400
1	380
0	617
1	128
1	646
1	518
1	644
0	227
1	6
1	327
1	353
1	480
1	633
1	633
1	63
1	248
1	633
1	63
1	248
1	923
1	633
1	63
1	248
1	923
1	690
1	633
1	63
1	248
1	923
1	690
1	483
1	633
1	63
1	248
1	923
1	690
1	483
1	633
1	63
1	248
1	923
1	690
1	483
1	633
1	63
1	248
1	923
1	690
1	483
1	588
1	267
1	816
1	668
1	244
1	244
1	394
1	746
1	244
1	394
1	746
1	12
1	244
1	394
1	746
1	12
0	2
1	32
1	244
1	394
1	746
1	12
0	2
1	32
1	44
1	244
1	394
1	746
1	12
0	2
1	32
1	44
1	244
1	394
1	746
1	12
0	2
1	32
1	44
1	348
1	244
1	394
1	746
1	12
0	2
1	32
1	44
1	348
0	980
0	132
1	571
0	995
0	821
1	168
1	332
1	957
1	173
1	904
0	357
0	949
0	931
0	812
0	216
0	682
1	256
0	768
1	321
1	33
1	370
1	14
1	255
0	12
1	926
0	950
0	34
0	134
0	305
0	959
0	639
1	783
1	235
1	147
1	323
1	623
1	744
1	179
0	296
0	431
0	203
0	274
0	239
1	594
1	410
0	650
0	69
0	446
0	58
0	38
0	774
1	690
0	482
0	683
0	124
0	567
1	12
0	455
0	510
1	86
0	168
0	854
1	633
1	314
1	110
1	967
0	715
1	259
0	681
0	798
0	588
0	976
1	137
1	864
0	192
1	538
0	677
1	927
0	347
0	93
0	0
1	924
0	18
1	228
1	329
1	256
1	307
1	63
1	461
0	791
1	523
1	977
1	836
1	381
0	996
1	712
1	80
0	301
1	670
1	966
1	905
0	507
1	32
0	140
1	576
0	112
1	858
1	230
0	418
0	628
1	541
1	298
1	317
1	139
0	987
1	27
1	755
1	755
1	838
1	918
0	186
1	354
0	805
1	628
1	525
0	546
1	968
1	298
1	208
1	470
1	79
0	18
1	614
1	553
1	433
1	219
1	911
1	914
0	68
0	471
1	75
1	90
0	319
0	780
1	819
1	945
0	566
1	669
1	869
1	971
1	609
1	348
1	428
1	467
0	873
1	103
0	662
1	860
1	404
1	971
0	576
1	71
1	388
1	257
1	58
0	47
1	379
1	116
0	120
1	478
1	752
1	98
1	340
1	836
1	473
0	842
1	83
1	864
1	713
0	787
0	548
1	879
1	301
0	311
0	927
0	720
1	596
1	360
0	118
1	628
1	260
0	816
1	352
1	962
0	389
1	732
0	832
0	955
0	755
0	394
1	193
1	516
1	644
1	641
1	463
0	539
0	84
0	871
0	856
1	497
0	237
1	197
0	91
1	849
1	188
1	593
0	173
1	135
0	681
0	264
0	550
1	66
1	493
1	902
1	354
0	696
1	646
1	652
0	619
1	521
0	894
0	265
0	993
0	756
1	296
0	84
0	161
0	320
0	852
0	986
0	352
1	8
0	384
0	489
0	409
0	445
1	1
1	65
1	733
1	554
1	630
0	342
0	357
1	313
1	159
1	403
1	105
1	328
0	889
0	493
0	993
0	160
0	352
1	463
0	728
1	645
0	199
1	65
1	245
1	95
1	122
1	266
1	297
1	293
0	828
1	824
1	977
1	574
1	562
0	945
1	564
1	227
1	109
1	134
1	46
0	731
1	684
1	276
1	937
0	34
0	907
1	226
1	188
1	818
0	187
1	726
1	789
1	697
1	704
1	899
1	286
0	245
1	4
1	434
1	413
1	316
1	835
1	415
1	976
1	119
1	72
1	998
1	825
1	138
1	204
1	845
0	367
1	93
1	379
0	623
0	474
1	635
0	164
1	866
0	72
0	566
0	648
0	89
1	104
0	365
1	872
1	273
0	407
1	771
1	666
0	662
0	938
0	136
1	746
0	517
0	982
0	209
1	830
1	826
1	343
1	10
0	775
0	871
0	632
1	68
1	937
0	589
1	955
0	380
1	331
0	731
1	143
0	651
1	35
0	616
0	176
1	561
1	872
0	780
1	213
1	907
1	382
1	89
1	583
1	93
1	819
1	890
1	606
1	950
1	756
1	859
1	247
1	815
0	521
0	139
1	184
0	448
0	17
0	368
1	629
0	520
0	581
0	139
0	883
0	933
0	470
0	963
1	962
1	951
1	647
1	734
1	847
1	407
0	619
1	719
0	345
1	687
1	634
1	784
1	44
0	21
1	79
0	3
0	47
1	71
0	69
1	60
0	43
0	64
0	42
1	15
1	63
0	61
0	59
1	46
1	63
0	35
0	49
1	19
1	77
1	68
1	39
1	70
1	59
0	27
1	49
1	80
0	3
1	72
1	64
0	51
1	33
1	39
0	16
1	26
1	0
1	15
1	50
0	66
0	29
0	25
0	3
1	12
1	52
0	56
0	71
0	67
1	10
1	5
1	74
1	62
1	69
1	6
1	16
0	45
0	0
0	19
0	35
0	32
0	5
0	25
0	44
1	48
1	80
0	0
0	11
0	4
0	7
1	26
1	6
0	64
0	10
0	35
0	25
1	65
0	38
1	53
1	12
0	58
0	82
1	54
1	66
1	11
1	14
0	27
0	30
1	43
1	6
1	65
1	70
1	55
1	54
1	31
0	30
1	9
0	19
0	11
1	50
1	58
1	61
0	34
0	8
1	5
1	39
0	63
1	37
0	73
0	72
1	28
0	68
0	60
0	41
1	72
0	83
0	90
1	44
1	98
1	20
1	85
0	74
1	26
0	4
1	37
0	19
0	91
0	50
0	35
1	84
1	62
1	18
0	77
1	20
1	87
1	1
0	36
1	65
1	93
1	58
0	36
1	65
1	93
0	36
1	65
1	93
1	66
1	22
1	66
1	22
1	66
1	22
1	88
0	62
1	32
1	27
0	25
0	50
1	64
1	88
0	62
1	32
1	27
0	25
0	50
1	64
1	88
0	62
1	32
1	27
0	25
0	50
1	64
1	2
0	71
0	13
1	53
1	33
0	73
0	5
1	2
0	71
0	13
1	53
1	33
0	73
0	5
0	90
1	2
0	71
0	13
1	53
1	33
0	73
0	5
0	90
0	76
1	50
1	48
1	50
1	48
1	50
1	48
1	12
1	12
1	49
1	12
1	49
1	12
1	49
1	87
1	12
1	49
1	87
1	48
1	48
0	25
0	67
0	32
1	48
0	25
0	67
0	32
1	48
0	25
0	67
0	32
0	68
1	48
0	25
0	67
0	32
0	68
0	50
0	50
0	49
0	50
0	49
0	50
0	49
1	98
0	65
0	50
0	49
1	98
0	65
1	84
1	84
1	22
1	84
1	22
1	84
1	22
1	60
1	84
1	22
1	60
0	44
0	44
1	8
0	9
1	21
0	15
0	44
1	8
0	9
1	21
0	15
1	17
0	55
0	84
0	44
1	8
0	9
1	21
0	15
1	17
0	55
0	84
0	50
1	92
0	29
0	99
0	65
0	44
1	8
0	9
1	21
0	15
1	17
0	55
0	84
0	50
1	92
0	29
0	99
0	65
0	5
1	76
0	51
0	6
0	95
0	43
1	69
1	74
1	65
1	26
1	50
1	29
0	38
1	28
1	54
0	82
0	23
1	79
0	78
1	40
1	66
1	22
0	41
0	2
0	27
0	32
0	3
1	42
1	48
1	17
0	53
0	70
0	80
0	47
0	55
0	85
0	38
1	93
0	52
0	65
1	5
1	30
0	37
0	58
0	73
0	12
0	9
0	9
1	91
1	90
1	99
1	20
1	86
0	9
1	91
1	90
1	99
1	20
1	86
1	19
0	9
1	91
1	90
1	99
1	20
1	86
1	19
1	10
1	24
1	78
1	54
1	53
1	53
1	62
0	73
1	55
1	10
1	81
1	53
1	62
0	73
1	55
1	10
1	81
0	14
0	11
1	31
1	44
1	7
1	49
0	74
1	60
1	53
1	62
0	73
1	55
1	10
1	81
0	14
0	11
1	31
1	44
1	7
1	49
1	53
1	62
0	73
1	55
1	10
1	81
0	14
0	11
1	31
1	44
1	7
1	49
1	53
1	62
0	73
1	55
1	10
1	81
0	14
0	11
1	31
1	44
1	7
1	49
1	60
1	60
0	63
1	38
0	2
1	94
1	77
1	73
1	60
0	63
1	38
0	2
1	94
1	77
1	73
1	90
1	60
0	63
1	38
0	2
1	94
1	77
1	73
1	90
0	14
1	53
1	53
1	0
1	60
1	37
1	25
1	53
1	0
1	60
1	37
1	25
1	12
1	53
1	0
1	60
1	37
1	25
1	12
1	92
1	48
1	73
1	53
1	0
1	60
1	37
1	25
1	12
1	92
1	48
1	73
1	53
1	0
1	60
1	37
1	25
1	12
1	92
1	48
1	73
1	38
0	79
0	79
0	4
1	97
0	53
0	22
1	72
0	93
0	99
0	46
1	37
1	42
0	43
1	86
0	26
0	83
1	8
0	56
0	69
0	30
0	79
0	4
1	97
0	53
0	22
1	72
0	93
0	99
0	46
0	79
0	4
1	97
0	53
0	22
1	72
0	93
0	99
0	46
1	37
1	42
0	43
1	86
0	26
0	83
1	8
0	56
0	69
0	30
0	40
0	71
0	79
0	4
1	97
0	53
0	22
1	72
0	93
0	99
0	46
1	37
1	42
0	43
1	86
0	26
0	83
1	8
0	56
0	69
0	30
0	40
0	79
0	4
1	97
0	53
0	22
1	72
0	93
0	99
0	46
1	37
1	42
0	43
1	86
0	26
0	83
1	8
0	56
0	69
0	30
0	40
1	30
1	30
0	47
0	4
1	59
0	88
0	39
0	68
1	30
0	47
0	4
1	59
0	88
0	39
0	68
0	33
1	30
0	47
0	4
1	59
0	88
0	39
0	68
0	33
0	93
0	80
0	2
0	32
1	30
0	47
0	4
1	59
0	88
0	39
0	68
0	33
0	93
0	80
0	2
0	32
1	30
0	47
0	4
1	59
0	88
0	39
0	68
0	33
0	93
0	80
0	2
0	32
0	95
1	4
1	4
1	42
1	37
1	35
1	33
1	4
1	42
1	37
1	35
1	33
1	17
1	4
1	42
1	37
1	35
1	33
1	17
1	57
1	90
1	15
1	4
1	42
1	37
1	35
1	33
1	17
1	57
1	90
1	15
1	4
1	42
1	37
1	35
1	33
1	17
1	57
1	90
1	15
1	86
1	85
1	85
1	39
1	26
0	97
1	59
0	7
1	76
0	61
1	50
0	14
1	2
0	93
0	1
1	65
1	24
1	19
1	74
0	10
1	80
1	83
1	77
0	46
1	52
1	87
1	85
1	39
1	26
0	97
1	59
0	7
1	76
0	61
1	50
0	14
1	2
0	93
0	1
1	65
1	24
1	19
1	74
1	85
1	39
1	26
0	97
1	59
0	7
1	76
0	61
1	50
0	14
1	2
0	93
0	1
1	65
1	24
1	19
1	74
0	10
1	80
1	83
1	77
0	46
1	52
1	87
1	85
1	39
1	26
0	97
1	59
0	7
1	76
0	61
1	50
0	14
1	2
0	93
0	1
1	65
1	24
1	19
1	74
0	10
1	80
1	83
1	77
0	46
1	52
1	87
1	27
1	78
1	48
1	20
0	96
1	58
1	92
1	18
1	85
1	39
1	26
0	97
1	59
0	7
1	76
0	61
1	50
0	14
1	2
0	93
0	1
1	65
1	24
1	19
1	74
0	10
1	80
1	83
1	77
0	46
1	52
1	87
1	39
0	96
1	49
1	1
0	68
0	27
1	29
0	7
0	81
0	12
0	15
1	28
0	14
1	1
1	69
1	25
1	15
0	98
1	60
1	88
0	37
0	41
0	79
1	83
0	99
1	34
0	8
1	73
1	32
0	29
0	70
0	39
0	63
0	24
0	26
0	82
0	35
0	46
0	27
0	94
0	23
0	51
0	75
1	71
1	18
0	31
0	6
0	55
0	97
1	42
0	38
1	61
0	68
0	72
0	75
0	83
0	85
0	15
1	97
0	37
1	55
0	40
0	69
1	14
0	64
0	37
0	84
0	22
0	77
1	63
0	56
0	89
0	49
1	30
1	69
1	81
1	76
0	86
1	37
0	28
0	57
0	39
0	95
0	23
0	39
0	41
0	51
1	89
1	25
0	30
1	91
1	85
0	52
0	66
0	58
0	2
1	16
1	61
1	4
1	84
0	39
1	76
1	64
0	28
0	26
0	85
0	56
0	17
0	99
0	58
0	6
0	43
0	17
0	99
0	58
0	6
0	43
0	17
0	99
0	58
0	6
0	43
0	17
0	99
0	58
0	6
0	43
1	50
1	36
0	29
0	28
1	66
0	13
0	42
1	67
0	31
0	7
0	1
0	47
0	11
0	79
0	26
0	14
1	66
0	75
1	11
1	33
1	95
1	37
1	64
1	75
0	73
1	17
1	18
1	56
0	22
0	98
1	89
0	5
0	43
0	99
