0	541
0	541
1	264
1	637
0	494
0	494
1	898
0	494
1	898
1	611
1	802
1	949
1	939
1	174
1	364
1	364
0	438
0	165
0	239
1	856
1	856
1	920
0	753
1	829
1	856
1	920
0	753
1	829
1	276
1	856
1	920
0	753
1	829
1	276
1	413
1	856
1	920
0	753
1	829
1	276
1	413
1	66
1	856
1	920
0	753
1	829
1	276
1	413
1	66
1	856
1	920
0	753
1	829
1	276
1	413
1	66
1	856
1	920
0	753
1	829
1	276
1	413
1	66
1	705
1	835
0	73
1	451
1	60
1	78
1	192
1	192
1	214
1	161
1	192
1	214
1	161
1	553
1	192
1	214
1	161
1	553
1	412
1	192
1	214
1	161
1	553
1	412
0	514
1	168
1	192
1	214
1	161
1	553
1	412
0	514
1	168
1	192
1	214
1	161
1	553
1	412
0	514
1	168
1	144
1	192
1	214
1	161
1	553
1	412
0	514
1	168
1	144
1	344
1	317
0	354
0	416
0	661
1	560
0	431
1	53
0	722
1	851
0	957
0	143
1	211
1	542
1	225
1	771
1	721
0	633
1	917
0	298
1	927
1	8
1	469
0	468
0	468
0	185
1	660
1	384
1	902
0	468
0	185
1	660
1	384
1	902
1	666
0	468
0	185
1	660
1	384
1	902
1	666
1	927
0	468
0	185
1	660
1	384
1	902
1	666
1	927
0	333
1	485
1	558
0	468
0	185
1	660
1	384
1	902
1	666
1	927
0	333
1	485
1	558
0	468
0	185
1	660
1	384
1	902
1	666
1	927
0	333
1	485
1	558
0	468
0	185
1	660
1	384
1	902
1	666
1	927
0	333
1	485
1	558
1	554
1	653
0	194
1	858
0	360
0	360
1	946
1	751
0	752
0	352
0	360
1	946
1	751
0	752
0	352
1	275
1	438
0	930
1	625
0	360
1	946
1	751
0	752
0	352
1	275
1	438
0	930
1	625
0	360
1	946
1	751
0	752
0	352
1	275
1	438
0	930
1	625
1	942
0	360
1	946
1	751
0	752
0	352
1	275
1	438
0	930
1	625
1	942
0	360
1	946
1	751
0	752
0	352
1	275
1	438
0	930
1	625
1	942
1	280
0	360
1	946
1	751
0	752
0	352
1	275
1	438
0	930
1	625
1	942
1	280
1	499
0	994
1	515
1	986
1	242
1	242
1	730
1	302
1	242
1	730
1	302
1	241
1	242
1	730
1	302
1	241
1	19
1	242
1	730
1	302
1	241
1	19
1	461
1	242
1	730
1	302
1	241
1	19
1	461
1	242
1	730
1	302
1	241
1	19
1	461
1	242
1	730
1	302
1	241
1	19
1	461
0	334
1	193
1	927
1	476
0	210
1	419
0	690
1	312
1	573
1	710
1	939
1	939
1	40
1	660
1	939
1	40
1	660
1	90
1	939
1	40
1	660
1	90
1	931
1	939
1	40
1	660
1	90
1	931
0	116
1	262
1	939
1	40
1	660
1	90
1	931
0	116
1	262
1	939
1	40
1	660
1	90
1	931
0	116
1	262
1	576
1	939
1	40
1	660
1	90
1	931
0	116
1	262
1	576
1	139
1	26
1	822
1	316
1	410
1	410
0	980
1	62
1	406
1	410
0	980
1	62
1	406
1	2
1	410
0	980
1	62
1	406
1	2
0	856
1	841
1	986
1	410
0	980
1	62
1	406
1	2
0	856
1	841
1	986
1	410
0	980
1	62
1	406
1	2
0	856
1	841
1	986
1	410
0	980
1	62
1	406
1	2
0	856
1	841
1	986
1	410
0	980
1	62
1	406
1	2
0	856
1	841
1	986
1	902
1	905
1	234
1	102
0	996
1	389
0	22
0	22
1	237
1	107
1	964
0	22
1	237
1	107
1	964
0	325
1	928
0	929
1	815
1	146
1	665
0	22
1	237
1	107
1	964
0	325
1	928
0	929
1	815
1	146
1	665
0	22
1	237
1	107
1	964
0	325
1	928
0	929
1	815
1	146
1	665
1	538
0	22
1	237
1	107
1	964
0	325
1	928
0	929
1	815
1	146
1	665
1	538
0	22
1	237
1	107
1	964
0	325
1	928
0	929
1	815
1	146
1	665
1	538
0	22
1	237
1	107
1	964
0	325
1	928
0	929
1	815
1	146
1	665
1	538
1	278
0	81
0	638
1	75
1	500
1	641
0	139
0	139
1	610
1	376
1	72
0	139
1	610
1	376
1	72
1	661
0	139
1	610
1	376
1	72
1	661
1	575
0	139
1	610
1	376
1	72
1	661
1	575
0	944
1	54
1	510
0	139
1	610
1	376
1	72
1	661
1	575
0	944
1	54
1	510
0	139
1	610
1	376
1	72
1	661
1	575
0	944
1	54
1	510
0	363
1	467
1	348
0	139
1	610
1	376
1	72
1	661
1	575
0	944
1	54
1	510
0	363
1	467
1	348
1	808
1	472
1	472
1	556
1	336
1	472
1	556
1	336
1	286
1	472
1	556
1	336
1	286
1	944
1	472
1	556
1	336
1	286
1	944
0	379
0	435
1	971
1	181
1	318
1	472
1	556
1	336
1	286
1	944
0	379
0	435
1	971
1	181
1	318
1	472
1	556
1	336
1	286
1	944
0	379
0	435
1	971
1	181
1	318
1	472
1	556
1	336
1	286
1	944
0	379
0	435
1	971
1	181
1	318
0	160
1	316
1	715
1	196
1	404
1	461
1	357
1	178
1	727
1	969
1	757
1	725
1	952
1	961
1	380
1	333
0	508
1	396
0	357
0	92
0	502
0	342
1	50
0	485
1	408
0	870
0	553
0	314
1	792
0	496
1	517
1	456
1	160
0	750
0	442
0	453
0	88
1	59
1	731
1	751
1	691
1	995
1	370
0	208
0	762
0	633
1	241
0	946
1	474
0	933
0	698
1	317
1	149
1	717
1	181
0	264
0	480
1	644
1	673
0	663
1	668
1	455
0	569
1	807
1	191
0	609
1	269
1	24
1	237
0	826
0	778
1	605
1	360
1	367
1	301
1	855
1	952
0	220
0	322
0	787
1	222
1	562
0	637
0	342
0	242
0	644
0	114
0	286
1	452
0	844
0	366
1	755
0	461
1	463
0	184
1	785
1	670
1	542
1	778
1	80
0	719
1	601
1	582
0	292
0	496
1	112
0	338
1	118
1	810
1	58
1	723
1	707
0	872
1	259
1	264
1	68
1	177
1	34
0	998
1	140
1	891
0	206
0	506
1	96
1	461
0	142
1	645
1	377
1	640
1	596
0	170
1	229
1	718
1	258
1	365
1	972
0	808
0	665
0	652
1	872
0	208
1	829
1	978
0	432
0	83
1	907
1	639
1	101
0	848
0	170
0	269
0	330
0	85
1	14
1	445
0	240
0	407
1	711
1	956
0	49
1	154
1	386
0	88
1	63
1	589
1	663
0	240
1	55
0	399
1	727
1	665
1	202
1	446
1	491
1	264
1	191
0	244
1	901
1	751
1	778
1	629
0	502
0	22
0	408
1	987
0	885
1	279
1	560
0	167
0	17
0	671
0	193
1	31
1	435
1	561
1	181
1	619
1	353
0	322
0	184
1	542
1	260
1	304
0	173
1	259
1	214
1	776
0	217
0	465
0	930
0	77
0	800
0	786
1	518
0	858
0	391
0	467
0	537
1	957
1	220
0	591
1	296
1	683
1	802
0	326
0	780
1	479
1	306
0	916
1	981
0	68
0	906
0	312
1	114
0	274
0	547
1	612
1	512
0	227
1	435
1	337
0	616
1	728
1	439
1	434
1	250
1	136
1	998
1	202
1	109
1	202
0	488
1	675
1	773
1	793
0	784
1	750
0	501
1	818
0	723
1	846
0	527
1	916
1	815
1	258
1	474
1	917
1	646
0	671
1	79
0	933
0	759
1	642
0	655
1	571
1	570
0	590
1	835
1	945
0	327
0	461
1	551
1	511
1	140
0	570
1	868
1	142
0	509
1	394
1	630
0	89
1	390
0	429
0	155
0	787
0	943
0	730
1	26
1	138
1	935
0	691
1	921
1	560
0	191
1	328
1	726
1	51
1	483
0	838
1	362
0	429
1	771
0	699
1	624
0	991
1	216
1	173
1	956
0	79
1	621
0	611
1	599
1	627
1	820
1	871
0	260
0	526
1	878
1	235
1	492
1	352
0	100
1	621
0	94
1	67
0	152
0	28
0	111
1	141
0	274
0	777
0	684
0	774
1	465
0	804
1	748
1	343
1	647
0	906
0	684
1	982
1	797
1	135
1	570
0	712
0	345
1	660
1	115
0	609
1	494
0	180
0	22
1	972
0	757
1	692
0	407
1	575
0	35
0	791
1	908
1	895
1	834
1	61
1	361
1	575
1	718
0	753
1	681
0	54
0	68
0	293
1	447
1	336
1	213
1	240
1	32
1	289
1	357
0	868
0	904
1	523
1	321
1	776
1	389
1	756
0	374
1	939
0	953
1	271
1	907
1	598
1	29
1	479
1	207
1	596
1	199
1	321
1	448
0	420
0	491
0	745
1	310
1	488
1	394
1	449
1	309
1	580
1	714
1	659
1	0
0	62
0	34
0	26
0	38
1	71
1	43
1	20
0	12
0	50
0	36
1	5
0	75
0	48
0	25
1	64
0	72
0	77
0	36
0	43
0	75
0	61
0	35
0	70
0	54
0	75
1	62
0	8
0	50
0	63
0	24
0	13
0	43
0	27
1	22
1	48
1	20
1	57
0	61
0	49
1	58
1	24
0	11
1	26
1	50
0	37
0	29
1	36
1	21
1	5
1	50
1	66
0	26
1	54
1	45
1	23
1	35
0	0
0	11
0	2
1	79
0	48
1	52
1	71
1	5
1	43
1	22
1	81
0	43
0	65
1	41
1	1
0	29
0	82
1	38
1	33
1	42
1	58
1	46
1	38
1	34
1	77
1	25
1	34
1	7
0	9
1	25
1	50
1	12
0	78
1	0
1	75
0	55
0	7
0	26
1	68
0	35
0	37
1	81
0	66
0	13
0	3
1	69
0	77
0	1
0	33
0	50
1	30
1	2
1	7
1	42
0	62
1	63
1	11
0	70
1	75
1	64
1	18
1	21
1	26
0	17
1	6
1	81
0	47
1	3
1	63
0	11
1	43
1	20
0	79
1	10
0	59
0	44
1	65
1	8
0	0
1	29
1	64
1	58
0	72
1	82
1	51
1	2
1	61
0	37
1	19
0	96
0	74
0	124
0	162
0	127
0	37
1	160
1	17
1	16
1	86
1	106
1	120
1	132
1	19
0	98
0	106
0	22
0	6
0	91
0	82
1	43
1	44
1	89
1	141
1	163
1	111
0	21
0	4
0	83
1	107
1	39
0	78
1	162
1	16
1	95
1	112
1	6
0	42
0	37
1	41
1	125
1	91
1	67
1	24
0	58
1	34
1	83
1	40
1	113
0	9
1	59
1	91
1	0
1	124
0	47
1	34
1	105
1	55
0	67
1	50
1	42
0	46
0	26
1	83
1	79
1	13
0	140
1	35
0	132
0	135
1	144
1	43
1	55
1	110
1	106
1	47
0	107
1	5
1	6
1	45
1	8
1	21
1	63
1	67
1	13
0	139
1	45
1	69
1	23
1	19
0	84
0	105
1	109
1	77
0	111
1	113
0	91
0	141
1	128
0	78
0	9
0	55
0	36
0	53
1	75
1	103
1	124
1	144
1	131
1	121
1	4
0	67
0	26
0	112
0	7
0	28
1	44
0	1
0	107
1	91
0	122
1	73
0	36
1	114
1	67
1	127
1	128
1	77
1	59
1	28
0	16
1	67
1	18
1	49
1	29
1	34
0	16
1	72
0	25
0	27
0	55
0	24
0	25
1	74
1	64
1	58
0	65
0	12
0	68
0	59
0	46
0	61
0	9
0	30
1	37
0	39
1	9
0	34
1	39
1	61
1	50
1	17
1	15
0	23
1	20
1	9
1	3
0	15
1	7
1	4
0	14
0	0
1	5
0	12
0	13
0	9
0	7
0	8
0	5
1	11
0	3
1	15
0	2
0	1
0	13
0	15
0	10
0	1
1	0
0	13
0	12
1	7
1	11
0	4
0	3
0	12
0	15
0	0
1	5
1	2
0	6
0	3
0	10
1	9
0	11
1	13
0	14
0	16
1	7
0	1
1	4
1	8
1	8
1	8
1	8
1	8
1	4
1	9
1	12
1	14
0	13
1	3
1	8
0	2
0	7
1	15
1	11
0	1
0	2
1	8
0	11
0	10
1	12
0	15
1	16
0	7
0	9
1	10
0	9
1	3
1	12
0	14
0	7
1	5
1	16
1	2
1	0
1	5
0	3
1	13
1	12
0	11
1	10
0	16
0	7
0	0
1	15
1	9
1	14
1	1
1	8
0	12
0	1
1	11
0	15
0	6
0	0
0	2
0	4
0	5
1	10
1	5
1	7
1	16
1	13
1	9
0	2
0	3
1	15
1	12
0	82
0	68
0	39
1	4
0	57
0	36
0	43
0	94
0	30
1	26
1	86
0	39
0	22
0	39
0	22
0	39
0	22
1	7
1	74
1	7
1	74
1	7
1	74
0	74
0	4
0	74
0	4
0	74
0	4
0	55
1	50
1	44
1	70
1	8
1	93
0	55
1	50
1	44
1	70
0	55
1	50
1	44
1	70
0	92
0	46
0	92
0	46
0	92
0	46
0	44
0	44
1	10
0	15
1	88
1	53
1	58
1	26
0	44
1	10
0	15
1	88
1	53
1	58
1	26
1	73
1	45
0	44
1	10
0	15
1	88
1	53
1	58
1	26
0	44
1	10
0	15
1	88
1	53
1	58
1	26
1	73
1	27
1	27
1	7
1	27
1	7
1	27
1	7
1	25
1	27
1	7
1	25
1	8
1	8
1	22
1	8
1	22
1	8
1	22
1	85
1	8
1	22
1	85
1	70
1	70
1	15
1	70
1	15
1	70
1	15
1	72
1	70
1	15
1	72
0	20
0	20
0	92
0	20
0	92
0	20
0	92
1	24
0	23
0	20
0	92
1	24
0	23
1	49
0	57
0	81
0	65
0	60
1	13
0	25
1	12
0	40
0	62
0	80
1	73
1	84
1	59
1	42
1	19
1	13
1	68
1	25
0	20
0	32
0	98
0	55
1	4
1	64
1	86
1	42
1	88
1	88
1	94
0	52
1	86
1	7
1	5
1	88
1	94
0	52
1	86
1	7
1	5
0	44
1	24
1	75
1	78
1	41
1	88
1	94
0	52
1	86
1	7
1	5
0	44
1	24
1	75
1	78
1	41
1	60
1	65
1	65
1	25
0	75
1	9
1	30
0	31
1	66
1	67
1	7
1	69
1	65
1	25
0	75
1	9
1	30
0	31
1	66
1	67
1	7
1	65
1	25
0	75
1	9
1	30
0	31
1	66
1	67
1	7
1	69
0	0
0	18
1	59
1	45
1	81
1	34
1	15
1	68
1	65
1	25
0	75
1	9
1	30
0	31
1	66
1	67
1	7
1	69
0	0
0	18
1	59
1	45
1	81
1	34
1	65
1	25
0	75
1	9
1	30
0	31
1	66
1	67
1	7
1	69
0	0
0	18
1	59
1	45
1	81
1	34
1	15
1	68
1	95
1	79
0	11
0	73
1	98
1	76
1	57
0	45
0	45
0	30
0	91
0	41
1	13
0	75
0	45
0	30
0	91
0	41
1	13
0	75
0	40
0	45
0	30
0	91
0	41
1	13
0	75
0	40
0	87
0	66
0	88
0	88
0	94
0	2
0	32
0	44
0	88
0	94
0	2
0	32
0	44
1	46
0	26
0	88
0	94
0	2
0	32
0	44
1	46
0	26
0	53
1	30
0	75
0	0
0	88
0	94
0	2
0	32
0	44
1	46
0	26
0	53
1	30
0	75
0	0
1	61
0	56
0	19
0	88
0	94
0	2
0	32
0	44
1	46
0	26
0	53
1	30
0	75
0	0
1	61
0	56
0	19
0	20
0	48
0	41
0	41
0	96
0	28
1	5
0	57
1	16
0	98
0	32
0	70
0	88
0	41
0	96
0	28
1	5
0	57
1	16
0	98
0	32
0	41
0	96
0	28
1	5
0	57
1	16
0	98
0	32
0	70
0	88
1	31
0	24
0	83
0	41
0	96
0	28
1	5
0	57
1	16
0	98
0	32
0	70
0	88
1	31
0	24
0	41
0	96
0	28
1	5
0	57
1	16
0	98
0	32
0	70
0	88
1	31
0	24
0	83
0	23
0	12
0	46
0	76
0	76
0	86
0	85
0	90
0	83
0	76
0	86
0	85
0	90
0	83
0	94
0	76
0	86
0	85
0	90
0	83
0	94
0	55
1	66
0	28
0	70
0	23
0	76
0	86
0	85
0	90
0	83
0	94
0	55
1	66
0	28
0	70
0	76
0	86
0	85
0	90
0	83
0	94
0	55
1	66
0	28
0	70
0	23
0	89
1	45
1	45
0	33
0	0
0	18
1	8
1	76
0	28
0	19
1	45
0	33
0	0
0	18
1	8
1	76
0	28
1	45
0	33
0	0
0	18
1	8
1	76
0	28
0	19
0	65
0	61
1	29
0	3
0	86
0	64
0	50
1	60
0	98
1	93
0	14
1	45
0	33
0	0
0	18
1	8
1	76
0	28
0	19
0	65
0	61
1	29
0	3
0	86
0	64
0	50
1	45
0	33
0	0
0	18
1	8
1	76
0	28
0	19
0	65
0	61
1	29
0	3
0	86
0	64
0	50
1	60
0	98
1	93
1	93
1	69
1	53
0	1
0	5
0	67
0	22
1	93
1	69
1	53
0	1
0	5
0	67
0	22
0	79
0	45
1	93
1	69
1	53
0	1
0	5
0	67
0	22
0	79
0	45
0	3
0	26
0	66
1	93
1	69
1	53
0	1
0	5
0	67
0	22
0	79
0	45
0	3
0	26
0	66
1	93
1	69
1	53
0	1
0	5
0	67
0	22
0	79
0	45
0	3
0	26
0	66
0	24
0	95
1	18
0	27
0	82
1	87
0	90
1	93
1	96
0	65
1	12
1	71
1	61
0	15
1	75
0	70
1	92
1	68
1	85
0	83
1	64
0	10
0	58
1	76
0	80
0	0
1	46
1	98
1	82
0	27
1	53
1	7
1	86
1	37
1	57
1	72
1	18
1	67
0	72
0	33
1	77
0	98
0	47
0	85
0	89
0	2
0	16
0	97
0	95
0	35
0	79
0	0
0	19
1	85
1	80
0	9
1	59
1	62
1	68
0	34
1	20
0	33
1	72
1	78
1	46
1	39
1	5
0	86
0	84
1	90
1	28
0	65
1	88
0	70
1	80
1	79
1	60
1	43
1	41
1	12
1	91
1	55
1	5
1	68
0	45
0	81
0	79
1	76
0	47
0	3
1	75
1	84
1	62
0	69
1	57
0	5
1	80
1	19
1	27
0	52
1	31
0	75
1	95
0	20
0	92
0	4
0	91
0	29
1	22
0	56
1	21
0	83
0	57
1	58
0	81
0	55
1	6
1	47
1	34
0	89
1	0
0	16
1	78
1	37
0	57
1	58
0	81
0	55
1	6
1	47
1	34
0	57
1	58
0	81
0	55
1	6
1	47
1	34
0	57
1	58
0	81
0	55
1	6
1	47
1	34
1	91
1	41
1	39
1	85
0	7
0	60
0	19
0	2
1	25
0	65
1	1
1	27
1	83
0	53
1	58
1	26
0	16
1	51
0	77
1	50
1	72
0	67
1	40
1	66
1	26
1	38
0	70
1	22
1	2
0	80
1	93
1	35
0	6
1	43
0	86
1	39
1	77
1	92
1	26
1	23
1	41
1	94
1	65
0	61
1	84
0	86
1	48
0	60
1	41
1	17
1	38
