1	240
1	240
1	993
0	540
1	213
1	213
1	202
1	213
1	202
1	939
0	918
0	229
1	313
0	161
0	18
0	18
0	274
0	524
1	893
1	893
0	499
0	816
1	103
1	893
0	499
0	816
1	103
1	55
0	616
1	427
1	41
1	893
0	499
0	816
1	103
1	55
0	616
1	427
1	41
1	490
1	893
0	499
0	816
1	103
1	55
0	616
1	427
1	41
1	490
1	893
0	499
0	816
1	103
1	55
0	616
1	427
1	41
1	893
0	499
0	816
1	103
1	55
0	616
1	427
1	41
1	490
1	893
0	499
0	816
1	103
1	55
0	616
1	427
1	41
1	490
1	938
1	619
0	752
1	977
1	361
1	267
1	329
1	329
1	646
1	275
1	329
1	646
1	275
1	493
1	329
1	646
1	275
1	493
1	966
1	329
1	646
1	275
1	493
1	966
1	606
1	329
1	646
1	275
1	493
1	966
1	606
1	329
1	646
1	275
1	493
1	966
1	606
1	329
1	646
1	275
1	493
1	966
1	606
1	30
0	53
1	676
0	462
0	645
1	673
0	965
1	450
0	136
1	571
0	546
1	420
1	760
1	225
1	600
1	671
1	671
0	734
0	772
0	16
1	671
0	734
0	772
0	16
0	991
1	671
0	734
0	772
0	16
0	991
1	212
1	174
1	334
1	250
1	671
0	734
0	772
0	16
0	991
1	212
1	174
1	334
1	250
1	671
0	734
0	772
0	16
0	991
1	212
1	174
1	334
1	250
1	671
0	734
0	772
0	16
0	991
1	212
1	174
1	334
1	250
1	671
0	734
0	772
0	16
0	991
1	212
1	174
1	334
1	250
1	779
1	394
1	335
0	362
1	145
1	603
1	833
0	615
0	615
0	795
1	464
0	193
0	615
0	795
1	464
0	193
1	955
1	179
1	205
0	615
0	795
1	464
0	193
1	955
1	179
1	205
0	615
0	795
1	464
0	193
1	955
1	179
1	205
1	24
1	211
0	615
0	795
1	464
0	193
1	955
1	179
1	205
1	24
0	615
0	795
1	464
0	193
1	955
1	179
1	205
1	24
1	211
0	615
0	795
1	464
0	193
1	955
1	179
1	205
1	24
1	211
1	560
1	363
1	948
1	158
0	272
0	272
1	401
1	603
1	482
0	272
1	401
1	603
1	482
1	969
0	272
1	401
1	603
1	482
1	969
0	518
1	607
0	127
1	230
0	487
1	91
1	83
0	272
1	401
1	603
1	482
1	969
0	518
1	607
0	127
1	230
0	487
1	91
0	272
1	401
1	603
1	482
1	969
0	518
1	607
0	127
1	230
0	487
1	91
0	272
1	401
1	603
1	482
1	969
0	518
1	607
0	127
1	230
0	272
1	401
1	603
1	482
1	969
0	518
1	607
0	127
1	230
0	487
1	91
1	83
1	882
0	73
1	633
1	978
0	321
0	321
0	641
1	303
0	522
0	321
0	641
1	303
0	522
1	382
1	810
1	317
0	321
0	641
1	303
0	522
1	382
1	810
1	317
0	321
0	641
1	303
0	522
1	382
1	810
1	317
1	388
0	321
0	641
1	303
0	522
1	382
1	810
1	317
1	388
0	321
0	641
1	303
0	522
1	382
1	810
1	317
1	388
0	999
1	616
0	321
0	641
1	303
0	522
1	382
1	810
1	317
1	388
0	999
1	616
1	126
1	767
1	278
0	733
1	121
1	468
0	358
0	358
1	124
1	90
0	414
1	423
1	294
0	358
1	124
1	90
0	414
1	423
1	294
0	358
1	124
1	90
0	414
1	423
1	294
0	168
1	407
0	399
1	409
1	540
0	125
1	248
1	17
0	358
1	124
1	90
0	414
1	423
1	294
0	168
1	407
0	399
1	409
1	540
0	125
1	248
1	17
1	553
0	358
1	124
1	90
0	414
1	423
1	294
0	168
1	407
0	399
1	409
1	540
0	125
1	248
1	17
1	553
0	530
0	810
1	500
0	885
0	888
1	941
1	887
1	331
0	358
1	124
1	90
0	414
1	423
1	294
0	168
1	407
0	399
1	409
1	540
0	125
1	248
1	17
1	553
0	358
1	124
1	90
0	414
1	423
1	294
0	168
1	407
0	399
1	409
1	540
0	125
1	248
1	17
1	553
1	828
1	828
1	261
1	669
1	828
1	261
1	669
1	277
1	828
1	261
1	669
1	277
1	591
1	828
1	261
1	669
1	277
1	591
1	687
1	828
1	261
1	669
1	277
1	591
1	687
1	828
1	261
1	669
1	277
1	591
1	687
1	828
1	261
1	669
1	277
1	591
1	687
1	832
1	374
0	270
1	982
1	236
1	592
1	732
1	732
1	231
1	866
1	732
1	231
1	866
1	735
1	732
1	231
1	866
1	735
1	327
1	732
1	231
1	866
1	735
1	327
1	551
1	732
1	231
1	866
1	735
1	327
1	551
1	732
1	231
1	866
1	735
1	327
1	551
1	732
1	231
1	866
1	735
1	327
1	551
0	463
1	84
1	808
1	663
1	486
0	819
1	167
1	145
1	98
1	98
1	491
1	667
1	98
1	491
1	667
1	99
1	98
1	491
1	667
1	99
0	272
1	467
1	98
1	491
1	667
1	99
0	272
1	467
0	964
1	707
1	866
1	98
1	491
1	667
1	99
0	272
1	467
0	964
1	707
1	866
1	98
1	491
1	667
1	99
0	272
1	467
0	964
1	707
1	866
1	200
1	98
1	491
1	667
1	99
0	272
1	467
0	964
1	707
1	866
1	200
0	629
1	380
1	228
0	507
1	678
0	208
1	665
0	918
1	354
0	317
1	721
1	263
0	15
0	437
0	668
1	936
0	179
0	703
1	60
0	822
0	920
0	945
1	766
0	765
0	494
1	160
1	96
0	387
1	902
1	462
1	245
1	962
0	99
0	340
0	144
1	119
0	233
0	952
0	649
1	66
1	770
0	201
0	326
1	702
1	262
0	294
0	998
1	850
1	297
0	733
1	58
0	240
1	996
0	284
1	49
0	723
0	254
1	327
1	464
1	743
0	924
1	308
0	552
0	516
1	657
0	256
1	804
0	499
0	983
0	822
1	190
1	551
1	652
1	413
1	728
1	169
0	510
0	936
0	573
0	792
0	721
0	383
1	923
0	676
1	379
0	965
0	866
0	620
0	502
0	651
0	553
0	37
0	603
0	396
0	255
0	852
0	775
1	75
1	871
1	92
1	716
0	887
1	777
1	286
1	137
0	593
0	883
0	654
0	297
0	890
1	163
1	736
1	363
1	342
1	223
0	577
1	914
1	855
0	271
0	797
1	722
0	936
1	939
1	757
1	326
0	580
0	256
1	159
1	130
1	702
0	338
1	194
1	626
1	396
0	52
0	719
1	852
0	835
1	476
1	417
1	318
1	850
0	826
1	588
1	113
0	133
1	611
1	83
1	132
1	307
1	36
0	688
1	352
0	845
0	890
0	723
0	741
1	895
0	794
0	209
1	596
0	753
1	20
1	250
1	418
1	585
1	682
1	780
0	606
0	156
1	15
1	759
0	88
0	836
1	204
1	19
1	63
1	841
0	107
1	976
1	996
1	12
1	660
0	624
0	425
1	260
1	349
0	851
1	354
0	263
0	31
0	821
0	881
0	411
0	346
0	886
1	162
0	836
0	5
1	333
1	450
1	277
1	929
1	90
1	146
0	699
0	504
1	391
1	151
0	210
1	340
0	628
1	382
0	243
1	248
1	545
0	851
1	516
1	564
0	977
0	377
1	184
0	141
1	946
0	103
0	138
1	535
0	974
0	6
1	436
0	184
0	180
1	71
1	81
0	639
0	786
0	702
0	583
0	912
0	970
0	70
0	666
0	999
0	196
1	313
0	51
0	388
0	259
1	302
0	285
1	426
1	895
1	476
0	914
0	604
1	429
0	634
1	160
1	135
1	389
1	603
1	207
1	882
0	953
1	567
0	759
0	650
1	172
1	18
1	489
1	912
1	622
1	80
1	387
1	44
1	857
1	816
1	611
1	41
1	865
1	4
1	26
0	817
1	605
0	942
1	793
0	201
1	597
1	204
1	709
1	662
1	533
0	375
1	995
1	122
1	418
0	110
1	135
1	139
1	462
1	660
1	106
0	780
1	160
1	950
1	286
1	255
0	557
0	903
0	134
1	811
1	607
1	218
0	770
1	998
0	696
0	592
0	483
0	508
1	851
0	981
1	316
1	734
0	173
1	859
0	126
0	921
1	889
1	588
1	490
1	334
0	961
1	498
1	619
1	899
1	231
0	223
1	794
1	218
0	169
0	865
1	961
1	392
0	359
1	820
1	552
1	791
0	688
1	464
1	404
1	700
1	811
0	345
1	53
0	686
1	381
1	879
1	670
0	402
0	30
0	540
0	217
1	339
1	149
1	637
0	812
1	106
1	963
1	322
0	319
0	880
1	23
0	855
0	501
0	171
0	415
0	148
0	106
0	915
0	258
0	0
1	933
1	266
0	836
1	979
0	862
1	704
1	622
1	131
0	289
0	616
0	582
0	426
0	457
1	609
0	602
1	162
1	273
1	324
1	236
1	104
1	568
1	749
1	384
1	894
1	299
1	172
1	625
0	385
0	277
0	980
0	825
1	801
1	17
1	469
1	656
0	663
0	408
0	989
1	770
0	564
1	773
0	469
0	76
0	121
1	295
1	199
1	160
1	59
1	307
1	18
1	38
1	9
1	24
1	54
0	28
1	4
1	0
0	4
1	72
0	33
1	22
0	14
1	18
1	44
1	3
1	66
1	42
1	7
1	6
1	29
1	19
1	36
1	61
0	35
1	79
0	37
0	19
1	15
0	20
1	52
0	30
1	3
1	63
0	59
0	50
1	43
0	56
1	57
1	37
0	51
0	47
1	25
0	0
0	46
1	68
0	58
1	17
1	10
1	5
0	52
1	18
1	75
1	29
1	52
0	7
0	16
1	43
1	53
0	42
0	18
0	32
0	13
1	28
0	4
1	10
0	68
0	73
1	57
0	20
0	35
0	82
1	4
0	1
1	3
1	17
1	69
1	24
1	9
0	0
1	22
0	70
1	68
1	31
0	80
0	76
1	67
0	58
1	24
0	4
1	67
0	19
0	56
1	75
0	72
0	17
1	8
0	12
0	5
1	73
0	80
1	9
1	23
0	65
1	36
0	10
0	16
1	21
0	71
0	14
0	61
1	13
0	48
1	26
1	35
1	47
1	27
1	74
1	0
0	145
1	16
0	137
1	21
0	93
1	160
0	44
0	5
1	142
0	78
1	118
1	68
0	34
1	46
0	151
0	17
0	130
1	3
0	77
0	141
1	68
1	156
0	8
1	9
1	53
0	48
0	127
0	25
0	55
1	154
0	103
1	0
0	12
0	162
1	124
1	29
1	31
0	75
1	136
0	124
0	88
1	30
0	65
0	23
0	12
1	33
0	65
0	41
1	33
1	6
1	43
1	9
1	2
1	57
0	0
0	35
0	66
0	15
1	9
0	19
1	42
1	8
1	55
1	16
1	35
0	50
0	29
0	40
0	52
0	18
0	23
0	66
0	44
0	39
1	28
0	11
1	51
0	26
1	59
1	40
1	39
1	66
0	36
0	90
0	81
0	34
1	5
0	29
0	3
0	47
1	25
1	63
1	15
0	4
1	34
1	2
0	58
0	89
0	58
0	89
0	58
0	89
0	91
0	98
0	91
0	98
0	91
0	98
0	69
0	81
0	69
0	81
0	69
0	81
1	66
1	41
1	66
1	41
1	66
1	41
1	69
0	31
0	2
1	46
0	48
0	33
0	63
0	1
1	69
0	31
0	2
1	46
0	48
0	33
1	69
0	31
0	2
1	46
0	48
0	33
0	63
0	1
0	49
0	49
1	47
0	71
1	14
0	31
0	49
1	47
0	71
1	14
0	31
0	49
1	47
0	71
1	14
0	31
0	77
1	61
0	79
0	42
0	49
1	47
0	71
1	14
0	31
0	77
1	61
0	79
0	42
0	13
0	41
0	75
1	1
1	1
1	66
1	1
1	66
1	1
1	66
1	33
1	1
1	66
1	33
1	87
1	87
1	78
1	87
1	78
1	87
1	78
1	62
1	87
1	78
1	62
1	48
1	48
0	31
0	38
1	95
1	45
0	41
1	68
1	29
1	72
1	96
1	5
1	48
0	31
0	38
1	95
1	45
0	41
1	68
1	29
1	48
0	31
0	38
1	95
1	45
0	41
1	68
1	29
1	48
0	31
0	38
1	95
1	45
0	41
1	68
1	29
0	48
0	48
1	72
0	37
0	16
0	48
1	72
0	37
0	16
0	48
1	72
0	37
0	16
0	48
1	72
0	37
0	16
1	0
0	34
1	9
1	91
1	40
0	56
1	32
0	90
0	33
0	89
1	47
0	80
0	14
0	91
0	73
1	4
0	90
0	24
0	10
1	96
1	9
1	65
0	68
0	23
0	78
0	24
0	24
0	97
0	19
0	77
1	34
0	51
0	24
0	97
0	19
0	77
1	34
0	51
0	39
0	24
0	97
0	19
0	77
1	34
0	51
0	39
0	20
0	54
0	89
0	29
1	74
1	74
0	51
0	39
0	38
0	94
0	13
1	74
0	51
0	39
0	38
0	94
0	13
0	66
0	18
1	74
0	51
0	39
0	38
0	94
0	13
0	66
0	18
1	67
0	3
1	95
0	4
1	19
0	77
1	44
0	46
0	89
0	68
0	79
0	36
1	74
0	51
0	39
0	38
0	94
0	13
0	66
0	18
1	67
0	3
1	95
0	4
1	19
0	77
1	44
0	46
0	89
0	68
0	79
0	36
1	74
0	51
0	39
0	38
0	94
0	13
0	66
0	18
1	67
0	3
1	95
0	4
1	19
0	77
1	44
0	46
0	89
0	68
0	79
0	36
0	78
0	73
1	65
0	88
1	29
1	75
0	53
0	16
0	90
0	37
0	37
0	79
0	52
1	58
0	72
0	30
0	37
0	79
0	52
1	58
0	72
0	30
1	61
1	25
1	76
0	85
0	42
1	43
0	37
0	79
0	52
1	58
0	72
0	30
1	61
1	25
1	76
0	50
0	50
1	95
0	42
0	77
0	37
0	63
0	4
0	50
1	95
0	42
0	77
0	37
0	63
0	4
0	50
1	95
0	42
0	77
0	37
0	63
0	4
1	64
0	82
0	17
1	98
0	86
1	91
0	78
0	99
1	16
0	75
0	28
1	13
0	88
0	76
0	3
0	50
1	95
0	42
0	77
0	37
0	63
0	4
1	64
0	82
0	17
1	98
0	86
1	91
0	78
0	99
1	16
0	75
0	28
1	13
0	88
0	76
0	50
1	95
0	42
0	77
0	37
0	63
0	4
1	64
0	82
0	17
1	98
0	86
1	91
0	78
0	99
1	16
0	75
0	28
1	13
0	88
0	76
0	3
0	57
0	44
1	87
1	87
1	63
1	17
1	30
1	48
1	87
1	63
1	17
1	30
1	48
0	65
1	68
1	26
1	87
1	63
1	17
1	30
1	48
0	65
1	68
1	26
1	55
1	84
0	27
1	74
1	46
1	87
1	63
1	17
1	30
1	48
0	65
1	68
1	26
1	55
1	84
1	87
1	63
1	17
1	30
1	48
0	65
1	68
1	26
1	55
1	84
0	27
1	74
1	46
1	37
0	5
0	5
0	57
0	19
0	84
1	93
0	26
0	5
0	57
0	19
0	84
1	93
0	26
0	41
0	5
0	57
0	19
0	84
1	93
0	26
0	41
0	15
0	81
0	95
0	83
0	5
0	57
0	19
0	84
1	93
0	26
0	41
0	15
0	81
0	95
0	83
0	5
0	57
0	19
0	84
1	93
0	26
0	41
0	15
0	81
0	95
0	83
0	53
0	80
0	80
1	20
0	68
1	98
0	33
0	70
0	55
0	28
0	80
1	20
0	68
1	98
0	33
0	70
0	55
0	80
1	20
0	68
1	98
0	33
0	70
0	55
0	28
0	25
0	1
1	57
0	30
1	44
0	24
0	91
0	80
1	20
0	68
1	98
0	33
0	70
0	55
0	28
0	25
0	1
1	57
0	30
1	44
0	24
0	91
0	80
1	20
0	68
1	98
0	33
0	70
0	55
0	28
0	25
0	1
1	57
0	30
1	44
0	24
0	91
0	51
0	56
1	93
1	93
1	23
0	96
1	85
1	52
1	19
1	93
1	23
0	96
1	85
1	52
1	19
1	79
1	93
1	23
0	96
1	85
1	52
1	19
1	79
1	27
1	75
1	20
1	93
1	23
0	96
1	85
1	52
1	19
1	79
1	27
1	75
1	20
1	93
1	23
0	96
1	85
1	52
1	19
1	79
1	27
1	75
1	20
1	59
1	5
0	90
0	30
0	32
0	98
1	47
0	37
1	69
0	18
1	54
1	7
1	70
0	42
1	15
1	95
1	3
1	86
1	70
0	45
0	40
0	77
0	84
0	13
1	11
0	7
1	37
0	95
0	58
1	32
1	71
1	27
0	64
0	75
1	29
1	70
0	79
1	24
1	66
0	56
1	82
1	94
1	80
1	83
1	69
0	60
0	24
0	62
1	26
0	7
0	73
1	34
1	89
1	95
1	44
1	37
1	97
1	57
1	22
0	64
1	56
1	24
1	74
1	25
1	75
1	58
1	84
1	74
1	91
1	4
1	28
0	45
1	20
0	29
1	94
0	2
1	36
1	40
1	23
1	77
0	81
0	44
0	54
1	75
0	58
0	86
1	25
0	22
0	2
0	47
1	46
0	83
0	32
0	49
0	87
1	77
0	30
1	69
1	9
0	35
1	74
1	33
1	31
1	38
0	50
0	98
0	30
0	68
1	45
0	12
1	4
1	46
0	69
1	66
0	90
0	74
1	13
1	45
0	12
1	4
1	46
0	69
1	66
0	90
0	74
1	13
0	67
1	39
1	45
0	12
1	4
1	46
0	69
1	66
0	90
0	74
1	13
0	67
1	39
1	45
0	12
1	4
1	46
0	69
1	66
0	90
0	74
1	13
0	67
1	35
1	43
1	7
1	78
1	32
0	99
0	16
1	13
0	35
1	9
1	2
0	4
0	49
0	7
1	86
0	68
1	83
1	97
0	60
1	32
0	21
0	30
0	82
1	7
0	4
1	42
0	74
0	21
1	73
1	38
1	35
0	62
1	45
0	3
1	84
1	60
0	12
0	96
1	69
1	32
1	24
0	87
1	6
1	53
0	76
1	27
1	99
1	89
1	78
0	54
0	77
1	40
0	5
1	44
0	80
1	51
1	43
1	47
1	37
0	0
1	49
0	80
1	51
0	72
1	21
1	73
0	42
1	89
1	29
0	71
1	30
0	75
0	14
0	64
1	79
0	97
0	1
1	23
1	38
1	32
1	46
1	44
1	8
1	18
1	11
0	25
1	48
1	20
