1	837
1	837
0	343
0	418
1	295
1	295
1	598
1	295
1	598
1	213
0	504
1	907
1	663
0	848
1	160
1	160
1	397
1	706
1	926
1	926
1	261
1	198
1	926
1	261
1	198
1	440
1	926
1	261
1	198
1	440
0	347
1	520
1	926
1	261
1	198
1	440
0	347
1	520
0	740
1	156
1	169
1	926
1	261
1	198
1	440
0	347
1	520
0	740
1	156
1	169
1	926
1	261
1	198
1	440
0	347
1	520
0	740
1	156
1	169
1	68
1	926
1	261
1	198
1	440
0	347
1	520
0	740
1	156
1	169
1	68
1	207
0	879
1	179
1	974
0	490
0	490
1	80
1	190
0	822
1	174
1	472
1	602
0	490
1	80
1	190
0	822
1	174
1	472
0	490
1	80
1	190
0	822
1	174
1	472
1	602
0	490
1	80
1	190
0	822
1	174
1	472
1	602
1	934
0	490
1	80
1	190
0	822
1	174
1	472
1	602
1	934
0	490
1	80
1	190
0	822
1	174
1	472
1	602
1	934
0	490
1	80
1	190
0	822
1	174
1	472
1	602
1	934
1	543
0	157
1	337
0	288
1	589
1	101
1	989
0	504
0	504
1	310
1	640
0	371
0	504
1	310
1	640
0	371
0	555
1	513
1	739
1	191
0	504
1	310
1	640
0	371
0	555
1	513
1	739
1	191
0	504
1	310
1	640
0	371
0	555
1	513
1	739
1	191
0	105
1	231
0	504
1	310
1	640
0	371
0	555
1	513
1	739
1	191
0	504
1	310
1	640
0	371
0	555
1	513
1	739
1	191
0	105
1	231
0	401
1	637
0	504
1	310
1	640
0	371
0	555
1	513
1	739
1	191
0	105
1	231
0	401
1	637
1	577
1	605
1	11
0	927
0	23
1	732
1	297
1	222
1	222
1	61
1	304
1	222
1	61
1	304
1	292
1	222
1	61
1	304
1	292
1	882
1	222
1	61
1	304
1	292
1	882
1	806
1	222
1	61
1	304
1	292
1	882
1	806
1	222
1	61
1	304
1	292
1	882
1	806
1	222
1	61
1	304
1	292
1	882
1	806
1	684
1	407
0	964
0	380
1	361
1	112
1	444
0	158
0	158
1	75
1	590
1	1
0	158
1	75
1	590
1	1
1	560
0	158
1	75
1	590
1	1
1	560
1	383
0	158
1	75
1	590
1	1
1	560
1	383
1	143
0	158
1	75
1	590
1	1
1	560
1	383
1	143
0	158
1	75
1	590
1	1
1	560
1	383
1	143
1	734
0	158
1	75
1	590
1	1
1	560
1	383
1	143
1	734
1	97
1	875
1	658
1	396
1	5
1	5
1	632
1	487
1	5
1	632
1	487
1	316
1	5
1	632
1	487
1	316
1	567
1	5
1	632
1	487
1	316
1	567
1	821
1	5
1	632
1	487
1	316
1	567
1	821
1	5
1	632
1	487
1	316
1	567
1	821
1	5
1	632
1	487
1	316
1	567
1	821
1	506
1	263
0	460
1	423
1	955
0	327
0	12
1	672
1	295
0	309
1	528
1	143
1	388
1	388
1	397
1	587
1	388
1	397
1	587
1	816
1	388
1	397
1	587
1	816
1	121
1	388
1	397
1	587
1	816
1	121
1	644
1	388
1	397
1	587
1	816
1	121
1	644
1	388
1	397
1	587
1	816
1	121
1	644
1	388
1	397
1	587
1	816
1	121
1	644
1	832
1	261
1	118
1	255
1	206
1	206
1	924
1	746
1	206
1	924
1	746
1	910
1	206
1	924
1	746
1	910
0	942
0	614
1	998
1	503
1	206
1	924
1	746
1	910
0	942
0	614
1	998
1	503
1	206
1	924
1	746
1	910
0	942
0	614
1	998
1	503
1	206
1	924
1	746
1	910
0	942
0	614
1	998
1	503
1	206
1	924
1	746
1	910
0	942
0	614
1	998
1	503
1	157
1	984
0	31
0	559
1	742
1	890
1	840
1	205
1	117
1	453
1	453
1	25
1	435
1	453
1	25
1	435
1	26
1	453
1	25
1	435
1	26
1	256
1	453
1	25
1	435
1	26
1	256
1	364
1	453
1	25
1	435
1	26
1	256
1	364
1	453
1	25
1	435
1	26
1	256
1	364
1	453
1	25
1	435
1	26
1	256
1	364
1	106
1	890
0	905
1	254
1	377
1	747
1	765
1	765
0	692
1	28
1	263
1	765
0	692
1	28
1	263
1	848
1	765
0	692
1	28
1	263
1	848
1	237
1	765
0	692
1	28
1	263
1	848
1	237
1	577
1	765
0	692
1	28
1	263
1	848
1	237
1	577
1	765
0	692
1	28
1	263
1	848
1	237
1	577
1	199
1	765
0	692
1	28
1	263
1	848
1	237
1	577
1	199
0	277
1	965
1	870
0	681
0	466
1	573
1	433
1	389
1	715
0	83
1	581
1	507
1	311
1	749
1	669
1	900
1	209
0	78
1	73
1	371
1	265
1	667
0	350
1	49
1	36
1	873
0	503
0	560
1	402
0	891
0	977
0	909
0	740
0	803
0	495
0	711
1	303
0	487
0	874
0	698
0	350
1	671
1	250
0	842
1	258
1	625
1	791
0	246
1	883
1	833
1	399
1	149
0	339
1	505
1	719
1	660
1	845
1	394
1	785
0	159
1	961
1	503
0	201
0	647
1	359
1	637
1	397
0	315
0	34
0	33
0	343
0	933
0	57
1	881
1	700
1	669
0	223
1	779
0	367
1	79
1	829
1	557
0	638
0	100
0	42
0	239
0	806
0	176
0	65
1	306
1	167
0	20
1	37
1	798
1	212
0	737
0	518
0	973
1	541
0	327
1	849
1	627
1	672
0	833
1	686
1	111
1	399
1	501
1	893
1	178
1	577
1	92
1	126
1	743
0	966
1	238
0	649
1	891
1	958
1	908
0	384
0	154
0	541
1	87
0	728
1	931
0	72
1	233
1	779
0	727
1	365
1	97
1	992
1	603
1	469
1	234
1	755
1	849
1	281
1	711
1	411
0	736
0	588
1	175
1	557
1	612
0	769
1	637
1	872
1	238
1	83
0	614
1	931
0	962
0	252
0	695
0	197
1	985
1	257
1	593
1	411
0	472
0	79
1	590
1	55
1	559
0	78
0	412
1	767
0	954
1	584
0	692
1	843
0	399
1	888
1	193
1	896
0	698
0	623
1	503
1	343
1	948
1	573
0	261
0	516
0	671
0	53
0	844
1	501
0	363
0	291
0	387
0	846
0	499
0	429
1	253
1	571
0	705
0	144
1	229
0	276
0	575
0	472
0	552
0	452
0	828
0	192
0	624
0	92
0	870
1	591
1	747
0	103
0	622
1	420
0	618
0	54
1	376
0	287
0	328
1	941
1	272
0	543
0	116
0	985
0	798
0	318
1	508
0	342
0	152
1	864
0	423
1	565
0	917
0	90
0	9
1	94
1	209
0	644
0	604
1	399
1	652
0	49
1	761
0	964
0	577
1	879
1	140
1	813
1	18
0	757
1	993
1	911
1	231
1	632
0	97
0	889
1	157
1	320
1	179
1	465
1	254
0	223
1	679
1	473
1	55
0	488
0	305
1	108
1	154
1	881
1	595
1	698
1	666
1	394
0	724
1	22
1	155
1	971
1	757
1	434
1	606
1	188
1	293
1	577
1	855
1	885
1	580
1	29
1	969
0	359
1	121
0	384
1	998
1	237
1	871
1	144
1	84
1	925
1	826
0	176
1	525
0	647
0	442
0	198
1	995
0	728
1	108
0	12
1	535
1	432
1	521
1	475
1	156
1	280
1	967
0	953
1	469
0	417
0	39
0	861
0	385
0	244
0	908
0	328
0	467
1	5
0	206
1	235
1	848
1	34
0	777
0	562
1	553
0	52
0	433
0	651
0	338
1	946
1	800
0	201
1	495
1	253
0	907
1	472
1	306
1	620
1	125
0	692
1	851
1	127
1	973
1	168
1	170
1	400
1	453
1	665
0	70
1	169
1	404
1	315
0	688
1	171
0	748
0	883
1	89
1	342
0	568
1	331
1	208
1	637
1	54
1	550
0	772
1	817
1	34
0	608
0	99
1	849
0	675
0	248
0	159
1	843
1	898
0	21
1	772
1	561
1	573
0	305
1	447
0	463
0	769
0	563
0	614
0	979
0	334
0	863
0	512
0	679
1	70
0	45
1	26
0	54
0	59
0	58
1	61
1	65
1	52
1	9
0	17
1	43
0	80
0	44
1	24
0	38
0	61
0	51
1	4
0	29
1	38
0	49
1	68
0	15
1	58
0	78
1	62
1	46
0	11
1	82
1	14
0	26
1	81
0	56
0	18
1	70
1	67
1	42
0	19
0	53
0	76
1	57
1	28
0	43
1	13
1	30
1	39
1	8
1	26
1	77
0	41
0	27
1	69
1	30
0	10
1	26
1	70
1	6
1	13
1	10
0	64
0	34
1	18
1	39
0	41
0	48
0	23
1	2
1	14
0	66
1	39
1	37
0	46
1	56
1	43
1	77
0	12
1	10
0	74
0	44
1	16
0	27
1	45
1	31
1	60
1	57
0	44
0	18
0	2
1	45
0	28
0	75
0	47
1	54
0	25
0	42
0	40
0	41
0	72
1	70
1	57
1	71
1	9
1	42
0	28
1	74
1	23
0	54
0	33
0	26
1	37
0	58
0	3
0	82
1	57
1	17
0	68
0	7
0	40
0	44
1	11
0	68
1	75
0	13
1	25
0	58
0	80
0	76
1	59
0	64
0	53
0	9
0	155
0	152
0	89
0	136
0	156
1	96
1	75
1	109
0	89
0	121
0	129
1	103
1	73
1	147
0	7
0	84
1	92
0	74
0	151
0	122
1	73
0	98
1	23
1	57
1	97
1	9
0	149
1	108
1	14
0	52
0	75
0	102
0	15
1	74
1	20
1	62
0	49
0	1
0	4
1	18
1	22
1	20
1	71
0	75
1	1
1	56
0	14
0	7
0	65
0	47
1	26
1	70
1	20
1	21
1	41
1	11
0	14
1	25
0	50
0	23
1	14
0	46
0	73
0	0
0	16
1	4
0	43
1	0
0	59
1	72
1	14
0	7
1	32
1	10
1	44
1	58
1	78
1	70
1	20
0	98
0	32
1	51
0	29
0	28
1	24
1	43
1	24
1	43
1	24
1	43
1	37
0	46
0	88
0	54
1	37
0	46
0	88
0	54
1	37
0	46
0	88
0	54
1	91
1	68
1	91
1	68
1	91
1	68
0	48
0	65
0	48
0	65
0	48
0	65
1	30
1	32
1	30
1	32
1	30
1	32
0	1
0	1
0	77
0	1
0	77
0	1
0	77
1	9
1	87
1	20
0	71
1	48
1	22
1	10
0	82
1	17
1	58
1	42
0	1
0	77
1	9
1	87
1	20
0	71
1	48
1	22
1	10
0	82
1	17
1	58
1	42
0	55
0	55
0	65
0	55
0	65
0	55
0	65
1	8
0	29
1	10
1	97
0	89
1	41
1	67
0	85
0	96
0	72
1	18
1	84
0	86
0	23
0	48
0	55
0	65
1	8
0	29
1	10
1	97
0	89
1	41
1	67
0	85
0	96
0	72
1	18
1	84
0	86
0	23
0	48
0	66
1	24
1	24
1	65
1	24
1	65
1	24
1	65
1	19
1	24
1	65
1	19
1	74
1	74
1	39
1	74
1	39
1	74
1	39
1	93
1	74
1	39
1	93
0	51
0	51
0	31
0	51
0	31
0	51
0	31
0	43
0	51
0	31
0	43
1	13
1	49
0	55
1	11
0	35
0	69
0	18
0	96
0	47
1	53
0	58
1	36
0	98
0	57
1	91
0	1
0	89
0	35
1	89
1	0
0	15
0	11
0	94
0	75
0	91
0	34
0	66
1	65
1	77
0	76
1	23
0	17
0	19
1	47
0	4
1	2
1	83
1	53
0	64
0	64
1	28
1	1
1	74
1	58
1	36
0	64
1	28
1	1
1	74
1	58
1	36
1	54
0	64
1	28
1	1
1	74
1	58
1	36
1	54
1	6
0	65
1	39
1	53
1	89
1	89
1	86
0	87
1	77
1	22
1	49
1	89
1	86
0	87
1	77
1	22
1	49
1	7
1	1
1	89
1	86
0	87
1	77
1	22
1	49
1	7
1	1
1	91
1	48
0	95
1	38
1	89
1	86
0	87
1	77
1	22
1	49
1	7
1	1
1	91
1	48
0	95
1	38
1	84
1	89
1	86
0	87
1	77
1	22
1	49
1	7
1	1
1	91
1	48
0	95
1	38
1	84
1	35
1	27
1	27
1	6
1	90
0	51
1	35
1	24
1	27
1	6
1	90
0	51
1	35
1	24
1	20
1	27
1	6
1	90
0	51
1	35
1	24
1	20
1	23
1	56
1	98
1	98
0	56
1	3
1	32
0	74
1	35
1	94
1	37
1	98
0	56
1	3
1	32
0	74
1	35
1	94
1	98
0	56
1	3
1	32
0	74
1	35
1	94
1	37
1	95
0	38
0	2
1	76
1	8
1	29
1	15
1	31
0	73
1	82
1	46
1	81
1	98
0	56
1	3
1	32
0	74
1	35
1	94
1	37
1	95
0	38
0	2
1	76
1	8
1	29
1	15
1	31
0	73
1	82
1	46
1	81
0	11
1	64
1	86
1	98
0	56
1	3
1	32
0	74
1	35
1	94
1	37
1	95
0	38
0	2
1	76
1	8
1	29
1	15
1	31
0	73
0	73
1	42
1	22
0	32
1	76
1	20
1	59
0	73
1	42
1	22
0	32
1	76
1	20
1	59
1	21
0	73
1	42
1	22
0	32
1	76
1	20
1	59
1	21
1	44
1	38
1	79
0	73
1	42
1	22
0	32
1	76
1	20
1	59
1	21
1	44
1	38
1	79
1	52
0	73
1	42
1	22
0	32
1	76
1	20
1	59
1	21
1	44
1	38
1	79
1	52
0	80
0	80
0	94
0	10
0	90
0	60
0	80
0	94
0	10
0	90
0	60
0	11
0	80
0	94
0	10
0	90
0	60
0	11
0	33
0	29
0	46
1	36
1	7
0	20
0	58
0	80
0	94
0	10
0	90
0	60
0	11
0	33
0	29
0	46
0	80
0	94
0	10
0	90
0	60
0	11
0	33
0	29
0	46
1	36
1	7
0	20
0	58
1	39
1	39
0	82
0	12
0	19
0	81
0	55
0	85
1	39
0	82
0	12
0	19
0	81
0	55
0	85
1	39
0	82
0	12
0	19
0	81
0	55
0	85
0	24
1	34
0	33
0	92
0	45
1	39
0	82
0	12
0	19
0	81
0	55
0	85
0	24
1	34
0	33
0	92
1	39
0	82
0	12
0	19
0	81
0	55
0	85
0	24
1	34
0	33
0	92
0	45
0	68
1	46
1	46
0	8
0	55
0	59
0	38
0	18
1	46
0	8
0	55
0	59
0	38
0	18
0	74
0	53
1	46
0	8
0	55
0	59
0	38
0	18
0	74
0	53
0	45
0	57
0	37
1	46
0	8
0	55
0	59
0	38
0	18
0	74
0	53
0	45
0	57
1	46
0	8
0	55
0	59
0	38
0	18
0	74
0	53
0	45
0	57
0	37
1	10
0	86
0	27
0	73
1	31
1	93
1	42
1	28
0	35
0	14
1	87
1	13
1	45
1	30
0	67
0	34
0	85
0	33
1	53
1	23
1	1
1	62
0	37
1	98
0	20
1	11
0	27
1	25
1	94
1	57
1	92
1	15
1	72
1	40
1	5
1	96
1	88
0	62
1	8
0	87
1	27
1	89
1	14
0	84
0	76
0	16
0	79
1	86
0	67
1	21
1	63
1	37
1	27
1	61
0	34
0	42
0	73
0	46
1	25
0	43
0	7
0	97
1	37
0	74
1	92
0	40
0	31
1	55
1	69
1	51
0	17
1	89
1	59
0	9
1	96
1	90
0	86
1	21
1	13
0	62
0	19
0	9
1	11
0	99
1	55
0	2
0	66
0	73
0	15
0	38
1	85
0	52
1	25
1	48
1	45
0	29
1	65
1	32
1	76
1	77
1	8
1	51
1	32
1	79
0	27
1	10
1	38
0	30
0	16
0	82
0	12
0	5
1	38
0	30
0	16
0	82
0	12
0	5
1	38
0	30
0	16
0	82
0	12
0	5
1	38
0	30
0	16
0	82
0	12
0	5
0	39
0	30
1	94
0	16
0	51
0	31
0	83
1	25
1	35
1	12
1	75
1	99
0	55
1	30
1	14
0	18
0	56
1	80
0	61
0	31
1	97
1	1
1	66
1	17
0	64
0	63
0	90
1	86
0	35
1	51
0	79
1	88
1	28
0	30
0	56
0	68
1	50
0	12
0	67
0	43
0	1
0	0
0	72
0	93
1	66
1	56
1	24
0	2
1	80
1	74
0	36
1	37
1	68
0	20
0	28
1	65
1	4
0	7
0	59
1	61
0	38
0	31
0	50
0	96
1	75
1	48
0	34
0	51
1	30
0	58
0	35
0	47
0	82
1	71
1	36
1	88
1	91
1	4
0	17
0	63
0	70
0	75
0	77
0	94
1	38
1	79
1	26
1	73
1	28
1	57
0	6
1	44
1	46
0	79
1	34
1	29
1	92
0	0
0	27
1	52
1	78
1	60
0	42
1	55
0	11
1	64
0	74
0	2
1	75
1	93
1	38
1	39
1	11
1	74
1	75
1	97
1	55
1	0
1	96
1	17
1	34
1	5
1	27
0	58
0	23
0	43
1	51
0	41
1	44
0	24
1	69
1	87
0	94
1	11
0	32
1	16
0	38
1	83
0	93
0	89
0	40
0	84
1	22
0	18
1	14
0	27
1	97
1	45
0	55
1	25
1	29
0	30
0	1
0	20
0	0
0	77
0	62
1	9
0	50
0	27
1	56
0	18
1	61
