1	767
1	767
0	518
0	587
1	789
1	789
1	789
1	980
1	419
1	583
1	550
1	456
0	686
0	202
0	202
0	48
0	938
1	991
1	991
1	685
1	746
1	991
1	685
1	746
1	558
1	991
1	685
1	746
1	558
1	857
1	991
1	685
1	746
1	558
1	857
1	637
1	991
1	685
1	746
1	558
1	857
1	637
1	991
1	685
1	746
1	558
1	857
1	637
1	991
1	685
1	746
1	558
1	857
1	637
1	122
0	569
1	332
0	988
1	781
1	551
1	832
1	67
1	67
1	223
1	297
1	67
1	223
1	297
0	791
1	513
1	67
1	223
1	297
0	791
1	513
1	587
1	67
1	223
1	297
0	791
1	513
1	587
1	432
1	67
1	223
1	297
0	791
1	513
1	587
1	432
1	67
1	223
1	297
0	791
1	513
1	587
1	432
1	12
1	67
1	223
1	297
0	791
1	513
1	587
1	432
1	12
1	98
1	11
1	640
1	122
0	601
0	601
0	256
1	271
1	667
1	970
0	601
0	256
1	271
1	667
1	970
0	81
1	103
1	975
0	601
0	256
1	271
1	667
1	970
0	81
1	103
1	975
1	962
0	601
0	256
1	271
1	667
1	970
0	81
1	103
1	975
1	962
0	601
0	256
1	271
1	667
1	970
0	81
1	103
1	975
1	962
0	601
0	256
1	271
1	667
1	970
0	81
1	103
1	975
1	962
0	601
0	256
1	271
1	667
1	970
0	81
1	103
1	975
1	962
0	33
1	360
1	924
0	493
1	91
1	121
0	872
1	615
0	161
0	704
1	53
1	513
1	678
1	678
1	877
1	29
1	678
1	877
1	29
1	661
1	678
1	877
1	29
1	661
1	93
1	678
1	877
1	29
1	661
1	93
1	896
1	678
1	877
1	29
1	661
1	93
1	896
1	678
1	877
1	29
1	661
1	93
1	896
1	678
1	877
1	29
1	661
1	93
1	896
1	221
1	669
1	923
0	176
1	706
1	276
1	195
1	195
1	383
0	669
1	798
1	195
1	383
0	669
1	798
0	292
1	61
1	899
1	64
1	195
1	383
0	669
1	798
0	292
1	61
1	899
1	195
1	383
0	669
1	798
0	292
1	61
1	899
1	64
1	195
1	383
0	669
1	798
0	292
1	61
1	899
1	64
1	195
1	383
0	669
1	798
0	292
1	61
1	899
1	64
1	195
1	383
0	669
1	798
0	292
1	61
1	899
1	64
1	301
1	254
0	316
1	857
1	473
1	275
1	931
1	770
1	770
0	757
1	854
1	388
1	770
0	757
1	854
1	388
1	849
1	872
1	770
0	757
1	854
1	388
1	849
1	872
1	770
0	757
1	854
1	388
1	849
1	872
1	47
1	770
0	757
1	854
1	388
1	849
1	872
1	47
1	770
0	757
1	854
1	388
1	849
1	872
1	47
1	491
1	770
0	757
1	854
1	388
1	849
1	872
1	47
1	491
1	658
1	573
0	23
1	792
0	748
1	287
1	557
1	755
1	672
1	672
1	683
1	152
1	672
1	683
1	152
1	215
1	672
1	683
1	152
1	215
0	351
1	269
1	672
1	683
1	152
1	215
0	351
1	269
1	529
1	672
1	683
1	152
1	215
0	351
1	269
1	529
1	672
1	683
1	152
1	215
0	351
1	269
1	529
1	885
1	672
1	683
1	152
1	215
0	351
1	269
1	529
1	885
0	356
1	200
0	923
1	278
1	678
1	408
0	199
1	311
0	450
1	159
0	531
1	939
0	461
1	318
1	363
1	611
1	611
1	390
0	497
1	388
1	611
1	390
0	497
1	388
1	327
1	611
1	390
0	497
1	388
1	327
0	307
1	162
1	265
1	611
1	390
0	497
1	388
1	327
0	307
1	162
1	265
1	611
1	390
0	497
1	388
1	327
0	307
1	162
1	265
1	611
1	390
0	497
1	388
1	327
0	307
1	162
1	265
1	611
1	390
0	497
1	388
1	327
0	307
1	162
1	265
1	551
1	730
1	891
1	678
1	859
1	595
1	595
0	224
1	479
1	13
1	595
0	224
1	479
1	13
0	25
1	324
1	438
1	355
1	595
0	224
1	479
1	13
0	25
1	324
1	438
1	595
0	224
1	479
1	13
0	25
1	324
1	438
1	355
1	595
0	224
1	479
1	13
0	25
1	324
1	438
1	355
1	595
0	224
1	479
1	13
0	25
1	324
1	438
1	355
1	595
0	224
1	479
1	13
0	25
1	324
1	438
1	355
1	377
0	921
1	660
1	244
1	124
1	355
1	355
1	710
1	828
1	355
1	710
1	828
1	559
1	355
1	710
1	828
1	559
1	690
1	355
1	710
1	828
1	559
1	690
1	60
1	355
1	710
1	828
1	559
1	690
1	60
1	355
1	710
1	828
1	559
1	690
1	60
1	355
1	710
1	828
1	559
1	690
1	60
1	597
1	624
1	800
0	369
1	239
1	844
0	247
0	945
0	885
0	571
0	712
0	766
1	984
1	602
1	150
1	715
1	134
1	288
0	10
0	948
0	183
1	281
0	694
0	147
0	241
1	514
0	974
0	855
0	16
0	704
0	109
0	940
1	79
1	148
1	147
1	359
1	419
1	915
1	780
0	169
1	479
1	542
1	901
0	712
1	664
1	363
0	608
0	247
0	462
1	116
1	258
1	665
0	494
0	61
1	759
1	675
0	552
0	619
0	500
1	10
0	577
1	615
1	748
1	588
1	375
1	393
0	40
1	407
1	300
1	972
1	838
0	402
0	20
1	27
1	410
1	176
1	796
0	25
0	92
0	445
1	736
0	786
0	475
0	10
1	501
1	136
0	281
1	986
1	634
1	17
1	500
1	154
1	883
1	283
1	605
0	630
1	870
0	304
0	488
1	994
1	834
1	43
1	199
0	943
1	113
1	965
1	315
1	264
1	148
1	868
1	389
0	274
1	295
0	468
0	270
0	291
1	307
0	493
1	814
1	529
0	215
1	114
0	911
1	184
1	388
1	207
1	676
1	816
1	881
1	149
1	340
0	695
0	391
0	506
1	887
1	88
1	39
1	760
1	685
1	799
0	512
1	28
1	915
1	647
1	259
1	76
1	654
0	490
0	633
0	865
1	601
0	131
0	207
1	366
1	737
1	213
1	222
1	586
0	135
1	61
0	127
1	601
0	303
1	838
1	605
0	856
1	955
1	266
1	646
1	361
0	726
0	135
1	575
0	813
0	683
1	825
0	858
0	207
0	871
0	206
1	16
0	701
0	724
0	118
0	91
0	76
1	22
0	982
0	276
0	816
1	603
0	298
1	132
1	268
0	306
1	609
0	296
0	182
1	160
0	193
0	479
1	363
1	607
0	761
1	230
0	767
1	386
1	778
1	644
1	809
1	304
0	915
1	928
1	798
0	423
1	123
1	104
1	321
1	25
0	493
1	644
1	388
1	319
0	745
1	126
1	814
0	337
0	469
1	214
0	986
0	787
0	717
1	891
0	856
1	152
0	916
1	455
1	752
0	465
0	148
0	912
0	486
0	860
0	107
1	763
1	486
1	678
0	220
0	766
1	937
1	927
1	52
1	471
1	465
0	527
1	653
1	708
1	29
1	457
1	61
1	904
1	351
1	58
1	837
1	184
1	831
1	368
1	230
1	233
0	390
1	621
0	839
1	488
1	44
0	414
1	639
1	532
1	951
1	236
1	16
1	167
1	358
0	234
0	501
0	392
0	662
0	637
1	977
0	461
0	583
0	855
1	36
0	520
1	546
1	218
1	97
1	351
1	809
1	733
1	580
1	222
0	356
0	555
0	311
0	964
0	88
0	727
1	203
1	278
0	628
1	141
1	997
0	571
1	194
1	601
1	904
1	626
0	816
1	938
1	301
1	891
1	454
0	4
0	258
0	962
1	277
1	385
0	394
1	222
0	600
1	789
0	93
0	581
0	635
1	196
1	124
0	821
0	179
0	478
0	545
0	994
0	923
1	351
0	381
1	972
1	328
1	850
1	912
0	878
0	898
0	3
0	537
0	462
1	279
0	450
1	497
1	426
1	553
1	625
1	674
0	165
0	800
0	183
0	874
0	424
1	391
1	79
1	358
1	89
0	957
1	196
1	762
1	871
1	553
0	809
0	308
1	743
1	352
0	209
0	298
1	681
0	24
0	826
1	321
0	680
0	984
0	878
1	54
0	633
1	251
0	383
1	254
0	95
1	0
1	868
0	807
0	154
0	568
1	693
1	343
0	840
1	805
0	119
1	334
1	811
0	770
0	822
0	315
0	185
0	230
1	68
0	48
1	14
1	77
1	55
1	22
0	35
0	76
1	9
0	47
0	20
1	61
0	2
1	5
1	78
0	69
1	40
1	25
1	0
0	13
0	31
1	10
1	23
0	9
1	22
1	53
1	14
1	39
1	4
0	18
1	20
1	44
1	21
1	12
0	8
1	33
0	78
1	11
1	45
1	15
0	82
1	54
0	64
0	34
0	39
1	20
0	57
0	12
1	78
1	9
0	26
1	72
1	52
0	33
1	28
1	74
1	57
0	61
1	28
0	5
0	23
0	70
0	41
1	58
0	45
0	69
0	72
0	78
1	15
0	55
0	19
1	49
0	47
0	8
0	54
0	44
0	71
1	22
0	4
0	76
1	60
0	80
0	7
1	74
1	53
1	34
1	6
1	71
1	76
1	55
1	28
1	27
0	6
0	50
0	7
0	34
0	20
1	14
1	23
0	35
0	56
0	44
0	80
1	22
0	32
0	1
0	39
1	33
1	34
1	16
1	51
1	28
1	9
1	66
1	30
0	10
0	47
0	32
0	11
0	69
1	82
0	74
0	49
1	89
1	101
0	64
1	163
1	50
0	132
1	11
1	76
1	63
1	112
1	28
0	73
1	157
0	62
0	97
1	76
1	134
1	12
0	114
0	96
1	47
0	79
1	89
1	149
1	32
0	139
0	25
0	24
0	81
1	8
0	152
0	58
1	126
1	42
1	145
0	40
0	43
0	24
0	38
0	20
0	44
1	73
0	26
0	82
0	62
1	36
0	23
0	33
0	22
1	25
0	43
0	92
1	74
1	73
1	2
0	34
0	12
0	92
1	2
0	34
0	12
0	92
1	2
0	34
0	12
0	92
1	6
0	38
1	43
1	0
1	83
1	6
0	38
1	43
1	0
1	83
1	6
0	38
1	43
1	0
1	83
0	23
1	82
0	84
0	80
0	23
1	82
0	84
0	80
0	23
1	82
0	84
0	80
0	40
0	93
0	19
0	67
0	19
0	67
0	19
0	67
0	30
0	13
0	30
0	13
0	30
0	13
1	77
1	77
1	12
1	77
1	12
1	77
1	12
1	35
1	77
1	12
1	35
1	85
1	85
1	17
1	85
1	17
1	85
1	17
1	8
1	85
1	17
1	8
0	15
0	15
0	72
0	15
0	72
0	15
0	72
0	57
0	15
0	72
0	57
1	37
1	37
1	83
1	37
1	83
1	37
1	83
1	66
1	37
1	83
1	66
1	78
1	78
1	93
1	78
1	93
1	78
1	93
1	65
1	78
1	93
1	65
0	78
0	35
0	70
0	85
0	70
1	52
0	60
1	47
1	5
0	56
0	2
1	67
0	43
0	95
0	44
1	30
1	67
1	92
0	69
0	72
1	88
1	21
0	57
1	39
0	12
0	81
0	99
0	91
0	38
0	2
0	63
0	37
1	0
1	56
0	75
0	32
0	82
0	83
0	50
1	35
0	12
0	55
1	71
0	21
1	23
0	47
0	66
1	79
1	16
1	29
1	75
1	40
1	91
1	44
1	18
1	46
1	4
1	14
1	9
1	9
0	30
0	93
1	70
1	46
0	66
1	72
0	18
0	92
1	9
0	30
0	93
1	70
1	46
0	66
1	72
0	18
0	92
0	24
0	97
0	83
1	9
0	30
0	93
1	70
1	46
0	66
1	72
0	18
0	92
0	24
0	97
0	83
1	47
0	28
0	51
1	41
0	25
0	13
0	46
0	46
0	31
1	96
0	11
0	98
0	71
0	46
0	31
1	96
0	11
0	98
0	71
0	81
0	73
0	46
0	31
1	96
0	11
0	98
0	71
0	81
0	73
0	87
1	25
0	6
0	15
1	42
0	47
0	53
1	39
0	13
1	92
0	2
0	1
0	46
0	31
1	96
0	11
0	98
0	71
0	81
0	73
0	87
1	25
0	6
0	15
1	42
0	47
0	53
1	39
0	13
1	92
0	2
0	1
0	24
1	84
1	9
0	64
0	20
0	16
0	7
0	70
0	46
0	31
1	96
0	11
0	98
0	71
0	81
0	73
0	87
1	25
0	6
0	15
0	25
0	25
0	24
0	58
1	86
0	81
0	60
0	25
0	24
0	58
1	86
0	81
0	60
0	67
0	25
0	24
0	58
1	86
0	81
0	60
0	67
1	78
0	65
0	65
0	65
0	30
0	8
0	97
0	91
0	65
0	30
0	8
0	97
0	91
0	10
0	65
0	30
0	8
0	97
0	91
0	10
0	96
1	87
1	52
0	93
1	56
0	7
0	75
0	74
0	40
0	77
0	65
0	30
0	8
0	97
0	91
0	10
0	96
1	87
1	52
0	93
1	56
0	7
0	75
0	74
0	40
0	65
0	30
0	8
0	97
0	91
0	10
0	96
1	87
1	52
0	93
1	56
0	7
0	75
0	74
0	40
0	77
1	27
1	27
0	74
0	4
0	57
0	60
0	64
1	27
0	74
0	4
0	57
0	60
0	64
1	94
0	66
0	69
0	1
1	27
0	74
0	4
0	57
0	60
0	64
1	94
0	66
0	69
0	1
0	18
0	65
1	27
0	74
0	4
0	57
0	60
0	64
1	94
0	66
0	69
0	1
0	18
1	27
0	74
0	4
0	57
0	60
0	64
1	94
0	66
0	69
0	1
0	18
0	65
0	47
0	47
1	59
0	21
1	96
1	30
1	29
1	95
0	47
1	59
0	21
1	96
1	30
1	29
1	95
0	82
1	41
1	36
0	47
1	59
0	21
1	96
1	30
1	29
1	95
0	82
1	41
1	36
1	12
0	47
1	59
0	21
1	96
1	30
1	29
1	95
0	82
1	41
1	36
1	12
1	57
0	47
1	59
0	21
1	96
1	30
1	29
1	95
0	82
1	41
1	36
1	12
1	57
0	81
1	0
1	8
1	32
0	71
0	35
1	93
1	65
1	88
1	92
0	90
0	90
0	81
0	98
0	50
0	68
0	90
0	81
0	98
0	50
0	68
0	73
0	90
0	81
0	98
0	50
0	68
0	73
0	72
0	2
0	46
0	53
0	90
0	81
0	98
0	50
0	68
0	73
0	72
0	2
0	46
0	90
0	81
0	98
0	50
0	68
0	73
0	72
0	2
0	46
0	53
0	78
0	78
1	60
0	25
0	57
0	32
0	69
0	78
1	60
0	25
0	57
0	32
0	69
0	67
0	78
1	60
0	25
0	57
0	32
0	69
0	67
0	83
1	15
0	24
0	5
0	1
0	78
1	60
0	25
0	57
0	32
0	69
0	67
0	83
1	15
0	24
0	5
0	1
0	78
1	60
0	25
0	57
0	32
0	69
0	67
0	83
1	15
0	24
0	5
0	1
0	81
1	59
1	2
1	85
0	52
0	50
1	87
1	32
1	13
0	55
0	42
1	25
1	70
0	8
1	76
0	58
1	49
1	8
0	67
0	15
0	4
0	56
1	33
0	34
0	72
0	35
0	55
1	96
0	0
0	33
1	15
1	73
1	7
1	29
0	40
0	5
1	17
1	16
0	91
1	35
1	60
1	73
0	74
1	6
1	21
0	72
0	95
0	65
1	15
1	13
1	10
1	99
1	33
0	57
0	82
0	18
1	62
1	41
0	78
0	71
0	30
0	23
0	44
1	47
0	1
1	38
1	36
1	23
1	30
1	97
1	34
1	38
1	25
1	28
0	64
0	87
0	97
0	27
0	54
1	22
1	21
0	77
0	28
1	49
1	10
1	74
0	80
0	24
0	9
0	17
0	15
1	39
1	25
0	84
0	8
0	90
0	64
0	13
0	58
0	83
0	96
1	26
0	17
0	30
1	94
1	92
0	95
1	37
0	63
0	26
1	31
1	2
1	30
1	14
1	80
1	80
1	35
1	92
1	9
1	22
1	91
1	87
0	6
1	57
0	64
0	32
0	49
1	91
1	87
0	6
1	57
0	64
0	32
0	49
1	91
1	87
0	6
1	57
0	64
0	32
0	49
1	98
0	59
1	91
1	87
0	6
1	57
0	64
0	32
0	49
1	98
0	59
0	60
0	79
0	34
0	44
1	26
0	47
1	43
1	42
0	68
0	12
1	18
0	13
0	90
1	18
1	82
0	70
0	45
0	84
0	4
0	1
0	94
0	76
1	65
0	83
0	81
1	54
0	67
1	15
0	60
0	51
0	0
1	13
0	33
1	27
0	11
0	43
0	10
0	18
1	87
0	62
1	3
1	20
1	35
0	74
0	47
1	34
1	7
0	1
0	46
1	24
0	61
1	72
0	60
1	62
1	89
1	40
1	97
0	68
1	22
0	71
1	60
0	76
0	26
0	78
0	42
0	89
0	74
0	5
0	28
0	84
0	64
1	64
1	44
1	84
1	20
1	43
1	52
1	89
1	49
1	35
1	4
1	8
0	39
1	24
1	83
1	16
1	42
1	37
1	74
0	86
1	48
0	7
1	62
1	92
1	6
0	64
0	50
0	49
1	86
0	18
0	87
