1	122
1	122
1	89
1	854
1	153
1	153
1	153
1	637
1	321
1	652
1	866
1	792
1	904
0	923
0	923
1	859
0	71
0	913
0	807
0	807
0	287
1	11
0	601
0	807
0	287
1	11
0	601
1	433
0	439
1	927
1	819
1	501
0	807
0	287
1	11
0	601
1	433
0	439
1	927
1	819
1	501
1	269
0	807
0	287
1	11
0	601
1	433
0	439
1	927
1	819
1	501
0	807
0	287
1	11
0	601
1	433
0	439
1	927
1	819
1	501
0	807
0	287
1	11
0	601
1	433
0	439
1	927
1	819
1	501
1	269
0	807
0	287
1	11
0	601
1	433
0	439
1	927
1	819
1	501
1	269
0	283
1	983
0	442
0	663
1	470
1	263
1	116
1	55
1	714
1	252
1	457
1	274
1	274
1	381
1	971
1	274
1	381
1	971
1	370
1	274
1	381
1	971
1	370
1	204
1	274
1	381
1	971
1	370
1	204
1	91
1	274
1	381
1	971
1	370
1	204
1	91
1	274
1	381
1	971
1	370
1	204
1	91
1	274
1	381
1	971
1	370
1	204
1	91
1	197
1	618
0	723
1	313
0	525
0	558
1	383
1	288
1	786
1	358
1	559
1	559
1	41
1	270
1	559
1	41
1	270
1	672
1	559
1	41
1	270
1	672
1	206
1	559
1	41
1	270
1	672
1	206
1	147
1	559
1	41
1	270
1	672
1	206
1	147
1	559
1	41
1	270
1	672
1	206
1	147
1	559
1	41
1	270
1	672
1	206
1	147
0	225
1	250
1	139
1	540
0	432
0	367
1	333
0	525
1	389
1	427
0	517
0	997
0	239
1	288
1	328
1	73
1	775
1	593
0	436
0	436
1	57
1	460
0	269
1	627
1	106
0	436
1	57
1	460
0	269
1	627
1	106
0	436
1	57
1	460
0	269
1	627
1	106
0	449
1	507
0	802
0	726
0	587
0	436
1	57
1	460
0	269
1	627
1	106
0	449
1	507
0	802
0	726
0	587
0	436
1	57
1	460
0	269
1	627
1	106
0	449
1	507
0	802
0	726
0	587
0	436
1	57
1	460
0	269
1	627
1	106
0	449
1	507
0	802
0	726
0	587
0	436
1	57
1	460
0	269
1	627
1	106
0	449
1	507
0	802
0	726
0	587
1	769
0	391
0	589
1	945
1	656
0	249
1	929
1	475
1	405
1	350
1	804
1	71
0	996
0	996
0	902
1	509
1	519
0	477
1	126
1	164
0	996
0	902
1	509
1	519
0	477
1	126
1	164
1	389
1	754
0	996
0	902
1	509
1	519
0	477
1	126
1	164
1	389
0	996
0	902
1	509
1	519
0	477
1	126
1	164
1	389
1	754
0	996
0	902
1	509
1	519
0	477
1	126
1	164
1	389
0	996
0	902
1	509
1	519
0	477
1	126
1	164
1	389
1	754
0	996
0	902
1	509
1	519
0	477
1	126
1	164
1	389
1	754
1	428
1	791
0	502
0	886
1	239
0	924
1	947
1	603
1	190
1	663
0	898
0	898
1	736
0	974
1	327
1	232
0	898
1	736
0	974
1	327
1	232
1	104
0	898
1	736
0	974
1	327
1	232
1	104
1	536
0	898
1	736
0	974
1	327
1	232
1	104
1	536
1	325
0	898
1	736
0	974
1	327
1	232
1	104
1	536
1	325
0	898
1	736
0	974
1	327
1	232
1	104
1	536
1	325
0	898
1	736
0	974
1	327
1	232
1	104
1	536
1	325
1	668
1	549
1	261
1	724
0	915
0	947
1	661
1	652
1	778
1	778
1	63
1	462
1	778
1	63
1	462
1	702
1	778
1	63
1	462
1	702
1	35
1	778
1	63
1	462
1	702
1	35
1	913
1	778
1	63
1	462
1	702
1	35
1	913
1	778
1	63
1	462
1	702
1	35
1	913
1	778
1	63
1	462
1	702
1	35
1	913
0	947
1	655
1	826
0	223
1	940
0	737
1	204
0	679
1	591
1	166
0	932
1	970
1	517
0	265
0	265
1	877
1	918
1	298
0	265
1	877
1	918
1	298
1	505
0	265
1	877
1	918
1	298
1	505
1	774
0	265
1	877
1	918
1	298
1	505
1	774
1	116
0	265
1	877
1	918
1	298
1	505
1	774
1	116
0	265
1	877
1	918
1	298
1	505
1	774
1	116
1	558
0	265
1	877
1	918
1	298
1	505
1	774
1	116
1	558
1	680
0	697
1	865
1	58
1	756
1	216
1	216
1	243
0	789
1	843
1	216
1	243
0	789
1	843
0	548
0	85
1	245
1	898
1	925
1	961
1	216
1	243
0	789
1	843
0	548
0	85
1	245
1	898
1	925
1	961
1	216
1	243
0	789
1	843
0	548
0	85
1	245
1	898
1	925
1	216
1	243
0	789
1	843
0	548
0	85
1	245
1	898
1	216
1	243
0	789
1	843
0	548
0	85
1	245
1	898
1	925
1	961
1	216
1	243
0	789
1	843
0	548
0	85
1	245
1	898
1	925
1	961
1	108
1	265
1	479
1	439
1	439
1	658
0	197
0	193
0	914
1	439
1	658
0	197
0	193
0	914
1	357
1	885
0	35
1	278
1	73
1	439
1	658
0	197
0	193
0	914
1	357
1	885
0	35
1	278
1	73
1	439
1	658
0	197
0	193
0	914
1	357
1	885
0	35
1	278
1	73
1	697
1	439
1	658
0	197
0	193
0	914
1	357
1	885
0	35
1	278
1	73
1	439
1	658
0	197
0	193
0	914
1	357
1	885
0	35
1	278
1	73
1	697
1	439
1	658
0	197
0	193
0	914
1	357
1	885
0	35
1	278
1	73
1	697
1	603
0	682
1	286
0	577
1	469
0	46
0	173
0	472
1	71
1	462
1	693
1	92
1	351
1	561
1	655
0	275
1	509
1	396
1	196
1	192
1	948
0	683
1	579
1	654
1	987
0	329
1	481
0	838
0	711
1	582
1	124
1	30
1	455
1	993
0	556
0	682
0	192
0	186
0	901
1	856
0	744
1	636
0	377
1	503
0	905
0	264
0	134
1	282
1	640
1	213
0	340
1	255
1	266
1	65
0	941
0	471
0	958
0	589
0	203
1	867
1	483
0	56
1	557
0	319
0	805
0	595
0	411
0	753
0	527
1	662
0	335
0	460
0	529
0	214
1	391
1	287
0	944
0	459
0	473
1	622
1	107
1	462
0	888
0	910
1	748
0	257
1	234
1	502
1	607
0	252
0	355
1	346
1	97
1	701
0	351
0	203
1	999
0	947
1	109
0	616
1	440
0	858
0	358
0	649
0	899
0	590
1	971
0	734
0	149
0	713
1	610
0	726
1	695
1	756
1	230
0	194
1	56
1	386
1	966
1	233
1	343
1	10
1	288
1	922
1	182
1	89
1	679
1	352
1	574
1	146
1	554
1	954
1	12
1	240
0	470
1	277
1	730
1	248
1	293
1	207
1	250
1	503
1	62
1	694
1	411
1	713
0	553
1	812
1	92
1	549
1	512
1	195
1	57
0	217
1	392
1	83
0	825
1	473
1	716
1	425
1	80
1	462
0	838
1	122
1	151
1	263
0	598
1	398
1	363
1	900
1	932
1	658
1	260
1	944
1	810
1	437
0	943
1	694
1	629
0	490
0	480
0	161
1	820
0	268
0	946
0	166
0	439
1	469
1	8
0	168
1	233
1	235
1	31
0	328
0	19
0	798
0	335
0	124
1	543
1	194
1	534
0	581
1	847
1	398
1	188
1	505
0	672
1	431
1	444
1	676
0	229
1	326
1	212
0	623
0	933
1	551
1	81
0	799
1	669
0	566
0	356
1	29
1	30
0	137
1	333
0	439
1	136
0	153
1	358
1	270
0	438
1	669
0	972
0	215
0	774
0	569
1	34
0	259
0	845
0	710
0	197
0	869
0	597
1	896
0	436
1	932
0	993
0	668
0	694
0	897
0	7
0	771
0	114
0	909
0	211
0	616
1	915
1	906
0	66
0	348
1	734
1	284
0	59
0	312
1	796
1	184
1	971
1	99
1	326
1	246
0	469
1	223
1	89
0	589
1	227
1	116
1	7
1	804
1	977
0	703
1	70
0	508
0	62
0	889
0	428
0	328
1	709
1	517
1	545
1	169
1	11
1	139
0	891
0	874
0	292
0	353
0	706
0	530
1	385
1	364
0	730
1	976
1	25
1	146
1	319
1	934
0	7
0	83
1	332
1	774
1	178
0	835
1	627
1	878
1	558
1	645
0	873
1	947
0	779
1	623
1	77
0	954
0	73
1	218
1	206
1	765
0	914
1	828
0	192
0	119
0	124
1	967
1	547
1	522
1	407
1	664
0	756
1	205
0	636
0	317
1	896
0	914
0	30
1	612
0	64
0	38
0	201
1	743
0	652
0	516
1	570
0	235
0	791
1	215
0	87
0	814
1	796
1	599
1	450
1	558
1	260
1	923
1	542
1	766
1	642
1	357
1	778
1	932
0	90
1	484
1	550
1	8
1	551
1	502
1	639
1	770
1	3
0	332
0	404
0	823
0	40
0	527
1	228
1	281
1	826
1	211
0	369
1	659
1	707
0	777
0	228
0	108
1	750
1	266
0	595
0	748
0	349
1	305
0	112
0	683
1	110
0	418
0	818
0	796
0	28
0	13
0	54
0	30
0	1
1	27
1	26
0	47
1	41
0	51
1	28
0	49
1	40
1	6
1	58
1	7
1	27
1	3
0	16
1	5
1	28
1	13
0	77
1	68
1	80
0	40
1	74
1	45
1	64
0	60
1	11
1	68
1	47
0	59
1	21
1	5
0	12
1	66
1	20
1	29
1	64
0	69
1	32
0	76
1	67
1	18
0	5
1	72
1	7
1	4
0	51
1	50
1	70
0	56
1	13
1	27
0	8
1	19
1	25
0	13
1	52
1	50
1	43
0	49
0	51
1	39
1	65
0	47
1	30
0	8
1	19
0	29
1	52
1	56
0	73
1	47
1	46
1	16
1	30
1	33
1	71
1	46
1	57
1	34
1	39
0	73
0	18
1	25
0	17
0	16
1	82
1	22
1	21
0	7
1	31
1	2
1	64
0	3
1	55
1	4
0	67
1	56
0	45
1	77
0	23
1	71
0	3
0	47
0	38
0	66
1	31
0	59
0	21
0	52
0	53
0	72
1	27
1	43
0	87
1	63
0	73
0	66
1	70
0	49
0	47
0	74
0	27
0	0
1	12
0	40
0	60
1	99
1	11
0	32
1	79
1	6
1	75
0	46
1	7
1	55
1	44
1	74
0	26
1	76
1	50
0	32
1	83
1	59
1	7
0	73
0	0
1	19
1	61
1	13
0	32
1	83
1	59
1	7
0	73
0	0
1	19
0	32
1	83
1	59
1	7
0	73
0	0
1	19
1	13
0	28
1	33
1	44
1	13
0	28
1	33
1	44
1	13
0	28
1	33
1	44
0	6
0	85
0	6
0	85
0	6
0	85
0	5
0	76
0	5
0	76
0	5
0	76
0	4
1	1
0	92
1	93
0	4
1	1
0	92
1	93
0	62
0	97
1	91
1	19
1	37
0	42
0	68
0	66
0	3
0	4
1	1
0	92
1	93
1	68
1	68
1	85
1	68
1	85
1	68
1	85
1	16
1	68
1	85
1	16
0	76
0	76
0	13
0	76
0	13
0	76
0	13
0	50
0	76
0	13
0	50
0	87
0	87
0	20
0	87
0	20
0	87
0	20
0	66
0	87
0	20
0	66
1	22
1	22
1	43
1	22
1	43
1	22
1	43
1	53
1	22
1	43
1	53
1	53
1	53
1	91
1	53
1	91
1	53
1	91
1	6
1	53
1	91
1	6
0	1
0	71
0	42
0	51
0	86
1	78
1	83
0	20
0	47
0	87
0	91
0	35
1	98
1	91
0	37
1	50
1	24
1	15
1	88
1	86
0	73
1	30
0	52
1	81
1	64
1	17
0	47
0	20
1	66
0	72
0	55
0	48
0	48
0	98
0	84
0	92
0	20
0	48
0	98
0	84
0	92
0	20
0	56
0	48
0	98
0	84
0	92
0	20
0	56
0	81
0	59
1	9
0	41
0	10
1	45
1	45
0	85
0	21
0	49
0	63
0	1
1	45
0	85
0	21
0	49
0	63
0	1
0	69
1	67
0	19
0	0
1	45
0	85
0	21
0	49
0	63
0	1
0	69
1	67
0	19
0	0
0	53
1	36
0	94
0	95
0	68
0	35
1	45
0	85
0	21
0	49
0	63
0	1
0	69
1	67
0	19
0	0
0	53
1	45
0	85
0	21
0	49
0	63
0	1
0	69
1	67
0	19
0	0
0	53
1	36
0	94
0	95
0	68
0	35
0	60
0	20
1	64
0	65
0	47
0	79
0	76
1	42
1	42
0	69
0	36
0	7
1	91
0	12
0	96
1	42
0	69
0	36
0	7
1	91
0	12
0	96
0	76
1	42
0	69
0	36
0	7
1	91
0	12
0	96
0	76
0	92
0	75
0	75
0	65
0	51
0	73
0	12
0	75
0	65
0	51
0	73
0	12
0	3
0	75
0	65
0	51
0	73
0	12
0	3
0	13
1	17
0	45
1	18
0	91
1	23
0	34
1	36
0	78
0	35
0	75
0	65
0	51
0	73
0	12
0	3
0	13
1	17
0	45
1	18
0	91
1	23
0	34
1	36
0	78
0	35
0	2
0	88
0	69
0	75
0	65
0	51
0	73
0	12
0	3
0	13
1	17
0	45
1	18
0	91
1	23
0	34
1	36
0	78
0	35
0	2
0	88
1	32
1	32
0	23
0	20
1	40
0	79
0	86
0	25
1	32
0	23
0	20
1	40
0	79
0	86
0	25
0	94
1	32
0	23
0	20
1	40
0	79
0	86
0	25
0	94
0	27
1	62
0	95
1	29
0	10
0	71
0	17
0	26
1	32
0	23
0	20
1	40
0	79
0	86
0	25
0	94
0	27
1	62
0	95
1	29
0	10
0	71
0	17
0	26
0	64
1	91
0	41
0	12
1	0
0	14
0	18
1	32
0	23
0	20
1	40
0	79
0	86
0	25
0	94
0	27
1	62
0	95
1	29
0	10
0	71
1	17
1	17
1	65
1	51
1	68
1	89
1	17
1	65
1	51
1	68
1	89
1	96
1	17
1	65
1	51
1	68
1	89
1	96
1	55
1	24
1	12
1	17
1	65
1	51
1	68
1	89
1	96
1	55
1	24
1	12
1	17
1	65
1	51
1	68
1	89
1	96
1	55
1	24
1	12
1	45
1	1
1	1
1	25
1	5
1	51
1	11
1	1
1	25
1	5
1	51
1	11
1	82
1	1
1	25
1	5
1	51
1	11
1	82
1	32
1	8
0	70
1	93
1	1
1	25
1	5
1	51
1	11
1	82
1	32
1	8
0	70
1	93
1	1
1	25
1	5
1	51
1	11
1	82
1	32
1	8
0	70
1	93
0	16
1	44
1	61
1	41
1	33
1	52
1	52
0	27
0	60
0	44
0	87
1	74
0	18
0	48
0	54
0	89
1	52
0	27
0	60
0	44
0	87
1	74
0	18
0	48
1	52
0	27
0	60
0	44
0	87
1	74
0	18
0	48
0	54
0	89
0	13
1	92
0	69
1	14
1	75
0	96
0	4
0	0
0	29
0	49
0	26
1	52
0	27
0	60
0	44
0	87
1	74
0	18
0	48
0	54
0	89
0	13
1	92
0	69
1	14
1	75
0	96
0	4
0	0
0	29
0	49
0	26
0	93
1	52
0	27
0	60
0	44
0	87
1	74
0	18
0	48
0	54
0	89
0	13
1	92
0	69
1	14
1	75
0	96
0	4
0	0
0	96
1	49
1	9
0	86
1	97
1	80
1	90
1	56
0	63
1	70
1	42
1	57
1	20
1	91
0	98
0	46
1	39
1	19
1	38
1	89
1	36
1	17
1	14
1	47
0	21
0	61
1	91
1	96
1	66
0	78
1	18
0	30
1	77
1	22
0	8
1	9
1	76
1	98
0	83
0	75
0	51
0	11
0	71
0	75
1	2
1	0
1	77
1	88
1	7
1	17
1	77
1	60
1	30
1	54
0	29
1	51
0	55
1	64
1	35
1	75
1	49
1	82
1	85
1	51
1	49
1	62
1	54
1	48
0	40
1	88
1	70
1	75
1	36
1	40
1	90
1	89
1	31
0	31
0	58
1	32
0	23
0	85
0	82
1	34
1	95
1	22
1	16
0	41
1	21
1	52
1	86
0	68
1	42
0	69
0	51
1	88
0	49
0	80
1	13
1	45
1	74
1	5
1	4
1	11
1	35
0	96
1	58
1	18
1	39
0	59
0	57
1	61
1	78
1	50
1	53
0	87
1	34
0	74
1	24
0	42
1	21
0	51
1	12
1	82
1	99
0	96
1	58
1	18
1	39
0	59
0	57
1	61
1	78
1	50
1	53
0	87
1	34
0	74
1	24
0	96
1	58
1	18
1	39
0	59
0	57
1	61
1	78
1	50
1	53
0	87
1	34
0	74
1	24
0	42
1	21
0	51
1	12
1	82
0	96
1	58
1	18
1	39
0	59
0	57
1	61
1	78
1	50
1	53
0	55
1	40
0	36
0	51
0	28
0	60
1	83
1	36
1	19
1	66
0	80
1	62
0	31
1	2
1	15
0	16
0	33
1	65
0	9
0	93
1	77
1	54
0	17
0	48
1	48
1	31
1	25
0	66
0	44
1	85
0	15
1	43
1	65
1	31
0	35
1	22
0	76
1	93
0	92
1	45
1	95
1	18
1	24
1	86
1	20
1	91
0	22
0	27
1	10
0	99
1	33
0	67
1	63
0	92
0	13
1	82
0	50
1	57
1	65
1	32
0	75
0	65
0	31
1	13
0	84
1	35
0	1
1	28
0	1
0	39
1	6
1	54
1	9
0	86
1	88
1	73
1	3
1	99
1	36
1	53
1	69
1	79
1	9
0	13
1	17
0	88
1	43
1	31
1	68
1	63
1	93
1	49
1	7
0	73
1	24
1	64
1	38
0	43
0	81
1	15
0	58
0	63
0	72
0	67
1	45
0	77
0	12
0	85
0	15
0	38
0	80
1	47
1	94
1	23
1	90
1	87
1	73
1	4
0	40
0	23
1	78
1	36
