1	818
1	818
1	418
1	864
0	278
0	278
0	278
1	581
1	819
1	152
0	276
1	685
0	55
0	591
0	591
0	680
0	122
0	639
0	639
0	226
1	290
1	38
1	781
0	639
0	226
1	290
1	38
1	781
1	881
0	639
0	226
1	290
1	38
1	781
1	881
1	457
1	406
0	639
0	226
1	290
1	38
1	781
1	881
1	457
1	406
0	639
0	226
1	290
1	38
1	781
1	881
1	457
1	406
0	639
0	226
1	290
1	38
1	781
1	881
1	457
1	406
0	639
0	226
1	290
1	38
1	781
1	881
1	457
1	406
0	339
1	902
1	481
1	634
1	718
1	648
1	648
1	434
0	990
1	644
1	648
1	434
0	990
1	644
1	263
1	648
1	434
0	990
1	644
1	263
1	72
1	648
1	434
0	990
1	644
1	263
1	72
1	705
1	648
1	434
0	990
1	644
1	263
1	72
1	705
1	648
1	434
0	990
1	644
1	263
1	72
1	705
1	277
1	648
1	434
0	990
1	644
1	263
1	72
1	705
1	277
1	188
1	183
0	289
0	123
1	432
1	969
1	397
1	486
1	724
1	79
1	79
1	828
1	6
1	79
1	828
1	6
1	195
1	79
1	828
1	6
1	195
1	438
1	79
1	828
1	6
1	195
1	438
1	846
1	79
1	828
1	6
1	195
1	438
1	846
1	79
1	828
1	6
1	195
1	438
1	846
1	79
1	828
1	6
1	195
1	438
1	846
0	235
1	252
1	55
1	722
1	858
1	148
0	376
0	376
0	179
0	327
0	376
0	179
0	327
0	857
0	376
0	179
0	327
0	857
0	16
0	376
0	179
0	327
0	857
0	16
1	812
1	687
1	728
1	514
1	356
0	376
0	179
0	327
0	857
0	16
1	812
1	687
1	728
1	514
0	376
0	179
0	327
0	857
0	16
1	812
1	687
1	728
1	514
1	356
1	504
0	376
0	179
0	327
0	857
0	16
1	812
1	687
1	728
1	514
1	356
1	504
0	802
1	968
1	324
1	247
1	49
0	204
0	204
1	467
1	986
1	48
0	204
1	467
1	986
1	48
1	370
0	204
1	467
1	986
1	48
1	370
1	345
0	204
1	467
1	986
1	48
1	370
1	345
1	725
0	204
1	467
1	986
1	48
1	370
1	345
1	725
0	204
1	467
1	986
1	48
1	370
1	345
1	725
0	870
0	504
0	204
1	467
1	986
1	48
1	370
1	345
1	725
0	870
0	504
1	127
0	553
1	993
0	999
1	460
0	63
0	335
0	829
0	868
1	751
1	855
1	699
1	936
0	631
1	242
1	3
1	608
0	621
1	84
1	627
1	541
1	19
0	741
0	741
1	452
1	623
1	209
0	741
1	452
1	623
1	209
1	839
0	741
1	452
1	623
1	209
1	839
1	558
0	741
1	452
1	623
1	209
1	839
1	558
1	683
0	741
1	452
1	623
1	209
1	839
1	558
1	683
0	741
1	452
1	623
1	209
1	839
1	558
1	683
1	822
0	741
1	452
1	623
1	209
1	839
1	558
1	683
1	822
0	809
1	362
0	567
1	652
1	387
1	401
1	61
1	21
1	21
0	669
1	194
1	119
1	21
0	669
1	194
1	119
1	968
1	21
0	669
1	194
1	119
1	968
1	811
1	677
1	21
0	669
1	194
1	119
1	968
1	811
1	677
1	21
0	669
1	194
1	119
1	968
1	811
1	677
1	21
0	669
1	194
1	119
1	968
1	811
1	677
1	660
1	21
0	669
1	194
1	119
1	968
1	811
1	677
1	660
1	477
1	642
1	545
1	359
1	569
1	569
1	643
1	273
1	569
1	643
1	273
1	286
1	569
1	643
1	273
1	286
0	154
1	861
1	569
1	643
1	273
1	286
0	154
1	861
0	548
0	685
0	379
1	998
1	556
1	316
1	751
1	347
1	569
1	643
1	273
1	286
0	154
1	861
0	548
0	685
0	379
1	998
1	556
1	316
1	751
1	347
1	569
1	643
1	273
1	286
0	154
1	861
0	548
0	685
0	379
1	998
1	556
1	316
1	751
1	347
1	569
1	643
1	273
1	286
0	154
1	861
0	548
0	685
0	379
1	998
1	556
1	316
1	751
1	347
1	699
1	699
1	291
1	878
1	699
1	291
1	878
0	473
0	376
0	901
1	895
1	143
0	740
0	855
1	406
0	914
1	699
1	291
1	878
0	473
0	376
0	901
1	895
1	143
0	740
0	855
1	406
0	914
1	965
0	352
0	509
0	51
1	699
1	291
1	878
0	473
0	376
0	901
1	895
1	143
0	740
0	855
1	406
0	914
1	965
0	352
0	509
0	51
1	67
1	932
0	200
0	232
1	699
1	291
1	878
0	473
0	376
0	901
1	895
1	143
1	699
1	291
1	878
0	473
0	376
0	901
1	895
1	143
0	740
0	855
1	406
0	914
1	965
0	352
0	509
0	51
1	67
1	932
0	200
0	232
1	652
1	439
1	105
1	23
1	699
1	291
1	878
0	473
0	376
0	901
1	895
1	143
0	740
0	855
1	406
0	914
1	965
0	352
0	509
0	51
1	67
1	932
0	200
0	232
1	652
1	439
1	105
1	23
1	603
1	221
1	485
1	485
1	115
1	585
1	485
1	115
1	585
0	311
0	72
1	718
1	10
1	901
1	485
1	115
1	585
0	311
0	72
1	718
1	10
1	485
1	115
1	585
0	311
0	72
1	718
1	10
1	901
1	485
1	115
1	585
0	311
0	72
1	718
1	10
1	485
1	115
1	585
0	311
0	72
1	718
1	10
1	901
1	485
1	115
1	585
0	311
0	72
1	718
1	10
1	901
0	347
1	177
0	663
1	681
1	729
1	124
1	232
0	190
0	511
0	460
0	491
0	347
0	656
1	620
0	106
0	687
0	424
0	672
0	276
1	946
1	735
1	324
1	421
0	901
1	898
1	886
0	765
1	867
1	222
1	462
0	115
1	482
1	621
1	614
1	596
0	431
1	73
1	268
1	236
0	108
1	622
1	534
0	934
0	156
1	558
0	601
0	585
0	572
0	802
0	696
1	76
0	922
0	162
1	365
0	603
0	733
0	846
1	67
0	479
1	692
1	836
1	913
0	878
0	229
1	409
0	77
1	513
1	260
1	445
1	527
1	562
1	84
0	775
1	559
1	462
0	936
1	875
0	558
1	119
0	654
1	943
1	862
1	816
1	761
1	891
1	318
1	722
0	861
1	391
0	453
1	965
1	403
1	168
1	128
1	633
1	563
0	180
1	506
1	508
1	644
0	866
1	851
1	758
1	797
0	991
1	785
0	10
0	163
0	890
0	650
1	679
1	472
1	286
1	860
0	352
0	976
1	980
1	386
1	167
0	315
1	406
0	350
1	289
1	606
0	11
1	79
0	730
1	755
0	632
1	214
1	583
1	421
1	91
1	765
1	663
0	131
0	407
1	854
1	176
1	599
0	552
0	242
1	762
1	120
1	911
1	332
1	57
0	825
0	741
1	831
1	404
1	452
1	139
1	605
1	209
1	665
1	18
1	365
1	382
1	707
0	235
1	323
0	620
1	149
0	63
0	701
1	889
0	741
0	383
1	459
1	95
0	100
1	234
0	447
0	659
1	789
1	702
1	963
0	799
1	821
0	908
1	973
0	835
1	969
0	482
0	392
1	321
1	806
1	953
0	907
0	879
0	558
0	857
0	492
1	820
0	892
0	612
0	499
1	815
1	919
1	705
0	366
0	100
1	79
0	133
1	464
1	290
1	26
0	806
0	919
0	164
0	807
1	772
1	368
0	582
1	7
1	63
1	331
1	567
1	855
1	512
1	273
1	661
1	18
0	233
1	403
1	303
0	682
1	536
1	169
1	476
0	121
1	205
0	516
1	486
0	399
0	323
1	466
0	978
0	645
1	794
0	718
0	837
1	304
0	189
1	865
0	880
1	918
0	757
0	1
0	997
1	516
1	245
0	989
1	949
1	484
1	500
1	800
0	507
1	174
1	257
0	837
1	220
1	318
1	225
1	706
1	763
1	704
0	459
1	364
1	927
1	299
1	122
1	967
1	166
0	283
0	144
1	919
1	748
0	925
0	552
0	465
1	426
0	942
1	360
0	944
1	101
0	927
1	161
0	90
0	930
1	668
0	807
1	241
0	296
1	153
1	804
1	113
0	895
0	450
1	329
1	714
1	142
1	584
1	632
1	161
1	514
0	398
1	790
1	175
1	54
1	701
1	804
0	208
1	440
1	305
1	245
1	637
0	832
1	826
1	754
0	902
1	30
1	931
1	155
0	610
1	981
0	432
0	949
0	255
1	787
0	77
0	834
1	848
0	215
1	737
0	238
0	135
1	112
1	706
1	43
1	267
1	620
1	698
0	94
1	48
1	217
0	423
1	240
1	912
1	276
0	736
0	597
1	806
1	504
1	519
1	313
1	441
0	602
1	952
1	951
1	826
1	503
1	581
1	421
1	509
1	2
1	216
1	506
1	236
1	266
0	180
0	127
1	886
0	674
1	252
1	773
1	428
0	114
1	203
0	645
0	568
0	863
0	823
1	853
1	87
0	499
0	348
0	437
0	395
0	152
0	642
0	159
1	852
1	988
1	217
1	801
0	414
1	19
0	757
1	468
0	296
0	718
0	100
0	355
1	614
1	943
0	345
0	460
0	150
1	692
0	619
0	904
1	843
1	20
0	794
1	316
0	650
0	236
0	270
0	129
1	182
0	741
1	461
1	1
1	427
1	146
1	882
1	248
1	994
1	693
1	383
0	8
0	81
0	73
1	53
1	65
0	32
1	2
1	11
0	77
1	49
0	57
0	80
0	10
1	30
0	31
0	48
0	30
1	23
1	13
0	42
1	63
1	24
0	11
1	55
1	29
1	79
0	51
0	59
1	5
1	60
0	41
1	6
1	52
0	20
0	37
0	27
0	69
0	33
0	42
1	67
1	30
1	49
1	41
1	51
1	37
1	4
1	55
0	36
1	24
1	54
1	35
1	34
1	43
0	41
0	37
1	10
0	14
1	75
0	51
0	16
1	22
1	39
0	2
1	76
1	5
0	47
1	69
0	72
0	6
1	19
1	79
0	54
1	13
1	12
0	0
0	44
1	73
0	43
0	36
0	71
0	16
1	23
1	60
1	9
0	2
1	22
1	30
1	14
1	12
1	10
0	20
0	53
1	32
1	8
1	4
1	0
1	48
1	79
1	63
0	70
0	12
0	56
0	67
0	61
1	68
0	66
0	62
1	9
0	65
1	19
0	31
0	1
0	79
1	72
0	81
0	54
0	55
1	30
0	46
1	47
1	80
1	2
1	46
1	73
1	81
1	55
0	157
0	23
1	74
0	135
1	157
1	155
1	33
0	15
0	58
0	83
0	142
1	102
1	61
1	38
0	16
1	93
1	104
1	149
0	24
0	4
0	72
0	2
1	51
1	144
1	63
1	117
1	67
1	101
1	75
0	156
0	127
0	15
0	35
0	97
1	137
1	131
1	93
1	49
1	38
0	59
0	98
0	41
1	68
0	27
0	84
0	93
1	22
0	82
1	86
0	30
1	3
0	78
1	5
0	36
1	63
0	15
1	3
0	84
1	29
1	63
0	15
1	3
0	84
1	29
1	63
0	15
1	3
0	84
1	29
1	70
1	37
1	70
1	37
1	70
1	37
1	84
0	81
1	49
0	97
0	62
0	71
0	37
0	29
0	38
1	84
0	81
1	49
0	97
0	62
0	71
0	37
0	29
1	84
0	81
1	49
0	97
0	62
0	71
0	37
0	61
1	41
1	27
0	97
0	35
1	17
0	87
1	15
0	90
1	81
0	60
1	79
1	5
0	61
1	41
1	27
0	97
0	35
1	17
0	87
1	15
0	90
1	81
0	60
1	79
1	5
0	38
0	3
1	39
1	54
0	61
1	41
1	27
0	97
0	35
1	17
0	87
1	15
0	90
1	81
0	60
1	79
1	5
0	42
1	4
1	48
1	90
1	36
0	42
1	4
1	48
1	90
1	36
0	42
1	4
1	48
1	90
1	36
0	99
0	99
0	36
0	99
0	36
0	99
0	36
0	27
0	99
0	36
0	27
0	80
0	80
0	98
0	80
0	98
0	80
0	98
0	74
0	80
0	98
0	74
1	18
1	18
1	95
1	18
1	95
1	18
1	95
1	87
1	18
1	95
1	87
1	34
1	34
1	97
1	34
1	97
1	34
1	97
1	86
1	34
1	97
1	86
1	34
1	34
1	50
1	34
1	50
1	34
1	50
1	51
1	34
1	50
1	51
0	31
0	26
0	21
1	80
1	21
0	69
1	13
1	75
0	45
1	72
1	94
0	14
1	75
0	32
0	64
0	40
0	0
1	43
0	80
1	31
0	0
1	2
0	71
0	60
0	79
0	12
0	80
0	99
0	64
0	74
1	4
1	58
0	19
0	35
0	3
1	45
1	21
0	38
0	95
0	28
1	60
0	80
0	92
0	66
0	48
0	47
0	17
0	17
0	29
0	38
0	69
0	47
0	17
0	29
0	38
0	69
0	47
0	23
0	17
0	29
0	38
0	69
0	47
0	23
0	24
1	49
0	92
0	64
0	94
1	45
1	45
0	83
0	39
1	6
0	3
0	38
1	4
0	55
1	45
0	83
0	39
1	6
0	3
0	38
1	4
0	55
0	64
1	87
0	8
0	44
0	52
0	92
1	45
0	83
0	39
1	6
0	3
0	38
1	4
0	55
0	64
1	87
0	8
0	44
0	52
0	92
0	91
1	45
0	83
0	39
1	6
0	3
0	38
1	4
0	55
0	64
1	87
0	8
0	44
0	52
0	92
0	91
0	20
1	45
0	83
0	39
1	6
0	3
0	38
1	4
0	55
0	64
1	87
0	8
0	44
0	52
1	92
1	92
0	59
1	38
0	0
1	99
0	56
0	6
1	92
0	59
1	38
0	0
1	99
0	56
0	6
0	73
0	28
1	92
0	59
1	38
0	0
1	99
0	56
0	6
0	73
0	28
0	25
0	25
0	66
1	75
0	37
0	51
0	61
0	67
0	25
0	66
1	75
0	37
0	51
0	61
0	67
0	25
0	66
1	75
0	37
0	51
0	61
0	67
0	88
1	45
0	46
0	39
0	25
0	66
1	75
0	37
0	51
0	61
0	67
0	88
1	45
0	46
0	39
0	25
0	66
1	75
0	37
0	51
0	61
0	67
0	88
1	45
0	46
0	39
0	62
0	13
0	19
0	19
0	52
1	94
0	80
0	13
0	72
0	19
0	52
1	94
0	80
0	13
0	72
0	20
0	15
0	19
0	52
1	94
0	80
0	13
0	72
0	20
0	15
0	38
0	45
0	19
0	52
1	94
0	80
0	13
0	72
0	20
0	15
0	38
0	45
0	19
0	52
1	94
0	80
0	13
0	72
0	20
0	15
0	38
0	45
1	28
0	67
0	59
1	71
0	63
0	95
0	64
0	99
0	99
0	21
0	19
1	42
1	87
1	78
0	18
0	99
0	21
0	19
1	42
1	87
1	78
0	18
0	24
1	35
0	32
1	22
0	38
0	84
0	99
0	21
0	19
1	42
1	87
1	78
0	18
0	24
1	35
0	32
1	22
0	38
0	84
0	51
0	85
0	6
1	92
0	54
0	39
0	99
0	21
0	19
1	42
1	87
1	78
0	18
0	24
1	35
0	32
1	22
0	38
0	84
0	51
0	85
0	6
0	99
0	21
0	19
1	42
1	87
1	78
0	18
0	24
1	35
0	32
1	22
0	38
0	84
0	51
0	85
0	6
0	35
0	35
0	49
1	99
0	90
0	96
0	40
0	64
0	35
0	49
1	99
0	90
0	96
0	40
0	64
0	35
0	49
1	99
0	90
0	96
0	40
0	64
1	41
1	45
1	26
1	44
0	59
1	30
0	95
0	67
0	17
0	66
0	21
0	91
0	35
0	49
1	99
0	90
0	96
0	40
0	64
1	41
1	45
1	26
1	44
0	59
0	35
0	49
1	99
0	90
0	96
0	40
0	64
1	41
1	45
1	26
1	44
0	59
1	30
0	95
0	67
0	17
0	66
0	21
0	91
1	7
1	7
1	44
1	26
1	86
1	67
1	7
1	44
1	26
1	86
1	67
1	15
1	7
1	44
1	26
1	86
1	67
1	15
1	56
1	65
1	50
1	7
1	44
1	26
1	86
1	67
1	15
1	56
1	65
1	50
1	7
1	44
1	26
1	86
1	67
1	15
1	56
1	65
1	50
1	70
1	14
0	51
0	25
0	90
0	14
0	95
0	59
0	1
1	34
0	71
0	89
0	35
0	96
0	33
0	83
0	15
0	56
0	18
0	99
0	7
0	57
1	92
1	2
0	69
0	62
0	12
0	72
0	25
1	68
0	17
0	56
1	29
1	40
1	31
0	85
1	65
1	75
1	15
1	54
1	22
1	65
1	37
0	36
1	26
1	20
1	9
1	88
1	43
0	67
0	88
0	39
0	34
1	31
0	79
0	97
0	52
0	72
0	79
1	64
0	31
1	22
0	62
0	90
0	44
0	94
1	74
1	78
0	57
1	52
1	51
0	45
1	39
1	98
1	9
1	84
1	7
0	51
1	78
1	53
0	20
1	26
1	52
1	1
0	2
0	23
0	53
0	40
0	77
0	82
1	34
1	76
1	62
0	60
0	89
1	91
1	43
1	1
1	90
0	50
1	92
0	65
0	93
0	68
0	16
0	23
0	24
0	83
1	64
0	5
0	21
0	23
0	24
0	83
1	64
0	5
0	21
0	23
0	24
0	83
1	64
0	5
0	21
0	23
0	24
0	83
1	64
0	5
0	21
1	95
0	50
0	89
1	65
0	31
0	78
0	20
0	22
1	48
0	66
1	56
1	70
0	57
0	60
0	35
1	41
1	90
0	67
0	80
1	47
0	78
1	31
1	88
1	62
1	2
1	66
1	87
1	9
1	75
0	11
1	99
1	10
1	95
1	51
1	49
0	88
1	31
1	36
1	55
0	82
0	60
1	2
0	6
1	86
1	30
0	91
1	85
0	68
0	58
0	50
0	72
1	1
0	27
1	25
0	74
0	10
1	59
1	20
0	16
1	34
0	22
1	38
1	8
1	96
1	76
0	7
0	50
0	81
0	69
0	78
1	43
0	8
1	3
1	4
1	84
1	64
0	36
0	5
0	84
0	25
0	33
1	43
1	57
1	71
1	26
1	89
0	57
1	68
0	88
0	52
0	73
1	4
0	78
1	96
0	87
0	9
0	71
0	45
0	32
0	70
1	4
1	72
1	31
1	80
1	0
1	8
0	83
1	34
1	47
1	48
0	1
1	40
1	64
0	45
1	83
0	54
1	88
1	7
1	72
1	2
1	39
1	14
0	81
0	84
0	43
0	12
0	78
0	48
0	37
0	11
0	33
1	20
0	42
1	59
0	74
0	30
0	11
0	28
0	82
