0	372
0	372
0	779
1	358
1	159
1	159
1	638
1	159
1	638
1	48
1	953
0	314
1	650
1	365
0	625
0	625
0	971
0	284
0	279
0	279
1	404
1	384
0	970
0	939
0	279
1	404
1	384
0	970
0	939
1	847
1	513
1	912
0	279
1	404
1	384
0	970
0	939
1	847
1	513
1	912
0	279
1	404
1	384
0	970
0	939
1	847
1	513
1	912
0	274
1	553
0	279
1	404
1	384
0	970
0	939
1	847
1	513
1	912
0	279
1	404
1	384
0	970
0	939
1	847
1	513
1	912
0	274
1	553
0	279
1	404
1	384
0	970
0	939
1	847
1	513
1	912
0	274
1	553
1	26
1	784
1	823
1	516
1	844
1	844
1	501
1	993
1	844
1	501
1	993
0	477
1	670
1	844
1	501
1	993
0	477
1	670
0	145
1	121
1	358
1	844
1	501
1	993
0	477
1	670
0	145
1	121
1	358
1	844
1	501
1	993
0	477
1	670
0	145
1	121
1	358
1	844
1	501
1	993
0	477
1	670
0	145
1	121
1	358
1	844
1	501
1	993
0	477
1	670
0	145
1	121
1	358
0	592
1	679
1	755
1	186
1	996
1	216
1	216
0	176
0	551
1	697
1	327
1	216
0	176
0	551
1	697
1	327
1	334
1	216
0	176
0	551
1	697
1	327
1	334
0	342
1	222
1	593
1	216
0	176
0	551
1	697
1	327
1	334
0	342
1	222
1	593
1	165
1	216
0	176
0	551
1	697
1	327
1	334
0	342
1	222
1	593
1	165
1	216
0	176
0	551
1	697
1	327
1	334
0	342
1	222
1	593
1	165
1	556
1	216
0	176
0	551
1	697
1	327
1	334
0	342
1	222
1	593
1	165
1	556
0	801
1	995
1	712
1	408
1	598
1	79
1	79
0	208
1	179
1	645
1	79
0	208
1	179
1	645
1	986
1	79
0	208
1	179
1	645
1	986
1	267
1	79
0	208
1	179
1	645
1	986
1	267
1	291
1	79
0	208
1	179
1	645
1	986
1	267
1	291
1	79
0	208
1	179
1	645
1	986
1	267
1	291
1	79
0	208
1	179
1	645
1	986
1	267
1	291
1	764
1	746
1	119
1	419
1	247
1	549
1	549
1	523
1	80
1	549
1	523
1	80
1	68
1	549
1	523
1	80
1	68
1	420
1	549
1	523
1	80
1	68
1	420
1	206
1	549
1	523
1	80
1	68
1	420
1	206
1	549
1	523
1	80
1	68
1	420
1	206
1	549
1	523
1	80
1	68
1	420
1	206
1	564
1	386
1	119
0	731
1	272
1	346
1	932
1	932
1	461
1	412
1	932
1	461
1	412
0	40
1	360
0	640
1	325
1	932
1	461
1	412
0	40
1	360
0	640
1	325
1	367
1	932
1	461
1	412
0	40
1	360
0	640
1	325
1	367
1	932
1	461
1	412
0	40
1	360
0	640
1	325
1	367
1	932
1	461
1	412
0	40
1	360
0	640
1	325
1	367
1	932
1	461
1	412
0	40
1	360
0	640
1	325
1	367
1	180
1	831
1	655
1	260
0	659
0	938
0	512
1	466
1	947
1	610
1	652
1	176
1	632
1	632
1	968
0	598
1	743
1	632
1	968
0	598
1	743
1	500
1	632
1	968
0	598
1	743
1	500
1	767
1	632
1	968
0	598
1	743
1	500
1	767
0	507
0	0
1	519
1	630
1	516
1	279
1	632
1	968
0	598
1	743
1	500
1	767
0	507
0	0
1	519
1	630
1	516
1	632
1	968
0	598
1	743
1	500
1	767
0	507
0	0
1	519
1	630
1	516
1	279
1	632
1	968
0	598
1	743
1	500
1	767
0	507
0	0
1	519
1	630
1	516
1	279
1	847
0	11
0	11
1	865
1	282
0	753
1	284
1	444
0	11
1	865
1	282
0	753
1	284
1	444
0	11
1	865
1	282
0	753
1	284
1	444
1	990
0	11
1	865
1	282
0	753
1	284
1	444
1	990
1	181
0	11
1	865
1	282
0	753
1	284
1	444
1	990
1	181
0	11
1	865
1	282
0	753
1	284
1	444
1	990
1	181
0	11
1	865
1	282
0	753
1	284
1	444
1	990
1	181
1	252
1	210
0	584
1	696
1	165
1	355
1	256
1	609
1	609
1	486
1	347
1	609
1	486
1	347
0	688
1	161
1	609
1	486
1	347
0	688
1	161
1	752
1	609
1	486
1	347
0	688
1	161
1	752
0	667
1	363
1	268
1	609
1	486
1	347
0	688
1	161
1	752
0	667
1	363
1	268
1	609
1	486
1	347
0	688
1	161
1	752
0	667
1	363
1	268
0	117
1	151
0	811
1	257
1	609
1	486
1	347
0	688
1	161
1	752
0	667
1	363
1	268
0	117
1	151
0	811
1	257
1	222
1	932
1	181
1	181
0	572
1	620
1	173
1	181
0	572
1	620
1	173
1	465
1	181
0	572
1	620
1	173
1	465
0	8
1	809
0	234
1	614
0	978
1	306
0	963
1	223
0	840
1	793
1	113
1	611
1	181
0	572
1	620
1	173
1	465
0	8
1	809
0	234
1	614
0	978
1	306
0	963
1	223
0	840
1	793
1	113
1	181
0	572
1	620
1	173
1	465
0	8
1	809
0	234
1	614
0	978
1	306
0	963
1	223
0	840
1	793
1	113
1	181
0	572
1	620
1	173
1	465
0	8
1	809
0	234
1	614
0	978
1	306
0	963
1	223
0	840
1	793
1	113
1	181
0	572
1	620
1	173
1	465
0	8
1	809
0	234
1	614
0	978
1	306
0	963
1	223
0	840
1	793
1	113
1	611
1	652
0	533
0	784
0	602
1	865
0	952
0	802
0	216
1	319
1	446
1	784
1	598
1	410
0	2
1	930
0	246
0	528
1	452
1	118
1	106
0	367
0	917
1	344
1	559
1	101
0	557
1	925
1	971
0	57
0	490
1	624
0	911
1	254
0	184
0	162
0	546
0	620
1	195
1	844
1	902
0	786
1	360
1	864
0	225
1	391
1	710
0	791
0	639
0	233
0	174
0	955
0	46
0	970
0	652
0	244
0	888
1	256
0	333
0	266
1	242
1	994
0	479
0	986
1	483
1	168
1	727
1	82
1	781
0	94
1	26
0	637
0	635
1	508
0	401
1	988
0	417
0	622
1	512
0	504
0	476
0	341
1	169
1	181
1	577
1	748
0	891
0	926
1	604
1	975
0	473
0	816
1	322
0	705
1	3
1	722
1	519
1	495
0	616
0	966
1	854
1	208
0	649
1	47
1	844
1	261
1	208
1	502
1	365
0	945
1	384
1	969
0	626
1	62
1	164
1	706
1	128
0	547
1	48
0	553
1	141
1	765
0	336
1	236
0	607
1	827
1	652
1	938
1	893
1	871
1	109
1	137
1	205
0	621
1	383
1	544
1	370
1	755
1	967
1	265
1	760
1	653
1	207
1	66
1	292
1	191
0	917
0	354
1	681
1	878
1	501
1	895
1	981
1	24
1	599
1	977
1	876
1	339
1	906
1	824
1	639
1	698
1	9
1	968
1	897
1	490
1	685
0	381
1	783
0	921
1	248
1	220
1	521
0	149
0	753
0	785
0	717
1	886
1	724
0	738
1	849
0	284
0	190
0	143
1	562
0	339
0	762
0	273
0	629
1	799
0	6
0	158
0	76
0	630
0	510
0	694
1	608
1	259
1	614
1	113
1	323
0	230
1	638
0	718
1	751
0	574
0	405
0	642
0	311
0	225
0	182
0	678
0	904
1	766
1	703
1	850
1	45
1	804
1	456
1	150
1	83
0	114
1	101
1	490
0	571
1	613
0	507
1	678
1	914
1	551
0	836
0	344
1	724
1	901
1	154
1	536
1	922
1	900
1	949
0	521
1	148
0	489
0	422
0	535
0	469
0	218
1	58
1	825
0	459
1	113
1	405
1	692
1	290
1	122
1	543
1	465
1	799
1	460
1	158
1	594
1	983
0	470
0	238
1	667
1	465
1	106
1	217
0	511
1	514
1	177
0	114
0	534
1	852
1	944
1	456
1	14
1	545
0	318
1	84
1	387
1	342
1	617
1	712
1	418
1	974
1	317
0	20
1	978
1	440
1	322
1	1
1	103
1	44
0	339
0	143
0	2
0	50
0	455
1	266
1	813
0	244
1	532
1	254
1	70
1	734
0	665
0	633
1	300
1	800
0	980
1	196
1	917
1	277
0	459
0	618
0	817
0	570
1	353
0	686
0	378
1	76
0	967
1	546
0	757
0	87
0	431
1	86
1	884
0	90
1	27
1	631
0	844
0	767
1	618
1	178
1	193
1	786
1	4
1	748
1	603
1	182
1	728
1	101
1	188
0	924
1	837
1	749
0	123
1	474
0	267
0	16
1	960
1	299
1	816
1	716
1	330
1	496
1	253
1	424
0	43
1	106
0	748
0	290
1	834
0	252
0	655
0	342
1	320
1	886
0	124
1	726
1	676
1	589
1	568
0	39
1	45
0	81
0	57
0	70
1	23
0	47
0	41
1	0
0	26
0	59
0	56
0	51
1	28
0	48
1	49
0	54
1	37
0	1
1	65
1	16
1	38
1	1
0	37
0	65
1	56
1	82
1	30
0	67
0	16
0	41
0	38
0	42
0	67
1	4
0	29
0	36
1	17
1	60
1	59
1	15
0	63
0	5
0	44
0	10
0	38
1	16
1	15
1	46
1	80
0	30
1	9
0	71
0	74
1	7
0	35
0	2
0	7
0	12
1	0
1	75
1	51
0	35
0	26
1	34
0	82
1	44
1	8
0	1
0	37
1	43
0	4
0	6
0	55
0	32
1	11
1	14
1	59
1	35
0	51
1	45
1	80
1	25
0	37
1	49
0	8
0	75
0	26
1	3
0	28
0	69
0	46
1	41
0	50
0	17
0	79
0	3
1	66
0	70
0	13
1	82
0	73
0	9
0	57
1	40
0	1
1	47
1	3
0	76
0	19
0	30
1	53
0	77
1	20
0	63
1	8
1	51
1	42
0	59
1	23
1	71
0	68
1	55
1	39
1	5
1	69
1	93
1	151
1	30
0	15
1	42
1	29
0	48
0	21
1	155
1	11
1	6
1	20
1	132
0	24
0	69
1	126
0	41
0	159
0	34
0	124
1	16
0	24
0	8
1	19
0	162
0	131
1	80
1	60
1	17
0	113
0	37
0	120
1	77
1	137
1	132
1	34
1	116
1	68
0	65
1	48
1	127
1	139
1	122
1	81
1	12
1	37
1	73
1	136
0	97
1	92
0	64
1	76
1	133
1	88
1	39
0	2
1	111
1	16
1	86
1	112
1	115
0	118
1	79
0	90
1	121
1	149
1	113
1	107
1	129
1	68
0	137
1	148
1	71
1	142
1	42
0	148
0	3
0	30
1	4
0	122
1	68
1	49
0	62
0	86
0	131
1	141
1	22
1	101
1	145
1	87
1	119
0	34
1	125
1	66
1	33
0	113
1	88
1	37
0	30
0	126
1	2
0	53
1	39
0	90
1	131
1	148
1	75
1	37
1	47
1	107
1	115
1	64
1	125
1	69
1	59
0	125
0	142
1	84
1	22
1	45
1	47
1	54
1	4
0	136
1	22
0	148
0	134
0	79
0	67
0	40
0	81
1	17
1	68
1	47
1	23
1	66
1	2
1	28
1	6
1	57
0	14
0	44
1	70
0	5
1	22
1	75
1	55
0	29
1	48
1	8
0	21
0	63
0	16
0	51
0	42
0	72
0	53
1	23
0	27
0	41
0	16
0	65
1	58
0	48
1	31
1	29
1	0
0	2
1	5
0	16
1	9
0	3
0	7
0	12
0	13
0	4
0	12
1	4
1	9
1	6
0	15
0	3
1	14
0	13
1	8
1	2
1	16
0	15
0	7
0	13
0	3
0	4
1	11
1	2
0	14
0	12
0	16
1	9
0	3
1	11
1	7
0	12
0	5
0	15
0	10
0	13
1	0
0	7
0	15
0	2
1	8
0	11
1	1
1	10
1	5
1	4
1	3
1	6
1	13
1	7
0	15
1	5
0	10
0	12
1	4
1	15
1	5
1	1
0	2
1	4
1	14
1	10
1	11
1	13
1	10
1	16
0	2
1	14
1	13
1	8
1	4
1	7
0	11
1	12
0	1
0	9
1	0
1	6
1	3
0	15
0	5
0	5
0	9
1	16
0	1
0	10
1	8
0	12
1	15
0	0
1	14
1	11
1	7
0	16
1	6
0	12
0	3
1	1
1	5
0	14
1	2
1	4
1	39
1	19
1	90
1	37
1	31
0	32
0	39
0	59
0	13
1	30
1	72
0	85
1	62
1	19
1	85
1	24
1	19
1	24
1	19
1	24
1	19
1	57
1	85
1	57
1	85
1	57
1	85
0	10
1	76
0	24
0	18
0	10
1	76
0	24
0	18
0	10
1	76
0	24
0	18
0	87
0	77
0	18
0	83
0	18
0	83
0	18
0	83
0	52
0	63
0	52
0	63
0	52
0	63
0	43
0	43
0	32
0	43
0	32
0	43
0	32
0	58
0	43
0	32
0	58
0	18
0	18
1	90
0	19
0	18
1	90
0	19
1	45
1	7
1	98
0	18
1	90
0	19
1	45
1	7
1	98
1	74
0	18
1	90
0	19
1	45
1	7
1	98
1	74
1	44
0	62
0	62
0	99
0	62
0	99
0	62
0	99
0	51
0	62
0	99
0	51
1	95
1	95
0	99
1	65
1	46
1	95
0	99
1	65
1	46
1	95
0	99
1	65
1	46
1	95
0	99
1	65
1	46
1	2
0	83
0	83
1	23
0	9
0	66
0	83
1	23
0	9
0	66
0	83
1	23
0	9
0	66
0	83
1	23
0	9
0	66
0	90
0	25
1	11
0	3
1	86
0	47
0	85
0	92
0	52
1	84
0	82
0	78
1	83
0	70
0	56
0	55
0	51
0	17
1	0
0	26
0	8
0	13
0	83
1	54
1	72
1	94
0	46
0	61
0	92
1	31
1	31
0	41
1	47
1	69
1	78
1	32
1	31
0	41
1	47
1	69
1	78
1	32
1	46
1	31
0	41
1	47
1	69
1	78
1	32
1	46
1	95
1	97
1	94
1	44
0	40
0	40
0	85
0	12
0	69
0	58
0	40
0	85
0	12
0	69
0	58
0	18
0	40
0	85
0	12
0	69
0	58
0	18
1	42
0	20
0	59
1	13
0	16
0	6
1	66
0	88
0	56
0	40
0	85
0	12
0	69
0	58
0	18
1	42
0	20
0	59
1	13
0	16
0	6
1	66
0	88
0	56
0	64
0	40
0	85
0	12
0	69
0	58
0	18
1	42
0	20
0	59
1	13
0	16
0	6
0	56
0	56
1	28
1	10
0	70
1	2
1	84
0	56
1	28
1	10
0	70
1	2
1	84
1	48
0	56
1	28
1	10
0	70
1	2
1	84
1	48
1	64
1	67
0	26
0	26
1	44
1	69
1	7
1	37
0	62
0	89
1	42
1	83
1	46
0	65
1	49
0	67
1	70
1	56
1	12
0	26
1	44
1	69
1	7
1	37
0	62
0	89
1	42
1	83
1	46
0	65
1	49
0	67
1	70
1	56
1	12
0	35
0	14
1	11
1	76
1	93
0	26
1	44
1	69
1	7
1	37
0	62
0	89
1	42
1	83
1	46
0	65
1	49
0	67
1	70
1	56
1	12
0	35
0	14
1	11
1	76
1	93
0	26
1	44
1	69
1	7
1	37
0	62
0	89
1	42
1	83
1	46
0	65
1	49
0	67
1	70
1	56
1	12
0	35
0	14
1	11
1	76
1	93
0	26
1	44
1	69
1	7
1	37
0	62
0	89
1	42
1	83
1	46
0	65
1	49
0	67
1	70
1	56
1	12
0	35
0	14
1	11
1	76
1	93
1	78
1	18
1	96
1	18
1	18
1	33
0	50
0	54
1	42
1	19
1	18
1	33
0	50
0	54
1	42
1	19
1	72
1	71
0	91
1	20
1	23
1	18
1	33
0	50
0	54
1	42
1	19
1	72
1	71
0	91
1	20
1	23
1	18
1	33
0	50
0	54
1	42
1	19
1	72
1	71
0	91
1	20
1	23
1	47
1	18
1	33
0	50
0	54
1	42
1	19
1	72
1	71
0	91
1	20
1	23
1	47
1	30
0	74
0	74
1	79
1	6
0	62
1	4
1	48
1	69
0	74
1	79
1	6
0	62
1	4
1	48
1	69
1	33
0	74
1	79
1	6
0	62
1	4
1	48
1	69
1	33
1	7
0	77
0	63
1	98
1	59
1	44
1	11
0	46
1	45
0	24
1	16
1	19
0	61
1	71
0	55
1	12
1	30
1	34
0	74
1	79
1	6
0	62
1	4
1	48
1	69
1	33
1	7
0	77
0	63
1	98
1	59
1	44
1	11
0	46
1	45
0	24
1	16
1	19
0	61
1	71
0	55
1	12
1	30
1	34
0	74
1	79
1	6
0	62
1	4
1	48
1	69
1	33
1	7
0	77
0	63
1	98
1	59
1	44
0	15
0	15
0	75
0	33
0	3
0	50
0	15
0	75
0	33
0	3
0	50
0	29
0	15
0	75
0	33
0	3
0	50
0	29
1	73
0	6
0	51
0	66
0	15
0	75
0	33
0	3
0	50
0	29
1	73
0	6
0	51
0	66
0	15
0	75
0	33
0	3
0	50
0	29
1	73
0	6
0	51
0	66
0	86
1	0
1	0
1	15
0	66
1	98
1	97
0	77
0	28
1	89
1	47
1	40
1	1
1	0
1	15
0	66
1	98
1	97
0	77
0	28
1	89
1	47
1	40
1	1
1	51
1	0
1	15
0	66
1	98
1	97
0	77
0	28
1	89
1	47
1	40
1	1
1	51
1	0
1	15
0	66
1	98
1	97
0	77
0	28
1	89
1	47
1	40
1	1
1	51
1	0
1	15
0	66
1	98
1	97
0	77
0	28
1	89
1	47
1	40
1	1
1	51
1	8
0	58
0	57
0	54
1	85
1	48
1	53
1	90
1	13
0	94
1	39
0	71
0	19
1	30
1	56
1	87
1	59
1	11
1	96
0	94
1	18
0	93
1	79
1	75
1	52
0	94
1	74
0	67
0	16
1	66
0	78
0	90
1	24
0	75
1	65
0	47
0	19
1	37
0	55
0	68
0	30
0	32
0	36
0	25
0	58
1	54
0	25
1	43
1	66
1	69
0	96
1	95
1	55
1	68
1	20
1	81
1	79
1	3
1	51
1	87
1	39
1	21
0	59
1	76
0	94
1	17
0	13
1	93
1	60
0	45
1	52
1	85
1	12
1	32
0	84
1	82
1	18
1	52
1	48
1	15
1	28
1	34
1	36
0	6
0	63
1	10
0	86
1	49
1	44
1	89
1	16
1	69
1	13
1	38
0	88
0	77
0	17
0	40
0	32
0	78
0	83
0	6
0	20
1	86
0	49
0	20
0	26
0	42
1	30
1	55
1	4
1	60
0	43
0	28
0	29
1	47
0	46
0	41
1	79
1	66
0	51
1	36
0	21
1	63
0	89
1	33
1	23
1	0
1	9
1	1
1	12
0	31
1	48
1	0
1	9
1	1
1	12
0	31
1	48
1	0
1	9
1	1
1	12
0	31
1	48
1	0
1	9
1	1
1	12
0	31
1	48
1	82
1	68
1	85
0	33
0	97
0	60
1	29
1	61
0	88
1	65
0	78
0	59
0	51
0	67
1	3
0	99
0	14
0	75
0	55
1	6
1	35
1	45
0	74
1	66
0	21
1	64
1	69
1	18
1	53
0	91
1	26
1	57
1	97
1	99
0	42
1	14
1	27
0	79
1	43
1	39
0	1
0	6
0	80
0	52
1	88
0	31
0	77
0	99
0	62
0	2
0	40
0	54
0	30
0	20
1	43
0	70
1	69
0	31
0	38
0	65
0	48
1	76
0	71
0	7
1	55
1	34
1	19
1	46
1	55
0	48
0	57
1	46
0	94
0	35
0	4
1	47
1	39
1	60
1	64
1	12
0	23
0	67
1	50
0	86
0	89
1	1
1	78
1	55
0	17
1	5
0	40
0	97
0	90
1	23
1	16
1	29
1	77
1	48
0	64
0	12
0	9
0	46
1	96
0	47
0	6
1	87
1	31
1	75
0	4
1	95
1	66
1	2
1	70
0	88
1	69
1	77
0	75
1	17
1	98
1	97
0	29
0	89
0	18
0	11
0	72
0	9
1	33
0	31
1	70
1	66
0	38
0	31
1	40
1	86
0	3
1	65
1	47
