0	296
0	296
0	756
0	499
0	590
0	590
0	590
1	822
1	87
0	717
1	401
0	268
0	41
1	452
1	452
1	15
1	919
1	631
1	631
1	742
1	499
1	631
1	742
1	499
1	830
1	631
1	742
1	499
1	830
1	581
1	631
1	742
1	499
1	830
1	581
1	70
1	631
1	742
1	499
1	830
1	581
1	70
1	631
1	742
1	499
1	830
1	581
1	70
1	631
1	742
1	499
1	830
1	581
1	70
1	994
0	191
1	259
0	14
0	79
1	938
1	123
1	46
0	261
1	202
1	908
1	800
1	800
0	866
0	291
1	650
1	257
1	800
0	866
0	291
1	650
1	257
1	94
1	800
0	866
0	291
1	650
1	257
1	94
1	276
1	800
0	866
0	291
1	650
1	257
1	94
1	276
1	749
1	800
0	866
0	291
1	650
1	257
1	94
1	276
1	749
1	800
0	866
0	291
1	650
1	257
1	94
1	276
1	749
1	800
0	866
0	291
1	650
1	257
1	94
1	276
1	749
1	267
1	91
1	159
0	398
1	377
0	718
1	390
1	327
0	535
0	535
1	687
0	503
0	613
0	535
1	687
0	503
0	613
0	492
0	535
1	687
0	503
0	613
0	492
0	924
0	535
1	687
0	503
0	613
0	492
0	924
0	564
0	535
1	687
0	503
0	613
0	492
0	924
0	564
0	535
1	687
0	503
0	613
0	492
0	924
0	564
0	673
0	535
1	687
0	503
0	613
0	492
0	924
0	564
0	673
1	902
1	30
1	876
0	385
1	882
0	971
1	653
1	834
1	832
1	216
1	782
0	578
1	685
0	23
0	536
0	733
0	991
1	898
1	823
1	686
1	132
1	599
0	696
0	696
1	832
1	772
0	138
1	142
1	355
0	696
1	832
1	772
0	138
1	142
1	355
0	696
1	832
1	772
0	138
1	142
1	355
1	924
0	696
1	832
1	772
0	138
1	142
1	355
1	924
0	566
1	908
1	339
0	696
1	832
1	772
0	138
1	142
1	355
1	924
0	566
1	908
1	339
0	696
1	832
1	772
0	138
1	142
1	355
1	924
0	566
1	908
1	339
0	696
1	832
1	772
0	138
1	142
1	355
1	924
0	566
1	908
1	339
1	57
0	312
1	293
1	701
0	556
1	161
0	904
1	272
0	939
0	100
0	654
0	8
0	766
1	529
1	270
1	450
1	78
1	784
1	352
1	842
1	842
1	885
1	487
1	842
1	885
1	487
1	103
1	842
1	885
1	487
1	103
1	761
1	842
1	885
1	487
1	103
1	761
1	998
1	842
1	885
1	487
1	103
1	761
1	998
1	842
1	885
1	487
1	103
1	761
1	998
1	842
1	885
1	487
1	103
1	761
1	998
0	555
0	930
1	953
0	470
1	498
1	823
0	838
0	106
1	315
1	293
1	77
1	124
0	421
0	421
0	566
1	953
0	900
0	421
0	566
1	953
0	900
0	331
0	744
0	421
0	566
1	953
0	900
0	331
0	744
0	421
0	566
1	953
0	900
0	331
0	744
0	866
0	421
0	566
1	953
0	900
0	331
0	744
0	866
1	917
0	718
1	921
0	235
0	880
0	421
0	566
1	953
0	900
0	331
0	744
0	866
1	917
0	718
1	921
0	235
0	880
0	421
0	566
1	953
0	900
0	331
0	744
0	866
1	917
0	718
1	921
0	235
0	880
1	464
0	418
0	272
0	166
1	313
1	313
0	72
1	275
1	468
1	313
0	72
1	275
1	468
1	350
1	313
0	72
1	275
1	468
1	350
0	79
1	110
1	846
0	421
0	123
1	7
1	232
1	331
1	313
0	72
1	275
1	468
1	350
0	79
1	110
1	846
1	313
0	72
1	275
1	468
1	350
0	79
1	110
1	846
1	313
0	72
1	275
1	468
1	350
0	79
1	110
1	846
1	313
0	72
1	275
1	468
1	350
0	79
1	110
1	846
0	421
0	123
1	7
1	232
1	331
1	174
0	394
0	394
1	159
1	543
1	720
0	394
1	159
1	543
1	720
1	263
0	394
1	159
1	543
1	720
1	263
1	587
0	394
1	159
1	543
1	720
1	263
1	587
1	179
0	394
1	159
1	543
1	720
1	263
1	587
1	179
0	394
1	159
1	543
1	720
1	263
1	587
1	179
1	120
0	394
1	159
1	543
1	720
1	263
1	587
1	179
1	120
1	341
1	393
1	781
1	815
1	943
1	943
1	673
0	76
0	483
1	287
1	951
1	943
1	673
0	76
0	483
1	287
1	951
1	943
1	673
0	76
0	483
1	287
1	951
1	481
1	943
1	673
0	76
0	483
1	287
1	951
1	481
0	23
0	704
0	137
1	516
0	768
1	893
0	833
1	150
0	47
1	943
1	673
0	76
0	483
1	287
1	951
1	481
0	23
0	704
0	137
1	516
0	768
1	893
0	833
1	150
0	47
1	982
1	729
1	311
1	182
1	943
1	673
0	76
0	483
1	287
1	951
1	481
0	23
0	704
0	137
1	516
0	768
1	893
0	833
1	150
0	47
1	982
1	729
1	311
1	182
1	630
1	943
1	673
0	76
0	483
1	287
1	951
1	481
0	23
0	704
0	137
1	516
0	768
1	893
0	833
1	150
0	47
1	982
1	729
1	311
1	182
1	630
1	493
1	493
1	295
1	778
1	493
1	295
1	778
1	533
1	493
1	295
1	778
1	533
1	782
1	493
1	295
1	778
1	533
1	782
0	466
0	404
1	549
1	30
1	493
1	295
1	778
1	533
1	782
0	466
0	404
1	549
1	30
1	493
1	295
1	778
1	533
1	782
0	466
0	404
1	549
1	30
1	508
1	493
1	295
1	778
1	533
1	782
0	466
0	404
1	549
1	30
1	508
1	105
1	390
1	670
1	887
1	808
1	755
0	298
1	306
1	88
0	931
1	163
0	752
1	703
0	619
0	420
1	242
1	655
1	245
1	352
0	374
0	26
1	38
0	654
0	893
1	268
0	245
0	647
1	235
1	406
1	185
1	816
1	233
1	911
0	325
1	664
0	561
1	84
1	112
1	94
1	497
0	887
1	528
0	616
0	420
0	820
1	536
0	556
1	595
1	114
0	319
0	632
0	331
1	320
0	855
0	770
1	647
1	458
1	868
1	385
1	752
1	777
1	845
1	38
1	132
1	254
1	198
1	981
0	201
0	382
1	336
1	684
1	383
1	848
0	608
0	603
0	407
0	10
0	772
0	962
1	838
0	914
1	845
0	288
0	689
0	424
0	347
0	31
1	741
1	196
1	705
1	261
1	711
0	921
0	770
0	862
0	672
1	331
1	307
1	566
1	568
0	783
0	310
1	177
1	847
0	170
1	997
1	540
1	166
0	376
1	6
1	685
1	189
1	420
1	719
1	157
1	665
1	89
1	937
1	152
0	346
1	503
0	997
0	193
1	972
1	818
0	129
0	166
0	611
1	630
1	103
1	950
1	620
1	899
1	778
1	407
1	431
1	65
1	689
1	525
1	265
1	556
1	148
0	807
1	177
0	47
1	643
1	455
1	852
1	681
1	365
1	53
0	919
1	489
1	744
0	27
1	840
1	400
0	147
0	827
1	93
1	674
0	16
1	15
0	32
0	275
1	14
1	23
1	280
1	445
1	346
1	282
1	819
1	469
1	892
1	1
1	3
1	539
1	506
1	639
1	21
1	691
0	512
0	636
0	661
0	575
0	756
1	351
1	707
1	382
1	145
0	800
1	410
1	646
1	164
0	519
0	697
0	676
0	872
1	548
0	83
1	941
0	425
1	35
0	577
1	147
0	583
0	244
0	883
0	853
1	933
0	544
0	780
0	786
0	379
0	318
1	740
0	856
0	194
1	114
0	929
0	569
0	285
0	428
0	501
0	169
1	578
0	772
1	606
1	448
1	211
0	724
1	226
1	190
1	925
1	979
1	71
1	504
1	735
0	817
0	489
1	877
0	804
0	821
0	929
0	386
1	310
0	953
0	877
0	355
1	162
0	763
0	567
0	737
0	778
0	156
1	711
0	308
1	554
0	90
1	270
0	703
0	151
0	436
1	61
0	899
1	856
0	585
1	214
1	908
1	960
1	817
1	7
1	946
1	831
1	633
1	106
0	977
1	591
1	844
1	938
1	962
1	52
0	122
1	117
0	208
1	493
1	7
0	162
1	142
0	575
1	557
1	651
1	496
1	656
1	968
1	273
1	213
1	13
0	756
1	384
1	414
0	889
1	283
0	229
0	937
0	982
1	416
1	516
1	806
1	853
0	307
1	270
0	353
0	388
1	88
1	523
0	627
1	720
0	592
1	185
0	723
1	384
0	911
0	660
1	425
1	66
1	108
1	991
1	859
1	41
1	553
1	161
1	293
1	437
0	142
0	200
1	452
1	413
1	791
1	861
0	791
1	360
1	455
1	364
1	191
1	396
1	112
1	801
1	453
1	881
1	990
0	661
0	792
0	604
1	669
1	47
1	123
0	39
0	557
0	961
1	593
1	774
1	499
1	675
1	506
0	533
1	783
1	472
0	421
1	602
1	564
1	399
0	629
1	706
1	860
1	573
1	179
1	713
0	694
1	153
0	484
0	703
0	151
0	847
0	47
1	376
0	552
0	363
1	18
0	997
0	31
1	852
0	224
1	505
1	893
0	717
0	676
0	543
1	114
0	610
1	202
1	155
1	525
0	320
1	793
0	14
0	461
0	643
1	192
1	833
1	662
1	96
1	395
1	250
1	105
1	918
1	754
0	652
0	516
0	854
0	898
0	540
0	711
1	62
1	2
1	67
0	39
0	4
0	36
0	50
1	27
1	43
1	70
1	49
0	2
0	54
0	24
1	22
0	59
1	15
1	25
1	29
1	45
1	41
0	79
0	57
0	56
1	50
0	82
1	2
0	77
0	20
1	44
1	61
0	37
1	80
1	33
1	45
0	76
0	54
0	75
0	0
1	31
0	10
0	12
0	71
0	47
1	16
1	0
1	80
0	37
1	14
0	62
0	20
0	34
0	48
1	68
1	82
1	33
1	66
1	71
1	52
0	77
0	73
1	47
1	63
0	9
1	55
0	3
1	64
1	12
1	34
0	44
0	65
0	78
1	35
0	46
1	41
0	18
1	32
0	43
1	2
0	7
1	9
0	67
1	46
0	24
1	26
0	76
1	42
0	58
1	2
0	30
0	44
0	57
0	33
0	82
0	51
0	12
1	2
0	11
0	30
1	63
0	22
0	10
1	76
1	42
0	17
0	38
0	4
0	27
1	34
0	74
0	36
0	77
0	41
0	63
0	55
1	77
1	98
0	93
1	2
1	97
1	57
0	84
0	75
0	7
0	46
0	50
1	31
1	43
0	91
0	23
0	91
0	23
0	91
0	23
1	23
1	45
1	23
1	45
1	23
1	45
0	3
0	98
0	3
0	98
0	3
0	98
0	30
0	79
0	30
0	79
0	30
0	79
1	13
1	91
1	13
1	91
1	13
1	91
1	25
1	25
1	34
1	25
1	34
1	25
1	34
1	1
1	25
1	34
1	1
1	59
1	59
0	34
1	72
0	80
0	69
1	59
0	34
1	72
0	80
0	69
0	24
1	59
0	34
1	72
0	80
0	69
0	24
1	59
0	34
1	72
0	80
0	69
0	24
1	86
0	6
0	11
0	44
0	44
1	79
0	69
0	96
0	44
1	79
0	69
0	96
0	44
1	79
0	69
0	96
0	44
1	79
0	69
0	96
0	91
0	87
0	87
1	28
0	41
0	64
0	87
1	28
0	41
0	64
0	87
1	28
0	41
0	64
0	87
1	28
0	41
0	64
0	95
1	65
1	65
1	67
1	65
1	67
1	65
1	67
1	61
1	65
1	67
1	61
1	81
1	78
1	77
1	91
0	30
1	0
1	58
0	82
1	78
1	39
0	32
0	75
1	15
0	8
0	74
1	27
1	34
0	79
1	14
0	96
0	75
1	94
0	19
0	77
1	0
0	23
1	89
0	10
0	30
0	40
0	80
0	50
0	95
1	22
1	49
1	92
0	99
0	18
1	90
0	7
0	15
1	42
0	43
0	12
0	11
1	60
0	51
0	25
0	8
0	4
1	84
1	22
1	63
0	60
0	60
0	83
0	37
0	46
0	4
0	60
0	83
0	37
0	46
0	4
0	7
0	60
0	83
0	37
0	46
0	4
0	7
1	42
0	3
0	68
0	73
0	93
0	99
0	99
0	36
0	87
0	45
0	57
0	99
0	36
0	87
0	45
0	57
0	56
0	99
0	36
0	87
0	45
0	57
0	56
1	58
1	19
1	74
1	48
0	72
0	31
0	32
0	26
0	0
0	99
0	36
0	87
0	45
0	57
0	56
1	58
1	19
1	74
1	48
0	72
0	31
0	32
0	26
0	0
1	78
1	29
1	34
0	98
0	49
0	68
0	3
0	16
0	99
0	36
0	87
0	45
0	57
0	56
1	58
1	19
1	74
1	48
0	72
0	31
0	32
0	26
0	0
1	78
1	29
1	34
0	98
0	49
0	68
0	3
0	16
0	35
0	86
0	8
0	8
0	50
0	19
0	41
0	7
0	8
0	50
0	19
0	41
0	7
0	11
0	8
0	50
0	19
0	41
0	7
0	11
0	38
0	25
0	60
0	85
0	85
0	90
0	38
0	56
1	34
0	66
1	8
0	59
0	85
0	90
0	38
0	56
1	34
0	66
1	8
0	59
0	33
0	9
0	44
1	82
0	50
0	15
1	96
0	11
1	81
0	35
0	94
0	85
0	90
0	38
0	56
1	34
0	66
1	8
0	59
0	33
0	9
0	44
1	82
0	50
0	85
0	90
0	38
0	56
1	34
0	66
1	8
0	59
0	33
0	9
0	44
1	82
0	50
0	15
0	85
0	90
0	38
0	56
1	34
0	66
1	8
0	59
0	33
0	9
0	44
1	82
0	50
0	15
1	96
0	11
1	81
0	35
0	94
0	72
1	0
0	4
0	78
0	76
0	80
0	80
0	51
1	86
0	79
0	11
0	44
0	80
0	51
1	86
0	79
0	11
0	44
0	28
0	50
0	80
0	51
1	86
0	79
0	11
0	44
0	28
0	50
0	43
1	87
0	75
1	5
0	41
0	9
0	47
1	6
0	92
0	13
0	56
0	80
0	51
1	86
0	79
0	11
0	44
0	28
0	50
0	43
1	87
0	75
1	5
0	41
0	9
0	47
1	6
0	92
0	13
0	56
0	25
0	73
0	55
0	0
0	80
0	51
1	86
0	79
0	11
0	44
0	28
0	50
0	43
1	87
0	75
1	5
0	41
0	9
0	47
1	6
0	92
0	13
0	56
0	25
0	73
0	55
1	77
1	77
1	45
1	97
0	22
0	26
1	40
1	77
1	45
1	97
0	22
0	26
1	40
1	96
1	35
1	77
1	45
1	97
0	22
0	26
1	40
1	96
1	35
1	23
1	44
1	49
1	77
1	45
1	97
0	22
0	26
1	40
1	96
1	35
1	23
1	44
1	49
1	77
1	45
1	97
0	22
0	26
1	40
1	96
1	35
1	23
1	44
1	49
1	58
1	95
0	20
0	20
0	63
0	13
0	16
0	74
0	20
0	63
0	13
0	16
0	74
0	60
0	20
0	63
0	13
0	16
0	74
0	60
1	29
0	42
0	81
0	66
0	20
0	63
0	13
0	16
0	74
0	60
1	29
0	42
0	81
0	66
0	20
0	63
0	13
0	16
0	74
0	60
1	29
0	42
0	81
0	66
0	59
0	75
0	6
0	6
0	60
0	74
0	4
0	38
0	6
0	60
0	74
0	4
0	38
0	34
0	6
0	60
0	74
0	4
0	38
0	34
0	89
0	94
0	65
0	82
0	6
0	60
0	74
0	4
0	38
0	34
0	89
0	94
0	65
0	6
0	60
0	74
0	4
0	38
0	34
0	89
0	94
0	65
0	82
1	62
1	19
0	10
1	10
0	10
0	35
1	19
1	48
0	81
0	77
1	55
1	66
1	26
1	23
1	42
1	36
1	21
1	17
0	88
0	60
1	65
0	85
0	57
1	65
1	56
0	62
0	26
1	74
1	37
1	31
0	24
1	21
0	46
0	94
0	68
0	32
0	86
0	31
1	84
0	76
0	12
0	99
1	75
1	55
0	54
0	89
0	33
1	12
0	30
1	50
0	49
1	85
1	30
0	33
0	21
1	70
1	7
0	68
0	82
0	15
0	11
0	0
0	22
0	52
0	16
1	60
0	0
1	25
0	46
0	44
0	82
1	33
1	84
1	80
1	50
0	73
1	9
0	96
1	74
0	52
0	12
1	75
1	69
1	11
1	92
1	98
1	67
1	24
1	4
0	87
0	15
1	73
1	5
1	34
1	23
1	58
1	91
1	67
0	68
1	21
1	31
0	80
0	38
0	17
0	55
0	71
0	75
0	49
1	76
0	94
0	0
0	58
1	41
0	27
0	64
1	90
1	97
0	29
1	36
1	14
0	44
0	20
0	42
1	23
0	84
0	31
1	26
0	28
1	34
1	39
1	9
1	6
0	83
1	47
0	80
0	22
1	30
1	66
0	82
1	79
1	15
1	52
0	96
1	16
1	41
0	27
0	64
1	90
1	97
0	29
1	36
1	14
0	44
0	20
0	42
1	23
0	84
0	31
1	41
0	27
0	64
1	90
1	97
0	29
1	36
1	14
0	44
0	20
0	42
1	41
0	27
0	64
1	90
1	97
0	29
1	36
1	14
0	44
0	20
1	9
1	3
1	12
0	90
0	89
1	56
0	85
1	75
0	94
1	70
1	32
0	87
1	50
1	0
1	24
0	92
1	32
0	82
1	98
1	41
1	95
1	12
1	73
1	19
0	84
1	69
1	94
0	78
0	89
1	96
0	7
0	68
1	35
1	73
1	18
0	26
1	32
1	28
1	8
0	53
0	56
0	25
0	11
0	14
0	91
0	22
0	89
0	5
0	81
1	93
1	81
1	57
0	87
1	48
1	55
0	25
0	10
0	62
0	59
0	65
0	5
0	74
0	59
0	83
0	90
0	14
0	83
0	86
1	40
0	93
1	90
0	69
0	5
1	40
1	35
1	50
1	46
0	37
1	51
0	90
0	91
0	54
0	66
0	25
1	78
0	9
0	2
0	71
0	40
0	3
0	98
0	86
1	82
1	84
0	79
0	66
1	69
1	32
1	43
1	69
1	20
0	5
0	23
0	33
0	81
1	62
0	42
1	13
1	78
0	22
1	58
1	24
0	91
0	78
0	17
1	33
1	12
