0	606
0	606
1	16
0	276
0	544
0	544
0	544
1	107
0	675
0	633
0	399
1	714
0	497
0	347
0	347
0	449
1	315
0	405
1	178
1	178
0	708
1	69
1	805
1	178
0	708
1	69
1	805
0	825
1	724
1	184
1	178
0	708
1	69
1	805
0	825
1	724
1	184
1	178
0	708
1	69
1	805
0	825
1	724
1	184
1	245
1	178
0	708
1	69
1	805
0	825
1	724
1	184
1	245
1	178
0	708
1	69
1	805
0	825
1	724
1	184
1	245
1	178
0	708
1	69
1	805
0	825
1	724
1	184
1	245
1	948
1	420
1	813
1	854
0	70
0	572
1	772
1	316
0	569
1	325
1	513
1	668
1	668
0	212
1	128
1	582
1	668
0	212
1	128
1	582
0	16
1	90
1	760
1	435
1	668
0	212
1	128
1	582
0	16
1	90
1	760
1	668
0	212
1	128
1	582
0	16
1	90
1	760
1	435
1	668
0	212
1	128
1	582
0	16
1	90
1	760
1	435
1	668
0	212
1	128
1	582
0	16
1	90
1	760
1	435
1	668
0	212
1	128
1	582
0	16
1	90
1	760
1	435
1	569
0	718
1	705
1	580
0	12
1	505
1	786
1	457
0	750
0	750
1	744
1	219
1	351
0	750
1	744
1	219
1	351
1	339
0	750
1	744
1	219
1	351
1	339
0	501
0	643
1	828
1	923
1	771
1	972
0	750
1	744
1	219
1	351
1	339
0	501
0	643
1	828
1	923
1	771
1	972
0	750
1	744
1	219
1	351
1	339
0	501
0	643
1	828
1	923
1	771
1	972
0	750
1	744
1	219
1	351
1	339
0	501
0	643
1	828
1	923
1	771
1	972
0	750
1	744
1	219
1	351
1	339
0	501
0	643
1	828
1	923
1	771
1	972
0	492
1	51
0	760
1	317
1	610
1	370
1	81
1	491
1	491
1	362
0	692
1	828
1	491
1	362
0	692
1	828
1	414
1	491
1	362
0	692
1	828
1	414
1	57
1	491
1	362
0	692
1	828
1	414
1	57
0	638
1	448
1	516
1	5
1	491
1	362
0	692
1	828
1	414
1	57
0	638
1	448
1	516
1	491
1	362
0	692
1	828
1	414
1	57
0	638
1	448
1	516
1	5
1	491
1	362
0	692
1	828
1	414
1	57
0	638
1	448
1	516
1	5
1	202
1	787
1	23
0	869
0	869
1	757
0	762
1	626
1	501
0	869
1	757
0	762
1	626
1	501
1	998
0	869
1	757
0	762
1	626
1	501
1	998
1	106
0	869
1	757
0	762
1	626
1	501
1	998
1	106
1	947
0	869
1	757
0	762
1	626
1	501
1	998
1	106
1	947
0	869
1	757
0	762
1	626
1	501
1	998
1	106
1	947
0	869
1	757
0	762
1	626
1	501
1	998
1	106
1	947
1	845
1	551
0	897
1	427
0	935
1	799
1	350
1	664
0	828
0	546
0	435
1	989
1	545
1	684
1	364
1	431
1	679
1	679
1	539
1	524
1	679
1	539
1	524
1	682
1	679
1	539
1	524
1	682
0	209
1	436
1	679
1	539
1	524
1	682
0	209
1	436
1	917
1	679
1	539
1	524
1	682
0	209
1	436
1	917
1	679
1	539
1	524
1	682
0	209
1	436
1	917
1	847
1	679
1	539
1	524
1	682
0	209
1	436
1	917
1	847
1	351
1	255
1	14
1	245
1	429
1	429
1	155
0	181
1	0
1	429
1	155
0	181
1	0
0	885
1	976
1	19
1	429
1	155
0	181
1	0
0	885
1	976
1	19
1	429
1	155
0	181
1	0
0	885
1	976
1	19
1	150
1	429
1	155
0	181
1	0
0	885
1	976
1	19
1	150
1	429
1	155
0	181
1	0
0	885
1	976
1	19
1	150
1	429
1	155
0	181
1	0
0	885
1	976
1	19
1	150
0	3
1	238
0	287
0	299
1	364
1	330
0	609
1	593
0	981
1	406
1	339
1	911
0	804
0	208
1	60
0	310
1	442
1	974
1	68
1	592
1	592
1	439
0	494
1	418
1	592
1	439
0	494
1	418
0	783
1	586
1	615
0	509
1	78
1	592
1	439
0	494
1	418
0	783
1	586
1	615
0	509
1	78
1	592
1	439
0	494
1	418
0	783
1	586
1	615
0	509
1	78
1	320
1	592
1	439
0	494
1	418
0	783
1	586
1	615
0	509
1	78
1	320
1	592
1	439
0	494
1	418
0	783
1	586
1	615
0	509
1	78
1	320
1	592
1	439
0	494
1	418
0	783
1	586
1	615
0	509
1	78
1	320
0	329
1	307
0	956
1	134
1	189
1	705
0	488
1	364
1	52
1	923
0	481
1	816
1	337
1	337
1	826
1	886
1	337
1	826
1	886
0	278
0	277
1	219
1	307
1	579
1	337
1	826
1	886
0	278
0	277
1	219
1	307
1	337
1	826
1	886
0	278
0	277
1	219
1	307
1	579
1	337
1	826
1	886
0	278
0	277
1	219
1	307
1	579
1	337
1	826
1	886
0	278
0	277
1	219
1	307
1	579
1	337
1	826
1	886
0	278
0	277
1	219
1	307
1	579
1	827
0	250
1	538
1	823
1	396
0	260
0	260
1	400
1	566
1	490
0	260
1	400
1	566
1	490
1	243
0	260
1	400
1	566
1	490
1	243
0	602
1	869
1	702
1	709
0	260
1	400
1	566
1	490
1	243
0	602
1	869
1	702
0	260
1	400
1	566
1	490
1	243
0	602
1	869
1	702
0	260
1	400
1	566
1	490
1	243
0	602
1	869
1	702
0	260
1	400
1	566
1	490
1	243
0	602
1	869
1	702
1	709
1	471
1	928
0	695
0	421
0	80
0	991
0	798
0	57
1	886
0	414
1	20
1	982
1	713
0	763
1	564
1	660
1	576
1	912
0	420
0	890
1	332
1	570
1	819
0	811
1	250
0	494
0	638
1	810
0	347
0	80
0	486
1	416
0	373
1	55
1	829
1	907
0	912
0	96
0	774
0	510
0	123
0	918
1	324
1	327
0	149
1	409
1	515
1	732
0	580
1	296
0	175
1	18
1	881
1	79
1	473
1	558
1	987
1	862
1	416
1	451
0	88
1	694
0	748
0	63
1	166
0	832
1	326
1	893
1	498
1	319
0	627
1	193
1	685
0	254
1	597
1	342
1	748
1	599
0	90
0	801
0	692
0	147
1	523
0	519
1	181
0	138
0	419
0	185
0	658
0	114
0	44
1	386
1	73
0	146
1	244
0	266
1	56
0	353
1	783
1	132
0	148
0	754
1	796
1	992
0	306
0	856
1	67
0	953
1	195
1	477
1	583
1	780
1	569
0	64
1	444
0	518
0	318
0	28
0	762
1	115
0	120
0	524
0	502
1	923
0	651
1	511
0	387
1	461
0	196
0	605
0	752
0	367
0	174
0	867
0	574
0	904
0	455
1	892
1	112
0	330
1	854
0	690
0	933
1	594
1	777
0	429
0	219
1	922
1	654
1	503
1	246
1	738
1	692
1	32
1	854
1	762
1	212
0	599
0	862
0	934
1	348
0	85
1	724
1	235
1	3
1	53
1	370
1	938
1	707
1	211
0	705
1	698
1	16
0	572
1	444
1	786
1	812
0	610
1	268
1	585
0	556
1	25
0	250
0	937
0	141
1	399
1	585
1	29
1	327
0	76
1	89
1	411
1	953
0	893
1	254
1	860
0	741
1	923
1	848
0	210
1	539
0	491
1	384
1	537
1	414
0	84
0	995
1	427
1	769
0	971
1	303
1	665
1	839
1	409
1	238
1	317
0	268
0	139
1	294
0	991
0	851
1	521
0	375
0	542
1	311
1	665
0	292
0	289
0	456
1	659
0	445
0	974
0	326
1	167
1	764
1	975
0	744
1	330
1	411
1	826
1	852
1	758
0	17
1	95
1	224
1	261
1	673
1	868
1	850
1	86
0	44
0	691
1	284
1	374
1	178
0	223
1	396
1	959
1	527
0	649
0	400
1	503
0	478
1	852
1	216
1	210
1	591
0	907
0	877
0	32
0	161
0	211
1	823
1	139
0	996
1	948
1	844
0	174
1	85
1	78
0	519
1	414
0	813
0	772
0	201
1	290
0	430
0	834
0	452
0	14
0	961
0	707
1	629
0	520
1	563
0	166
0	303
1	364
1	696
0	716
1	108
1	591
0	423
1	750
1	888
1	735
0	880
0	330
1	139
1	499
1	211
1	46
1	12
0	189
1	569
1	953
0	895
0	609
1	750
0	238
1	186
1	11
1	758
0	813
1	520
1	147
1	450
1	733
1	223
1	487
1	769
1	434
1	276
1	238
1	949
1	284
1	238
0	823
0	699
0	585
1	452
0	228
0	791
0	159
1	162
1	193
1	359
0	299
0	281
1	447
0	738
1	634
1	439
0	163
1	871
1	561
0	463
1	676
1	801
1	982
1	726
0	376
1	259
0	681
0	382
1	418
1	826
0	737
0	947
1	24
1	891
1	410
0	131
0	670
0	102
0	944
1	804
0	614
1	22
1	685
0	858
1	853
0	100
1	992
1	136
1	557
0	394
0	662
0	911
0	878
0	411
0	331
0	114
0	784
0	659
1	309
0	283
1	261
0	688
1	42
1	573
1	702
1	805
1	696
1	966
0	188
1	993
1	357
0	520
1	549
0	365
1	318
1	535
0	811
1	615
1	975
0	773
0	693
0	729
0	4
0	237
0	534
1	828
1	12
0	316
0	825
0	911
1	651
1	987
1	458
1	377
1	423
0	952
1	771
1	17
1	288
0	225
0	181
1	622
0	37
1	392
0	754
1	355
1	856
0	826
0	263
0	709
1	645
1	749
1	597
1	489
1	22
1	87
1	426
0	458
0	56
1	740
0	111
0	524
0	809
0	35
1	70
1	17
1	2
0	74
0	51
0	44
1	57
1	22
0	60
1	16
1	47
0	44
1	43
1	18
1	76
1	19
1	6
1	71
0	19
1	36
1	47
0	2
0	13
1	20
1	45
0	46
1	10
1	9
1	39
1	19
0	72
1	56
1	77
0	75
1	80
0	33
1	14
0	2
1	57
1	27
1	59
1	69
0	31
1	32
0	1
1	70
0	82
0	31
0	38
0	42
0	62
0	18
0	75
1	69
1	0
1	23
1	57
1	26
1	49
1	29
1	15
0	13
1	0
1	52
0	41
1	67
0	22
1	62
1	76
1	66
1	15
0	22
1	43
1	27
0	13
1	80
0	1
1	62
0	5
1	30
0	2
0	70
0	82
1	11
0	58
0	25
0	53
0	47
0	33
0	9
0	52
1	27
0	55
0	65
0	28
0	69
0	35
0	1
0	30
1	43
0	40
0	56
0	4
0	48
0	27
1	81
0	25
1	84
1	71
1	30
0	77
1	79
0	98
1	46
1	72
1	8
1	96
1	82
1	4
0	32
0	57
1	44
0	61
1	40
0	78
0	22
0	78
0	22
0	78
0	22
1	57
1	79
1	57
1	79
1	57
1	79
0	51
0	7
0	51
0	7
0	51
0	7
0	97
1	20
1	0
1	41
1	19
1	11
0	97
1	20
1	0
1	41
0	97
1	20
1	0
1	41
1	43
1	3
1	43
1	3
1	43
1	3
0	61
0	61
1	99
1	77
0	61
1	99
1	77
0	61
1	99
1	77
0	60
0	28
0	61
1	99
1	77
0	60
0	28
1	65
1	65
1	75
1	65
1	75
1	65
1	75
0	91
0	44
1	42
0	0
1	34
1	63
1	39
1	65
1	75
0	91
0	44
1	42
0	0
1	34
1	63
1	39
1	37
1	58
0	35
0	35
0	28
0	35
0	28
0	35
0	28
0	74
0	35
0	28
0	74
1	54
1	54
1	27
1	54
1	27
1	54
1	27
1	60
1	54
1	27
1	60
0	9
0	9
0	29
0	9
0	29
0	9
0	29
0	91
0	9
0	29
0	91
0	47
0	55
1	51
0	45
0	11
1	77
1	22
1	63
0	91
0	79
0	96
0	22
0	82
0	86
0	82
0	9
1	6
1	42
0	75
1	5
1	73
1	47
1	78
0	50
1	23
1	65
1	90
1	62
1	62
0	33
1	99
0	73
1	39
1	91
0	72
0	41
1	52
1	21
0	5
1	86
1	59
1	97
1	62
0	33
1	99
0	73
1	39
1	91
0	72
0	41
1	52
1	21
0	5
1	86
1	59
1	97
1	9
1	32
1	46
0	6
1	66
1	87
1	62
0	33
1	99
0	73
1	39
1	91
0	72
0	41
1	52
1	21
0	5
1	86
1	59
1	97
1	9
1	32
1	46
1	98
1	98
0	68
1	4
1	31
0	99
1	20
1	95
1	98
0	68
1	4
1	31
0	99
1	20
1	95
1	55
1	42
1	98
0	68
1	4
1	31
0	99
1	20
1	95
1	55
1	42
1	43
1	96
1	7
1	98
0	68
1	4
1	31
0	99
1	20
1	95
1	55
1	42
1	43
1	96
1	98
0	68
1	4
1	31
0	99
1	20
1	95
1	55
1	42
1	43
1	96
1	7
1	84
0	19
0	19
0	73
0	18
0	80
0	1
0	19
0	73
0	18
0	80
0	1
0	40
0	19
0	73
0	18
0	80
0	1
0	40
0	0
1	58
1	84
1	89
1	89
0	47
1	69
0	97
0	98
1	51
1	43
1	6
0	44
1	15
1	2
1	89
0	47
1	69
0	97
0	98
1	51
1	43
1	6
1	89
0	47
1	69
0	97
0	98
1	51
1	43
1	6
0	44
1	15
1	2
0	61
0	26
0	16
1	57
0	93
1	18
0	84
1	13
1	17
1	36
1	78
0	37
1	27
1	22
0	7
1	52
1	50
1	20
1	46
1	75
1	80
0	70
1	29
1	33
0	66
1	72
1	89
0	47
1	69
0	97
0	98
1	51
1	43
1	6
0	44
1	15
1	2
0	61
0	26
0	16
1	57
0	93
1	18
0	84
1	13
1	17
1	36
1	78
0	37
1	27
1	22
0	7
1	52
1	50
1	20
1	46
1	75
1	80
0	70
1	29
1	33
1	89
0	47
1	69
0	97
0	98
1	51
1	43
1	6
0	44
1	15
1	2
0	61
0	26
0	16
1	57
0	93
1	18
0	84
1	13
1	17
1	36
1	78
0	37
1	27
1	22
0	7
1	52
1	50
1	20
1	46
1	75
1	80
0	70
1	29
1	33
0	66
1	72
1	99
1	51
1	51
0	68
0	17
1	35
0	31
1	53
1	26
1	51
0	68
0	17
1	35
0	31
1	53
1	26
1	50
1	65
1	51
0	68
0	17
1	35
0	31
1	53
1	26
1	50
1	65
1	29
0	12
0	0
1	34
1	30
0	54
1	88
1	66
1	94
1	75
1	40
1	51
0	68
0	17
1	35
0	31
1	53
1	26
1	50
1	65
1	29
0	12
0	0
1	34
1	30
0	54
1	88
1	66
1	94
1	75
1	40
1	51
0	68
0	17
1	35
0	31
1	53
1	26
1	50
1	65
1	29
0	12
0	0
1	34
1	30
0	54
1	88
1	66
1	94
1	75
1	40
1	59
1	61
0	14
0	70
1	43
1	74
1	81
1	19
1	19
1	48
1	57
0	74
1	52
1	12
1	19
1	48
1	57
0	74
1	52
1	12
1	3
1	19
1	48
1	57
0	74
1	52
1	12
1	3
1	71
1	72
1	84
1	5
1	19
1	48
1	57
0	74
1	52
1	12
1	3
1	71
1	72
1	84
1	5
1	19
1	48
1	57
0	74
1	52
1	12
1	3
1	71
1	72
1	84
1	5
1	30
1	56
1	56
1	52
1	28
1	92
1	51
1	56
1	52
1	28
1	92
1	51
1	68
1	56
1	52
1	28
1	92
1	51
1	68
1	77
0	8
1	31
1	12
1	56
1	52
1	28
1	92
1	51
1	68
1	77
0	8
1	31
1	12
1	56
1	52
1	28
1	92
1	51
1	68
1	77
0	8
1	31
1	12
0	67
1	83
1	64
0	89
1	30
1	54
0	58
0	58
0	87
0	19
0	67
0	61
0	58
0	87
0	19
0	67
0	61
0	97
0	58
0	87
0	19
0	67
0	61
0	97
0	94
0	7
0	34
0	82
0	58
0	87
0	19
0	67
0	61
0	97
0	94
0	7
0	34
0	58
0	87
0	19
0	67
0	61
0	97
0	94
0	7
0	34
0	82
1	91
0	41
1	6
1	31
1	12
0	71
1	93
1	30
0	85
1	0
0	64
0	24
0	27
1	92
1	28
1	7
0	55
0	51
0	83
0	19
0	9
0	58
0	34
0	64
1	8
1	79
1	66
1	26
0	54
1	83
1	56
0	21
1	84
1	34
1	30
0	41
1	92
0	24
0	33
0	4
0	20
1	49
0	76
0	32
1	17
0	38
1	77
1	6
1	84
1	64
1	4
1	29
1	34
1	76
1	21
1	74
1	26
1	42
1	25
1	65
1	72
0	82
0	70
1	92
0	31
0	65
1	88
1	85
1	69
0	68
0	15
0	48
1	18
1	34
1	46
0	56
0	85
0	0
1	38
0	60
0	2
1	61
0	49
1	96
0	47
1	44
1	31
1	45
1	98
1	94
0	87
0	89
1	16
1	61
1	72
0	34
0	56
0	19
0	79
0	63
1	0
1	33
0	27
1	81
0	86
1	29
1	40
1	74
1	49
1	93
1	22
0	95
1	86
1	74
1	49
1	93
1	22
0	95
1	86
1	74
1	49
1	93
1	22
0	95
1	86
1	41
1	74
1	49
1	93
1	22
0	95
1	86
1	74
1	32
1	77
1	40
1	15
1	45
1	65
0	52
1	56
1	9
0	73
1	96
0	25
1	41
1	55
0	5
1	3
0	53
1	51
1	0
1	87
1	7
1	13
0	85
1	28
1	68
1	17
0	14
0	53
0	12
0	50
0	45
1	78
0	48
1	81
0	97
0	60
0	74
0	82
1	87
1	20
1	88
1	85
0	83
0	45
0	71
0	62
0	32
0	52
1	13
0	31
0	28
1	83
0	49
1	97
1	1
0	48
1	34
0	66
0	41
0	36
1	72
0	44
0	95
0	39
0	47
1	12
0	66
1	87
0	74
1	24
1	41
1	44
1	13
1	45
1	35
0	72
1	65
0	77
0	75
0	28
1	7
1	60
1	89
1	5
1	82
0	85
0	43
0	21
0	29
0	42
1	2
0	75
1	35
1	30
1	94
1	70
1	84
1	25
1	2
0	68
0	98
1	7
0	46
0	67
1	26
1	8
1	70
0	7
1	38
1	31
0	57
1	27
0	6
1	80
1	22
1	21
0	9
1	32
0	40
0	34
1	80
1	26
1	10
0	25
1	61
0	7
1	48
1	58
1	65
0	90
1	1
1	18
1	4
1	48
0	87
1	9
0	17
1	89
1	97
0	35
0	43
0	53
0	28
1	68
1	65
1	44
0	81
0	98
