1	192
1	192
1	215
0	538
1	778
1	778
1	778
0	249
1	658
0	26
0	97
1	666
0	697
0	105
0	105
1	592
0	579
1	891
0	760
1	224
1	224
1	287
1	358
1	224
1	287
1	358
1	177
1	224
1	287
1	358
1	177
0	524
1	851
1	224
1	287
1	358
1	177
0	524
1	851
1	112
1	224
1	287
1	358
1	177
0	524
1	851
1	112
1	224
1	287
1	358
1	177
0	524
1	851
1	112
1	528
1	224
1	287
1	358
1	177
0	524
1	851
1	112
1	528
1	667
1	664
1	738
1	270
0	290
0	290
1	714
1	761
1	409
0	290
1	714
1	761
1	409
1	413
0	290
1	714
1	761
1	409
1	413
1	934
0	290
1	714
1	761
1	409
1	413
1	934
1	893
0	290
1	714
1	761
1	409
1	413
1	934
1	893
0	290
1	714
1	761
1	409
1	413
1	934
1	893
0	251
0	735
1	918
1	435
0	290
1	714
1	761
1	409
1	413
1	934
1	893
0	251
0	735
1	918
1	435
1	764
1	609
1	583
1	583
1	984
1	391
1	583
1	984
1	391
1	418
1	583
1	984
1	391
1	418
1	116
1	583
1	984
1	391
1	418
1	116
1	428
1	583
1	984
1	391
1	418
1	116
1	428
1	583
1	984
1	391
1	418
1	116
1	428
1	583
1	984
1	391
1	418
1	116
1	428
1	810
1	22
1	521
0	585
0	584
1	545
1	431
1	497
1	136
1	136
1	69
1	540
1	136
1	69
1	540
0	576
1	317
1	136
1	69
1	540
0	576
1	317
0	314
1	799
0	584
1	141
0	274
1	930
1	565
1	136
1	69
1	540
0	576
1	317
0	314
1	799
0	584
1	141
0	274
1	930
1	565
1	136
1	69
1	540
0	576
1	317
0	314
1	799
0	584
1	141
0	274
1	930
1	565
1	136
1	69
1	540
0	576
1	317
0	314
1	799
0	584
1	141
0	274
1	930
1	565
1	136
1	69
1	540
0	576
1	317
0	314
1	799
0	584
1	141
0	274
1	930
1	565
0	348
0	227
1	52
1	676
1	534
0	741
0	847
1	984
0	113
0	907
1	645
1	670
1	946
1	937
1	435
1	435
1	928
0	185
1	546
1	435
1	928
0	185
1	546
1	476
1	435
1	928
0	185
1	546
1	476
0	285
1	570
1	199
1	435
1	928
0	185
1	546
1	476
0	285
1	570
1	199
1	435
1	928
0	185
1	546
1	476
0	285
1	570
1	435
1	928
0	185
1	546
1	476
0	285
1	570
1	199
1	435
1	928
0	185
1	546
1	476
0	285
1	570
1	199
1	994
1	968
1	715
1	551
1	418
1	63
1	63
1	609
1	682
1	63
1	609
1	682
1	938
1	63
1	609
1	682
1	938
0	917
1	220
1	63
1	609
1	682
1	938
0	917
1	220
1	544
1	63
1	609
1	682
1	938
0	917
1	220
1	544
1	63
1	609
1	682
1	938
0	917
1	220
1	544
1	327
1	63
1	609
1	682
1	938
0	917
1	220
1	544
1	327
1	490
1	516
1	241
0	618
1	105
1	50
1	461
1	461
0	628
0	444
0	634
1	461
0	628
0	444
0	634
1	877
1	511
1	723
1	461
0	628
0	444
0	634
1	877
1	511
1	723
1	293
1	461
0	628
0	444
0	634
1	877
1	511
1	723
1	293
0	885
1	179
1	461
0	628
0	444
0	634
1	877
1	511
1	723
1	293
0	885
1	179
1	203
1	461
0	628
0	444
0	634
1	877
1	511
1	723
1	293
0	885
1	179
1	203
1	461
0	628
0	444
0	634
1	877
1	511
1	723
1	293
0	885
1	179
1	203
1	707
1	641
0	782
0	566
0	509
1	32
1	901
1	630
1	853
1	853
1	79
1	124
1	853
1	79
1	124
0	187
0	51
0	670
1	726
1	262
1	252
1	90
1	853
1	79
1	124
0	187
0	51
0	670
1	726
1	262
1	853
1	79
1	124
0	187
0	51
0	670
1	726
1	262
1	252
1	853
1	79
1	124
0	187
0	51
0	670
1	726
1	262
1	853
1	79
1	124
0	187
0	51
0	670
1	726
1	262
1	252
1	90
1	853
1	79
1	124
0	187
0	51
0	670
1	726
1	262
1	252
1	90
1	640
1	734
1	557
1	172
1	172
1	520
0	395
1	406
1	172
1	520
0	395
1	406
1	189
1	172
1	520
0	395
1	406
1	189
1	342
1	172
1	520
0	395
1	406
1	189
1	342
0	257
0	414
1	858
1	397
1	318
1	172
1	520
0	395
1	406
1	189
1	342
0	257
0	414
1	858
1	397
1	318
0	494
1	698
0	334
0	27
0	587
1	975
0	219
1	55
1	243
1	692
0	819
1	802
1	818
1	172
1	520
0	395
1	406
1	189
1	342
0	257
0	414
1	858
1	397
1	318
1	172
1	520
0	395
1	406
1	189
1	342
0	257
0	414
1	858
1	397
1	318
0	494
1	698
0	334
0	27
0	587
1	975
0	219
1	55
1	243
1	692
0	819
1	802
1	818
1	963
1	88
1	337
1	337
1	285
1	712
1	337
1	285
1	712
1	945
1	337
1	285
1	712
1	945
1	837
1	337
1	285
1	712
1	945
1	837
1	970
1	337
1	285
1	712
1	945
1	837
1	970
1	337
1	285
1	712
1	945
1	837
1	970
1	337
1	285
1	712
1	945
1	837
1	970
1	146
0	80
1	881
1	303
1	605
1	471
0	285
0	384
0	715
0	500
1	720
0	748
0	325
0	453
0	573
0	594
0	858
0	662
0	790
0	354
1	327
0	903
0	1
0	630
1	865
0	696
1	512
0	869
0	68
0	165
0	685
1	952
0	178
1	498
0	953
0	45
0	122
1	209
0	19
1	342
0	794
0	864
0	153
1	85
1	970
0	255
0	917
1	568
0	116
0	589
0	101
1	878
0	393
1	281
1	142
1	167
1	96
0	461
1	567
0	633
1	112
1	133
1	185
0	77
0	786
0	605
1	184
1	997
1	570
0	172
1	688
0	13
0	194
0	936
1	663
0	44
0	507
0	690
1	140
0	610
0	592
0	505
0	153
1	895
1	540
0	195
1	860
1	864
0	736
1	493
1	438
1	399
1	282
0	571
0	803
0	531
0	284
1	905
0	456
0	703
0	161
0	820
1	915
0	167
0	974
1	349
1	532
1	522
0	283
1	913
1	953
0	287
1	584
1	819
1	151
1	309
1	323
1	289
1	908
1	793
0	545
1	272
0	936
0	263
1	732
1	115
1	300
1	968
1	639
0	263
0	944
0	663
1	909
1	211
1	498
0	555
1	112
1	722
1	159
0	136
1	803
1	245
1	473
1	825
1	506
0	144
1	51
1	451
1	810
0	307
1	393
0	150
1	109
0	216
1	887
1	27
1	198
0	795
1	623
1	347
1	959
0	829
1	449
1	595
1	134
1	293
0	784
1	933
1	837
0	593
0	783
1	65
1	455
1	773
1	491
1	391
1	265
1	812
1	742
0	724
0	2
1	666
1	26
0	518
0	109
1	669
1	291
1	191
0	15
1	731
1	516
0	179
0	219
0	611
1	355
1	672
1	654
1	286
0	662
1	828
1	689
1	351
1	233
0	113
1	603
0	919
1	82
1	627
1	165
1	546
1	849
1	807
1	488
0	104
1	72
0	674
0	186
0	530
1	103
0	41
1	400
0	888
0	219
1	621
1	510
1	386
0	557
1	379
1	644
0	966
0	163
0	370
0	177
0	894
1	337
0	28
1	404
0	130
1	570
0	444
1	321
1	674
1	524
0	67
0	84
0	962
0	250
0	578
1	760
1	278
1	538
1	672
1	276
1	929
1	397
0	545
1	640
1	702
1	254
1	214
1	569
0	290
0	417
1	622
1	955
0	257
0	90
1	769
1	746
1	13
1	801
0	832
0	182
1	572
1	142
1	399
0	616
1	835
1	820
1	654
0	713
1	222
1	366
1	643
1	962
1	128
1	897
1	402
0	411
1	243
1	723
1	507
1	339
0	316
1	333
1	237
1	803
1	654
1	341
1	679
1	947
0	828
1	940
1	106
1	517
0	197
1	551
0	172
0	358
1	801
1	876
0	615
0	238
0	35
0	711
0	897
1	647
1	954
0	650
1	885
1	377
1	22
1	620
1	766
1	699
1	416
1	343
0	639
1	683
1	820
0	360
1	542
1	170
1	830
1	118
1	56
1	546
1	427
1	144
0	583
0	243
1	821
1	388
0	574
1	89
0	168
0	630
0	877
0	426
0	175
1	918
0	289
1	953
1	366
1	586
1	513
1	852
1	728
1	287
1	97
0	811
1	621
1	477
0	381
0	732
1	922
0	580
0	663
0	91
1	994
0	334
0	299
1	614
1	456
0	793
1	601
1	982
0	687
1	698
1	376
0	297
1	752
1	163
1	581
1	121
0	514
1	579
1	782
1	957
1	332
0	620
0	825
1	684
1	547
1	242
1	344
0	324
1	502
1	275
0	814
1	649
1	39
1	772
1	676
1	66
0	877
1	4
1	899
1	187
1	58
1	152
0	699
0	731
1	415
1	261
1	197
1	61
1	38
0	3
1	32
1	5
1	50
0	51
1	16
0	34
0	47
0	12
1	81
0	6
1	74
0	42
0	64
0	3
0	52
0	33
0	68
1	34
1	27
0	55
1	15
1	4
1	11
0	0
0	28
0	54
1	5
1	71
0	14
0	75
0	39
1	23
0	25
0	77
0	22
0	13
1	51
0	40
0	34
1	5
0	13
0	28
0	35
1	53
1	21
0	67
0	61
0	17
0	48
1	18
1	12
0	43
0	9
1	15
1	13
1	26
1	35
1	74
0	48
0	63
1	58
0	39
0	53
0	7
0	49
0	74
0	2
0	59
0	79
1	76
1	74
0	19
0	10
1	0
1	39
1	77
0	23
0	56
0	75
0	63
0	79
0	17
0	42
1	68
1	63
1	64
0	56
1	0
0	8
1	43
0	37
1	38
1	75
0	60
0	39
1	26
0	33
0	4
0	46
0	31
0	21
0	162
1	135
0	118
0	8
0	128
0	17
0	93
1	34
1	6
1	37
1	99
1	147
1	129
0	67
1	37
1	15
1	126
1	9
0	46
0	59
0	22
0	64
0	100
0	10
0	65
0	149
0	146
0	122
0	94
0	92
0	116
0	60
1	59
0	108
0	130
1	40
0	35
1	55
1	26
0	68
0	32
1	87
1	39
1	82
1	2
0	75
0	37
1	8
1	66
1	8
1	66
1	8
1	66
1	34
1	23
1	34
1	23
1	34
1	23
1	21
0	1
0	25
1	49
0	59
0	19
1	21
0	1
0	25
1	49
0	59
0	19
1	21
0	1
0	25
1	49
0	59
0	19
0	74
1	62
1	77
1	62
1	77
1	62
1	77
1	55
1	3
1	55
1	3
1	55
1	3
1	96
1	96
1	57
1	96
1	57
1	96
1	57
1	28
1	96
1	57
1	28
0	74
0	74
0	96
0	74
0	96
0	74
0	96
0	50
0	74
0	96
0	50
0	94
0	94
1	41
1	38
0	59
0	93
0	94
1	41
1	38
0	94
1	41
1	38
0	59
0	93
1	44
1	79
0	69
1	48
1	33
1	31
1	64
1	92
1	80
0	13
1	12
1	57
1	28
0	94
1	41
1	38
0	59
0	93
1	44
1	79
0	69
1	48
1	33
1	31
1	64
1	92
1	80
0	13
1	12
1	57
1	28
0	57
0	57
1	43
0	8
1	61
1	20
0	53
1	12
0	33
0	85
0	57
1	43
0	8
1	61
1	20
0	53
1	12
0	33
0	85
0	17
0	57
1	43
0	8
1	61
1	20
0	53
1	12
0	33
0	85
0	17
0	80
0	14
0	57
1	43
0	8
1	61
1	20
0	53
1	12
0	33
0	85
0	17
0	80
0	76
0	76
0	4
0	76
0	4
0	76
0	4
0	42
0	76
0	4
0	42
1	96
1	89
1	32
1	0
1	32
1	44
1	68
0	34
0	47
0	2
0	60
1	67
0	90
0	70
0	6
0	69
0	44
1	87
0	68
1	86
1	5
0	56
1	27
1	31
0	98
0	84
0	96
1	15
1	15
0	18
1	66
1	76
0	33
0	42
0	8
0	45
1	15
0	18
1	66
1	76
0	33
0	42
0	8
0	45
0	99
1	15
0	18
1	66
1	76
0	33
0	42
0	8
0	45
0	99
0	51
1	68
0	41
0	32
1	2
0	25
0	59
0	0
0	64
0	55
1	28
1	28
1	7
1	36
1	54
1	20
1	28
1	7
1	36
1	54
1	20
1	59
1	28
1	7
1	36
1	54
1	20
1	59
1	47
1	56
1	25
1	28
1	7
1	36
1	54
1	20
1	59
1	47
1	56
1	25
1	28
1	7
1	36
1	54
1	20
1	59
1	47
1	56
1	25
1	10
0	39
0	39
0	64
1	57
0	95
0	93
0	91
0	39
0	64
1	57
0	95
0	93
0	91
0	56
0	39
0	64
1	57
0	95
0	93
0	91
0	56
0	10
0	76
0	81
0	81
0	69
1	3
0	33
0	14
1	70
0	31
0	68
0	81
0	69
1	3
0	33
0	14
1	70
0	31
0	68
1	82
0	40
0	81
0	69
1	3
0	33
0	14
1	70
0	31
0	68
1	82
0	40
0	46
0	8
0	81
0	69
1	3
0	33
0	14
1	70
0	31
0	68
1	82
0	40
0	46
0	81
0	69
1	3
0	33
0	14
1	70
0	31
0	68
1	82
0	40
0	46
0	8
0	24
1	89
1	89
0	3
1	43
1	33
1	21
0	2
0	67
1	99
1	39
1	94
0	95
1	17
0	83
1	19
1	69
1	98
1	89
0	3
1	43
1	33
1	21
0	2
0	67
1	99
1	39
1	94
0	95
1	17
0	83
1	19
1	69
1	89
0	3
1	43
1	33
1	21
0	2
0	67
1	99
1	39
1	94
0	95
1	17
0	83
1	19
1	69
1	98
0	84
1	51
1	85
1	89
0	3
1	43
1	33
1	21
0	2
0	67
1	99
1	39
1	94
0	95
1	17
0	83
1	19
1	69
1	98
1	89
0	3
1	43
1	33
1	21
0	2
0	67
1	99
1	39
1	94
0	95
1	17
0	83
1	19
1	69
1	98
0	84
1	51
1	85
1	46
1	9
1	9
0	28
0	81
0	15
0	34
0	45
1	9
0	28
0	81
0	15
0	34
0	45
0	67
1	9
0	28
0	81
0	15
0	34
0	45
0	67
1	25
0	96
0	37
0	62
1	9
0	28
0	81
0	15
0	34
0	45
0	67
1	25
0	96
0	37
0	62
1	9
0	28
0	81
0	15
0	34
0	45
0	67
1	25
0	96
0	37
0	62
0	57
0	84
0	67
0	67
1	34
1	81
0	69
1	58
0	95
0	88
1	10
0	4
1	31
1	25
0	47
1	11
0	17
1	56
1	62
1	20
1	1
1	65
1	35
0	83
1	49
1	63
0	67
1	34
1	81
0	69
1	58
0	95
0	88
1	10
0	4
1	31
1	25
0	47
1	11
0	17
1	56
1	62
1	20
1	1
1	65
1	35
0	83
1	49
1	63
1	96
0	37
1	36
0	67
1	34
1	81
0	69
1	58
0	95
0	88
1	10
0	4
1	31
1	25
0	47
1	11
0	17
1	56
1	62
1	20
1	1
0	67
1	34
1	81
0	69
1	58
0	95
0	88
1	10
0	4
1	31
1	25
0	47
1	11
0	17
1	56
1	62
1	20
1	1
1	65
1	35
0	83
1	49
1	63
1	96
0	37
1	36
1	6
0	67
1	34
1	81
0	69
1	58
0	95
0	88
1	10
0	4
1	31
1	25
0	47
1	11
0	17
1	56
1	62
1	20
1	1
1	65
1	35
0	83
1	49
1	63
1	96
0	37
1	36
1	6
0	96
0	96
0	31
0	68
0	27
1	0
0	49
0	96
0	31
0	68
0	27
1	0
0	49
0	88
0	96
0	31
0	68
0	27
1	0
0	49
0	88
0	74
0	8
0	35
0	96
0	31
0	68
0	27
1	0
0	49
0	88
0	74
0	8
0	35
0	96
0	31
0	68
0	27
1	0
0	49
0	88
0	74
0	8
0	35
0	62
1	87
0	95
0	43
0	89
1	41
1	36
0	17
0	78
1	54
1	31
1	23
1	0
1	4
1	9
1	13
1	15
0	42
1	55
0	54
0	64
0	26
0	93
0	13
1	21
0	39
1	41
1	24
0	4
0	79
0	46
0	57
0	42
0	55
0	7
0	74
0	51
0	43
0	77
0	62
0	30
0	28
1	53
1	82
0	31
1	79
1	85
0	66
0	67
0	45
1	83
1	63
1	65
0	1
0	84
1	58
0	56
0	17
1	9
0	33
0	31
0	61
1	62
1	72
1	34
1	70
0	55
1	14
1	6
0	33
0	55
0	20
0	8
1	87
1	29
0	21
0	59
0	84
1	5
0	89
1	16
0	96
1	18
1	29
1	27
0	91
1	93
1	45
0	60
1	16
0	28
0	10
0	59
1	97
0	80
1	92
0	1
1	60
0	96
1	2
0	45
0	49
0	82
0	53
1	28
0	75
1	57
0	27
0	93
1	71
1	32
1	46
1	36
1	70
1	11
0	54
1	35
1	85
1	41
0	64
1	58
1	32
1	45
1	25
0	90
0	76
1	73
0	29
1	96
1	1
1	56
0	90
0	76
1	73
0	29
1	96
1	1
0	90
0	76
1	73
0	29
1	96
1	1
1	56
1	75
0	90
0	76
1	73
0	29
1	96
1	1
1	56
1	75
1	29
0	97
1	87
1	52
0	44
1	37
1	30
0	31
0	60
0	85
1	61
1	69
1	64
1	10
0	36
0	45
1	96
0	73
0	67
0	18
0	51
0	75
1	83
1	60
1	56
0	55
0	71
1	1
1	63
0	87
1	33
0	58
0	39
1	45
1	98
1	16
0	57
0	11
1	73
0	5
0	25
1	62
0	91
1	7
1	49
1	38
1	97
1	48
1	30
0	68
0	64
0	47
0	65
0	30
1	14
0	72
0	55
0	26
1	78
1	28
0	88
0	90
1	96
0	64
1	47
1	10
0	13
1	3
1	90
0	99
0	60
0	20
1	46
0	95
0	29
1	92
0	56
0	93
0	11
1	96
1	71
0	79
1	59
1	87
1	0
0	12
1	14
1	6
1	84
0	28
1	22
1	32
1	34
1	8
0	39
0	86
0	91
0	24
1	66
0	78
1	33
0	51
1	16
0	81
0	87
0	74
0	55
0	36
0	32
1	9
0	68
1	27
1	5
0	93
1	3
0	7
1	43
0	55
0	78
0	56
0	39
0	20
1	99
0	43
0	61
0	64
1	14
1	78
0	63
1	48
1	44
1	90
1	75
0	26
1	74
1	17
1	38
1	64
1	65
1	48
0	35
0	93
0	99
1	70
0	30
1	2
0	68
0	97
1	51
1	73
1	80
1	99
1	65
0	28
1	52
0	14
1	9
1	71
1	86
