1	900
1	900
1	37
1	421
1	918
1	918
1	625
1	918
1	625
1	90
1	579
1	97
1	725
1	805
1	541
1	541
1	135
0	804
1	661
1	660
1	660
1	716
1	971
1	660
1	716
1	971
1	473
1	660
1	716
1	971
1	473
1	63
1	660
1	716
1	971
1	473
1	63
0	759
1	434
1	660
1	716
1	971
1	473
1	63
0	759
1	434
1	660
1	716
1	971
1	473
1	63
0	759
1	434
1	572
1	660
1	716
1	971
1	473
1	63
0	759
1	434
1	572
1	190
1	306
1	936
1	580
1	302
1	302
0	383
1	345
0	411
1	794
1	706
1	302
0	383
1	345
0	411
1	794
1	706
1	302
0	383
1	345
0	411
1	794
1	706
0	620
1	341
0	799
1	991
1	881
1	302
0	383
1	345
0	411
1	794
1	706
0	620
1	341
0	799
1	991
1	881
1	258
1	302
0	383
1	345
0	411
1	794
1	706
0	620
1	341
0	799
1	991
1	881
1	258
1	302
0	383
1	345
0	411
1	794
1	706
0	620
1	341
0	799
1	991
1	881
1	258
1	494
1	302
0	383
1	345
0	411
1	794
1	706
0	620
1	341
0	799
1	991
1	881
1	258
1	494
1	881
1	881
0	489
1	356
1	700
1	881
0	489
1	356
1	700
1	645
1	881
0	489
1	356
1	700
1	645
1	566
1	881
0	489
1	356
1	700
1	645
1	566
0	336
1	641
1	722
1	155
1	881
0	489
1	356
1	700
1	645
1	566
0	336
1	641
1	722
1	155
1	881
0	489
1	356
1	700
1	645
1	566
0	336
1	641
1	722
1	155
1	881
0	489
1	356
1	700
1	645
1	566
0	336
1	641
1	722
1	155
1	78
1	248
1	627
1	430
1	430
0	848
1	870
1	510
1	430
0	848
1	870
1	510
1	194
1	430
0	848
1	870
1	510
1	194
1	814
1	430
0	848
1	870
1	510
1	194
1	814
0	517
1	308
1	407
1	430
0	848
1	870
1	510
1	194
1	814
0	517
1	308
1	407
1	430
0	848
1	870
1	510
1	194
1	814
0	517
1	308
1	407
1	864
1	430
0	848
1	870
1	510
1	194
1	814
0	517
1	308
1	407
1	864
1	31
1	468
1	663
1	304
1	304
1	742
1	707
1	304
1	742
1	707
0	8
0	675
1	185
0	216
0	281
1	304
1	742
1	707
0	8
0	675
1	185
0	216
0	281
0	584
0	956
1	304
1	742
1	707
0	8
0	675
1	185
0	216
0	281
0	584
0	956
1	304
1	742
1	707
0	8
0	675
1	185
0	216
0	281
0	584
0	956
1	304
1	742
1	707
0	8
0	675
1	185
0	216
0	281
0	584
0	956
1	304
1	742
1	707
0	8
0	675
1	185
0	216
0	281
0	584
0	956
0	303
1	381
1	782
1	335
0	326
1	698
1	994
0	455
0	17
1	388
0	898
1	53
1	752
1	121
0	764
0	764
0	194
0	573
0	764
0	194
0	573
0	855
0	764
0	194
0	573
0	855
1	705
1	290
1	146
0	764
0	194
0	573
0	855
1	705
1	290
1	146
0	999
0	450
1	481
0	759
0	365
1	222
1	921
0	793
1	448
1	865
1	436
0	764
0	194
0	573
0	855
1	705
1	290
1	146
0	999
0	450
1	481
0	759
0	365
1	222
1	921
0	793
1	448
1	865
1	436
0	764
0	194
0	573
0	855
1	705
1	290
1	146
0	999
0	450
1	481
0	759
0	365
1	222
1	921
0	793
1	448
1	865
1	436
0	370
0	946
1	890
1	488
0	764
0	194
0	573
0	855
1	705
1	290
1	146
0	999
0	450
1	481
0	759
0	365
1	222
1	921
0	793
1	448
1	865
1	436
0	370
0	946
1	890
1	488
1	191
0	46
0	638
1	879
1	566
1	228
1	148
1	148
1	147
1	386
1	148
1	147
1	386
0	933
1	952
1	148
1	147
1	386
0	933
1	952
0	288
1	843
1	233
1	148
1	147
1	386
0	933
1	952
0	288
1	843
1	233
1	148
1	147
1	386
0	933
1	952
0	288
1	843
1	233
1	148
1	147
1	386
0	933
1	952
0	288
1	843
1	233
1	148
1	147
1	386
0	933
1	952
0	288
1	843
1	233
0	445
1	948
1	966
1	512
1	820
1	420
1	420
1	442
1	750
1	420
1	442
1	750
1	903
1	420
1	442
1	750
1	903
0	291
1	26
1	420
1	442
1	750
1	903
0	291
1	26
1	505
1	420
1	442
1	750
1	903
0	291
1	26
1	505
1	420
1	442
1	750
1	903
0	291
1	26
1	505
0	561
0	472
0	395
1	801
1	49
1	79
1	599
0	665
0	39
1	115
1	474
1	381
1	420
1	442
1	750
1	903
0	291
1	26
1	505
0	561
0	472
0	395
1	801
1	49
1	79
1	599
1	423
1	423
1	419
1	919
1	423
1	419
1	919
1	918
1	423
1	419
1	919
1	918
0	266
1	35
1	423
1	419
1	919
1	918
0	266
1	35
1	36
1	423
1	419
1	919
1	918
0	266
1	35
1	36
1	423
1	419
1	919
1	918
0	266
1	35
1	36
0	375
1	68
1	391
1	423
1	419
1	919
1	918
0	266
1	35
1	36
0	375
1	68
1	391
0	537
0	348
1	452
1	855
1	930
0	205
1	955
1	600
1	851
1	851
1	30
0	754
1	838
1	851
1	30
0	754
1	838
0	500
1	3
1	825
1	264
1	851
1	30
0	754
1	838
0	500
1	3
1	825
1	851
1	30
0	754
1	838
0	500
1	3
1	825
1	264
1	851
1	30
0	754
1	838
0	500
1	3
1	825
1	264
1	851
1	30
0	754
1	838
0	500
1	3
1	825
1	264
1	851
1	30
0	754
1	838
0	500
1	3
1	825
1	264
0	444
1	51
0	274
1	300
1	282
1	93
1	555
1	141
1	28
1	796
1	43
0	408
0	225
0	15
1	572
1	774
1	35
1	795
1	223
1	993
1	304
0	374
1	861
1	500
0	417
0	863
0	29
0	257
1	409
0	438
0	12
0	250
0	787
1	57
0	951
0	211
1	570
1	850
0	399
0	915
0	739
0	94
1	351
0	899
1	598
1	235
1	273
1	300
0	401
1	989
1	758
0	428
1	709
0	386
0	234
0	189
0	54
0	448
0	150
1	851
0	197
1	428
1	251
1	648
1	405
1	700
1	492
1	942
0	905
1	136
1	378
0	447
1	875
1	232
0	681
1	445
1	821
0	331
0	726
1	32
1	581
1	885
1	768
1	500
1	912
1	602
0	135
1	671
0	94
0	215
0	396
0	397
1	872
1	81
1	841
1	963
1	858
0	309
0	202
1	208
0	898
1	152
1	904
0	267
1	258
0	396
0	790
0	590
1	625
1	966
1	906
0	221
1	194
1	555
1	757
1	490
1	245
1	497
1	837
0	679
0	630
0	298
0	657
0	782
1	850
1	544
0	522
1	144
1	752
0	11
1	893
1	700
1	402
1	779
1	793
1	474
0	795
1	527
1	318
0	603
1	622
0	62
0	426
0	867
1	701
1	469
0	435
1	117
0	584
0	504
0	714
0	628
0	823
0	662
0	535
0	318
1	3
1	55
1	247
1	977
1	981
1	631
1	50
1	90
0	4
1	778
1	554
0	776
1	249
1	182
1	568
0	239
0	842
0	992
0	559
0	178
1	102
1	680
1	878
0	135
0	21
1	863
1	437
0	74
0	202
0	661
0	176
0	921
1	945
0	216
1	930
1	129
0	523
1	492
0	274
0	153
0	790
0	680
0	851
0	54
0	564
0	40
1	49
0	649
0	551
0	205
0	46
1	828
1	532
0	431
0	235
1	83
0	69
1	85
1	775
1	353
0	335
0	915
0	987
0	961
0	395
1	114
0	140
0	454
0	375
1	193
0	200
0	348
1	818
1	197
1	945
1	166
0	145
0	183
1	947
1	501
1	216
1	886
0	441
1	770
1	86
1	545
1	260
1	740
0	223
1	479
1	768
0	839
0	658
1	666
0	450
1	72
1	715
1	213
0	572
0	556
0	76
1	725
1	258
0	183
0	314
1	364
1	885
1	482
1	509
1	227
1	502
1	445
0	59
1	730
0	875
0	30
1	793
0	882
1	500
1	543
1	711
1	544
1	608
0	484
1	117
1	95
1	348
1	872
0	140
1	8
1	78
1	661
1	102
0	874
1	664
0	352
0	614
0	679
1	921
0	735
0	505
1	397
0	408
1	384
1	260
1	982
1	489
1	79
0	636
1	181
0	340
0	691
1	930
1	453
1	248
1	114
0	504
1	725
1	921
1	658
1	220
0	523
1	485
1	752
1	538
1	615
1	22
0	982
1	870
1	780
0	180
0	49
1	519
0	935
1	723
0	174
0	183
0	96
0	971
0	81
0	162
0	589
0	148
0	990
0	124
0	214
0	403
0	292
1	39
0	465
0	425
0	3
1	429
0	703
0	247
0	212
0	672
0	155
0	967
0	812
1	443
0	282
1	175
0	17
0	233
1	399
0	354
1	266
1	433
1	545
1	591
0	18
1	855
1	137
1	463
1	350
1	458
0	131
0	101
0	307
0	661
1	127
1	927
1	28
1	500
1	157
1	348
1	72
1	791
1	611
1	742
1	521
1	217
1	121
1	425
0	93
0	696
0	727
1	716
1	401
0	631
0	172
0	895
0	682
0	342
0	913
0	272
0	507
1	80
1	44
1	79
0	48
0	56
1	67
1	72
0	77
0	0
1	51
1	47
0	2
0	57
0	11
0	33
1	76
0	71
0	30
0	27
1	65
1	19
0	10
0	74
0	17
0	12
0	28
1	80
0	62
0	18
1	10
0	71
0	29
0	46
0	32
0	75
0	50
0	71
0	63
0	15
1	3
1	25
1	41
1	80
1	71
1	24
0	12
0	58
0	2
1	21
1	10
0	42
1	57
0	32
0	46
1	48
0	20
1	73
1	11
0	0
0	72
0	52
0	27
1	67
0	6
0	44
0	22
0	20
0	19
0	41
1	18
0	27
1	66
1	42
1	58
1	80
1	61
1	22
0	81
1	72
0	69
1	46
1	37
1	65
1	66
0	29
1	63
0	14
1	17
0	23
0	31
1	52
0	1
0	57
0	49
1	43
1	31
0	39
0	23
0	0
0	42
0	77
0	23
0	61
1	19
0	43
0	41
0	29
0	8
1	65
0	17
1	57
1	80
0	40
0	44
1	2
1	26
1	37
1	42
1	133
1	35
1	67
0	105
1	104
1	115
1	159
0	108
0	19
0	52
1	75
1	57
1	157
0	119
0	89
0	84
0	80
1	73
0	114
1	107
1	23
1	96
1	87
1	50
1	55
1	118
1	98
1	149
1	26
1	140
0	43
0	10
0	154
0	31
0	47
0	15
0	3
0	47
0	28
0	17
0	54
0	25
0	3
0	32
0	50
1	51
0	71
0	61
0	47
0	14
0	29
0	56
0	0
1	34
1	30
1	70
0	34
0	63
0	28
0	26
0	65
1	41
1	56
0	49
1	23
0	18
1	21
0	71
0	67
0	2
0	66
0	34
1	15
0	9
0	5
0	10
0	3
1	8
1	11
0	16
0	0
0	12
1	7
1	4
0	16
1	0
1	5
1	11
1	9
1	10
0	1
0	13
1	2
1	3
1	14
1	8
0	12
0	15
1	6
1	6
1	6
1	6
1	6
1	6
0	8
1	2
1	4
1	12
1	9
1	1
1	5
1	13
0	10
1	3
1	7
1	9
0	3
0	12
0	14
1	13
0	5
0	2
0	7
1	4
0	1
1	6
1	8
0	0
0	11
1	15
0	16
1	10
1	10
1	10
1	5
0	3
1	12
0	15
0	10
1	9
1	14
1	6
0	2
1	8
0	16
1	13
1	9
1	1
1	3
0	10
1	14
1	6
1	4
1	4
0	16
1	2
1	13
1	8
1	0
0	12
0	15
1	6
1	10
1	4
0	3
0	14
1	6
0	7
0	11
1	1
0	16
0	8
1	9
0	12
1	0
1	5
1	13
1	2
1	10
0	3
1	15
0	8
0	12
1	11
0	0
1	2
0	9
1	1
1	13
0	4
0	7
1	6
1	5
0	9
1	4
0	12
0	11
0	2
0	15
0	5
1	13
1	3
0	0
0	14
0	8
1	16
1	10
0	7
1	6
1	1
1	1
1	1
1	22
1	14
1	62
0	1
1	66
0	17
1	54
1	37
1	60
0	8
0	70
0	93
0	40
1	28
1	17
1	28
1	17
1	28
1	17
0	49
0	56
0	49
0	56
0	49
0	56
0	79
0	90
0	79
0	90
0	79
0	90
0	56
0	72
0	56
0	72
0	56
0	72
0	37
0	38
0	37
0	38
0	37
0	38
0	40
0	40
0	20
0	40
0	20
0	40
0	20
0	19
0	40
0	20
0	19
1	55
1	55
0	67
0	22
1	55
0	67
0	22
0	56
1	55
0	67
0	22
0	56
0	71
1	55
0	67
0	22
0	56
0	71
0	44
0	44
0	94
0	44
0	94
0	44
0	94
0	76
0	44
0	94
0	76
1	87
1	87
1	17
1	87
1	17
1	87
1	17
1	52
1	87
1	17
1	52
0	54
0	54
1	69
1	75
1	60
0	54
1	69
1	75
1	60
0	54
1	69
1	75
1	60
0	54
1	69
1	75
1	60
1	30
1	93
1	61
1	17
0	16
1	71
0	5
1	13
0	46
0	52
1	50
1	8
0	18
0	14
1	61
1	6
1	2
1	1
1	94
1	74
1	29
1	55
1	67
0	89
0	49
1	97
1	93
1	96
1	24
0	87
0	13
1	37
0	58
1	28
1	47
1	45
0	97
0	55
0	86
1	42
1	53
1	96
1	14
1	6
1	62
1	68
1	70
1	56
1	77
1	48
1	10
0	89
0	16
0	6
1	70
1	70
1	99
0	7
1	18
0	96
1	48
1	64
1	70
1	99
0	7
1	18
0	96
1	48
1	64
1	49
1	70
1	99
0	7
1	18
0	96
1	48
1	64
1	49
0	29
1	92
1	16
0	50
0	50
0	52
0	8
0	6
1	67
1	73
0	35
0	84
0	57
0	50
0	52
0	8
0	6
1	67
1	73
0	35
0	84
0	57
0	50
0	52
0	8
0	6
1	67
1	73
0	35
0	84
0	57
0	44
1	2
0	53
0	27
0	28
0	50
0	52
0	8
0	6
1	67
1	73
0	35
0	84
0	57
0	44
0	50
0	52
0	8
0	6
1	67
1	73
0	35
0	84
0	57
0	44
1	2
0	53
0	27
0	28
0	70
0	34
0	75
0	75
1	54
1	85
0	18
0	15
0	39
0	75
1	54
1	85
0	18
0	15
0	39
0	73
0	83
0	75
1	54
1	85
0	18
0	15
0	39
0	73
0	83
0	51
1	72
1	72
0	53
1	23
1	22
1	10
1	93
0	17
0	37
1	83
1	73
1	24
1	72
0	53
1	23
1	22
1	10
1	93
0	17
0	37
1	83
1	73
1	24
0	42
1	39
1	4
1	95
1	0
1	72
0	53
1	23
1	22
1	10
1	93
0	17
0	37
1	83
1	73
1	24
0	42
1	39
1	4
1	72
0	53
1	23
1	22
1	10
1	93
0	17
0	37
1	83
1	73
1	24
0	42
1	39
1	4
1	72
0	53
1	23
1	22
1	10
1	93
0	17
0	37
1	83
1	73
1	24
0	42
1	39
1	4
1	95
1	0
0	94
0	80
0	54
1	87
1	44
0	49
1	47
1	86
1	45
1	28
1	57
1	12
0	62
1	48
1	7
0	98
0	5
1	20
1	43
1	60
0	58
0	58
0	13
0	53
1	98
1	74
0	5
0	55
0	58
0	13
0	53
1	98
1	74
0	5
0	55
0	39
1	12
0	42
0	58
0	13
0	53
1	98
1	74
0	5
0	55
0	39
1	12
0	42
0	0
0	60
0	58
0	13
0	53
1	98
1	74
0	5
0	55
0	39
1	12
0	42
0	0
0	60
0	58
0	13
0	53
1	98
1	74
0	5
0	55
0	39
1	12
0	42
0	0
0	60
0	25
0	25
1	80
0	0
0	35
1	71
0	67
0	8
0	25
1	80
0	0
0	35
1	71
0	67
0	8
0	74
0	25
1	80
0	0
0	35
1	71
0	67
0	8
0	74
1	16
0	15
0	94
0	43
1	37
0	56
0	55
0	25
1	80
0	0
0	35
1	71
0	67
0	8
0	74
1	16
0	15
0	94
0	25
1	80
0	0
0	35
1	71
0	67
0	8
0	74
1	16
0	15
0	94
0	43
1	37
0	56
0	55
0	47
1	7
0	72
0	91
0	14
1	92
1	42
0	2
1	46
0	58
1	95
0	33
0	40
0	86
0	86
0	76
0	64
0	84
0	58
0	86
0	76
0	64
0	84
0	58
0	24
0	86
0	76
0	64
0	84
0	58
0	24
0	73
0	62
0	95
0	89
0	86
0	76
0	64
0	84
0	58
0	24
0	73
0	62
0	95
0	86
0	76
0	64
0	84
0	58
0	24
0	73
0	62
0	95
0	89
0	78
0	78
0	81
0	29
0	92
1	34
0	62
0	78
0	81
0	29
0	92
1	34
0	62
0	49
0	78
0	81
0	29
0	92
1	34
0	62
0	49
0	12
0	39
0	32
0	78
0	81
0	29
0	92
1	34
0	62
0	49
0	12
0	39
0	32
0	78
0	81
0	29
0	92
1	34
0	62
0	49
0	12
0	39
0	32
0	10
0	37
1	66
1	43
1	90
0	38
1	12
1	11
1	89
1	80
1	76
0	41
1	13
0	62
0	51
1	75
1	12
0	59
0	52
0	60
0	45
1	81
0	1
1	7
1	19
0	95
1	55
0	89
0	13
1	14
1	17
0	82
0	6
0	85
0	17
1	9
1	93
1	70
1	49
1	5
1	88
0	87
0	61
0	78
1	23
1	53
1	37
1	99
0	43
0	69
1	78
1	23
1	95
0	25
1	4
1	76
1	35
0	28
1	91
1	57
1	59
1	80
0	41
1	26
1	45
1	3
1	96
1	79
1	22
0	12
1	42
1	72
1	58
1	97
0	93
1	43
1	24
1	31
1	0
1	86
0	15
0	59
0	56
0	17
1	27
0	69
1	54
1	5
0	57
0	77
1	34
0	93
0	21
0	73
0	13
1	46
1	8
0	94
0	90
1	90
1	56
0	30
1	36
0	44
1	79
1	2
0	85
0	91
0	44
0	98
0	62
1	36
1	62
1	57
1	92
1	22
0	74
0	48
0	62
1	3
0	11
1	85
0	75
0	76
0	38
0	1
0	29
0	24
0	77
0	52
0	43
0	29
0	24
0	77
0	52
0	43
0	29
0	24
0	77
0	52
0	43
0	29
0	24
0	77
0	52
0	43
1	80
0	17
1	76
1	64
1	9
1	48
1	3
0	61
0	37
1	38
1	59
1	12
0	28
0	22
0	48
1	87
1	12
0	15
1	81
0	60
1	45
0	39
0	89
1	63
1	41
0	91
0	68
1	33
1	79
1	1
0	79
0	27
0	17
0	25
0	35
0	22
0	34
0	82
0	75
0	66
1	2
1	82
0	98
1	32
0	41
0	16
0	24
0	67
1	91
1	65
0	92
0	4
1	94
0	98
0	86
1	87
1	48
1	89
1	6
1	38
1	98
1	3
0	59
1	20
1	48
0	89
0	82
1	24
1	33
1	40
0	66
1	71
1	21
1	85
1	27
0	96
0	26
1	68
1	25
1	97
0	76
0	38
1	23
0	53
1	30
1	24
0	29
0	70
0	85
1	86
0	36
0	64
0	59
0	51
0	50
1	96
0	87
0	48
0	14
0	16
0	26
1	94
0	39
1	20
1	51
1	67
1	1
1	84
1	86
1	76
0	98
1	58
1	42
1	56
1	9
1	45
1	96
1	19
1	81
