0	501
0	501
0	7
0	662
0	665
0	665
1	258
0	665
1	258
0	932
1	80
0	386
0	172
1	309
0	289
0	289
1	589
1	937
0	493
0	959
0	402
0	402
1	391
1	121
1	270
0	402
1	391
1	121
1	270
1	981
0	402
1	391
1	121
1	270
1	981
1	848
0	402
1	391
1	121
1	270
1	981
1	848
1	124
0	402
1	391
1	121
1	270
1	981
1	848
1	124
0	402
1	391
1	121
1	270
1	981
1	848
1	124
0	402
1	391
1	121
1	270
1	981
1	848
1	124
1	909
1	930
0	857
1	938
1	338
1	183
1	342
1	342
0	857
1	203
0	421
1	803
0	114
1	342
0	857
1	203
0	421
1	803
0	114
1	256
1	549
1	342
0	857
1	203
0	421
1	803
0	114
1	256
1	549
0	840
1	886
0	134
1	721
1	447
1	342
0	857
1	203
0	421
1	803
0	114
1	256
1	549
1	342
0	857
1	203
0	421
1	803
0	114
1	256
1	549
1	342
0	857
1	203
0	421
1	803
0	114
1	256
1	549
0	840
1	886
1	342
0	857
1	203
0	421
1	803
0	114
1	256
1	549
0	840
1	886
0	134
1	721
1	447
1	419
1	667
1	760
1	497
1	497
1	719
1	755
1	497
1	719
1	755
1	166
1	497
1	719
1	755
1	166
1	418
1	497
1	719
1	755
1	166
1	418
0	215
0	609
1	975
0	973
1	364
1	606
1	497
1	719
1	755
1	166
1	418
0	215
0	609
1	975
0	973
1	364
1	606
0	233
1	287
1	99
1	497
1	719
1	755
1	166
1	418
0	215
0	609
1	975
0	973
1	364
1	606
0	233
1	287
1	99
1	497
1	719
1	755
1	166
1	418
0	215
0	609
1	975
0	973
1	364
1	606
0	233
1	287
1	99
0	185
1	404
0	547
1	787
0	988
1	362
0	293
1	971
1	111
0	2
0	373
1	727
1	459
1	208
0	747
0	747
0	870
0	88
0	747
0	870
0	88
0	560
0	747
0	870
0	88
0	560
1	482
1	134
1	721
1	260
0	747
0	870
0	88
0	560
1	482
1	134
1	721
1	260
1	338
0	747
0	870
0	88
0	560
1	482
1	134
1	721
1	260
1	338
0	747
0	870
0	88
0	560
1	482
1	134
1	721
1	260
1	338
0	756
1	784
0	747
0	870
0	88
0	560
1	482
1	134
1	721
1	260
1	338
0	756
1	784
1	54
1	512
1	828
1	915
1	915
1	898
1	514
1	915
1	898
1	514
1	588
1	915
1	898
1	514
1	588
1	57
1	915
1	898
1	514
1	588
1	57
1	822
1	915
1	898
1	514
1	588
1	57
1	822
1	915
1	898
1	514
1	588
1	57
1	822
1	915
1	898
1	514
1	588
1	57
1	822
1	51
1	774
1	302
1	352
1	124
1	124
1	939
1	297
1	124
1	939
1	297
0	289
1	236
1	381
1	124
1	939
1	297
0	289
1	236
1	381
1	124
1	939
1	297
0	289
1	236
1	381
1	17
1	124
1	939
1	297
0	289
1	236
1	381
1	17
1	124
1	939
1	297
0	289
1	236
1	381
1	17
0	620
0	243
1	584
1	153
1	59
1	124
1	939
1	297
0	289
1	236
1	381
1	17
0	620
0	243
1	584
1	153
1	59
1	29
1	222
1	222
1	257
1	670
1	222
1	257
1	670
0	27
1	4
1	222
1	257
1	670
0	27
1	4
1	368
1	126
1	222
1	257
1	670
0	27
1	4
1	368
1	126
1	222
1	257
1	670
0	27
1	4
1	368
1	126
1	222
1	257
1	670
0	27
1	4
1	368
1	126
1	527
1	222
1	257
1	670
0	27
1	4
1	368
1	126
1	527
1	301
1	347
1	65
0	933
1	830
0	75
1	434
1	326
1	773
1	773
0	46
1	383
0	847
0	750
1	773
0	46
1	383
0	847
0	750
1	456
0	801
1	507
1	635
1	781
0	846
1	370
1	773
0	46
1	383
0	847
0	750
1	456
0	801
1	507
1	635
1	781
1	773
0	46
1	383
0	847
0	750
1	456
0	801
1	507
1	635
1	781
1	773
0	46
1	383
0	847
0	750
1	456
0	801
1	507
1	635
1	781
1	773
0	46
1	383
0	847
0	750
1	456
0	801
1	507
1	635
1	781
0	846
1	370
1	773
0	46
1	383
0	847
0	750
1	456
0	801
1	507
1	635
1	781
0	846
1	370
1	204
1	840
1	366
0	328
0	486
0	903
1	705
1	955
1	904
1	858
0	808
0	808
1	773
1	65
1	647
0	808
1	773
1	65
1	647
1	506
0	808
1	773
1	65
1	647
1	506
0	945
0	623
0	311
0	808
1	773
1	65
1	647
1	506
0	945
0	623
0	311
1	516
1	157
1	997
0	240
0	497
1	255
0	575
1	163
1	31
0	808
1	773
1	65
1	647
1	506
0	945
0	623
0	311
1	516
1	157
1	997
0	240
0	497
1	255
0	575
1	163
1	31
1	406
0	808
1	773
1	65
1	647
1	506
0	945
0	623
0	311
1	516
1	157
1	997
0	240
0	497
1	255
0	575
1	163
1	31
0	808
1	773
1	65
1	647
1	506
0	945
0	623
0	311
1	516
1	157
1	997
0	240
0	497
1	255
0	575
1	163
1	31
1	406
1	698
1	564
1	564
0	479
1	28
1	773
1	564
0	479
1	28
1	773
1	643
1	564
0	479
1	28
1	773
1	643
1	115
1	564
0	479
1	28
1	773
1	643
1	115
0	176
1	882
1	917
1	564
0	479
1	28
1	773
1	643
1	115
0	176
1	882
1	917
1	564
0	479
1	28
1	773
1	643
1	115
0	176
1	882
1	917
1	873
1	564
0	479
1	28
1	773
1	643
1	115
0	176
1	882
1	917
1	873
1	979
1	656
1	716
1	390
1	285
0	994
0	799
1	321
1	373
0	200
1	819
1	280
0	700
0	370
0	393
0	151
0	110
0	55
0	568
1	91
1	836
0	804
0	711
0	896
0	908
0	248
1	764
0	291
1	59
1	5
0	95
1	657
1	693
1	52
1	912
1	492
1	587
1	195
1	540
1	625
0	514
0	763
0	430
0	970
0	73
0	153
0	523
0	433
0	989
1	316
0	636
0	790
0	224
0	33
1	44
1	550
0	677
0	908
0	919
0	156
0	128
0	462
1	864
1	187
1	308
1	100
1	395
0	707
1	29
0	173
1	98
1	607
1	133
1	400
1	359
1	221
1	695
1	360
0	813
1	101
1	385
1	425
1	249
1	530
1	802
1	984
0	380
1	632
0	235
1	344
1	870
0	915
1	479
1	830
1	229
1	253
0	570
0	140
1	107
1	361
1	549
0	73
0	585
1	112
0	562
1	295
1	690
1	199
1	364
0	219
1	692
1	213
1	963
1	11
1	966
1	115
1	992
0	897
1	172
1	491
1	229
1	367
1	89
1	47
1	164
1	907
1	804
0	340
1	167
0	584
1	513
0	926
1	857
0	791
1	810
1	86
1	547
0	115
0	235
0	594
0	343
0	27
1	469
0	7
0	68
1	767
1	738
1	165
1	660
0	795
0	620
1	474
0	434
0	215
0	805
1	175
1	242
1	619
1	858
1	288
0	334
0	28
0	947
0	924
0	723
1	824
1	336
1	927
0	367
1	796
0	540
0	81
1	169
0	897
0	181
0	790
1	297
1	183
1	16
1	437
0	750
0	995
0	79
0	653
1	549
0	128
0	700
1	793
0	704
0	736
0	772
0	41
0	859
1	410
0	329
0	632
1	898
1	614
1	414
1	972
1	868
0	662
0	69
1	692
0	559
0	742
0	535
0	107
0	186
1	188
1	390
0	833
1	102
1	613
1	214
1	312
1	707
1	247
1	264
0	640
1	370
1	247
0	870
1	304
1	914
1	651
0	690
1	300
1	514
1	476
1	760
1	586
1	3
1	342
1	325
1	932
0	198
1	789
1	62
1	693
1	915
1	776
0	100
1	71
1	55
0	84
1	579
1	188
1	997
0	602
0	635
1	405
1	797
0	506
0	219
1	275
1	31
1	131
1	772
0	679
1	164
1	112
1	362
0	656
1	586
1	907
0	62
1	339
1	42
1	664
0	128
1	117
1	945
1	409
1	929
1	678
1	302
0	780
0	483
0	1
0	358
1	973
0	126
1	23
1	282
1	650
0	463
0	751
1	64
1	622
0	794
1	854
0	672
1	922
1	896
0	154
1	933
1	852
1	375
0	478
1	404
1	42
0	176
0	166
0	166
1	18
1	984
0	328
0	650
1	980
1	584
1	74
1	23
1	542
1	994
0	671
1	584
1	443
1	510
0	570
0	327
1	417
0	632
1	773
1	422
1	532
1	758
1	931
0	467
1	943
1	819
0	868
0	19
0	586
0	741
0	196
0	162
0	845
0	869
0	206
0	827
0	167
1	805
1	713
1	784
1	61
1	330
1	556
1	711
0	351
1	422
1	9
1	618
1	12
0	455
0	189
1	540
1	154
0	824
1	568
1	589
0	137
1	312
1	122
1	916
0	850
1	180
1	761
0	998
0	976
0	579
0	633
0	522
0	727
1	708
0	285
1	884
0	977
0	610
0	974
1	56
1	656
1	368
1	591
1	69
0	21
1	0
0	17
1	47
0	75
1	59
1	82
0	78
0	44
0	54
0	0
0	68
0	72
0	7
0	66
1	2
0	65
1	20
0	16
1	45
1	24
1	50
1	37
0	27
1	43
1	24
1	38
0	36
0	40
1	82
1	67
0	48
1	32
1	55
1	39
1	24
1	8
0	78
0	53
0	14
1	69
0	60
1	56
1	66
1	74
1	61
1	40
1	24
1	75
0	48
0	46
1	63
1	51
0	51
0	70
0	62
0	7
0	27
0	34
1	36
0	54
0	79
1	12
0	36
1	26
0	9
1	20
1	52
0	18
0	44
1	59
1	13
0	27
1	72
1	28
0	10
1	0
1	18
1	51
1	53
1	7
1	3
0	64
0	81
0	34
0	36
0	6
0	37
0	28
0	58
0	71
1	34
1	33
0	13
0	63
0	7
0	88
0	54
0	92
1	81
1	48
1	52
1	75
0	155
0	98
1	84
0	51
0	78
0	154
0	75
0	99
1	133
1	45
1	70
1	14
1	39
1	89
1	140
1	33
0	32
0	47
0	6
1	31
0	58
0	157
1	55
1	130
1	133
1	118
1	35
0	65
0	29
1	73
1	126
0	72
1	110
1	20
0	59
0	154
1	8
1	136
1	91
1	46
1	90
1	49
0	8
1	125
1	111
1	62
1	140
1	24
1	138
0	23
1	62
1	61
0	35
0	56
1	116
0	125
1	137
0	96
0	78
0	85
1	11
0	60
0	119
0	1
0	86
0	14
0	9
0	130
1	53
1	59
1	94
1	1
1	132
0	96
1	138
1	50
1	147
0	19
1	60
1	63
1	136
1	7
0	139
1	117
0	78
0	141
1	10
1	77
0	95
0	39
0	123
0	68
0	11
1	44
1	5
1	147
1	8
1	55
0	140
0	43
1	128
1	58
0	38
1	97
1	91
1	130
1	55
1	71
1	61
0	115
1	99
1	96
1	144
0	4
0	16
1	113
0	63
0	45
0	94
0	110
0	103
0	107
1	144
0	115
1	118
0	11
1	12
1	72
0	149
0	109
1	68
1	52
1	7
1	10
1	130
1	29
0	121
0	90
1	116
0	2
1	72
0	6
1	96
1	23
0	86
0	119
1	10
1	35
0	108
1	21
0	66
1	34
0	62
0	128
0	107
0	27
0	15
0	29
0	31
0	42
1	17
0	51
0	1
0	46
0	50
1	74
0	75
0	22
0	37
1	35
1	65
1	22
0	21
0	31
0	5
0	14
0	13
1	75
0	41
0	50
0	1
0	47
1	19
1	11
0	24
1	65
0	53
1	55
1	55
1	2
0	22
1	30
0	3
1	14
0	11
1	1
0	4
1	16
0	15
1	9
0	0
1	7
1	5
1	13
1	10
1	13
1	0
0	12
1	4
0	3
0	2
0	6
1	10
1	8
0	9
1	7
1	16
0	1
1	14
1	5
0	15
1	11
1	11
1	11
1	11
1	11
1	5
0	6
0	13
1	14
1	11
1	3
1	2
0	9
0	8
1	10
1	16
0	1
0	9
0	4
0	10
1	7
0	8
0	14
0	0
1	13
0	5
0	6
0	11
1	3
0	0
1	13
1	11
1	2
0	5
0	8
1	14
1	6
1	16
0	10
0	9
0	12
0	4
1	1
0	7
0	15
0	15
0	15
0	15
0	1
0	15
0	12
0	9
0	14
1	13
0	4
0	3
0	10
0	6
1	9
1	13
0	8
0	16
1	5
1	1
1	11
1	14
1	12
0	11
0	14
0	15
0	5
0	16
0	8
0	1
1	4
0	3
1	3
0	4
0	7
0	16
1	2
1	14
1	1
1	13
1	9
0	15
1	0
1	6
1	5
1	10
1	1
1	11
1	6
1	12
0	15
0	13
1	16
0	5
1	8
1	9
1	79
0	43
0	34
1	42
1	51
0	23
1	18
1	61
0	95
0	65
0	50
1	97
1	67
1	81
1	41
0	52
1	36
0	37
0	42
0	35
0	39
0	65
0	44
0	15
0	44
0	15
0	44
0	15
1	25
0	99
0	76
0	55
1	25
0	99
0	76
0	55
1	25
0	99
0	76
0	55
0	3
1	88
0	25
1	42
0	56
0	27
1	97
0	44
0	31
0	3
1	88
0	25
1	42
0	56
0	27
1	97
0	44
0	31
0	33
0	3
1	88
0	25
1	42
0	56
0	27
1	97
0	44
0	31
1	78
1	10
1	78
1	10
1	78
1	10
1	83
1	44
1	83
1	44
1	83
1	44
0	89
0	89
0	55
0	89
0	55
0	89
0	55
0	22
0	89
0	55
0	22
1	48
1	48
0	19
1	27
1	48
0	19
1	27
0	9
1	53
1	48
0	19
1	27
0	9
1	53
1	65
1	77
1	51
1	38
1	48
0	19
1	27
0	9
1	53
1	65
1	77
1	51
1	38
1	67
0	93
0	93
0	52
0	93
0	52
0	93
0	52
0	98
0	93
0	52
0	98
0	73
0	73
1	56
1	80
0	63
1	13
1	4
0	73
1	56
1	80
0	63
1	13
1	4
1	7
0	73
1	56
1	80
0	63
1	13
1	4
1	7
1	46
1	20
0	73
1	56
1	80
0	63
1	13
1	4
1	7
1	46
1	85
1	85
1	42
1	85
1	42
1	85
1	42
1	11
1	85
1	42
1	11
0	55
1	66
1	88
0	46
0	48
1	83
1	36
1	6
0	89
1	13
0	44
1	85
0	38
0	41
0	84
0	66
0	94
0	87
0	54
0	74
1	66
1	36
1	85
0	95
0	14
0	4
0	4
0	63
0	38
1	79
1	79
1	29
0	17
1	11
1	14
1	38
1	79
1	29
0	17
1	11
1	14
1	38
1	6
1	79
1	29
0	17
1	11
1	14
1	38
1	6
1	96
0	52
1	0
0	16
1	80
1	77
1	73
1	64
1	12
0	34
0	34
1	49
0	3
1	6
0	89
0	7
0	62
0	34
1	49
0	3
1	6
0	89
0	7
0	62
1	88
0	21
1	48
0	31
1	68
1	16
1	15
0	13
0	92
0	94
0	56
1	22
0	63
1	80
1	78
0	67
0	87
0	81
1	37
0	91
0	18
0	44
0	34
1	49
0	3
1	6
0	89
0	7
0	62
1	88
0	21
1	48
0	31
1	68
1	16
1	15
0	13
0	92
0	94
0	56
1	22
0	63
1	80
1	78
0	67
0	87
0	81
1	37
0	91
0	18
0	44
0	12
1	82
0	32
1	55
0	33
0	59
0	57
0	34
1	49
0	3
1	6
0	89
0	7
0	62
1	88
0	21
1	48
0	31
1	68
1	16
1	15
0	13
0	92
0	94
0	56
1	22
0	63
1	80
1	78
0	67
0	87
0	81
1	37
0	91
0	18
0	44
0	12
1	82
0	32
1	55
0	33
0	59
0	34
1	49
0	3
1	6
0	89
0	7
0	62
1	88
0	21
1	48
0	31
1	68
1	16
1	15
0	13
0	92
0	94
0	56
1	22
0	63
1	80
1	78
0	67
0	87
0	81
1	37
0	91
0	18
0	44
0	12
1	82
0	32
1	55
0	33
0	59
0	57
0	45
1	52
0	86
0	71
0	10
0	26
0	26
0	86
0	94
0	7
0	48
0	26
0	86
0	94
0	7
0	48
1	85
0	6
0	26
0	86
0	94
0	7
0	48
1	85
0	6
0	15
0	40
0	21
0	21
1	63
0	28
1	87
0	59
0	88
0	24
0	99
0	21
1	63
0	28
1	87
0	59
0	88
0	24
0	21
1	63
0	28
1	87
0	59
0	88
0	24
0	99
1	14
0	89
0	49
0	46
1	41
0	95
0	21
1	63
0	28
1	87
0	59
0	88
0	24
0	99
1	14
0	89
0	49
0	46
0	21
1	63
0	28
1	87
0	59
0	88
0	24
0	99
1	14
0	89
0	49
0	46
0	19
0	19
0	34
0	2
0	18
1	1
1	79
0	16
0	72
1	25
0	29
1	97
0	90
0	95
0	74
0	75
0	19
0	34
0	2
0	18
1	1
1	79
0	16
0	72
1	25
0	29
1	97
0	90
0	95
0	19
0	34
0	2
0	18
1	1
1	79
0	16
0	72
1	25
0	29
1	97
0	90
0	95
0	74
0	75
0	73
0	19
0	34
0	2
0	18
1	1
1	79
0	16
0	72
1	25
0	29
1	97
0	90
0	95
0	74
0	75
0	19
0	34
0	2
0	18
1	1
1	79
0	16
0	72
1	25
0	29
1	97
0	90
0	95
0	74
0	75
0	73
0	14
0	70
0	70
0	34
1	31
0	32
0	73
0	25
0	70
0	34
1	31
0	32
0	73
0	25
0	45
0	70
0	34
1	31
0	32
0	73
0	25
0	45
0	17
0	54
1	3
0	74
0	70
0	34
1	31
0	32
0	73
0	25
0	45
0	17
0	54
1	3
0	74
0	68
0	19
0	70
0	34
1	31
0	32
0	73
0	25
0	45
0	17
0	54
1	3
0	74
0	68
0	19
1	87
1	87
0	79
1	11
1	93
1	22
1	37
1	68
1	87
0	79
1	11
1	93
1	22
1	37
1	68
1	87
0	79
1	11
1	93
1	22
1	37
1	68
1	35
1	63
1	24
1	87
0	79
1	11
1	93
1	22
1	37
1	68
1	35
1	63
1	24
1	87
0	79
1	11
1	93
1	22
1	37
1	68
1	35
1	63
1	24
0	15
1	18
1	9
1	89
1	39
1	39
0	83
0	78
1	72
1	95
1	0
1	92
1	39
0	83
0	78
1	72
1	95
1	0
1	92
0	43
1	32
0	98
1	63
1	76
1	39
0	83
0	78
1	72
1	95
1	0
1	92
0	43
1	32
0	98
1	63
1	76
1	7
1	20
1	81
1	39
0	83
0	78
1	72
1	95
1	0
1	92
0	43
1	32
0	98
1	63
1	76
1	7
1	20
1	81
0	11
1	16
1	75
1	39
0	83
0	78
1	72
1	95
1	0
1	92
0	43
1	32
0	98
1	63
1	76
1	7
1	20
1	81
1	36
1	35
1	50
1	73
1	94
0	5
0	52
0	47
0	44
1	2
1	52
1	28
1	83
0	63
0	70
0	55
1	94
0	37
1	99
1	70
1	25
0	40
0	43
1	56
1	45
1	51
1	14
0	33
0	46
0	22
0	25
1	79
1	55
1	46
1	33
1	0
0	57
0	29
1	77
1	66
1	4
0	22
0	91
0	4
0	93
0	63
1	23
0	27
0	24
0	79
0	99
1	78
0	54
0	9
0	69
1	70
1	7
1	62
1	22
1	13
0	86
0	54
0	91
0	43
1	40
0	71
1	46
0	78
1	51
1	81
0	66
1	71
1	28
1	36
0	89
1	49
1	35
1	8
1	90
1	22
1	67
1	38
0	29
1	13
1	44
1	24
1	33
1	74
1	30
0	2
1	88
0	6
1	61
1	77
0	4
0	12
0	62
0	2
1	88
0	6
1	61
1	77
0	4
0	12
0	62
0	2
1	88
0	6
1	61
1	77
0	4
0	12
0	62
0	2
1	88
0	6
1	61
1	77
0	4
0	12
0	62
0	7
0	29
1	51
1	49
0	39
1	28
0	40
1	92
1	85
1	9
1	79
1	36
1	71
1	67
0	95
1	41
1	28
0	46
0	15
0	94
1	21
1	95
1	11
1	0
0	74
0	32
0	71
1	8
0	29
0	67
0	34
0	9
1	85
0	3
0	51
1	2
1	94
0	84
0	74
1	96
1	4
0	37
0	66
1	52
0	13
1	26
0	27
1	50
0	38
0	36
1	87
1	64
0	6
1	95
1	54
0	44
0	72
0	62
0	95
0	97
0	54
0	37
0	22
0	63
0	90
1	19
0	65
0	35
0	88
1	19
1	64
1	99
1	23
1	98
0	98
0	20
0	55
1	64
1	28
1	26
0	81
1	86
0	1
0	62
0	0
0	46
1	4
0	25
0	37
1	87
1	53
1	70
0	47
1	16
1	42
1	9
1	64
1	57
1	91
0	19
1	76
1	60
1	52
0	32
1	95
0	61
0	97
1	30
1	11
1	28
1	3
0	64
0	58
1	89
0	35
0	97
0	61
1	98
0	47
0	84
1	38
0	60
0	26
1	35
1	25
0	22
0	38
1	87
0	37
