1	585
1	585
1	997
0	753
1	114
1	114
1	114
1	982
0	509
1	532
0	322
0	487
1	90
1	291
1	291
1	221
1	915
1	581
1	581
1	152
1	332
1	581
1	152
1	332
1	89
1	581
1	152
1	332
1	89
1	357
1	581
1	152
1	332
1	89
1	357
1	845
1	581
1	152
1	332
1	89
1	357
1	845
1	581
1	152
1	332
1	89
1	357
1	845
1	581
1	152
1	332
1	89
1	357
1	845
1	913
1	788
0	445
0	700
0	403
1	492
1	523
1	147
1	849
0	904
0	904
1	1
1	758
0	492
0	888
0	904
1	1
1	758
0	492
0	888
1	788
0	26
0	494
0	904
1	1
1	758
0	492
0	888
1	788
0	26
0	494
0	496
0	904
1	1
1	758
0	492
0	888
1	788
0	26
0	494
0	496
0	904
1	1
1	758
0	492
0	888
1	788
0	26
0	494
0	496
0	904
1	1
1	758
0	492
0	888
1	788
0	26
0	494
0	496
0	904
1	1
1	758
0	492
0	888
1	788
0	26
0	494
0	496
0	65
0	366
0	246
0	609
1	747
1	747
1	392
1	573
1	747
1	392
1	573
1	903
1	747
1	392
1	573
1	903
1	644
1	747
1	392
1	573
1	903
1	644
1	901
1	747
1	392
1	573
1	903
1	644
1	901
1	747
1	392
1	573
1	903
1	644
1	901
1	747
1	392
1	573
1	903
1	644
1	901
1	249
0	444
0	336
0	414
1	650
1	863
1	525
1	291
1	725
1	725
1	985
1	502
1	725
1	985
1	502
1	935
1	725
1	985
1	502
1	935
1	99
1	725
1	985
1	502
1	935
1	99
1	492
1	725
1	985
1	502
1	935
1	99
1	492
1	725
1	985
1	502
1	935
1	99
1	492
1	725
1	985
1	502
1	935
1	99
1	492
1	203
1	482
1	653
1	993
0	876
0	876
1	254
1	571
1	197
0	876
1	254
1	571
1	197
0	351
1	142
1	375
0	876
1	254
1	571
1	197
0	351
1	142
1	375
0	876
1	254
1	571
1	197
0	351
1	142
1	375
1	715
0	876
1	254
1	571
1	197
0	351
1	142
1	375
1	715
0	876
1	254
1	571
1	197
0	351
1	142
1	375
1	715
0	876
1	254
1	571
1	197
0	351
1	142
1	375
1	715
1	562
0	903
1	646
1	873
1	372
1	980
1	980
1	338
0	200
0	967
1	139
1	318
1	980
1	338
0	200
0	967
1	139
1	318
1	980
1	338
0	200
0	967
1	139
1	318
0	151
1	368
1	980
1	338
0	200
0	967
1	139
1	318
0	151
1	368
1	791
1	980
1	338
0	200
0	967
1	139
1	318
0	151
1	368
1	791
1	980
1	338
0	200
0	967
1	139
1	318
0	151
1	368
1	791
1	980
1	338
0	200
0	967
1	139
1	318
0	151
1	368
1	791
0	184
0	327
1	98
1	15
1	865
1	984
1	844
1	844
1	82
1	298
1	844
1	82
1	298
1	583
1	844
1	82
1	298
1	583
1	761
1	844
1	82
1	298
1	583
1	761
1	379
1	844
1	82
1	298
1	583
1	761
1	379
1	844
1	82
1	298
1	583
1	761
1	379
1	844
1	82
1	298
1	583
1	761
1	379
0	596
0	752
1	662
1	199
1	58
1	518
1	636
0	650
0	650
0	291
1	620
0	150
0	650
0	291
1	620
0	150
0	263
0	650
0	291
1	620
0	150
0	263
1	124
1	422
1	850
0	650
0	291
1	620
0	150
0	263
1	124
1	422
1	850
0	425
1	501
0	747
0	350
1	2
0	993
0	177
1	67
0	897
1	522
1	139
1	729
0	650
0	291
1	620
0	150
0	263
1	124
1	422
1	850
0	425
1	501
0	650
0	291
1	620
0	150
0	263
1	124
1	422
1	850
0	425
1	501
0	747
0	350
1	2
0	993
0	177
1	67
0	897
1	522
1	139
1	729
0	650
0	291
1	620
0	150
0	263
1	124
1	422
1	850
0	425
1	501
0	747
0	350
1	2
0	993
0	177
1	67
0	897
1	522
1	139
1	729
1	224
1	721
1	31
1	341
1	689
1	902
1	902
0	346
1	848
1	34
1	902
0	346
1	848
1	34
1	133
1	902
0	346
1	848
1	34
1	133
1	343
1	902
0	346
1	848
1	34
1	133
1	343
1	889
1	902
0	346
1	848
1	34
1	133
1	343
1	889
1	902
0	346
1	848
1	34
1	133
1	343
1	889
1	533
1	902
0	346
1	848
1	34
1	133
1	343
1	889
1	533
1	544
1	516
0	751
0	648
0	407
0	834
1	482
1	538
1	588
0	419
0	132
1	368
1	633
1	527
1	89
0	796
1	361
1	739
1	62
1	62
1	17
1	883
1	62
1	17
1	883
1	993
1	62
1	17
1	883
1	993
1	675
1	62
1	17
1	883
1	993
1	675
1	933
1	62
1	17
1	883
1	993
1	675
1	933
1	62
1	17
1	883
1	993
1	675
1	933
1	62
1	17
1	883
1	993
1	675
1	933
1	459
1	710
1	551
0	781
1	596
1	244
0	795
0	425
0	888
0	834
1	652
0	233
1	412
0	681
0	100
0	403
1	752
0	530
0	856
0	75
0	894
0	694
1	98
1	950
0	258
0	927
0	445
0	656
0	133
0	856
0	238
0	159
1	628
0	511
0	303
0	614
1	616
0	266
0	685
1	40
0	150
0	299
0	294
1	11
1	668
0	688
0	308
1	508
0	592
0	529
0	40
0	609
1	873
1	479
1	770
0	418
1	79
0	932
0	126
1	135
1	425
0	432
0	11
0	736
0	854
1	91
0	513
1	573
1	967
1	474
1	458
1	33
1	234
0	607
1	556
1	912
0	131
1	247
1	962
1	996
1	573
1	706
1	433
0	975
1	115
1	714
0	345
1	765
1	798
0	550
0	802
0	713
0	538
1	379
0	111
1	459
0	631
0	945
0	163
0	240
0	393
1	853
1	812
1	709
1	482
1	541
1	689
0	155
1	533
1	428
1	745
1	281
1	284
0	150
0	686
1	331
0	174
0	41
0	114
1	965
0	127
1	726
1	210
0	152
1	284
1	427
1	646
0	84
1	859
0	438
0	7
1	939
1	539
1	923
1	852
0	265
1	319
1	138
1	409
0	744
0	170
1	364
1	665
1	78
1	634
0	14
1	586
1	103
1	222
1	964
1	172
1	155
0	651
0	719
1	308
0	798
0	590
0	51
0	356
0	713
0	643
0	515
0	82
1	486
1	362
1	587
0	253
1	304
1	920
1	562
0	631
0	995
0	927
0	143
0	188
0	110
0	326
0	102
0	407
0	730
0	276
0	63
0	583
1	631
0	910
0	314
1	506
1	709
1	588
0	197
0	219
1	727
1	10
0	179
0	13
1	648
0	186
1	801
1	280
0	382
1	838
0	331
0	409
1	814
0	866
0	583
1	573
0	873
0	440
0	414
1	378
0	912
1	779
0	644
0	795
0	942
1	446
0	978
0	915
0	227
0	776
0	879
0	647
0	661
0	483
1	518
1	728
0	863
1	6
1	370
0	467
0	951
1	529
1	556
1	692
1	770
1	268
0	751
1	98
1	115
1	442
1	702
1	540
1	859
1	655
1	232
1	386
1	390
1	440
1	405
1	311
1	681
1	303
0	733
1	92
1	548
1	456
0	472
0	859
0	536
0	686
1	82
1	969
0	496
0	926
1	79
0	366
1	385
1	414
1	940
1	201
0	272
0	936
1	346
1	159
1	50
1	907
1	250
0	625
0	350
1	400
1	784
1	148
1	15
1	409
1	818
1	85
1	45
0	91
1	905
1	549
0	899
1	459
1	918
1	211
1	279
1	963
1	347
0	603
1	830
1	790
1	382
0	623
1	670
1	22
0	198
1	719
1	35
1	271
1	877
1	538
1	712
0	783
1	397
0	779
1	770
1	197
1	298
1	631
0	700
1	214
1	111
0	132
1	845
1	376
1	606
1	932
1	549
1	151
0	253
0	515
0	521
0	34
0	456
1	225
1	440
1	439
1	345
0	233
1	490
0	283
1	246
1	777
0	632
1	893
1	881
1	88
0	511
1	382
1	779
1	464
0	344
0	135
0	827
0	428
0	997
0	831
1	789
1	994
1	703
0	832
1	724
0	477
0	930
0	241
0	436
0	842
0	686
0	826
0	259
1	382
1	40
0	141
0	620
0	955
1	220
1	334
1	923
1	411
1	14
0	28
1	457
1	251
1	700
0	593
1	681
1	672
1	832
1	544
1	761
1	194
1	595
0	439
1	66
1	195
0	114
1	945
0	373
1	325
0	953
1	440
1	810
0	930
1	609
1	117
0	26
0	76
1	48
0	66
1	56
0	54
1	60
0	42
1	71
1	65
0	37
0	7
1	60
1	48
1	66
1	36
0	54
0	55
0	48
1	12
0	68
1	43
0	22
1	71
1	9
0	22
1	34
0	49
0	10
0	67
1	27
1	42
1	11
0	41
1	62
1	21
0	65
1	82
1	55
0	78
0	23
1	15
1	24
1	46
1	4
0	40
1	15
1	31
1	55
1	72
1	82
1	43
1	71
0	20
0	34
0	33
1	16
0	61
0	37
1	80
0	50
1	9
1	60
1	81
1	62
1	71
1	48
0	35
1	76
0	61
0	71
0	32
1	16
0	63
1	22
1	68
1	11
0	57
0	29
0	50
0	17
1	8
0	62
1	0
1	82
0	15
1	47
0	49
1	37
0	30
0	76
1	2
1	74
1	6
1	15
0	53
1	71
0	12
1	41
0	30
0	79
0	28
0	7
0	93
1	3
0	4
1	42
0	19
1	50
1	16
0	57
0	21
1	20
0	12
1	91
1	80
1	20
0	12
1	91
1	80
1	20
0	12
1	91
1	80
0	16
0	26
0	16
0	26
0	16
0	26
1	3
1	32
1	3
1	32
1	3
1	32
0	31
1	88
0	87
0	79
1	60
1	75
1	86
1	49
0	31
1	88
0	87
0	79
0	31
1	88
0	87
0	79
0	77
1	25
0	2
0	98
0	77
1	25
0	2
0	98
0	77
1	25
0	2
0	98
0	89
0	89
0	8
0	89
0	8
0	89
0	8
0	47
0	89
0	8
0	47
1	49
1	49
1	63
1	49
1	63
1	49
1	63
1	41
1	49
1	63
1	41
1	66
1	66
0	62
1	81
1	57
1	66
0	62
1	81
1	66
0	62
1	81
1	57
1	66
0	62
1	81
1	57
1	25
1	94
1	94
0	60
1	76
1	50
1	94
0	60
1	76
1	50
0	75
1	71
1	94
0	60
1	76
1	50
0	75
1	71
1	48
1	94
0	60
1	76
1	50
0	75
1	71
0	66
0	66
1	17
1	19
0	66
1	17
1	19
0	66
1	17
1	19
0	61
1	15
1	50
1	84
0	31
0	37
0	18
1	23
1	98
0	74
1	13
1	54
1	0
1	86
1	29
0	56
1	82
0	65
0	24
1	41
1	34
0	66
1	17
1	19
0	61
1	15
1	50
1	84
0	31
0	37
0	18
1	23
1	98
0	74
1	13
1	54
1	0
0	27
1	38
1	2
0	23
0	21
1	64
1	32
0	46
1	71
1	39
0	78
1	40
0	95
1	74
1	56
1	31
0	52
0	68
0	5
0	42
0	37
1	65
1	3
1	17
1	0
0	48
1	51
0	57
1	60
0	63
0	22
1	67
0	47
1	7
0	68
1	76
1	10
1	46
1	12
1	38
1	6
0	41
1	33
1	95
1	16
1	18
1	31
1	40
1	91
0	65
0	25
1	64
0	95
1	37
1	55
0	34
1	59
1	32
0	28
1	10
1	95
1	85
1	37
1	37
1	68
0	43
1	85
1	35
1	44
1	37
1	68
0	43
1	85
1	35
1	44
1	23
1	37
1	68
0	43
1	85
1	35
1	44
1	23
1	52
0	96
1	33
1	20
1	37
1	37
0	62
0	61
1	88
0	22
0	18
0	70
1	37
0	62
0	61
1	88
0	22
0	18
0	70
0	66
0	46
1	37
0	62
0	61
1	88
0	22
0	18
0	70
0	66
0	46
0	89
1	41
0	92
0	34
0	78
1	37
0	62
0	61
1	88
0	22
0	18
0	70
0	66
0	46
0	89
1	41
0	92
0	34
0	78
1	37
0	62
0	61
1	88
0	22
0	18
0	70
0	66
0	46
0	89
1	41
0	92
0	34
0	78
1	6
1	6
1	32
1	96
1	46
1	55
1	6
1	32
1	96
1	46
1	55
1	74
1	6
1	32
1	96
1	46
1	55
1	74
0	54
1	72
1	40
1	69
1	69
1	66
0	95
0	44
1	6
0	51
0	64
1	0
1	63
1	40
1	69
1	66
0	95
0	44
1	6
0	51
0	64
1	0
1	63
1	40
1	99
1	27
1	98
1	24
1	25
1	69
1	66
0	95
0	44
1	6
0	51
0	64
1	0
1	63
1	40
1	99
1	27
1	98
1	24
1	69
1	66
0	95
0	44
1	6
0	51
0	64
1	0
1	63
1	40
1	99
1	27
1	98
1	69
1	66
0	95
0	44
1	6
0	51
0	64
1	0
1	63
1	40
1	99
1	27
1	98
1	24
1	85
1	85
1	36
1	1
0	69
1	44
1	56
1	85
1	36
1	1
0	69
1	44
1	56
1	70
1	93
1	85
1	36
1	1
0	69
1	44
1	56
1	70
1	93
0	92
0	79
1	33
1	18
1	76
1	55
1	85
1	36
1	1
0	69
1	44
1	56
1	70
1	93
0	92
0	79
1	33
1	18
1	76
1	55
1	43
1	85
1	36
1	1
0	69
1	44
1	56
1	70
1	93
0	92
0	79
1	33
1	18
1	76
1	74
1	74
0	84
1	96
0	52
1	80
1	23
1	82
1	74
0	84
1	96
0	52
1	80
1	23
1	82
1	32
1	92
1	74
0	84
1	96
0	52
1	80
1	23
1	82
1	32
1	92
0	89
1	11
1	69
0	22
1	47
1	76
1	39
1	74
0	84
1	96
0	52
1	80
1	23
1	82
1	32
1	92
0	89
1	11
1	69
0	22
1	47
1	76
1	39
1	74
0	84
1	96
0	52
1	80
1	23
1	82
1	32
1	92
0	89
1	11
1	69
0	22
1	47
1	76
1	39
0	61
1	63
1	26
1	71
0	69
0	69
0	87
0	40
0	24
0	85
0	69
0	87
0	40
0	24
0	85
0	39
0	69
0	87
0	40
0	24
0	85
0	39
0	17
0	33
0	11
1	25
0	12
0	69
0	87
0	40
0	24
0	85
0	39
0	17
0	33
0	11
0	69
0	87
0	40
0	24
0	85
0	39
0	17
0	33
0	11
1	25
0	12
0	68
1	77
1	77
1	11
1	78
1	9
0	24
0	27
1	52
1	20
1	61
1	77
1	11
1	78
1	9
0	24
0	27
1	52
1	20
1	77
1	11
1	78
1	9
0	24
0	27
1	52
1	20
1	61
0	18
1	26
1	91
1	30
1	45
1	25
1	77
1	11
1	78
1	9
0	24
0	27
1	52
1	20
1	61
0	18
1	26
1	91
1	30
1	45
1	25
1	77
1	11
1	78
1	9
0	24
0	27
1	52
1	20
1	61
0	18
1	26
1	91
1	30
0	81
0	9
0	97
1	7
0	62
1	77
0	15
1	49
1	45
1	26
1	85
0	15
1	42
1	4
0	8
1	36
1	16
1	9
0	28
1	18
0	66
1	54
0	84
1	14
0	19
0	89
1	3
1	51
1	27
0	10
0	64
0	28
0	61
1	14
1	55
1	85
1	39
0	90
0	57
1	92
0	74
0	44
0	13
1	24
1	51
0	34
0	74
0	75
0	90
1	43
0	90
0	93
1	69
0	61
0	55
1	32
0	84
0	13
1	43
1	37
0	53
1	89
1	93
1	92
1	99
1	19
0	21
0	28
0	9
1	80
1	63
1	62
1	65
0	81
0	43
0	76
0	48
0	23
0	53
1	93
0	3
0	27
0	94
0	30
0	71
0	25
0	51
0	59
0	34
0	18
0	90
0	86
0	57
0	9
0	98
0	29
0	25
0	82
0	36
1	81
0	34
0	40
0	60
1	61
0	31
1	55
1	71
1	93
1	20
1	74
1	82
0	40
0	81
0	11
0	56
0	1
1	74
1	82
0	40
0	81
0	11
0	56
0	1
1	74
1	82
0	40
0	81
0	11
0	56
0	1
1	74
1	82
0	40
0	81
0	11
0	56
0	1
0	82
0	51
0	93
0	23
1	84
1	57
1	66
0	40
0	64
0	48
0	55
0	0
1	35
1	41
0	55
1	87
1	43
1	86
0	26
1	91
0	94
1	55
1	98
0	30
1	96
0	67
1	89
1	72
0	13
1	27
1	90
1	79
1	61
0	64
0	12
1	81
1	95
0	83
0	4
0	9
1	44
0	37
1	84
0	29
0	18
1	76
0	36
1	59
0	5
0	9
1	44
1	92
1	52
0	6
0	76
1	66
1	40
1	12
1	81
1	13
1	85
0	0
1	64
1	70
1	67
1	96
1	53
1	69
0	89
0	13
1	38
0	34
0	41
1	22
0	37
0	87
0	6
0	58
1	74
0	24
0	98
1	50
0	88
0	19
0	81
0	86
0	51
1	58
0	29
0	25
0	84
0	76
0	55
0	62
1	43
1	44
1	54
0	93
1	26
0	52
1	53
0	12
1	38
0	34
0	76
0	16
0	53
0	33
1	11
0	52
1	12
0	57
0	1
1	82
0	86
1	60
1	99
1	83
1	7
0	49
1	12
1	15
1	13
0	39
1	4
1	2
0	11
0	52
1	68
1	77
1	0
0	9
1	50
0	19
1	35
1	27
0	10
0	80
1	89
0	72
0	14
0	27
1	49
1	69
1	7
1	40
0	98
0	57
1	93
1	80
1	74
0	3
1	79
0	77
1	52
1	86
1	85
0	44
1	13
0	67
1	31
1	65
1	14
0	24
1	21
0	16
1	18
0	61
1	37
0	51
1	8
1	62
1	36
0	36
0	74
0	91
1	15
1	39
