1	507
1	507
1	570
0	993
1	678
1	678
1	163
1	678
1	163
0	610
0	160
1	573
0	755
0	981
0	41
0	41
1	457
1	44
1	649
1	83
1	83
1	684
1	808
1	83
1	684
1	808
0	334
1	611
1	83
1	684
1	808
0	334
1	611
1	480
1	83
1	684
1	808
0	334
1	611
1	480
1	13
1	83
1	684
1	808
0	334
1	611
1	480
1	13
1	83
1	684
1	808
0	334
1	611
1	480
1	13
1	531
1	83
1	684
1	808
0	334
1	611
1	480
1	13
1	531
1	376
1	392
1	898
1	86
0	433
0	433
1	282
1	739
1	99
0	433
1	282
1	739
1	99
1	648
0	433
1	282
1	739
1	99
1	648
1	931
0	433
1	282
1	739
1	99
1	648
1	931
1	334
0	433
1	282
1	739
1	99
1	648
1	931
1	334
0	433
1	282
1	739
1	99
1	648
1	931
1	334
1	40
0	433
1	282
1	739
1	99
1	648
1	931
1	334
1	40
1	984
1	706
1	529
0	761
1	155
1	811
1	649
1	649
0	835
1	657
0	991
0	147
1	649
0	835
1	657
0	991
0	147
1	622
1	893
1	29
1	649
0	835
1	657
0	991
0	147
1	622
1	893
1	29
1	649
0	835
1	657
0	991
0	147
1	622
1	893
1	29
1	877
1	649
0	835
1	657
0	991
0	147
1	622
1	893
1	29
1	649
0	835
1	657
0	991
0	147
1	622
1	893
1	29
1	877
1	649
0	835
1	657
0	991
0	147
1	622
1	893
1	29
1	877
1	28
1	722
1	310
0	404
1	279
1	892
0	164
1	813
1	864
1	78
1	78
1	985
0	34
1	726
1	78
1	985
0	34
1	726
1	636
1	320
1	78
1	985
0	34
1	726
1	636
1	320
1	78
1	985
0	34
1	726
1	636
1	320
1	526
1	78
1	985
0	34
1	726
1	636
1	320
1	526
1	78
1	985
0	34
1	726
1	636
1	320
1	526
1	78
1	985
0	34
1	726
1	636
1	320
1	526
0	917
0	603
1	775
1	346
1	646
0	793
1	722
1	810
1	826
1	826
1	928
1	340
1	826
1	928
1	340
1	880
1	826
1	928
1	340
1	880
1	411
1	826
1	928
1	340
1	880
1	411
1	615
1	826
1	928
1	340
1	880
1	411
1	615
1	826
1	928
1	340
1	880
1	411
1	615
1	826
1	928
1	340
1	880
1	411
1	615
0	892
1	685
1	4
1	283
1	924
1	917
1	559
1	559
1	849
1	107
1	559
1	849
1	107
1	580
1	559
1	849
1	107
1	580
1	817
1	559
1	849
1	107
1	580
1	817
1	723
1	559
1	849
1	107
1	580
1	817
1	723
1	559
1	849
1	107
1	580
1	817
1	723
1	559
1	849
1	107
1	580
1	817
1	723
1	884
1	30
0	53
1	712
0	498
0	86
1	295
0	803
1	380
1	217
0	788
1	404
1	573
1	760
1	597
1	597
1	526
1	101
1	597
1	526
1	101
1	243
1	597
1	526
1	101
1	243
1	530
1	597
1	526
1	101
1	243
1	530
1	367
1	597
1	526
1	101
1	243
1	530
1	367
1	597
1	526
1	101
1	243
1	530
1	367
1	597
1	526
1	101
1	243
1	530
1	367
1	124
1	722
1	289
1	31
0	778
0	778
0	852
1	678
0	543
0	778
0	852
1	678
0	543
1	145
0	912
1	221
1	822
1	992
0	778
0	852
1	678
0	543
1	145
0	912
1	221
1	822
1	992
1	298
0	778
0	852
1	678
0	543
1	145
0	912
1	221
1	822
1	992
1	298
0	778
0	852
1	678
0	543
1	145
0	912
1	221
1	822
1	992
0	778
0	852
1	678
0	543
1	145
0	912
1	221
1	822
1	992
1	298
0	778
0	852
1	678
0	543
1	145
0	912
1	221
1	822
1	992
1	298
1	915
1	78
1	537
1	245
1	772
1	772
1	659
0	309
1	615
1	772
1	659
0	309
1	615
1	22
1	772
1	659
0	309
1	615
1	22
1	202
1	772
1	659
0	309
1	615
1	22
1	202
1	499
1	772
1	659
0	309
1	615
1	22
1	202
1	499
1	772
1	659
0	309
1	615
1	22
1	202
1	499
1	26
1	772
1	659
0	309
1	615
1	22
1	202
1	499
1	26
1	721
0	135
1	393
1	238
0	794
1	813
1	719
1	156
1	156
1	277
1	91
1	156
1	277
1	91
1	581
1	156
1	277
1	91
1	581
0	268
0	809
0	582
1	201
0	387
1	95
1	281
1	903
1	156
1	277
1	91
1	581
0	268
0	809
0	582
1	201
0	387
1	95
1	281
1	903
1	156
1	277
1	91
1	581
0	268
0	809
0	582
1	201
0	387
1	95
1	281
1	903
1	156
1	277
1	91
1	581
0	268
0	809
0	582
1	201
0	387
1	95
1	281
1	903
1	310
1	156
1	277
1	91
1	581
0	268
0	809
0	582
1	201
0	387
1	95
1	281
1	903
1	310
1	476
0	695
1	422
1	593
1	778
1	798
1	617
1	775
0	383
0	334
1	0
0	643
0	459
0	156
0	331
0	216
0	352
0	770
1	980
1	850
0	344
1	967
1	48
1	404
0	655
0	726
0	856
0	762
0	972
0	217
1	717
1	815
1	17
1	874
1	434
1	452
0	24
0	223
0	537
0	267
0	577
1	823
0	617
1	184
1	448
1	281
1	938
1	44
1	713
1	336
1	978
1	92
1	69
1	725
0	222
1	779
0	875
1	279
1	715
0	638
1	857
0	741
0	221
0	164
1	651
1	501
0	487
0	385
0	929
1	890
0	176
0	459
0	164
0	883
0	982
0	252
0	521
0	807
1	546
1	628
1	68
0	768
0	196
1	922
1	8
1	779
1	609
1	297
1	112
1	702
1	691
0	190
1	666
0	758
1	794
0	322
1	824
1	61
1	227
1	174
1	858
1	756
0	251
1	106
1	799
1	68
1	46
1	310
0	905
1	881
1	450
0	708
1	563
1	964
1	757
0	756
0	158
1	449
1	412
0	41
0	429
1	973
1	524
0	452
1	497
1	928
1	622
1	508
1	121
1	853
1	400
0	630
0	114
0	156
0	102
0	691
0	385
1	307
1	450
0	973
0	898
0	130
1	485
0	42
0	853
1	56
1	687
1	380
1	470
1	500
1	685
1	932
1	431
0	265
1	556
0	69
1	124
1	486
0	241
1	802
1	203
0	868
1	238
1	58
1	138
1	584
1	311
1	112
0	899
1	777
1	481
0	695
0	804
0	568
1	654
1	32
0	120
1	322
1	858
1	323
0	747
0	535
0	917
0	317
0	104
0	748
0	967
0	301
0	971
0	720
1	30
1	903
0	219
0	650
1	72
1	290
1	818
1	306
1	869
1	442
1	149
1	849
0	761
1	215
0	51
0	846
0	40
0	654
0	900
0	125
1	144
1	45
1	824
0	373
0	877
1	402
0	855
1	977
0	354
1	17
0	694
0	69
1	339
1	298
1	19
0	483
1	939
1	847
1	978
0	691
0	250
1	859
0	317
1	428
0	490
0	935
0	101
1	845
0	743
1	612
1	307
1	629
1	470
1	933
1	596
1	158
0	109
1	517
1	246
0	905
0	750
0	91
0	914
1	514
0	440
1	5
0	155
1	293
0	14
1	819
1	6
0	210
1	546
1	411
1	929
0	891
1	177
1	456
1	362
1	1
1	374
1	877
0	297
0	939
1	687
1	299
1	530
1	527
1	597
0	342
0	72
1	173
1	555
0	648
1	107
1	800
1	664
1	911
1	881
0	173
0	992
1	16
1	905
1	54
1	182
1	539
1	761
1	856
1	456
1	579
1	838
1	535
1	334
0	950
0	772
1	179
1	827
0	673
0	733
1	223
1	238
1	459
0	228
1	993
1	136
0	422
0	690
1	530
1	674
1	529
0	838
1	752
1	372
0	851
1	122
1	528
1	420
1	76
1	477
1	268
1	698
0	586
1	18
0	321
1	701
1	887
0	691
1	927
0	596
0	44
1	799
1	888
0	584
1	748
1	530
0	773
0	750
0	256
1	766
1	562
0	988
0	193
1	11
1	646
1	172
1	546
1	224
1	269
1	676
0	440
1	128
1	765
0	375
0	276
0	334
1	50
1	133
1	69
1	595
1	111
0	95
0	578
0	986
1	936
0	177
0	368
0	507
0	953
1	930
1	755
0	243
0	54
1	361
0	888
0	409
1	703
1	638
1	797
1	613
1	243
0	976
0	403
0	816
0	626
1	465
0	238
0	669
0	77
1	57
1	81
1	69
1	21
1	9
1	76
1	5
0	49
1	77
1	31
0	43
1	15
0	11
1	38
0	7
0	12
1	66
1	78
0	53
0	35
0	9
1	68
0	27
1	37
1	0
1	10
1	3
1	47
0	4
1	36
0	71
0	55
0	5
0	38
0	13
0	31
0	80
0	63
1	32
0	36
0	30
1	0
0	17
1	11
1	22
0	64
1	50
1	51
1	4
1	21
1	50
1	59
1	19
1	55
1	17
1	43
1	65
0	65
0	40
0	59
1	71
0	48
1	54
0	9
1	53
1	69
1	25
0	74
0	67
0	0
0	34
0	16
0	72
0	44
0	60
0	38
0	62
1	56
1	0
1	51
0	77
0	6
1	16
1	30
0	63
0	81
1	22
0	41
1	71
1	68
1	37
1	34
0	61
1	48
1	2
0	13
1	74
1	53
1	27
1	0
0	34
1	75
0	41
1	30
0	40
1	21
1	52
1	25
1	78
1	82
1	49
0	32
1	25
1	60
1	58
1	53
1	23
0	26
1	16
1	5
1	35
1	139
1	18
1	103
1	65
1	28
1	3
0	156
0	110
0	37
1	115
0	102
0	86
1	16
0	50
0	20
1	48
0	110
0	78
1	47
0	156
0	11
0	141
0	4
0	22
1	56
1	55
0	110
1	141
0	110
1	127
1	43
1	52
1	16
1	56
1	67
0	131
1	33
0	67
0	2
0	90
1	33
1	19
1	80
1	31
0	38
0	77
1	96
1	23
0	18
1	79
1	41
1	78
0	88
1	93
1	51
0	88
1	93
1	51
0	88
1	93
1	51
0	17
0	11
0	17
0	11
0	17
0	11
0	68
0	29
0	68
0	29
0	68
0	29
1	47
0	52
0	24
1	26
1	84
0	32
0	56
0	2
1	25
0	43
1	47
0	52
0	24
1	26
1	84
0	32
0	56
0	2
1	25
0	43
1	47
0	52
0	24
1	26
1	84
0	32
0	56
0	2
1	25
0	43
0	19
1	52
0	68
1	61
1	58
1	99
1	52
0	68
1	61
1	58
1	52
0	68
1	61
1	58
1	99
0	99
0	99
1	78
0	26
0	99
1	78
0	26
0	99
1	78
0	26
1	10
0	47
0	35
0	99
1	78
0	26
1	10
0	47
0	35
1	77
0	6
0	90
0	73
0	73
0	33
0	73
0	33
0	73
0	33
0	30
0	73
0	33
0	30
0	70
0	70
0	21
0	70
0	21
0	70
0	21
0	33
0	70
0	21
0	33
1	52
1	52
1	64
1	52
1	64
1	52
1	64
0	11
1	30
1	62
1	52
1	64
0	11
1	30
1	62
1	73
1	73
0	38
0	59
0	52
1	73
0	38
0	59
0	52
0	9
1	73
0	38
0	59
0	52
1	73
0	38
0	59
0	52
0	9
1	6
1	75
1	18
1	59
1	44
0	51
1	7
1	48
1	48
1	23
1	35
0	68
1	47
1	23
1	50
1	90
1	39
0	29
1	1
0	7
0	65
0	51
1	17
0	74
1	50
1	50
1	20
1	33
1	65
1	2
1	50
1	20
1	33
1	65
1	2
1	12
1	50
1	20
1	33
1	65
1	2
1	12
0	86
0	54
1	64
1	82
1	56
0	21
1	30
1	78
1	1
1	1
0	4
0	49
0	78
1	77
1	69
1	70
1	1
0	4
0	49
0	78
1	77
1	69
1	70
1	2
1	64
1	6
1	1
0	4
0	49
0	78
1	77
1	69
1	70
1	2
1	64
1	6
1	76
1	94
1	1
0	4
0	49
0	78
1	77
1	69
1	70
1	2
1	64
1	6
1	76
1	94
1	1
0	4
0	49
0	78
1	77
1	69
1	70
1	2
1	64
1	6
1	76
1	94
1	54
1	6
1	6
0	31
0	45
1	80
0	64
1	82
0	18
0	78
0	71
0	32
0	1
1	6
0	31
0	45
1	80
0	64
1	82
0	18
0	78
0	71
0	32
1	6
0	31
0	45
1	80
0	64
1	82
0	18
0	78
0	71
0	81
0	81
0	87
0	69
1	30
0	74
0	25
0	36
0	81
0	87
0	69
1	30
0	74
0	25
0	36
0	81
0	87
0	69
1	30
0	74
0	25
0	36
0	76
1	11
0	59
1	67
0	62
1	40
0	91
0	23
0	28
0	81
0	87
0	69
1	30
0	74
0	25
0	36
0	76
1	11
0	59
0	81
0	87
0	69
1	30
0	74
0	25
0	36
0	76
1	11
0	59
1	67
0	62
1	40
0	91
0	23
0	28
0	71
0	57
0	20
0	83
0	26
0	95
0	95
0	76
0	20
1	54
0	65
1	9
0	46
0	10
0	52
0	85
0	95
0	76
0	20
1	54
0	65
1	9
0	46
0	10
0	52
0	95
0	76
0	20
1	54
0	65
1	9
0	46
0	10
0	52
0	85
0	74
0	98
0	95
0	76
0	20
1	54
0	65
1	9
0	46
0	10
0	52
0	85
0	74
0	98
0	95
0	76
0	20
1	54
0	65
1	9
0	46
0	10
0	52
0	85
0	74
0	98
0	25
0	25
0	12
0	38
0	42
1	65
0	40
0	25
0	12
0	38
0	42
1	65
0	40
1	57
0	61
0	50
0	23
0	94
0	25
0	12
0	38
0	42
1	65
0	40
1	57
0	61
0	50
0	23
0	94
0	25
0	12
0	38
0	42
1	65
0	40
1	57
0	61
0	50
0	23
0	94
0	25
0	12
0	38
0	42
1	65
0	40
1	57
0	61
0	50
0	23
0	94
0	19
1	44
0	81
0	66
0	95
0	55
1	25
1	25
0	2
0	96
1	91
0	29
1	32
1	51
1	90
1	25
0	2
0	96
1	91
0	29
1	32
1	51
1	25
0	2
0	96
1	91
0	29
1	32
1	51
1	90
1	84
1	98
1	39
1	25
0	2
0	96
1	91
0	29
1	32
1	51
1	90
1	84
1	98
1	39
1	50
1	25
0	2
0	96
1	91
0	29
1	32
1	51
1	90
1	84
1	98
1	39
1	50
0	28
0	28
0	20
1	81
1	86
1	6
1	3
0	28
0	20
1	81
1	86
1	6
1	3
0	67
0	95
1	70
1	0
0	23
0	68
0	28
0	20
1	81
1	86
1	6
1	3
0	67
0	95
1	70
1	0
0	23
0	68
1	72
1	45
1	90
1	52
1	56
1	4
0	98
1	57
0	41
1	76
1	73
0	2
0	35
0	62
1	22
1	9
1	34
1	19
0	1
1	59
1	50
0	47
0	33
1	31
1	61
0	28
0	20
1	81
1	86
1	6
1	3
0	67
0	95
1	70
1	0
0	23
0	68
1	72
1	45
1	90
1	52
1	56
1	4
0	98
1	57
0	28
0	20
1	81
1	86
1	6
1	3
0	67
0	95
1	70
1	0
0	23
0	68
1	72
1	45
1	90
1	52
1	56
1	4
0	98
1	57
0	41
1	76
1	73
0	41
1	63
0	58
1	21
0	42
1	52
1	6
1	17
0	32
1	59
0	82
1	27
1	99
1	83
1	53
1	27
0	36
1	58
0	42
1	30
1	95
1	25
0	99
0	96
1	69
0	36
0	8
1	28
0	2
0	64
0	15
0	32
0	21
0	77
0	65
0	13
1	31
0	40
1	11
1	17
1	23
0	58
1	91
1	48
1	78
1	56
0	13
0	74
0	79
0	11
0	12
1	95
0	6
0	82
0	97
0	66
0	18
1	34
1	31
1	80
1	41
1	43
1	70
0	71
0	56
0	89
1	28
0	39
0	88
1	16
1	93
1	69
1	49
0	41
1	30
0	98
0	51
0	44
1	97
1	35
0	57
0	68
0	41
1	51
0	26
0	44
0	79
0	87
0	1
1	31
0	49
1	50
0	59
0	84
0	53
0	34
0	42
0	18
1	91
0	50
1	28
0	68
0	29
0	48
0	34
0	42
0	18
1	91
0	50
1	28
0	68
0	29
0	48
1	94
0	75
0	58
0	46
0	53
0	34
0	42
0	18
1	91
0	50
1	28
0	68
0	29
0	48
1	94
0	75
0	58
0	46
0	53
0	34
0	42
0	18
1	91
0	50
1	28
0	68
0	29
0	48
1	94
1	85
0	27
0	70
0	1
0	19
1	15
0	65
0	38
0	57
0	46
0	81
0	8
0	9
0	79
1	77
1	53
0	27
1	16
1	85
1	82
0	5
0	86
0	4
0	44
0	34
0	68
1	70
0	24
0	83
0	6
0	8
1	98
0	23
0	54
0	36
1	82
0	0
0	67
1	68
0	86
0	56
0	59
0	93
0	12
1	96
1	45
0	63
0	94
0	12
0	34
1	25
1	53
1	58
1	32
1	38
0	65
0	96
0	60
0	33
1	24
0	66
0	43
1	74
0	69
0	42
0	87
0	6
0	7
0	97
1	73
1	83
0	72
1	64
1	36
1	42
1	51
1	18
0	57
0	12
0	65
0	5
0	69
1	42
0	4
0	27
0	93
0	57
0	19
0	17
0	81
1	24
0	71
0	73
0	99
0	47
0	93
0	13
1	35
0	86
0	94
1	15
1	96
0	95
0	76
1	53
0	93
1	32
0	89
0	54
1	46
0	86
1	55
1	84
1	31
1	9
0	50
0	18
1	13
0	55
0	24
0	82
0	19
1	90
1	83
0	1
1	72
0	87
