0	885
0	885
1	100
1	94
1	596
1	596
1	596
1	884
1	715
1	6
1	7
1	351
1	150
0	934
0	934
0	389
0	481
1	381
1	381
1	729
0	976
1	904
1	381
1	729
0	976
1	904
1	47
1	381
1	729
0	976
1	904
1	47
1	223
1	381
1	729
0	976
1	904
1	47
1	223
0	663
0	247
0	159
1	22
1	279
1	112
1	522
0	364
1	721
1	360
1	381
1	729
0	976
1	904
1	47
1	223
0	663
0	247
0	159
1	22
1	279
1	112
1	522
0	364
1	721
1	360
1	381
1	729
0	976
1	904
1	47
1	223
0	663
0	247
0	159
1	22
1	279
1	112
1	522
0	364
1	721
1	360
1	381
1	729
0	976
1	904
1	47
1	223
0	663
0	247
0	159
1	22
1	279
1	112
1	522
0	364
1	721
1	360
0	919
0	919
1	142
1	683
1	952
0	919
1	142
1	683
1	952
1	174
0	919
1	142
1	683
1	952
1	174
1	687
0	919
1	142
1	683
1	952
1	174
1	687
1	263
0	919
1	142
1	683
1	952
1	174
1	687
1	263
0	919
1	142
1	683
1	952
1	174
1	687
1	263
1	748
0	919
1	142
1	683
1	952
1	174
1	687
1	263
1	748
1	989
1	640
1	789
0	378
0	579
0	139
0	759
1	210
1	959
1	443
1	36
1	279
1	174
1	174
1	221
1	152
1	174
1	221
1	152
1	784
1	174
1	221
1	152
1	784
0	181
1	910
1	174
1	221
1	152
1	784
0	181
1	910
1	272
1	174
1	221
1	152
1	784
0	181
1	910
1	272
1	174
1	221
1	152
1	784
0	181
1	910
1	272
1	263
1	174
1	221
1	152
1	784
0	181
1	910
1	272
1	263
1	268
1	706
1	721
1	572
1	270
1	270
1	890
1	133
1	270
1	890
1	133
1	343
1	270
1	890
1	133
1	343
1	674
1	270
1	890
1	133
1	343
1	674
1	936
1	270
1	890
1	133
1	343
1	674
1	936
1	270
1	890
1	133
1	343
1	674
1	936
1	270
1	890
1	133
1	343
1	674
1	936
1	630
1	499
0	818
1	478
0	392
0	475
1	670
1	3
1	523
1	117
1	182
1	182
0	779
1	42
1	947
1	182
0	779
1	42
1	947
1	135
1	182
0	779
1	42
1	947
1	135
0	212
0	478
0	768
1	182
0	779
1	42
1	947
1	135
0	212
0	478
0	768
1	699
0	227
1	225
0	27
1	332
1	289
0	213
1	24
0	45
1	560
1	228
1	182
0	779
1	42
1	947
1	135
0	212
0	478
0	768
1	699
0	227
1	225
0	27
1	332
1	289
0	213
1	24
0	45
1	560
1	228
0	334
1	724
1	176
1	294
1	182
0	779
1	42
1	947
1	135
0	212
0	478
0	768
1	699
0	227
1	225
0	27
1	332
1	289
1	182
0	779
1	42
1	947
1	135
0	212
0	478
0	768
1	699
0	227
1	225
0	27
1	332
1	289
0	213
1	24
0	45
1	560
1	228
0	334
1	724
1	176
1	294
1	767
1	767
1	123
1	813
1	767
1	123
1	813
1	828
1	767
1	123
1	813
1	828
0	35
1	661
1	767
1	123
1	813
1	828
0	35
1	661
1	499
1	767
1	123
1	813
1	828
0	35
1	661
1	499
1	767
1	123
1	813
1	828
0	35
1	661
1	499
0	908
1	565
1	847
1	767
1	123
1	813
1	828
0	35
1	661
1	499
0	908
1	565
1	847
0	340
0	786
1	678
0	284
0	748
1	451
1	482
0	339
1	793
1	805
1	322
0	868
1	876
1	247
1	757
1	840
1	840
0	444
0	616
0	732
1	840
0	444
0	616
0	732
1	338
1	754
1	950
1	840
0	444
0	616
0	732
1	338
1	754
1	950
1	499
1	840
0	444
0	616
0	732
1	338
1	754
1	950
1	499
0	428
1	743
1	840
0	444
0	616
0	732
1	338
1	754
1	950
1	499
1	840
0	444
0	616
0	732
1	338
1	754
1	950
1	499
0	428
1	743
1	660
1	840
0	444
0	616
0	732
1	338
1	754
1	950
1	499
0	428
1	743
1	660
1	683
0	807
1	488
0	73
0	284
0	916
1	325
1	2
1	103
0	731
1	797
1	949
1	969
1	969
1	496
1	237
1	969
1	496
1	237
1	382
1	969
1	496
1	237
1	382
1	781
1	969
1	496
1	237
1	382
1	781
0	890
0	286
1	443
0	975
1	862
1	415
0	302
0	149
1	580
0	671
1	10
1	441
1	969
1	496
1	237
1	382
1	781
0	890
0	286
1	443
0	975
1	862
1	415
0	302
0	149
1	580
0	671
1	10
1	441
1	969
1	496
1	237
1	382
1	781
0	890
0	286
1	443
0	975
1	862
1	415
0	302
0	149
1	580
0	671
1	10
1	441
1	969
1	496
1	237
1	382
1	781
0	890
0	286
1	443
0	975
1	862
1	415
0	302
0	149
1	580
0	671
1	10
1	441
1	312
0	424
1	637
0	274
0	274
0	926
1	278
1	711
1	396
0	274
0	926
1	278
1	711
1	396
1	319
0	274
0	926
1	278
1	711
1	396
1	319
1	520
0	274
0	926
1	278
1	711
1	396
1	319
1	520
1	112
0	274
0	926
1	278
1	711
1	396
1	319
1	520
1	112
0	274
0	926
1	278
1	711
1	396
1	319
1	520
1	112
0	274
0	926
1	278
1	711
1	396
1	319
1	520
1	112
1	522
1	587
1	609
0	732
1	227
1	376
1	320
1	353
1	353
1	513
1	903
1	353
1	513
1	903
1	760
1	353
1	513
1	903
1	760
1	704
1	353
1	513
1	903
1	760
1	704
1	556
1	353
1	513
1	903
1	760
1	704
1	556
1	353
1	513
1	903
1	760
1	704
1	556
1	353
1	513
1	903
1	760
1	704
1	556
1	575
1	311
0	474
1	676
1	2
0	713
0	157
0	13
0	325
0	145
1	814
1	471
1	448
1	22
1	96
1	457
1	916
1	516
1	779
1	832
1	608
1	121
1	702
0	344
1	158
0	755
0	689
1	775
0	952
1	422
1	163
1	500
1	685
0	334
0	530
1	167
0	634
0	716
0	195
0	465
0	689
0	252
0	378
0	729
0	613
0	777
0	660
1	170
1	49
0	452
0	204
0	727
0	175
0	300
1	452
1	470
1	965
0	449
0	839
0	635
0	992
0	521
0	147
1	830
1	943
1	614
1	9
1	165
0	232
1	83
0	979
1	832
0	866
0	30
1	529
0	370
1	277
0	704
0	378
0	72
0	534
0	245
0	954
0	430
0	576
0	737
1	681
0	260
1	996
1	881
0	145
1	133
0	842
1	109
1	399
1	314
1	675
1	883
1	686
1	902
1	566
1	22
0	803
1	603
1	172
0	868
1	335
1	845
1	458
0	7
1	846
1	75
1	588
1	843
1	11
0	153
0	553
1	814
1	673
1	838
1	159
1	117
1	220
1	278
1	697
1	109
1	524
1	640
0	523
1	354
0	941
1	366
0	149
1	50
1	376
1	570
0	275
1	57
1	786
1	729
1	648
1	550
0	699
1	204
1	494
0	854
0	858
1	226
1	591
1	948
1	798
1	710
0	509
1	322
0	759
1	130
1	225
0	827
1	692
1	374
1	920
1	534
1	787
0	634
0	603
1	423
1	425
1	994
1	211
1	294
1	188
1	213
1	660
0	463
1	906
0	655
1	797
1	342
1	474
1	706
0	627
1	90
1	54
1	919
1	829
0	76
1	187
1	372
0	576
0	1
0	822
1	362
0	482
1	772
0	654
0	977
1	389
0	744
1	170
1	15
0	830
1	55
0	870
1	624
0	882
0	67
0	551
1	897
0	92
0	515
0	411
0	565
0	595
0	364
1	446
0	899
0	136
0	534
1	253
0	223
0	49
0	431
1	417
1	610
1	641
0	820
0	900
0	677
1	117
1	981
1	211
1	531
0	523
1	963
1	971
0	750
1	581
0	386
1	90
0	468
0	399
1	341
0	218
0	677
0	726
1	304
0	849
1	75
1	196
0	514
1	54
1	395
0	35
1	231
1	124
0	964
1	344
1	761
1	768
0	281
1	956
1	425
1	138
0	221
0	315
1	474
1	569
1	644
0	32
1	548
1	362
1	180
1	980
1	219
0	685
1	83
1	959
0	426
1	696
1	64
1	141
0	896
1	347
1	667
0	729
1	520
1	222
1	438
0	230
1	532
1	644
1	66
1	231
1	393
0	742
0	118
0	923
0	990
0	782
1	927
0	925
0	869
1	685
1	708
1	11
1	427
1	83
0	799
0	854
0	465
0	101
0	153
0	959
1	922
0	356
0	235
0	962
0	458
0	174
1	2
0	694
0	124
1	737
0	512
0	299
0	515
1	70
0	910
0	978
1	825
0	99
0	287
1	679
0	942
1	564
1	218
0	466
0	910
1	370
1	283
1	195
1	620
1	953
0	228
1	577
1	704
1	658
0	857
0	648
0	726
1	620
1	517
0	152
1	214
1	361
0	655
1	415
1	83
1	948
1	370
0	112
1	835
1	693
1	121
0	603
1	397
0	817
0	635
0	931
0	588
1	850
0	692
0	938
0	42
0	512
0	49
0	277
0	817
0	391
0	900
0	921
1	183
0	584
0	730
0	82
0	93
0	70
1	497
1	239
1	280
1	502
1	485
1	807
1	180
0	924
1	569
0	215
1	956
1	789
1	59
1	7
1	10
1	34
1	65
1	46
0	31
1	15
1	3
0	5
0	36
1	63
0	61
1	49
1	56
0	55
0	10
0	0
1	61
0	17
0	78
1	43
0	19
0	72
1	27
0	45
0	81
1	41
1	70
0	20
1	29
0	51
1	15
1	79
0	46
0	29
1	38
0	78
1	48
0	59
0	32
0	49
0	7
0	20
0	51
1	75
1	16
1	30
0	61
0	4
0	57
0	35
0	60
1	70
0	81
0	76
1	60
1	40
0	9
1	75
1	5
0	48
1	58
1	24
1	11
1	82
0	44
1	72
1	75
0	36
0	69
0	51
0	8
0	52
0	47
0	55
0	27
0	62
1	43
1	35
1	37
0	74
0	41
1	34
1	72
1	55
1	66
1	22
1	3
1	6
1	55
1	80
1	2
1	31
1	60
1	33
1	8
1	6
1	31
1	73
0	76
1	44
0	19
0	59
1	75
1	67
0	162
0	9
0	145
0	18
0	68
0	94
1	75
0	11
1	50
1	147
1	121
1	85
0	65
1	32
1	95
1	36
1	20
1	159
1	127
1	61
0	23
1	108
1	10
1	22
0	23
1	71
1	30
0	20
1	121
1	118
1	65
1	148
1	24
1	107
1	89
1	39
1	19
0	59
1	64
1	57
1	93
0	33
1	22
0	20
1	18
0	0
1	21
1	52
0	11
1	20
0	1
1	5
1	60
1	5
1	60
1	5
1	60
0	21
0	94
0	21
0	94
0	21
0	94
1	35
1	32
1	35
1	32
1	35
1	32
0	16
0	42
0	16
0	42
0	16
0	42
0	35
1	62
1	65
1	59
0	35
1	62
1	65
1	59
1	53
0	35
1	62
1	65
1	59
0	94
0	94
0	4
0	94
0	4
0	94
0	4
0	45
0	94
0	4
0	45
0	89
0	89
1	81
0	73
1	45
0	79
1	5
0	80
0	42
0	89
1	81
0	73
1	45
0	79
1	5
0	80
0	42
0	4
0	89
1	81
0	73
1	45
0	79
1	5
0	80
0	42
0	4
0	89
1	81
0	73
1	45
0	79
1	5
0	80
0	42
0	4
0	52
0	8
0	8
0	47
0	8
0	47
0	8
0	47
0	40
0	8
0	47
0	40
1	98
1	98
1	26
1	98
1	26
1	98
1	26
0	51
0	16
1	2
0	67
0	71
0	35
1	98
1	26
0	51
0	16
1	2
0	67
0	71
0	35
0	79
1	97
0	41
0	43
0	43
1	23
1	21
0	0
1	7
1	9
0	43
1	23
1	21
0	0
1	7
1	9
0	43
1	23
1	21
0	0
1	7
1	9
1	76
0	43
1	23
1	21
0	0
1	7
1	9
1	76
1	49
0	27
1	43
0	77
1	80
1	65
1	0
1	36
1	46
0	14
1	83
1	28
1	87
1	64
0	41
0	88
1	63
1	60
1	99
1	9
1	30
1	1
0	3
0	88
0	51
0	31
0	67
0	97
1	20
1	76
0	9
1	68
1	26
1	24
1	79
0	67
0	67
1	68
1	41
1	30
0	90
1	55
1	54
0	67
1	68
1	41
1	30
0	90
1	55
1	54
1	65
1	60
0	67
1	68
1	41
1	30
0	90
1	55
1	54
1	65
1	60
1	42
1	13
0	92
0	78
1	58
1	48
1	80
1	80
1	86
1	79
1	62
0	20
1	10
1	80
1	86
1	79
1	62
0	20
1	10
1	4
0	58
1	66
1	40
1	80
1	86
1	79
1	62
0	20
1	10
1	4
0	58
1	66
1	40
0	90
1	74
1	51
0	29
1	18
1	59
1	80
1	86
1	79
1	62
0	20
1	10
1	4
0	58
1	66
1	40
0	90
1	80
1	86
1	79
1	62
0	20
1	10
1	4
0	58
1	66
1	40
0	90
1	74
1	51
0	29
1	18
1	59
0	99
1	1
0	52
1	71
1	34
1	35
1	17
0	22
0	97
1	78
1	30
1	38
0	88
0	88
0	3
0	90
0	56
0	41
0	88
0	3
0	90
0	56
0	41
0	94
0	88
0	3
0	90
0	56
0	41
0	94
0	99
0	9
0	20
1	35
1	35
1	75
1	52
1	34
1	32
1	35
1	75
1	52
1	34
1	32
1	65
1	35
1	75
1	52
1	34
1	32
1	65
1	31
1	10
0	98
1	67
1	1
1	35
1	75
1	52
1	34
1	32
1	65
1	31
1	10
0	98
1	67
1	1
1	35
1	75
1	52
1	34
1	32
1	65
1	31
1	10
0	98
1	67
1	1
0	95
0	5
1	60
0	11
1	86
0	12
1	3
1	85
1	6
1	93
1	13
1	13
1	24
0	59
1	34
1	2
1	52
1	13
1	24
0	59
1	34
1	2
1	52
1	18
0	1
0	16
0	79
1	83
1	58
0	36
1	48
1	97
1	67
1	44
1	40
1	78
1	13
1	24
0	59
1	34
1	2
1	52
1	18
0	1
0	16
0	79
1	83
1	58
0	36
1	48
1	97
1	67
1	44
1	13
1	24
0	59
1	34
1	2
1	52
1	18
0	1
0	16
0	79
1	83
1	58
0	36
1	48
1	97
1	67
1	44
1	40
1	13
1	24
0	59
1	34
1	2
1	52
1	18
0	1
0	16
0	79
1	83
1	58
0	36
1	48
1	97
0	95
0	95
0	87
0	65
1	14
0	0
0	57
0	95
0	87
0	65
1	14
0	0
0	57
0	69
0	95
0	87
0	65
1	14
0	0
0	57
0	69
0	47
0	61
0	77
0	28
0	95
0	87
0	65
1	14
0	0
0	57
0	69
0	47
0	61
0	77
0	28
0	95
0	87
0	65
1	14
0	0
0	57
0	69
0	47
0	61
0	77
0	28
1	23
0	68
1	14
1	14
1	37
0	2
1	83
1	86
1	20
1	40
1	14
1	37
0	2
1	83
1	86
1	20
1	40
1	14
1	37
0	2
1	83
1	86
1	20
1	40
1	29
1	66
1	76
1	13
1	14
1	37
0	2
1	83
1	86
1	20
1	40
1	29
1	66
1	76
1	13
1	14
1	37
0	2
1	83
1	86
1	20
1	40
1	29
1	66
1	76
1	13
0	8
1	57
1	59
0	9
0	9
1	91
1	6
1	8
1	64
0	44
1	48
1	79
0	93
1	67
1	13
0	9
1	91
1	6
1	8
1	64
0	44
1	48
1	79
0	9
1	91
1	6
1	8
1	64
0	44
1	48
1	79
0	93
1	67
1	13
0	95
1	19
1	74
1	90
1	78
0	9
1	91
1	6
1	8
1	64
0	44
1	48
1	79
0	93
1	67
1	13
0	95
1	19
1	74
1	90
0	9
1	91
1	6
1	8
1	64
0	44
1	48
1	79
0	93
1	67
1	13
0	95
1	19
0	72
0	92
0	93
0	79
0	9
0	34
0	62
0	65
1	39
1	47
0	72
1	99
1	61
1	85
1	65
1	61
1	91
0	83
0	91
1	7
0	67
0	51
0	43
0	29
1	20
1	90
1	59
1	66
0	5
0	58
1	4
0	15
0	95
0	95
1	46
1	60
0	83
0	13
0	17
0	87
1	73
1	14
1	0
1	53
1	1
0	52
1	26
1	16
0	83
1	61
0	89
1	8
1	65
1	9
0	53
1	95
1	55
1	76
1	41
1	66
1	9
1	42
0	81
1	82
1	33
0	79
1	99
1	39
0	76
0	2
1	26
1	70
0	16
1	88
1	73
1	46
1	2
0	17
1	93
1	36
1	59
0	22
1	14
0	81
0	9
1	77
0	75
1	38
1	55
0	8
0	5
0	37
1	19
1	50
1	20
0	23
0	95
0	82
0	63
0	30
0	32
0	83
0	5
1	46
0	12
1	55
1	34
0	25
1	22
1	71
0	11
1	47
1	37
1	71
0	83
1	88
0	5
0	34
1	72
0	40
1	52
0	30
1	96
0	44
0	56
0	9
0	5
0	34
1	72
0	40
1	52
0	30
1	96
0	44
0	56
0	9
0	5
0	34
1	72
0	40
1	52
0	30
1	96
0	44
0	56
0	5
0	34
1	72
0	40
1	52
0	30
1	96
0	44
0	56
0	9
1	37
0	79
0	67
0	36
1	28
0	64
0	74
0	32
0	62
0	88
0	18
1	74
1	42
0	5
0	15
0	1
1	17
1	42
0	34
0	18
1	88
0	23
1	40
1	43
0	40
0	96
0	19
1	82
0	34
0	13
0	92
1	84
0	40
0	65
1	67
1	22
0	83
1	12
1	97
1	61
0	73
1	7
1	47
0	81
0	9
1	93
0	95
1	94
1	27
0	58
0	32
1	21
0	90
1	3
1	77
1	35
0	98
1	99
1	71
1	1
0	82
0	14
1	13
1	95
1	94
1	24
0	12
1	39
0	93
0	97
0	99
1	9
0	66
1	36
0	82
0	76
1	34
0	16
0	54
0	5
0	23
1	78
0	39
1	57
0	6
1	75
0	60
1	32
0	27
0	64
1	9
1	49
1	40
1	39
1	33
0	26
1	46
1	16
0	55
0	99
0	5
0	38
1	87
0	55
0	98
0	44
0	91
0	46
1	49
0	67
0	44
0	15
0	48
0	37
0	0
0	27
1	78
0	1
1	4
1	2
1	58
1	31
1	3
1	60
0	96
1	97
0	55
1	54
0	49
0	93
1	2
0	41
0	35
0	46
1	49
0	46
1	99
1	19
1	66
1	63
0	2
1	22
1	52
0	42
1	92
0	50
1	42
1	29
1	20
0	51
0	17
0	56
