0	905
0	905
1	947
1	801
1	329
1	329
1	52
1	329
1	52
0	701
1	713
1	622
1	879
1	254
0	242
0	242
0	399
1	693
1	600
0	937
1	656
1	656
1	188
0	880
1	121
1	656
1	188
0	880
1	121
1	350
1	656
1	188
0	880
1	121
1	350
1	293
1	656
1	188
0	880
1	121
1	350
1	293
1	215
1	656
1	188
0	880
1	121
1	350
1	293
1	215
1	656
1	188
0	880
1	121
1	350
1	293
1	215
1	656
1	188
0	880
1	121
1	350
1	293
1	215
0	150
1	918
0	706
1	347
0	930
0	695
0	264
1	436
0	761
1	160
1	426
1	367
1	451
1	703
0	352
0	352
1	404
1	93
1	33
0	352
1	404
1	93
1	33
0	852
0	572
0	352
1	404
1	93
1	33
0	852
0	572
1	716
0	485
1	791
1	504
1	508
0	352
1	404
1	93
1	33
0	852
0	572
1	716
0	485
1	791
1	504
1	508
0	352
1	404
1	93
1	33
0	852
0	572
1	716
0	485
1	791
1	504
0	352
1	404
1	93
1	33
0	852
0	572
1	716
0	485
1	791
1	504
1	508
0	352
1	404
1	93
1	33
0	852
0	572
1	716
0	485
1	791
1	504
1	508
1	410
1	535
1	54
1	867
1	867
0	221
1	170
1	911
1	867
0	221
1	170
1	911
1	505
1	867
0	221
1	170
1	911
1	505
0	717
1	918
1	520
0	125
1	92
1	658
1	867
0	221
1	170
1	911
1	505
0	717
1	918
1	520
1	867
0	221
1	170
1	911
1	505
0	717
1	918
1	520
1	867
0	221
1	170
1	911
1	505
0	717
1	918
1	520
1	867
0	221
1	170
1	911
1	505
0	717
1	918
1	520
0	125
1	92
1	658
0	994
1	361
1	530
1	693
1	693
1	294
0	673
1	654
1	693
1	294
0	673
1	654
1	390
1	611
1	693
1	294
0	673
1	654
1	390
1	611
1	693
1	294
0	673
1	654
1	390
1	611
1	48
1	693
1	294
0	673
1	654
1	390
1	611
1	48
1	693
1	294
0	673
1	654
1	390
1	611
1	48
1	602
1	693
1	294
0	673
1	654
1	390
1	611
1	48
1	602
0	380
1	652
1	707
0	741
0	240
1	675
1	959
1	998
0	256
0	256
1	671
1	668
0	549
0	291
0	256
1	671
1	668
0	549
0	291
1	272
1	273
1	294
1	579
0	256
1	671
1	668
0	549
0	291
1	272
1	273
1	294
0	256
1	671
1	668
0	549
0	291
1	272
1	273
1	294
1	579
0	256
1	671
1	668
0	549
0	291
1	272
1	273
1	294
1	579
0	256
1	671
1	668
0	549
0	291
1	272
1	273
1	294
1	579
1	637
0	256
1	671
1	668
0	549
0	291
1	272
1	273
1	294
1	579
1	637
1	467
1	585
1	958
1	384
1	384
0	228
1	997
0	551
1	247
0	965
1	944
1	462
1	384
0	228
1	997
0	551
1	247
0	965
1	944
1	462
1	384
0	228
1	997
0	551
1	247
0	965
1	944
1	462
1	844
1	384
0	228
1	997
0	551
1	247
0	965
1	944
1	462
1	844
1	384
0	228
1	997
0	551
1	247
0	965
1	944
1	462
1	844
1	384
0	228
1	997
0	551
1	247
0	965
1	944
1	462
1	844
1	384
0	228
1	997
0	551
1	247
0	965
1	944
1	462
1	844
0	329
1	210
1	199
1	806
1	484
0	359
0	359
0	722
1	339
0	865
0	359
0	722
1	339
0	865
1	877
1	813
1	274
0	359
0	722
1	339
0	865
1	877
1	813
1	274
1	647
0	359
0	722
1	339
0	865
1	877
1	813
1	274
1	647
1	475
0	359
0	722
1	339
0	865
1	877
1	813
1	274
1	647
1	475
0	359
0	722
1	339
0	865
1	877
1	813
1	274
1	647
1	475
0	359
0	722
1	339
0	865
1	877
1	813
1	274
1	647
1	475
1	36
1	292
1	539
0	398
0	97
1	439
1	666
1	367
1	10
1	10
0	715
1	837
1	84
1	10
0	715
1	837
1	84
1	900
1	10
0	715
1	837
1	84
1	900
1	711
1	10
0	715
1	837
1	84
1	900
1	711
1	920
1	10
0	715
1	837
1	84
1	900
1	711
1	920
1	10
0	715
1	837
1	84
1	900
1	711
1	920
0	49
1	484
0	950
1	729
1	849
1	10
0	715
1	837
1	84
1	900
1	711
1	920
0	49
1	484
0	950
1	729
1	849
1	458
1	669
1	669
1	258
0	662
0	681
1	617
1	369
1	669
1	258
0	662
0	681
1	617
1	369
1	669
1	258
0	662
0	681
1	617
1	369
0	460
1	575
1	814
1	669
1	258
0	662
0	681
1	617
1	369
0	460
1	575
1	814
1	807
1	806
1	669
1	258
0	662
0	681
1	617
1	369
0	460
1	575
1	814
1	807
1	669
1	258
0	662
0	681
1	617
1	369
0	460
1	575
1	814
1	807
1	669
1	258
0	662
0	681
1	617
1	369
0	460
1	575
1	814
1	807
1	806
1	427
1	268
0	210
0	210
1	815
1	40
1	692
0	210
1	815
1	40
1	692
1	908
0	210
1	815
1	40
1	692
1	908
1	75
0	210
1	815
1	40
1	692
1	908
1	75
1	628
0	210
1	815
1	40
1	692
1	908
1	75
1	628
0	210
1	815
1	40
1	692
1	908
1	75
1	628
0	188
1	850
0	210
1	815
1	40
1	692
1	908
1	75
1	628
0	188
1	850
1	90
0	553
0	828
0	136
1	871
1	584
1	245
1	18
1	569
1	308
0	916
1	847
1	652
0	671
1	778
1	141
1	349
1	201
1	947
1	34
0	916
0	524
1	537
0	700
0	780
1	611
1	406
0	630
0	682
1	457
1	274
1	213
1	361
1	548
0	47
0	924
0	727
1	721
1	441
1	635
0	607
1	260
1	651
1	225
0	722
1	778
0	844
0	777
1	783
0	788
1	9
0	946
0	104
0	120
1	349
1	721
1	909
1	995
1	820
1	802
0	465
0	488
0	640
0	504
0	339
1	594
1	11
0	656
1	584
0	241
1	617
0	387
0	373
0	411
0	629
0	583
0	196
1	547
0	134
0	669
0	60
0	528
0	447
0	9
0	944
1	452
0	905
1	39
0	474
1	367
1	695
1	949
1	100
1	764
1	227
0	2
1	710
1	879
0	95
0	768
1	836
1	20
1	734
0	175
1	321
0	950
1	580
1	265
1	72
0	552
1	725
0	342
1	805
1	537
1	943
1	815
0	145
1	449
1	416
1	557
0	60
0	699
0	61
1	863
0	625
1	896
1	797
1	437
0	821
1	80
0	140
0	887
0	77
1	306
1	587
1	336
1	950
1	412
1	352
0	501
0	621
0	762
1	343
0	863
0	202
1	475
0	544
1	842
0	396
0	519
1	316
0	388
1	50
1	930
1	785
0	953
1	833
1	215
1	911
0	507
1	440
1	271
0	998
0	278
1	439
1	829
1	822
0	166
1	319
0	269
1	853
0	321
1	329
1	214
1	431
1	527
1	869
0	104
1	934
1	51
0	394
1	509
1	271
0	96
0	979
1	595
1	196
1	268
1	358
0	514
1	737
0	236
1	763
1	747
1	52
1	549
0	326
0	299
1	257
1	319
1	443
0	577
1	228
1	602
1	889
0	345
0	870
1	356
1	477
1	272
1	316
1	450
0	802
0	826
1	796
1	778
0	839
1	449
0	409
1	484
0	16
1	770
0	800
0	645
1	591
0	361
0	862
0	542
1	364
0	285
0	926
1	404
1	434
1	569
0	100
1	119
0	520
1	250
0	304
1	908
1	590
0	455
0	746
1	382
0	56
1	521
0	526
1	208
0	890
0	465
1	290
1	692
0	475
0	307
0	746
0	162
0	712
0	20
0	264
0	314
0	385
0	266
0	156
0	858
1	638
0	374
1	543
1	664
0	218
0	920
0	173
0	734
1	413
0	715
0	786
0	181
0	45
0	369
0	306
0	194
0	69
0	739
0	370
0	934
1	337
0	257
0	650
0	188
1	72
1	962
1	270
1	39
1	598
1	55
1	742
1	774
1	172
1	396
1	687
1	20
0	95
1	823
0	121
1	329
0	53
1	372
0	192
1	923
1	787
1	789
1	113
0	271
1	697
1	166
0	303
1	159
1	762
0	590
1	687
0	128
1	726
1	904
1	424
1	271
0	578
1	627
0	407
0	41
1	637
1	245
0	44
0	651
1	338
0	720
1	18
1	668
1	346
1	376
1	160
1	224
1	677
0	633
1	54
0	689
1	764
1	743
1	827
0	131
0	709
1	773
0	33
0	988
0	219
1	641
1	249
1	391
1	970
1	64
0	360
1	163
1	94
0	114
1	884
0	780
1	605
0	601
1	567
1	332
1	750
1	375
1	898
1	468
1	374
1	374
0	317
0	491
1	805
0	888
1	534
0	314
0	130
0	866
0	44
0	4
1	51
0	806
1	390
0	183
1	755
1	930
1	336
1	858
0	438
0	354
1	44
0	316
0	923
1	281
0	561
0	913
1	116
0	167
1	794
1	2
1	97
1	768
1	876
0	715
1	388
1	372
1	88
0	269
1	283
0	837
0	923
0	778
1	410
1	601
1	60
1	384
0	199
0	30
0	495
0	259
0	977
1	415
1	82
1	826
1	366
1	204
0	956
1	982
0	984
1	412
0	977
1	385
0	459
0	90
0	244
0	182
1	945
0	440
1	550
0	220
0	438
0	117
0	640
1	905
1	850
0	591
1	306
0	719
1	399
1	685
1	467
1	40
1	29
1	76
1	69
1	57
1	13
1	72
1	66
1	14
1	24
1	13
0	51
1	73
1	19
1	67
0	50
0	45
0	80
0	61
1	64
1	49
0	29
0	63
1	37
1	36
0	71
1	80
1	49
0	29
1	77
0	12
1	69
1	7
0	10
1	81
1	54
1	76
1	20
0	44
0	51
0	81
0	46
0	57
0	79
1	77
1	13
1	28
0	73
0	74
0	54
1	12
0	80
0	20
1	23
0	74
0	64
1	76
1	75
0	79
0	57
0	35
0	4
0	82
1	11
0	80
0	34
0	29
1	8
1	48
0	77
1	76
1	75
0	6
0	55
0	68
0	66
1	21
1	7
0	60
0	78
1	30
1	45
0	28
0	39
1	31
0	62
1	12
0	37
0	24
0	40
0	76
0	70
1	48
0	66
0	3
1	30
1	4
1	29
1	19
1	70
1	68
1	39
0	78
0	69
0	9
0	70
0	38
0	3
0	10
0	41
1	81
1	67
1	19
1	6
1	49
1	70
1	38
0	40
0	77
0	100
0	148
0	35
0	154
0	65
0	81
0	72
1	36
1	66
1	79
1	49
1	59
1	116
1	47
1	142
1	28
1	48
0	114
0	77
0	148
0	120
1	149
1	151
1	21
1	5
1	161
1	62
0	122
0	151
0	24
0	134
1	72
1	38
1	138
1	18
0	92
0	44
1	77
1	119
1	98
1	5
0	141
1	43
1	100
0	60
0	20
1	125
1	73
0	39
0	127
0	2
0	13
0	88
0	47
0	44
0	146
0	65
1	15
1	75
0	4
0	31
1	52
1	74
0	83
0	101
0	99
0	42
0	47
0	7
0	52
0	133
1	63
0	12
1	51
1	107
0	1
0	23
0	111
0	92
0	56
0	61
0	9
0	88
1	47
0	131
1	15
0	142
0	86
1	78
1	79
1	47
0	16
1	4
1	142
0	143
1	66
1	40
0	88
0	39
0	91
0	81
0	123
1	69
0	18
0	108
1	49
0	118
1	26
1	108
1	35
0	51
1	111
1	39
1	54
1	132
1	23
0	2
0	107
1	67
0	61
0	89
0	103
1	120
0	130
1	109
0	25
0	8
0	55
0	51
0	16
0	69
1	51
1	52
1	10
1	2
0	67
1	6
0	75
0	54
1	0
0	46
1	44
1	72
0	22
1	67
1	65
1	4
1	61
1	74
1	3
1	27
1	40
1	28
1	45
1	56
1	31
1	35
1	59
1	38
0	62
0	0
1	10
1	73
1	35
1	25
1	49
0	2
0	16
1	3
1	4
0	5
0	15
0	10
0	13
1	11
1	9
1	10
1	14
1	5
1	16
1	3
1	12
1	1
1	11
1	10
1	7
1	0
1	13
1	9
1	5
1	3
1	1
1	5
1	12
0	16
0	3
1	6
1	15
1	13
1	14
0	7
0	2
1	8
1	9
1	4
1	0
0	11
1	10
1	15
1	16
0	6
1	12
1	0
1	3
0	14
1	2
1	8
1	1
1	3
0	11
1	10
1	6
0	8
0	15
0	4
1	9
1	0
0	16
0	7
1	5
1	13
1	1
1	4
1	9
1	1
1	12
0	6
1	16
1	3
1	0
0	2
1	13
0	14
1	8
0	7
0	15
1	10
1	5
0	11
0	11
0	11
0	11
0	11
0	11
0	11
0	11
0	11
0	11
0	11
1	16
0	7
0	10
0	13
1	11
1	1
1	6
0	8
0	15
0	14
0	0
0	2
1	0
1	4
0	13
1	8
1	14
0	7
1	6
1	10
1	5
1	0
0	15
1	2
1	16
0	6
0	11
1	12
0	7
0	13
1	1
0	9
0	4
0	3
0	48
0	77
0	54
0	63
1	97
1	51
1	8
1	22
1	13
0	65
1	97
0	56
0	55
1	0
1	44
0	64
1	43
0	68
0	52
1	71
0	83
0	7
0	16
0	52
0	95
0	52
0	95
0	52
0	95
0	51
1	71
0	80
0	51
1	71
0	80
0	51
1	71
0	80
1	81
0	65
1	56
0	15
0	52
1	81
0	65
1	56
0	15
0	52
1	66
1	95
0	62
1	38
1	58
1	90
1	72
1	32
1	81
0	65
1	56
0	15
0	52
1	66
1	95
0	62
1	38
1	58
1	90
0	35
1	15
0	49
0	17
1	79
0	30
0	80
0	35
1	15
0	49
0	17
1	79
0	30
0	35
1	15
0	49
0	17
1	79
0	30
1	13
0	92
1	33
0	78
0	57
1	13
0	92
1	33
0	78
0	57
0	93
0	5
1	13
0	92
1	33
0	78
0	57
1	72
1	72
1	8
1	72
1	8
1	72
1	8
1	9
1	72
1	8
1	9
1	1
1	1
1	22
1	1
1	22
1	1
1	22
1	36
1	1
1	22
1	36
0	39
0	39
1	16
0	14
1	32
1	68
1	80
1	54
0	77
0	72
0	34
0	0
1	93
1	61
1	3
1	31
0	39
1	16
0	14
1	32
1	68
1	80
1	54
0	77
0	72
0	34
0	0
1	93
1	61
1	3
1	31
1	69
0	39
1	16
0	14
1	32
1	68
1	80
1	54
0	77
0	72
0	34
0	0
1	93
1	61
1	3
1	31
1	69
0	62
1	83
1	12
1	27
0	39
1	16
0	14
1	32
1	68
1	80
1	54
0	77
0	72
0	34
0	0
1	93
1	61
1	3
1	31
1	69
0	62
1	83
1	12
1	27
1	76
0	33
1	57
1	84
1	81
1	81
1	46
1	81
1	46
1	81
1	46
1	65
1	81
1	46
1	65
0	10
0	10
0	19
0	10
0	19
0	10
0	19
1	65
0	74
0	10
0	19
1	65
0	74
0	34
0	27
0	90
0	70
0	88
0	51
1	40
0	85
1	62
1	92
0	8
1	34
0	17
0	32
0	14
0	11
1	43
0	95
0	47
1	1
0	39
0	75
1	6
0	64
0	33
0	98
0	93
0	91
0	4
0	56
0	20
1	79
1	67
0	37
1	48
1	85
1	29
1	61
1	2
1	2
0	0
0	34
1	14
0	99
0	48
0	38
1	2
0	0
0	34
1	14
0	99
0	48
0	38
1	37
0	96
0	44
1	9
0	64
1	23
0	97
0	30
0	1
1	2
0	0
0	34
1	14
0	99
0	48
0	38
1	37
0	96
0	44
1	9
0	64
1	23
1	98
1	98
1	42
1	75
1	83
1	80
1	98
1	42
1	75
1	83
1	80
1	58
1	98
1	42
1	75
1	83
1	80
1	58
0	82
1	5
0	85
1	62
1	84
1	16
1	98
1	42
1	75
1	83
1	80
1	58
0	82
1	5
0	85
1	62
1	84
1	16
1	98
1	42
1	75
1	83
1	80
1	58
0	82
1	5
0	85
1	62
1	84
1	16
0	2
0	2
0	57
0	39
0	5
1	25
0	37
0	2
0	57
0	39
0	5
1	25
0	37
0	31
0	2
0	57
0	39
0	5
1	25
0	37
0	31
1	71
1	79
1	94
1	94
1	22
1	32
1	2
1	77
1	94
1	22
1	32
1	2
1	77
1	44
1	94
1	22
1	32
1	2
1	77
1	44
0	3
1	64
1	1
1	21
1	33
1	94
1	22
1	32
1	2
1	77
1	44
0	3
1	64
1	1
1	21
1	94
1	22
1	32
1	2
1	77
1	44
0	3
1	64
1	1
1	21
1	33
1	68
0	1
0	1
0	18
1	40
0	54
0	29
1	21
1	55
0	78
1	5
1	35
1	16
0	1
0	18
1	40
0	54
0	29
1	21
1	55
0	78
1	5
1	35
1	16
1	41
0	1
0	18
1	40
0	54
0	29
1	21
1	55
0	78
1	5
1	35
1	16
1	41
1	45
0	1
0	18
1	40
0	54
0	29
1	21
1	55
0	78
1	5
1	35
1	16
1	41
1	45
0	65
0	96
1	90
1	70
1	53
1	30
0	1
0	18
1	40
0	54
0	29
1	21
1	55
0	78
1	5
1	35
1	16
1	41
1	45
0	65
0	96
1	90
1	70
1	53
1	30
0	97
0	97
0	82
1	20
0	62
0	57
1	45
0	38
1	78
1	75
1	36
0	19
0	30
0	53
0	26
0	87
0	81
0	97
0	82
1	20
0	62
0	57
1	45
0	38
1	78
1	75
1	36
0	19
0	30
0	53
0	26
0	87
0	97
0	82
1	20
0	62
0	57
1	45
0	38
1	78
1	75
1	36
0	19
0	30
0	53
0	26
0	87
0	81
0	44
0	97
0	82
1	20
0	62
0	57
1	45
0	38
1	78
1	75
1	36
0	19
0	30
0	53
0	26
0	87
0	81
0	44
0	0
0	97
0	82
1	20
0	62
0	57
1	45
0	38
1	78
1	75
1	36
0	19
0	30
0	53
0	26
0	87
0	81
0	13
0	13
0	7
0	79
0	71
1	76
0	38
0	96
0	13
0	7
0	79
0	71
1	76
0	38
0	96
0	13
0	7
0	79
0	71
1	76
0	38
0	96
0	5
0	26
1	69
0	6
1	22
0	74
0	78
0	29
0	45
0	55
0	13
0	7
0	79
0	71
1	76
0	38
0	96
0	5
0	26
1	69
0	6
1	22
0	74
0	78
0	29
0	45
0	55
0	83
0	18
1	70
0	19
0	13
0	7
0	79
0	71
1	76
0	38
0	96
0	5
0	26
1	69
0	6
1	22
0	74
0	78
0	29
0	45
0	55
0	44
0	44
0	13
0	58
0	19
1	62
0	85
0	44
0	13
0	58
0	19
1	62
0	85
0	67
0	44
0	13
0	58
0	19
1	62
0	85
0	67
0	35
0	4
0	29
0	6
0	44
0	13
0	58
0	19
1	62
0	85
0	67
0	35
0	4
0	29
0	6
0	44
0	13
0	58
0	19
1	62
0	85
0	67
0	35
0	4
0	29
0	6
0	82
1	15
1	61
0	86
1	45
0	93
0	44
1	84
0	74
0	95
1	51
1	78
0	33
0	27
0	2
0	6
0	43
0	21
0	95
1	71
1	29
0	25
1	31
1	24
0	40
0	83
0	51
1	92
0	11
1	43
1	88
0	17
0	5
1	16
0	32
0	69
0	56
1	11
0	32
0	74
0	96
1	30
0	6
0	48
1	55
1	33
1	35
1	58
0	25
1	97
0	36
1	28
1	19
1	71
1	12
1	41
0	60
1	25
1	77
1	84
0	85
0	34
0	81
1	87
1	63
1	35
0	50
0	7
1	96
1	81
0	79
0	25
0	40
0	46
0	53
0	27
0	74
1	15
1	17
1	60
1	56
1	98
0	15
0	31
0	16
1	83
0	69
0	53
0	6
1	32
1	87
0	11
1	80
1	0
1	14
0	32
0	0
0	96
0	24
1	94
0	87
0	62
0	24
1	46
0	27
0	80
1	61
0	44
1	25
0	81
0	32
0	74
0	67
1	64
1	56
0	68
1	26
1	47
1	1
0	67
1	64
1	56
0	68
1	26
1	47
1	1
0	67
1	64
1	56
0	68
1	26
1	47
1	1
0	67
1	64
1	56
0	68
1	26
1	47
1	1
1	88
0	51
1	71
0	92
1	34
1	57
1	13
1	57
0	60
1	93
0	81
1	73
1	98
0	97
0	80
1	95
0	27
1	91
1	88
0	21
1	51
1	92
0	43
0	22
0	1
0	56
0	32
0	6
0	95
0	36
0	2
0	0
1	85
0	91
1	33
1	69
1	96
1	97
0	83
1	92
1	2
0	59
1	89
0	55
1	12
0	98
1	4
0	43
0	41
0	69
1	75
1	1
1	13
1	30
1	36
1	9
1	4
0	45
1	42
1	2
1	46
0	28
0	34
1	25
0	0
1	98
1	85
0	18
0	90
0	16
1	47
1	67
1	33
0	84
1	64
0	36
0	8
0	4
0	41
0	50
1	46
1	88
0	65
0	68
1	83
1	95
1	69
1	67
0	45
0	7
1	34
1	60
1	2
1	6
1	37
1	79
1	78
0	82
1	81
0	12
1	67
0	31
0	41
1	32
1	34
1	13
1	33
1	6
1	6
0	39
0	56
1	36
0	16
0	95
0	85
0	23
0	66
0	72
1	61
1	65
0	71
0	6
0	33
0	68
0	51
0	75
0	57
0	8
0	7
1	47
0	49
1	29
1	73
1	7
1	62
1	31
0	56
1	26
1	55
0	72
0	14
