0	728
0	728
0	903
0	544
0	539
0	539
1	593
0	539
1	593
0	265
1	562
1	488
1	875
1	229
1	681
1	681
0	161
0	810
0	411
1	30
1	30
1	933
1	131
1	30
1	933
1	131
1	793
1	30
1	933
1	131
1	793
0	444
1	654
1	30
1	933
1	131
1	793
0	444
1	654
0	996
1	147
0	17
1	197
1	463
1	611
1	30
1	933
1	131
1	793
0	444
1	654
0	996
1	147
0	17
1	197
1	463
1	30
1	933
1	131
1	793
0	444
1	654
0	996
1	147
0	17
1	197
1	463
1	611
1	30
1	933
1	131
1	793
0	444
1	654
0	996
1	147
0	17
1	197
1	463
1	611
0	246
1	687
1	74
1	619
1	619
1	838
1	478
1	619
1	838
1	478
0	898
1	550
1	619
1	838
1	478
0	898
1	550
0	800
1	352
0	723
1	585
0	89
1	704
1	5
1	619
1	838
1	478
0	898
1	550
0	800
1	352
0	723
1	585
0	89
1	704
1	5
1	619
1	838
1	478
0	898
1	550
0	800
1	352
0	723
1	585
0	89
1	704
1	5
1	619
1	838
1	478
0	898
1	550
0	800
1	352
0	723
1	585
0	89
1	704
1	5
1	619
1	838
1	478
0	898
1	550
0	800
1	352
0	723
1	585
0	89
1	704
1	5
1	828
0	294
0	294
1	99
1	354
0	458
1	331
1	860
1	998
0	294
1	99
1	354
0	458
1	331
1	860
0	294
1	99
1	354
0	458
1	331
1	860
1	998
0	294
1	99
1	354
0	458
1	331
1	860
1	998
1	730
0	294
1	99
1	354
0	458
1	331
1	860
1	998
1	730
0	294
1	99
1	354
0	458
1	331
1	860
1	998
1	730
0	294
1	99
1	354
0	458
1	331
1	860
1	998
1	730
1	690
1	542
0	113
1	546
1	301
0	674
1	881
1	802
1	635
1	125
1	125
1	372
1	716
1	125
1	372
1	716
1	627
1	125
1	372
1	716
1	627
0	127
1	845
1	125
1	372
1	716
1	627
0	127
1	845
1	43
1	125
1	372
1	716
1	627
0	127
1	845
1	43
1	125
1	372
1	716
1	627
0	127
1	845
1	43
1	755
1	125
1	372
1	716
1	627
0	127
1	845
1	43
1	755
1	908
1	862
1	287
0	370
1	557
1	435
0	41
0	41
1	905
0	566
1	103
1	902
0	41
1	905
0	566
1	103
1	902
1	411
0	41
1	905
0	566
1	103
1	902
1	411
1	669
0	41
1	905
0	566
1	103
1	902
1	411
1	669
1	569
0	41
1	905
0	566
1	103
1	902
1	411
1	669
1	569
0	41
1	905
0	566
1	103
1	902
1	411
1	669
1	569
0	41
1	905
0	566
1	103
1	902
1	411
1	669
1	569
1	418
1	307
1	278
1	363
1	101
1	101
1	770
1	438
1	101
1	770
1	438
1	48
1	101
1	770
1	438
1	48
1	278
1	101
1	770
1	438
1	48
1	278
1	817
1	101
1	770
1	438
1	48
1	278
1	817
1	101
1	770
1	438
1	48
1	278
1	817
1	101
1	770
1	438
1	48
1	278
1	817
0	126
1	341
1	219
1	237
1	966
1	877
1	966
1	966
0	364
0	796
0	679
1	966
0	364
0	796
0	679
1	57
0	636
1	770
0	538
1	685
1	938
1	443
1	966
0	364
0	796
0	679
1	57
0	636
1	770
0	538
1	685
1	938
1	443
1	857
1	966
0	364
0	796
0	679
1	57
0	636
1	770
0	538
1	685
1	938
1	443
1	857
1	966
0	364
0	796
0	679
1	57
0	636
1	770
0	538
1	685
1	938
1	443
1	857
1	966
0	364
0	796
0	679
1	57
0	636
1	770
0	538
1	685
1	938
1	443
1	857
1	966
0	364
0	796
0	679
1	57
0	636
1	770
0	538
1	685
1	938
1	443
1	857
1	145
1	914
1	382
1	533
1	533
1	341
1	693
1	533
1	341
1	693
1	757
1	533
1	341
1	693
1	757
1	81
1	533
1	341
1	693
1	757
1	81
1	640
1	533
1	341
1	693
1	757
1	81
1	640
1	533
1	341
1	693
1	757
1	81
1	640
1	533
1	341
1	693
1	757
1	81
1	640
0	53
1	565
1	624
0	175
0	599
1	276
1	609
1	85
1	593
0	775
0	775
1	429
1	242
0	214
1	433
0	851
0	775
1	429
1	242
0	214
1	433
0	851
1	206
1	101
0	775
1	429
1	242
0	214
1	433
0	851
1	206
1	101
1	301
1	963
0	775
1	429
1	242
0	214
1	433
0	851
1	206
1	101
0	775
1	429
1	242
0	214
1	433
0	851
1	206
1	101
0	775
1	429
1	242
0	214
1	433
0	851
1	206
1	101
1	301
0	775
1	429
1	242
0	214
1	433
0	851
1	206
1	101
1	301
1	963
0	392
1	811
1	130
1	739
1	488
0	84
1	910
1	991
1	164
1	164
1	0
0	64
0	575
1	164
1	0
0	64
0	575
1	235
1	386
1	164
1	0
0	64
0	575
1	235
1	386
1	813
1	164
1	0
0	64
0	575
1	235
1	386
1	813
0	895
0	934
1	28
0	514
0	68
1	444
0	869
1	164
1	0
0	64
0	575
1	235
1	386
1	813
0	895
0	934
1	28
0	514
0	68
1	444
0	869
1	341
1	951
1	920
0	37
1	140
1	499
1	164
1	0
0	64
0	575
1	235
1	386
1	813
0	895
0	934
1	28
0	514
0	68
1	444
0	869
1	341
1	951
1	920
0	37
1	140
1	499
1	595
1	164
1	0
0	64
0	575
1	235
1	386
1	813
0	895
0	934
1	28
0	514
0	68
1	444
0	869
1	341
1	951
1	920
0	37
1	140
1	499
1	595
1	626
1	725
1	237
1	777
1	966
1	277
0	780
0	331
0	149
0	6
0	307
1	711
0	292
0	624
0	585
1	533
0	184
0	996
1	487
1	367
0	200
0	238
1	450
0	807
0	684
0	850
0	407
0	840
1	978
1	365
0	99
0	504
0	885
1	992
0	898
0	747
1	677
1	726
1	585
1	151
1	962
1	935
1	686
1	593
1	659
0	542
1	41
0	145
0	131
1	475
0	875
0	270
1	528
1	460
0	395
1	549
1	650
1	691
1	630
0	876
1	57
1	348
0	280
1	245
1	573
1	698
0	676
1	545
1	720
1	402
0	235
1	408
0	757
0	556
1	539
1	725
1	357
1	220
0	708
0	310
0	945
0	138
0	718
0	83
1	488
1	726
1	14
0	20
1	413
1	914
0	718
0	356
0	470
1	113
1	514
1	599
0	385
0	931
0	201
0	972
1	553
1	609
0	683
1	612
1	500
1	430
1	373
0	15
1	340
1	349
0	258
1	266
1	861
1	437
1	65
1	703
1	873
1	204
0	622
1	705
1	146
1	884
1	157
1	211
1	297
0	264
1	880
0	152
1	690
0	907
1	584
1	424
1	794
1	742
1	727
1	737
0	707
0	833
1	620
0	743
0	329
1	355
1	830
1	307
1	137
1	898
1	452
0	134
1	879
0	616
1	828
1	563
1	895
1	341
1	715
1	628
1	276
1	716
1	717
1	923
0	302
1	884
0	49
1	789
1	264
1	676
1	319
1	569
1	345
1	701
1	446
0	252
1	345
1	458
0	546
1	408
1	265
1	512
1	96
0	300
0	879
0	845
0	758
0	129
0	932
0	979
0	328
0	901
0	823
1	239
0	562
1	26
1	202
0	727
0	299
1	501
1	154
1	864
1	154
0	986
0	854
1	562
1	749
1	739
1	865
1	245
1	251
1	744
1	267
1	379
1	303
0	950
0	696
0	424
0	26
0	597
1	389
1	711
0	610
1	782
0	101
0	442
1	177
0	917
1	424
0	171
0	222
0	446
0	283
0	944
0	145
1	92
1	499
1	681
0	701
1	751
0	975
1	331
0	508
0	397
0	375
0	143
0	727
0	621
0	26
0	664
1	493
0	397
1	379
1	823
0	200
1	911
1	660
1	489
1	113
1	479
0	354
1	45
1	951
1	192
0	445
1	465
0	795
0	249
1	830
1	677
1	368
1	723
1	584
1	722
1	62
0	875
0	266
1	852
1	109
1	403
1	234
1	160
1	394
0	35
1	282
0	331
1	423
0	494
1	623
1	274
1	680
1	475
1	42
1	411
1	119
1	218
1	828
0	303
1	450
1	481
1	135
1	897
1	954
0	266
1	319
0	633
1	627
1	392
1	505
1	118
1	327
1	719
1	498
1	966
1	148
1	621
0	426
1	45
1	627
0	220
1	597
1	427
1	441
0	205
0	950
1	497
1	365
0	526
0	932
1	167
1	834
1	60
1	370
1	980
1	0
1	270
1	485
1	983
1	496
0	240
1	861
0	575
0	902
1	809
1	210
1	676
1	90
0	678
0	729
0	350
0	99
0	518
1	971
1	180
1	508
1	280
1	257
0	995
0	702
1	841
1	927
1	317
1	15
1	44
1	965
0	622
0	949
0	657
1	874
0	859
0	134
0	644
0	741
0	521
0	466
1	345
0	175
1	740
0	345
1	703
1	500
1	921
1	422
0	187
1	718
1	505
0	812
1	770
1	807
0	792
1	47
1	475
1	112
0	769
0	649
0	534
0	355
0	577
0	892
1	6
0	65
0	30
1	64
0	71
0	73
1	49
0	55
1	61
0	2
0	29
1	18
0	59
1	24
0	34
1	51
1	62
1	60
0	21
1	41
0	33
0	53
0	26
1	44
1	78
1	58
1	20
0	11
1	8
0	61
0	75
1	3
1	66
1	16
0	70
1	5
1	21
0	61
0	82
1	40
0	70
0	75
0	76
0	62
0	46
1	72
0	59
1	8
1	41
0	60
1	64
1	45
1	42
0	3
1	18
1	28
0	64
1	19
1	12
1	38
1	62
1	75
0	69
1	46
0	55
1	39
1	66
1	77
1	63
1	57
1	47
1	13
1	48
0	65
0	18
1	38
1	23
1	28
0	15
1	14
1	29
0	73
1	77
1	52
0	79
0	3
0	12
0	0
1	68
1	10
1	43
1	23
0	80
0	41
1	4
1	32
0	73
1	65
1	6
1	11
1	55
1	44
1	2
1	37
0	51
1	72
0	82
1	22
1	74
1	63
0	60
1	26
1	76
1	69
0	21
0	3
1	80
1	37
1	55
0	25
0	89
0	53
0	79
1	160
1	98
1	76
0	135
0	129
0	150
1	91
1	38
1	3
0	33
0	104
0	124
1	95
0	75
0	2
0	22
1	57
1	44
1	82
1	141
0	56
1	100
1	49
1	45
1	147
1	92
0	163
0	131
0	25
1	73
1	13
1	41
0	75
0	60
0	12
0	39
0	24
0	66
0	41
0	74
0	67
1	26
1	63
1	33
0	54
1	12
1	48
0	30
0	22
0	36
0	12
0	57
0	44
0	18
0	28
0	62
0	22
0	67
0	36
0	34
0	58
0	46
1	55
0	39
0	88
1	18
1	21
0	46
1	74
0	79
1	25
1	70
1	11
1	50
1	0
0	93
0	1
0	40
1	70
1	49
1	64
0	40
1	70
1	49
1	64
0	40
1	70
1	49
1	64
1	65
0	60
0	32
0	48
1	65
0	60
0	32
0	48
1	65
0	60
0	32
0	48
0	84
0	99
0	84
0	99
0	84
0	99
1	15
1	36
1	15
1	36
1	15
1	36
0	8
0	29
0	8
0	29
0	8
0	29
0	25
0	25
1	90
1	89
1	32
0	25
1	90
1	89
1	32
0	25
1	90
1	89
1	32
1	14
0	25
1	90
1	89
1	32
1	14
0	98
0	98
1	46
1	12
0	73
1	2
1	87
1	16
0	98
1	46
1	12
0	73
1	2
1	87
1	16
0	98
1	46
1	12
0	73
1	2
1	87
1	16
0	98
1	46
1	12
0	73
1	2
1	87
1	16
0	64
0	64
0	34
0	64
0	34
0	64
0	34
1	49
0	40
0	76
0	64
0	34
1	49
0	40
0	76
0	55
0	97
0	97
1	86
1	65
1	14
0	97
1	86
1	65
1	14
1	64
0	97
1	86
1	65
1	14
1	64
0	97
1	86
1	65
1	14
1	64
1	41
1	41
1	67
1	41
1	67
1	41
1	67
0	61
1	63
1	12
1	41
1	67
0	61
1	63
1	12
1	5
1	57
0	31
0	88
0	9
0	29
0	65
0	52
1	78
0	95
1	56
0	14
0	33
1	7
0	40
1	98
1	45
1	23
0	54
0	31
1	11
0	33
0	78
0	68
0	22
0	0
0	34
0	67
0	65
1	59
1	73
1	35
1	8
1	19
0	29
0	32
1	34
1	82
1	82
1	18
0	44
1	54
0	32
1	1
1	2
1	82
1	18
0	44
1	54
0	32
1	1
1	2
1	96
1	82
1	18
0	44
1	54
0	32
1	1
1	2
1	96
0	4
1	39
1	84
0	77
0	77
1	2
0	13
0	92
0	7
0	63
0	77
1	2
0	13
0	92
0	7
0	63
0	96
0	73
0	77
1	2
0	13
0	92
0	7
0	63
0	96
0	73
1	37
1	49
0	25
0	87
0	77
1	2
0	13
0	92
0	7
0	63
0	96
0	73
1	37
1	49
0	25
0	87
1	40
0	85
0	3
0	31
0	67
1	59
1	29
0	95
0	0
0	84
0	50
0	56
0	77
1	2
0	13
0	92
0	7
0	63
0	96
0	73
1	37
1	49
0	25
0	87
1	61
1	61
1	32
1	62
1	20
0	92
1	54
1	61
1	32
1	62
1	20
0	92
1	54
1	37
1	61
1	32
1	62
1	20
0	92
1	54
1	37
1	40
0	34
0	35
0	35
1	87
1	62
1	90
0	64
1	78
1	48
1	75
0	35
1	87
1	62
1	90
0	64
1	78
1	48
0	35
1	87
1	62
1	90
0	64
1	78
1	48
1	75
1	39
1	30
1	51
1	28
0	35
1	87
1	62
1	90
0	64
1	78
1	48
1	75
1	39
1	30
1	51
1	28
0	35
1	87
1	62
1	90
0	64
1	78
1	48
1	75
1	39
1	30
1	51
1	28
1	10
1	38
1	38
0	93
1	60
1	94
1	21
1	42
1	38
0	93
1	60
1	94
1	21
1	42
1	88
1	97
1	38
0	93
1	60
1	94
1	21
1	42
1	88
1	97
1	70
0	82
1	95
1	43
1	99
1	38
0	93
1	60
1	94
1	21
1	42
1	88
1	97
1	70
0	82
1	95
1	43
1	99
1	38
0	93
1	60
1	94
1	21
1	42
1	88
1	97
1	70
0	82
1	95
1	43
1	18
1	18
1	72
1	65
1	1
1	68
1	18
1	72
1	65
1	1
1	68
1	3
1	18
1	72
1	65
1	1
1	68
1	3
0	13
1	88
1	39
1	4
1	18
1	72
1	65
1	1
1	68
1	3
0	13
1	88
1	39
1	4
1	18
1	72
1	65
1	1
1	68
1	3
0	13
1	88
1	39
1	4
1	17
0	95
0	38
1	89
0	70
1	43
1	55
1	81
1	16
0	31
1	30
1	84
1	55
1	55
1	6
1	65
1	86
1	77
1	55
1	6
1	65
1	86
1	77
1	0
1	55
1	6
1	65
1	86
1	77
1	0
1	46
0	31
1	19
1	15
1	55
1	6
1	65
1	86
1	77
1	0
1	46
0	31
1	19
1	15
1	55
1	6
1	65
1	86
1	77
1	0
1	46
0	31
1	19
1	15
1	51
1	48
1	48
0	68
0	70
1	96
0	85
0	82
0	0
1	48
0	68
0	70
1	96
0	85
0	82
0	0
0	11
1	48
0	68
0	70
1	96
0	85
0	82
0	0
0	11
0	62
0	80
0	51
1	54
1	25
1	81
0	43
0	93
0	29
0	67
0	24
1	48
0	68
0	70
1	96
0	85
0	82
0	0
0	11
0	62
0	80
0	51
1	48
0	68
0	70
1	96
0	85
0	82
0	0
0	11
0	62
0	80
0	51
1	54
1	25
1	81
0	43
0	93
0	29
0	67
0	24
1	74
1	50
1	83
1	42
0	15
1	76
0	81
1	28
0	59
1	71
0	53
0	9
0	14
0	87
1	10
0	41
1	25
1	46
1	48
0	84
0	2
0	82
0	44
0	55
0	46
1	36
0	30
0	53
1	79
1	42
1	47
1	23
1	39
0	58
1	6
0	79
1	87
1	53
1	62
1	5
0	45
0	55
0	54
0	63
0	71
0	20
0	12
0	95
0	25
0	60
0	17
1	72
0	13
0	50
0	24
0	68
1	38
1	97
0	63
0	29
1	30
1	94
1	6
1	88
1	78
1	1
1	14
1	9
1	44
1	97
0	56
1	76
0	39
1	19
0	75
0	20
0	73
1	22
1	43
0	72
0	55
1	96
1	73
0	22
1	66
1	57
1	27
1	59
0	30
1	55
0	86
1	77
0	11
0	32
0	56
0	0
1	59
0	30
1	55
0	86
1	77
0	11
0	32
0	56
0	0
1	59
0	30
1	55
0	86
1	77
0	11
0	32
0	56
0	0
1	59
0	30
1	55
0	86
1	77
0	11
0	32
0	56
0	0
1	89
0	27
0	91
0	61
1	65
0	26
0	99
1	58
0	42
1	23
1	24
0	53
0	49
1	13
1	7
1	88
0	91
1	15
1	99
1	45
0	61
1	25
1	38
1	64
0	75
1	14
0	85
1	23
1	74
1	66
1	49
1	23
1	85
1	37
1	94
0	41
1	50
1	33
0	59
0	67
0	31
0	86
0	59
0	18
1	9
0	47
0	42
1	5
1	96
1	87
1	70
1	26
1	31
1	91
1	63
1	27
1	26
1	86
0	70
0	99
0	17
0	36
1	80
0	67
0	57
1	52
0	38
0	90
0	43
1	56
1	94
1	59
1	16
1	81
1	6
0	62
1	51
0	39
0	91
0	76
0	43
0	33
0	30
1	55
1	91
1	57
1	39
0	73
1	90
1	58
1	50
0	91
1	63
1	61
1	7
0	4
1	26
0	82
1	87
1	0
1	21
0	62
0	88
1	10
0	51
0	55
0	13
0	88
0	19
0	18
0	22
0	44
1	94
0	80
0	63
0	33
0	89
0	12
