0	816
0	816
0	10
0	255
1	939
1	939
0	214
1	939
0	214
0	999
1	56
1	896
0	360
0	95
1	60
1	60
1	870
1	969
1	641
1	641
1	143
0	483
0	253
0	393
1	641
1	143
0	483
0	253
0	393
0	199
1	641
1	143
0	483
0	253
0	393
0	199
1	466
0	946
1	561
0	442
0	173
1	641
1	143
0	483
0	253
0	393
0	199
1	466
0	946
1	561
0	442
0	173
1	117
1	782
1	688
1	712
1	641
1	143
0	483
0	253
0	393
0	199
1	466
0	946
1	561
0	442
0	173
1	641
1	143
0	483
0	253
0	393
0	199
1	466
0	946
1	561
0	442
0	173
1	117
1	782
1	688
1	712
1	641
1	143
0	483
0	253
0	393
0	199
1	466
0	946
1	561
0	442
0	173
1	117
1	782
1	688
1	712
0	643
0	931
1	506
1	698
0	394
1	940
1	83
1	714
1	163
1	693
1	693
1	951
1	749
1	693
1	951
1	749
1	65
1	693
1	951
1	749
1	65
1	700
1	693
1	951
1	749
1	65
1	700
1	186
1	693
1	951
1	749
1	65
1	700
1	186
1	693
1	951
1	749
1	65
1	700
1	186
1	693
1	951
1	749
1	65
1	700
1	186
1	142
1	966
1	442
1	484
1	243
1	243
1	832
1	207
1	243
1	832
1	207
1	444
1	243
1	832
1	207
1	444
1	746
1	243
1	832
1	207
1	444
1	746
1	931
1	243
1	832
1	207
1	444
1	746
1	931
1	243
1	832
1	207
1	444
1	746
1	931
1	243
1	832
1	207
1	444
1	746
1	931
0	396
1	165
0	792
1	610
1	410
0	996
1	449
1	337
1	15
1	15
1	38
1	557
1	15
1	38
1	557
1	149
1	15
1	38
1	557
1	149
1	923
1	15
1	38
1	557
1	149
1	923
0	237
1	420
1	15
1	38
1	557
1	149
1	923
0	237
1	420
1	15
1	38
1	557
1	149
1	923
0	237
1	420
1	965
1	15
1	38
1	557
1	149
1	923
0	237
1	420
1	965
1	133
1	202
1	24
1	129
1	653
1	653
1	307
0	19
1	883
1	653
1	307
0	19
1	883
1	892
1	653
1	307
0	19
1	883
1	892
0	716
1	537
0	84
1	983
1	543
1	653
1	307
0	19
1	883
1	892
0	716
1	537
0	84
1	983
1	543
1	653
1	307
0	19
1	883
1	892
0	716
1	537
0	84
1	983
1	543
1	653
1	307
0	19
1	883
1	892
0	716
1	537
0	84
1	983
1	543
1	653
1	307
0	19
1	883
1	892
0	716
1	537
0	84
1	983
1	543
1	547
1	296
0	512
1	705
1	846
0	85
1	579
1	88
1	88
1	279
1	266
1	88
1	279
1	266
0	431
0	304
0	207
1	808
1	785
1	981
1	88
1	279
1	266
0	431
0	304
0	207
1	808
1	785
1	88
1	279
1	266
0	431
0	304
0	207
1	808
1	785
1	981
1	88
1	279
1	266
0	431
0	304
0	207
1	808
1	785
1	981
1	88
1	279
1	266
0	431
0	304
0	207
1	808
1	785
1	981
1	449
1	88
1	279
1	266
0	431
0	304
0	207
1	808
1	785
1	981
1	449
0	107
1	567
1	769
1	190
1	206
1	754
0	658
0	658
0	551
1	15
0	101
0	658
0	551
1	15
0	101
1	462
1	743
1	720
0	658
0	551
1	15
0	101
1	462
1	743
1	720
1	691
0	658
0	551
1	15
0	101
1	462
1	743
1	720
1	691
1	401
0	658
0	551
1	15
0	101
1	462
1	743
1	720
1	691
0	658
0	551
1	15
0	101
1	462
1	743
1	720
1	691
1	401
0	658
0	551
1	15
0	101
1	462
1	743
1	720
1	691
1	401
1	771
1	257
1	44
0	369
1	954
0	371
1	571
1	678
1	423
1	423
1	79
1	733
1	423
1	79
1	733
1	928
1	423
1	79
1	733
1	928
0	719
1	380
1	423
1	79
1	733
1	928
0	719
1	380
1	587
1	423
1	79
1	733
1	928
0	719
1	380
1	587
1	423
1	79
1	733
1	928
0	719
1	380
1	587
1	616
1	423
1	79
1	733
1	928
0	719
1	380
1	587
1	616
0	291
0	325
0	199
0	950
1	601
0	870
1	259
1	645
1	547
0	630
1	65
1	677
1	70
1	907
1	907
1	479
1	590
1	907
1	479
1	590
0	356
1	716
1	907
1	479
1	590
0	356
1	716
1	516
1	907
1	479
1	590
0	356
1	716
1	516
1	274
1	907
1	479
1	590
0	356
1	716
1	516
1	274
1	907
1	479
1	590
0	356
1	716
1	516
1	274
1	935
1	907
1	479
1	590
0	356
1	716
1	516
1	274
1	935
0	576
1	313
1	880
1	707
1	464
1	599
1	599
1	931
1	5
1	599
1	931
1	5
1	905
1	599
1	931
1	5
1	905
1	294
1	599
1	931
1	5
1	905
1	294
1	412
1	599
1	931
1	5
1	905
1	294
1	412
1	599
1	931
1	5
1	905
1	294
1	412
1	599
1	931
1	5
1	905
1	294
1	412
1	386
1	512
1	920
0	718
1	416
1	632
1	542
0	590
1	997
1	348
1	678
1	504
1	242
1	984
1	729
0	598
1	577
0	141
0	484
1	676
1	160
1	761
0	853
0	719
1	739
0	493
0	967
1	465
0	93
1	791
0	961
0	903
1	654
1	485
1	199
1	330
1	204
1	614
1	861
1	218
1	451
1	644
0	345
1	151
1	377
0	756
1	834
0	972
0	858
0	497
0	484
0	846
1	60
1	78
1	640
0	505
1	513
0	347
1	488
1	798
1	527
1	847
0	575
0	45
0	324
0	675
0	728
0	206
1	616
1	580
0	34
1	114
1	913
1	496
0	330
1	138
1	636
1	161
1	234
1	433
1	684
1	106
0	485
0	735
1	799
1	626
0	476
0	824
1	0
0	271
0	239
0	803
1	25
1	618
1	221
0	453
1	778
0	335
1	87
0	235
1	237
1	285
1	479
1	164
0	276
1	90
0	849
1	327
1	540
1	225
0	978
1	92
0	770
0	193
1	637
0	186
1	43
1	15
0	616
0	103
1	977
1	576
0	154
1	714
1	555
1	780
0	14
1	350
1	443
1	104
1	397
1	517
1	351
1	306
0	56
1	259
0	312
1	960
1	573
1	181
0	741
1	749
1	840
1	630
1	959
1	42
0	568
1	492
1	736
1	547
0	846
0	394
1	825
1	412
1	222
1	864
0	472
0	62
0	696
0	194
0	706
0	623
0	774
0	637
1	622
1	30
0	736
1	788
0	883
1	240
0	875
0	498
0	919
0	777
0	881
0	445
0	514
1	753
1	488
1	694
1	510
0	549
1	108
1	972
1	148
0	524
1	331
0	474
1	90
1	957
0	768
0	964
0	994
1	257
0	870
1	398
1	419
0	274
0	514
0	112
0	272
1	48
1	993
0	88
1	24
1	979
1	261
0	680
0	144
1	630
0	496
0	29
0	943
0	666
1	288
1	133
0	690
1	926
0	557
1	13
0	829
1	432
1	121
1	468
0	652
0	497
1	309
0	419
1	362
0	258
0	35
1	641
1	126
1	271
1	355
1	746
0	112
0	994
0	97
0	765
0	975
1	211
1	467
1	445
1	317
1	68
1	217
1	222
1	684
1	12
1	386
0	177
1	854
1	73
1	211
1	533
1	966
0	555
0	860
1	458
0	821
1	333
0	619
1	225
1	704
1	84
1	217
1	23
0	772
1	278
1	546
1	149
1	66
0	430
1	790
1	480
1	264
1	329
0	708
0	193
0	710
0	248
1	402
0	204
1	539
1	236
0	424
1	88
1	485
1	607
0	653
1	336
0	716
1	205
1	207
0	323
1	239
1	687
1	186
1	212
1	985
1	963
1	199
0	85
0	104
0	140
1	225
1	327
1	133
1	975
1	888
1	475
0	365
1	667
0	408
0	257
1	243
1	317
1	906
0	743
1	32
1	723
0	595
1	892
0	63
1	417
1	317
1	657
1	319
1	874
0	650
1	60
1	774
1	173
1	480
1	820
1	941
0	675
1	797
1	317
1	857
1	833
1	20
1	532
1	554
1	379
1	156
1	654
1	461
1	405
1	887
1	809
1	185
1	84
1	779
1	433
0	558
1	411
0	35
1	640
1	853
1	239
0	439
1	343
1	141
0	692
0	569
1	40
0	643
0	772
0	625
1	969
1	437
1	713
1	307
1	244
0	668
1	182
1	528
1	664
1	134
1	759
1	613
0	334
1	820
1	693
1	974
1	254
1	668
0	17
0	33
0	68
0	22
1	53
1	58
0	82
0	14
1	5
1	16
1	50
1	61
1	63
1	31
1	21
0	33
0	48
0	42
0	70
1	40
1	57
0	60
0	46
0	73
0	1
1	52
0	7
1	28
1	68
0	30
1	20
1	43
0	43
0	54
0	4
1	15
0	71
1	53
1	29
0	25
0	36
0	54
0	8
1	50
1	40
1	12
0	9
0	11
1	4
0	61
1	31
1	69
0	28
1	70
1	22
0	6
1	61
0	30
1	32
1	1
0	23
0	17
1	44
1	64
0	70
0	54
1	78
0	14
0	49
1	58
1	81
1	37
1	28
1	79
1	36
1	56
1	21
0	0
1	64
0	29
1	47
1	20
1	65
1	51
0	37
1	80
1	17
0	28
1	44
0	32
0	35
1	8
0	48
1	49
0	65
1	25
0	6
0	41
1	134
1	7
1	146
1	37
0	122
0	109
0	90
0	114
0	37
0	151
1	105
0	28
0	63
0	10
0	118
0	83
0	65
0	147
0	62
0	71
1	53
0	83
1	85
1	93
1	69
1	0
0	4
0	38
0	121
0	118
0	120
0	33
0	89
1	29
0	61
1	53
0	105
0	75
0	28
1	57
1	25
1	70
0	40
0	26
0	21
1	47
1	58
1	5
0	34
0	66
0	42
0	21
0	14
0	19
0	65
1	71
1	0
1	63
1	52
1	29
1	48
0	17
0	50
0	18
1	54
1	49
1	24
1	39
1	73
1	52
0	46
1	25
1	2
0	69
0	21
1	61
0	80
1	39
1	16
1	3
1	55
1	21
0	94
1	20
0	56
0	95
1	86
0	55
0	88
1	20
1	87
1	20
1	87
1	20
1	87
0	16
1	41
0	54
0	23
0	16
1	41
0	54
0	23
0	16
1	41
0	54
0	23
1	72
1	51
1	72
1	51
1	72
1	51
1	65
0	0
0	53
1	71
0	85
1	24
1	36
1	65
0	0
0	53
1	71
0	85
1	24
1	36
1	65
0	0
0	53
1	71
0	85
1	24
0	76
0	32
0	76
0	32
0	76
0	32
1	9
1	9
1	57
1	9
1	57
1	9
1	57
0	22
0	56
0	2
0	59
1	9
1	57
0	22
0	56
0	2
0	59
1	42
1	42
0	6
0	4
1	44
0	8
1	2
1	11
1	25
1	61
1	30
1	42
0	6
0	4
1	44
0	8
1	2
1	11
1	25
1	61
1	30
1	42
0	6
0	4
1	44
0	8
1	2
1	11
1	25
1	61
1	30
1	90
1	58
1	42
0	6
0	4
1	44
0	8
1	2
1	11
1	25
1	61
1	30
1	90
1	58
1	52
1	23
1	8
1	8
0	47
0	32
0	21
0	10
1	8
0	47
0	32
0	21
0	10
1	8
0	47
0	32
0	21
0	10
1	8
0	47
0	32
0	21
0	10
1	59
1	59
1	27
1	59
1	27
1	59
1	27
0	79
1	55
1	59
1	27
0	79
1	55
1	71
1	39
1	39
1	46
1	39
1	46
1	39
1	46
0	34
1	76
1	39
1	46
0	34
1	76
1	40
0	48
1	18
0	41
0	38
0	65
1	85
1	2
0	67
0	52
0	28
1	9
1	90
1	22
0	94
0	47
1	39
0	54
0	13
0	93
1	12
1	64
0	59
0	23
0	91
0	0
0	98
1	94
1	27
1	58
0	35
0	95
0	1
0	80
0	27
1	14
0	62
1	82
0	84
1	67
0	11
0	98
0	1
1	2
0	0
1	8
1	71
0	26
0	50
0	73
0	84
1	55
1	82
0	32
0	37
0	52
0	68
0	31
0	85
1	57
0	63
0	78
0	95
0	61
0	61
0	7
1	24
0	6
0	54
0	86
0	61
0	7
1	24
0	6
0	54
0	86
1	1
1	97
0	23
0	95
1	25
0	99
1	52
0	34
0	68
0	61
0	7
1	24
0	6
0	54
0	86
1	1
1	97
0	23
0	95
1	25
0	99
1	52
0	34
0	25
0	25
0	20
0	84
0	73
0	10
0	25
0	20
0	84
0	73
0	10
0	6
0	25
0	20
0	84
0	73
0	10
0	6
1	91
0	26
0	54
0	47
1	87
1	82
0	51
1	41
0	86
0	68
0	17
0	22
0	57
0	25
0	20
0	84
0	73
0	10
0	6
1	91
0	26
0	54
0	47
0	25
0	20
0	84
0	73
0	10
0	6
1	91
0	26
0	54
0	47
1	87
1	82
0	51
1	41
0	86
0	68
0	17
0	22
0	57
0	43
0	48
0	29
1	61
1	61
1	42
1	93
1	8
1	81
1	61
1	42
1	93
1	8
1	81
1	14
1	61
1	42
1	93
1	8
1	81
1	14
0	49
1	65
1	3
0	8
0	8
0	5
0	54
0	46
0	15
0	8
0	5
0	54
0	46
0	15
0	96
0	8
0	5
0	54
0	46
0	15
0	96
1	48
0	3
1	89
0	73
1	63
0	34
1	24
0	35
1	19
0	80
1	82
0	94
1	12
0	44
0	38
1	85
0	29
0	95
0	8
0	5
0	54
0	46
0	15
0	96
1	48
0	3
1	89
0	73
1	63
0	34
1	24
0	35
1	19
0	80
1	82
0	94
1	12
0	44
0	38
1	85
0	29
0	95
0	97
0	8
0	5
0	54
0	46
0	15
0	96
1	48
0	3
1	89
0	73
1	63
0	34
1	24
0	35
1	19
0	80
1	82
0	94
1	12
0	44
0	38
1	85
0	29
0	95
0	97
1	63
1	63
1	48
1	60
1	15
0	43
1	25
1	63
1	48
1	60
1	15
0	43
1	25
1	62
1	79
1	63
1	48
1	60
1	15
0	43
1	25
1	62
1	79
0	77
1	82
0	9
1	83
1	26
0	96
1	58
1	63
1	48
1	60
1	15
0	43
1	25
1	62
1	79
0	77
1	82
0	9
1	83
1	26
0	96
1	58
1	14
1	63
1	48
1	60
1	15
0	43
1	25
1	62
1	79
0	77
1	82
0	9
1	83
1	26
0	96
1	58
1	14
0	64
0	64
0	84
0	74
1	77
1	68
1	22
1	51
1	55
0	64
0	84
0	74
1	77
1	68
1	22
1	51
1	55
1	61
0	64
0	84
0	74
1	77
1	68
1	22
1	51
1	55
1	61
0	66
1	59
0	25
0	24
1	11
0	95
1	21
1	29
1	39
0	56
1	67
0	14
1	54
1	28
1	1
1	53
1	97
0	52
0	58
0	49
1	73
1	71
1	76
1	98
0	89
0	37
1	92
0	40
1	82
1	34
0	33
1	91
0	64
0	84
0	74
1	77
1	68
1	22
1	51
1	55
1	61
0	66
1	59
0	25
0	24
1	11
0	95
1	21
1	29
1	39
0	56
1	67
0	14
1	54
1	28
1	1
1	53
1	97
0	52
0	58
0	49
1	73
1	71
1	76
1	98
0	89
0	37
1	92
0	40
1	82
1	34
0	33
1	91
1	7
1	5
1	20
1	2
0	85
1	6
1	50
0	64
0	84
0	74
1	77
1	68
1	22
1	51
1	55
1	61
0	66
1	59
0	25
0	24
1	11
0	95
1	21
1	29
1	39
0	56
1	67
0	14
1	54
1	28
1	1
1	53
1	97
0	52
0	58
0	49
1	73
1	71
1	76
1	98
0	89
0	37
1	92
0	40
1	82
1	34
0	23
0	23
1	11
1	56
0	68
0	28
1	89
0	42
0	95
0	23
1	11
1	56
0	68
0	28
1	89
0	42
0	95
0	6
0	23
1	11
1	56
0	68
0	28
1	89
0	42
0	95
0	6
0	18
0	51
0	23
1	11
1	56
0	68
0	28
1	89
0	42
0	95
0	6
0	18
0	51
0	25
0	74
0	23
1	11
1	56
0	68
0	28
1	89
0	42
0	95
0	6
0	18
0	51
0	25
0	74
1	38
1	38
0	13
1	8
1	49
0	25
1	61
0	81
0	69
0	0
0	33
0	87
0	45
0	28
1	38
0	13
1	8
1	49
0	25
1	61
0	81
0	69
0	0
1	38
0	13
1	8
1	49
0	25
1	61
0	81
0	69
0	0
0	33
0	87
0	45
0	28
1	38
0	13
1	8
1	49
0	25
1	61
0	81
0	69
0	0
0	33
0	87
0	45
0	28
0	4
1	38
0	13
1	8
1	49
0	25
1	61
0	81
0	69
0	0
0	33
0	87
0	45
0	28
0	4
1	55
1	92
0	60
0	75
0	76
1	31
0	54
0	91
0	2
0	7
0	58
1	9
0	25
1	16
0	78
0	65
0	1
0	10
1	48
1	91
1	27
0	63
1	38
1	28
1	68
1	48
1	92
0	9
0	30
0	77
1	33
0	80
0	52
0	40
0	72
0	5
0	39
0	56
0	13
0	53
0	77
1	94
1	80
1	35
1	98
1	49
0	64
0	56
0	24
0	71
0	78
1	14
1	40
1	59
1	67
1	23
0	75
0	79
0	4
0	98
0	11
0	7
1	79
1	19
0	57
1	90
0	65
1	91
0	17
1	96
1	41
0	83
1	87
1	15
1	71
1	75
0	82
1	72
0	45
1	96
0	20
0	76
1	69
1	9
0	97
0	92
1	22
1	47
0	51
1	76
1	29
1	10
1	75
1	23
1	33
1	24
1	98
0	81
0	19
0	53
0	20
1	97
1	13
0	43
0	93
1	62
1	51
1	79
0	98
0	56
0	89
1	63
0	1
1	93
0	87
1	86
0	8
1	62
1	51
1	79
0	98
0	56
0	89
1	63
0	1
1	93
0	87
1	86
0	8
0	49
1	62
1	51
1	79
0	98
0	56
0	89
1	63
0	1
1	93
0	87
1	86
0	8
0	49
1	62
1	51
1	79
0	98
0	56
0	89
1	63
0	1
1	93
0	87
0	11
1	60
1	81
1	5
1	19
1	65
0	49
0	99
0	32
1	47
0	74
0	6
1	33
0	34
1	41
1	27
0	31
0	0
0	10
0	3
0	20
0	48
1	7
0	88
0	75
1	79
0	57
0	44
1	15
0	53
0	83
1	54
0	61
1	64
1	23
1	26
0	92
0	6
0	46
1	5
1	18
1	96
1	41
0	10
1	98
1	51
1	9
1	65
0	47
1	60
0	82
1	72
1	59
1	70
0	54
0	71
0	69
0	2
0	38
0	37
0	31
1	6
0	11
0	15
0	9
1	39
1	23
1	12
1	78
1	18
0	28
1	88
1	49
1	6
1	31
1	17
0	75
1	51
0	43
0	48
1	19
1	18
1	12
0	71
0	42
1	22
0	93
0	72
0	53
0	46
1	26
0	0
1	96
0	41
0	61
0	79
0	67
1	34
0	5
0	47
0	96
0	13
0	19
1	84
1	4
1	57
1	16
0	41
1	95
1	3
1	32
1	9
0	30
0	61
1	94
0	93
0	65
0	96
0	94
0	47
1	99
0	97
0	2
1	37
1	61
0	25
0	8
0	49
0	42
0	73
0	67
0	7
0	11
1	20
1	86
0	61
0	26
1	98
