0	332
0	332
0	240
1	283
0	548
0	548
0	567
0	548
0	567
0	298
1	794
1	94
1	215
0	449
1	969
0	745
0	745
1	355
0	582
1	279
0	728
1	507
1	507
1	820
1	686
1	507
1	820
1	686
1	907
1	507
1	820
1	686
1	907
0	84
1	807
1	507
1	820
1	686
1	907
0	84
1	807
1	676
1	507
1	820
1	686
1	907
0	84
1	807
1	676
1	507
1	820
1	686
1	907
0	84
1	807
1	676
1	137
1	507
1	820
1	686
1	907
0	84
1	807
1	676
1	137
1	42
1	498
1	270
0	454
1	417
0	363
1	243
1	516
1	853
0	887
0	887
1	823
0	412
1	114
0	636
1	510
0	776
1	645
0	655
1	549
1	276
0	887
1	823
0	412
1	114
0	636
1	510
0	776
0	887
1	823
0	412
1	114
0	636
1	510
0	776
1	645
0	655
1	549
1	276
0	887
1	823
0	412
1	114
0	636
1	510
0	776
1	645
0	655
1	549
1	276
0	692
1	675
1	179
0	887
1	823
0	412
1	114
0	636
1	510
0	776
1	645
0	655
1	549
1	276
0	692
1	675
1	179
0	887
1	823
0	412
1	114
0	636
1	510
0	776
1	645
0	655
1	549
1	276
0	692
1	675
1	179
1	66
0	887
1	823
0	412
1	114
0	636
1	510
0	776
1	645
0	655
1	549
1	276
0	692
1	675
1	179
1	66
1	177
0	767
0	767
1	917
1	623
0	810
1	483
0	473
1	553
1	369
0	767
1	917
1	623
0	810
1	483
0	473
1	553
1	369
0	767
1	917
1	623
0	810
1	483
0	473
1	553
1	369
0	173
1	697
1	236
1	967
0	767
1	917
1	623
0	810
1	483
0	473
1	553
1	369
0	173
1	697
1	236
0	767
1	917
1	623
0	810
1	483
0	473
1	553
1	369
0	767
1	917
1	623
0	810
1	483
0	473
1	553
1	369
0	173
1	697
1	236
0	767
1	917
1	623
0	810
1	483
0	473
1	553
1	369
0	173
1	697
1	236
1	967
0	984
0	821
1	932
1	24
1	900
1	696
1	143
0	158
0	158
1	835
1	437
0	151
1	888
0	126
1	346
1	187
1	578
0	158
1	835
1	437
0	151
1	888
0	126
1	346
1	187
1	578
0	158
1	835
1	437
0	151
1	888
0	126
1	346
1	187
1	578
1	577
0	910
1	648
1	228
0	158
1	835
1	437
0	151
1	888
0	126
1	346
1	187
1	578
0	158
1	835
1	437
0	151
1	888
0	126
1	346
1	187
0	158
1	835
1	437
0	151
1	888
0	126
1	346
1	187
1	578
0	158
1	835
1	437
0	151
1	888
0	126
1	346
1	187
1	578
1	577
0	910
1	648
1	228
1	7
1	532
0	456
0	456
1	292
1	875
0	572
1	915
0	456
1	292
1	875
0	572
1	915
0	259
1	937
1	921
0	456
1	292
1	875
0	572
1	915
0	259
1	937
1	921
1	236
1	312
0	456
1	292
1	875
0	572
1	915
0	259
1	937
1	921
1	236
0	456
1	292
1	875
0	572
1	915
0	259
1	937
1	921
0	456
1	292
1	875
0	572
1	915
0	259
1	937
1	921
1	236
0	456
1	292
1	875
0	572
1	915
0	259
1	937
1	921
1	236
1	312
0	526
0	414
1	699
1	883
0	209
1	716
1	237
1	770
1	15
1	220
1	220
1	916
1	433
1	220
1	916
1	433
1	36
1	220
1	916
1	433
1	36
1	653
1	220
1	916
1	433
1	36
1	653
1	755
1	220
1	916
1	433
1	36
1	653
1	755
1	220
1	916
1	433
1	36
1	653
1	755
1	220
1	916
1	433
1	36
1	653
1	755
1	482
1	235
0	179
1	571
0	363
0	694
1	499
1	473
1	379
0	33
1	142
1	908
0	270
0	270
0	471
1	831
0	21
0	270
0	471
1	831
0	21
0	815
0	270
0	471
1	831
0	21
0	815
1	538
0	679
1	389
1	355
1	564
1	665
0	270
0	471
1	831
0	21
0	815
1	538
0	679
1	389
1	355
1	564
1	665
0	270
0	471
1	831
0	21
0	815
1	538
0	679
1	389
1	355
1	564
1	665
0	270
0	471
1	831
0	21
0	815
1	538
0	679
1	389
1	355
1	564
1	665
0	270
0	471
1	831
0	21
0	815
1	538
0	679
1	389
1	355
1	564
1	665
1	863
1	388
1	823
1	785
1	785
1	110
0	70
1	753
1	785
1	110
0	70
1	753
1	301
1	785
1	110
0	70
1	753
1	301
0	323
1	771
1	603
1	785
1	110
0	70
1	753
1	301
0	323
1	771
1	603
1	785
1	110
0	70
1	753
1	301
0	323
1	771
1	603
1	785
1	110
0	70
1	753
1	301
0	323
1	771
1	603
1	785
1	110
0	70
1	753
1	301
0	323
1	771
1	603
1	813
0	299
1	900
1	400
1	990
1	746
1	746
1	319
1	154
1	746
1	319
1	154
1	130
1	746
1	319
1	154
1	130
1	364
1	746
1	319
1	154
1	130
1	364
1	789
1	746
1	319
1	154
1	130
1	364
1	789
1	746
1	319
1	154
1	130
1	364
1	789
1	746
1	319
1	154
1	130
1	364
1	789
1	419
0	552
1	302
1	225
1	624
0	156
1	500
1	657
1	560
1	560
0	919
1	533
1	90
1	560
0	919
1	533
1	90
1	159
1	560
0	919
1	533
1	90
1	159
1	636
1	560
0	919
1	533
1	90
1	159
1	636
1	602
1	560
0	919
1	533
1	90
1	159
1	636
1	602
1	560
0	919
1	533
1	90
1	159
1	636
1	602
1	215
1	560
0	919
1	533
1	90
1	159
1	636
1	602
1	215
0	264
1	300
1	755
1	914
1	47
0	204
1	272
0	945
0	231
0	733
0	427
0	714
0	74
0	934
0	415
0	774
0	389
0	671
1	526
1	797
1	637
1	170
1	438
1	894
1	264
1	436
1	263
1	21
1	907
1	316
1	357
1	148
0	945
1	29
1	169
0	252
1	364
1	830
0	74
0	346
1	605
1	843
1	212
1	443
1	544
1	850
1	2
0	372
0	758
1	628
1	431
0	394
0	748
0	603
0	389
0	911
1	519
0	922
0	202
0	866
1	21
0	549
0	84
1	824
1	771
0	788
1	218
0	81
1	449
1	955
1	772
1	449
0	197
1	290
0	759
1	65
0	624
0	295
0	812
0	489
1	478
0	76
0	915
0	233
1	930
1	389
0	886
1	224
1	691
1	139
0	681
1	110
1	114
1	543
1	516
1	678
1	858
0	210
1	918
1	545
1	501
0	943
1	815
1	405
0	845
1	710
1	830
1	825
1	157
1	959
0	48
1	325
1	941
1	546
0	501
0	986
0	972
1	850
1	494
1	648
0	870
0	113
1	176
0	998
1	300
1	152
1	316
1	492
0	836
1	134
0	984
1	491
0	493
1	547
1	139
1	175
1	104
1	180
0	980
1	430
1	761
1	928
1	716
1	758
1	966
1	705
1	613
1	78
1	218
0	978
0	609
0	780
0	773
1	666
1	180
1	720
1	272
0	415
0	261
0	686
0	338
1	184
1	916
0	853
1	578
0	731
1	907
1	824
0	955
1	251
0	314
1	423
0	608
0	862
1	252
1	520
1	195
0	911
1	864
1	815
1	131
1	881
1	600
1	783
0	551
1	655
0	772
0	781
0	562
1	307
0	187
0	986
0	383
1	621
0	364
1	832
0	325
1	392
1	107
1	532
0	305
0	664
0	294
1	816
1	70
1	91
1	438
1	92
0	495
1	727
0	171
1	966
0	552
0	674
1	645
1	946
0	450
1	742
1	640
1	895
0	499
1	584
1	378
1	163
1	508
0	120
0	489
0	512
0	698
1	160
0	143
1	522
1	420
1	628
0	542
1	54
1	912
1	693
0	179
1	392
0	156
1	896
1	512
1	42
1	781
1	902
1	587
0	10
1	473
1	640
1	211
1	607
0	891
0	344
0	421
0	82
0	65
1	816
1	734
1	265
1	618
1	502
1	635
0	5
0	788
0	415
0	64
1	275
0	843
0	314
1	330
0	25
0	318
0	785
1	809
1	981
1	177
1	531
0	270
1	646
1	855
1	609
1	552
1	672
1	286
1	562
1	220
1	11
0	763
1	326
1	125
0	308
0	991
1	7
1	968
1	435
0	131
1	538
1	818
1	420
1	619
0	599
0	178
1	729
1	885
1	356
1	242
1	245
0	299
0	451
0	268
1	839
1	614
1	374
1	536
1	4
1	334
0	291
0	895
0	584
0	104
1	410
0	859
1	960
1	997
1	327
1	21
1	250
0	607
1	978
1	292
1	699
1	86
0	573
0	561
0	429
0	159
0	53
0	401
0	224
1	650
0	577
0	268
1	591
0	874
0	181
0	256
1	966
0	258
0	439
0	461
0	229
0	293
0	243
0	847
0	344
1	163
1	555
0	969
0	892
0	183
0	518
0	310
0	863
0	550
1	78
1	366
1	600
1	321
1	451
1	467
0	817
0	451
0	414
0	347
0	918
0	218
0	850
0	5
0	32
0	761
0	10
1	17
0	35
0	73
0	66
0	5
0	23
0	9
0	82
0	4
0	29
0	58
0	72
0	15
0	76
0	47
1	8
1	22
0	81
0	55
0	34
0	39
0	17
0	78
0	5
1	34
0	43
0	61
1	70
0	72
0	24
0	73
1	30
1	28
1	46
0	34
0	35
0	18
1	4
0	82
1	29
1	5
1	21
0	19
0	67
1	45
1	26
1	6
1	27
0	13
0	1
0	55
0	82
1	46
1	48
1	67
1	78
1	39
1	55
1	64
1	53
0	72
0	1
1	5
0	47
1	13
0	41
1	26
1	75
0	37
0	41
0	19
0	59
1	8
0	39
0	24
0	28
0	58
1	51
0	76
1	67
1	82
1	39
0	31
1	77
0	24
1	40
1	16
0	44
1	78
1	73
1	32
0	54
1	19
1	11
1	137
1	68
0	105
1	4
0	40
0	115
0	13
1	49
1	76
1	85
0	40
0	17
0	36
1	36
1	30
1	52
0	119
0	157
0	34
0	41
1	154
1	68
1	158
1	15
1	3
0	114
0	100
0	0
1	13
1	131
1	116
0	100
1	110
1	149
1	46
1	33
1	84
1	38
1	71
1	17
1	77
0	129
0	11
0	20
1	9
1	4
1	97
0	105
1	127
1	52
1	87
1	130
1	7
0	65
0	117
0	8
1	112
1	51
0	104
1	66
1	138
0	81
1	137
1	146
0	42
0	14
1	83
0	19
1	86
0	111
1	35
0	3
0	143
1	88
1	112
1	122
0	144
1	99
0	124
0	79
1	23
1	143
0	105
1	102
1	94
1	147
1	26
1	84
0	139
1	133
0	73
1	97
1	118
1	8
1	23
1	42
1	31
0	76
1	46
0	82
1	145
1	118
1	133
1	140
1	144
0	40
1	106
0	28
1	23
0	86
1	75
1	146
1	110
1	8
0	102
1	65
1	40
1	54
1	68
1	9
1	21
1	67
1	113
1	21
1	22
1	10
0	120
0	84
0	51
0	100
0	65
1	130
1	83
1	76
0	114
1	111
1	127
0	90
1	24
1	101
1	85
1	28
0	53
0	82
0	56
1	102
0	145
0	74
0	98
1	37
0	14
1	21
1	29
1	31
1	55
1	68
0	47
1	36
1	30
1	46
1	0
1	60
1	20
1	49
1	31
1	58
0	50
1	17
1	44
1	21
1	65
1	51
0	22
0	49
1	0
1	66
1	36
1	10
1	45
0	70
0	19
0	43
0	42
0	13
0	57
0	1
0	7
1	8
0	2
1	13
1	11
0	4
1	12
1	9
0	16
1	6
1	3
0	5
0	14
0	0
0	15
0	10
0	8
0	3
0	2
1	16
0	11
1	7
0	13
0	5
0	1
0	14
0	3
0	12
0	15
0	14
1	16
1	4
1	11
0	0
0	13
1	10
1	5
1	0
0	14
0	1
0	15
1	3
0	9
1	4
1	8
1	2
0	13
0	11
0	5
0	12
0	0
1	6
1	3
0	2
0	5
1	16
0	15
0	9
0	1
0	11
0	0
1	12
0	6
1	5
1	15
0	10
1	4
1	7
0	9
0	3
0	16
1	0
0	9
1	5
1	14
0	7
1	1
1	2
0	15
1	8
1	13
1	10
1	6
0	12
1	11
1	9
1	5
0	1
1	7
0	6
0	0
1	14
0	3
1	16
1	15
1	2
1	13
1	16
1	11
0	2
1	6
1	1
1	14
1	0
1	10
1	9
1	7
1	4
0	2
0	0
1	15
0	3
0	14
1	13
1	1
1	11
0	6
1	10
0	0
0	64
1	32
1	58
1	89
1	29
0	20
0	17
1	49
1	74
0	7
0	74
0	7
0	74
0	7
0	74
1	54
0	78
0	39
0	87
1	54
0	78
0	39
0	87
1	54
0	78
0	39
0	87
1	94
1	79
1	94
1	79
1	94
1	79
1	71
1	74
1	71
1	74
1	71
1	74
1	61
0	83
1	2
1	23
1	61
0	83
1	2
1	23
1	61
0	83
1	2
1	23
1	21
1	21
0	77
1	93
0	86
1	16
1	30
0	3
0	38
0	9
0	45
1	21
0	77
1	93
0	86
1	16
1	30
0	3
0	38
0	9
0	45
1	21
0	77
1	93
0	86
1	16
1	30
0	3
0	38
0	9
0	45
1	27
0	13
0	48
0	14
0	91
1	21
0	77
1	93
0	86
1	16
1	30
0	3
0	38
0	9
0	45
1	27
0	13
0	48
0	14
0	91
0	24
0	54
0	54
1	80
1	38
0	67
0	97
0	19
0	40
0	54
1	80
1	38
0	67
0	97
0	19
0	40
0	54
1	80
1	38
0	67
0	97
0	19
0	40
0	54
1	80
1	38
0	67
0	97
0	19
0	40
0	49
0	49
0	48
0	49
0	48
0	49
0	48
0	27
0	49
0	48
0	27
1	96
1	96
1	78
1	96
1	78
1	96
1	78
1	12
1	96
1	78
1	12
1	56
1	56
0	99
0	82
1	56
0	99
0	82
1	56
0	99
0	82
1	3
1	7
0	33
1	19
0	57
0	61
0	21
0	36
0	94
0	89
1	56
0	99
0	82
1	3
1	7
0	33
1	19
0	57
0	61
0	21
0	36
0	94
0	89
1	62
1	11
0	2
0	80
0	10
1	94
1	90
0	4
1	87
0	85
1	47
0	7
1	36
1	70
0	54
0	10
1	48
1	21
0	58
0	56
1	29
0	66
0	72
1	70
0	44
0	69
0	51
1	27
1	92
0	19
1	36
1	25
1	35
1	34
0	44
1	41
0	96
0	82
1	71
1	94
0	23
1	96
1	55
1	50
1	20
0	64
0	64
0	0
0	4
0	51
0	69
0	64
0	0
0	4
0	51
0	69
1	59
0	6
0	64
0	0
0	4
0	51
0	69
1	59
0	6
0	11
0	54
1	79
1	24
0	73
0	82
1	14
0	32
0	5
1	44
0	72
0	20
0	31
1	44
1	44
1	96
0	8
1	69
0	73
0	51
1	67
0	99
1	2
1	34
1	52
1	22
1	20
0	47
1	27
0	16
1	81
1	36
0	88
1	18
1	32
1	44
1	96
0	8
1	69
0	73
0	51
1	67
0	99
1	2
1	34
1	44
1	96
0	8
1	69
0	73
0	51
1	67
0	99
1	2
1	34
1	52
1	22
1	20
1	44
1	96
0	8
1	69
0	73
0	51
1	67
0	99
1	2
1	34
1	52
1	22
1	20
1	44
1	96
0	8
1	69
0	73
0	51
1	67
0	99
1	2
1	34
1	52
1	22
1	20
0	47
1	27
0	16
1	81
1	36
1	93
1	93
1	95
1	61
1	40
1	59
1	93
1	95
1	61
1	40
1	59
1	30
1	93
1	95
1	61
1	40
1	59
1	30
1	82
1	78
1	31
1	91
1	91
0	92
1	12
1	67
1	20
1	30
1	90
1	91
0	92
1	12
1	67
1	20
1	30
1	90
1	91
0	92
1	12
1	67
1	20
1	30
1	90
1	87
1	81
1	3
0	59
1	29
1	82
1	53
1	91
0	92
1	12
1	67
1	20
1	30
1	90
1	87
1	81
1	3
1	91
0	92
1	12
1	67
1	20
1	30
1	90
1	87
1	81
1	3
0	59
1	29
1	82
1	53
0	66
0	66
0	47
1	49
1	45
1	62
1	56
0	71
0	69
1	63
1	96
1	34
1	25
0	66
0	47
1	49
1	45
1	62
1	56
0	71
0	69
1	63
1	96
1	34
1	25
0	37
0	7
1	32
1	26
0	15
1	81
1	28
0	66
0	47
1	49
1	45
1	62
1	56
0	71
0	69
1	63
1	96
1	34
1	25
0	66
0	47
1	49
1	45
1	62
1	56
0	71
0	69
1	63
1	96
1	34
1	25
0	37
0	7
1	32
1	26
0	15
1	81
0	66
0	47
1	49
1	45
1	62
1	56
0	71
0	69
1	63
1	96
1	34
1	25
0	37
0	7
1	32
1	26
0	15
1	81
1	28
1	42
1	24
0	53
0	53
1	71
0	94
0	91
0	13
0	51
0	53
1	71
0	94
0	91
0	13
0	51
0	32
0	53
1	71
0	94
0	91
0	13
0	51
0	32
1	8
0	69
0	16
0	38
0	53
1	71
0	94
0	91
0	13
0	51
0	32
1	8
0	69
0	16
0	38
0	53
1	71
0	94
0	91
0	13
0	51
0	32
1	8
0	69
0	16
0	38
0	27
0	3
0	36
0	36
0	89
0	47
0	14
1	35
0	76
0	84
0	36
0	89
0	47
0	14
1	35
0	76
0	84
0	36
0	89
0	47
0	14
1	35
0	76
0	84
0	56
0	60
0	50
0	94
0	36
0	89
0	47
0	14
1	35
0	76
0	84
0	56
0	60
0	50
0	94
0	36
0	89
0	47
0	14
1	35
0	76
0	84
0	56
0	60
0	50
0	94
0	59
0	59
0	6
0	56
0	49
1	30
1	95
0	89
0	42
0	59
0	6
0	56
0	49
1	30
1	95
0	89
0	42
0	59
0	6
0	56
0	49
1	30
1	95
0	89
0	42
0	83
1	66
0	61
1	31
0	81
0	36
0	45
0	27
1	63
0	21
0	38
0	59
0	6
0	56
0	49
1	30
1	95
0	89
0	42
0	83
1	66
0	61
1	31
0	81
0	36
0	45
0	27
1	63
0	21
0	38
0	11
0	23
1	3
0	68
0	93
1	58
0	57
0	0
0	59
0	6
0	56
0	49
1	30
1	95
0	89
0	42
0	83
1	66
0	61
1	31
0	81
1	54
1	6
1	63
1	77
1	62
1	90
1	2
0	93
0	26
1	38
1	87
0	3
1	31
0	71
0	11
1	69
1	52
1	90
1	59
1	15
1	43
0	23
1	94
0	71
0	75
1	8
0	38
0	94
1	4
1	88
1	50
1	61
0	89
0	55
0	88
0	45
0	66
0	68
0	62
1	27
1	5
1	71
0	43
0	92
1	67
0	80
1	83
0	54
0	94
0	91
1	45
0	5
0	29
0	72
1	0
0	20
0	62
0	66
0	5
1	99
0	74
0	41
0	66
0	26
1	17
0	59
1	96
0	77
0	47
0	22
0	76
0	38
0	90
0	31
0	79
0	57
0	22
1	25
0	78
1	61
0	28
1	85
0	13
0	11
0	96
0	8
0	73
0	56
1	59
0	32
0	13
1	25
0	9
0	57
0	37
0	80
0	30
1	10
0	24
1	67
1	9
1	73
0	61
1	20
0	55
0	27
0	87
0	37
0	8
0	63
0	49
0	66
0	99
1	31
0	4
0	22
0	37
1	9
0	69
0	53
0	1
1	18
1	47
1	13
1	11
1	9
0	69
0	53
0	1
1	18
1	47
1	13
1	9
0	69
0	53
0	1
1	18
1	47
1	13
1	11
1	9
0	69
0	53
0	1
1	18
1	47
1	13
1	11
0	23
1	59
0	83
0	38
1	29
1	71
1	52
0	3
0	9
1	98
0	22
1	74
0	79
1	46
1	34
0	26
1	72
0	39
0	6
1	75
0	20
0	49
1	61
0	86
0	70
0	60
0	28
0	21
0	44
0	93
0	64
0	14
0	42
1	79
0	35
1	66
0	26
1	30
0	68
0	46
0	96
0	4
0	43
0	72
0	51
1	22
0	92
0	44
1	85
1	76
1	9
1	91
1	68
0	94
1	84
0	92
0	76
0	7
0	21
0	69
0	70
1	11
1	57
0	25
0	63
1	60
1	41
1	11
1	1
1	29
1	73
0	68
1	92
0	13
0	76
1	25
0	83
0	97
1	26
0	84
0	70
0	23
0	57
1	75
0	37
0	31
0	51
1	27
0	83
0	58
1	10
0	94
1	87
1	98
1	59
1	42
1	21
1	15
0	2
1	65
0	55
1	29
1	20
1	99
1	72
1	17
1	24
0	28
0	86
1	71
0	13
1	96
1	5
1	46
0	10
1	29
1	97
1	21
0	62
1	11
0	63
1	60
0	67
1	77
1	49
0	19
1	66
1	34
1	70
1	92
1	27
0	33
1	24
0	77
1	37
1	89
1	32
1	80
0	22
1	46
0	95
0	26
1	87
1	9
1	13
1	30
1	85
1	17
0	48
0	57
1	46
1	13
1	51
0	66
