1	586
1	586
1	318
1	209
1	302
1	302
0	166
1	302
0	166
0	474
0	631
0	846
0	948
1	495
1	547
1	547
1	932
1	605
1	938
1	938
1	68
1	388
1	938
1	68
1	388
1	14
1	938
1	68
1	388
1	14
1	991
1	938
1	68
1	388
1	14
1	991
1	186
1	938
1	68
1	388
1	14
1	991
1	186
1	938
1	68
1	388
1	14
1	991
1	186
1	938
1	68
1	388
1	14
1	991
1	186
0	138
1	594
1	875
0	299
1	614
1	151
0	263
0	263
0	554
0	623
0	263
0	554
0	623
0	632
0	263
0	554
0	623
0	632
1	89
1	482
1	230
1	273
0	263
0	554
0	623
0	632
1	89
1	482
1	230
1	273
1	576
0	263
0	554
0	623
0	632
1	89
1	482
1	230
1	273
1	576
0	263
0	554
0	623
0	632
1	89
1	482
1	230
1	273
1	576
1	702
0	880
1	366
0	263
0	554
0	623
0	632
1	89
1	482
1	230
1	273
1	576
1	702
0	880
1	366
1	523
1	570
1	60
1	90
1	377
1	377
0	319
0	546
1	760
1	619
1	377
0	319
0	546
1	760
1	619
0	649
1	93
1	725
1	377
0	319
0	546
1	760
1	619
0	649
1	93
1	725
1	343
0	41
1	533
1	404
1	377
0	319
0	546
1	760
1	619
0	649
1	93
1	725
1	343
1	377
0	319
0	546
1	760
1	619
0	649
1	93
1	725
1	343
1	377
0	319
0	546
1	760
1	619
0	649
1	93
1	725
1	343
1	377
0	319
0	546
1	760
1	619
0	649
1	93
1	725
1	343
0	41
1	533
1	404
1	181
1	937
1	868
1	868
1	838
1	164
1	868
1	838
1	164
1	461
1	868
1	838
1	164
1	461
1	805
1	868
1	838
1	164
1	461
1	805
0	571
1	655
1	868
1	838
1	164
1	461
1	805
0	571
1	655
1	868
1	838
1	164
1	461
1	805
0	571
1	655
0	849
1	530
0	933
0	282
1	602
1	193
1	133
1	868
1	838
1	164
1	461
1	805
0	571
1	655
0	849
1	530
0	933
0	282
1	602
1	193
1	133
0	74
0	74
1	961
1	407
1	499
0	74
1	961
1	407
1	499
1	44
0	74
1	961
1	407
1	499
1	44
1	899
0	74
1	961
1	407
1	499
1	44
1	899
0	544
1	141
0	559
1	625
0	715
1	526
1	921
0	693
1	15
0	999
0	297
1	510
1	496
1	698
0	74
1	961
1	407
1	499
1	44
1	899
0	544
1	141
0	559
1	625
0	715
1	526
1	921
0	693
1	15
0	999
0	297
1	510
1	496
1	698
0	74
1	961
1	407
1	499
1	44
1	899
0	544
1	141
0	559
1	625
0	715
1	526
1	921
0	693
1	15
0	999
0	297
1	510
1	496
1	698
1	583
0	74
1	961
1	407
1	499
1	44
1	899
0	544
1	141
0	559
1	625
0	715
1	526
1	921
0	693
1	15
0	999
0	297
1	510
1	496
1	698
1	583
1	116
1	523
1	305
1	305
1	115
1	205
1	305
1	115
1	205
0	2
1	611
1	237
1	305
1	115
1	205
0	2
1	611
1	237
1	305
1	115
1	205
0	2
1	611
1	237
1	583
1	305
1	115
1	205
0	2
1	611
1	237
1	583
1	305
1	115
1	205
0	2
1	611
1	237
1	583
0	490
1	130
1	350
1	305
1	115
1	205
0	2
1	611
1	237
1	583
0	490
1	130
1	350
1	484
1	728
0	517
0	856
0	910
1	12
1	655
1	653
1	599
1	167
1	931
1	931
1	538
1	49
1	931
1	538
1	49
1	18
1	931
1	538
1	49
1	18
1	267
1	931
1	538
1	49
1	18
1	267
0	12
0	498
0	809
1	841
1	784
1	403
1	931
1	538
1	49
1	18
1	267
0	12
0	498
0	809
1	841
1	784
1	403
1	931
1	538
1	49
1	18
1	267
0	12
0	498
0	809
1	841
1	784
1	403
1	931
1	538
1	49
1	18
1	267
0	12
0	498
0	809
1	841
1	784
1	403
1	669
0	146
1	187
0	235
1	755
1	531
0	486
0	486
1	286
0	813
1	687
1	197
0	486
1	286
0	813
1	687
1	197
0	166
0	51
1	521
1	230
0	644
0	400
1	783
0	337
0	246
0	486
1	286
0	813
1	687
1	197
0	166
0	51
1	521
1	230
0	644
0	400
1	783
0	337
0	246
0	486
1	286
0	813
1	687
1	197
0	166
0	51
1	521
1	230
0	644
0	400
1	783
0	337
0	246
0	486
1	286
0	813
1	687
1	197
0	166
0	51
1	521
1	230
0	644
0	400
1	783
0	337
0	246
0	839
0	486
1	286
0	813
1	687
1	197
0	166
0	51
1	521
1	230
0	644
0	400
1	783
0	337
0	246
0	839
0	486
1	286
0	813
1	687
1	197
0	166
0	51
1	521
1	230
0	644
0	400
1	783
0	337
0	246
0	839
1	663
0	74
1	614
0	563
0	72
1	675
1	675
1	658
1	611
1	675
1	658
1	611
0	345
1	453
1	675
1	658
1	611
0	345
1	453
1	99
1	675
1	658
1	611
0	345
1	453
1	99
1	61
1	675
1	658
1	611
0	345
1	453
1	99
1	61
1	675
1	658
1	611
0	345
1	453
1	99
1	61
0	497
1	375
1	33
1	675
1	658
1	611
0	345
1	453
1	99
1	61
0	497
1	375
1	33
1	993
1	104
1	845
1	620
1	620
1	148
1	66
1	620
1	148
1	66
1	752
1	620
1	148
1	66
1	752
1	295
1	620
1	148
1	66
1	752
1	295
1	340
1	620
1	148
1	66
1	752
1	295
1	340
1	620
1	148
1	66
1	752
1	295
1	340
1	620
1	148
1	66
1	752
1	295
1	340
1	453
0	999
0	86
0	106
1	290
0	70
0	930
1	54
1	704
0	499
0	282
1	302
1	334
1	970
1	163
1	464
0	102
1	796
1	140
0	570
0	972
0	278
1	433
0	611
1	420
0	518
0	587
0	870
1	803
1	820
1	433
0	26
1	186
1	510
0	97
0	420
1	3
0	47
1	678
1	408
1	384
1	721
0	480
0	152
0	248
0	839
0	466
0	789
0	928
0	704
1	446
0	128
1	90
0	290
1	97
0	60
0	931
0	703
1	656
1	631
1	436
0	993
1	257
1	921
0	286
0	464
0	835
0	736
0	173
1	620
1	11
1	326
1	660
1	937
1	434
0	847
0	581
1	618
1	856
0	126
0	814
1	934
1	626
1	739
1	564
1	687
1	276
0	424
0	695
1	229
1	336
0	921
1	281
1	359
0	504
0	155
0	229
0	857
0	556
1	603
1	555
1	794
1	83
0	193
0	831
0	887
0	869
0	128
0	663
1	818
1	714
1	905
1	809
1	326
1	442
1	941
1	933
0	891
1	133
1	847
0	432
1	30
1	10
1	777
1	454
1	46
1	326
1	525
1	910
1	627
0	915
1	669
1	51
0	806
1	656
0	598
1	508
1	385
1	817
1	97
1	399
0	443
0	446
0	432
1	305
1	909
1	987
0	95
0	919
1	185
1	934
1	745
1	441
1	428
0	110
0	184
1	803
1	520
1	232
1	927
0	214
0	654
0	42
1	751
1	386
1	835
1	614
1	549
1	18
1	543
1	239
1	579
1	976
1	981
1	174
0	454
1	665
1	511
1	41
1	261
0	255
1	206
0	648
0	488
1	47
1	385
1	490
1	259
1	954
1	489
0	793
1	619
0	295
1	270
1	842
0	381
0	267
0	733
0	406
0	971
1	5
1	615
1	553
1	448
0	158
1	738
1	413
0	185
1	358
0	314
0	20
1	942
1	946
1	370
0	114
1	343
0	604
1	437
1	72
1	398
0	942
0	945
0	870
0	964
0	276
0	167
1	546
0	90
1	739
1	480
0	891
1	790
1	552
1	574
0	984
0	632
0	585
0	465
1	273
1	59
0	589
1	193
0	831
0	605
1	438
0	736
1	98
1	454
1	35
1	468
0	532
1	642
1	769
1	844
1	10
1	395
1	879
1	269
1	665
1	812
1	174
0	929
1	383
1	698
0	2
0	931
0	140
1	669
1	641
0	998
1	312
0	971
1	438
1	309
1	0
0	428
0	82
0	370
0	112
0	800
1	309
1	231
0	647
1	367
1	787
1	660
1	881
1	496
1	913
0	242
1	607
1	668
1	383
1	328
1	173
1	658
1	727
1	311
1	814
1	603
1	564
0	648
1	112
1	657
1	831
1	394
1	446
1	237
1	439
1	285
1	743
1	371
1	541
1	252
1	32
0	212
0	787
1	2
0	311
1	961
1	67
0	277
1	875
1	325
0	188
1	990
0	757
0	242
0	166
0	224
0	344
0	765
1	884
0	810
0	461
1	940
0	550
0	257
0	330
0	189
1	907
0	409
1	487
0	104
1	163
0	367
1	77
0	843
0	993
1	836
1	474
1	618
1	415
0	271
1	894
0	133
1	883
1	719
1	904
0	840
0	299
0	535
0	628
1	303
1	788
1	606
1	588
0	597
1	24
0	879
0	906
0	663
1	667
1	393
0	889
0	619
0	537
1	427
1	161
1	203
1	980
0	950
1	177
1	810
1	278
1	652
1	438
0	988
0	487
1	151
1	176
1	698
1	716
1	848
0	862
1	824
1	230
1	190
0	371
1	370
1	557
1	516
1	861
1	34
1	696
1	625
1	350
1	207
1	700
1	69
0	0
1	56
0	3
1	75
1	12
1	67
1	73
0	27
1	74
1	76
1	10
1	30
1	82
0	41
1	6
1	13
0	44
1	1
1	15
0	21
1	16
1	50
1	57
1	13
0	60
0	26
1	53
1	1
0	27
0	80
0	57
0	71
0	19
0	10
0	41
0	2
0	51
0	74
0	34
1	3
1	76
1	60
1	33
1	74
1	36
1	48
0	39
0	18
1	81
1	11
0	61
0	3
1	12
0	38
0	75
0	17
1	35
1	71
1	61
1	21
1	70
0	82
1	26
0	12
0	13
1	77
1	72
1	37
1	22
0	14
1	1
1	57
1	36
1	73
1	34
1	23
1	64
0	51
1	30
1	52
1	31
0	10
0	59
1	16
0	2
0	49
0	42
0	28
1	61
1	69
0	66
1	48
0	13
0	71
1	29
0	25
0	17
0	19
1	38
1	8
1	17
1	13
0	69
0	75
1	72
1	36
1	149
0	47
1	55
0	163
1	135
1	77
1	36
0	115
1	59
0	54
0	141
1	82
1	137
1	99
1	2
1	37
1	92
1	66
1	9
1	69
0	90
1	72
1	155
1	122
1	134
0	86
1	111
0	113
0	65
0	160
1	159
0	95
0	153
1	23
1	104
1	133
1	18
1	31
0	121
1	150
0	143
0	54
0	24
0	91
1	34
0	87
0	8
0	36
0	12
0	32
0	14
0	96
1	84
0	53
1	5
1	16
1	66
1	125
0	121
1	28
1	141
0	12
1	6
1	148
1	78
1	18
1	115
1	5
0	125
0	2
1	17
0	106
1	84
1	148
1	70
0	132
1	149
1	49
1	92
1	142
1	55
0	107
1	73
0	15
1	24
1	97
0	145
0	22
0	136
0	106
0	142
0	25
0	20
1	110
1	129
1	37
1	27
1	114
1	56
1	148
1	73
1	132
1	71
1	78
1	109
1	37
1	3
1	75
0	142
0	140
0	2
1	98
0	107
1	60
1	6
1	77
1	61
1	119
1	69
0	80
1	65
0	89
1	31
1	2
0	34
1	62
0	14
1	64
1	50
0	104
1	4
1	95
1	52
0	41
1	50
0	6
1	146
1	92
0	12
1	4
0	51
1	107
0	8
1	53
1	78
0	53
0	63
0	27
1	34
1	53
1	32
1	72
1	47
1	16
0	4
1	39
0	28
0	21
1	32
1	17
1	31
1	19
1	5
0	37
0	60
1	72
1	52
1	62
1	45
1	30
1	2
1	58
1	65
1	62
1	8
0	31
1	52
1	64
0	64
1	3
0	67
0	58
0	63
1	7
1	11
1	10
1	12
1	15
0	3
0	5
0	8
1	13
0	16
1	6
0	0
0	4
0	14
1	9
1	2
1	1
1	1
1	1
1	4
0	9
1	14
0	12
1	15
1	8
0	6
0	13
0	0
0	3
1	3
0	11
1	1
1	2
1	4
1	14
0	8
1	6
1	13
1	15
0	12
0	6
1	16
0	4
0	7
1	14
0	1
1	0
0	13
0	15
1	3
1	2
0	16
0	0
1	6
0	10
0	11
0	13
1	14
1	1
1	7
1	15
0	3
1	2
0	4
1	16
1	1
1	10
0	0
1	12
1	9
1	13
0	8
0	14
1	5
0	11
1	6
1	6
1	6
0	11
0	0
1	6
1	10
1	14
0	13
1	3
0	8
1	4
0	15
1	7
1	12
0	5
1	2
0	1
0	9
1	16
1	16
1	16
1	16
1	16
1	16
1	16
1	16
1	11
0	10
1	14
0	4
0	2
0	13
0	9
1	3
0	7
0	16
0	10
0	4
1	9
0	5
1	6
0	14
0	16
0	7
0	1
1	3
0	0
1	11
1	2
0	13
0	15
0	8
0	12
0	12
0	12
1	12
1	14
1	10
0	8
1	5
0	0
1	6
1	9
1	7
1	2
0	39
0	98
1	79
1	39
1	86
0	77
0	75
1	0
0	15
1	1
0	90
0	51
0	66
1	11
1	4
1	11
1	78
1	13
0	99
0	6
0	31
1	13
0	99
0	6
0	31
1	13
0	99
0	6
0	31
1	99
1	76
1	99
1	76
1	99
1	76
1	17
0	65
0	27
0	70
1	17
0	65
0	27
0	70
1	17
0	65
0	27
0	70
0	59
0	18
0	11
1	43
0	60
0	45
0	22
0	0
0	11
1	43
0	60
0	45
0	22
0	11
1	43
0	60
0	45
0	22
0	26
0	61
0	26
0	61
0	26
0	61
0	54
0	54
1	4
1	79
1	92
0	54
1	4
1	79
1	92
0	54
1	4
1	79
1	92
1	17
0	54
1	4
1	79
1	92
1	17
1	25
1	25
0	61
1	96
1	25
0	61
1	96
0	79
1	90
1	25
0	61
1	96
0	79
1	90
1	36
1	56
1	84
1	76
1	25
0	61
1	96
0	79
1	90
1	36
1	56
1	84
0	83
0	83
0	36
0	83
0	36
0	83
0	36
0	3
0	83
0	36
0	3
0	96
0	96
1	92
0	26
0	96
1	92
0	26
1	34
1	93
0	96
1	92
0	26
1	34
1	93
0	96
1	92
0	26
1	34
1	93
1	61
1	55
0	3
0	3
0	34
0	3
0	34
0	3
0	34
0	45
0	3
0	34
0	45
1	74
1	12
1	91
1	44
0	28
0	22
0	87
0	13
1	49
0	80
1	5
1	21
1	19
1	65
1	33
0	51
1	39
1	12
0	50
0	35
0	69
0	64
0	64
1	90
0	52
1	43
1	61
1	79
1	96
0	64
1	90
0	52
1	43
1	61
1	79
1	96
0	76
0	53
1	56
0	29
0	38
0	93
0	64
1	90
0	52
1	43
1	61
1	79
1	96
0	76
0	53
1	56
0	29
0	38
0	93
0	19
0	48
0	85
0	7
0	90
0	90
0	44
0	36
0	87
0	93
0	90
0	44
0	36
0	87
0	93
0	81
0	90
0	44
0	36
0	87
0	93
0	81
0	97
1	62
0	23
0	98
0	55
0	90
0	44
0	36
0	87
0	93
0	81
0	97
1	62
0	23
0	98
0	55
0	90
0	44
0	36
0	87
0	93
0	81
0	97
1	62
0	23
0	98
0	55
0	51
0	51
0	23
0	7
1	57
0	6
1	10
0	25
0	53
1	63
0	87
1	16
1	95
0	55
0	28
0	96
0	51
0	23
0	7
1	57
0	6
1	10
0	25
0	51
0	23
0	7
1	57
0	6
1	10
0	25
0	53
1	63
0	33
0	33
1	24
1	46
1	57
1	27
0	53
0	92
1	40
0	89
1	26
1	84
0	33
1	24
1	46
1	57
1	27
0	53
0	92
1	40
0	89
1	26
1	84
1	98
1	6
1	94
0	33
1	24
1	46
1	57
1	27
0	53
0	92
1	40
0	89
1	26
1	84
1	98
1	6
0	33
1	24
1	46
1	57
1	27
0	53
0	92
1	40
0	89
1	26
1	84
1	98
1	6
1	94
0	33
1	24
1	46
1	57
1	27
0	53
0	92
1	40
0	89
1	26
1	84
1	98
1	6
1	94
1	30
1	30
0	4
1	49
0	83
1	96
1	38
0	61
0	3
0	87
1	8
0	16
0	33
1	36
0	72
0	52
1	35
1	67
1	63
0	22
0	25
0	14
1	70
0	41
1	81
0	85
1	30
0	4
1	49
0	83
1	96
1	38
0	61
0	3
0	87
1	8
0	16
0	33
1	30
0	4
1	49
0	83
1	96
1	38
0	61
0	3
0	87
1	8
0	16
0	33
1	36
0	72
0	52
1	35
1	67
1	63
0	22
0	25
0	14
1	70
0	41
1	81
0	85
0	58
0	45
1	23
0	21
1	2
1	17
0	50
0	56
1	30
0	4
1	49
0	83
1	96
1	38
0	61
0	3
0	87
1	8
0	16
0	33
1	36
0	72
0	52
1	35
1	67
1	63
0	22
0	25
0	14
1	70
0	41
1	81
0	85
0	58
0	45
1	23
0	21
1	2
1	17
0	50
0	56
0	62
1	84
0	42
0	0
0	66
0	93
0	88
0	95
1	30
0	4
1	49
0	83
1	96
1	38
0	61
0	3
0	87
1	8
0	16
0	33
1	36
0	72
0	52
1	35
1	67
1	63
0	22
0	25
0	14
1	70
0	41
1	81
0	85
0	58
0	45
1	23
0	21
1	2
1	17
0	50
0	56
0	62
1	84
0	42
0	0
0	45
0	45
0	2
0	71
0	22
0	74
0	45
0	2
0	71
0	22
0	74
1	68
0	37
0	45
0	2
0	71
0	22
0	74
1	68
0	37
0	26
0	99
1	73
0	75
0	40
0	28
0	45
0	2
0	71
0	22
0	74
1	68
0	37
0	26
0	99
1	73
0	75
0	40
0	28
0	35
0	45
0	2
0	71
0	22
0	74
1	68
0	37
0	26
0	99
1	73
0	75
0	40
0	28
0	3
0	3
0	92
0	27
0	88
1	28
0	4
0	12
0	3
0	92
0	27
0	88
1	28
0	4
0	12
0	3
0	92
0	27
0	88
1	28
0	4
0	12
1	51
0	99
0	90
0	46
0	3
0	92
0	27
0	88
1	28
0	4
0	12
1	51
0	99
0	90
0	3
0	92
0	27
0	88
1	28
0	4
0	12
1	51
0	99
0	90
0	46
0	18
0	87
1	95
1	95
1	33
1	12
1	40
1	21
1	95
1	33
1	12
1	40
1	21
1	22
1	95
1	33
1	12
1	40
1	21
1	22
0	84
1	80
1	32
1	74
1	28
1	95
1	33
1	12
1	40
1	21
1	22
0	84
1	80
1	32
1	74
1	28
1	95
1	33
1	12
1	40
1	21
1	22
0	84
1	80
1	32
1	74
1	28
1	50
1	20
1	53
0	93
0	90
1	16
1	15
1	53
1	84
1	74
0	27
1	45
1	48
1	99
1	76
0	56
1	2
1	68
1	3
1	87
1	8
0	57
1	78
0	66
0	34
1	85
1	37
1	48
1	31
0	99
0	58
1	71
1	15
0	46
0	10
0	50
0	60
0	11
1	39
0	75
1	46
0	13
0	91
1	44
0	9
0	25
0	34
1	12
0	49
1	28
0	30
0	61
1	55
1	0
1	67
0	22
1	42
1	34
1	79
0	89
1	91
0	87
1	49
0	24
0	64
1	71
1	14
1	7
1	28
0	57
1	40
1	73
1	19
1	31
1	88
1	96
0	64
0	95
0	27
1	96
0	32
1	31
0	42
0	91
0	3
0	53
0	41
1	32
0	13
0	22
0	97
1	28
0	0
1	7
0	19
1	16
1	72
0	44
0	1
0	62
1	35
1	93
1	46
1	17
1	5
1	68
1	83
1	56
0	12
0	42
0	46
0	30
0	88
1	69
1	94
0	10
1	64
0	55
0	51
0	45
0	88
1	69
1	94
0	10
1	64
0	55
0	51
0	45
0	88
1	69
1	94
0	10
1	64
0	55
0	51
0	45
0	88
1	69
1	94
0	10
1	64
0	55
0	51
0	45
0	79
1	59
0	42
0	39
0	0
0	44
0	78
0	77
1	75
0	46
0	82
0	38
1	91
0	21
1	22
0	10
0	97
0	78
0	52
1	95
0	12
0	13
0	5
0	96
0	90
0	12
1	97
1	95
0	43
0	86
1	53
0	47
0	85
0	50
0	3
0	55
0	99
0	72
0	82
0	87
0	65
0	39
0	43
1	97
0	82
1	30
1	77
1	20
0	18
1	46
1	88
1	99
1	59
1	56
1	51
1	11
1	0
1	41
0	80
1	43
1	77
0	14
0	3
0	40
0	82
0	9
0	83
0	86
1	36
0	60
0	39
0	28
0	53
0	61
0	5
0	58
1	74
0	80
1	32
0	19
1	28
0	13
0	75
1	38
0	66
0	70
0	44
0	72
1	78
1	8
0	99
0	87
0	51
0	36
1	70
0	93
0	72
1	88
0	36
0	78
1	42
0	97
1	7
0	81
0	27
1	82
