1	260
1	260
1	480
0	23
1	772
1	772
1	772
0	9
1	719
1	504
1	177
0	773
1	212
1	519
1	519
0	535
1	46
1	118
1	247
1	247
1	747
0	152
0	312
1	309
1	22
1	247
1	747
0	152
0	312
1	309
1	22
1	247
1	747
0	152
0	312
1	309
1	22
1	442
1	247
1	747
0	152
0	312
1	309
1	22
1	442
1	944
1	247
1	747
0	152
0	312
1	309
1	22
1	442
1	944
1	247
1	747
0	152
0	312
1	309
1	22
1	442
1	944
1	247
1	747
0	152
0	312
1	309
1	22
1	442
1	944
1	340
0	836
0	514
1	419
1	695
0	586
1	995
1	811
0	351
1	696
1	896
0	964
1	235
1	668
1	117
1	117
1	811
1	363
1	117
1	811
1	363
0	0
1	929
1	117
1	811
1	363
0	0
1	929
1	480
1	117
1	811
1	363
0	0
1	929
1	480
0	964
1	75
1	239
1	117
1	811
1	363
0	0
1	929
1	480
0	964
1	75
1	239
1	117
1	811
1	363
0	0
1	929
1	480
0	964
1	75
1	239
1	117
1	811
1	363
0	0
1	929
1	480
0	964
1	75
1	239
1	638
1	958
0	181
0	84
1	876
1	661
1	16
0	261
0	261
1	90
1	491
1	71
0	261
1	90
1	491
1	71
1	54
0	261
1	90
1	491
1	71
1	54
1	561
0	261
1	90
1	491
1	71
1	54
1	561
0	441
1	666
1	456
0	697
1	318
1	687
0	261
1	90
1	491
1	71
1	54
1	561
0	441
1	666
1	456
0	697
1	318
1	687
1	133
0	261
1	90
1	491
1	71
1	54
1	561
0	441
1	666
1	456
0	697
1	318
1	687
0	261
1	90
1	491
1	71
1	54
1	561
0	441
1	666
1	456
0	697
1	318
1	687
1	133
1	225
1	225
1	659
1	186
1	225
1	659
1	186
0	520
1	645
1	225
1	659
1	186
0	520
1	645
1	982
1	225
1	659
1	186
0	520
1	645
1	982
1	842
1	225
1	659
1	186
0	520
1	645
1	982
1	842
1	225
1	659
1	186
0	520
1	645
1	982
1	842
0	517
1	476
1	737
1	225
1	659
1	186
0	520
1	645
1	982
1	842
0	517
1	476
1	737
1	109
1	534
1	892
1	729
1	729
1	13
1	953
1	729
1	13
1	953
1	120
1	729
1	13
1	953
1	120
0	132
1	743
1	729
1	13
1	953
1	120
0	132
1	743
1	250
1	729
1	13
1	953
1	120
0	132
1	743
1	250
1	729
1	13
1	953
1	120
0	132
1	743
1	250
1	813
1	729
1	13
1	953
1	120
0	132
1	743
1	250
1	813
1	950
0	576
1	232
1	967
1	322
1	41
1	41
1	979
1	579
1	41
1	979
1	579
1	741
1	41
1	979
1	579
1	741
1	35
1	41
1	979
1	579
1	741
1	35
1	341
1	41
1	979
1	579
1	741
1	35
1	341
1	41
1	979
1	579
1	741
1	35
1	341
1	41
1	979
1	579
1	741
1	35
1	341
1	442
1	675
0	753
1	986
0	441
1	145
0	127
0	954
0	255
1	100
0	281
1	709
1	439
1	820
1	261
1	227
1	15
1	888
1	888
0	695
1	751
1	804
1	888
0	695
1	751
1	804
1	132
1	888
0	695
1	751
1	804
1	132
1	334
1	949
1	888
0	695
1	751
1	804
1	132
1	334
1	949
1	888
0	695
1	751
1	804
1	132
1	334
1	949
1	888
0	695
1	751
1	804
1	132
1	334
1	949
1	286
1	888
0	695
1	751
1	804
1	132
1	334
1	949
1	286
1	176
1	144
0	860
1	288
1	789
1	617
0	24
0	24
1	755
0	851
1	148
0	24
1	755
0	851
1	148
1	545
0	268
1	91
0	493
0	242
1	277
1	252
1	311
0	24
1	755
0	851
1	148
1	545
0	268
1	91
0	493
0	242
1	277
1	252
1	311
1	225
0	24
1	755
0	851
1	148
1	545
0	268
1	91
0	493
0	242
1	277
1	252
1	311
1	225
0	24
1	755
0	851
1	148
1	545
0	268
1	91
0	493
0	242
1	277
1	252
1	311
0	24
1	755
0	851
1	148
1	545
0	268
1	91
0	493
0	242
1	277
1	252
1	311
1	225
0	24
1	755
0	851
1	148
1	545
0	268
1	91
0	493
0	242
1	277
1	252
1	311
1	225
1	652
1	556
1	556
1	779
1	690
1	556
1	779
1	690
1	370
1	556
1	779
1	690
1	370
1	498
1	556
1	779
1	690
1	370
1	498
1	730
1	556
1	779
1	690
1	370
1	498
1	730
1	556
1	779
1	690
1	370
1	498
1	730
1	556
1	779
1	690
1	370
1	498
1	730
1	115
1	29
1	93
1	923
0	926
0	926
1	370
1	538
1	482
0	926
1	370
1	538
1	482
1	106
0	926
1	370
1	538
1	482
1	106
0	199
1	171
1	55
0	240
1	443
0	663
1	202
1	869
1	881
0	926
1	370
1	538
1	482
1	106
0	199
1	171
1	55
0	926
1	370
1	538
1	482
1	106
0	199
1	171
1	55
0	926
1	370
1	538
1	482
1	106
0	199
1	171
1	55
0	926
1	370
1	538
1	482
1	106
0	199
1	171
1	55
0	240
1	443
0	663
1	202
1	869
1	881
1	88
1	139
1	305
1	632
0	694
1	61
1	723
1	761
1	274
1	43
1	93
1	791
1	490
1	154
1	129
1	515
1	517
1	625
1	580
1	440
0	782
1	763
1	528
1	427
1	273
1	905
1	920
0	999
1	577
0	539
0	699
0	900
1	57
1	136
0	698
0	110
0	99
1	971
1	537
1	159
1	697
1	877
1	156
0	654
1	152
0	953
1	49
0	349
0	220
0	428
0	792
1	512
0	967
0	944
0	815
0	319
0	706
1	843
0	660
0	605
0	772
0	155
0	80
1	812
1	288
1	879
1	7
1	542
1	967
1	366
0	15
1	934
1	772
1	608
0	634
1	815
0	129
1	972
1	360
1	762
1	218
1	641
0	776
1	440
1	922
1	462
1	863
1	567
0	93
1	458
1	490
1	605
0	943
1	863
1	703
0	380
1	21
0	280
1	553
1	190
1	82
0	761
0	892
1	896
0	878
0	838
1	67
1	238
1	554
0	907
0	474
0	599
1	945
1	571
1	813
1	108
1	922
0	84
1	807
1	227
1	293
1	769
1	38
1	863
1	650
1	342
0	464
1	516
0	572
0	385
0	728
1	34
1	536
0	252
1	105
0	836
1	976
1	868
1	363
1	227
1	425
0	492
1	882
1	95
1	474
1	195
1	344
1	808
1	659
0	725
1	931
1	996
0	982
1	806
1	833
0	615
1	482
1	725
1	241
0	449
0	815
0	567
0	223
0	164
1	304
1	838
0	55
1	956
1	311
1	721
1	347
0	290
1	725
0	166
0	383
0	387
0	741
0	666
1	411
1	309
1	349
1	729
1	10
1	421
0	281
1	193
0	401
0	431
1	744
0	20
1	952
1	375
1	588
1	589
1	971
1	860
1	921
1	292
1	969
1	960
1	828
0	830
1	375
1	804
1	829
0	858
1	971
1	25
1	881
1	149
1	230
1	103
0	961
1	117
1	365
0	931
0	383
0	950
0	82
1	281
1	791
1	142
1	415
1	396
0	484
0	334
0	213
0	930
0	357
0	499
1	525
1	540
0	570
1	804
1	565
0	966
0	754
1	562
0	962
0	201
0	948
0	453
1	52
1	546
0	968
1	849
1	868
1	799
1	232
1	977
0	662
1	104
1	312
0	335
1	517
0	3
0	225
0	120
0	990
1	977
0	890
1	738
1	2
1	772
1	234
1	560
0	992
1	105
1	755
0	116
1	433
1	196
1	400
1	721
1	223
1	71
0	483
0	881
1	14
1	910
1	54
1	555
1	834
1	335
1	302
1	830
1	829
0	704
1	79
0	990
1	532
0	78
1	263
1	322
0	585
0	764
1	132
0	278
1	776
1	78
1	130
0	562
0	614
0	117
1	183
0	525
1	212
1	505
1	350
0	263
1	519
0	480
1	306
1	632
1	77
1	440
0	137
0	435
1	282
0	286
0	188
1	742
1	237
1	228
1	366
1	970
0	836
0	688
0	375
0	516
0	409
1	412
1	40
1	705
1	136
1	150
1	799
1	909
1	649
0	747
1	679
1	419
1	516
1	953
1	875
1	408
1	920
1	687
0	242
0	777
1	263
1	622
1	51
1	355
1	584
1	201
1	221
1	969
1	939
0	471
1	304
1	230
1	893
0	804
0	520
1	311
1	386
1	493
1	44
0	384
0	746
0	808
0	959
1	134
1	694
0	116
1	874
1	257
1	299
1	396
1	527
0	53
0	69
1	22
0	0
0	54
0	18
1	57
1	77
0	7
1	23
1	40
0	52
1	76
1	82
1	0
1	33
1	12
0	54
0	73
1	56
1	82
0	46
0	2
1	75
1	1
1	48
1	81
1	23
1	44
1	75
0	25
1	77
0	74
0	61
0	8
1	71
0	50
1	56
0	31
1	43
0	4
1	12
1	63
0	48
1	7
1	16
0	82
1	76
1	3
0	0
1	22
1	64
1	79
1	69
1	38
0	45
1	1
1	81
1	25
1	61
1	78
1	24
1	26
1	12
1	51
1	22
1	58
0	61
1	30
1	45
0	60
1	81
1	16
1	67
0	74
0	57
1	30
0	69
1	45
1	61
1	34
0	53
1	82
1	32
0	73
1	8
1	42
1	65
0	70
0	1
0	50
1	74
0	61
0	28
1	4
0	49
1	6
1	31
0	52
1	27
1	60
1	7
1	61
1	18
1	48
1	20
1	57
0	0
0	80
1	62
1	2
1	29
1	16
1	50
1	78
0	3
0	71
0	0
1	63
0	12
1	68
0	35
0	6
1	54
0	10
0	30
0	80
1	26
1	81
0	67
0	31
1	66
1	28
0	69
1	37
1	64
0	77
1	47
0	49
1	57
0	51
1	27
1	76
0	62
0	15
1	24
1	48
1	82
0	25
0	21
0	16
0	24
1	60
1	20
0	67
0	4
1	94
0	25
0	19
1	39
1	0
0	38
0	46
0	18
1	66
0	72
1	3
1	8
1	56
0	63
1	53
1	74
1	85
1	71
1	99
1	96
1	99
1	96
1	99
1	96
1	91
1	31
1	91
1	31
1	91
1	31
0	66
0	58
0	66
0	58
0	66
0	58
0	78
0	59
0	78
0	59
0	78
0	59
1	22
1	15
1	22
1	15
1	22
1	15
0	11
0	11
0	42
0	11
0	42
0	11
0	42
0	68
0	11
0	42
0	68
1	22
1	22
1	30
1	22
1	30
1	22
1	30
1	16
1	22
1	30
1	16
0	77
0	77
1	87
0	62
0	77
1	87
0	62
0	77
1	87
0	62
0	55
0	77
1	87
0	62
0	55
0	14
1	16
1	16
1	95
1	16
1	95
1	16
1	95
0	89
1	40
1	16
1	95
0	89
1	40
0	13
0	60
0	37
0	7
0	42
1	32
1	83
1	77
0	1
0	49
1	72
0	96
0	4
0	19
0	79
0	67
0	67
1	40
0	55
0	24
0	67
1	40
0	55
0	24
0	23
0	67
1	40
0	55
0	24
0	67
1	40
0	55
0	24
0	57
0	12
0	82
0	9
0	67
1	98
0	71
0	19
0	1
0	39
1	45
0	66
0	29
1	28
1	34
1	11
1	4
1	15
1	2
1	74
1	74
0	22
0	0
0	45
0	3
0	36
1	74
0	22
0	0
0	45
0	3
0	36
1	44
0	40
0	71
0	9
0	69
1	74
0	22
0	0
0	45
0	3
0	36
1	44
0	40
0	71
0	9
0	69
1	12
1	12
0	26
0	83
0	46
0	61
1	14
1	70
1	57
1	42
1	12
0	26
0	83
0	46
0	61
1	14
1	70
1	57
1	42
0	3
0	4
1	34
1	6
1	12
0	26
0	83
0	46
0	61
1	14
1	70
1	57
1	42
0	3
0	4
1	34
1	12
0	26
0	83
0	46
0	61
1	14
1	70
1	57
1	42
0	3
0	4
1	34
1	12
0	26
0	83
0	46
0	61
1	14
1	70
1	57
1	42
0	3
0	4
1	34
1	6
0	39
1	43
0	47
1	29
1	87
1	82
1	55
1	51
1	51
1	26
0	8
1	35
1	27
1	69
1	51
1	26
0	8
1	35
1	27
1	69
1	96
1	51
1	26
0	8
1	35
1	27
1	69
1	96
0	41
1	82
0	80
0	80
0	66
1	75
1	21
0	19
0	97
0	96
0	99
0	80
0	66
1	75
1	21
0	19
0	97
0	96
0	99
0	80
0	66
1	75
1	21
0	19
0	97
0	96
0	99
0	56
1	14
1	64
0	90
0	17
0	25
0	95
0	80
0	66
1	75
1	21
0	19
0	97
0	96
0	99
0	56
1	14
1	64
0	90
0	17
0	25
0	95
0	3
0	80
0	66
1	75
1	21
0	19
0	97
0	96
0	99
0	56
1	14
1	64
0	90
0	17
0	25
0	95
0	3
0	22
0	22
0	90
0	75
1	56
1	78
1	38
0	92
1	42
0	55
1	37
0	72
0	94
0	95
1	86
0	65
0	53
0	49
0	50
0	22
0	90
0	75
1	56
1	78
1	38
0	92
1	42
0	55
1	37
0	72
0	94
0	95
1	86
0	65
0	53
0	49
0	22
0	90
0	75
1	56
1	78
1	38
0	92
1	42
0	55
1	37
0	72
0	94
0	95
1	86
0	65
0	53
0	49
0	50
0	22
0	90
0	75
1	56
1	78
1	38
0	92
1	42
0	55
1	37
0	72
0	94
0	95
1	86
0	65
0	53
0	49
0	50
0	1
0	63
0	57
0	62
0	22
0	90
0	75
1	56
1	78
1	38
0	92
1	42
0	55
1	37
0	72
0	94
0	95
1	18
1	18
0	52
1	32
1	69
1	86
1	12
1	18
0	52
1	32
1	69
1	86
1	12
0	10
1	75
0	71
1	4
1	33
1	99
1	97
1	18
0	52
1	32
1	69
1	86
1	12
0	10
1	75
0	71
1	4
1	33
1	99
1	18
0	52
1	32
1	69
1	86
1	12
0	10
1	75
0	71
1	4
1	33
1	99
1	18
0	52
1	32
1	69
1	86
1	12
0	10
1	75
0	71
1	4
1	33
1	99
1	97
1	23
1	0
1	59
1	59
1	65
1	81
1	82
1	6
1	59
1	65
1	81
1	82
1	6
1	66
1	59
1	65
1	81
1	82
1	6
1	66
1	5
1	26
1	13
1	59
1	65
1	81
1	82
1	6
1	66
1	5
1	26
1	13
1	59
1	65
1	81
1	82
1	6
1	66
1	5
1	26
1	13
1	92
1	60
1	60
1	71
0	46
1	68
0	93
0	45
1	63
1	22
1	89
1	47
1	70
1	52
1	60
1	71
0	46
1	68
0	93
0	45
1	63
1	22
1	89
1	60
1	71
0	46
1	68
0	93
0	45
1	63
1	22
1	89
1	47
1	70
1	52
1	60
1	71
0	46
1	68
0	93
0	45
1	63
1	22
1	89
1	47
1	70
1	60
1	71
0	46
1	68
0	93
0	45
1	63
1	22
1	89
1	47
1	70
1	52
1	43
0	39
1	13
0	66
1	50
0	57
0	9
1	2
1	16
1	17
0	21
1	55
1	90
0	80
0	92
1	14
0	36
0	63
1	45
1	23
1	59
1	54
1	80
1	56
0	88
1	32
0	28
1	69
1	52
1	0
1	97
0	26
1	10
0	30
0	71
0	58
0	98
0	17
0	24
0	18
1	29
1	77
1	41
1	43
1	6
0	14
0	57
1	93
0	45
0	41
1	59
1	43
0	70
1	72
0	98
0	52
0	26
1	23
0	10
0	76
1	73
1	50
0	24
0	16
0	71
0	69
1	41
1	8
0	43
1	68
0	31
1	87
0	2
0	45
1	68
0	95
0	86
0	55
0	70
1	0
1	49
0	90
0	99
0	92
1	63
0	11
0	10
0	60
1	44
1	62
1	99
1	75
0	23
1	72
0	15
1	83
0	80
1	94
1	12
1	19
0	34
0	87
0	18
1	98
1	37
0	11
0	2
1	92
1	78
0	57
0	70
1	76
1	30
1	59
1	9
0	15
1	40
1	1
0	46
1	33
1	59
1	15
1	42
1	51
0	14
1	61
0	17
0	69
1	41
1	6
0	13
0	20
1	33
0	64
1	22
0	27
0	47
1	96
0	34
1	87
1	11
0	79
0	31
0	36
0	39
0	38
0	88
1	60
0	58
1	42
1	76
1	18
0	17
1	64
1	10
0	52
1	6
0	38
0	88
1	60
0	58
1	42
1	76
1	18
0	17
1	64
1	10
0	38
0	88
1	60
0	58
1	42
1	76
1	18
0	17
1	64
1	10
0	38
0	88
1	60
0	58
1	42
1	76
1	18
0	17
1	64
1	10
0	36
1	80
1	98
0	38
0	24
1	92
0	1
0	84
0	30
0	42
0	7
0	77
0	80
0	61
0	55
1	68
1	89
0	70
0	36
0	52
1	7
0	19
0	93
1	26
0	13
0	47
1	83
0	18
0	60
0	59
0	66
0	83
1	5
1	0
1	74
0	3
1	88
1	19
1	13
0	99
1	32
0	20
1	53
1	17
1	35
1	19
1	17
0	59
1	48
1	37
1	11
1	99
1	38
0	37
0	87
0	21
0	31
1	63
0	84
0	9
0	86
1	44
1	92
0	73
1	46
0	9
1	0
0	91
0	98
1	39
1	42
0	8
0	72
1	74
0	19
1	68
0	80
1	44
0	14
0	36
0	54
0	59
0	28
1	95
0	84
0	69
0	76
1	58
0	3
0	22
1	35
1	5
0	30
0	9
0	26
0	92
0	87
0	64
1	76
1	30
1	45
1	43
1	77
1	55
1	72
0	49
1	99
1	45
1	30
0	40
0	91
0	54
1	74
1	2
0	17
1	13
1	56
0	94
1	71
1	1
0	27
1	14
1	60
1	69
0	25
0	47
0	10
0	70
1	56
1	31
0	39
0	85
0	24
0	53
1	40
0	68
0	50
0	87
0	15
1	0
1	89
1	61
1	89
1	38
0	81
