1	967
1	967
1	572
1	670
1	373
1	373
1	149
1	373
1	149
1	728
0	806
1	83
0	740
1	546
0	829
0	829
1	867
0	528
1	423
0	654
1	467
1	467
0	615
0	878
1	519
1	10
1	467
0	615
0	878
1	519
1	10
0	707
1	551
1	742
1	946
1	467
0	615
0	878
1	519
1	10
0	707
1	551
1	742
1	946
1	467
0	615
0	878
1	519
1	10
0	707
1	551
1	742
1	946
1	467
0	615
0	878
1	519
1	10
0	707
1	551
1	742
1	467
0	615
0	878
1	519
1	10
0	707
1	551
1	742
1	467
0	615
0	878
1	519
1	10
0	707
1	551
1	742
1	946
1	307
0	503
1	871
1	347
1	253
1	949
1	492
1	284
1	284
1	345
1	928
1	284
1	345
1	928
0	285
1	75
1	284
1	345
1	928
0	285
1	75
1	358
1	284
1	345
1	928
0	285
1	75
1	358
0	221
1	644
1	841
1	284
1	345
1	928
0	285
1	75
1	358
0	221
1	644
1	841
0	872
1	747
1	530
1	284
1	345
1	928
0	285
1	75
1	358
0	221
1	644
1	841
0	872
1	747
1	530
1	284
1	345
1	928
0	285
1	75
1	358
0	221
1	644
1	841
0	872
1	747
1	530
1	965
1	556
1	556
1	219
1	355
1	556
1	219
1	355
1	976
1	556
1	219
1	355
1	976
1	642
1	556
1	219
1	355
1	976
1	642
1	186
1	556
1	219
1	355
1	976
1	642
1	186
1	556
1	219
1	355
1	976
1	642
1	186
1	556
1	219
1	355
1	976
1	642
1	186
1	235
1	781
0	904
1	118
1	654
1	376
0	47
0	47
1	777
1	984
1	35
0	47
1	777
1	984
1	35
0	585
0	279
1	924
0	717
1	335
1	283
1	569
0	504
1	852
1	225
0	47
1	777
1	984
1	35
0	585
0	279
1	924
0	717
1	335
1	283
1	569
0	504
1	852
1	225
0	47
1	777
1	984
1	35
0	585
0	279
1	924
0	717
1	335
1	283
1	569
0	47
1	777
1	984
1	35
0	585
0	279
1	924
0	717
1	335
1	283
1	569
0	47
1	777
1	984
1	35
0	585
0	279
1	924
0	717
1	335
1	283
1	569
0	47
1	777
1	984
1	35
0	585
0	279
1	924
0	717
1	335
1	283
1	569
0	504
1	852
1	225
1	477
0	791
1	621
0	172
1	304
1	25
0	650
1	983
1	372
1	958
1	958
1	586
0	79
1	927
1	958
1	586
0	79
1	927
1	53
1	958
1	586
0	79
1	927
1	53
1	634
1	958
1	586
0	79
1	927
1	53
1	634
1	959
1	958
1	586
0	79
1	927
1	53
1	634
1	959
1	958
1	586
0	79
1	927
1	53
1	634
1	959
1	992
1	958
1	586
0	79
1	927
1	53
1	634
1	959
1	992
0	121
1	449
1	774
1	984
1	400
1	506
1	506
1	239
1	691
1	506
1	239
1	691
1	568
1	506
1	239
1	691
1	568
0	502
0	436
1	697
1	299
1	506
1	239
1	691
1	568
0	502
0	436
1	697
1	299
1	506
1	239
1	691
1	568
0	502
0	436
1	697
1	299
1	506
1	239
1	691
1	568
0	502
0	436
1	697
1	299
1	506
1	239
1	691
1	568
0	502
0	436
1	697
1	299
1	255
1	831
1	675
1	888
0	223
1	982
0	911
0	911
1	32
1	243
1	110
0	911
1	32
1	243
1	110
1	154
1	74
0	911
1	32
1	243
1	110
1	154
1	74
1	456
0	911
1	32
1	243
1	110
1	154
1	74
1	456
0	911
1	32
1	243
1	110
1	154
1	74
1	456
0	911
1	32
1	243
1	110
1	154
1	74
1	456
1	13
0	911
1	32
1	243
1	110
1	154
1	74
1	456
1	13
1	669
1	147
1	46
1	297
0	608
0	608
1	924
1	642
1	377
0	608
1	924
1	642
1	377
1	632
0	608
1	924
1	642
1	377
1	632
1	112
0	608
1	924
1	642
1	377
1	632
1	112
1	10
0	608
1	924
1	642
1	377
1	632
1	112
1	10
0	608
1	924
1	642
1	377
1	632
1	112
1	10
1	972
0	608
1	924
1	642
1	377
1	632
1	112
1	10
1	972
1	198
0	145
0	609
1	370
1	925
0	37
1	486
1	199
1	250
1	732
1	732
1	391
1	254
1	732
1	391
1	254
1	856
1	732
1	391
1	254
1	856
1	908
1	732
1	391
1	254
1	856
1	908
1	486
1	732
1	391
1	254
1	856
1	908
1	486
1	732
1	391
1	254
1	856
1	908
1	486
1	732
1	391
1	254
1	856
1	908
1	486
1	774
1	191
1	248
1	312
0	669
0	669
0	586
0	440
0	669
0	586
0	440
0	450
0	669
0	586
0	440
0	450
0	216
0	669
0	586
0	440
0	450
0	216
0	123
0	669
0	586
0	440
0	450
0	216
0	123
0	669
0	586
0	440
0	450
0	216
0	123
0	669
0	586
0	440
0	450
0	216
0	123
0	408
0	285
0	347
1	940
0	809
0	943
1	432
1	164
1	82
0	718
1	122
1	623
1	935
1	803
1	177
0	220
0	109
0	390
1	476
1	308
1	590
1	231
1	92
0	523
1	401
1	546
1	328
1	737
1	333
1	332
1	837
1	644
1	360
1	208
0	293
1	113
1	568
1	235
1	637
1	673
1	331
0	190
0	848
1	999
0	379
1	866
0	586
0	903
1	869
0	81
0	64
0	994
1	332
0	9
0	71
1	336
0	309
1	311
0	385
0	744
0	192
1	960
1	0
1	257
0	165
1	332
1	72
0	876
1	308
1	358
0	769
1	795
1	859
1	856
0	363
1	921
0	399
1	554
1	89
1	635
1	1
1	952
0	829
1	391
1	790
1	891
0	277
0	884
1	839
1	877
1	610
1	787
1	529
1	426
1	871
1	905
1	938
0	228
1	450
1	532
1	82
1	879
0	335
1	402
0	87
1	988
0	488
0	759
0	472
1	499
1	15
1	874
1	485
0	213
0	324
0	433
1	957
0	293
1	142
1	779
1	756
1	10
1	859
0	848
0	705
1	969
1	390
1	87
1	648
1	167
1	908
0	870
1	943
0	271
1	980
1	467
1	867
1	785
1	56
0	933
0	461
0	112
0	432
0	129
1	394
1	471
0	179
1	325
1	206
1	862
1	820
0	671
1	366
1	234
1	614
1	88
1	44
0	774
1	82
1	423
1	67
0	537
0	168
0	307
1	754
1	961
0	653
0	427
0	573
0	852
0	977
0	822
1	117
0	7
1	229
1	41
1	810
0	876
1	884
0	365
1	391
1	700
1	885
1	902
1	861
1	292
0	466
0	473
1	592
0	652
0	546
0	667
0	727
1	105
1	747
0	788
1	795
1	979
1	295
0	278
0	375
0	19
1	224
0	957
1	798
0	502
0	28
0	580
0	339
0	221
1	548
0	256
0	530
0	604
1	528
1	505
0	170
1	793
1	917
0	604
0	611
1	668
0	612
1	502
1	327
0	261
1	210
0	628
0	147
1	37
1	22
0	440
1	948
1	437
0	991
1	358
1	933
1	139
1	530
1	895
1	533
1	752
1	643
1	32
1	131
1	476
1	555
1	578
1	370
1	455
0	152
1	977
1	932
1	189
0	132
1	334
0	691
1	678
1	192
1	31
0	393
0	320
0	179
0	506
0	825
1	675
0	144
0	419
0	239
1	337
1	267
1	864
0	293
1	438
1	526
0	620
1	195
0	198
1	934
1	524
1	675
1	763
1	730
1	883
1	236
1	326
0	765
0	276
1	66
1	898
1	64
0	591
0	105
1	26
1	810
0	705
0	601
1	919
1	920
0	507
1	278
1	482
0	115
1	130
1	199
1	276
1	370
1	3
0	407
1	924
0	287
0	523
0	361
1	764
1	483
1	576
1	392
1	318
0	736
1	803
1	151
1	398
1	958
0	582
1	305
1	841
0	177
0	740
1	429
0	298
1	793
0	58
0	485
0	239
1	226
0	54
1	387
0	394
0	197
0	744
1	475
1	724
0	546
0	623
1	518
0	449
1	166
1	95
0	886
0	974
0	976
1	478
1	842
1	576
0	869
1	639
1	153
0	548
1	12
0	261
0	87
0	168
1	97
1	731
1	485
1	435
0	404
1	195
0	897
1	342
1	65
0	123
1	547
1	790
1	217
1	759
0	654
0	74
0	463
0	100
0	537
0	65
1	893
0	786
0	585
1	51
1	873
1	639
0	169
0	810
0	246
1	940
1	533
0	419
1	597
1	450
1	862
1	965
1	374
1	461
1	540
1	853
0	979
1	468
1	282
0	839
0	712
1	748
1	8
1	189
1	931
1	334
1	156
1	328
0	120
1	532
1	211
1	271
1	839
0	370
1	464
0	253
1	983
1	660
0	59
1	32
1	65
1	45
0	41
1	5
1	63
1	77
0	3
0	11
1	72
1	24
0	73
0	37
1	79
0	26
1	13
1	6
1	63
0	74
1	70
1	55
1	39
0	43
0	81
1	30
0	64
0	10
0	4
1	62
1	6
0	25
0	1
1	19
0	27
0	37
0	59
1	70
0	2
1	40
1	32
0	69
1	47
0	55
1	72
1	17
1	61
0	57
1	66
0	28
0	73
0	12
1	0
1	59
1	64
1	30
1	3
0	79
1	42
0	80
1	78
1	8
1	40
1	26
0	61
0	82
0	30
0	1
1	69
1	16
0	73
0	32
0	2
1	60
0	22
1	20
0	29
0	73
0	38
1	6
0	46
1	31
0	42
1	48
1	27
1	9
1	28
0	49
0	10
0	24
1	66
1	71
0	25
0	5
1	71
1	60
1	36
0	33
0	44
0	4
1	38
0	22
1	62
0	5
0	8
1	12
0	77
0	37
0	47
1	33
1	45
0	15
0	1
0	11
1	17
0	46
0	52
1	1
1	81
1	11
0	71
1	39
1	37
1	28
1	68
0	68
0	78
0	46
1	16
0	66
0	77
1	13
0	10
0	49
0	35
1	37
0	74
0	67
0	54
0	55
0	40
1	122
1	67
1	68
1	76
1	86
1	19
1	162
1	101
0	41
0	0
0	53
0	100
1	95
1	81
1	37
0	140
0	37
0	146
1	130
1	148
1	3
1	22
0	109
1	50
1	106
0	157
0	8
1	144
1	121
0	57
0	113
0	63
0	161
0	105
1	30
1	53
0	119
0	27
0	19
0	162
1	78
1	40
1	7
1	52
0	21
1	13
0	23
1	38
1	57
1	67
0	89
0	5
1	95
0	8
0	12
0	57
1	26
0	50
0	57
0	60
0	57
0	60
0	57
0	60
0	69
0	17
0	69
0	17
0	69
0	17
1	24
1	96
1	24
1	96
1	24
1	96
0	76
0	91
0	76
0	91
0	76
0	91
0	47
0	62
0	47
0	62
0	47
0	62
1	89
1	89
0	46
1	8
0	85
1	21
1	89
0	46
1	8
0	85
1	21
1	17
1	89
0	46
1	8
0	85
1	21
1	17
1	96
1	89
0	46
1	8
0	85
1	21
1	17
1	96
1	0
1	82
0	40
0	40
0	42
0	40
0	42
0	40
0	42
0	86
0	40
0	42
0	86
0	61
0	61
1	59
0	3
0	31
0	61
1	59
0	3
0	31
0	61
1	59
0	3
0	31
0	34
0	61
1	59
0	3
0	31
0	34
0	46
0	46
0	84
0	46
0	84
0	46
0	84
0	15
0	46
0	84
0	15
0	42
0	42
0	94
0	42
0	94
0	42
0	94
0	3
0	42
0	94
0	3
1	43
1	95
1	28
1	74
1	30
0	67
1	11
0	27
0	73
0	72
0	46
0	3
0	31
1	28
0	34
0	55
1	99
1	73
1	28
0	27
0	2
1	23
0	13
0	66
0	31
0	17
0	65
1	0
1	18
0	48
0	82
0	50
0	74
0	26
1	5
1	5
0	8
1	28
0	74
0	89
0	77
0	59
1	5
0	8
1	28
0	74
0	89
0	77
0	59
0	13
1	5
0	8
1	28
0	74
0	89
0	77
0	59
0	13
0	56
1	91
0	68
0	84
1	86
1	85
0	19
0	12
0	11
1	51
0	65
0	38
0	25
0	90
1	20
1	20
1	90
1	93
1	34
1	18
1	20
1	90
1	93
1	34
1	18
1	84
1	20
1	90
1	93
1	34
1	18
1	84
0	19
0	29
0	10
0	72
1	12
1	59
1	16
1	20
1	90
1	93
1	34
1	18
1	84
0	19
0	29
0	10
0	72
1	12
1	59
1	16
0	79
1	91
0	89
0	40
1	65
1	7
0	11
1	88
0	43
1	36
0	6
1	85
0	86
0	76
1	70
1	28
1	8
1	20
1	90
1	93
1	34
1	18
1	84
0	19
0	29
0	10
0	72
1	12
1	59
1	16
0	79
1	91
0	89
0	40
1	65
1	7
0	11
1	88
0	43
1	36
0	6
1	85
0	86
0	76
1	70
1	28
1	8
1	61
1	71
0	34
0	34
1	41
1	95
0	60
0	19
0	36
1	71
0	49
0	53
0	34
1	41
1	95
0	60
0	19
0	36
1	71
0	49
0	53
0	69
1	2
1	21
1	64
0	40
0	16
1	97
0	48
0	34
1	41
1	95
0	60
0	19
0	36
1	71
0	49
0	53
1	72
1	72
1	91
0	68
1	5
0	63
1	27
1	16
1	56
1	72
1	91
0	68
1	5
0	63
1	27
1	16
1	72
1	91
0	68
1	5
0	63
1	27
1	16
1	56
1	0
1	49
0	52
1	46
1	85
1	92
1	96
1	72
1	91
0	68
1	5
0	63
1	27
1	16
1	56
1	0
1	49
0	52
1	46
1	85
1	92
1	72
1	91
0	68
1	5
0	63
1	27
1	16
1	56
1	0
1	49
0	52
1	46
1	85
1	92
0	27
0	27
1	94
0	63
0	11
0	21
0	31
0	27
1	94
0	63
0	11
0	21
0	31
0	58
0	92
0	27
1	94
0	63
0	11
0	21
0	31
0	58
0	92
0	19
0	73
0	69
0	27
1	94
0	63
0	11
0	21
0	31
0	58
0	92
0	19
0	73
0	69
0	27
1	94
0	63
0	11
0	21
0	31
0	58
0	92
0	19
0	73
0	69
1	89
0	61
1	22
0	23
0	88
0	47
0	47
0	54
1	46
0	24
0	80
1	67
0	6
0	18
0	47
0	54
1	46
0	24
0	80
1	67
0	6
0	18
0	47
0	54
1	46
0	24
0	80
1	67
0	6
0	18
0	16
0	37
1	51
0	77
0	55
0	5
0	36
0	47
0	54
1	46
0	24
0	80
1	67
0	6
0	18
0	16
0	37
1	51
0	77
0	55
0	5
0	47
0	54
1	46
0	24
0	80
1	67
0	6
0	18
0	16
0	37
1	51
0	77
0	55
0	5
0	36
0	38
0	38
0	60
0	62
0	70
0	2
0	38
0	60
0	62
0	70
0	2
1	52
1	20
0	82
0	72
0	14
0	38
0	60
0	62
0	70
0	2
1	52
1	20
0	82
0	72
0	14
0	30
0	38
0	60
0	62
0	70
0	2
1	52
1	20
0	82
0	72
0	14
0	30
0	38
0	60
0	62
0	70
0	2
1	52
1	20
0	82
0	72
0	14
0	30
1	15
1	28
1	18
0	84
1	76
1	11
0	23
0	69
0	86
1	61
0	97
1	74
1	89
1	16
0	25
0	49
1	65
0	81
0	34
0	98
0	1
0	58
1	12
1	46
0	43
0	40
0	88
0	22
0	53
1	60
1	60
1	80
1	58
1	49
1	32
1	60
1	80
1	58
1	49
1	32
1	56
1	60
1	80
1	58
1	49
1	32
1	56
1	42
1	55
1	23
1	60
1	80
1	58
1	49
1	32
1	56
1	42
1	55
1	23
1	60
1	80
1	58
1	49
1	32
1	56
1	42
1	55
1	23
1	46
0	43
1	28
0	56
0	78
1	27
1	48
0	18
1	31
1	29
1	83
1	58
1	29
1	24
1	99
0	55
1	93
1	36
1	77
1	85
0	44
0	59
1	57
1	70
1	97
0	33
1	64
0	86
0	51
0	75
1	46
1	41
1	19
1	67
0	96
1	35
0	73
0	55
0	27
0	19
0	24
1	40
0	84
1	34
0	53
1	46
1	63
1	74
1	28
0	20
1	81
1	84
1	64
0	25
0	47
0	8
0	90
0	31
1	67
0	43
1	84
1	70
1	18
1	77
1	96
0	67
0	22
0	54
1	42
0	15
0	38
0	48
0	45
0	72
1	82
1	18
1	11
0	56
1	30
0	10
1	61
1	67
1	9
1	69
0	55
1	32
1	28
1	85
0	90
1	75
1	91
1	14
1	99
1	5
1	15
1	79
0	65
1	31
1	7
0	18
1	5
0	78
1	60
1	66
1	32
1	7
0	18
1	5
0	78
1	60
1	66
1	32
1	7
0	18
1	5
0	78
1	60
1	66
1	32
1	7
0	18
1	5
0	78
1	60
1	66
1	32
0	92
0	4
0	37
1	31
0	38
1	33
0	69
0	35
0	43
1	19
1	84
1	94
0	12
1	44
0	14
1	51
1	8
1	74
0	71
0	33
0	55
0	78
0	28
1	22
0	73
1	67
0	14
0	39
0	36
0	7
1	35
0	44
1	8
0	40
1	67
0	89
0	47
0	0
0	51
0	29
0	83
0	16
0	53
0	16
0	27
0	42
0	69
0	90
1	56
0	14
1	5
0	88
0	67
1	90
1	63
1	23
1	20
1	50
0	15
0	9
0	61
0	81
0	55
1	69
1	68
1	41
1	51
1	87
0	63
0	34
1	37
1	87
1	32
1	5
0	75
1	19
1	51
1	49
1	2
0	97
0	79
0	62
1	25
1	27
1	77
1	33
0	63
0	35
1	16
1	5
1	92
0	82
1	33
1	25
1	59
0	37
0	96
1	23
1	55
1	47
1	3
0	49
1	63
0	25
0	56
1	18
1	57
0	20
0	20
0	31
0	62
0	52
