0	760
0	760
1	85
0	865
1	702
1	702
1	702
1	96
1	861
1	931
1	151
1	317
1	809
0	852
0	852
1	174
0	309
1	761
1	440
1	886
1	886
1	171
1	518
1	886
1	171
1	518
1	330
1	886
1	171
1	518
1	330
1	767
1	886
1	171
1	518
1	330
1	767
0	761
1	382
1	886
1	171
1	518
1	330
1	767
0	761
1	382
1	886
1	171
1	518
1	330
1	767
0	761
1	382
1	886
1	171
1	518
1	330
1	767
0	761
1	382
1	324
1	325
0	341
0	296
1	423
1	671
1	774
0	577
0	585
1	327
1	797
1	385
0	84
0	84
1	439
0	823
1	160
1	19
0	84
1	439
0	823
1	160
1	19
1	429
0	84
1	439
0	823
1	160
1	19
1	429
1	894
0	84
1	439
0	823
1	160
1	19
1	429
1	894
1	81
0	84
1	439
0	823
1	160
1	19
1	429
1	894
1	81
0	84
1	439
0	823
1	160
1	19
1	429
1	894
1	81
0	84
1	439
0	823
1	160
1	19
1	429
1	894
1	81
1	416
1	231
1	150
0	471
0	701
1	263
0	496
0	991
1	632
0	477
1	308
1	558
1	655
1	550
1	550
1	240
1	575
1	550
1	240
1	575
1	486
1	550
1	240
1	575
1	486
1	157
1	550
1	240
1	575
1	486
1	157
0	923
1	607
1	550
1	240
1	575
1	486
1	157
0	923
1	607
1	550
1	240
1	575
1	486
1	157
0	923
1	607
1	896
1	550
1	240
1	575
1	486
1	157
0	923
1	607
1	896
0	51
1	10
1	917
0	375
1	451
0	962
0	16
1	832
1	666
1	83
1	62
1	62
1	492
1	958
1	62
1	492
1	958
1	857
1	62
1	492
1	958
1	857
1	662
1	62
1	492
1	958
1	857
1	662
1	430
1	62
1	492
1	958
1	857
1	662
1	430
1	62
1	492
1	958
1	857
1	662
1	430
1	62
1	492
1	958
1	857
1	662
1	430
1	787
1	164
1	510
0	833
1	983
0	43
1	783
1	182
0	594
0	594
0	655
1	591
1	226
0	427
1	397
0	542
1	928
1	485
0	594
0	655
1	591
1	226
0	427
1	397
0	542
1	928
1	485
1	269
0	594
0	655
1	591
1	226
0	427
1	397
0	542
1	928
1	485
1	269
0	594
0	655
1	591
1	226
0	427
1	397
0	542
1	928
1	485
1	269
1	184
0	594
0	655
1	591
1	226
0	427
1	397
0	542
1	928
1	485
1	269
0	594
0	655
1	591
1	226
0	427
1	397
0	542
1	928
1	485
1	269
1	184
0	594
0	655
1	591
1	226
0	427
1	397
0	542
1	928
1	485
1	269
1	184
1	157
1	948
1	839
1	707
1	707
0	745
1	149
0	193
1	333
1	332
0	470
1	638
1	133
1	707
0	745
1	149
0	193
1	333
1	332
1	707
0	745
1	149
0	193
1	333
1	332
0	470
1	638
1	133
1	707
0	745
1	149
0	193
1	333
1	332
0	470
1	638
1	133
1	707
0	745
1	149
0	193
1	333
1	332
0	470
1	638
1	133
1	540
1	707
0	745
1	149
0	193
1	333
1	332
0	470
1	638
1	133
1	540
1	707
0	745
1	149
0	193
1	333
1	332
0	470
1	638
1	133
1	540
1	684
1	154
0	708
0	545
1	818
1	906
1	555
0	539
0	539
1	736
1	452
0	146
0	291
0	539
1	736
1	452
0	146
0	291
1	273
1	115
1	204
0	539
1	736
1	452
0	146
0	291
1	273
1	115
1	204
0	539
1	736
1	452
0	146
0	291
1	273
1	115
1	204
1	382
0	539
1	736
1	452
0	146
0	291
1	273
1	115
1	204
1	382
0	539
1	736
1	452
0	146
0	291
1	273
1	115
1	204
1	382
0	539
1	736
1	452
0	146
0	291
1	273
1	115
1	204
1	382
0	220
0	680
1	499
1	835
1	9
0	512
0	394
1	55
1	921
0	817
1	487
1	440
1	411
1	411
1	519
0	308
1	451
1	411
1	519
0	308
1	451
1	413
1	411
1	519
0	308
1	451
1	413
0	56
1	784
1	638
1	318
1	411
1	519
0	308
1	451
1	413
0	56
1	784
1	638
1	411
1	519
0	308
1	451
1	413
0	56
1	784
1	638
1	411
1	519
0	308
1	451
1	413
0	56
1	784
1	638
1	411
1	519
0	308
1	451
1	413
0	56
1	784
1	638
1	318
1	955
1	393
0	265
0	830
1	283
0	486
0	705
1	578
1	406
0	341
0	259
1	586
1	53
1	807
1	267
1	397
1	130
1	130
1	146
1	865
1	130
1	146
1	865
0	509
1	755
1	130
1	146
1	865
0	509
1	755
1	20
1	130
1	146
1	865
0	509
1	755
1	20
1	149
1	130
1	146
1	865
0	509
1	755
1	20
1	149
1	130
1	146
1	865
0	509
1	755
1	20
1	149
0	720
1	832
1	800
1	130
1	146
1	865
0	509
1	755
1	20
1	149
0	720
1	832
1	800
1	216
1	2
1	424
1	533
1	533
0	193
1	578
1	767
1	533
0	193
1	578
1	767
0	136
1	894
1	836
1	62
1	533
0	193
1	578
1	767
0	136
1	894
1	836
1	533
0	193
1	578
1	767
0	136
1	894
1	836
1	62
1	533
0	193
1	578
1	767
0	136
1	894
1	836
1	62
1	533
0	193
1	578
1	767
0	136
1	894
1	836
1	62
1	533
0	193
1	578
1	767
0	136
1	894
1	836
1	62
1	622
0	929
0	634
0	765
1	673
0	157
1	619
1	909
0	345
1	548
1	922
0	569
1	692
1	983
1	200
0	2
1	146
0	244
0	384
1	262
1	202
1	211
1	738
1	850
0	819
1	428
1	123
1	837
0	374
0	153
0	191
1	112
0	709
0	604
0	406
0	808
0	895
0	867
0	1
1	50
1	917
1	725
0	774
1	891
1	404
1	868
1	3
0	106
0	349
1	631
0	565
0	789
1	889
0	55
0	293
0	40
1	200
1	746
1	459
1	496
1	881
1	743
0	216
0	642
0	170
1	195
1	539
1	260
1	980
0	671
0	963
0	743
0	241
1	644
1	938
1	92
0	200
0	180
0	123
0	132
0	405
0	11
0	549
0	492
1	93
0	686
0	667
1	843
0	727
0	504
0	990
1	890
0	162
0	407
0	690
1	85
1	130
0	638
0	811
1	252
1	223
0	859
0	786
0	537
0	562
1	987
1	609
0	224
1	725
1	868
0	51
1	696
0	202
1	918
1	77
0	152
1	370
1	452
1	833
1	923
0	315
1	570
1	821
0	445
1	974
1	872
1	528
1	907
1	722
1	317
1	899
0	131
1	944
1	149
0	713
0	878
0	151
0	937
1	280
0	161
1	894
0	778
1	424
1	857
0	916
1	698
1	689
1	920
1	519
0	64
1	922
1	860
1	448
0	917
1	784
1	507
1	800
0	26
1	704
1	743
1	298
1	859
1	386
1	737
1	192
0	477
1	373
1	846
1	811
1	579
0	610
1	200
1	185
1	693
1	247
1	385
0	260
0	8
1	820
0	228
0	507
1	934
1	373
1	302
1	588
1	237
0	490
0	767
1	993
1	921
0	320
1	597
1	471
1	309
1	582
1	712
1	134
1	738
0	377
0	654
0	771
1	14
0	909
0	383
1	471
1	291
1	580
1	368
1	968
0	691
0	682
1	363
1	777
1	54
0	227
0	233
1	381
1	890
1	536
0	848
0	243
0	32
1	657
1	698
1	580
1	554
0	667
0	183
0	596
0	186
0	730
0	819
0	535
1	74
0	805
0	593
0	627
1	168
1	877
0	85
1	31
1	771
1	800
0	4
0	425
0	519
0	240
0	593
0	383
0	289
0	330
0	878
1	223
0	307
0	859
1	690
0	614
0	261
0	226
0	441
1	990
1	52
1	383
0	421
1	991
1	142
1	658
0	392
1	112
1	315
0	668
1	515
1	213
1	186
1	779
1	170
1	888
1	596
0	707
1	623
1	634
0	778
1	682
1	116
1	683
0	712
0	298
0	387
0	70
1	490
1	730
1	989
1	922
1	832
1	480
1	598
1	683
1	261
0	207
0	56
1	410
1	349
1	199
1	849
1	48
0	423
0	508
1	467
1	395
1	559
1	880
0	707
1	335
1	885
1	572
1	295
1	728
1	863
0	569
1	979
1	969
1	549
1	849
1	631
1	712
1	550
1	204
1	154
1	241
1	160
1	854
1	816
1	299
0	155
0	501
1	861
0	902
1	927
0	39
0	796
1	48
0	399
0	406
0	982
0	717
1	588
1	199
1	295
1	543
1	702
1	15
1	985
0	74
1	785
1	630
0	508
1	877
1	805
1	113
0	400
1	634
0	95
1	362
0	199
0	280
1	782
1	922
0	253
0	701
1	401
1	674
0	594
0	106
0	91
0	657
0	649
0	545
0	568
1	434
1	398
1	631
1	654
1	24
1	437
1	243
1	192
1	229
1	119
0	257
1	62
1	98
1	251
1	705
1	584
1	782
0	940
1	155
0	760
0	965
0	632
1	342
1	772
1	461
0	992
1	453
0	179
0	407
1	485
1	260
0	727
0	467
0	575
1	960
0	840
1	931
0	534
0	99
0	211
1	71
1	11
1	20
1	51
1	33
1	73
0	59
0	42
1	44
1	35
1	19
1	69
0	46
0	49
0	34
0	63
0	58
1	37
0	4
1	45
0	54
0	25
1	33
0	48
1	68
0	60
1	2
1	5
1	10
1	72
0	44
1	8
1	75
1	9
1	42
0	17
1	77
1	50
1	75
0	56
0	63
1	43
1	28
1	66
0	16
1	7
1	36
0	21
0	56
1	46
0	9
0	6
1	75
0	34
1	76
1	15
1	68
0	58
0	76
1	55
1	19
0	62
0	57
0	70
1	11
1	17
0	9
1	51
1	47
0	41
0	55
0	40
0	5
0	43
0	16
0	28
0	68
1	81
1	82
0	30
0	27
1	75
1	52
1	71
1	11
1	42
0	29
0	70
0	16
1	52
0	9
0	49
0	25
1	27
1	47
0	8
0	17
0	53
0	32
0	0
0	61
1	66
0	58
1	21
1	14
0	28
0	42
1	15
0	60
1	45
1	73
0	78
1	64
1	2
1	6
0	43
1	57
0	27
1	22
1	80
1	29
1	76
1	1
1	46
0	77
0	55
1	0
0	111
0	37
1	163
0	144
0	16
0	27
1	152
1	17
1	140
0	74
1	129
0	110
1	131
0	15
1	117
0	100
1	127
0	63
1	161
0	120
0	111
0	155
0	36
0	112
1	52
1	158
0	9
1	139
0	110
0	32
0	73
0	5
0	1
1	7
1	66
1	39
1	130
1	150
0	160
0	54
0	95
0	131
0	150
0	22
0	72
0	83
1	54
1	96
1	47
1	51
1	11
0	50
1	78
1	21
1	37
1	42
0	26
0	52
1	89
1	55
1	38
1	11
0	70
1	34
1	24
1	11
0	70
1	34
1	24
1	11
0	70
1	34
1	24
1	73
0	80
1	31
1	81
1	73
0	80
1	31
1	81
1	73
0	80
1	31
1	81
0	81
1	3
0	99
0	23
0	81
1	3
0	99
0	23
0	81
1	3
0	99
0	23
0	87
1	57
0	8
0	96
0	28
0	96
0	28
0	96
0	28
0	30
0	59
0	30
0	59
0	30
0	59
0	68
0	68
0	30
0	68
0	30
0	68
0	30
0	39
0	68
0	30
0	39
0	27
0	27
0	45
0	27
0	45
0	27
0	45
0	66
0	27
0	45
0	66
1	1
1	1
1	28
1	1
1	28
1	1
1	28
1	91
1	1
1	28
1	91
1	57
1	57
0	50
0	29
0	13
1	57
0	50
0	29
0	13
1	57
0	50
0	29
0	13
0	83
1	57
0	50
0	29
0	13
0	83
0	79
0	79
1	7
0	25
0	43
0	79
1	7
0	25
0	43
0	79
1	7
0	25
0	43
0	79
1	7
0	25
0	43
1	24
0	72
0	21
0	65
0	55
1	11
0	67
0	66
0	24
0	65
1	91
1	12
1	78
1	41
0	9
0	66
1	85
0	46
1	69
1	96
1	10
1	21
1	61
1	39
0	32
1	60
1	98
0	45
1	92
1	25
0	75
0	11
0	30
0	49
1	53
1	79
1	58
0	27
1	91
1	87
0	81
1	56
0	13
1	63
0	90
0	83
0	9
0	0
0	65
1	67
0	11
1	55
1	36
1	47
1	70
1	41
1	41
0	62
1	50
0	75
1	54
0	83
0	20
1	41
0	62
1	50
0	75
1	54
0	83
0	20
1	41
0	62
1	50
0	75
1	54
0	83
0	20
1	81
0	19
0	33
0	36
1	96
0	76
0	61
0	59
0	4
0	31
0	31
0	64
1	88
0	25
0	35
0	57
0	31
0	64
1	88
0	25
0	35
0	57
0	4
1	1
0	71
0	31
0	64
1	88
0	25
0	35
0	57
0	4
1	1
0	71
0	40
1	0
1	61
0	17
1	3
0	69
1	82
0	90
1	36
1	13
1	86
1	81
0	96
1	24
1	70
0	58
0	37
0	50
1	34
1	15
0	79
0	30
1	44
0	23
0	75
0	56
0	46
0	78
0	16
1	47
0	92
0	39
1	98
0	73
1	41
0	67
0	33
1	27
1	49
0	9
1	54
0	62
1	93
0	74
0	80
0	6
0	31
0	64
1	88
0	25
0	35
0	57
0	4
1	1
0	71
0	40
1	0
1	61
0	17
1	3
0	69
1	82
0	90
0	31
0	64
1	88
0	25
0	35
0	57
0	4
1	1
0	71
0	40
1	0
1	61
0	17
1	3
0	69
1	82
0	90
1	36
1	13
1	86
1	81
0	96
1	24
1	70
0	58
0	37
0	50
1	34
1	15
0	79
0	30
1	44
0	23
0	75
0	56
0	46
0	78
0	16
1	47
0	92
0	39
1	98
0	73
1	41
0	67
0	33
1	27
1	49
0	9
1	54
0	62
1	93
0	74
0	80
0	6
0	12
0	26
0	55
1	94
0	22
0	97
1	84
1	77
0	63
1	91
1	83
1	7
1	19
0	60
1	20
1	66
0	14
1	10
1	72
0	53
0	95
0	87
0	11
0	18
1	15
1	15
1	46
1	12
1	43
1	81
1	15
1	46
1	12
1	43
1	81
1	64
1	15
1	46
1	12
1	43
1	81
1	64
1	85
1	32
1	41
1	8
1	8
1	84
1	22
0	96
0	18
1	95
1	27
1	0
1	8
1	84
1	22
0	96
0	18
1	95
1	27
1	0
1	8
1	84
1	22
0	96
0	18
1	95
1	27
1	0
1	13
1	43
0	80
1	66
1	21
1	94
1	8
1	84
1	22
0	96
0	18
1	95
1	27
1	0
1	13
1	43
0	80
1	66
1	21
1	94
1	8
1	84
1	22
0	96
0	18
1	95
1	27
1	0
1	13
1	43
0	80
1	66
1	21
1	94
0	93
0	26
0	70
1	37
1	89
0	15
1	50
0	46
1	82
1	4
0	44
1	76
0	39
0	39
0	14
0	55
0	50
0	6
0	39
0	14
0	55
0	50
0	6
0	7
0	39
0	14
0	55
0	50
0	6
0	7
0	94
0	64
1	68
0	13
0	47
0	39
0	14
0	55
0	50
0	6
0	7
0	94
0	64
1	68
0	13
0	47
0	39
0	14
0	55
0	50
0	6
0	7
0	94
0	64
1	68
0	13
0	47
1	91
0	96
0	48
0	35
0	95
0	95
1	48
1	40
0	8
0	24
0	42
0	59
0	95
1	48
1	40
0	8
0	24
0	42
0	59
0	21
0	95
1	48
1	40
0	8
0	24
0	42
0	59
0	21
1	68
0	80
1	12
0	31
0	78
0	67
0	47
0	10
0	77
0	95
1	48
1	40
0	8
0	24
0	42
0	59
0	21
1	68
0	80
1	12
0	31
0	78
0	67
0	47
0	95
1	48
1	40
0	8
0	24
0	42
0	59
0	21
1	68
0	80
1	12
0	31
0	78
0	67
0	47
0	10
1	43
1	43
1	98
0	48
1	46
1	66
1	28
0	42
1	40
1	43
1	98
0	48
1	46
1	66
1	28
0	42
1	40
0	96
0	33
1	70
1	8
1	79
1	32
1	5
1	43
1	98
0	48
1	46
1	66
1	28
0	42
1	40
0	96
0	33
1	70
1	8
1	79
1	32
1	5
0	99
1	58
0	31
0	55
0	49
0	67
1	61
0	21
0	23
0	29
1	85
1	19
1	54
1	59
1	7
1	95
1	47
1	38
1	43
1	98
0	48
1	46
1	66
1	28
0	42
1	40
0	96
0	33
1	70
1	8
1	79
1	32
1	5
0	99
1	58
0	31
0	55
0	49
0	67
1	61
0	21
0	23
0	29
1	85
1	19
1	54
1	59
1	7
1	95
1	43
1	98
0	48
1	46
1	66
1	28
0	42
1	40
0	96
0	33
1	70
1	8
1	79
1	32
1	5
0	75
0	75
1	11
1	24
1	99
0	46
1	95
1	39
0	75
1	11
1	24
1	99
0	46
1	95
1	39
1	97
0	75
1	11
1	24
1	99
0	46
1	95
1	39
1	97
1	40
1	20
1	0
1	65
0	75
1	11
1	24
1	99
0	46
1	95
1	39
1	97
1	40
1	20
1	0
0	75
1	11
1	24
1	99
0	46
1	95
1	39
1	97
1	40
1	20
1	0
1	65
0	83
1	78
0	61
0	36
1	51
0	56
0	62
1	72
1	59
1	6
1	74
0	90
1	14
0	26
0	77
1	92
1	53
0	17
1	13
1	30
1	96
1	32
0	28
1	85
1	84
0	72
0	56
1	64
1	90
0	78
0	27
0	83
0	29
1	19
0	47
1	82
0	56
1	77
1	22
0	51
0	11
0	77
1	36
1	7
0	93
0	56
0	42
1	60
1	90
0	57
0	63
0	16
0	53
1	45
1	56
1	69
1	59
1	92
1	72
1	56
1	51
0	45
1	37
1	60
1	77
0	93
1	51
1	81
0	0
1	97
0	66
1	53
0	54
0	2
1	40
0	91
1	29
1	64
0	9
0	5
1	70
1	15
1	7
1	55
0	81
0	50
0	64
0	8
0	31
0	20
1	25
0	62
0	87
0	43
0	35
1	28
1	11
0	81
0	65
0	97
0	23
0	65
1	22
0	64
0	17
0	90
0	40
0	30
0	63
0	12
0	92
1	89
0	47
1	79
1	97
0	36
1	33
1	83
1	87
1	20
0	32
0	40
1	77
1	52
1	53
0	88
0	9
0	8
0	96
0	40
1	23
0	86
0	53
1	5
1	7
1	10
1	28
1	23
0	86
0	53
1	5
1	7
1	10
1	23
0	86
0	53
1	5
1	7
1	10
1	28
1	23
0	86
0	53
1	5
1	7
1	10
1	28
0	29
0	5
1	74
0	53
0	51
0	66
1	88
0	20
1	48
0	80
1	60
1	3
0	63
0	68
0	32
0	47
0	70
1	41
0	37
1	25
0	67
1	99
1	35
1	94
0	68
0	54
1	34
0	58
1	22
1	93
1	18
0	51
1	83
1	15
1	53
0	82
0	29
0	9
1	52
0	80
1	69
0	96
1	20
1	90
0	51
1	83
1	10
1	35
1	54
0	73
1	93
0	7
1	6
0	32
1	98
0	53
0	2
1	77
0	62
1	76
1	88
1	94
0	24
0	56
1	75
0	72
1	22
0	14
0	30
1	48
1	26
1	36
1	71
0	85
0	98
1	10
1	9
0	61
1	88
1	12
1	21
0	24
1	10
1	50
1	16
0	41
0	67
1	56
1	43
0	34
0	21
1	5
1	46
0	86
0	71
0	72
0	97
0	73
0	61
1	83
1	8
0	43
1	68
1	87
1	43
1	39
0	50
1	33
1	84
0	58
1	52
1	67
1	97
0	16
0	93
1	34
0	99
1	64
1	83
0	7
1	14
1	36
1	30
1	80
1	42
0	96
0	49
1	20
0	88
1	82
0	27
0	0
1	23
1	22
1	70
0	67
1	50
1	66
0	60
0	65
0	44
0	83
0	1
0	1
1	98
0	2
1	92
1	62
0	4
1	31
0	9
0	0
0	61
0	46
1	34
1	27
1	26
1	76
0	31
1	85
1	13
1	96
1	72
1	60
1	3
1	27
0	59
0	78
1	44
0	50
0	71
0	40
0	88
0	3
1	26
0	31
0	1
0	10
