1	492
1	492
1	543
1	776
1	798
1	798
0	44
1	798
0	44
1	766
1	168
1	803
1	214
0	407
1	557
1	557
1	853
0	194
1	245
0	374
0	374
1	25
1	697
1	838
0	374
1	25
1	697
1	838
0	921
0	954
0	374
1	25
1	697
1	838
0	921
0	954
0	53
1	571
0	694
1	710
0	86
0	374
1	25
1	697
1	838
0	921
0	954
0	53
1	571
0	694
1	710
0	86
1	663
1	151
1	732
0	374
1	25
1	697
1	838
0	921
0	954
0	53
1	571
0	694
1	710
0	86
1	663
1	151
1	732
0	321
1	520
0	244
1	974
0	273
1	529
0	374
1	25
1	697
1	838
0	921
0	954
0	53
1	571
0	694
1	710
0	86
1	663
1	151
1	732
0	374
1	25
1	697
1	838
0	921
0	954
0	53
1	571
0	694
1	710
0	86
1	663
1	151
1	732
0	321
1	520
0	244
1	974
0	273
1	529
1	683
1	917
1	917
1	686
1	814
1	917
1	686
1	814
1	395
1	917
1	686
1	814
1	395
0	590
1	742
1	917
1	686
1	814
1	395
0	590
1	742
1	437
1	917
1	686
1	814
1	395
0	590
1	742
1	437
1	917
1	686
1	814
1	395
0	590
1	742
1	437
1	617
1	917
1	686
1	814
1	395
0	590
1	742
1	437
1	617
1	750
0	252
1	715
1	76
1	510
1	686
1	686
0	689
0	290
1	257
1	832
1	686
0	689
0	290
1	257
1	832
1	853
1	686
0	689
0	290
1	257
1	832
1	853
1	575
1	686
0	689
0	290
1	257
1	832
1	853
1	575
1	303
1	686
0	689
0	290
1	257
1	832
1	853
1	575
1	303
1	686
0	689
0	290
1	257
1	832
1	853
1	575
1	303
1	686
0	689
0	290
1	257
1	832
1	853
1	575
1	303
1	724
0	393
0	237
0	292
1	387
0	551
1	756
1	634
1	859
0	794
1	10
1	995
1	214
0	699
1	614
0	975
1	50
0	683
1	883
1	186
1	16
1	16
1	467
0	72
1	147
1	16
1	467
0	72
1	147
1	861
1	16
1	467
0	72
1	147
1	861
0	268
0	158
1	36
1	169
1	620
1	16
1	467
0	72
1	147
1	861
0	268
0	158
1	36
1	169
1	620
1	16
1	467
0	72
1	147
1	861
0	268
0	158
1	36
1	169
1	620
1	16
1	467
0	72
1	147
1	861
0	268
0	158
1	36
1	169
1	620
1	16
1	467
0	72
1	147
1	861
0	268
0	158
1	36
1	169
1	620
0	401
1	975
1	928
1	885
0	498
0	498
1	824
1	408
0	154
1	108
1	991
0	498
1	824
1	408
0	154
1	108
1	991
0	498
1	824
1	408
0	154
1	108
1	991
1	831
0	498
1	824
1	408
0	154
1	108
1	991
1	831
1	417
0	498
1	824
1	408
0	154
1	108
1	991
1	831
1	417
0	498
1	824
1	408
0	154
1	108
1	991
1	831
1	417
0	498
1	824
1	408
0	154
1	108
1	991
1	831
1	417
0	591
1	248
1	605
0	393
1	635
1	21
1	794
0	910
1	294
1	556
1	667
1	667
1	438
1	211
1	667
1	438
1	211
0	114
0	791
1	137
0	743
1	386
0	638
1	290
1	962
1	667
1	438
1	211
0	114
0	791
1	137
0	743
1	386
0	638
1	290
1	962
1	233
1	667
1	438
1	211
0	114
0	791
1	137
0	743
1	386
0	638
1	290
1	962
1	233
1	667
1	438
1	211
0	114
0	791
1	137
0	743
1	386
0	638
1	290
1	962
1	233
1	667
1	438
1	211
0	114
0	791
1	137
0	743
1	386
0	638
1	290
1	962
1	233
0	150
1	918
1	667
1	438
1	211
0	114
0	791
1	137
0	743
1	386
0	638
1	290
1	962
1	233
0	150
1	918
1	940
1	53
0	247
1	761
1	716
1	948
1	948
1	193
1	832
1	948
1	193
1	832
0	402
0	951
1	235
0	484
1	380
0	173
0	536
0	357
1	948
1	193
1	832
0	402
0	951
1	235
0	484
1	380
0	173
0	536
0	357
1	155
1	523
1	125
1	948
1	193
1	832
0	402
0	951
1	235
0	484
1	380
0	173
0	536
0	357
1	948
1	193
1	832
0	402
0	951
1	235
0	484
1	380
0	173
0	536
0	357
1	155
1	523
1	125
1	421
1	948
1	193
1	832
0	402
0	951
1	235
0	484
1	380
0	173
0	536
0	357
1	948
1	193
1	832
0	402
0	951
1	235
0	484
1	380
0	173
0	536
0	357
1	155
1	523
1	125
1	421
1	989
1	927
0	386
0	386
0	145
1	875
1	613
1	904
0	386
0	145
1	875
1	613
1	904
1	988
0	386
0	145
1	875
1	613
1	904
1	988
1	586
0	386
0	145
1	875
1	613
1	904
1	988
1	586
0	49
1	182
1	986
0	386
0	145
1	875
1	613
1	904
1	988
1	586
0	49
1	182
1	986
0	386
0	145
1	875
1	613
1	904
1	988
1	586
0	49
1	182
1	986
1	315
0	386
0	145
1	875
1	613
1	904
1	988
1	586
0	49
1	182
1	986
1	315
1	736
0	367
1	699
1	276
1	219
1	219
1	732
1	139
1	219
1	732
1	139
1	704
1	219
1	732
1	139
1	704
1	510
1	219
1	732
1	139
1	704
1	510
0	832
1	822
1	219
1	732
1	139
1	704
1	510
0	832
1	822
1	219
1	732
1	139
1	704
1	510
0	832
1	822
0	935
1	688
0	607
1	831
1	219
1	732
1	139
1	704
1	510
0	832
1	822
0	935
1	688
0	607
1	831
1	687
0	627
1	860
1	50
1	381
1	381
1	830
0	285
1	792
1	381
1	830
0	285
1	792
1	353
1	381
1	830
0	285
1	792
1	353
1	657
1	381
1	830
0	285
1	792
1	353
1	657
1	499
1	381
1	830
0	285
1	792
1	353
1	657
1	499
1	381
1	830
0	285
1	792
1	353
1	657
1	499
0	810
0	198
1	306
0	840
0	9
1	407
0	554
1	77
1	920
1	931
0	793
0	162
1	560
0	661
1	442
1	477
0	268
1	872
1	556
1	381
1	830
0	285
1	792
1	353
1	657
1	499
0	810
0	198
1	306
0	840
0	9
1	407
0	554
1	77
1	920
1	931
0	793
0	162
1	560
0	661
1	442
1	477
0	268
1	872
1	556
1	376
0	575
1	701
1	92
1	845
1	103
1	397
1	923
1	920
0	250
0	477
0	60
0	879
0	407
0	167
1	300
0	954
1	95
1	8
1	691
0	919
1	962
1	826
1	78
1	718
1	253
0	715
0	629
0	870
1	778
0	544
0	91
1	22
0	943
0	347
0	316
0	477
0	606
0	510
0	434
1	454
1	12
0	492
0	420
0	369
0	658
1	336
0	822
1	758
0	751
1	780
1	589
1	81
0	7
1	945
0	604
1	558
0	776
1	635
0	688
0	658
0	548
0	957
0	813
1	276
0	956
0	92
0	846
1	982
1	784
1	166
0	156
1	493
1	385
1	694
0	272
1	790
1	785
1	954
1	747
1	353
1	196
0	678
0	159
0	347
0	700
1	280
0	970
1	530
1	38
1	295
1	117
1	194
0	192
0	190
1	345
1	996
0	81
0	775
0	915
1	117
1	725
1	344
1	798
1	677
1	680
1	371
1	251
1	688
1	749
1	619
1	488
0	569
1	995
1	443
1	258
0	811
0	257
1	317
1	484
0	229
0	350
1	556
1	628
1	611
0	117
0	698
0	472
1	732
1	30
1	567
1	89
1	847
1	706
1	423
1	715
0	987
0	134
1	163
0	719
1	396
1	529
1	638
1	778
1	940
1	402
1	529
1	877
1	506
0	409
1	893
0	629
0	405
0	276
1	410
0	123
1	9
0	287
0	243
0	394
0	762
1	990
1	374
0	135
0	543
0	214
0	609
0	571
0	959
1	967
1	761
0	108
0	613
1	521
0	962
0	936
0	445
0	827
0	253
1	315
0	200
0	687
0	629
0	249
0	998
0	376
1	445
1	23
1	858
1	603
0	929
0	898
0	252
0	315
0	401
0	837
0	666
0	249
0	979
1	43
1	201
0	303
0	694
1	257
1	285
0	941
0	939
0	4
1	634
1	613
0	726
0	627
1	924
1	694
1	739
1	999
0	257
0	724
0	996
1	33
0	83
0	417
1	665
1	694
1	616
1	510
0	639
1	461
1	959
1	861
1	639
1	104
0	404
0	990
0	6
0	353
1	177
1	565
0	840
0	966
1	22
1	566
1	975
1	207
1	752
1	819
0	129
1	80
1	459
1	53
0	420
1	31
0	253
1	205
1	900
1	383
1	790
1	929
1	30
0	637
1	646
1	701
1	324
1	347
1	906
1	797
1	588
1	589
1	77
1	435
1	800
0	59
1	999
1	789
1	103
1	533
0	648
1	374
1	804
1	946
1	827
1	758
1	879
1	369
1	394
1	200
0	668
0	330
1	705
1	564
0	161
1	249
1	122
0	942
1	112
1	726
1	954
1	491
0	919
1	816
1	766
1	603
1	222
1	49
1	123
0	96
1	661
0	982
0	708
0	303
0	277
0	265
0	991
0	213
0	314
0	877
1	803
0	302
1	405
1	182
1	738
1	133
1	313
1	757
1	621
1	616
1	874
0	493
1	836
1	542
0	616
0	364
1	860
0	662
1	468
0	840
1	375
1	887
1	411
0	896
0	273
0	294
0	346
1	269
0	121
1	83
1	677
0	89
0	180
0	308
1	336
1	468
0	96
1	304
0	832
1	135
1	418
1	37
1	861
1	188
0	809
1	818
1	317
1	121
0	136
1	778
1	438
0	231
1	826
1	909
1	516
1	312
1	393
1	174
0	743
1	653
0	100
1	523
1	617
1	373
1	889
1	599
1	627
1	699
1	501
1	867
1	145
1	781
1	24
0	157
1	268
0	597
0	684
0	886
1	176
0	421
1	796
0	334
0	48
0	3
0	65
0	7
0	58
0	68
0	46
0	9
1	39
1	28
0	70
0	44
1	5
1	42
1	37
1	43
1	69
0	76
0	5
1	21
0	3
0	2
1	15
0	56
0	71
1	19
1	37
0	51
0	42
1	11
0	56
0	26
0	35
1	66
1	47
0	20
0	44
0	2
1	23
1	52
0	14
0	70
1	0
0	60
0	63
0	18
1	6
0	10
0	24
1	41
0	74
1	29
1	44
1	62
1	37
1	23
1	53
0	38
0	26
1	46
0	8
0	48
0	4
0	35
0	51
0	38
0	65
1	53
0	71
0	59
0	50
0	52
0	46
0	30
0	31
0	9
1	73
1	3
0	10
0	36
1	66
1	43
0	17
1	68
1	14
1	49
0	57
1	55
1	29
0	3
1	76
0	27
0	8
1	36
1	78
1	35
0	65
1	9
1	60
0	45
1	56
0	73
0	23
1	34
0	52
0	32
0	28
1	21
0	13
1	57
0	40
0	75
0	111
0	10
0	139
0	133
1	0
0	129
1	4
1	9
0	37
1	48
0	149
0	86
1	61
1	131
0	55
1	137
1	24
1	119
0	80
1	133
1	2
0	40
1	77
0	160
1	90
1	11
0	126
0	3
0	147
1	83
0	65
0	125
1	7
1	84
1	109
1	94
0	58
1	69
0	83
0	5
1	54
1	30
0	154
1	104
0	16
0	53
0	139
1	10
1	147
1	99
1	18
0	74
0	62
0	29
0	5
0	4
0	14
0	55
1	47
1	41
0	25
1	61
1	29
1	66
1	19
1	44
1	63
1	15
1	10
1	52
1	33
1	2
1	59
1	11
1	23
1	41
1	43
0	3
0	9
0	2
1	52
0	49
1	23
1	37
1	67
0	20
0	33
0	39
0	15
1	0
0	1
0	3
1	9
1	4
1	8
1	16
0	2
1	14
1	6
1	12
0	5
1	13
1	10
1	10
1	8
1	0
0	15
1	16
0	12
1	5
1	14
0	6
1	2
0	1
1	7
1	13
0	11
1	9
0	3
1	4
1	4
1	4
0	3
1	12
1	5
0	1
1	13
0	15
0	7
0	0
0	14
0	16
1	10
1	4
0	13
1	5
1	8
0	2
1	12
0	16
0	1
0	11
1	0
0	9
0	3
1	16
0	2
1	9
0	0
0	10
0	11
1	5
1	1
0	8
1	12
1	3
0	7
0	15
0	4
0	13
0	6
0	14
1	11
0	12
1	8
0	9
1	5
1	13
0	2
1	6
1	0
0	3
1	10
0	1
0	4
1	7
1	14
0	15
1	16
1	16
0	4
1	9
0	0
1	6
1	5
0	15
1	3
1	1
0	7
0	13
0	14
1	4
0	14
1	8
0	11
1	13
1	15
0	2
0	9
1	10
0	12
0	0
1	6
1	3
1	5
1	16
1	7
1	6
1	15
1	10
0	5
1	16
0	14
0	1
1	13
0	2
1	4
0	3
1	12
0	7
0	11
1	9
1	0
0	8
0	8
0	8
0	8
0	8
0	8
0	8
0	8
0	8
0	8
0	8
0	8
0	8
0	8
0	7
1	11
0	12
1	2
1	0
0	6
0	1
0	9
1	8
1	4
1	92
0	1
1	54
1	2
0	22
0	15
0	59
0	97
0	76
1	71
1	45
1	87
0	69
0	49
1	5
1	89
1	5
1	89
1	5
1	89
0	75
0	91
0	75
0	91
0	75
0	91
0	89
1	32
0	84
0	46
0	89
1	32
0	84
0	46
0	89
1	32
0	84
0	46
1	11
0	33
0	50
1	57
1	35
1	57
1	35
1	57
1	35
0	77
1	58
0	9
1	35
0	11
0	55
1	76
0	69
0	77
1	58
0	9
1	35
0	11
0	77
1	58
0	9
1	35
0	11
0	55
1	76
0	69
1	26
1	29
1	72
1	24
1	5
1	19
1	19
0	49
1	28
1	41
1	19
0	49
1	28
1	41
1	19
0	49
1	28
1	41
1	2
1	19
0	49
1	28
1	41
1	2
0	46
0	46
0	38
0	46
0	38
0	46
0	38
0	77
0	46
0	38
0	77
1	50
1	50
1	5
1	50
1	5
1	50
1	5
0	33
1	9
1	29
1	50
1	5
0	33
1	9
1	29
1	85
1	40
1	40
1	91
1	40
1	91
1	40
1	91
1	0
1	40
1	91
1	0
1	3
1	3
1	81
1	3
1	81
1	3
1	81
1	25
1	3
1	81
1	25
0	5
0	40
0	88
0	2
0	48
0	14
0	54
0	4
1	10
0	35
1	5
0	50
1	57
0	40
0	93
1	86
0	26
1	44
1	34
0	29
0	51
0	76
0	60
0	29
0	25
1	63
1	69
1	89
0	52
0	52
1	32
1	18
1	69
0	61
1	44
1	81
0	52
1	32
1	18
1	69
0	61
1	44
1	81
0	52
1	32
1	18
1	69
0	61
1	44
1	81
1	80
1	60
1	42
1	37
1	79
1	79
1	13
0	64
0	20
1	47
1	40
1	51
1	79
1	13
0	64
0	20
1	47
1	40
1	51
0	94
1	86
0	80
1	84
1	92
1	96
1	54
1	85
1	87
1	79
1	13
0	64
0	20
1	47
1	40
1	51
0	94
1	86
0	80
1	84
1	92
1	96
1	54
1	85
1	79
1	13
0	64
0	20
1	47
1	40
1	51
0	94
1	86
0	80
1	84
1	92
1	96
1	54
1	85
1	87
1	79
1	13
0	64
0	20
1	47
1	40
1	51
0	94
1	86
0	80
1	84
1	92
1	96
1	54
1	63
1	63
0	60
0	42
0	57
0	24
0	28
1	63
0	60
0	42
0	57
0	24
0	28
0	21
1	63
0	60
0	42
0	57
0	24
0	28
0	21
0	13
1	65
1	52
1	52
0	33
0	47
0	54
0	43
0	82
1	59
1	66
1	87
1	44
0	9
1	2
0	78
0	37
1	20
1	85
1	42
1	22
1	57
1	52
0	33
0	47
0	54
0	43
0	82
1	59
1	66
1	52
0	33
0	47
0	54
0	43
0	82
1	59
1	66
1	87
1	44
0	9
1	2
0	78
0	37
1	20
1	85
1	42
1	22
1	57
1	23
1	25
1	28
1	52
0	33
0	47
0	54
0	43
0	82
1	59
1	66
1	87
1	44
0	9
1	2
0	78
0	37
1	20
1	85
1	42
1	22
1	57
1	23
1	25
1	28
1	52
0	33
0	47
0	54
0	43
0	82
1	59
1	66
1	87
1	44
0	9
1	2
0	78
0	37
1	20
1	85
1	42
1	22
1	57
1	23
1	25
1	28
1	67
1	30
1	75
1	64
1	64
0	56
1	90
1	76
0	83
1	86
1	65
1	64
0	56
1	90
1	76
0	83
1	86
1	65
1	67
1	64
0	56
1	90
1	76
0	83
1	86
1	65
1	67
1	10
1	74
1	71
1	77
1	64
0	56
1	90
1	76
0	83
1	86
1	65
1	67
1	10
1	74
1	71
1	64
0	56
1	90
1	76
0	83
1	86
1	65
1	67
1	10
1	74
1	71
1	77
0	74
0	74
0	3
0	86
0	52
0	58
0	74
0	3
0	86
0	52
0	58
0	22
0	74
0	3
0	86
0	52
0	58
0	22
0	82
0	79
0	49
1	76
0	7
0	9
0	5
0	74
0	3
0	86
0	52
0	58
0	22
0	82
0	79
0	49
0	74
0	3
0	86
0	52
0	58
0	22
0	82
0	79
0	49
1	76
0	7
0	9
0	94
0	94
1	65
0	51
1	99
1	3
1	18
1	6
1	83
0	94
1	65
0	51
1	99
1	3
1	18
1	6
0	94
1	65
0	51
1	99
1	3
1	18
1	6
1	83
0	5
1	1
1	22
0	9
1	58
0	42
0	0
1	91
0	10
1	19
1	17
0	94
1	65
0	51
1	99
1	3
1	18
1	6
1	83
0	5
1	1
1	22
0	9
1	58
0	42
0	0
1	91
0	10
1	19
1	17
0	94
1	65
0	51
1	99
1	3
1	18
1	6
1	83
0	5
1	1
1	22
0	9
1	58
0	42
0	0
1	91
0	10
1	19
1	17
1	44
0	93
1	72
1	64
1	96
1	90
1	34
1	46
1	36
0	79
0	79
1	35
1	50
1	77
1	43
1	61
0	79
1	35
1	50
1	77
1	43
1	61
0	6
0	97
1	21
1	31
0	69
1	66
1	55
1	34
0	79
1	35
1	50
1	77
1	43
1	61
0	6
0	97
1	21
1	31
0	69
1	66
1	55
0	79
1	35
1	50
1	77
1	43
1	61
0	6
0	97
1	21
1	31
0	69
1	66
1	55
0	79
1	35
1	50
1	77
1	43
1	61
0	6
0	97
1	21
1	31
0	69
1	66
1	55
1	34
1	22
1	50
1	38
0	68
1	27
1	14
1	18
0	56
1	80
1	47
1	34
0	18
0	48
0	69
0	19
0	60
0	35
1	1
0	90
1	4
0	52
0	68
0	47
0	60
0	78
1	99
0	71
0	39
1	99
0	47
0	94
1	32
1	64
1	2
1	61
1	12
1	9
0	32
1	89
1	3
0	32
0	90
0	78
0	92
0	10
0	67
0	84
0	13
0	3
0	8
1	40
1	51
0	37
1	60
0	82
1	84
0	88
1	64
1	6
1	85
0	48
0	66
0	14
0	69
0	68
0	5
1	49
1	84
1	81
1	55
1	78
1	5
0	10
0	6
1	26
1	50
0	99
1	2
1	78
1	52
1	40
1	11
1	45
1	25
1	27
1	37
0	72
1	24
1	68
0	12
0	27
0	77
0	18
0	61
1	63
1	34
1	52
1	7
1	13
1	15
0	96
0	64
1	13
0	56
1	22
1	4
1	28
1	15
0	96
0	64
1	13
0	56
1	22
1	4
1	28
1	15
0	96
0	64
1	13
0	56
1	22
1	4
1	15
0	96
0	64
1	13
0	56
1	22
1	4
1	16
0	13
0	44
0	47
1	27
1	80
0	95
0	43
0	17
0	87
0	82
1	68
0	67
0	79
1	55
1	51
0	45
1	53
1	69
1	52
1	80
0	13
1	32
0	39
0	57
0	13
1	66
1	67
0	87
0	96
0	56
1	85
0	91
0	51
0	5
0	0
1	79
0	55
0	35
1	33
1	6
0	66
0	41
0	15
0	26
1	8
0	95
0	49
0	99
0	54
1	7
1	51
0	48
1	73
0	57
1	18
0	98
1	5
0	37
0	88
1	20
1	86
0	96
1	94
0	46
0	69
1	39
0	89
0	22
0	24
1	65
1	19
1	29
1	90
1	84
1	34
1	15
1	40
1	4
0	59
1	90
0	46
0	20
0	60
0	28
0	87
1	56
1	17
1	43
1	0
1	27
0	7
1	16
0	45
0	64
1	8
0	40
0	50
0	57
0	82
0	92
0	35
0	58
1	57
1	41
0	97
1	25
0	90
0	72
0	93
1	17
1	75
1	0
1	24
0	65
1	22
0	27
1	54
1	51
0	11
0	50
0	74
0	73
1	41
0	37
0	98
1	96
1	21
1	5
1	59
1	97
1	16
0	84
0	23
0	9
0	51
0	96
