1	200
1	200
0	940
0	329
0	82
0	82
1	801
0	82
1	801
0	419
0	89
1	285
1	870
0	300
0	241
0	241
0	710
0	504
0	73
0	73
1	563
1	751
0	132
1	395
1	603
0	466
0	724
0	73
1	563
1	751
0	132
1	395
1	603
0	73
1	563
1	751
0	132
1	395
1	603
0	466
0	724
1	789
1	891
0	735
1	163
1	47
0	73
1	563
1	751
0	132
1	395
1	603
0	466
0	724
1	789
1	891
0	735
1	163
1	47
1	503
0	73
1	563
1	751
0	132
1	395
1	603
0	466
0	724
1	789
1	891
0	735
1	163
1	47
1	503
1	707
1	25
0	73
1	563
1	751
0	132
1	395
1	603
0	466
0	724
1	789
1	891
0	735
1	163
1	47
1	503
1	707
0	73
1	563
1	751
0	132
1	395
1	603
0	466
0	724
1	789
1	891
0	735
1	163
1	47
1	503
1	707
1	25
1	144
1	144
0	135
1	218
0	650
1	831
0	423
1	144
0	135
1	218
0	650
1	831
0	423
1	785
1	827
1	144
0	135
1	218
0	650
1	831
0	423
1	785
1	827
1	102
0	974
1	305
1	51
1	144
0	135
1	218
0	650
1	831
0	423
1	785
1	827
1	144
0	135
1	218
0	650
1	831
0	423
1	785
1	827
1	144
0	135
1	218
0	650
1	831
0	423
1	785
1	827
1	102
1	144
0	135
1	218
0	650
1	831
0	423
1	785
1	827
1	102
0	974
1	305
1	51
1	947
1	225
1	975
1	975
0	873
1	954
1	318
1	975
0	873
1	954
1	318
1	749
1	975
0	873
1	954
1	318
1	749
0	321
1	801
1	247
1	975
0	873
1	954
1	318
1	749
0	321
1	801
1	247
1	975
0	873
1	954
1	318
1	749
0	321
1	801
1	247
1	975
0	873
1	954
1	318
1	749
0	321
1	801
1	247
1	975
0	873
1	954
1	318
1	749
0	321
1	801
1	247
1	839
1	904
0	861
1	354
1	47
0	139
1	838
1	468
1	416
1	669
1	669
1	10
1	998
1	669
1	10
1	998
1	129
1	669
1	10
1	998
1	129
1	67
1	669
1	10
1	998
1	129
1	67
1	256
1	669
1	10
1	998
1	129
1	67
1	256
1	669
1	10
1	998
1	129
1	67
1	256
1	669
1	10
1	998
1	129
1	67
1	256
1	338
0	76
0	444
1	680
1	671
1	529
1	90
1	203
1	203
1	25
0	821
1	99
1	203
1	25
0	821
1	99
1	71
1	203
1	25
0	821
1	99
1	71
1	819
1	203
1	25
0	821
1	99
1	71
1	819
1	596
1	203
1	25
0	821
1	99
1	71
1	819
1	596
1	203
1	25
0	821
1	99
1	71
1	819
1	596
1	230
1	203
1	25
0	821
1	99
1	71
1	819
1	596
1	230
1	195
1	305
0	930
0	590
1	435
1	912
1	182
1	917
1	466
1	466
1	435
1	347
1	466
1	435
1	347
0	866
1	438
1	466
1	435
1	347
0	866
1	438
1	826
1	466
1	435
1	347
0	866
1	438
1	826
1	961
1	466
1	435
1	347
0	866
1	438
1	826
1	961
1	466
1	435
1	347
0	866
1	438
1	826
1	961
1	953
1	466
1	435
1	347
0	866
1	438
1	826
1	961
1	953
1	864
1	467
0	781
1	895
1	648
1	366
1	903
1	903
1	34
1	35
1	903
1	34
1	35
0	950
1	700
1	903
1	34
1	35
0	950
1	700
1	631
1	903
1	34
1	35
0	950
1	700
1	631
1	266
1	903
1	34
1	35
0	950
1	700
1	631
1	266
1	903
1	34
1	35
0	950
1	700
1	631
1	266
1	539
1	903
1	34
1	35
0	950
1	700
1	631
1	266
1	539
1	765
0	833
1	755
0	138
1	89
0	395
0	887
1	53
1	414
1	59
0	607
0	646
1	318
1	226
0	258
0	157
1	877
1	208
1	332
0	471
0	471
1	146
1	977
1	816
0	471
1	146
1	977
1	816
0	26
1	952
1	355
0	161
1	313
1	164
0	471
1	146
1	977
1	816
0	26
1	952
1	355
0	471
1	146
1	977
1	816
0	26
1	952
1	355
0	161
1	313
1	164
0	471
1	146
1	977
1	816
0	26
1	952
1	355
0	161
1	313
1	164
0	471
1	146
1	977
1	816
0	26
1	952
1	355
0	161
1	313
1	164
1	180
0	471
1	146
1	977
1	816
0	26
1	952
1	355
0	161
1	313
1	164
1	180
1	511
1	86
1	352
1	352
0	871
1	342
1	641
1	352
0	871
1	342
1	641
1	339
1	352
0	871
1	342
1	641
1	339
1	232
1	352
0	871
1	342
1	641
1	339
1	232
1	460
1	352
0	871
1	342
1	641
1	339
1	232
1	460
1	352
0	871
1	342
1	641
1	339
1	232
1	460
1	749
1	352
0	871
1	342
1	641
1	339
1	232
1	460
1	749
1	192
0	521
1	789
0	975
1	76
1	665
0	495
0	374
1	131
0	559
0	361
0	592
1	779
1	652
0	371
1	637
1	670
1	841
1	31
1	31
1	731
0	84
0	645
0	540
1	31
1	731
0	84
0	645
0	540
1	688
1	539
1	80
1	31
1	731
0	84
0	645
0	540
1	688
1	539
1	80
1	31
1	731
0	84
0	645
0	540
1	688
1	539
1	80
1	734
1	31
1	731
0	84
0	645
0	540
1	688
1	539
1	80
1	734
1	31
1	731
0	84
0	645
0	540
1	688
1	539
1	80
1	734
1	31
1	731
0	84
0	645
0	540
1	688
1	539
1	80
1	734
1	262
0	136
1	166
1	637
1	658
0	383
1	270
1	605
1	29
1	472
1	406
1	987
0	382
1	204
0	94
0	394
0	994
0	711
1	20
0	636
1	986
1	222
1	635
1	645
1	169
0	40
0	973
1	386
0	154
1	856
1	597
1	50
0	876
1	75
1	767
1	157
1	546
0	909
0	827
0	204
0	164
1	566
0	376
1	26
1	289
1	748
1	451
1	787
1	542
0	735
0	257
0	691
0	895
1	813
0	160
0	616
1	393
0	378
0	172
1	713
1	365
1	548
0	95
0	213
0	688
0	899
1	791
1	992
0	3
1	851
1	609
1	715
0	560
1	88
1	146
0	119
0	582
1	160
0	559
0	617
0	168
0	1
0	239
0	737
1	725
1	964
1	397
1	894
0	736
1	100
0	869
0	713
1	944
1	276
1	822
1	413
0	938
1	785
0	868
0	142
0	989
0	369
0	260
1	982
0	719
1	16
1	230
0	736
1	446
1	892
0	520
1	286
1	262
1	712
0	81
1	747
1	373
1	691
1	314
1	973
0	32
0	558
0	464
0	321
1	162
0	405
0	111
1	78
0	113
1	516
1	973
1	581
1	787
1	337
0	560
1	131
1	810
0	135
1	243
1	270
1	892
0	954
1	462
0	475
1	950
1	901
0	666
1	770
1	275
0	919
1	806
1	4
1	565
1	488
1	100
0	586
1	518
1	963
1	786
1	132
0	747
1	879
0	195
0	357
0	528
1	526
1	411
1	7
0	248
0	214
1	103
1	718
1	230
1	398
1	10
1	920
0	816
1	636
1	654
1	446
1	844
1	448
0	572
0	460
1	47
1	664
1	587
0	853
0	367
0	839
1	77
0	360
0	166
0	145
0	863
0	950
0	603
1	195
0	528
0	512
1	11
0	675
1	546
0	614
0	16
1	236
1	889
1	386
1	565
1	547
0	497
0	949
1	23
0	650
1	598
1	951
1	125
1	439
1	998
1	316
0	667
0	332
1	317
1	206
0	214
1	286
1	486
0	653
1	945
0	134
1	217
0	397
1	721
0	941
1	220
0	702
0	953
1	764
1	757
1	598
0	51
1	983
1	179
0	190
0	390
0	321
0	858
0	974
0	866
1	783
0	577
0	745
1	304
0	851
0	986
0	532
0	103
0	247
0	853
0	870
0	869
0	161
1	384
0	851
0	271
0	654
1	450
1	541
1	456
1	698
1	181
1	744
0	260
1	955
1	842
1	51
1	930
1	328
0	427
1	206
1	548
0	297
1	539
1	996
0	628
1	816
1	896
1	365
1	203
1	342
1	18
1	303
1	379
1	995
0	287
1	554
0	467
1	537
1	583
0	283
0	266
1	273
1	109
0	931
1	679
0	387
0	523
1	412
1	693
1	100
1	955
1	311
1	306
1	124
0	855
0	645
1	120
1	700
1	908
1	664
1	453
0	23
1	986
0	173
1	79
1	601
1	346
0	724
0	683
1	850
1	539
1	934
1	210
0	666
0	821
0	961
1	718
0	269
0	881
1	424
0	999
1	553
0	323
0	815
1	75
1	205
0	745
1	965
1	884
0	826
1	785
1	530
1	525
1	871
1	532
1	918
1	745
1	403
0	174
0	143
0	597
0	475
0	564
1	313
1	468
0	603
1	297
0	278
0	168
1	45
1	974
1	529
0	25
1	894
1	481
1	893
0	91
1	659
1	306
1	393
0	385
0	253
1	325
1	811
1	457
0	93
1	826
1	320
1	901
1	339
0	159
0	269
0	96
0	949
1	775
0	386
0	65
1	490
1	416
0	658
0	833
0	32
1	989
0	436
1	349
1	894
1	494
1	937
0	833
1	265
0	361
0	215
1	994
1	170
1	351
1	905
1	731
1	301
1	729
1	803
1	475
1	181
1	746
0	43
1	758
1	917
0	467
1	607
1	385
0	47
0	3
0	27
1	42
0	53
0	13
1	38
1	17
0	75
1	65
0	20
0	25
0	82
1	8
1	21
0	65
0	8
0	49
1	45
0	24
0	5
1	11
0	76
0	2
1	1
1	22
1	4
0	27
1	81
1	31
1	67
0	46
1	64
1	12
1	2
1	8
1	16
1	33
1	1
1	65
1	5
1	21
1	55
1	59
0	64
0	71
1	82
0	17
0	54
0	43
0	79
1	51
0	55
0	49
0	29
0	68
1	75
1	57
1	54
1	47
0	45
1	32
1	35
0	0
1	39
1	48
0	44
1	8
1	52
0	47
1	68
0	46
1	36
0	49
1	67
1	39
1	51
0	70
1	63
0	1
1	3
0	81
1	56
0	64
1	29
0	47
1	61
0	74
0	31
1	44
1	79
1	16
0	28
0	76
0	80
1	63
1	31
0	49
0	32
1	79
1	60
0	21
0	40
0	57
1	58
1	21
1	50
1	8
1	7
1	68
0	16
1	11
1	18
1	4
0	11
0	56
0	25
1	15
1	68
1	82
1	44
0	93
0	143
0	127
1	124
1	14
0	144
1	6
1	43
1	5
0	44
0	106
1	69
1	153
1	59
1	78
1	8
0	158
1	99
1	74
1	150
1	148
0	81
1	8
0	113
0	20
0	34
0	50
0	144
1	38
0	126
1	63
1	147
1	73
0	129
0	97
0	90
1	128
1	46
1	35
0	53
0	65
0	19
0	58
0	54
0	57
0	43
1	58
0	10
1	8
0	30
0	6
0	32
1	52
1	58
1	11
0	70
0	57
0	19
1	63
1	18
1	16
1	23
1	31
1	65
0	29
0	16
0	66
1	8
0	20
1	71
1	19
1	52
0	70
1	19
1	4
1	7
0	8
0	0
0	4
0	5
1	6
0	16
0	12
0	10
1	14
0	15
1	2
0	3
1	11
0	9
0	1
1	8
0	9
0	5
0	14
0	16
1	11
0	13
0	4
0	3
0	15
0	12
1	14
1	10
0	9
0	4
1	13
1	6
0	15
1	1
1	8
0	2
0	0
1	1
0	14
0	9
1	6
0	13
1	5
0	10
1	8
1	15
0	12
0	16
0	4
0	3
0	8
0	7
1	11
1	6
1	2
0	16
0	3
0	0
0	15
1	1
0	5
0	3
1	2
1	1
0	4
1	12
0	10
0	6
0	9
1	5
0	15
1	7
1	8
1	9
0	16
1	14
0	3
1	4
1	1
1	4
0	1
1	2
1	0
1	13
1	12
0	16
0	15
0	6
1	5
1	11
1	9
1	8
0	14
1	7
1	10
0	4
0	5
1	2
1	16
0	1
0	12
0	3
0	15
0	8
0	0
1	10
1	9
1	14
1	4
1	13
1	15
1	7
0	0
0	6
1	5
0	33
0	68
1	89
1	44
0	60
0	3
0	24
1	90
0	17
1	43
0	32
0	18
0	42
1	7
1	29
1	7
1	29
1	7
1	29
1	27
0	50
1	30
1	53
1	85
1	27
0	50
1	30
1	53
1	85
1	27
0	50
1	30
1	53
1	85
0	29
0	4
0	29
0	4
0	29
0	4
0	80
0	75
0	80
0	75
0	80
0	75
0	85
1	97
1	14
1	34
0	85
1	97
1	14
1	34
0	85
1	97
1	14
1	34
1	93
1	93
0	27
0	3
1	93
0	27
0	3
0	87
1	93
0	27
0	3
0	87
0	62
1	93
0	27
0	3
0	87
0	62
1	39
1	39
1	62
1	39
1	62
1	39
1	62
1	74
1	39
1	62
1	74
1	82
1	82
0	38
0	57
0	47
1	82
0	38
0	57
0	47
1	82
0	38
0	57
0	47
1	82
0	38
0	57
0	47
0	6
1	57
1	57
1	96
1	57
1	96
1	57
1	96
1	73
1	57
1	96
1	73
1	73
1	73
1	54
1	73
1	54
1	73
1	54
1	81
1	73
1	54
1	81
1	62
0	11
1	70
0	44
1	93
0	81
1	61
1	4
1	35
0	8
1	90
1	83
0	33
1	94
0	35
1	39
0	72
1	92
0	44
0	68
0	51
1	74
0	69
1	34
0	48
1	5
0	15
0	59
1	8
0	23
1	21
1	60
0	56
0	7
1	67
0	28
0	54
1	81
0	0
0	88
0	81
0	63
0	57
0	0
1	49
1	16
0	68
0	50
0	62
0	77
0	90
1	6
1	17
1	8
0	43
0	43
0	51
0	14
0	40
0	55
0	43
0	51
0	14
0	40
0	55
0	64
0	43
0	51
0	14
0	40
0	55
0	64
0	23
0	2
1	11
0	77
0	45
0	55
0	55
0	85
0	29
0	8
0	71
0	55
0	85
0	29
0	8
0	71
0	63
0	55
0	85
0	29
0	8
0	71
0	63
1	46
1	1
1	41
0	68
1	67
1	4
1	47
1	26
1	25
0	75
1	78
1	70
1	91
1	80
0	55
0	85
0	29
0	8
0	71
0	63
1	46
1	1
1	41
0	68
1	67
1	4
1	47
1	26
1	25
0	75
1	78
1	70
1	91
1	80
1	95
1	65
1	38
0	55
0	85
0	29
0	8
0	71
0	63
1	46
1	1
1	41
0	68
1	67
1	4
1	47
1	26
1	25
0	75
1	78
1	70
1	91
1	6
1	6
1	5
0	22
1	99
1	11
1	93
0	39
0	38
0	50
0	12
1	6
1	5
0	22
1	99
1	11
1	93
0	39
0	38
0	50
0	12
1	6
1	5
0	22
1	99
1	11
1	93
0	39
0	38
0	50
0	58
0	58
1	42
1	50
0	64
1	61
1	75
1	85
1	93
0	58
1	42
1	50
0	64
1	61
1	75
1	85
0	58
1	42
1	50
0	64
1	61
1	75
1	85
1	93
1	30
1	38
1	55
0	28
1	76
1	79
0	58
1	42
1	50
0	64
1	61
1	75
1	85
1	93
1	30
1	38
1	55
0	58
1	42
1	50
0	64
1	61
1	75
1	85
1	93
1	30
1	38
1	55
0	28
1	76
1	79
0	23
0	23
1	55
1	7
0	41
0	71
0	10
1	16
1	5
0	22
0	85
0	23
1	55
1	7
0	41
0	71
0	10
1	16
1	5
0	22
0	85
0	44
0	96
0	58
0	23
1	55
1	7
0	41
0	71
0	10
1	16
1	5
0	22
0	85
0	44
0	96
0	58
0	23
1	55
1	7
0	41
0	71
0	10
1	16
1	5
0	22
0	85
0	44
0	96
0	58
0	23
1	55
1	7
0	41
0	71
0	10
1	16
1	5
0	22
0	85
0	44
0	96
0	58
1	66
1	66
0	88
0	89
0	30
0	32
0	87
1	66
0	88
0	89
0	30
0	32
0	87
0	6
1	66
0	88
0	89
0	30
0	32
0	87
0	6
1	59
1	19
1	31
1	90
0	62
0	85
0	37
0	54
0	68
0	53
0	25
1	66
0	88
0	89
0	30
0	32
0	87
0	6
1	59
1	19
1	31
1	90
0	62
0	85
0	37
0	54
0	68
0	53
0	25
1	66
0	88
0	89
0	30
0	32
0	87
0	6
1	59
1	19
1	31
1	90
0	62
0	85
0	37
0	54
1	39
1	39
1	12
0	34
1	59
0	8
1	97
0	75
0	21
1	39
1	12
0	34
1	59
0	8
1	97
0	75
0	21
0	68
1	40
0	47
0	5
1	39
1	12
0	34
1	59
0	8
1	97
0	75
0	21
0	68
1	40
0	47
0	5
0	74
1	32
1	58
0	15
0	4
0	81
0	16
0	17
0	65
0	22
1	88
0	24
1	60
0	90
0	45
1	39
1	12
0	34
1	59
0	8
1	97
0	75
0	21
0	68
1	40
0	47
0	5
0	74
1	32
1	58
0	15
0	4
0	81
0	16
0	17
0	65
0	22
1	88
0	24
1	39
1	12
0	34
1	59
0	8
1	97
0	75
0	21
0	68
1	40
0	47
0	5
0	74
1	32
1	58
0	15
0	4
0	81
0	16
0	17
0	24
0	24
0	75
0	45
0	26
0	37
0	24
0	75
0	45
0	26
0	37
0	48
0	24
0	75
0	45
0	26
0	37
0	48
0	29
1	89
0	39
0	8
0	24
0	75
0	45
0	26
0	37
0	48
0	29
1	89
0	39
0	8
0	24
0	75
0	45
0	26
0	37
0	48
0	29
1	89
0	39
0	8
0	60
1	58
1	14
0	20
0	52
1	69
0	81
0	40
0	47
1	1
0	39
1	38
0	13
1	88
1	49
0	3
0	14
0	20
0	2
0	88
1	69
1	91
1	28
0	35
1	50
1	49
0	21
1	77
0	40
1	59
0	28
1	79
1	93
1	8
1	28
1	42
1	77
0	85
0	97
0	47
0	68
1	28
1	43
1	1
0	27
0	46
0	86
1	99
1	69
1	11
1	93
1	64
1	46
0	33
0	41
0	60
1	49
0	20
1	11
1	18
0	13
1	51
1	79
0	66
1	40
0	59
1	70
1	10
0	44
1	8
1	71
1	45
1	46
0	21
0	57
0	47
0	49
0	64
0	56
0	22
0	25
0	17
1	99
1	74
0	65
0	79
0	97
1	21
0	11
0	18
0	15
1	7
0	39
0	25
1	38
1	97
0	6
0	88
1	82
0	74
0	94
1	54
0	68
0	80
0	76
0	8
0	98
0	83
0	1
0	78
0	53
1	24
1	93
1	54
1	41
1	19
1	52
0	21
0	32
0	38
0	20
1	0
0	28
0	98
1	37
0	85
0	3
0	83
1	97
0	73
0	93
1	58
1	80
0	69
1	27
1	38
1	57
1	48
1	47
0	52
1	7
0	60
0	39
0	10
1	99
1	96
0	32
0	68
1	45
1	92
0	7
0	37
1	38
0	28
0	77
1	32
0	64
1	9
1	5
0	61
1	41
0	7
0	37
1	38
0	28
0	77
1	32
0	64
1	9
1	5
0	7
0	37
1	38
0	28
0	77
1	32
0	64
1	9
1	5
0	61
1	41
1	60
0	7
0	37
1	38
0	28
0	77
1	32
0	64
1	9
1	5
0	61
1	43
0	34
1	99
0	25
0	64
0	0
0	8
1	9
1	52
0	71
1	8
1	12
1	44
0	15
0	74
1	0
1	38
1	73
0	58
1	40
0	31
0	47
1	6
0	3
1	95
1	5
1	76
0	10
0	68
1	70
0	28
1	49
1	16
0	62
1	45
1	50
0	35
1	89
0	53
1	44
1	48
1	55
1	39
0	97
1	80
1	26
0	5
1	51
0	0
1	87
0	91
1	38
0	72
1	2
0	69
0	20
1	52
1	47
1	7
0	75
0	82
1	47
0	87
1	22
1	52
1	54
0	21
1	59
1	6
1	40
1	71
1	12
1	50
1	56
1	38
1	39
1	33
1	55
1	32
1	19
1	21
1	48
1	78
0	57
1	79
0	36
0	82
1	19
0	53
0	73
0	23
0	74
1	63
1	83
1	89
1	32
1	57
0	52
1	12
1	79
1	96
0	6
0	49
1	47
1	23
0	59
1	92
1	83
0	85
1	4
0	12
0	61
0	65
1	53
0	91
1	14
0	70
0	26
1	87
1	24
1	63
1	22
1	67
0	91
0	38
1	76
0	53
1	69
0	52
1	73
0	28
0	93
0	3
0	0
0	69
1	64
1	6
0	99
0	35
0	55
0	27
