0	359
0	359
0	537
0	295
1	155
1	155
1	155
1	389
0	814
0	514
1	497
1	605
1	841
0	498
0	498
1	181
1	881
0	279
1	335
0	940
0	940
1	530
1	957
0	796
1	155
1	810
0	904
1	344
1	661
0	940
1	530
1	957
0	796
1	155
1	810
0	940
1	530
1	957
0	796
1	155
1	810
0	904
1	344
1	661
0	940
1	530
1	957
0	796
1	155
1	810
0	904
1	344
1	661
1	157
0	940
1	530
1	957
0	796
1	155
1	810
0	904
1	344
1	661
1	157
0	940
1	530
1	957
0	796
1	155
1	810
0	904
1	344
1	661
1	157
0	940
1	530
1	957
0	796
1	155
1	810
0	904
1	344
1	661
1	157
1	590
1	458
0	473
1	285
1	901
1	901
1	336
1	702
1	901
1	336
1	702
1	57
1	901
1	336
1	702
1	57
1	870
1	901
1	336
1	702
1	57
1	870
0	73
1	969
1	901
1	336
1	702
1	57
1	870
0	73
1	969
1	901
1	336
1	702
1	57
1	870
0	73
1	969
1	294
1	901
1	336
1	702
1	57
1	870
0	73
1	969
1	294
0	1
0	892
1	143
0	529
0	993
1	235
1	800
1	296
1	716
1	716
1	328
0	337
0	73
1	787
1	594
1	716
1	328
0	337
0	73
1	787
1	594
1	716
1	328
0	337
0	73
1	787
1	594
0	795
1	487
1	389
1	716
1	328
0	337
0	73
1	787
1	594
0	795
1	487
1	389
1	716
1	328
0	337
0	73
1	787
1	594
0	795
1	487
1	389
1	576
1	716
1	328
0	337
0	73
1	787
1	594
0	795
1	487
1	389
1	576
1	716
1	328
0	337
0	73
1	787
1	594
0	795
1	487
1	389
1	576
1	141
0	633
1	643
0	723
0	730
1	32
1	689
1	976
0	992
1	194
1	832
0	7
0	7
0	396
1	583
1	781
0	726
1	704
1	952
0	7
0	396
1	583
1	781
0	726
1	704
1	952
0	961
0	782
1	985
0	542
1	512
1	304
1	35
0	7
0	396
1	583
1	781
0	726
1	704
1	952
0	7
0	396
1	583
1	781
0	726
1	704
1	952
0	961
0	782
1	985
0	542
1	512
1	304
1	35
0	7
0	396
1	583
1	781
0	726
1	704
1	952
0	961
0	782
1	985
0	542
1	512
1	304
1	35
0	7
0	396
1	583
1	781
0	726
1	704
1	952
0	961
0	782
1	985
0	542
1	512
1	304
1	35
1	742
0	7
0	396
1	583
1	781
0	726
1	704
1	952
0	961
0	782
1	985
0	542
1	512
1	304
1	35
1	742
0	248
0	248
1	970
1	475
1	698
0	248
1	970
1	475
1	698
1	958
0	248
1	970
1	475
1	698
1	958
1	620
0	248
1	970
1	475
1	698
1	958
1	620
0	603
0	801
1	368
1	488
0	832
0	393
0	456
1	837
0	441
0	248
1	970
1	475
1	698
1	958
1	620
0	603
0	801
1	368
1	488
0	832
0	393
0	456
1	837
0	441
0	248
1	970
1	475
1	698
1	958
1	620
0	603
0	801
1	368
1	488
0	832
0	393
0	456
1	837
0	441
0	402
0	248
1	970
1	475
1	698
1	958
1	620
0	603
0	801
1	368
1	488
0	832
0	393
0	456
1	837
0	441
0	402
1	14
1	808
0	731
1	436
1	559
1	830
0	762
0	271
0	494
0	266
1	859
0	299
0	545
1	410
0	925
0	76
0	735
0	735
1	148
1	211
1	21
0	735
1	148
1	211
1	21
1	620
1	88
0	735
1	148
1	211
1	21
1	620
1	88
0	735
1	148
1	211
1	21
1	620
1	88
1	714
0	735
1	148
1	211
1	21
1	620
1	88
1	714
0	735
1	148
1	211
1	21
1	620
1	88
1	714
0	778
1	519
0	735
1	148
1	211
1	21
1	620
1	88
1	714
0	778
1	519
1	179
1	743
1	744
1	421
1	738
1	738
1	138
0	447
1	465
1	738
1	138
0	447
1	465
1	132
1	738
1	138
0	447
1	465
1	132
1	545
1	770
1	738
1	138
0	447
1	465
1	132
1	545
1	770
1	738
1	138
0	447
1	465
1	132
1	545
1	770
1	738
1	138
0	447
1	465
1	132
1	545
1	770
1	784
1	738
1	138
0	447
1	465
1	132
1	545
1	770
1	784
1	357
1	703
1	101
1	976
0	703
0	703
0	705
1	774
1	940
1	457
0	703
0	705
1	774
1	940
1	457
1	57
0	703
0	705
1	774
1	940
1	457
1	57
0	873
0	226
0	923
0	703
0	705
1	774
1	940
1	457
1	57
0	873
0	226
0	923
0	703
0	705
1	774
1	940
1	457
1	57
0	873
0	226
0	923
0	703
0	705
1	774
1	940
1	457
1	57
0	873
0	226
0	923
0	703
0	705
1	774
1	940
1	457
1	57
0	873
0	226
0	923
1	139
1	634
1	579
1	607
1	850
1	467
1	467
0	782
0	748
1	582
1	891
1	467
0	782
0	748
1	582
1	891
0	315
1	977
1	88
1	467
0	782
0	748
1	582
1	891
0	315
1	977
1	88
1	662
1	467
0	782
0	748
1	582
1	891
0	315
1	977
1	88
1	467
0	782
0	748
1	582
1	891
0	315
1	977
1	88
1	467
0	782
0	748
1	582
1	891
0	315
1	977
1	88
1	662
1	467
0	782
0	748
1	582
1	891
0	315
1	977
1	88
1	662
0	617
1	839
1	423
0	796
1	789
1	138
1	501
1	322
1	322
1	164
1	605
1	322
1	164
1	605
0	691
1	865
1	322
1	164
1	605
0	691
1	865
1	100
1	322
1	164
1	605
0	691
1	865
1	100
1	255
1	322
1	164
1	605
0	691
1	865
1	100
1	255
1	322
1	164
1	605
0	691
1	865
1	100
1	255
1	524
1	322
1	164
1	605
0	691
1	865
1	100
1	255
1	524
0	713
1	842
1	36
1	859
0	552
1	925
1	796
0	577
1	310
0	396
0	221
0	155
0	83
0	342
1	811
0	830
0	416
0	729
1	600
0	427
0	234
1	650
1	484
1	216
1	341
0	328
0	501
1	131
0	228
0	55
0	452
1	401
0	151
1	723
1	806
1	49
0	672
0	892
1	287
0	428
1	127
1	223
1	306
1	29
1	0
1	637
0	772
0	555
1	496
1	156
1	995
0	104
0	625
0	588
0	235
0	814
0	416
1	31
1	28
1	388
1	504
1	350
1	349
0	806
0	136
1	38
0	867
1	485
0	313
0	736
1	101
0	703
0	446
1	331
1	457
1	813
1	543
1	360
0	371
1	859
1	674
0	787
0	970
1	867
1	276
1	415
0	393
0	271
1	418
1	856
1	635
1	169
1	880
0	763
0	537
0	251
1	143
1	253
0	594
1	558
0	756
1	777
0	277
0	161
0	399
0	941
1	222
1	808
1	313
0	577
1	511
1	945
0	812
1	816
1	873
1	319
0	548
1	767
1	759
1	180
1	269
1	765
1	431
1	857
1	157
1	513
1	961
1	841
1	700
1	344
0	44
1	987
1	72
1	718
1	413
1	701
1	292
1	726
1	813
1	959
1	430
1	874
1	152
1	608
1	345
0	714
1	63
0	188
0	419
0	587
1	790
1	775
1	80
1	762
1	319
0	828
0	105
0	692
0	259
1	723
0	121
0	575
1	497
1	119
0	278
0	448
1	471
1	819
1	662
0	733
0	11
0	83
0	900
0	623
1	858
0	426
1	586
1	938
1	338
0	855
0	853
1	675
1	738
1	669
1	165
1	546
1	781
1	226
0	357
1	54
0	837
1	62
0	800
1	773
0	342
0	807
1	403
1	194
1	22
1	264
1	837
1	632
1	703
1	941
1	503
1	670
1	195
1	221
1	974
1	149
1	870
1	364
1	806
0	749
0	210
1	208
0	455
1	993
0	370
0	463
0	104
1	893
0	670
1	898
0	117
1	555
0	528
0	650
1	342
0	860
0	295
1	641
0	46
0	476
1	210
0	431
1	321
1	525
1	661
0	611
1	859
0	190
1	828
1	772
1	370
0	111
0	123
0	567
0	463
0	734
1	962
1	285
1	429
1	557
1	807
0	830
0	833
0	508
0	834
0	27
0	111
0	713
0	849
1	107
0	648
0	866
1	348
0	943
0	16
1	283
1	169
1	22
1	967
1	750
1	997
1	169
1	599
0	376
1	259
0	580
1	66
1	788
1	636
1	378
1	645
1	845
1	311
1	679
1	995
1	678
0	943
1	270
1	501
1	256
0	370
1	654
0	806
1	177
1	954
0	74
1	328
1	967
1	824
1	362
0	482
1	606
0	542
1	832
1	533
1	378
1	882
0	283
0	263
1	337
0	741
1	388
0	524
0	607
1	800
1	709
0	208
0	328
1	587
0	499
1	248
1	637
1	235
1	54
1	518
0	796
1	116
0	876
1	541
1	605
0	822
0	423
1	306
1	900
0	550
1	491
1	20
1	689
0	339
0	908
1	432
0	813
1	962
0	306
1	204
0	810
0	610
1	571
1	573
0	902
1	441
1	504
1	513
1	320
1	505
0	169
0	105
0	95
0	143
0	478
0	792
0	800
0	323
0	318
1	931
0	342
1	362
0	609
0	477
1	469
0	463
0	624
0	954
1	101
1	313
0	99
1	860
1	282
1	67
0	884
0	855
0	623
0	849
0	295
0	372
0	92
0	884
0	427
0	763
1	460
0	86
1	399
0	970
1	843
0	513
1	85
0	870
1	170
0	136
0	142
0	729
1	75
1	36
0	70
0	80
1	26
1	65
1	54
1	77
1	45
1	32
1	38
1	50
1	61
0	62
1	76
1	42
1	14
1	20
1	80
0	49
1	37
0	69
0	29
1	44
1	51
0	79
1	27
0	46
0	18
1	55
1	28
1	16
0	41
1	73
0	78
0	33
0	5
0	68
1	0
0	13
0	29
1	40
0	43
0	39
0	63
0	25
0	2
0	0
0	82
1	46
0	74
0	47
1	21
0	66
1	72
0	71
0	2
1	10
0	13
0	59
0	47
1	20
1	1
1	22
0	29
1	10
0	35
0	3
0	52
0	5
1	26
1	32
1	43
1	31
0	7
0	9
1	60
1	0
0	4
0	6
0	30
1	18
1	33
1	80
1	82
0	73
1	12
1	1
1	58
0	3
0	78
0	25
1	36
1	11
1	61
0	43
0	46
1	13
1	54
1	6
0	74
1	29
1	39
0	65
0	38
0	2
0	70
0	120
0	14
1	20
1	117
1	45
0	151
1	130
1	11
1	76
0	68
0	138
0	17
0	97
1	154
1	40
1	71
0	113
0	98
0	44
0	86
0	0
0	157
1	35
1	66
0	142
1	77
0	120
0	157
0	14
0	98
0	69
1	52
0	69
0	62
0	44
1	91
1	10
0	50
1	87
1	51
0	52
1	46
1	9
1	93
0	68
1	44
0	14
1	8
0	90
0	74
0	65
0	74
0	65
0	74
0	65
0	78
1	13
0	23
0	36
0	78
1	13
0	23
0	36
0	78
1	13
0	23
0	36
0	60
1	78
1	99
0	79
0	74
1	16
0	47
1	95
0	15
1	21
0	5
0	69
0	60
1	78
1	99
0	79
0	74
1	16
0	47
1	95
0	15
1	21
0	5
0	69
0	60
1	78
1	99
0	79
0	74
1	16
0	47
1	95
0	15
1	39
1	69
1	39
1	69
1	39
1	69
0	42
1	57
1	52
1	10
0	42
1	57
1	52
1	10
0	42
1	57
1	52
1	10
0	91
0	91
0	89
0	91
0	89
0	91
0	89
0	59
0	91
0	89
0	59
0	94
0	94
1	66
0	96
0	94
1	66
0	96
0	4
0	94
1	66
0	96
0	4
0	58
0	94
1	66
0	96
0	4
0	58
1	33
1	33
0	1
0	45
0	24
1	33
0	1
0	45
0	24
1	33
0	1
0	45
0	24
1	33
0	1
0	45
0	24
1	30
1	30
1	21
1	30
1	21
1	30
1	21
1	73
1	30
1	21
1	73
1	76
1	76
0	49
1	54
1	9
1	76
0	49
1	54
1	9
1	76
0	49
1	54
1	9
1	76
0	49
1	54
1	9
0	27
1	21
1	68
1	75
0	86
0	33
0	68
1	97
0	93
0	18
0	22
0	95
0	31
0	43
0	25
0	99
1	66
0	7
1	33
0	6
0	85
1	51
1	55
0	14
1	13
1	17
0	4
0	0
1	68
0	39
1	23
0	40
1	99
1	11
0	95
1	48
1	60
1	59
1	25
1	7
1	57
1	3
0	86
0	86
0	61
0	90
1	68
0	28
1	62
0	32
0	80
0	94
1	83
0	42
0	26
0	14
0	86
0	61
0	90
1	68
0	28
1	62
0	32
0	80
0	86
0	61
0	90
1	68
0	28
1	62
0	32
0	80
0	94
1	83
0	42
0	26
0	14
0	25
0	3
1	0
0	24
0	27
0	27
0	15
1	5
0	65
1	43
1	86
1	44
0	27
0	15
1	5
0	65
1	43
1	86
1	44
1	12
1	96
0	27
0	15
1	5
0	65
1	43
1	86
1	44
1	12
1	96
0	92
1	88
1	47
1	29
1	24
1	31
0	27
0	15
1	5
0	65
1	43
1	86
1	44
1	12
1	96
0	92
1	88
1	47
1	29
1	24
1	31
1	35
0	27
0	15
1	5
0	65
1	43
1	86
1	44
1	12
1	96
0	92
1	88
1	47
1	29
1	24
1	67
1	67
1	46
0	88
1	12
0	91
0	60
0	96
0	90
1	67
1	46
0	88
1	12
0	91
0	60
0	96
0	90
1	67
1	46
0	88
1	12
0	91
0	60
0	96
0	90
0	34
0	92
0	92
1	27
0	67
0	45
0	75
0	7
0	38
0	92
1	27
0	67
0	45
0	75
0	7
0	38
0	92
1	27
0	67
0	45
0	75
0	7
0	38
0	91
0	36
0	72
0	17
0	92
1	27
0	67
0	45
0	75
0	7
0	38
0	91
0	36
0	72
0	17
0	92
1	27
0	67
0	45
0	75
0	7
0	38
0	91
0	36
0	72
0	17
0	14
1	38
1	38
1	93
1	39
1	68
1	32
1	38
1	93
1	39
1	68
1	32
0	69
0	62
0	84
1	70
1	19
0	17
1	28
1	74
1	64
0	65
1	24
1	89
1	38
1	93
1	39
1	68
1	32
0	69
0	62
0	84
1	70
1	19
0	17
1	28
1	74
1	64
0	65
1	24
1	89
1	90
1	38
1	93
1	39
1	68
1	32
0	69
0	62
0	84
1	70
1	19
0	17
1	28
1	38
1	93
1	39
1	68
1	32
0	69
0	62
0	84
1	70
1	19
0	17
1	28
1	74
1	64
0	65
1	24
1	89
1	90
1	98
1	10
1	34
1	34
1	86
1	49
0	69
1	13
1	46
1	34
1	86
1	49
0	69
1	13
1	46
1	45
1	34
1	86
1	49
0	69
1	13
1	46
1	45
0	24
1	31
1	21
0	35
1	39
1	34
1	86
1	49
0	69
1	13
1	46
1	45
0	24
1	31
1	21
1	34
1	86
1	49
0	69
1	13
1	46
1	45
0	24
1	31
1	21
0	35
1	39
1	25
1	30
1	1
0	27
0	27
1	60
1	92
1	41
1	30
1	18
1	67
0	27
1	60
1	92
1	41
1	30
1	18
1	67
0	27
1	60
1	92
1	41
1	30
1	18
1	67
1	90
1	21
1	12
0	27
1	60
1	92
1	41
1	30
1	18
1	67
1	90
1	21
1	12
0	27
1	60
1	92
1	41
1	30
1	18
1	67
1	90
1	21
1	12
1	3
1	34
1	61
1	61
1	89
0	57
0	32
1	90
1	49
1	45
1	61
1	89
0	57
0	32
1	90
1	49
1	45
0	80
1	92
1	69
0	77
0	67
1	5
0	52
1	81
1	27
1	58
1	61
1	89
0	57
0	32
1	90
1	49
1	45
0	80
1	92
1	69
0	77
0	67
1	5
0	52
1	81
1	27
1	58
1	9
1	54
1	78
1	31
1	33
1	61
1	89
0	57
0	32
1	90
1	49
1	45
0	80
1	92
1	69
0	77
0	67
1	5
0	52
1	81
1	27
1	58
1	9
1	54
1	78
1	31
1	33
1	61
1	89
0	57
0	32
1	90
1	49
1	45
0	80
1	92
1	69
0	77
0	67
1	5
0	52
1	81
1	27
1	58
1	9
1	54
1	78
1	19
1	20
1	69
1	89
1	59
1	66
1	32
1	2
1	60
0	49
0	31
0	47
0	62
0	81
0	63
0	36
0	50
1	37
1	32
1	28
0	76
0	18
1	89
0	56
1	81
0	73
0	50
0	47
0	33
0	52
1	75
1	64
1	69
1	82
1	63
0	62
0	85
1	20
1	91
1	39
1	25
0	11
0	74
1	33
1	94
1	99
0	4
0	82
0	31
1	55
0	88
0	30
0	46
0	52
1	91
1	88
0	43
0	71
1	64
0	50
0	2
0	61
0	29
0	73
0	69
0	43
0	20
1	18
0	13
0	74
0	8
1	54
1	46
0	29
1	25
1	71
1	51
0	51
1	69
0	61
1	1
0	11
0	13
1	63
0	48
0	85
1	8
0	53
0	52
1	34
1	4
1	80
0	74
1	96
1	37
1	21
0	75
0	31
0	5
0	7
0	74
0	59
0	26
0	8
1	21
0	16
0	89
0	59
0	26
0	8
1	21
0	16
0	89
0	59
0	26
0	8
1	21
0	16
0	89
0	59
0	26
0	8
1	21
0	16
0	89
1	43
0	11
1	30
1	51
0	63
1	21
1	5
0	23
0	34
1	75
1	54
0	4
1	35
1	69
0	28
0	13
0	58
1	92
0	24
0	30
0	55
1	70
0	2
0	42
1	83
0	98
1	93
0	76
1	68
0	45
0	14
1	44
1	77
0	62
1	97
0	67
0	53
1	22
1	74
1	20
1	92
1	72
0	40
0	27
1	6
0	2
1	54
1	39
1	28
1	4
1	59
1	1
1	43
1	36
1	3
0	80
0	31
0	19
0	53
0	45
0	33
1	1
1	76
1	37
1	4
1	39
0	44
1	66
1	40
1	89
1	88
1	4
1	29
0	19
0	80
0	13
0	20
1	2
0	34
0	55
0	90
1	4
1	70
0	37
1	16
1	22
1	47
1	27
1	3
1	76
1	42
1	80
1	35
0	61
1	65
1	71
1	55
0	60
1	30
1	58
1	93
0	58
0	39
0	53
0	78
0	30
0	24
0	79
0	27
0	11
0	96
0	4
0	35
0	85
1	25
0	56
0	65
0	20
1	75
0	86
0	93
0	10
0	65
