Number of Worker Pools: 1
Number of Workers in Pool 1: 1000
Original mean,standardDev for Pool 1: 4.000000,0.300000
Number of Workers in Pool 2: 1000
Original mean,standardDev for Pool 2: 3.500000,0.200000
Number of Problems: 1000
ProblemNo,Answer,TrueAnswer,Cost,Difficulty,TrueDifficulty
0,1,1,4.000000,0.500000,0.500000
1,1,1,3.000000,0.000000,0.500000
2,0,0,3.000000,0.000000,0.500000
3,1,1,3.000000,0.000000,0.500000
4,1,1,4.000000,0.500000,0.500000
5,1,0,4.000000,0.500000,0.500000
6,1,1,4.000000,0.500000,0.500000
7,1,0,5.000000,0.800000,0.500000
8,1,1,6.000000,0.800000,0.500000
9,1,1,4.000000,0.500000,0.500000
10,1,1,3.000000,0.000000,0.500000
11,0,0,4.000000,0.500000,0.500000
12,1,1,4.000000,0.500000,0.500000
13,0,1,4.000000,0.500000,0.500000
14,1,1,4.000000,0.500000,0.500000
15,1,1,5.000000,0.800000,0.500000
16,1,1,3.000000,0.000000,0.500000
17,1,1,3.000000,0.000000,0.500000
18,1,0,4.000000,0.500000,0.500000
19,0,0,7.000000,0.900000,0.500000
20,1,1,5.000000,0.800000,0.500000
21,1,1,4.000000,0.500000,0.500000
22,1,1,3.000000,0.000000,0.500000
23,1,1,3.000000,0.000000,0.500000
24,0,0,7.000000,0.700000,0.500000
25,1,0,7.000000,0.900000,0.500000
26,0,0,3.000000,0.000000,0.500000
27,0,0,4.000000,0.500000,0.500000
28,0,0,3.000000,0.000000,0.500000
29,0,0,4.000000,0.500000,0.500000
30,1,1,3.000000,0.000000,0.500000
31,0,0,3.000000,0.000000,0.500000
32,1,1,3.000000,0.000000,0.500000
33,1,0,4.000000,0.500000,0.500000
34,0,0,3.000000,0.000000,0.500000
35,1,1,3.000000,0.000000,0.500000
36,1,1,3.000000,0.000000,0.500000
37,0,0,3.000000,0.000000,0.500000
38,1,1,4.000000,0.500000,0.500000
39,1,0,3.000000,0.000000,0.500000
40,0,0,3.000000,0.000000,0.500000
41,0,0,3.000000,0.000000,0.500000
42,1,1,3.000000,0.000000,0.500000
43,0,0,4.000000,0.500000,0.500000
44,1,1,5.000000,0.800000,0.500000
45,0,0,6.000000,0.900000,0.500000
46,0,0,4.000000,0.500000,0.500000
47,0,0,5.000000,0.800000,0.500000
48,1,1,6.000000,0.800000,0.500000
49,0,0,3.000000,0.000000,0.500000
50,0,0,3.000000,0.000000,0.500000
51,0,0,6.000000,0.900000,0.500000
52,1,1,3.000000,0.000000,0.500000
53,1,1,3.000000,0.000000,0.500000
54,1,1,3.000000,0.000000,0.500000
55,0,1,6.000000,0.900000,0.500000
56,0,0,5.000000,0.800000,0.500000
57,0,0,3.000000,0.000000,0.500000
58,0,1,4.000000,0.500000,0.500000
59,1,1,3.000000,0.000000,0.500000
60,0,0,4.000000,0.500000,0.500000
61,1,1,4.000000,0.500000,0.500000
62,1,1,3.000000,0.000000,0.500000
63,0,0,4.000000,0.500000,0.500000
64,0,0,6.000000,0.800000,0.500000
65,1,1,3.000000,0.000000,0.500000
66,1,1,3.000000,0.000000,0.500000
67,1,1,3.000000,0.000000,0.500000
68,0,0,6.000000,1.000000,0.500000
69,1,1,4.000000,0.500000,0.500000
70,1,1,8.000000,0.900000,0.500000
71,0,1,4.000000,0.500000,0.500000
72,0,0,3.000000,0.000000,0.500000
73,0,0,4.000000,0.500000,0.500000
74,1,1,5.000000,0.800000,0.500000
75,1,1,8.000000,1.000000,0.500000
76,1,1,3.000000,0.000000,0.500000
77,0,0,4.000000,0.500000,0.500000
78,1,0,5.000000,0.800000,0.500000
79,1,1,4.000000,0.500000,0.500000
80,0,0,3.000000,0.000000,0.500000
81,0,0,3.000000,0.000000,0.500000
82,0,0,5.000000,0.800000,0.500000
83,1,1,3.000000,0.000000,0.500000
84,1,0,4.000000,0.500000,0.500000
85,1,1,4.000000,0.500000,0.500000
86,0,0,3.000000,0.000000,0.500000
87,0,0,3.000000,0.000000,0.500000
88,0,1,4.000000,0.500000,0.500000
89,1,1,4.000000,0.500000,0.500000
90,0,0,4.000000,0.500000,0.500000
91,0,0,4.000000,0.500000,0.500000
92,0,0,6.000000,0.900000,0.500000
93,0,0,4.000000,0.500000,0.500000
94,1,1,4.000000,0.500000,0.500000
95,1,0,8.000000,1.000000,0.500000
96,0,0,7.000000,0.700000,0.500000
97,1,1,4.000000,0.500000,0.500000
98,0,0,3.000000,0.000000,0.500000
99,0,0,3.000000,0.000000,0.500000
100,0,1,7.000000,0.900000,0.500000
101,1,1,6.000000,0.900000,0.500000
102,1,1,4.000000,0.500000,0.500000
103,1,1,4.000000,0.500000,0.500000
104,1,0,5.000000,0.800000,0.500000
105,0,0,3.000000,0.000000,0.500000
106,0,0,4.000000,0.500000,0.500000
107,0,0,3.000000,0.000000,0.500000
108,0,0,4.000000,0.500000,0.500000
109,1,1,4.000000,0.500000,0.500000
110,0,0,5.000000,0.800000,0.500000
111,1,1,3.000000,0.000000,0.500000
112,0,0,4.000000,0.500000,0.500000
113,0,0,4.000000,0.500000,0.500000
114,1,1,4.000000,0.500000,0.500000
115,0,0,3.000000,0.000000,0.500000
116,1,1,3.000000,0.000000,0.500000
117,0,0,3.000000,0.000000,0.500000
118,1,1,3.000000,0.000000,0.500000
119,0,0,4.000000,0.500000,0.500000
120,1,1,4.000000,0.500000,0.500000
121,1,1,4.000000,0.500000,0.500000
122,1,0,3.000000,0.000000,0.500000
123,0,0,3.000000,0.000000,0.500000
124,1,1,4.000000,0.500000,0.500000
125,1,1,3.000000,0.000000,0.500000
126,1,1,4.000000,0.500000,0.500000
127,0,0,4.000000,0.500000,0.500000
128,1,1,3.000000,0.000000,0.500000
129,1,1,3.000000,0.000000,0.500000
130,1,1,4.000000,0.500000,0.500000
131,1,1,3.000000,0.000000,0.500000
132,0,1,7.000000,0.900000,0.500000
133,1,1,3.000000,0.000000,0.500000
134,1,1,4.000000,0.500000,0.500000
135,0,0,5.000000,0.800000,0.500000
136,1,1,5.000000,0.800000,0.500000
137,1,1,4.000000,0.500000,0.500000
138,1,0,5.000000,0.800000,0.500000
139,0,1,4.000000,0.500000,0.500000
140,1,1,4.000000,0.500000,0.500000
141,0,0,4.000000,0.500000,0.500000
142,1,1,4.000000,0.500000,0.500000
143,0,0,3.000000,0.000000,0.500000
144,0,0,5.000000,0.800000,0.500000
145,0,0,4.000000,0.500000,0.500000
146,0,0,3.000000,0.000000,0.500000
147,1,1,5.000000,0.800000,0.500000
148,0,0,4.000000,0.500000,0.500000
149,1,1,3.000000,0.000000,0.500000
150,0,0,4.000000,0.500000,0.500000
151,1,1,3.000000,0.000000,0.500000
152,1,1,9.000000,0.900000,0.500000
153,1,1,5.000000,0.800000,0.500000
154,1,1,6.000000,0.800000,0.500000
155,0,0,4.000000,0.500000,0.500000
156,0,0,4.000000,0.500000,0.500000
157,0,0,4.000000,0.500000,0.500000
158,1,1,4.000000,0.500000,0.500000
159,1,1,3.000000,0.000000,0.500000
160,0,0,3.000000,0.000000,0.500000
161,1,1,4.000000,0.500000,0.500000
162,1,1,3.000000,0.000000,0.500000
163,1,1,3.000000,0.000000,0.500000
164,1,1,7.000000,0.900000,0.500000
165,1,1,4.000000,0.500000,0.500000
166,0,0,3.000000,0.000000,0.500000
167,0,0,3.000000,0.000000,0.500000
168,1,1,3.000000,0.000000,0.500000
169,1,0,5.000000,0.800000,0.500000
170,0,0,4.000000,0.500000,0.500000
171,0,0,3.000000,0.000000,0.500000
172,0,0,4.000000,0.500000,0.500000
173,0,1,5.000000,0.800000,0.500000
174,0,0,3.000000,0.000000,0.500000
175,0,0,4.000000,0.500000,0.500000
176,1,1,3.000000,0.000000,0.500000
177,0,1,4.000000,0.500000,0.500000
178,1,1,3.000000,0.000000,0.500000
179,0,0,3.000000,0.000000,0.500000
180,0,0,3.000000,0.000000,0.500000
181,0,1,6.000000,0.900000,0.500000
182,1,1,7.000000,1.000000,0.500000
183,0,0,4.000000,0.500000,0.500000
184,0,0,3.000000,0.000000,0.500000
185,0,0,3.000000,0.000000,0.500000
186,0,0,3.000000,0.000000,0.500000
187,0,0,6.000000,0.900000,0.500000
188,1,0,5.000000,0.800000,0.500000
189,1,1,3.000000,0.000000,0.500000
190,0,0,6.000000,0.900000,0.500000
191,1,1,3.000000,0.000000,0.500000
192,1,0,3.000000,0.000000,0.500000
193,1,1,4.000000,0.500000,0.500000
194,1,0,6.000000,0.900000,0.500000
195,1,1,3.000000,0.000000,0.500000
196,0,0,4.000000,0.500000,0.500000
197,0,0,6.000000,0.900000,0.500000
198,0,0,3.000000,0.000000,0.500000
199,1,0,4.000000,0.500000,0.500000
200,1,1,3.000000,0.000000,0.500000
201,0,0,8.000000,0.900000,0.500000
202,1,0,5.000000,0.800000,0.500000
203,0,0,3.000000,0.000000,0.500000
204,1,1,4.000000,0.500000,0.500000
205,0,0,4.000000,0.500000,0.500000
206,0,1,3.000000,0.000000,0.500000
207,0,0,3.000000,0.000000,0.500000
208,1,1,4.000000,0.500000,0.500000
209,0,0,4.000000,0.500000,0.500000
210,1,1,4.000000,0.500000,0.500000
211,1,1,3.000000,0.000000,0.500000
212,1,1,3.000000,0.000000,0.500000
213,0,0,4.000000,0.500000,0.500000
214,0,0,3.000000,0.000000,0.500000
215,1,1,3.000000,0.000000,0.500000
216,1,1,4.000000,0.500000,0.500000
217,1,1,4.000000,0.500000,0.500000
218,1,1,6.000000,0.800000,0.500000
219,0,1,5.000000,0.800000,0.500000
220,0,1,3.000000,0.000000,0.500000
221,0,0,5.000000,0.800000,0.500000
222,0,0,7.000000,0.900000,0.500000
223,1,1,3.000000,0.000000,0.500000
224,1,1,8.000000,1.000000,0.500000
225,0,0,6.000000,0.900000,0.500000
226,1,1,4.000000,0.500000,0.500000
227,0,0,3.000000,0.000000,0.500000
228,0,0,4.000000,0.500000,0.500000
229,0,1,4.000000,0.500000,0.500000
230,0,0,3.000000,0.000000,0.500000
231,1,1,4.000000,0.500000,0.500000
232,0,0,4.000000,0.500000,0.500000
233,0,0,3.000000,0.000000,0.500000
234,0,0,3.000000,0.000000,0.500000
235,0,0,4.000000,0.500000,0.500000
236,1,1,5.000000,0.800000,0.500000
237,0,0,4.000000,0.500000,0.500000
238,1,1,3.000000,0.000000,0.500000
239,1,1,5.000000,0.800000,0.500000
240,0,1,4.000000,0.500000,0.500000
241,0,0,3.000000,0.000000,0.500000
242,0,1,4.000000,0.500000,0.500000
243,0,0,5.000000,0.800000,0.500000
244,1,1,4.000000,0.500000,0.500000
245,0,0,3.000000,0.000000,0.500000
246,0,0,4.000000,0.500000,0.500000
247,0,0,3.000000,0.000000,0.500000
248,1,1,4.000000,0.500000,0.500000
249,0,0,4.000000,0.500000,0.500000
250,1,1,3.000000,0.000000,0.500000
251,1,1,3.000000,0.000000,0.500000
252,1,1,3.000000,0.000000,0.500000
253,0,0,3.000000,0.000000,0.500000
254,1,1,6.000000,0.900000,0.500000
255,1,1,4.000000,0.500000,0.500000
256,0,0,6.000000,0.800000,0.500000
257,0,0,3.000000,0.000000,0.500000
258,1,0,6.000000,0.900000,0.500000
259,1,1,3.000000,0.000000,0.500000
260,0,0,6.000000,0.900000,0.500000
261,0,0,4.000000,0.500000,0.500000
262,0,0,4.000000,0.500000,0.500000
263,1,1,3.000000,0.000000,0.500000
264,0,0,3.000000,0.000000,0.500000
265,1,1,3.000000,0.000000,0.500000
266,0,0,3.000000,0.000000,0.500000
267,1,1,5.000000,0.800000,0.500000
268,0,0,3.000000,0.000000,0.500000
269,1,1,4.000000,0.500000,0.500000
270,0,0,6.000000,0.900000,0.500000
271,1,1,3.000000,0.000000,0.500000
272,1,1,3.000000,0.000000,0.500000
273,1,1,4.000000,0.500000,0.500000
274,0,0,3.000000,0.000000,0.500000
275,1,1,3.000000,0.000000,0.500000
276,0,1,4.000000,0.500000,0.500000
277,0,0,3.000000,0.000000,0.500000
278,1,1,3.000000,0.000000,0.500000
279,0,0,3.000000,0.000000,0.500000
280,1,1,3.000000,0.000000,0.500000
281,0,0,4.000000,0.500000,0.500000
282,1,1,4.000000,0.500000,0.500000
283,0,0,6.000000,0.900000,0.500000
284,0,0,4.000000,0.500000,0.500000
285,1,1,6.000000,0.900000,0.500000
286,0,0,3.000000,0.000000,0.500000
287,1,1,4.000000,0.500000,0.500000
288,1,1,3.000000,0.000000,0.500000
289,1,1,3.000000,0.000000,0.500000
290,1,1,3.000000,0.000000,0.500000
291,0,0,4.000000,0.500000,0.500000
292,0,0,4.000000,0.500000,0.500000
293,0,0,3.000000,0.000000,0.500000
294,0,0,4.000000,0.500000,0.500000
295,0,0,4.000000,0.500000,0.500000
296,1,1,3.000000,0.000000,0.500000
297,1,1,5.000000,0.800000,0.500000
298,1,1,4.000000,0.500000,0.500000
299,0,0,4.000000,0.500000,0.500000
300,1,1,4.000000,0.500000,0.500000
301,0,0,3.000000,0.000000,0.500000
302,1,1,3.000000,0.000000,0.500000
303,0,0,3.000000,0.000000,0.500000
304,1,1,3.000000,0.000000,0.500000
305,0,0,4.000000,0.500000,0.500000
306,1,1,10.000000,0.900000,0.500000
307,0,0,7.000000,0.900000,0.500000
308,1,1,3.000000,0.000000,0.500000
309,0,0,4.000000,0.500000,0.500000
310,0,1,6.000000,0.800000,0.500000
311,1,1,4.000000,0.500000,0.500000
312,0,0,4.000000,0.500000,0.500000
313,1,1,4.000000,0.500000,0.500000
314,1,1,4.000000,0.500000,0.500000
315,0,0,3.000000,0.000000,0.500000
316,0,0,3.000000,0.000000,0.500000
317,1,1,3.000000,0.000000,0.500000
318,0,0,4.000000,0.500000,0.500000
319,0,1,6.000000,0.900000,0.500000
320,0,0,3.000000,0.000000,0.500000
321,0,0,4.000000,0.500000,0.500000
322,1,1,3.000000,0.000000,0.500000
323,1,0,6.000000,0.900000,0.500000
324,0,0,3.000000,0.000000,0.500000
325,0,0,3.000000,0.000000,0.500000
326,0,1,3.000000,0.000000,0.500000
327,1,1,4.000000,0.500000,0.500000
328,0,0,4.000000,0.500000,0.500000
329,0,0,4.000000,0.500000,0.500000
330,0,0,6.000000,0.900000,0.500000
331,1,1,3.000000,0.000000,0.500000
332,0,0,6.000000,0.800000,0.500000
333,0,0,4.000000,0.500000,0.500000
334,0,0,5.000000,0.800000,0.500000
335,0,0,3.000000,0.000000,0.500000
336,1,1,6.000000,0.900000,0.500000
337,1,1,3.000000,0.000000,0.500000
338,0,0,3.000000,0.000000,0.500000
339,0,0,3.000000,0.000000,0.500000
340,0,0,3.000000,0.000000,0.500000
341,1,1,4.000000,0.500000,0.500000
342,0,0,4.000000,0.500000,0.500000
343,0,0,5.000000,0.800000,0.500000
344,1,1,5.000000,0.800000,0.500000
345,1,1,3.000000,0.000000,0.500000
346,1,1,6.000000,1.000000,0.500000
347,1,1,3.000000,0.000000,0.500000
348,1,1,4.000000,0.500000,0.500000
349,1,1,4.000000,0.500000,0.500000
350,0,0,3.000000,0.000000,0.500000
351,1,1,3.000000,0.000000,0.500000
352,0,0,3.000000,0.000000,0.500000
353,0,0,3.000000,0.000000,0.500000
354,0,0,5.000000,0.800000,0.500000
355,1,1,3.000000,0.000000,0.500000
356,1,1,3.000000,0.000000,0.500000
357,1,1,3.000000,0.000000,0.500000
358,1,1,3.000000,0.000000,0.500000
359,0,0,4.000000,0.500000,0.500000
360,1,1,7.000000,0.700000,0.500000
361,1,1,4.000000,0.500000,0.500000
362,0,0,4.000000,0.500000,0.500000
363,1,1,6.000000,0.800000,0.500000
364,1,1,3.000000,0.000000,0.500000
365,1,1,4.000000,0.500000,0.500000
366,1,1,3.000000,0.000000,0.500000
367,1,0,4.000000,0.500000,0.500000
368,0,0,3.000000,0.000000,0.500000
369,0,0,3.000000,0.000000,0.500000
370,1,1,3.000000,0.000000,0.500000
371,0,0,3.000000,0.000000,0.500000
372,1,1,3.000000,0.000000,0.500000
373,1,1,3.000000,0.000000,0.500000
374,1,1,5.000000,0.800000,0.500000
375,1,1,5.000000,0.800000,0.500000
376,0,0,4.000000,0.500000,0.500000
377,1,1,3.000000,0.000000,0.500000
378,1,0,3.000000,0.000000,0.500000
379,1,1,3.000000,0.000000,0.500000
380,0,0,3.000000,0.000000,0.500000
381,1,0,6.000000,0.800000,0.500000
382,0,1,6.000000,0.800000,0.500000
383,0,0,4.000000,0.500000,0.500000
384,0,0,3.000000,0.000000,0.500000
385,1,1,3.000000,0.000000,0.500000
386,1,1,4.000000,0.500000,0.500000
387,1,1,3.000000,0.000000,0.500000
388,1,1,3.000000,0.000000,0.500000
389,0,0,3.000000,0.000000,0.500000
390,1,0,4.000000,0.500000,0.500000
391,0,0,3.000000,0.000000,0.500000
392,1,1,4.000000,0.500000,0.500000
393,0,0,3.000000,0.000000,0.500000
394,1,0,4.000000,0.500000,0.500000
395,1,1,3.000000,0.000000,0.500000
396,0,0,3.000000,0.000000,0.500000
397,1,1,4.000000,0.500000,0.500000
398,0,0,5.000000,0.800000,0.500000
399,1,1,4.000000,0.500000,0.500000
400,0,0,6.000000,0.800000,0.500000
401,0,1,3.000000,0.000000,0.500000
402,1,1,4.000000,0.500000,0.500000
403,0,1,4.000000,0.500000,0.500000
404,0,0,3.000000,0.000000,0.500000
405,0,0,4.000000,0.500000,0.500000
406,0,1,5.000000,0.800000,0.500000
407,0,0,4.000000,0.500000,0.500000
408,1,1,3.000000,0.000000,0.500000
409,0,0,3.000000,0.000000,0.500000
410,0,0,3.000000,0.000000,0.500000
411,0,0,4.000000,0.500000,0.500000
412,0,0,4.000000,0.500000,0.500000
413,1,1,3.000000,0.000000,0.500000
414,1,0,5.000000,0.800000,0.500000
415,0,0,4.000000,0.500000,0.500000
416,1,1,3.000000,0.000000,0.500000
417,0,0,4.000000,0.500000,0.500000
418,1,1,3.000000,0.000000,0.500000
419,1,1,4.000000,0.500000,0.500000
420,0,0,6.000000,0.900000,0.500000
421,0,0,5.000000,0.800000,0.500000
422,0,0,3.000000,0.000000,0.500000
423,1,1,9.000000,1.000000,0.500000
424,0,0,5.000000,0.800000,0.500000
425,0,0,4.000000,0.500000,0.500000
426,1,1,4.000000,0.500000,0.500000
427,1,1,9.000000,0.900000,0.500000
428,1,1,3.000000,0.000000,0.500000
429,1,1,3.000000,0.000000,0.500000
430,1,1,3.000000,0.000000,0.500000
431,0,0,4.000000,0.500000,0.500000
432,0,0,4.000000,0.500000,0.500000
433,0,0,3.000000,0.000000,0.500000
434,1,1,5.000000,0.800000,0.500000
435,0,0,4.000000,0.500000,0.500000
436,0,0,3.000000,0.000000,0.500000
437,1,1,4.000000,0.500000,0.500000
438,1,1,7.000000,0.900000,0.500000
439,0,0,4.000000,0.500000,0.500000
440,0,0,4.000000,0.500000,0.500000
441,0,0,3.000000,0.000000,0.500000
442,0,0,4.000000,0.500000,0.500000
443,1,1,4.000000,0.500000,0.500000
444,1,1,4.000000,0.500000,0.500000
445,1,1,4.000000,0.500000,0.500000
446,0,0,4.000000,0.500000,0.500000
447,1,1,3.000000,0.000000,0.500000
448,1,1,4.000000,0.500000,0.500000
449,0,0,3.000000,0.000000,0.500000
450,1,1,3.000000,0.000000,0.500000
451,1,0,5.000000,0.800000,0.500000
452,0,0,4.000000,0.500000,0.500000
453,1,1,3.000000,0.000000,0.500000
454,0,0,4.000000,0.500000,0.500000
455,1,1,3.000000,0.000000,0.500000
456,0,0,3.000000,0.000000,0.500000
457,1,1,4.000000,0.500000,0.500000
458,1,1,3.000000,0.000000,0.500000
459,0,1,4.000000,0.500000,0.500000
460,1,1,3.000000,0.000000,0.500000
461,0,1,3.000000,0.000000,0.500000
462,0,0,4.000000,0.500000,0.500000
463,0,0,4.000000,0.500000,0.500000
464,1,1,8.000000,1.000000,0.500000
465,1,1,3.000000,0.000000,0.500000
466,0,0,3.000000,0.000000,0.500000
467,0,0,4.000000,0.500000,0.500000
468,1,0,4.000000,0.500000,0.500000
469,1,1,3.000000,0.000000,0.500000
470,1,1,5.000000,0.800000,0.500000
471,1,1,3.000000,0.000000,0.500000
472,0,0,3.000000,0.000000,0.500000
473,1,0,5.000000,0.800000,0.500000
474,0,0,4.000000,0.500000,0.500000
475,1,1,4.000000,0.500000,0.500000
476,1,0,4.000000,0.500000,0.500000
477,0,0,4.000000,0.500000,0.500000
478,1,1,4.000000,0.500000,0.500000
479,1,1,3.000000,0.000000,0.500000
480,1,1,3.000000,0.000000,0.500000
481,1,1,3.000000,0.000000,0.500000
482,0,0,6.000000,0.900000,0.500000
483,1,1,3.000000,0.000000,0.500000
484,0,0,3.000000,0.000000,0.500000
485,0,1,5.000000,0.800000,0.500000
486,1,1,4.000000,0.500000,0.500000
487,1,1,4.000000,0.500000,0.500000
488,1,1,3.000000,0.000000,0.500000
489,1,1,4.000000,0.500000,0.500000
490,1,1,4.000000,0.500000,0.500000
491,1,1,5.000000,0.900000,0.500000
492,0,0,4.000000,0.500000,0.500000
493,0,0,3.000000,0.000000,0.500000
494,0,0,3.000000,0.000000,0.500000
495,0,1,9.000000,1.000000,0.500000
496,0,0,4.000000,0.500000,0.500000
497,1,0,5.000000,0.800000,0.500000
498,0,0,3.000000,0.000000,0.500000
499,0,0,4.000000,0.500000,0.500000
500,0,1,3.000000,0.000000,0.500000
501,1,1,3.000000,0.000000,0.500000
502,0,0,4.000000,0.500000,0.500000
503,1,1,7.000000,0.900000,0.500000
504,1,1,3.000000,0.000000,0.500000
505,0,1,4.000000,0.500000,0.500000
506,0,0,3.000000,0.000000,0.500000
507,0,0,4.000000,0.500000,0.500000
508,0,0,3.000000,0.000000,0.500000
509,1,1,3.000000,0.000000,0.500000
510,1,1,4.000000,0.500000,0.500000
511,0,0,4.000000,0.500000,0.500000
512,0,0,3.000000,0.000000,0.500000
513,1,1,5.000000,0.800000,0.500000
514,0,0,3.000000,0.000000,0.500000
515,0,0,6.000000,0.900000,0.500000
516,0,0,3.000000,0.000000,0.500000
517,0,0,3.000000,0.000000,0.500000
518,0,1,4.000000,0.500000,0.500000
519,1,1,3.000000,0.000000,0.500000
520,0,0,3.000000,0.000000,0.500000
521,0,1,5.000000,0.800000,0.500000
522,0,0,5.000000,0.800000,0.500000
523,1,1,5.000000,0.800000,0.500000
524,0,0,4.000000,0.500000,0.500000
525,1,0,4.000000,0.500000,0.500000
526,0,0,3.000000,0.000000,0.500000
527,0,0,3.000000,0.000000,0.500000
528,0,0,4.000000,0.500000,0.500000
529,1,1,3.000000,0.000000,0.500000
530,0,1,4.000000,0.500000,0.500000
531,0,0,3.000000,0.000000,0.500000
532,1,1,3.000000,0.000000,0.500000
533,1,1,6.000000,0.800000,0.500000
534,1,1,3.000000,0.000000,0.500000
535,1,1,4.000000,0.500000,0.500000
536,0,0,4.000000,0.500000,0.500000
537,0,0,4.000000,0.500000,0.500000
538,1,1,3.000000,0.000000,0.500000
539,0,0,4.000000,0.500000,0.500000
540,1,1,4.000000,0.500000,0.500000
541,1,1,3.000000,0.000000,0.500000
542,0,0,3.000000,0.000000,0.500000
543,0,0,4.000000,0.500000,0.500000
544,0,0,3.000000,0.000000,0.500000
545,1,1,4.000000,0.500000,0.500000
546,0,0,3.000000,0.000000,0.500000
547,0,0,3.000000,0.000000,0.500000
548,1,1,3.000000,0.000000,0.500000
549,1,0,3.000000,0.000000,0.500000
550,0,0,4.000000,0.500000,0.500000
551,1,1,4.000000,0.500000,0.500000
552,1,0,8.000000,1.000000,0.500000
553,0,0,4.000000,0.500000,0.500000
554,0,1,5.000000,0.800000,0.500000
555,1,1,3.000000,0.000000,0.500000
556,0,0,3.000000,0.000000,0.500000
557,0,0,3.000000,0.000000,0.500000
558,0,0,3.000000,0.000000,0.500000
559,1,1,3.000000,0.000000,0.500000
560,0,0,3.000000,0.000000,0.500000
561,0,1,5.000000,0.800000,0.500000
562,0,0,4.000000,0.500000,0.500000
563,1,1,4.000000,0.500000,0.500000
564,1,1,5.000000,0.800000,0.500000
565,1,1,4.000000,0.500000,0.500000
566,0,0,3.000000,0.000000,0.500000
567,0,0,4.000000,0.500000,0.500000
568,1,1,6.000000,0.900000,0.500000
569,0,0,3.000000,0.000000,0.500000
570,1,1,4.000000,0.500000,0.500000
571,0,0,4.000000,0.500000,0.500000
572,1,1,4.000000,0.500000,0.500000
573,0,1,5.000000,0.800000,0.500000
574,1,1,3.000000,0.000000,0.500000
575,1,1,4.000000,0.500000,0.500000
576,1,0,6.000000,0.900000,0.500000
577,1,1,4.000000,0.500000,0.500000
578,0,0,6.000000,1.000000,0.500000
579,1,1,4.000000,0.500000,0.500000
580,1,1,7.000000,0.900000,0.500000
581,1,1,3.000000,0.000000,0.500000
582,0,0,3.000000,0.000000,0.500000
583,0,0,3.000000,0.000000,0.500000
584,0,0,6.000000,0.900000,0.500000
585,0,0,4.000000,0.500000,0.500000
586,1,1,4.000000,0.500000,0.500000
587,0,0,3.000000,0.000000,0.500000
588,0,0,6.000000,0.800000,0.500000
589,1,1,4.000000,0.500000,0.500000
590,0,0,3.000000,0.000000,0.500000
591,1,1,3.000000,0.000000,0.500000
592,1,0,4.000000,0.500000,0.500000
593,0,0,3.000000,0.000000,0.500000
594,0,0,3.000000,0.000000,0.500000
595,0,0,4.000000,0.500000,0.500000
596,0,1,7.000000,0.700000,0.500000
597,0,0,4.000000,0.500000,0.500000
598,1,1,5.000000,0.800000,0.500000
599,1,1,3.000000,0.000000,0.500000
600,1,1,3.000000,0.000000,0.500000
601,0,0,3.000000,0.000000,0.500000
602,0,0,3.000000,0.000000,0.500000
603,1,1,4.000000,0.500000,0.500000
604,1,1,4.000000,0.500000,0.500000
605,0,0,4.000000,0.500000,0.500000
606,1,1,5.000000,0.800000,0.500000
607,0,0,3.000000,0.000000,0.500000
608,1,0,6.000000,0.900000,0.500000
609,0,0,3.000000,0.000000,0.500000
610,1,1,3.000000,0.000000,0.500000
611,1,1,4.000000,0.500000,0.500000
612,0,0,4.000000,0.500000,0.500000
613,0,0,4.000000,0.500000,0.500000
614,0,0,3.000000,0.000000,0.500000
615,1,1,3.000000,0.000000,0.500000
616,0,0,4.000000,0.500000,0.500000
617,1,1,5.000000,0.800000,0.500000
618,0,0,4.000000,0.500000,0.500000
619,1,0,7.000000,1.000000,0.500000
620,1,1,3.000000,0.000000,0.500000
621,0,1,4.000000,0.500000,0.500000
622,0,0,3.000000,0.000000,0.500000
623,0,0,3.000000,0.000000,0.500000
624,1,1,3.000000,0.000000,0.500000
625,1,1,3.000000,0.000000,0.500000
626,1,1,3.000000,0.000000,0.500000
627,0,0,4.000000,0.500000,0.500000
628,0,0,3.000000,0.000000,0.500000
629,1,1,3.000000,0.000000,0.500000
630,1,0,4.000000,0.500000,0.500000
631,1,1,5.000000,0.800000,0.500000
632,0,0,3.000000,0.000000,0.500000
633,1,1,4.000000,0.500000,0.500000
634,1,1,5.000000,0.800000,0.500000
635,0,0,4.000000,0.500000,0.500000
636,1,1,4.000000,0.500000,0.500000
637,1,1,3.000000,0.000000,0.500000
638,1,1,4.000000,0.500000,0.500000
639,1,1,4.000000,0.500000,0.500000
640,0,0,3.000000,0.000000,0.500000
641,1,1,4.000000,0.500000,0.500000
642,1,1,3.000000,0.000000,0.500000
643,0,0,6.000000,0.800000,0.500000
644,0,0,3.000000,0.000000,0.500000
645,0,1,6.000000,0.900000,0.500000
646,0,0,6.000000,0.900000,0.500000
647,0,0,3.000000,0.000000,0.500000
648,1,1,4.000000,0.500000,0.500000
649,1,1,4.000000,0.500000,0.500000
650,1,1,4.000000,0.500000,0.500000
651,1,1,4.000000,0.500000,0.500000
652,0,0,4.000000,0.500000,0.500000
653,0,0,4.000000,0.500000,0.500000
654,1,1,3.000000,0.000000,0.500000
655,0,0,6.000000,0.800000,0.500000
656,1,1,3.000000,0.000000,0.500000
657,1,1,3.000000,0.000000,0.500000
658,1,1,4.000000,0.500000,0.500000
659,1,1,3.000000,0.000000,0.500000
660,1,1,3.000000,0.000000,0.500000
661,0,0,4.000000,0.500000,0.500000
662,0,0,3.000000,0.000000,0.500000
663,1,1,3.000000,0.000000,0.500000
664,0,0,4.000000,0.500000,0.500000
665,1,0,5.000000,0.800000,0.500000
666,1,1,4.000000,0.500000,0.500000
667,1,1,3.000000,0.000000,0.500000
668,1,1,4.000000,0.500000,0.500000
669,0,0,4.000000,0.500000,0.500000
670,0,0,4.000000,0.500000,0.500000
671,0,0,3.000000,0.000000,0.500000
672,0,0,3.000000,0.000000,0.500000
673,1,1,4.000000,0.500000,0.500000
674,1,1,3.000000,0.000000,0.500000
675,1,1,6.000000,0.900000,0.500000
676,0,0,3.000000,0.000000,0.500000
677,0,1,6.000000,0.900000,0.500000
678,1,1,4.000000,0.500000,0.500000
679,1,1,3.000000,0.000000,0.500000
680,0,0,3.000000,0.000000,0.500000
681,1,0,6.000000,0.900000,0.500000
682,0,0,3.000000,0.000000,0.500000
683,0,0,4.000000,0.500000,0.500000
684,1,1,3.000000,0.000000,0.500000
685,1,1,4.000000,0.500000,0.500000
686,0,0,6.000000,0.800000,0.500000
687,1,1,4.000000,0.500000,0.500000
688,0,0,9.000000,0.900000,0.500000
689,0,1,5.000000,0.800000,0.500000
690,1,1,3.000000,0.000000,0.500000
691,0,1,7.000000,0.900000,0.500000
692,1,1,3.000000,0.000000,0.500000
693,0,0,4.000000,0.500000,0.500000
694,0,0,3.000000,0.000000,0.500000
695,1,1,5.000000,0.800000,0.500000
696,1,1,3.000000,0.000000,0.500000
697,0,0,4.000000,0.500000,0.500000
698,1,1,4.000000,0.500000,0.500000
699,0,0,3.000000,0.000000,0.500000
700,0,1,4.000000,0.500000,0.500000
701,1,1,3.000000,0.000000,0.500000
702,1,1,3.000000,0.000000,0.500000
703,0,0,5.000000,0.800000,0.500000
704,1,1,3.000000,0.000000,0.500000
705,0,1,5.000000,0.800000,0.500000
706,1,1,4.000000,0.500000,0.500000
707,1,0,4.000000,0.500000,0.500000
708,1,0,5.000000,0.800000,0.500000
709,1,0,4.000000,0.500000,0.500000
710,0,0,3.000000,0.000000,0.500000
711,1,1,3.000000,0.000000,0.500000
712,1,1,3.000000,0.000000,0.500000
713,1,1,4.000000,0.500000,0.500000
714,0,0,3.000000,0.000000,0.500000
715,0,1,6.000000,0.900000,0.500000
716,1,1,3.000000,0.000000,0.500000
717,1,1,3.000000,0.000000,0.500000
718,1,1,3.000000,0.000000,0.500000
719,0,0,3.000000,0.000000,0.500000
720,1,0,6.000000,0.900000,0.500000
721,0,1,5.000000,0.800000,0.500000
722,0,0,4.000000,0.500000,0.500000
723,0,0,3.000000,0.000000,0.500000
724,0,0,3.000000,0.000000,0.500000
725,0,0,4.000000,0.500000,0.500000
726,1,1,4.000000,0.500000,0.500000
727,0,0,7.000000,0.900000,0.500000
728,0,0,3.000000,0.000000,0.500000
729,0,0,4.000000,0.500000,0.500000
730,0,0,8.000000,0.900000,0.500000
731,0,0,3.000000,0.000000,0.500000
732,0,0,3.000000,0.000000,0.500000
733,1,0,4.000000,0.500000,0.500000
734,1,1,5.000000,0.800000,0.500000
735,1,1,3.000000,0.000000,0.500000
736,1,1,4.000000,0.500000,0.500000
737,0,0,10.000000,1.000000,0.500000
738,1,1,3.000000,0.000000,0.500000
739,1,1,5.000000,0.800000,0.500000
740,0,0,4.000000,0.500000,0.500000
741,1,1,3.000000,0.000000,0.500000
742,1,1,3.000000,0.000000,0.500000
743,1,1,4.000000,0.500000,0.500000
744,1,1,5.000000,0.800000,0.500000
745,1,1,3.000000,0.000000,0.500000
746,0,0,6.000000,0.900000,0.500000
747,1,1,3.000000,0.000000,0.500000
748,0,0,3.000000,0.000000,0.500000
749,1,1,3.000000,0.000000,0.500000
750,0,0,6.000000,0.800000,0.500000
751,0,0,4.000000,0.500000,0.500000
752,1,1,5.000000,0.800000,0.500000
753,1,1,3.000000,0.000000,0.500000
754,0,0,4.000000,0.500000,0.500000
755,0,0,3.000000,0.000000,0.500000
756,0,0,4.000000,0.500000,0.500000
757,0,0,3.000000,0.000000,0.500000
758,1,1,3.000000,0.000000,0.500000
759,0,0,4.000000,0.500000,0.500000
760,0,0,4.000000,0.500000,0.500000
761,0,0,4.000000,0.500000,0.500000
762,1,1,5.000000,0.800000,0.500000
763,1,1,4.000000,0.500000,0.500000
764,0,0,3.000000,0.000000,0.500000
765,1,1,3.000000,0.000000,0.500000
766,1,0,4.000000,0.500000,0.500000
767,0,0,3.000000,0.000000,0.500000
768,1,1,4.000000,0.500000,0.500000
769,1,1,3.000000,0.000000,0.500000
770,0,0,4.000000,0.500000,0.500000
771,0,0,4.000000,0.500000,0.500000
772,0,0,5.000000,0.900000,0.500000
773,1,1,3.000000,0.000000,0.500000
774,1,1,6.000000,0.800000,0.500000
775,1,1,5.000000,0.800000,0.500000
776,0,0,4.000000,0.500000,0.500000
777,1,1,4.000000,0.500000,0.500000
778,1,1,3.000000,0.000000,0.500000
779,0,0,3.000000,0.000000,0.500000
780,1,1,4.000000,0.500000,0.500000
781,1,1,3.000000,0.000000,0.500000
782,0,0,3.000000,0.000000,0.500000
783,0,0,3.000000,0.000000,0.500000
784,0,0,3.000000,0.000000,0.500000
785,0,0,4.000000,0.500000,0.500000
786,0,0,5.000000,0.800000,0.500000
787,1,1,3.000000,0.000000,0.500000
788,1,1,6.000000,0.900000,0.500000
789,0,0,4.000000,0.500000,0.500000
790,0,0,5.000000,0.800000,0.500000
791,1,1,5.000000,0.800000,0.500000
792,0,1,5.000000,0.800000,0.500000
793,1,1,4.000000,0.500000,0.500000
794,1,1,4.000000,0.500000,0.500000
795,0,0,4.000000,0.500000,0.500000
796,1,1,5.000000,0.800000,0.500000
797,1,1,4.000000,0.500000,0.500000
798,1,1,4.000000,0.500000,0.500000
799,1,1,5.000000,0.800000,0.500000
800,1,1,8.000000,0.900000,0.500000
801,1,1,3.000000,0.000000,0.500000
802,1,1,8.000000,0.900000,0.500000
803,0,0,4.000000,0.500000,0.500000
804,0,0,3.000000,0.000000,0.500000
805,1,1,6.000000,0.900000,0.500000
806,0,0,4.000000,0.500000,0.500000
807,0,0,4.000000,0.500000,0.500000
808,0,0,3.000000,0.000000,0.500000
809,1,1,3.000000,0.000000,0.500000
810,0,0,4.000000,0.500000,0.500000
811,0,0,3.000000,0.000000,0.500000
812,0,1,3.000000,0.000000,0.500000
813,1,1,4.000000,0.500000,0.500000
814,0,0,4.000000,0.500000,0.500000
815,0,1,5.000000,0.800000,0.500000
816,0,0,3.000000,0.000000,0.500000
817,0,0,4.000000,0.500000,0.500000
818,0,0,3.000000,0.000000,0.500000
819,0,0,3.000000,0.000000,0.500000
820,1,1,4.000000,0.500000,0.500000
821,0,0,3.000000,0.000000,0.500000
822,0,0,4.000000,0.500000,0.500000
823,0,1,8.000000,0.900000,0.500000
824,1,1,4.000000,0.500000,0.500000
825,1,0,5.000000,0.800000,0.500000
826,1,1,4.000000,0.500000,0.500000
827,1,0,5.000000,0.800000,0.500000
828,1,1,3.000000,0.000000,0.500000
829,1,1,3.000000,0.000000,0.500000
830,0,0,5.000000,0.800000,0.500000
831,0,0,3.000000,0.000000,0.500000
832,0,0,5.000000,0.800000,0.500000
833,1,1,3.000000,0.000000,0.500000
834,0,0,4.000000,0.500000,0.500000
835,1,1,3.000000,0.000000,0.500000
836,0,0,3.000000,0.000000,0.500000
837,1,1,4.000000,0.500000,0.500000
838,1,1,3.000000,0.000000,0.500000
839,1,1,3.000000,0.000000,0.500000
840,0,0,3.000000,0.000000,0.500000
841,1,1,4.000000,0.500000,0.500000
842,1,1,4.000000,0.500000,0.500000
843,0,1,6.000000,0.900000,0.500000
844,1,1,6.000000,1.000000,0.500000
845,0,0,4.000000,0.500000,0.500000
846,0,1,5.000000,0.800000,0.500000
847,0,0,4.000000,0.500000,0.500000
848,1,1,3.000000,0.000000,0.500000
849,0,1,3.000000,0.000000,0.500000
850,0,0,3.000000,0.000000,0.500000
851,0,0,4.000000,0.500000,0.500000
852,1,1,3.000000,0.000000,0.500000
853,0,1,4.000000,0.500000,0.500000
854,0,0,3.000000,0.000000,0.500000
855,1,1,5.000000,0.800000,0.500000
856,1,1,3.000000,0.000000,0.500000
857,1,1,3.000000,0.000000,0.500000
858,1,0,5.000000,0.800000,0.500000
859,1,1,6.000000,0.800000,0.500000
860,0,0,4.000000,0.500000,0.500000
861,1,1,6.000000,0.900000,0.500000
862,1,1,3.000000,0.000000,0.500000
863,1,1,4.000000,0.500000,0.500000
864,0,1,3.000000,0.000000,0.500000
865,0,0,3.000000,0.000000,0.500000
866,1,0,4.000000,0.500000,0.500000
867,0,0,4.000000,0.500000,0.500000
868,1,0,12.000000,0.900000,0.500000
869,0,0,4.000000,0.500000,0.500000
870,1,1,4.000000,0.500000,0.500000
871,0,0,8.000000,0.900000,0.500000
872,0,0,3.000000,0.000000,0.500000
873,0,1,4.000000,0.500000,0.500000
874,1,1,6.000000,0.900000,0.500000
875,0,1,5.000000,0.800000,0.500000
876,0,0,6.000000,0.900000,0.500000
877,1,1,4.000000,0.500000,0.500000
878,0,0,5.000000,0.800000,0.500000
879,0,0,4.000000,0.500000,0.500000
880,0,1,3.000000,0.000000,0.500000
881,1,1,3.000000,0.000000,0.500000
882,0,0,4.000000,0.500000,0.500000
883,0,0,3.000000,0.000000,0.500000
884,0,1,6.000000,0.900000,0.500000
885,1,1,3.000000,0.000000,0.500000
886,1,1,3.000000,0.000000,0.500000
887,1,1,4.000000,0.500000,0.500000
888,0,0,3.000000,0.000000,0.500000
889,0,1,4.000000,0.500000,0.500000
890,1,1,5.000000,0.800000,0.500000
891,1,1,3.000000,0.000000,0.500000
892,0,0,5.000000,0.800000,0.500000
893,0,0,3.000000,0.000000,0.500000
894,1,1,4.000000,0.500000,0.500000
895,1,1,6.000000,0.900000,0.500000
896,0,0,7.000000,0.900000,0.500000
897,0,0,3.000000,0.000000,0.500000
898,0,0,4.000000,0.500000,0.500000
899,0,0,3.000000,0.000000,0.500000
900,1,1,4.000000,0.500000,0.500000
901,0,1,5.000000,0.800000,0.500000
902,0,0,4.000000,0.500000,0.500000
903,1,1,5.000000,0.800000,0.500000
904,1,1,4.000000,0.500000,0.500000
905,1,1,5.000000,0.800000,0.500000
906,1,0,4.000000,0.500000,0.500000
907,0,0,3.000000,0.000000,0.500000
908,0,0,3.000000,0.000000,0.500000
909,0,0,5.000000,0.800000,0.500000
910,1,1,4.000000,0.500000,0.500000
911,1,0,5.000000,0.800000,0.500000
912,1,1,3.000000,0.000000,0.500000
913,0,0,4.000000,0.500000,0.500000
914,0,0,3.000000,0.000000,0.500000
915,0,0,4.000000,0.500000,0.500000
916,0,0,3.000000,0.000000,0.500000
917,0,0,6.000000,0.900000,0.500000
918,1,1,3.000000,0.000000,0.500000
919,1,1,3.000000,0.000000,0.500000
920,0,0,3.000000,0.000000,0.500000
921,1,1,4.000000,0.500000,0.500000
922,1,1,3.000000,0.000000,0.500000
923,0,0,3.000000,0.000000,0.500000
924,1,1,3.000000,0.000000,0.500000
925,1,1,4.000000,0.500000,0.500000
926,0,0,5.000000,0.800000,0.500000
927,1,1,4.000000,0.500000,0.500000
928,1,1,3.000000,0.000000,0.500000
929,1,1,3.000000,0.000000,0.500000
930,1,1,4.000000,0.500000,0.500000
931,1,1,4.000000,0.500000,0.500000
932,1,1,5.000000,0.800000,0.500000
933,1,1,5.000000,0.800000,0.500000
934,1,1,4.000000,0.500000,0.500000
935,0,0,4.000000,0.500000,0.500000
936,0,0,3.000000,0.000000,0.500000
937,0,0,6.000000,0.800000,0.500000
938,0,0,3.000000,0.000000,0.500000
939,1,0,5.000000,0.800000,0.500000
940,0,0,3.000000,0.000000,0.500000
941,1,1,3.000000,0.000000,0.500000
942,0,0,4.000000,0.500000,0.500000
943,0,0,3.000000,0.000000,0.500000
944,1,1,3.000000,0.000000,0.500000
945,0,0,4.000000,0.500000,0.500000
946,1,1,3.000000,0.000000,0.500000
947,0,0,4.000000,0.500000,0.500000
948,0,1,5.000000,0.800000,0.500000
949,1,1,3.000000,0.000000,0.500000
950,0,0,3.000000,0.000000,0.500000
951,0,0,4.000000,0.500000,0.500000
952,0,0,4.000000,0.500000,0.500000
953,1,1,4.000000,0.500000,0.500000
954,0,0,4.000000,0.500000,0.500000
955,0,0,3.000000,0.000000,0.500000
956,1,1,3.000000,0.000000,0.500000
957,1,1,4.000000,0.500000,0.500000
958,1,1,3.000000,0.000000,0.500000
959,1,1,3.000000,0.000000,0.500000
960,0,1,5.000000,0.800000,0.500000
961,0,0,3.000000,0.000000,0.500000
962,1,1,3.000000,0.000000,0.500000
963,1,1,4.000000,0.500000,0.500000
964,0,1,7.000000,0.900000,0.500000
965,1,1,3.000000,0.000000,0.500000
966,1,1,4.000000,0.500000,0.500000
967,0,0,5.000000,0.800000,0.500000
968,0,0,3.000000,0.000000,0.500000
969,0,0,3.000000,0.000000,0.500000
970,1,1,3.000000,0.000000,0.500000
971,0,1,3.000000,0.000000,0.500000
972,0,0,4.000000,0.500000,0.500000
973,1,0,3.000000,0.000000,0.500000
974,1,1,4.000000,0.500000,0.500000
975,1,1,3.000000,0.000000,0.500000
976,0,0,3.000000,0.000000,0.500000
977,1,1,4.000000,0.500000,0.500000
978,0,0,5.000000,0.800000,0.500000
979,0,0,3.000000,0.000000,0.500000
980,1,1,3.000000,0.000000,0.500000
981,1,1,3.000000,0.000000,0.500000
982,1,0,3.000000,0.000000,0.500000
983,1,1,4.000000,0.500000,0.500000
984,0,0,3.000000,0.000000,0.500000
985,1,1,4.000000,0.500000,0.500000
986,0,0,3.000000,0.000000,0.500000
987,0,0,3.000000,0.000000,0.500000
988,1,1,3.000000,0.000000,0.500000
989,0,0,4.000000,0.500000,0.500000
990,1,1,4.000000,0.500000,0.500000
991,0,0,3.000000,0.000000,0.500000
992,1,1,3.000000,0.000000,0.500000
993,0,0,3.000000,0.000000,0.500000
994,1,1,6.000000,0.800000,0.500000
995,1,1,5.000000,0.800000,0.500000
996,1,1,3.000000,0.000000,0.500000
997,0,1,5.000000,0.900000,0.500000
998,1,1,4.000000,0.500000,0.500000
999,1,1,3.000000,0.000000,0.500000
WorkerID,Gamma,TrueGamma
87,0.555230,0.631751
999,0.442983,1.508811
407,0.480112,1.120502
730,0.504491,0.645689
499,0.502977,1.021831
396,0.443268,1.755566
865,0.571577,1.056134
977,0.523168,0.712026
967,0.451734,0.433309
510,0.502814,0.909985
723,0.566797,2.002408
931,0.531412,1.156331
920,0.475103,1.024471
404,0.561181,1.728471
595,0.444336,0.601940
425,0.467725,0.521592
150,0.506188,1.788721
676,0.584734,1.083099
709,0.472446,1.227022
406,0.442564,0.239788
981,0.449356,0.780092
97,0.487690,1.242083
208,0.593993,1.142193
798,0.524552,0.684761
874,0.498488,1.729675
850,0.425520,0.390144
897,0.523257,1.609097
599,0.450399,1.738405
979,0.517797,0.857746
717,0.556621,0.974881
601,0.433847,0.872967
94,0.488248,0.768467
146,0.432895,1.005619
695,0.563896,1.609504
879,0.483936,1.163172
756,0.451121,0.867422
706,0.459347,0.640648
502,0.458851,0.191540
526,0.535674,1.454445
324,0.440080,0.567981
290,0.503052,1.616281
363,0.444221,0.519580
984,0.469326,1.381777
239,0.490842,1.675008
936,0.610094,1.370618
934,0.435842,0.334376
402,0.525857,2.058155
22,0.479273,0.819200
521,0.430452,1.530329
445,0.458946,1.927733
287,0.496395,1.385209
721,0.496951,0.839310
557,0.497379,2.092263
174,0.448864,0.537266
384,0.586284,0.831052
955,0.499471,0.823610
259,0.482966,1.802922
95,0.590957,1.386747
486,0.442663,1.474963
466,0.507365,2.084929
438,0.451074,0.613069
213,0.506663,0.395220
148,0.426393,0.107603
568,0.479918,1.879835
276,0.460147,0.405437
17,0.435391,0.756633
124,0.479809,0.619417
193,0.523562,1.672292
198,0.489568,2.359091
975,0.450778,2.104278
119,0.504864,1.484476
935,0.513554,0.893864
592,0.459713,1.516236
522,0.444321,1.906226
582,0.505599,2.496186
901,0.434538,0.657731
950,0.444369,2.017207
902,0.522080,1.178985
451,0.551158,0.478663
56,0.490022,1.877960
631,0.458032,2.639446
766,0.468487,1.272218
253,0.418610,1.625500
791,0.435460,1.127571
682,0.471977,0.793187
715,0.566318,1.080282
774,0.467869,1.040725
789,0.467531,1.143287
65,0.504407,0.760231
804,0.570933,1.631733
408,0.497147,1.574597
449,0.479242,1.162446
285,0.558971,1.543025
539,0.426929,0.624534
735,0.503999,0.978727
974,0.520572,0.917474
20,0.447975,1.481015
464,0.511274,0.988190
549,0.499210,0.440538
395,0.459014,1.096840
831,0.483627,0.434668
61,0.476071,0.712529
315,0.454919,1.120571
472,0.555395,1.399645
739,0.498968,1.350738
280,0.514437,1.241687
33,0.497070,1.317283
143,0.441341,0.541122
98,0.513004,0.717727
712,0.512186,1.190772
153,0.460577,0.892972
916,0.521702,1.579181
485,0.478719,1.030769
361,0.445505,3.035083
18,0.452873,0.476223
970,0.459174,0.786769
137,0.528248,2.479630
231,0.520041,2.313610
907,0.596627,0.762369
328,0.434606,1.131926
918,0.530622,0.696976
877,0.443530,0.690556
281,0.468190,1.100035
875,0.506050,0.821547
997,0.449390,0.488746
301,0.486796,0.906148
263,0.485129,1.266980
484,0.513059,2.460483
893,0.568505,1.353900
219,0.436425,1.516698
490,0.444095,1.922765
343,0.487947,0.691391
357,0.482705,2.327803
776,0.519183,0.709684
58,0.506330,0.816159
111,0.463867,0.593315
3,0.488186,1.065351
668,0.539336,0.979607
812,0.453551,1.055347
679,0.450328,0.906680
657,0.443784,0.848523
123,0.515313,2.212395
382,0.511080,1.169908
403,0.538090,0.931885
80,0.458314,1.174223
57,0.577276,1.155949
189,0.458614,0.470522
179,0.487226,1.561828
941,0.503669,0.920909
88,0.494552,1.279241
400,0.474705,1.257374
718,0.458624,1.335473
556,0.558274,0.991986
399,0.619650,1.273825
355,0.451305,0.931643
986,0.571696,1.678251
308,0.442231,1.366978
545,0.450868,0.638926
288,0.442904,0.762438
525,0.458013,1.323620
610,0.485842,1.248266
991,0.490237,1.538447
173,0.439525,1.821216
603,0.532728,1.124483
385,0.536853,1.611787
609,0.435430,1.553343
700,0.427408,0.982199
842,0.457782,1.577734
733,0.515144,1.260216
759,0.529795,3.260977
342,0.469240,1.121457
354,0.447608,1.145840
725,0.452035,1.200141
54,0.474323,0.490338
82,0.434901,0.995651
469,0.479303,0.955339
76,0.441569,1.065285
896,0.450841,1.198733
233,0.523937,1.947464
175,0.441792,0.669360
480,0.460101,1.498139
760,0.493378,0.829438
641,0.452132,0.464397
106,0.478773,0.980586
318,0.512257,1.280017
74,0.450478,1.033751
802,0.506538,0.874213
63,0.459864,0.567131
832,0.458045,1.043922
322,0.479852,1.293015
784,0.426442,0.205252
62,0.497228,1.092267
543,0.604853,0.788615
319,0.491263,0.689563
506,0.479417,0.456819
894,0.444403,0.627385
242,0.466640,1.271435
182,0.451333,1.712466
535,0.443675,1.212892
73,0.507432,1.744527
110,0.499448,1.550760
411,0.432611,0.300595
924,0.459270,0.996116
513,0.480696,1.022644
46,0.423909,0.868724
79,0.496818,1.295200
541,0.511744,0.939316
209,0.465090,1.449152
606,0.463606,0.779311
71,0.606989,0.516221
243,0.457372,1.088037
197,0.556944,1.364321
566,0.506082,2.215581
250,0.450920,0.212515
826,0.450232,0.417654
946,0.459993,0.829232
623,0.451346,1.125453
751,0.450241,1.902711
511,0.449702,1.439576
719,0.496507,1.300948
460,0.423527,1.114994
166,0.512202,2.120016
656,0.500979,1.106033
261,0.454593,0.794462
516,0.439925,0.552887
588,0.471562,0.404371
446,0.434014,0.542498
655,0.527081,0.810961
969,0.442395,0.469121
951,0.552796,0.481691
995,0.458338,0.964720
992,0.523331,1.030803
824,0.556874,2.069217
172,0.507415,1.189842
617,0.467707,0.922148
687,0.494565,1.410132
903,0.549119,1.279127
544,0.443471,1.094485
102,0.505871,0.458025
183,0.540060,2.188374
432,0.584470,1.965672
630,0.505243,0.574083
64,0.549779,0.930895
429,0.520032,2.298231
85,0.518274,3.888110
503,0.471875,0.669026
375,0.442952,0.206348
710,0.448192,0.884549
573,0.610814,1.102527
236,0.452001,2.308695
780,0.504329,3.014912
293,0.590985,1.070670
887,0.418851,1.223484
254,0.489537,1.183461
898,0.504168,2.137288
66,0.457504,0.454014
366,0.453743,0.381459
5,0.482009,0.307512
348,0.493285,0.350180
928,0.439651,0.512710
808,0.542285,0.888369
581,0.530524,0.792226
795,0.451094,2.354849
900,0.442968,0.655904
337,0.501131,0.844217
30,0.444318,0.728901
108,0.442660,1.424837
943,0.502666,1.728297
238,0.450763,1.480775
801,0.432648,1.831562
664,0.564520,1.996854
37,0.549449,1.989436
92,0.448802,0.477006
216,0.434643,1.825074
360,0.459403,0.447257
204,0.433945,0.744628
722,0.492919,1.596659
533,0.549597,0.468646
728,0.435080,1.412638
914,0.441868,0.831463
697,0.609745,0.717333
35,0.500012,1.028525
763,0.478123,1.696181
317,0.458426,1.036276
468,0.496490,0.917638
38,0.505871,0.434028
512,0.490007,1.374548
264,0.458158,0.685394
50,0.442700,0.272840
768,0.436545,1.433951
577,0.457152,2.215542
397,0.579959,0.863494
507,0.542500,3.038766
794,0.453343,1.844825
353,0.582646,1.528467
942,0.450649,0.604140
792,0.471031,0.687194
590,0.441860,0.989166
338,0.449286,1.370408
461,0.502088,0.932225
29,0.536481,0.895381
49,0.458798,1.930309
241,0.443587,0.824109
921,0.439703,1.039291
47,0.507830,1.418719
271,0.498351,2.484291
10,0.450408,0.506795
811,0.459571,1.809419
356,0.450674,1.515924
961,0.444020,0.858373
884,0.594837,1.298675
491,0.464751,0.636506
777,0.505272,0.904339
531,0.556555,0.887475
107,0.630138,2.207263
370,0.502700,0.658999
117,0.545134,1.068084
854,0.514672,0.854315
823,0.435782,0.502668
578,0.511502,3.571470
81,0.589665,1.031184
275,0.451959,0.461963
210,0.442888,1.019823
417,0.502344,0.878004
749,0.442052,0.664628
4,0.496656,0.741513
515,0.550652,0.655725
282,0.555932,1.446291
494,0.444296,1.098895
571,0.459487,1.091551
332,0.458834,1.297060
316,0.486303,0.907641
190,0.623158,0.826688
534,0.494782,2.348706
836,0.479709,0.990335
255,0.508393,0.507494
892,0.510219,0.809371
310,0.450666,0.946442
552,0.467596,2.829828
149,0.472542,1.271975
321,0.600952,1.855165
405,0.550422,0.974623
829,0.441515,1.802451
726,0.472692,0.598589
191,0.440982,1.275269
498,0.526699,1.560645
226,0.504783,2.124763
600,0.508891,0.546980
810,0.548476,0.591920
27,0.544072,2.264042
455,0.436045,1.256810
945,0.457466,0.934838
569,0.530235,0.992050
550,0.533768,1.591074
378,0.442552,0.942667
454,0.565252,0.910639
707,0.468694,1.350848
532,0.433265,0.415187
650,0.459985,1.343000
947,0.434074,1.183071
457,0.511659,1.658275
176,0.462693,1.233040
483,0.457738,1.661033
409,0.450376,2.141850
14,0.570365,0.994950
632,0.467880,1.195515
757,0.443146,0.722755
639,0.451004,1.072289
559,0.434908,1.610699
694,0.450777,1.169442
471,0.512992,1.718214
245,0.551563,1.137550
652,0.441870,0.791601
215,0.443929,1.859944
564,0.441457,0.469729
394,0.554463,1.507166
845,0.466908,0.832896
585,0.491154,1.091215
647,0.427554,1.329238
90,0.490199,1.205182
345,0.520009,1.798510
771,0.485366,0.402041
99,0.498958,0.774081
207,0.514050,1.036507
135,0.581796,2.037236
740,0.510457,1.363141
448,0.436614,1.239580
470,0.504367,1.818717
330,0.434965,1.703951
314,0.457907,2.094250
583,0.531080,0.528666
838,0.518403,1.525286
155,0.591051,0.885715
307,0.514083,1.147598
358,0.521713,0.997308
450,0.444072,1.612629
642,0.457722,0.970713
390,0.467574,1.483274
553,0.460287,0.923472
387,0.522544,1.194077
888,0.611195,0.519945
28,0.478763,0.758501
336,0.464414,1.214121
670,0.442976,0.491666
240,0.506753,1.760441
292,0.443218,1.544990
604,0.515203,2.814886
686,0.550551,1.538628
905,0.445617,1.563527
67,0.497987,0.758328
594,0.462613,2.183642
441,0.487678,0.772866
447,0.522554,1.950029
666,0.522439,0.602100
118,0.491507,0.142442
91,0.449599,0.636547
644,0.494779,0.609486
374,0.515868,0.798565
680,0.451083,0.943388
660,0.450951,0.495365
325,0.469185,1.418497
256,0.460932,1.628894
754,0.461317,0.786656
693,0.496488,0.854956
624,0.514204,0.374182
53,0.557692,2.530244
853,0.522617,0.413880
235,0.508250,1.210864
340,0.592709,1.272223
958,0.525833,0.306275
434,0.524904,0.447759
985,0.514110,1.600313
36,0.535894,0.543753
196,0.499642,1.062418
413,0.493790,0.745984
844,0.605188,0.788245
954,0.516105,0.884121
377,0.505904,0.637531
133,0.567565,0.299482
465,0.646298,0.515404
839,0.490504,0.673865
673,0.572155,0.941012
420,0.591169,1.569602
755,0.604613,0.751699
882,0.558351,0.780363
873,0.613027,1.508077
743,0.529428,0.625584
225,0.510718,1.810111
727,0.508200,1.153257
187,0.562600,1.877877
86,0.544733,1.306024
298,0.561638,1.619966
932,0.539817,0.462640
195,0.518529,1.055230
294,0.492800,1.510397
421,0.508776,1.789848
272,0.562195,1.145678
523,0.517440,1.834136
925,0.576492,0.661467
283,0.632368,1.782178
803,0.537028,0.222414
817,0.493054,0.472060
501,0.506813,0.801020
439,0.579146,0.793266
820,0.581494,0.622673
344,0.672324,1.338601
558,0.622544,2.178966
750,0.560548,0.937567
159,0.517814,0.872652
633,0.499462,1.235503
562,0.481139,0.676968
112,0.589058,0.538221
622,0.517982,0.432848
476,0.561809,0.977460
611,0.599213,1.014072
563,0.560656,0.754429
672,0.590661,1.112307
953,0.508025,1.780659
959,0.543680,0.507519
825,0.500061,1.224283
843,0.546653,1.259439
939,0.503652,0.776955
335,0.624186,1.053865
416,0.517244,0.603811
587,0.507131,0.949003
320,0.681664,1.841646
878,0.671146,1.728760
871,0.548640,1.309065
689,0.556338,1.495074
304,0.568137,3.674873
980,0.570379,1.183794
489,0.564153,0.981423
546,0.568403,0.844303
758,0.554017,0.897870
389,0.546718,1.414439
983,0.506151,0.552600
75,0.515352,0.694045
565,0.488470,0.525511
705,0.515836,0.789457
816,0.550427,1.106836
661,0.489307,0.945598
77,0.519204,0.791912
645,0.513102,0.444094
561,0.612466,0.968361
987,0.517330,0.857562
270,0.499031,2.449049
864,0.584690,1.961299
883,0.525865,0.718151
580,0.568765,1.000291
962,0.516439,0.488074
331,0.537306,0.829387
101,0.633915,0.896516
312,0.558946,0.917885
629,0.577519,0.960675
540,0.513920,0.530642
299,0.525170,1.188795
141,0.513702,0.915466
257,0.499947,1.358978
752,0.602434,1.499645
367,0.569622,0.860759
134,0.474697,0.921624
671,0.569961,1.247578
279,0.678557,1.983348
819,0.516458,1.209997
229,0.505086,1.625515
696,0.508485,1.094793
433,0.509255,0.576961
542,0.570076,1.208282
401,0.576519,2.154548
109,0.556333,2.112934
948,0.514665,1.594708
929,0.484976,0.369912
45,0.592019,2.912709
306,0.605711,0.361825
910,0.743278,1.559642
16,0.674395,2.396053
372,0.569094,0.777530
452,0.619450,0.439917
130,0.516700,0.631307
8,0.552011,2.054827
628,0.518275,1.829827
994,0.516118,1.282069
870,0.506494,1.319344
779,0.614326,1.724884
55,0.523718,0.449351
908,0.506992,0.204186
295,0.564650,0.651800
269,0.508784,1.645317
783,0.562064,3.119225
612,0.572508,1.480982
59,0.552887,1.067360
437,0.550772,0.130868
547,0.671549,0.931337
818,0.499861,0.429112
956,0.552260,0.689237
458,0.555777,1.518648
762,0.540495,0.856183
688,0.561236,1.321843
300,0.521984,0.360508
890,0.500665,1.052205
309,0.501787,1.185081
560,0.600074,1.506380
232,0.524447,0.567234
379,0.598305,1.488917
249,0.645227,1.656493
662,0.562745,1.279194
509,0.525981,1.681734
840,0.562115,1.253545
904,0.550187,2.289277
741,0.551219,1.465067
482,0.577312,0.819944
665,0.527356,0.567853
214,0.508658,0.730021
168,0.578491,0.709137
333,0.598191,2.542083
412,0.532907,1.317363
163,0.481787,1.152282
830,0.553153,0.379145
856,0.515164,1.394166
415,0.518200,0.874596
608,0.516250,0.777103
858,0.621514,0.610390
744,0.585443,1.046389
716,0.560239,1.739310
889,0.545991,1.145840
772,0.600663,1.706348
273,0.513432,0.684044
25,0.523800,0.647302
127,0.612233,0.791470
769,0.571577,0.780146
828,0.569455,1.022938
736,0.555866,2.011080
444,0.563279,1.801951
268,0.518253,1.263656
160,0.666116,1.078552
796,0.574163,2.167610
938,0.590457,0.469162
737,0.562155,1.154737
919,0.505908,2.102900
593,0.508060,0.599665
479,0.580310,2.120034
284,0.545071,0.723603
181,0.570763,2.659356
121,0.526503,1.074894
251,0.564511,0.490242
554,0.560342,0.606938
638,0.498299,0.881345
993,0.523259,3.026662
192,0.569885,0.762090
584,0.668435,1.867277
185,0.554374,1.154884
291,0.611422,1.970262
895,0.573447,0.997037
248,0.552726,0.934438
228,0.609501,1.698929
653,0.540258,1.766869
773,0.498560,1.295253
678,0.509453,0.628493
885,0.507498,0.998352
698,0.500827,0.890883
788,0.726499,3.362766
453,0.633299,1.474735
157,0.570824,0.579657
386,0.515233,0.391313
872,0.580458,0.780789
747,0.519338,0.910426
519,0.503332,0.616349
120,0.571856,1.786185
218,0.638800,0.272334
188,0.622608,1.459681
2,0.571935,1.769609
329,0.568566,2.197680
834,0.563959,1.506021
978,0.508933,4.183775
388,0.571028,0.849493
976,0.596046,0.903551
605,0.539324,0.255581
785,0.517575,0.538785
857,0.608098,0.903551
258,0.595923,1.257507
626,0.542814,1.228245
364,0.562331,2.483105
570,0.507181,2.192948
122,0.523766,0.464909
851,0.516740,1.033173
440,0.499439,0.245884
140,0.543940,2.004492
116,0.531104,1.179370
965,0.560878,0.998465
669,0.531799,1.297817
427,0.569040,0.963365
514,0.516151,0.933140
492,0.569354,1.579006
170,0.505927,1.053042
303,0.543046,2.220698
724,0.628607,0.709015
51,0.673400,2.536628
855,0.518890,1.752720
504,0.569292,1.663961
729,0.507771,0.915001
720,0.501015,1.207746
957,0.500886,1.303970
359,0.613828,1.710684
530,0.555651,0.413080
493,0.515773,1.546962
827,0.561330,2.060286
635,0.657349,1.404162
381,0.561883,0.709283
505,0.567235,2.204914
746,0.547132,0.600587
41,0.555728,0.818959
326,0.638750,0.638260
481,0.562858,3.173114
917,0.556139,0.514844
713,0.548509,1.527136
44,0.594201,1.201064
305,0.507696,1.574437
862,0.628984,1.457901
915,0.596318,0.259755
966,0.562819,0.872936
786,0.546274,0.846927
199,0.623782,0.997903
436,0.544518,0.618415
398,0.556107,0.668930
477,0.577928,1.343370
675,0.517013,0.679908
230,0.538091,0.527169
126,0.508322,2.008116
677,0.545303,0.410836
805,0.547425,0.561501
156,0.504642,1.033392
430,0.571487,1.549134
692,0.562186,1.196446
246,0.524925,0.995677
158,0.665338,2.786333
968,0.507219,1.063999
800,0.516889,0.809389
362,0.612330,1.805915
822,0.515241,0.719632
806,0.510574,1.038297
266,0.762627,0.844469
474,0.517707,1.533479
443,0.539373,1.787902
350,0.577883,2.496816
19,0.509863,0.525206
937,0.595041,1.691704
115,0.515831,1.477526
297,0.492661,0.853290
548,0.569582,1.976519
616,0.628096,1.900718
169,0.611758,0.783970
963,0.508874,2.815638
761,0.561839,1.586245
418,0.578692,0.516803
922,0.507236,1.606832
422,0.526456,1.053770
252,0.583414,1.179452
69,0.525909,0.734275
311,0.679161,1.568655
674,0.585825,1.937266
596,0.569350,1.109976
988,0.726881,2.122945
579,0.492758,1.132325
732,0.606650,0.928203
528,0.646415,0.446900
659,0.639766,2.331200
614,0.564651,1.973351
745,0.524391,3.028675
151,0.595642,0.972157
478,0.571520,2.279062
909,0.592630,0.986436
114,0.516707,1.707157
380,0.516457,0.792378
9,0.501532,0.934300
797,0.538184,0.492896
971,0.704929,1.385199
833,0.507880,1.877933
982,0.630728,2.109683
930,0.517978,2.446263
138,0.577095,0.747728
371,0.615552,2.468548
0,0.577200,1.490108
244,0.559982,0.821443
529,0.550764,0.875584
690,0.525264,1.519187
136,0.561762,2.079686
13,0.555060,1.267681
691,0.631425,1.056565
410,0.511285,0.541002
708,0.519085,1.867294
147,0.517357,0.799751
681,0.516591,2.696487
575,0.506340,1.263418
849,0.551021,1.393875
93,0.582133,1.387870
456,0.562169,1.410775
125,0.559882,0.884107
847,0.651958,2.073201
462,0.622199,1.055584
128,0.619165,1.936640
221,0.510703,0.577549
520,0.570143,1.404041
167,0.573576,1.575826
770,0.508716,1.257735
619,0.587804,0.667967
142,0.586080,1.495143
837,0.510765,1.546580
463,0.589591,1.073363
296,0.578836,1.813865
591,0.629474,3.205345
637,0.579310,0.476902
911,0.573081,1.169901
286,0.516092,0.665735
886,0.629104,0.964292
368,0.509418,0.614718
615,0.572360,1.757536
866,0.512811,0.991636
334,0.659503,0.833838
764,0.522446,1.099454
313,0.498563,0.852673
487,0.637871,1.803556
351,0.563375,1.248061
52,0.504222,0.882941
881,0.579943,0.248861
782,0.691196,3.320639
201,0.623415,2.335576
846,0.580686,1.731115
180,0.573521,1.388778
475,0.578518,0.540732
702,0.682250,0.819982
347,0.631147,1.551548
31,0.719098,1.530149
376,0.684608,2.767380
7,0.641399,0.744468
365,0.662202,1.635312
634,0.639896,1.737897
567,0.568912,0.352867
848,0.648677,1.878827
152,0.586010,1.552991
72,0.609387,1.068089
876,0.639612,1.405201
613,0.631560,0.798044
327,0.578378,1.299017
537,0.631367,2.074919
43,0.587480,1.118689
154,0.586354,1.714007
658,0.747075,1.184139
323,0.639754,1.092294
467,0.570926,1.369398
278,0.674199,1.872473
165,0.592881,1.474409
625,0.587539,0.367686
654,0.588703,1.008496
508,0.700018,1.346822
500,0.632520,0.729316
923,0.586335,1.525799
393,0.588265,1.463225
145,0.748078,1.412522
260,0.680293,1.661503
223,0.823971,1.651374
621,0.598158,1.471523
576,0.747385,2.068872
161,0.734413,1.528274
990,0.561852,1.475357
640,0.571493,0.952099
648,0.630252,1.592958
778,0.611232,1.343439
247,0.669554,0.730781
206,0.568291,0.927820
860,0.580047,0.426864
799,0.661426,0.908155
171,0.568974,0.701220
972,0.609601,0.538086
949,0.616702,0.490434
162,0.571518,1.099090
369,0.647535,1.326547
586,0.574828,0.747081
643,0.588012,1.593921
177,0.687472,0.790940
524,0.623794,1.110492
964,0.597418,1.338937
194,0.682349,1.041853
734,0.623852,0.870834
129,0.648575,1.039862
913,0.580700,0.225468
40,0.571564,1.600307
527,0.668155,1.460787
100,0.571664,1.572841
518,0.621998,2.101964
442,0.576983,0.666493
602,0.631677,1.061894
70,0.692560,1.151382
339,0.578673,1.181349
105,0.570699,2.556124
841,0.640582,0.289633
428,0.587960,0.693363
89,0.625175,0.415991
237,0.577108,0.535025
349,0.641080,1.377361
346,0.739102,2.083072
26,0.591407,1.308389
944,0.695069,1.090571
419,0.570836,0.595958
211,0.588178,0.310043
821,0.585350,1.237499
598,0.641124,2.214628
574,0.685236,1.812331
869,0.624816,2.054613
852,0.675316,0.739266
927,0.570007,1.326401
289,0.630950,1.661902
391,0.703511,1.589381
277,0.586738,1.320263
265,0.696262,1.171663
572,0.648232,1.585535
435,0.587709,0.722555
683,0.577522,1.296221
424,0.587494,0.982182
495,0.570582,1.836000
765,0.668980,1.162617
835,0.684398,2.458494
15,0.676561,2.181559
203,0.614986,1.286938
538,0.577533,0.904902
262,0.578247,0.698083
23,0.587649,1.511400
144,0.628500,1.742757
186,0.587384,0.787809
227,0.578966,0.889903
24,0.571094,0.661036
12,0.564215,2.061351
815,0.566110,0.788170
926,0.552090,1.085254
891,0.703389,0.745832
989,0.617607,1.044370
68,0.623725,0.772984
473,0.585704,1.351332
488,0.633564,1.061905
352,0.625744,1.722693
618,0.634116,1.286706
212,0.647578,0.596026
651,0.659563,1.026312
880,0.709355,0.922848
813,0.619488,1.148168
597,0.608229,0.474833
906,0.740394,1.049685
11,0.716950,2.294608
714,0.705074,1.268573
302,0.570643,0.503553
222,0.573756,1.322558
184,0.562793,2.721579
646,0.633892,0.975502
731,0.745755,1.779486
636,0.562577,1.285648
217,0.617010,0.795846
34,0.678707,1.365397
96,0.571277,1.060904
940,0.572113,1.011984
699,0.574203,1.761820
748,0.573124,1.247165
867,0.622384,1.152863
933,0.571614,2.745360
459,0.670671,1.717502
711,0.589621,0.954228
775,0.572351,2.533734
973,0.586711,1.444353
807,0.569481,2.698576
224,0.670215,0.655116
392,0.576138,1.539789
589,0.578802,0.769394
48,0.622482,1.864914
809,0.697163,1.431545
431,0.624833,1.392476
341,0.642504,1.298354
84,0.669818,1.120882
21,0.569339,0.981627
793,0.641334,1.983470
685,0.616016,1.204677
868,0.685573,0.872317
517,0.699783,1.738883
383,0.795260,1.338859
952,0.579763,1.688480
663,0.745086,2.320986
627,0.695017,1.280870
703,0.582497,0.515955
220,0.596962,1.520767
861,0.615105,2.545600
814,0.657397,1.552614
607,0.772962,1.077472
667,0.639821,0.306375
899,0.625274,1.495666
781,0.579102,1.024629
497,0.687069,1.591369
753,0.686808,1.421214
414,0.560679,2.149861
1,0.737536,0.831918
423,0.572909,1.180825
234,0.571714,1.076042
104,0.604551,0.816387
536,0.634382,1.303125
742,0.634713,0.269903
139,0.618390,1.129956
426,0.633065,1.283673
164,0.556297,0.488303
684,0.661758,0.875591
132,0.632841,2.079801
620,0.663248,1.137402
787,0.632211,1.281396
60,0.632485,1.273609
551,0.652457,1.726892
998,0.587966,1.535706
103,0.665707,0.459866
131,0.631927,2.418382
704,0.632673,1.003941
42,0.569918,0.547743
912,0.743599,0.180486
859,0.675910,0.745453
767,0.693979,1.641653
274,0.694406,2.140179
496,0.631164,1.078594
83,0.644840,0.816391
738,0.675798,1.948628
78,0.612598,1.100726
205,0.736011,1.088474
200,0.663879,0.952434
Average Cost: 3.974000
Accuracy: 87.600000
Accuracy 0: 100.000000
Cost 0: 3.000000
Accuracy 1: 100.000000
Cost 1: 3.000000
Accuracy 2: 100.000000
Cost 2: 3.000000
Accuracy 3: 100.000000
Cost 3: 3.000000
Accuracy 4: 100.000000
Cost 4: 3.000000
Accuracy 5: 100.000000
Cost 5: 3.000000
Accuracy 6: 100.000000
Cost 6: 3.000000
Accuracy 7: 100.000000
Cost 7: 3.000000
Accuracy 8: 100.000000
Cost 8: 3.000000
Accuracy 9: 100.000000
Cost 9: 3.000000
