Number of Worker Pools: 1
Number of Workers in Pool 1: 1000
Original mean,standardDev for Pool 1: 4.000000,0.300000
Number of Workers in Pool 2: 1000
Original mean,standardDev for Pool 2: 3.500000,0.200000
Number of Problems: 1000
ProblemNo,Answer,TrueAnswer,Cost,Difficulty,TrueDifficulty
0,0,0,4.000000,0.500000,0.500000
1,0,1,5.000000,0.800000,0.500000
2,1,1,4.000000,0.500000,0.500000
3,1,1,4.000000,0.500000,0.500000
4,0,0,3.000000,0.000000,0.500000
5,0,1,3.000000,0.000000,0.500000
6,1,1,7.000000,0.900000,0.500000
7,0,0,3.000000,0.000000,0.500000
8,0,0,3.000000,0.000000,0.500000
9,0,0,6.000000,0.900000,0.500000
10,1,1,4.000000,0.500000,0.500000
11,1,1,3.000000,0.000000,0.500000
12,1,1,5.000000,0.800000,0.500000
13,0,0,4.000000,0.500000,0.500000
14,1,1,5.000000,0.800000,0.500000
15,1,1,4.000000,0.500000,0.500000
16,0,0,3.000000,0.000000,0.500000
17,1,1,5.000000,0.800000,0.500000
18,1,0,6.000000,0.900000,0.500000
19,1,1,3.000000,0.000000,0.500000
20,0,0,3.000000,0.000000,0.500000
21,0,0,4.000000,0.500000,0.500000
22,1,1,3.000000,0.000000,0.500000
23,0,0,3.000000,0.000000,0.500000
24,0,0,3.000000,0.000000,0.500000
25,0,0,4.000000,0.500000,0.500000
26,0,0,4.000000,0.500000,0.500000
27,1,1,3.000000,0.000000,0.500000
28,1,1,6.000000,0.800000,0.500000
29,0,0,4.000000,0.500000,0.500000
30,1,0,5.000000,0.800000,0.500000
31,1,1,4.000000,0.500000,0.500000
32,1,1,6.000000,0.800000,0.500000
33,1,1,6.000000,0.800000,0.500000
34,0,1,4.000000,0.500000,0.500000
35,1,1,4.000000,0.500000,0.500000
36,0,0,4.000000,0.500000,0.500000
37,1,1,4.000000,0.500000,0.500000
38,0,0,3.000000,0.000000,0.500000
39,1,1,4.000000,0.500000,0.500000
40,1,1,4.000000,0.500000,0.500000
41,1,1,4.000000,0.500000,0.500000
42,0,0,3.000000,0.000000,0.500000
43,0,0,3.000000,0.000000,0.500000
44,0,0,5.000000,0.800000,0.500000
45,1,1,10.000000,0.900000,0.500000
46,0,0,6.000000,1.000000,0.500000
47,1,1,7.000000,0.700000,0.500000
48,1,1,5.000000,0.800000,0.500000
49,1,1,3.000000,0.000000,0.500000
50,0,0,7.000000,0.900000,0.500000
51,0,0,3.000000,0.000000,0.500000
52,1,1,3.000000,0.000000,0.500000
53,0,0,4.000000,0.500000,0.500000
54,1,1,3.000000,0.000000,0.500000
55,0,0,4.000000,0.500000,0.500000
56,0,0,4.000000,0.500000,0.500000
57,1,1,3.000000,0.000000,0.500000
58,1,1,3.000000,0.000000,0.500000
59,0,0,4.000000,0.500000,0.500000
60,1,1,3.000000,0.000000,0.500000
61,1,1,3.000000,0.000000,0.500000
62,0,0,3.000000,0.000000,0.500000
63,0,0,5.000000,0.800000,0.500000
64,1,1,4.000000,0.500000,0.500000
65,1,0,5.000000,0.800000,0.500000
66,1,0,4.000000,0.500000,0.500000
67,0,0,6.000000,0.800000,0.500000
68,0,0,3.000000,0.000000,0.500000
69,0,0,5.000000,0.800000,0.500000
70,1,1,3.000000,0.000000,0.500000
71,0,0,3.000000,0.000000,0.500000
72,1,1,3.000000,0.000000,0.500000
73,0,0,4.000000,0.500000,0.500000
74,0,0,3.000000,0.000000,0.500000
75,1,1,4.000000,0.500000,0.500000
76,0,0,3.000000,0.000000,0.500000
77,0,0,3.000000,0.000000,0.500000
78,1,1,4.000000,0.500000,0.500000
79,1,1,3.000000,0.000000,0.500000
80,0,0,4.000000,0.500000,0.500000
81,1,1,4.000000,0.500000,0.500000
82,0,0,6.000000,0.800000,0.500000
83,1,1,3.000000,0.000000,0.500000
84,1,1,3.000000,0.000000,0.500000
85,0,0,7.000000,0.700000,0.500000
86,0,0,5.000000,0.800000,0.500000
87,1,1,5.000000,0.800000,0.500000
88,0,0,4.000000,0.500000,0.500000
89,0,0,4.000000,0.500000,0.500000
90,1,1,3.000000,0.000000,0.500000
91,0,0,6.000000,0.800000,0.500000
92,1,1,3.000000,0.000000,0.500000
93,1,1,3.000000,0.000000,0.500000
94,1,1,4.000000,0.500000,0.500000
95,0,0,3.000000,0.000000,0.500000
96,1,1,5.000000,0.800000,0.500000
97,1,0,6.000000,0.800000,0.500000
98,0,0,4.000000,0.500000,0.500000
99,1,1,5.000000,0.800000,0.500000
100,1,1,4.000000,0.500000,0.500000
101,1,1,4.000000,0.500000,0.500000
102,0,0,4.000000,0.500000,0.500000
103,1,1,4.000000,0.500000,0.500000
104,1,1,6.000000,0.900000,0.500000
105,1,1,3.000000,0.000000,0.500000
106,1,1,3.000000,0.000000,0.500000
107,0,0,4.000000,0.500000,0.500000
108,1,1,3.000000,0.000000,0.500000
109,0,0,4.000000,0.500000,0.500000
110,1,1,3.000000,0.000000,0.500000
111,1,1,4.000000,0.500000,0.500000
112,1,0,4.000000,0.500000,0.500000
113,1,1,4.000000,0.500000,0.500000
114,0,0,3.000000,0.000000,0.500000
115,1,1,4.000000,0.500000,0.500000
116,1,1,3.000000,0.000000,0.500000
117,1,0,5.000000,0.800000,0.500000
118,0,0,3.000000,0.000000,0.500000
119,0,0,3.000000,0.000000,0.500000
120,1,1,3.000000,0.000000,0.500000
121,1,1,3.000000,0.000000,0.500000
122,0,0,5.000000,0.800000,0.500000
123,0,0,3.000000,0.000000,0.500000
124,1,1,5.000000,0.800000,0.500000
125,0,0,3.000000,0.000000,0.500000
126,0,0,5.000000,0.800000,0.500000
127,0,0,5.000000,0.800000,0.500000
128,0,0,3.000000,0.000000,0.500000
129,1,1,4.000000,0.500000,0.500000
130,1,0,4.000000,0.500000,0.500000
131,0,0,4.000000,0.500000,0.500000
132,0,0,4.000000,0.500000,0.500000
133,1,1,4.000000,0.500000,0.500000
134,0,0,3.000000,0.000000,0.500000
135,0,0,4.000000,0.500000,0.500000
136,0,0,4.000000,0.500000,0.500000
137,1,1,3.000000,0.000000,0.500000
138,1,1,4.000000,0.500000,0.500000
139,1,1,3.000000,0.000000,0.500000
140,1,1,4.000000,0.500000,0.500000
141,1,1,7.000000,0.900000,0.500000
142,0,0,3.000000,0.000000,0.500000
143,1,1,5.000000,0.800000,0.500000
144,1,1,5.000000,0.800000,0.500000
145,0,0,3.000000,0.000000,0.500000
146,1,1,3.000000,0.000000,0.500000
147,0,0,4.000000,0.500000,0.500000
148,0,0,4.000000,0.500000,0.500000
149,0,0,6.000000,0.800000,0.500000
150,1,1,4.000000,0.500000,0.500000
151,1,1,5.000000,0.800000,0.500000
152,1,1,3.000000,0.000000,0.500000
153,1,0,4.000000,0.500000,0.500000
154,1,1,3.000000,0.000000,0.500000
155,0,0,3.000000,0.000000,0.500000
156,1,1,3.000000,0.000000,0.500000
157,1,1,3.000000,0.000000,0.500000
158,0,0,4.000000,0.500000,0.500000
159,1,0,5.000000,0.800000,0.500000
160,1,0,4.000000,0.900000,0.500000
161,1,1,3.000000,0.000000,0.500000
162,0,0,4.000000,0.500000,0.500000
163,1,1,4.000000,0.500000,0.500000
164,0,0,4.000000,0.500000,0.500000
165,1,0,3.000000,0.000000,0.500000
166,1,1,5.000000,0.800000,0.500000
167,1,1,4.000000,0.500000,0.500000
168,0,0,3.000000,0.000000,0.500000
169,0,0,3.000000,0.000000,0.500000
170,0,0,3.000000,0.000000,0.500000
171,0,0,3.000000,0.000000,0.500000
172,1,0,4.000000,0.500000,0.500000
173,1,1,5.000000,0.800000,0.500000
174,0,0,4.000000,0.500000,0.500000
175,1,1,4.000000,0.500000,0.500000
176,1,1,4.000000,0.500000,0.500000
177,0,0,3.000000,0.000000,0.500000
178,0,0,4.000000,0.500000,0.500000
179,1,1,4.000000,0.500000,0.500000
180,0,0,4.000000,0.500000,0.500000
181,0,0,5.000000,0.800000,0.500000
182,0,0,4.000000,0.500000,0.500000
183,1,1,4.000000,0.500000,0.500000
184,1,1,5.000000,0.800000,0.500000
185,0,0,3.000000,0.000000,0.500000
186,1,1,4.000000,0.500000,0.500000
187,1,1,4.000000,0.500000,0.500000
188,0,0,4.000000,0.500000,0.500000
189,1,1,4.000000,0.500000,0.500000
190,1,1,5.000000,0.800000,0.500000
191,0,0,3.000000,0.000000,0.500000
192,0,0,4.000000,0.500000,0.500000
193,0,0,4.000000,0.500000,0.500000
194,1,1,3.000000,0.000000,0.500000
195,0,0,4.000000,0.500000,0.500000
196,0,0,3.000000,0.000000,0.500000
197,1,1,4.000000,0.500000,0.500000
198,0,0,3.000000,0.000000,0.500000
199,1,1,3.000000,0.000000,0.500000
200,1,1,4.000000,0.500000,0.500000
201,0,0,3.000000,0.000000,0.500000
202,0,0,5.000000,0.800000,0.500000
203,0,0,4.000000,0.500000,0.500000
204,1,1,3.000000,0.000000,0.500000
205,0,1,5.000000,0.800000,0.500000
206,1,1,4.000000,0.500000,0.500000
207,1,1,3.000000,0.000000,0.500000
208,1,1,4.000000,0.500000,0.500000
209,0,0,3.000000,0.000000,0.500000
210,0,0,3.000000,0.000000,0.500000
211,1,1,5.000000,0.800000,0.500000
212,1,1,3.000000,0.000000,0.500000
213,1,1,4.000000,0.500000,0.500000
214,0,0,4.000000,0.500000,0.500000
215,0,0,3.000000,0.000000,0.500000
216,0,0,3.000000,0.000000,0.500000
217,1,1,4.000000,0.500000,0.500000
218,1,1,3.000000,0.000000,0.500000
219,0,0,4.000000,0.500000,0.500000
220,0,0,4.000000,0.500000,0.500000
221,1,1,5.000000,0.800000,0.500000
222,0,0,4.000000,0.500000,0.500000
223,0,0,3.000000,0.000000,0.500000
224,1,1,6.000000,0.800000,0.500000
225,1,1,3.000000,0.000000,0.500000
226,1,1,4.000000,0.500000,0.500000
227,0,0,6.000000,0.800000,0.500000
228,0,0,5.000000,0.800000,0.500000
229,1,1,3.000000,0.000000,0.500000
230,0,0,5.000000,0.800000,0.500000
231,1,1,4.000000,0.500000,0.500000
232,0,0,4.000000,0.500000,0.500000
233,1,0,4.000000,0.500000,0.500000
234,0,0,3.000000,0.000000,0.500000
235,0,0,3.000000,0.000000,0.500000
236,0,0,3.000000,0.000000,0.500000
237,1,1,4.000000,0.500000,0.500000
238,0,0,3.000000,0.000000,0.500000
239,0,0,6.000000,0.800000,0.500000
240,0,0,5.000000,0.800000,0.500000
241,1,1,3.000000,0.000000,0.500000
242,0,0,5.000000,0.800000,0.500000
243,1,1,3.000000,0.000000,0.500000
244,1,1,3.000000,0.000000,0.500000
245,0,0,3.000000,0.000000,0.500000
246,1,1,3.000000,0.000000,0.500000
247,0,0,5.000000,0.800000,0.500000
248,0,0,4.000000,0.500000,0.500000
249,0,0,3.000000,0.000000,0.500000
250,0,1,4.000000,0.500000,0.500000
251,1,1,5.000000,0.800000,0.500000
252,1,1,4.000000,0.500000,0.500000
253,1,1,3.000000,0.000000,0.500000
254,0,0,3.000000,0.000000,0.500000
255,1,1,3.000000,0.000000,0.500000
256,0,1,6.000000,0.800000,0.500000
257,0,0,5.000000,0.800000,0.500000
258,1,1,3.000000,0.000000,0.500000
259,0,0,4.000000,0.500000,0.500000
260,0,0,3.000000,0.000000,0.500000
261,0,0,3.000000,0.000000,0.500000
262,1,1,5.000000,0.800000,0.500000
263,0,0,4.000000,0.500000,0.500000
264,1,1,3.000000,0.000000,0.500000
265,1,1,4.000000,0.600000,0.500000
266,0,0,4.000000,0.500000,0.500000
267,1,1,4.000000,0.500000,0.500000
268,1,1,4.000000,0.500000,0.500000
269,0,0,3.000000,0.000000,0.500000
270,0,0,4.000000,0.500000,0.500000
271,1,1,3.000000,0.000000,0.500000
272,1,1,4.000000,0.500000,0.500000
273,1,1,3.000000,0.000000,0.500000
274,0,0,3.000000,0.000000,0.500000
275,0,0,4.000000,0.500000,0.500000
276,1,0,7.000000,0.900000,0.500000
277,1,1,5.000000,0.800000,0.500000
278,0,0,4.000000,0.500000,0.500000
279,0,0,4.000000,0.500000,0.500000
280,0,0,4.000000,0.500000,0.500000
281,0,0,3.000000,0.000000,0.500000
282,1,1,3.000000,0.000000,0.500000
283,0,0,4.000000,0.500000,0.500000
284,0,0,3.000000,0.000000,0.500000
285,0,1,4.000000,0.500000,0.500000
286,0,0,3.000000,0.000000,0.500000
287,0,0,3.000000,0.000000,0.500000
288,0,0,10.000000,1.000000,0.500000
289,0,0,3.000000,0.000000,0.500000
290,1,1,3.000000,0.000000,0.500000
291,0,0,3.000000,0.000000,0.500000
292,1,1,3.000000,0.000000,0.500000
293,1,1,4.000000,0.500000,0.500000
294,0,0,4.000000,0.500000,0.500000
295,1,1,3.000000,0.000000,0.500000
296,0,0,3.000000,0.000000,0.500000
297,1,1,3.000000,0.000000,0.500000
298,0,1,4.000000,0.500000,0.500000
299,1,1,3.000000,0.000000,0.500000
300,1,1,3.000000,0.000000,0.500000
301,1,1,4.000000,0.500000,0.500000
302,0,0,4.000000,0.500000,0.500000
303,0,0,3.000000,0.000000,0.500000
304,1,1,4.000000,0.500000,0.500000
305,1,1,4.000000,0.500000,0.500000
306,1,0,5.000000,0.800000,0.500000
307,1,1,4.000000,0.500000,0.500000
308,1,1,4.000000,0.500000,0.500000
309,0,0,3.000000,0.000000,0.500000
310,0,0,4.000000,0.500000,0.500000
311,0,1,4.000000,0.500000,0.500000
312,1,1,4.000000,0.500000,0.500000
313,0,0,10.000000,0.900000,0.500000
314,1,1,3.000000,0.000000,0.500000
315,0,0,4.000000,0.500000,0.500000
316,1,0,3.000000,0.000000,0.500000
317,1,1,3.000000,0.000000,0.500000
318,0,0,6.000000,0.800000,0.500000
319,1,1,3.000000,0.000000,0.500000
320,0,1,3.000000,0.000000,0.500000
321,0,0,4.000000,0.500000,0.500000
322,0,0,7.000000,0.900000,0.500000
323,0,1,4.000000,0.500000,0.500000
324,1,1,3.000000,0.000000,0.500000
325,1,1,4.000000,0.500000,0.500000
326,1,1,3.000000,0.000000,0.500000
327,1,1,5.000000,0.800000,0.500000
328,1,1,4.000000,0.500000,0.500000
329,0,0,4.000000,0.500000,0.500000
330,1,1,3.000000,0.000000,0.500000
331,0,0,3.000000,0.000000,0.500000
332,1,1,3.000000,0.000000,0.500000
333,1,1,3.000000,0.000000,0.500000
334,0,0,3.000000,0.000000,0.500000
335,1,1,4.000000,0.500000,0.500000
336,1,1,3.000000,0.000000,0.500000
337,0,1,4.000000,0.500000,0.500000
338,0,0,4.000000,0.500000,0.500000
339,0,0,3.000000,0.000000,0.500000
340,1,1,4.000000,0.500000,0.500000
341,0,0,4.000000,0.500000,0.500000
342,1,1,3.000000,0.000000,0.500000
343,1,1,5.000000,0.800000,0.500000
344,0,0,3.000000,0.000000,0.500000
345,0,0,3.000000,0.000000,0.500000
346,1,1,5.000000,0.800000,0.500000
347,0,0,3.000000,0.000000,0.500000
348,1,1,4.000000,0.500000,0.500000
349,0,0,4.000000,0.500000,0.500000
350,1,0,3.000000,0.000000,0.500000
351,0,0,4.000000,0.500000,0.500000
352,1,1,7.000000,0.700000,0.500000
353,0,0,3.000000,0.000000,0.500000
354,1,1,3.000000,0.000000,0.500000
355,1,1,4.000000,0.500000,0.500000
356,0,0,4.000000,0.500000,0.500000
357,1,1,10.000000,0.900000,0.500000
358,1,0,4.000000,0.500000,0.500000
359,1,1,3.000000,0.000000,0.500000
360,1,1,4.000000,0.500000,0.500000
361,1,1,3.000000,0.000000,0.500000
362,0,1,4.000000,0.500000,0.500000
363,1,1,7.000000,0.900000,0.500000
364,0,0,5.000000,0.800000,0.500000
365,1,1,3.000000,0.000000,0.500000
366,1,1,3.000000,0.000000,0.500000
367,1,0,5.000000,0.800000,0.500000
368,1,1,4.000000,0.500000,0.500000
369,0,0,4.000000,0.500000,0.500000
370,0,0,4.000000,0.500000,0.500000
371,1,1,4.000000,0.500000,0.500000
372,0,0,3.000000,0.000000,0.500000
373,1,1,4.000000,0.500000,0.500000
374,0,0,3.000000,0.000000,0.500000
375,0,0,3.000000,0.000000,0.500000
376,0,1,5.000000,0.800000,0.500000
377,1,1,3.000000,0.000000,0.500000
378,1,1,4.000000,0.500000,0.500000
379,1,1,5.000000,0.800000,0.500000
380,1,1,3.000000,0.000000,0.500000
381,0,0,3.000000,0.000000,0.500000
382,1,0,4.000000,0.500000,0.500000
383,0,0,3.000000,0.000000,0.500000
384,1,1,3.000000,0.000000,0.500000
385,1,1,3.000000,0.000000,0.500000
386,1,1,4.000000,0.500000,0.500000
387,1,1,4.000000,0.500000,0.500000
388,1,1,4.000000,0.500000,0.500000
389,1,1,6.000000,0.800000,0.500000
390,0,0,3.000000,0.000000,0.500000
391,0,0,3.000000,0.000000,0.500000
392,0,0,7.000000,0.700000,0.500000
393,0,0,3.000000,0.000000,0.500000
394,0,0,3.000000,0.000000,0.500000
395,0,0,9.000000,0.900000,0.500000
396,0,0,3.000000,0.000000,0.500000
397,0,0,3.000000,0.000000,0.500000
398,1,1,4.000000,0.500000,0.500000
399,0,0,3.000000,0.000000,0.500000
400,1,1,4.000000,0.500000,0.500000
401,1,1,4.000000,0.500000,0.500000
402,0,0,4.000000,0.500000,0.500000
403,0,1,3.000000,0.000000,0.500000
404,0,0,3.000000,0.000000,0.500000
405,0,0,3.000000,0.000000,0.500000
406,1,1,5.000000,0.800000,0.500000
407,1,1,4.000000,0.500000,0.500000
408,1,0,5.000000,0.800000,0.500000
409,0,0,4.000000,0.500000,0.500000
410,0,1,5.000000,0.800000,0.500000
411,0,0,3.000000,0.000000,0.500000
412,0,0,3.000000,0.000000,0.500000
413,1,1,5.000000,0.800000,0.500000
414,0,1,5.000000,0.800000,0.500000
415,1,1,4.000000,0.500000,0.500000
416,1,1,4.000000,0.500000,0.500000
417,0,0,5.000000,0.800000,0.500000
418,0,0,3.000000,0.000000,0.500000
419,1,1,3.000000,0.000000,0.500000
420,1,1,4.000000,0.500000,0.500000
421,1,1,6.000000,0.800000,0.500000
422,0,0,3.000000,0.000000,0.500000
423,1,1,6.000000,0.900000,0.500000
424,1,1,3.000000,0.000000,0.500000
425,0,1,3.000000,0.000000,0.500000
426,0,0,4.000000,0.500000,0.500000
427,0,0,5.000000,0.800000,0.500000
428,0,0,3.000000,0.000000,0.500000
429,1,1,3.000000,0.000000,0.500000
430,1,1,4.000000,0.500000,0.500000
431,0,0,4.000000,0.500000,0.500000
432,0,1,5.000000,0.800000,0.500000
433,1,1,3.000000,0.000000,0.500000
434,1,1,3.000000,0.000000,0.500000
435,0,0,4.000000,0.500000,0.500000
436,0,0,3.000000,0.000000,0.500000
437,0,0,4.000000,0.500000,0.500000
438,0,0,4.000000,0.500000,0.500000
439,1,1,4.000000,0.500000,0.500000
440,1,0,5.000000,0.800000,0.500000
441,1,1,4.000000,0.500000,0.500000
442,0,0,3.000000,0.000000,0.500000
443,1,1,3.000000,0.000000,0.500000
444,1,1,5.000000,0.800000,0.500000
445,1,1,3.000000,0.000000,0.500000
446,0,0,3.000000,0.000000,0.500000
447,1,1,4.000000,0.500000,0.500000
448,1,1,3.000000,0.000000,0.500000
449,1,1,3.000000,0.000000,0.500000
450,0,0,5.000000,0.800000,0.500000
451,0,0,5.000000,0.800000,0.500000
452,1,1,3.000000,0.000000,0.500000
453,0,0,4.000000,0.500000,0.500000
454,0,0,3.000000,0.000000,0.500000
455,0,0,3.000000,0.000000,0.500000
456,1,0,4.000000,0.500000,0.500000
457,1,1,3.000000,0.000000,0.500000
458,1,1,5.000000,0.800000,0.500000
459,0,0,7.000000,0.900000,0.500000
460,1,1,7.000000,0.900000,0.500000
461,0,0,7.000000,0.900000,0.500000
462,0,0,6.000000,0.800000,0.500000
463,1,1,4.000000,0.500000,0.500000
464,0,0,6.000000,0.800000,0.500000
465,1,1,3.000000,0.000000,0.500000
466,0,0,3.000000,0.000000,0.500000
467,0,0,3.000000,0.000000,0.500000
468,0,0,4.000000,0.500000,0.500000
469,1,1,3.000000,0.000000,0.500000
470,0,0,4.000000,0.500000,0.500000
471,1,1,3.000000,0.000000,0.500000
472,1,1,3.000000,0.000000,0.500000
473,1,1,4.000000,0.500000,0.500000
474,0,0,4.000000,0.500000,0.500000
475,0,0,4.000000,0.500000,0.500000
476,0,0,5.000000,0.800000,0.500000
477,0,0,3.000000,0.000000,0.500000
478,1,1,3.000000,0.000000,0.500000
479,1,1,3.000000,0.000000,0.500000
480,1,1,3.000000,0.000000,0.500000
481,1,1,4.000000,0.500000,0.500000
482,1,1,7.000000,0.900000,0.500000
483,0,0,4.000000,0.500000,0.500000
484,1,1,5.000000,0.800000,0.500000
485,0,0,4.000000,0.500000,0.500000
486,0,0,3.000000,0.000000,0.500000
487,0,0,3.000000,0.000000,0.500000
488,1,0,4.000000,0.500000,0.500000
489,1,1,4.000000,0.500000,0.500000
490,0,1,4.000000,0.500000,0.500000
491,1,1,5.000000,0.800000,0.500000
492,1,1,4.000000,0.500000,0.500000
493,0,0,3.000000,0.000000,0.500000
494,1,1,4.000000,0.500000,0.500000
495,1,1,4.000000,0.500000,0.500000
496,1,1,4.000000,0.500000,0.500000
497,0,1,3.000000,0.000000,0.500000
498,1,1,4.000000,0.500000,0.500000
499,0,0,3.000000,0.000000,0.500000
500,1,1,3.000000,0.000000,0.500000
501,0,0,4.000000,0.500000,0.500000
502,1,1,4.000000,0.500000,0.500000
503,1,0,4.000000,0.500000,0.500000
504,0,0,4.000000,0.500000,0.500000
505,1,1,3.000000,0.000000,0.500000
506,0,0,4.000000,0.500000,0.500000
507,1,1,4.000000,0.500000,0.500000
508,0,0,6.000000,0.900000,0.500000
509,0,0,3.000000,0.000000,0.500000
510,1,1,4.000000,0.500000,0.500000
511,0,0,5.000000,0.800000,0.500000
512,1,1,4.000000,0.500000,0.500000
513,0,0,6.000000,0.800000,0.500000
514,0,0,5.000000,0.800000,0.500000
515,1,1,3.000000,0.000000,0.500000
516,0,0,3.000000,0.000000,0.500000
517,0,0,4.000000,0.500000,0.500000
518,1,1,3.000000,0.000000,0.500000
519,0,0,3.000000,0.000000,0.500000
520,1,0,3.000000,0.000000,0.500000
521,0,0,6.000000,0.800000,0.500000
522,1,1,3.000000,0.000000,0.500000
523,0,0,3.000000,0.000000,0.500000
524,0,0,3.000000,0.000000,0.500000
525,0,0,3.000000,0.000000,0.500000
526,1,1,5.000000,0.800000,0.500000
527,1,1,5.000000,0.800000,0.500000
528,1,1,5.000000,0.800000,0.500000
529,0,0,4.000000,0.500000,0.500000
530,0,0,3.000000,0.000000,0.500000
531,1,1,6.000000,0.800000,0.500000
532,1,0,4.000000,0.500000,0.500000
533,0,0,5.000000,0.800000,0.500000
534,1,1,3.000000,0.000000,0.500000
535,0,0,3.000000,0.000000,0.500000
536,0,0,5.000000,0.800000,0.500000
537,0,1,4.000000,0.500000,0.500000
538,0,0,3.000000,0.000000,0.500000
539,1,1,4.000000,0.500000,0.500000
540,0,0,3.000000,0.000000,0.500000
541,1,1,3.000000,0.000000,0.500000
542,1,1,6.000000,0.800000,0.500000
543,1,1,3.000000,0.000000,0.500000
544,0,0,4.000000,0.500000,0.500000
545,0,0,3.000000,0.000000,0.500000
546,0,0,3.000000,0.000000,0.500000
547,1,1,3.000000,0.000000,0.500000
548,1,1,3.000000,0.000000,0.500000
549,0,0,5.000000,0.800000,0.500000
550,0,0,3.000000,0.000000,0.500000
551,0,0,3.000000,0.000000,0.500000
552,0,0,4.000000,0.500000,0.500000
553,1,1,5.000000,0.800000,0.500000
554,1,1,7.000000,0.900000,0.500000
555,0,1,4.000000,0.500000,0.500000
556,0,0,6.000000,0.900000,0.500000
557,0,0,4.000000,0.500000,0.500000
558,0,0,5.000000,0.800000,0.500000
559,0,0,3.000000,0.000000,0.500000
560,0,0,4.000000,0.500000,0.500000
561,1,1,5.000000,0.800000,0.500000
562,0,0,3.000000,0.000000,0.500000
563,1,1,3.000000,0.000000,0.500000
564,1,1,3.000000,0.000000,0.500000
565,0,0,4.000000,0.500000,0.500000
566,0,0,4.000000,0.500000,0.500000
567,0,0,3.000000,0.000000,0.500000
568,1,1,4.000000,0.500000,0.500000
569,1,1,3.000000,0.000000,0.500000
570,0,0,3.000000,0.000000,0.500000
571,1,1,3.000000,0.000000,0.500000
572,0,0,3.000000,0.000000,0.500000
573,1,1,6.000000,0.800000,0.500000
574,1,1,4.000000,0.500000,0.500000
575,1,1,3.000000,0.000000,0.500000
576,0,0,7.000000,0.800000,0.500000
577,0,0,3.000000,0.000000,0.500000
578,1,1,3.000000,0.000000,0.500000
579,0,0,5.000000,0.800000,0.500000
580,0,0,3.000000,0.000000,0.500000
581,1,1,4.000000,0.500000,0.500000
582,1,1,4.000000,0.500000,0.500000
583,1,1,4.000000,0.500000,0.500000
584,0,0,3.000000,0.000000,0.500000
585,1,1,4.000000,0.500000,0.500000
586,0,1,4.000000,0.500000,0.500000
587,0,0,3.000000,0.000000,0.500000
588,1,1,3.000000,0.000000,0.500000
589,1,1,6.000000,0.800000,0.500000
590,1,1,4.000000,0.500000,0.500000
591,0,0,4.000000,0.500000,0.500000
592,0,0,4.000000,0.500000,0.500000
593,0,1,4.000000,0.500000,0.500000
594,0,0,8.000000,0.900000,0.500000
595,1,1,4.000000,0.500000,0.500000
596,1,1,3.000000,0.000000,0.500000
597,0,0,4.000000,0.500000,0.500000
598,0,0,3.000000,0.000000,0.500000
599,1,0,3.000000,0.000000,0.500000
600,1,1,3.000000,0.000000,0.500000
601,0,0,3.000000,0.000000,0.500000
602,0,0,3.000000,0.000000,0.500000
603,0,0,3.000000,0.000000,0.500000
604,0,0,3.000000,0.000000,0.500000
605,0,0,5.000000,0.800000,0.500000
606,0,0,4.000000,0.500000,0.500000
607,1,1,5.000000,0.800000,0.500000
608,1,1,3.000000,0.000000,0.500000
609,0,0,5.000000,0.800000,0.500000
610,0,0,3.000000,0.000000,0.500000
611,1,1,4.000000,0.500000,0.500000
612,1,1,4.000000,0.500000,0.500000
613,1,1,3.000000,0.000000,0.500000
614,1,1,6.000000,0.800000,0.500000
615,1,1,4.000000,0.500000,0.500000
616,0,1,6.000000,0.900000,0.500000
617,1,1,7.000000,0.900000,0.500000
618,1,1,4.000000,0.500000,0.500000
619,1,1,3.000000,0.000000,0.500000
620,1,1,3.000000,0.000000,0.500000
621,1,0,3.000000,0.000000,0.500000
622,1,0,4.000000,0.500000,0.500000
623,1,1,4.000000,0.500000,0.500000
624,0,0,4.000000,0.500000,0.500000
625,0,0,3.000000,0.000000,0.500000
626,0,0,3.000000,0.000000,0.500000
627,1,1,3.000000,0.000000,0.500000
628,1,0,4.000000,0.500000,0.500000
629,1,1,4.000000,0.500000,0.500000
630,1,1,4.000000,0.500000,0.500000
631,1,1,3.000000,0.000000,0.500000
632,1,1,3.000000,0.000000,0.500000
633,1,0,3.000000,0.000000,0.500000
634,0,0,3.000000,0.000000,0.500000
635,1,1,3.000000,0.000000,0.500000
636,0,0,4.000000,0.500000,0.500000
637,0,0,3.000000,0.000000,0.500000
638,0,0,4.000000,0.500000,0.500000
639,1,1,3.000000,0.000000,0.500000
640,0,0,4.000000,0.500000,0.500000
641,1,1,3.000000,0.000000,0.500000
642,1,1,3.000000,0.000000,0.500000
643,0,0,3.000000,0.000000,0.500000
644,1,1,3.000000,0.000000,0.500000
645,1,1,5.000000,0.800000,0.500000
646,0,0,4.000000,0.500000,0.500000
647,1,1,4.000000,0.500000,0.500000
648,1,1,5.000000,0.800000,0.500000
649,1,0,4.000000,0.500000,0.500000
650,0,0,4.000000,0.500000,0.500000
651,0,1,4.000000,0.500000,0.500000
652,0,0,6.000000,0.800000,0.500000
653,1,1,3.000000,0.000000,0.500000
654,0,0,4.000000,0.500000,0.500000
655,0,0,4.000000,0.500000,0.500000
656,0,1,4.000000,0.500000,0.500000
657,1,0,4.000000,0.500000,0.500000
658,0,0,4.000000,0.500000,0.500000
659,1,1,3.000000,0.000000,0.500000
660,1,0,4.000000,0.500000,0.500000
661,0,1,4.000000,0.500000,0.500000
662,0,0,5.000000,0.800000,0.500000
663,0,0,3.000000,0.000000,0.500000
664,0,1,3.000000,0.000000,0.500000
665,1,1,4.000000,0.500000,0.500000
666,0,0,3.000000,0.000000,0.500000
667,0,0,4.000000,0.500000,0.500000
668,0,0,3.000000,0.000000,0.500000
669,1,1,3.000000,0.000000,0.500000
670,1,1,3.000000,0.000000,0.500000
671,1,1,6.000000,0.800000,0.500000
672,1,1,4.000000,0.500000,0.500000
673,1,1,3.000000,0.000000,0.500000
674,0,0,4.000000,0.500000,0.500000
675,1,1,5.000000,0.800000,0.500000
676,1,1,4.000000,0.500000,0.500000
677,1,1,5.000000,0.800000,0.500000
678,0,0,4.000000,0.500000,0.500000
679,0,0,3.000000,0.000000,0.500000
680,0,0,4.000000,0.500000,0.500000
681,1,1,3.000000,0.000000,0.500000
682,0,0,3.000000,0.000000,0.500000
683,0,0,3.000000,0.000000,0.500000
684,1,1,3.000000,0.000000,0.500000
685,0,0,3.000000,0.000000,0.500000
686,1,1,6.000000,0.800000,0.500000
687,1,0,6.000000,1.000000,0.500000
688,1,1,4.000000,0.500000,0.500000
689,1,1,3.000000,0.000000,0.500000
690,0,0,5.000000,0.800000,0.500000
691,1,1,4.000000,0.500000,0.500000
692,0,1,4.000000,0.500000,0.500000
693,1,1,5.000000,0.800000,0.500000
694,1,1,3.000000,0.000000,0.500000
695,1,1,3.000000,0.000000,0.500000
696,1,1,3.000000,0.000000,0.500000
697,1,1,4.000000,0.500000,0.500000
698,1,1,6.000000,0.800000,0.500000
699,1,1,4.000000,0.500000,0.500000
700,1,0,4.000000,0.500000,0.500000
701,0,0,10.000000,1.000000,0.500000
702,0,0,7.000000,0.700000,0.500000
703,0,0,4.000000,0.500000,0.500000
704,0,0,3.000000,0.000000,0.500000
705,0,0,3.000000,0.000000,0.500000
706,1,1,5.000000,0.800000,0.500000
707,1,0,4.000000,0.500000,0.500000
708,0,0,3.000000,0.000000,0.500000
709,1,1,4.000000,0.500000,0.500000
710,1,1,3.000000,0.000000,0.500000
711,1,1,3.000000,0.000000,0.500000
712,1,1,4.000000,0.500000,0.500000
713,0,1,4.000000,0.500000,0.500000
714,0,0,3.000000,0.000000,0.500000
715,1,1,3.000000,0.000000,0.500000
716,1,1,3.000000,0.000000,0.500000
717,1,0,5.000000,0.800000,0.500000
718,0,0,4.000000,0.500000,0.500000
719,1,1,3.000000,0.000000,0.500000
720,0,0,5.000000,0.800000,0.500000
721,0,0,3.000000,0.000000,0.500000
722,0,0,3.000000,0.000000,0.500000
723,0,1,5.000000,0.800000,0.500000
724,0,1,3.000000,0.000000,0.500000
725,0,0,3.000000,0.000000,0.500000
726,1,1,4.000000,0.500000,0.500000
727,1,1,4.000000,0.500000,0.500000
728,0,1,8.000000,0.900000,0.500000
729,0,0,3.000000,0.000000,0.500000
730,1,1,3.000000,0.000000,0.500000
731,1,0,5.000000,0.800000,0.500000
732,0,0,3.000000,0.000000,0.500000
733,1,1,7.000000,0.900000,0.500000
734,1,1,3.000000,0.000000,0.500000
735,0,0,6.000000,0.900000,0.500000
736,0,0,5.000000,0.800000,0.500000
737,0,0,3.000000,0.000000,0.500000
738,1,1,3.000000,0.000000,0.500000
739,1,1,3.000000,0.000000,0.500000
740,1,1,3.000000,0.000000,0.500000
741,1,0,7.000000,0.900000,0.500000
742,0,1,4.000000,0.500000,0.500000
743,0,0,3.000000,0.000000,0.500000
744,1,1,3.000000,0.000000,0.500000
745,0,0,3.000000,0.000000,0.500000
746,0,1,4.000000,0.500000,0.500000
747,0,0,5.000000,0.800000,0.500000
748,0,0,4.000000,0.500000,0.500000
749,1,1,5.000000,0.800000,0.500000
750,1,1,4.000000,0.500000,0.500000
751,1,1,3.000000,0.000000,0.500000
752,0,0,4.000000,0.500000,0.500000
753,0,0,4.000000,0.500000,0.500000
754,0,0,7.000000,0.900000,0.500000
755,1,1,3.000000,0.000000,0.500000
756,0,0,3.000000,0.000000,0.500000
757,1,1,4.000000,0.500000,0.500000
758,1,1,5.000000,0.800000,0.500000
759,0,0,6.000000,0.800000,0.500000
760,1,1,4.000000,0.500000,0.500000
761,0,0,3.000000,0.000000,0.500000
762,1,1,6.000000,0.800000,0.500000
763,0,1,4.000000,0.500000,0.500000
764,1,1,3.000000,0.000000,0.500000
765,0,0,4.000000,0.500000,0.500000
766,1,1,4.000000,0.500000,0.500000
767,0,0,4.000000,0.500000,0.500000
768,1,1,5.000000,0.800000,0.500000
769,0,0,3.000000,0.000000,0.500000
770,0,0,3.000000,0.000000,0.500000
771,1,1,3.000000,0.000000,0.500000
772,1,1,6.000000,0.900000,0.500000
773,1,1,3.000000,0.000000,0.500000
774,1,1,3.000000,0.000000,0.500000
775,1,0,6.000000,0.800000,0.500000
776,1,1,3.000000,0.000000,0.500000
777,1,1,4.000000,0.500000,0.500000
778,0,1,6.000000,0.800000,0.500000
779,1,0,5.000000,0.800000,0.500000
780,0,0,3.000000,0.000000,0.500000
781,0,0,4.000000,0.500000,0.500000
782,0,0,6.000000,0.800000,0.500000
783,1,0,6.000000,0.900000,0.500000
784,1,1,5.000000,0.800000,0.500000
785,1,1,5.000000,0.800000,0.500000
786,1,1,8.000000,0.900000,0.500000
787,0,0,4.000000,0.500000,0.500000
788,0,0,3.000000,0.000000,0.500000
789,0,0,5.000000,0.800000,0.500000
790,0,0,4.000000,0.500000,0.500000
791,0,0,3.000000,0.000000,0.500000
792,0,0,3.000000,0.000000,0.500000
793,1,1,3.000000,0.000000,0.500000
794,0,0,4.000000,0.500000,0.500000
795,1,1,3.000000,0.000000,0.500000
796,1,1,6.000000,0.800000,0.500000
797,0,0,5.000000,0.800000,0.500000
798,1,1,5.000000,0.800000,0.500000
799,0,0,3.000000,0.000000,0.500000
800,1,1,3.000000,0.000000,0.500000
801,1,1,3.000000,0.000000,0.500000
802,0,0,4.000000,0.500000,0.500000
803,0,0,7.000000,0.900000,0.500000
804,1,0,3.000000,0.000000,0.500000
805,0,0,4.000000,0.500000,0.500000
806,0,0,5.000000,0.800000,0.500000
807,0,0,3.000000,0.000000,0.500000
808,1,1,8.000000,0.900000,0.500000
809,0,0,3.000000,0.000000,0.500000
810,1,1,6.000000,0.800000,0.500000
811,1,1,4.000000,0.500000,0.500000
812,0,0,4.000000,0.500000,0.500000
813,1,1,3.000000,0.000000,0.500000
814,1,1,3.000000,0.000000,0.500000
815,0,0,3.000000,0.000000,0.500000
816,1,1,4.000000,0.500000,0.500000
817,0,0,4.000000,0.500000,0.500000
818,1,1,4.000000,0.500000,0.500000
819,1,1,5.000000,0.800000,0.500000
820,1,1,3.000000,0.000000,0.500000
821,1,0,5.000000,0.800000,0.500000
822,1,1,4.000000,0.500000,0.500000
823,1,1,3.000000,0.000000,0.500000
824,0,0,4.000000,0.500000,0.500000
825,1,1,4.000000,0.500000,0.500000
826,0,0,3.000000,0.000000,0.500000
827,0,0,3.000000,0.000000,0.500000
828,1,1,4.000000,0.500000,0.500000
829,0,0,4.000000,0.500000,0.500000
830,0,1,5.000000,0.800000,0.500000
831,1,1,3.000000,0.000000,0.500000
832,1,1,4.000000,0.500000,0.500000
833,0,0,4.000000,0.500000,0.500000
834,1,1,4.000000,0.500000,0.500000
835,1,1,3.000000,0.000000,0.500000
836,0,0,3.000000,0.000000,0.500000
837,1,1,4.000000,0.500000,0.500000
838,1,1,4.000000,0.500000,0.500000
839,0,1,7.000000,0.900000,0.500000
840,1,0,5.000000,0.800000,0.500000
841,1,1,5.000000,0.800000,0.500000
842,1,1,3.000000,0.000000,0.500000
843,0,0,4.000000,0.500000,0.500000
844,0,0,4.000000,0.500000,0.500000
845,0,0,4.000000,0.500000,0.500000
846,0,0,3.000000,0.000000,0.500000
847,1,1,3.000000,0.000000,0.500000
848,1,1,3.000000,0.000000,0.500000
849,0,0,3.000000,0.000000,0.500000
850,0,0,3.000000,0.000000,0.500000
851,0,0,3.000000,0.000000,0.500000
852,0,0,3.000000,0.000000,0.500000
853,1,1,3.000000,0.000000,0.500000
854,0,0,5.000000,0.800000,0.500000
855,1,1,3.000000,0.000000,0.500000
856,1,1,4.000000,0.500000,0.500000
857,0,0,4.000000,0.500000,0.500000
858,1,0,5.000000,0.800000,0.500000
859,0,0,6.000000,0.800000,0.500000
860,0,0,3.000000,0.000000,0.500000
861,1,1,3.000000,0.000000,0.500000
862,0,0,4.000000,0.500000,0.500000
863,0,0,5.000000,0.800000,0.500000
864,1,0,7.000000,0.900000,0.500000
865,0,0,4.000000,0.500000,0.500000
866,1,1,4.000000,0.600000,0.500000
867,1,1,3.000000,0.000000,0.500000
868,1,1,3.000000,0.000000,0.500000
869,0,0,4.000000,0.500000,0.500000
870,0,0,5.000000,0.800000,0.500000
871,0,0,3.000000,0.000000,0.500000
872,1,1,3.000000,0.000000,0.500000
873,0,1,6.000000,0.800000,0.500000
874,0,0,4.000000,0.500000,0.500000
875,0,0,4.000000,0.500000,0.500000
876,1,1,3.000000,0.000000,0.500000
877,0,0,3.000000,0.000000,0.500000
878,0,0,4.000000,0.500000,0.500000
879,1,0,5.000000,0.800000,0.500000
880,0,1,7.000000,0.700000,0.500000
881,1,1,4.000000,0.500000,0.500000
882,1,1,6.000000,0.800000,0.500000
883,1,1,3.000000,0.000000,0.500000
884,0,0,3.000000,0.000000,0.500000
885,0,0,3.000000,0.000000,0.500000
886,0,0,3.000000,0.000000,0.500000
887,1,1,5.000000,0.800000,0.500000
888,0,0,3.000000,0.000000,0.500000
889,1,1,3.000000,0.000000,0.500000
890,1,1,3.000000,0.000000,0.500000
891,0,0,4.000000,0.500000,0.500000
892,1,1,4.000000,0.500000,0.500000
893,1,1,3.000000,0.000000,0.500000
894,0,0,4.000000,0.500000,0.500000
895,1,1,4.000000,0.500000,0.500000
896,0,0,3.000000,0.000000,0.500000
897,1,1,3.000000,0.000000,0.500000
898,1,1,4.000000,0.500000,0.500000
899,1,1,4.000000,0.500000,0.500000
900,1,1,4.000000,0.500000,0.500000
901,0,0,9.000000,0.900000,0.500000
902,1,1,3.000000,0.000000,0.500000
903,0,0,3.000000,0.000000,0.500000
904,1,1,8.000000,1.000000,0.500000
905,1,1,3.000000,0.000000,0.500000
906,0,0,6.000000,0.800000,0.500000
907,0,1,5.000000,0.800000,0.500000
908,1,1,3.000000,0.000000,0.500000
909,0,0,3.000000,0.000000,0.500000
910,0,0,3.000000,0.000000,0.500000
911,0,0,5.000000,0.800000,0.500000
912,1,1,4.000000,0.500000,0.500000
913,1,1,3.000000,0.000000,0.500000
914,1,1,3.000000,0.000000,0.500000
915,0,0,4.000000,0.500000,0.500000
916,0,0,3.000000,0.000000,0.500000
917,0,0,4.000000,0.500000,0.500000
918,0,0,3.000000,0.000000,0.500000
919,1,1,3.000000,0.000000,0.500000
920,0,0,3.000000,0.000000,0.500000
921,1,1,4.000000,0.500000,0.500000
922,0,0,3.000000,0.000000,0.500000
923,1,1,3.000000,0.000000,0.500000
924,1,1,4.000000,0.500000,0.500000
925,1,1,3.000000,0.000000,0.500000
926,1,1,4.000000,0.500000,0.500000
927,1,1,6.000000,0.900000,0.500000
928,0,0,4.000000,0.500000,0.500000
929,0,0,3.000000,0.000000,0.500000
930,0,0,4.000000,0.500000,0.500000
931,1,1,3.000000,0.000000,0.500000
932,0,0,4.000000,0.500000,0.500000
933,0,1,5.000000,0.800000,0.500000
934,1,1,4.000000,0.500000,0.500000
935,0,0,6.000000,0.800000,0.500000
936,1,0,7.000000,0.900000,0.500000
937,0,0,4.000000,0.500000,0.500000
938,0,0,4.000000,0.500000,0.500000
939,0,0,4.000000,0.500000,0.500000
940,0,0,3.000000,0.000000,0.500000
941,0,0,4.000000,0.500000,0.500000
942,1,1,9.000000,0.900000,0.500000
943,1,1,4.000000,0.500000,0.500000
944,1,1,3.000000,0.000000,0.500000
945,1,1,4.000000,0.500000,0.500000
946,0,0,3.000000,0.000000,0.500000
947,0,0,6.000000,0.800000,0.500000
948,0,1,5.000000,0.800000,0.500000
949,0,0,3.000000,0.000000,0.500000
950,0,0,4.000000,0.500000,0.500000
951,0,0,8.000000,0.900000,0.500000
952,1,1,7.000000,0.700000,0.500000
953,0,0,6.000000,0.800000,0.500000
954,0,0,3.000000,0.000000,0.500000
955,0,0,4.000000,0.500000,0.500000
956,0,0,5.000000,0.800000,0.500000
957,1,1,4.000000,0.500000,0.500000
958,0,0,12.000000,1.000000,0.500000
959,0,0,5.000000,0.800000,0.500000
960,0,0,3.000000,0.000000,0.500000
961,0,0,5.000000,0.800000,0.500000
962,1,1,3.000000,0.000000,0.500000
963,0,0,4.000000,0.500000,0.500000
964,0,0,4.000000,0.500000,0.500000
965,0,1,4.000000,0.500000,0.500000
966,1,1,3.000000,0.000000,0.500000
967,1,1,4.000000,0.500000,0.500000
968,1,1,5.000000,0.800000,0.500000
969,1,1,3.000000,0.000000,0.500000
970,1,1,5.000000,0.800000,0.500000
971,1,0,4.000000,0.500000,0.500000
972,0,0,3.000000,0.000000,0.500000
973,1,1,6.000000,0.900000,0.500000
974,1,1,3.000000,0.000000,0.500000
975,1,1,4.000000,0.500000,0.500000
976,1,1,4.000000,0.500000,0.500000
977,0,0,4.000000,0.500000,0.500000
978,1,1,4.000000,0.500000,0.500000
979,0,0,3.000000,0.000000,0.500000
980,0,0,3.000000,0.000000,0.500000
981,0,0,7.000000,0.900000,0.500000
982,1,1,4.000000,0.500000,0.500000
983,0,0,4.000000,0.500000,0.500000
984,0,0,6.000000,0.900000,0.500000
985,1,1,4.000000,0.500000,0.500000
986,0,1,4.000000,0.500000,0.500000
987,1,1,3.000000,0.000000,0.500000
988,0,0,3.000000,0.000000,0.500000
989,0,0,6.000000,0.800000,0.500000
990,1,0,7.000000,0.900000,0.500000
991,1,0,5.000000,0.800000,0.500000
992,1,1,3.000000,0.000000,0.500000
993,1,1,3.000000,0.000000,0.500000
994,0,0,5.000000,0.800000,0.500000
995,0,1,4.000000,0.500000,0.500000
996,0,0,4.000000,0.500000,0.500000
997,1,1,4.000000,0.500000,0.500000
998,0,0,4.000000,0.500000,0.500000
999,0,0,4.000000,0.500000,0.500000
WorkerID,Gamma,TrueGamma
430,0.561306,1.549134
959,0.464731,0.507519
667,0.520021,0.306375
361,0.463622,3.035083
599,0.516114,1.738405
552,0.524346,2.829828
845,0.558634,0.832896
120,0.502779,1.786185
947,0.458824,1.183071
130,0.563232,0.631307
334,0.571612,0.833838
174,0.486685,0.537266
825,0.509634,1.224283
53,0.457532,2.530244
535,0.426690,1.212892
820,0.504201,0.622673
910,0.526938,1.559642
585,0.511024,1.091215
116,0.463976,1.179370
555,0.540086,1.016496
21,0.448113,0.981627
370,0.467165,0.658999
441,0.448990,0.772866
772,0.439981,1.706348
719,0.477852,1.300948
212,0.523067,0.596026
80,0.509682,1.174223
210,0.488835,1.019823
257,0.569121,1.358978
47,0.540073,1.418719
808,0.576308,0.888369
716,0.561412,1.739310
747,0.441868,0.910426
75,0.519306,0.694045
651,0.564127,1.026312
761,0.459682,1.586245
862,0.466703,1.457901
451,0.449766,0.478663
395,0.488652,1.096840
294,0.447948,1.510397
859,0.448612,0.745453
702,0.459421,0.819982
356,0.480879,1.515924
954,0.440978,0.884121
371,0.521365,2.468548
418,0.565257,0.516803
980,0.448252,1.183794
215,0.457318,1.859944
302,0.492397,0.503553
636,0.504560,1.285648
42,0.513982,0.547743
513,0.460086,1.022644
486,0.503093,1.474963
405,0.567172,0.974623
262,0.467084,0.698083
647,0.570894,1.329238
683,0.454507,1.296221
921,0.575851,1.039291
566,0.466563,2.215581
664,0.512387,1.996854
678,0.468104,0.628493
331,0.569123,0.829387
34,0.542120,1.365397
784,0.471838,0.205252
835,0.457173,2.458494
735,0.466437,0.978727
29,0.557897,0.895381
248,0.456776,0.934438
542,0.524530,1.208282
134,0.522532,0.921624
861,0.555497,2.545600
503,0.459124,0.669026
756,0.566942,0.867422
554,0.440000,0.606938
423,0.518855,1.180825
462,0.438739,1.055584
118,0.449976,0.142442
805,0.438595,0.561501
967,0.577522,0.433309
299,0.512761,1.188795
170,0.514318,1.053042
868,0.506308,0.872317
530,0.432619,0.413080
483,0.606160,1.661033
895,0.569824,0.997037
108,0.538195,1.424837
246,0.524034,0.995677
165,0.458137,1.474409
528,0.500702,0.446900
558,0.436005,2.178966
562,0.449042,0.676968
58,0.505084,0.816159
224,0.482297,0.655116
277,0.515012,1.320263
500,0.662485,0.729316
282,0.524705,1.446291
842,0.443125,1.577734
546,0.562108,0.844303
867,0.582669,1.152863
704,0.510756,1.003941
590,0.463004,0.989166
200,0.470664,0.952434
865,0.468294,1.056134
544,0.556479,1.094485
961,0.452745,0.858373
442,0.452061,0.666493
330,0.468063,1.703951
123,0.412578,2.212395
319,0.460324,0.689563
421,0.468939,1.789848
70,0.460006,1.151382
695,0.416159,1.609504
403,0.511219,0.931885
912,0.446081,0.180486
64,0.491255,0.930895
740,0.501495,1.363141
437,0.503536,0.130868
898,0.565283,2.137288
881,0.503764,0.248861
133,0.448273,0.299482
135,0.450445,2.037236
280,0.643970,1.241687
28,0.443790,0.758501
819,0.506095,1.209997
767,0.462190,1.641653
637,0.494538,0.476902
707,0.460174,1.350848
697,0.466873,0.717333
79,0.497703,1.295200
288,0.558815,0.762438
19,0.448751,0.525206
171,0.450730,0.701220
36,0.431792,0.543753
420,0.547207,1.569602
721,0.496526,0.839310
568,0.452757,1.879835
679,0.566355,0.906680
894,0.470667,0.627385
607,0.560149,1.077472
782,0.457682,3.320639
817,0.494954,0.472060
209,0.619394,1.449152
263,0.525987,1.266980
119,0.443774,1.484476
956,0.417060,0.689237
279,0.562608,1.983348
519,0.420916,0.616349
160,0.455513,1.078552
265,0.416885,1.171663
765,0.466202,1.162617
211,0.467117,0.310043
889,0.494314,1.145840
473,0.604481,1.351332
628,0.450739,1.829827
706,0.458422,0.640648
159,0.520126,0.872652
51,0.515017,2.536628
67,0.472833,0.758328
890,0.612316,1.052205
843,0.458330,1.259439
193,0.476622,1.672292
125,0.461071,0.884107
833,0.449448,1.877933
846,0.617361,1.731115
20,0.439355,1.481015
144,0.465547,1.742757
81,0.451958,1.031184
312,0.471091,0.917885
337,0.445362,0.844217
909,0.522692,0.986436
214,0.439330,0.730021
844,0.483291,0.788245
731,0.626836,1.779486
122,0.444799,0.464909
387,0.441894,1.194077
583,0.524175,0.528666
917,0.420141,0.514844
760,0.542096,0.829438
715,0.441566,1.080282
325,0.564908,1.418497
77,0.551236,0.791912
181,0.613842,2.659356
948,0.485328,1.594708
560,0.524733,1.506380
781,0.520902,1.024629
60,0.465806,1.273609
72,0.465958,1.068089
621,0.493333,1.471523
448,0.447864,1.239580
137,0.488424,2.479630
359,0.558222,1.710684
629,0.520126,0.960675
6,0.456405,1.516044
612,0.555983,1.480982
571,0.477091,1.091551
94,0.529264,0.768467
780,0.532520,3.014912
157,0.466537,0.579657
440,0.466946,0.245884
408,0.567306,1.574597
152,0.645859,1.552991
129,0.468377,1.039862
208,0.565580,1.142193
975,0.527221,2.104278
311,0.455735,1.568655
941,0.457832,0.920909
52,0.572284,0.882941
66,0.453649,0.454014
518,0.455875,2.101964
703,0.458450,0.515955
169,0.456459,0.783970
638,0.454129,0.881345
271,0.614469,2.484291
464,0.507908,0.988190
766,0.429504,1.272218
267,0.546712,0.700682
10,0.456055,0.506795
298,0.467901,1.619966
444,0.530609,1.801951
443,0.511778,1.787902
619,0.451059,0.667967
932,0.507593,0.462640
466,0.468140,2.084929
551,0.448268,1.726892
226,0.467856,2.124763
949,0.458242,0.490434
278,0.607844,1.872473
149,0.485562,1.271975
233,0.449464,1.947464
431,0.512873,1.392476
222,0.510931,1.322558
887,0.507807,1.223484
896,0.519670,1.198733
156,0.549515,1.033392
787,0.535514,1.281396
434,0.491899,0.447759
217,0.514071,0.795846
598,0.466283,2.214628
526,0.511435,1.454445
309,0.566878,1.185081
872,0.456304,0.780789
543,0.560994,0.788615
741,0.451498,1.465067
231,0.518178,2.313610
847,0.503194,2.073201
899,0.543841,1.495666
626,0.605683,1.228245
243,0.492424,1.088037
992,0.512334,1.030803
654,0.521292,1.008496
994,0.526732,1.282069
293,0.505466,1.070670
436,0.500032,0.618415
141,0.565064,0.915466
377,0.467632,0.637531
987,0.496254,0.857562
763,0.448131,1.696181
691,0.426918,1.056565
495,0.503807,1.836000
179,0.449790,1.561828
897,0.446654,1.609097
977,0.431692,0.712026
688,0.598173,1.321843
942,0.505342,0.604140
591,0.440194,3.205345
620,0.464908,1.137402
88,0.529488,1.279241
354,0.550741,1.145840
369,0.464291,1.326547
709,0.630752,1.227022
126,0.600557,2.008116
665,0.516602,0.567853
300,0.450922,0.360508
189,0.572318,0.470522
147,0.454894,0.799751
580,0.518508,1.000291
522,0.507594,1.906226
44,0.457030,1.201064
883,0.458147,0.718151
261,0.456911,0.794462
352,0.559029,1.722693
814,0.457144,1.552614
920,0.545037,1.024471
456,0.454124,1.410775
989,0.556040,1.044370
576,0.595304,2.068872
724,0.554282,0.709015
983,0.520223,0.552600
390,0.458537,1.483274
533,0.539689,0.468646
595,0.443395,0.601940
953,0.463979,1.780659
732,0.530793,0.928203
670,0.465438,0.491666
775,0.522579,2.533734
203,0.494085,1.286938
328,0.440638,1.131926
985,0.460283,1.600313
541,0.545233,0.939316
146,0.526032,1.005619
269,0.456030,1.645317
801,0.462748,1.831562
841,0.450564,0.289633
422,0.525894,1.053770
888,0.593931,0.519945
426,0.461669,1.283673
795,0.550370,2.354849
979,0.512435,0.857746
365,0.524485,1.635312
997,0.498450,0.488746
561,0.478340,0.968361
425,0.466711,0.521592
779,0.560893,1.724884
220,0.439937,1.520767
398,0.590640,0.668930
603,0.550148,1.124483
256,0.504380,1.628894
388,0.492058,0.849493
110,0.555439,1.550760
274,0.560951,2.140179
435,0.447239,0.722555
238,0.486929,1.480775
676,0.556140,1.083099
237,0.449573,0.535025
167,0.448534,1.575826
15,0.454395,2.181559
649,0.498650,0.984544
926,0.462831,1.085254
8,0.588336,2.054827
826,0.455293,0.417654
366,0.456605,0.381459
255,0.526592,0.507494
597,0.455385,0.474833
204,0.498502,0.744628
799,0.436739,0.908155
461,0.494902,0.932225
158,0.522388,2.786333
929,0.496288,0.369912
478,0.446790,2.279062
344,0.503513,1.338601
718,0.601976,1.335473
84,0.471132,1.120882
266,0.494973,0.844469
915,0.527144,0.259755
849,0.455943,1.393875
338,0.512389,1.370408
429,0.557713,2.298231
219,0.466972,1.516698
285,0.448588,1.543025
453,0.449907,1.474735
343,0.461305,0.691391
617,0.526405,0.922148
178,0.513495,1.123368
76,0.529113,1.065285
777,0.457642,0.904339
608,0.455813,0.777103
937,0.552740,1.691704
148,0.493958,0.107603
113,0.508275,0.827687
737,0.576010,1.154737
615,0.522917,1.757536
494,0.606742,1.098895
852,0.562864,0.739266
892,0.505202,0.809371
661,0.566086,0.945598
5,0.486898,0.307512
602,0.495428,1.061894
207,0.445606,1.036507
182,0.465653,1.712466
722,0.631606,1.596659
818,0.524400,0.429112
399,0.477757,1.273825
317,0.477125,1.036276
913,0.492179,0.225468
570,0.553720,2.192948
758,0.469917,0.897870
981,0.453824,0.780092
764,0.588717,1.099454
824,0.458395,2.069217
673,0.502454,0.941012
205,0.541770,1.088474
521,0.439470,1.530329
864,0.489753,1.961299
974,0.453175,0.917474
467,0.471585,1.369398
23,0.455582,1.511400
623,0.452961,1.125453
428,0.523659,0.693363
605,0.429895,0.255581
16,0.602465,2.396053
877,0.554563,0.690556
793,0.519130,1.983470
696,0.659451,1.094793
773,0.566130,1.295253
792,0.445556,0.687194
886,0.447710,0.964292
276,0.447884,0.405437
905,0.484592,1.563527
259,0.493297,1.802922
936,0.490340,1.370618
106,0.506960,0.980586
97,0.453587,1.242083
668,0.513127,0.979607
700,0.463401,0.982199
990,0.484400,1.475357
653,0.540000,1.766869
768,0.526252,1.433951
712,0.484572,1.190772
373,0.464197,0.610122
650,0.599463,1.343000
206,0.429297,0.927820
532,0.442884,0.415187
821,0.551546,1.237499
803,0.518381,0.222414
577,0.594305,2.215542
188,0.538645,1.459681
714,0.563382,1.268573
934,0.504999,0.334376
439,0.532725,0.793266
831,0.653600,0.434668
874,0.600420,1.729675
538,0.564278,0.904902
641,0.595256,0.464397
822,0.476585,0.719632
69,0.522766,0.734275
663,0.513031,2.320986
465,0.523771,0.515404
396,0.593117,1.755566
875,0.559219,0.821547
32,0.511788,0.815880
809,0.513199,1.431545
413,0.590580,0.745984
336,0.566114,1.214121
885,0.507137,0.998352
575,0.584778,1.263418
666,0.511711,0.602100
329,0.503655,2.197680
273,0.553101,0.684044
671,0.506875,1.247578
565,0.515807,0.525511
2,0.617947,1.769609
92,0.489920,0.477006
713,0.544798,1.527136
830,0.504530,0.379145
586,0.505716,0.747081
855,0.666748,1.752720
540,0.522476,0.530642
164,0.505790,0.488303
445,0.505275,1.927733
363,0.569596,0.519580
911,0.551013,1.169901
711,0.547951,0.954228
25,0.496105,0.647302
946,0.511651,0.829232
89,0.510120,0.415991
138,0.532151,0.747728
391,0.486419,1.589381
471,0.542634,1.718214
759,0.560002,3.260977
972,0.671358,0.538086
769,0.512356,0.780146
891,0.551423,0.745832
804,0.539079,1.631733
557,0.513983,2.092263
268,0.602809,1.263656
258,0.512884,1.257507
699,0.490373,1.761820
840,0.559624,1.253545
738,0.633707,1.948628
316,0.643665,0.907641
487,0.650708,1.803556
950,0.552804,2.017207
39,0.488165,0.222750
908,0.506403,0.204186
876,0.540612,1.405201
4,0.542792,0.741513
748,0.563343,1.247165
183,0.463478,2.188374
857,0.499913,0.903551
385,0.519574,1.611787
372,0.501954,0.777530
286,0.500421,0.665735
99,0.506861,0.774081
232,0.514380,0.567234
752,0.609703,1.499645
86,0.496142,1.306024
593,0.495769,0.599665
154,0.596962,1.714007
514,0.486740,0.933140
556,0.575394,0.991986
472,0.548379,1.399645
657,0.515080,0.848523
720,0.602559,1.207746
963,0.665395,2.815638
386,0.511411,0.391313
860,0.510275,0.426864
497,0.493830,1.591369
24,0.514859,0.661036
348,0.573376,0.350180
631,0.527874,2.639446
284,0.485909,0.723603
192,0.510462,0.762090
290,0.547599,1.616281
307,0.557968,1.147598
380,0.502433,0.792378
581,0.543069,0.792226
931,0.514467,1.156331
601,0.586307,0.872967
723,0.521728,2.002408
734,0.503653,0.870834
884,0.573979,1.298675
652,0.494002,0.791601
412,0.514244,1.317363
194,0.500807,1.041853
515,0.508751,0.655725
40,0.561422,1.600307
402,0.621185,2.058155
925,0.600472,0.661467
922,0.493412,1.606832
321,0.510085,1.855165
463,0.518364,1.073363
247,0.489918,0.730781
639,0.627521,1.072289
634,0.578099,1.737897
54,0.510263,0.490338
383,0.523255,1.338859
349,0.513975,1.377361
91,0.566891,0.636547
22,0.523848,0.819200
367,0.618669,0.860759
574,0.511083,1.812331
341,0.559037,1.298354
191,0.494629,1.275269
132,0.541154,2.079801
121,0.619725,1.074894
728,0.527322,1.412638
37,0.510753,1.989436
957,0.614350,1.303970
690,0.676802,1.519187
315,0.588170,1.120571
744,0.559985,1.046389
253,0.664722,1.625500
746,0.566184,0.600587
506,0.497119,0.456819
564,0.502343,0.469729
584,0.471731,1.867277
903,0.520932,1.279127
468,0.581154,0.917638
902,0.524642,1.178985
151,0.570205,0.972157
998,0.557671,1.535706
85,0.626419,3.888110
539,0.550774,0.624534
662,0.619411,1.279194
952,0.600294,1.688480
450,0.480778,1.612629
813,0.561066,1.148168
213,0.605196,0.395220
33,0.661512,1.317283
993,0.607187,3.026662
689,0.556964,1.495074
955,0.501833,0.823610
18,0.503002,0.476223
1,0.577160,0.831918
145,0.489005,1.412522
648,0.565766,1.592958
492,0.515203,1.579006
508,0.521835,1.346822
117,0.564436,1.068084
485,0.511965,1.030769
196,0.569664,1.062418
392,0.631435,1.539789
9,0.542881,0.934300
41,0.559981,0.818959
807,0.667076,2.698576
176,0.591119,1.233040
287,0.506047,1.385209
417,0.612399,0.878004
364,0.504104,2.483105
360,0.563467,0.447257
301,0.501937,0.906148
249,0.521820,1.656493
185,0.503514,1.154884
489,0.549857,0.981423
733,0.556523,1.260216
968,0.506158,1.063999
162,0.495300,1.099090
776,0.491714,0.709684
104,0.513464,0.816387
216,0.543078,1.825074
381,0.560886,0.709283
604,0.535497,2.814886
900,0.542279,0.655904
839,0.513389,0.673865
351,0.606505,1.248061
606,0.550933,0.779311
642,0.512248,0.970713
48,0.568158,1.864914
476,0.547590,0.977460
837,0.511881,1.546580
684,0.504058,0.875591
858,0.601767,0.610390
672,0.545306,1.112307
409,0.512837,2.141850
529,0.563236,0.875584
410,0.521812,0.541002
520,0.562370,1.404041
225,0.550240,1.810111
3,0.567517,1.065351
244,0.479396,0.821443
190,0.503770,0.826688
289,0.626980,1.661902
729,0.567235,0.915001
681,0.566483,2.696487
342,0.611065,1.121457
504,0.555922,1.663961
499,0.514255,1.021831
382,0.586522,1.169908
517,0.634571,1.738883
270,0.543324,2.449049
710,0.529750,0.884549
229,0.611933,1.625515
241,0.520211,0.824109
930,0.559618,2.446263
589,0.505243,0.769394
314,0.553868,2.094250
111,0.506291,0.593315
999,0.500907,1.508811
547,0.604225,0.931337
644,0.543852,0.609486
531,0.553041,0.887475
281,0.614433,1.100035
102,0.505250,0.458025
457,0.652283,1.658275
323,0.647142,1.092294
677,0.543601,0.410836
730,0.501251,0.645689
406,0.567942,0.239788
736,0.521567,2.011080
725,0.561301,1.200141
376,0.497782,2.767380
68,0.626503,0.772984
324,0.505570,0.567981
815,0.560927,0.788170
739,0.565892,1.350738
592,0.497889,1.516236
655,0.513258,0.810961
893,0.575114,1.353900
919,0.560246,2.102900
806,0.539289,1.038297
873,0.503692,1.508077
227,0.572009,0.889903
50,0.512396,0.272840
882,0.610942,0.780363
228,0.697075,1.698929
870,0.486709,1.319344
305,0.520348,1.574437
335,0.556437,1.053865
230,0.511971,0.527169
31,0.651966,1.530149
966,0.484627,0.872936
438,0.520549,0.613069
322,0.512201,1.293015
816,0.564281,1.106836
567,0.509569,0.352867
74,0.509677,1.033751
184,0.555370,2.721579
984,0.551227,1.381777
470,0.514011,1.818717
610,0.602087,1.248266
455,0.670662,1.256810
197,0.526526,1.364321
516,0.512892,0.552887
935,0.627712,0.893864
223,0.564908,1.651374
375,0.515930,0.206348
800,0.512651,0.809389
969,0.495465,0.469121
127,0.602620,0.791470
254,0.510107,1.183461
682,0.500695,0.793187
320,0.577037,1.841646
708,0.501730,1.867294
389,0.493405,1.414439
115,0.573691,1.477526
82,0.584043,0.995651
318,0.518878,1.280017
195,0.569984,1.055230
596,0.554893,1.109976
789,0.548445,1.143287
78,0.502020,1.100726
357,0.637698,2.327803
332,0.562314,1.297060
221,0.619418,0.577549
523,0.586684,1.834136
491,0.594937,0.636506
927,0.502581,1.326401
550,0.615416,1.591074
43,0.568165,1.118689
962,0.553507,0.488074
749,0.560929,0.664628
928,0.512242,0.512710
770,0.601669,1.257735
201,0.716170,2.335576
275,0.509169,0.461963
12,0.673142,2.061351
65,0.522298,0.760231
460,0.576872,1.114994
142,0.578224,1.495143
251,0.583605,0.490242
717,0.578463,0.974881
303,0.505653,2.220698
507,0.607664,3.038766
378,0.618735,0.942667
854,0.504328,0.854315
427,0.570512,0.963365
26,0.548667,1.308389
783,0.720028,3.119225
914,0.523346,0.831463
510,0.557518,0.909985
401,0.481743,2.154548
296,0.568556,1.813865
14,0.585192,0.994950
611,0.547387,1.014072
95,0.574750,1.386747
234,0.523886,1.076042
109,0.576196,2.112934
848,0.688847,1.878827
851,0.519538,1.033173
449,0.673121,1.162446
161,0.511778,1.528274
659,0.646907,2.331200
754,0.575841,0.786656
480,0.521150,1.498139
788,0.664583,3.362766
283,0.627977,1.782178
938,0.561168,0.469162
98,0.499035,0.717727
419,0.519618,0.595958
624,0.511542,0.374182
630,0.513565,0.574083
374,0.584418,0.798565
35,0.518666,1.028525
103,0.640366,0.459866
869,0.669377,2.054613
976,0.499971,0.903551
537,0.572888,2.074919
549,0.507475,0.440538
295,0.558300,0.651800
578,0.519083,3.571470
797,0.493277,0.492896
958,0.541373,0.306275
750,0.608573,0.937567
173,0.716642,1.821216
511,0.499601,1.439576
353,0.506102,1.528467
646,0.641483,0.975502
658,0.503464,1.184139
613,0.573594,0.798044
669,0.550356,1.297817
107,0.544643,2.207263
786,0.503627,0.846927
394,0.563432,1.507166
674,0.508246,1.937266
524,0.595332,1.110492
250,0.529676,0.212515
245,0.511481,1.137550
339,0.523102,1.181349
982,0.512354,2.109683
916,0.520206,1.579181
587,0.510997,0.949003
186,0.555034,0.787809
960,0.554830,0.909455
545,0.572458,0.638926
57,0.650605,1.155949
940,0.626562,1.011984
112,0.617055,0.538221
56,0.604190,1.877960
469,0.565644,0.955339
778,0.574130,1.343439
853,0.602405,0.413880
415,0.677173,0.874596
128,0.705167,1.936640
579,0.561196,1.132325
327,0.559615,1.299017
482,0.595167,0.819944
100,0.676209,1.572841
705,0.565415,0.789457
272,0.612462,1.145678
901,0.572813,0.657731
871,0.633819,1.309065
774,0.605470,1.040725
458,0.628726,1.518648
625,0.534971,0.367686
836,0.653754,0.990335
199,0.687229,0.997903
971,0.566303,1.385199
13,0.548592,1.267681
640,0.598415,0.952099
155,0.677943,0.885715
918,0.613503,0.696976
727,0.676301,1.153257
742,0.626773,0.269903
785,0.572182,0.538785
143,0.617326,0.541122
180,0.608567,1.388778
573,0.550929,1.102527
622,0.574574,0.432848
838,0.615351,1.525286
996,0.617882,1.268988
588,0.557719,0.404371
973,0.574311,1.444353
906,0.657409,1.049685
101,0.632088,0.896516
627,0.573815,1.280870
242,0.699966,1.271435
939,0.666556,0.776955
907,0.534965,0.762369
726,0.570923,0.598589
447,0.728748,1.950029
414,0.606395,2.149861
55,0.545980,0.449351
633,0.724819,1.235503
991,0.620936,1.538447
791,0.573604,1.127571
139,0.662034,1.129956
313,0.565491,0.852673
660,0.576498,0.495365
965,0.609871,0.998465
609,0.660123,1.553343
308,0.719277,1.366978
812,0.615479,1.055347
240,0.649915,1.760441
548,0.680064,1.976519
693,0.556406,0.854956
745,0.539473,3.028675
432,0.662154,1.965672
124,0.541055,0.619417
743,0.551381,0.625584
475,0.570544,0.540732
951,0.561469,0.481691
384,0.571654,0.831052
534,0.634646,2.348706
0,0.544110,1.490108
477,0.573715,1.343370
368,0.619214,0.614718
30,0.562391,0.728901
166,0.677552,2.120016
563,0.667642,0.754429
656,0.671645,1.106033
172,0.565036,1.189842
304,0.574043,3.674873
362,0.604781,1.805915
306,0.554217,0.361825
986,0.623885,1.678251
488,0.596175,1.061905
685,0.672640,1.204677
73,0.671080,1.744527
479,0.670179,2.120034
614,0.672921,1.973351
11,0.571353,2.294608
988,0.636305,2.122945
187,0.573521,1.877877
177,0.573224,0.790940
90,0.611522,1.205182
834,0.553287,1.506021
600,0.562785,0.546980
995,0.563574,0.964720
416,0.565291,0.603811
454,0.648614,0.910639
131,0.628299,2.418382
502,0.658903,0.191540
686,0.563905,1.538628
879,0.573117,1.163172
297,0.675265,0.853290
236,0.597205,2.308695
828,0.573288,1.022938
802,0.671315,0.874213
616,0.643689,1.900718
512,0.566134,1.374548
136,0.671851,2.079686
168,0.617419,0.709137
404,0.686342,1.728471
490,0.570475,1.922765
27,0.635239,2.264042
790,0.552721,0.550025
509,0.626561,1.681734
355,0.573900,0.931643
632,0.615337,1.195515
202,0.628329,1.060569
832,0.572952,1.043922
459,0.610134,1.717502
326,0.634140,0.638260
794,0.700170,1.844825
239,0.785188,1.675008
505,0.572622,2.204914
63,0.635888,0.567131
698,0.572590,0.890883
878,0.566528,1.728760
310,0.669587,0.946442
218,0.592920,0.272334
924,0.569266,0.996116
150,0.655079,1.788721
96,0.558180,1.060904
829,0.609571,1.802451
635,0.599563,1.404162
978,0.620092,4.183775
964,0.556868,1.338937
198,0.522562,2.359091
755,0.542079,0.751699
292,0.627426,1.544990
340,0.619264,1.272223
346,0.590032,2.083072
496,0.549148,1.078594
757,0.547079,0.722755
452,0.601790,0.439917
866,0.602816,0.991636
572,0.608673,1.585535
175,0.621438,0.669360
863,0.555928,1.192081
140,0.546226,2.004492
943,0.547950,1.728297
687,0.615714,1.410132
291,0.606244,1.970262
594,0.549395,2.183642
93,0.620506,1.387870
424,0.626200,0.982182
379,0.668205,1.488917
771,0.546063,0.402041
163,0.606953,1.152282
481,0.557615,3.173114
333,0.615696,2.542083
71,0.623712,0.516221
553,0.611233,0.923472
527,0.603094,1.460787
38,0.558065,0.434028
525,0.564155,1.323620
493,0.562909,1.546962
433,0.662052,0.576961
569,0.649891,0.992050
59,0.611340,1.067360
694,0.621059,1.169442
933,0.665660,2.745360
393,0.620176,1.463225
411,0.552492,0.300595
474,0.609698,1.533479
17,0.562428,0.756633
105,0.567043,2.556124
46,0.701275,0.868724
850,0.708566,0.390144
7,0.563057,0.744468
153,0.613463,0.892972
347,0.616982,1.551548
484,0.614528,2.460483
49,0.650048,1.930309
798,0.635008,0.684761
970,0.662346,0.786769
358,0.573782,0.997308
559,0.616377,1.610699
880,0.636400,0.922848
397,0.634400,0.863494
498,0.714445,1.560645
692,0.663402,1.196446
753,0.630638,1.421214
407,0.660258,1.120502
680,0.627506,0.943388
904,0.651229,2.289277
62,0.770796,1.092267
582,0.649065,2.496186
446,0.759778,0.542498
61,0.701164,0.712529
823,0.650304,0.502668
645,0.706889,0.444094
345,0.633927,1.798510
827,0.638506,2.060286
87,0.648210,0.631751
643,0.650352,1.593921
501,0.649891,0.801020
350,0.660642,2.496816
811,0.710247,1.809419
923,0.621152,1.525799
45,0.657889,2.912709
856,0.574408,1.394166
945,0.685544,0.934838
701,0.709548,0.901122
Average Cost: 3.994000
Accuracy: 89.600000
Accuracy 0: 100.000000
Cost 0: 3.000000
Accuracy 1: 100.000000
Cost 1: 3.000000
Accuracy 2: 100.000000
Cost 2: 3.000000
Accuracy 3: 100.000000
Cost 3: 3.000000
Accuracy 4: 100.000000
Cost 4: 3.000000
Accuracy 5: 100.000000
Cost 5: 3.000000
Accuracy 6: 100.000000
Cost 6: 3.000000
Accuracy 7: 100.000000
Cost 7: 3.000000
Accuracy 8: 100.000000
Cost 8: 3.000000
Accuracy 9: 100.000000
Cost 9: 3.000000
