Number of Worker Pools: 1
Number of Workers in Pool 1: 76
Original mean,standardDev for Pool 1: 4.000000,0.140000
Number of Workers in Pool 2: 76
Original mean,standardDev for Pool 2: 4.000000,0.140000
Number of Problems: 462
ProblemNo,Answer,TrueAnswer,Cost,Difficulty,TrueDifficulty
0,1,1,3.000000,0.000000,0.500000
1,0,0,3.000000,0.000000,0.500000
2,1,1,3.000000,0.000000,0.500000
3,1,1,4.000000,0.800000,0.500000
4,1,1,3.000000,0.000000,0.500000
5,1,1,3.000000,0.000000,0.500000
6,1,1,3.000000,0.000000,0.500000
7,1,1,3.000000,0.000000,0.500000
8,0,0,3.000000,0.000000,0.500000
9,0,0,3.000000,0.000000,0.500000
10,1,1,3.000000,0.000000,0.500000
11,0,0,4.000000,0.800000,0.500000
12,1,1,3.000000,0.000000,0.500000
13,1,1,3.000000,0.000000,0.500000
14,0,0,3.000000,0.000000,0.500000
15,1,1,3.000000,0.000000,0.500000
16,1,1,3.000000,0.000000,0.500000
17,0,0,3.000000,0.000000,0.500000
18,1,1,3.000000,0.000000,0.500000
19,1,1,4.000000,0.900000,0.500000
20,0,0,3.000000,0.000000,0.500000
21,1,1,3.000000,0.000000,0.500000
22,1,1,3.000000,0.000000,0.500000
23,0,0,3.000000,0.000000,0.500000
24,1,1,3.000000,0.000000,0.500000
25,0,0,3.000000,0.000000,0.500000
26,0,0,4.000000,0.800000,0.500000
27,0,0,3.000000,0.000000,0.500000
28,1,1,3.000000,0.000000,0.500000
29,1,1,4.000000,0.800000,0.500000
30,1,1,3.000000,0.000000,0.500000
31,1,1,3.000000,0.000000,0.500000
32,0,0,4.000000,0.900000,0.500000
33,0,0,3.000000,0.000000,0.500000
34,1,1,3.000000,0.000000,0.500000
35,1,1,4.000000,0.700000,0.500000
36,1,1,3.000000,0.000000,0.500000
37,1,1,4.000000,0.800000,0.500000
38,0,0,3.000000,0.000000,0.500000
39,1,1,3.000000,0.000000,0.500000
40,1,1,3.000000,0.000000,0.500000
41,0,0,8.000000,0.900000,0.500000
42,1,1,3.000000,0.000000,0.500000
43,0,0,6.000000,1.000000,0.500000
44,1,1,3.000000,0.000000,0.500000
45,1,1,3.000000,0.000000,0.500000
46,0,1,4.000000,0.900000,0.500000
47,1,1,3.000000,0.000000,0.500000
48,0,0,3.000000,0.000000,0.500000
49,1,1,3.000000,0.000000,0.500000
50,1,1,3.000000,0.000000,0.500000
51,0,0,3.000000,0.000000,0.500000
52,1,1,3.000000,0.000000,0.500000
53,1,1,3.000000,0.000000,0.500000
54,0,0,3.000000,0.000000,0.500000
55,1,1,3.000000,0.000000,0.500000
56,0,0,4.000000,0.700000,0.500000
57,0,0,3.000000,0.000000,0.500000
58,0,0,7.000000,0.900000,0.500000
59,0,0,4.000000,0.800000,0.500000
60,1,1,3.000000,0.000000,0.500000
61,0,0,4.000000,0.800000,0.500000
62,1,1,4.000000,0.800000,0.500000
63,0,0,3.000000,0.000000,0.500000
64,1,1,3.000000,0.000000,0.500000
65,1,1,3.000000,0.000000,0.500000
66,1,1,3.000000,0.000000,0.500000
67,0,0,3.000000,0.000000,0.500000
68,1,1,4.000000,0.800000,0.500000
69,0,0,3.000000,0.000000,0.500000
70,1,1,4.000000,0.800000,0.500000
71,0,0,4.000000,0.800000,0.500000
72,1,1,3.000000,0.000000,0.500000
73,1,1,4.000000,0.800000,0.500000
74,1,1,4.000000,0.800000,0.500000
75,0,0,3.000000,0.000000,0.500000
76,0,0,3.000000,0.000000,0.500000
77,1,1,4.000000,0.800000,0.500000
78,0,0,3.000000,0.000000,0.500000
79,1,1,4.000000,0.800000,0.500000
80,1,1,3.000000,0.000000,0.500000
81,1,1,3.000000,0.000000,0.500000
82,0,0,4.000000,0.800000,0.500000
83,0,0,3.000000,0.000000,0.500000
84,1,1,3.000000,0.000000,0.500000
85,0,0,3.000000,0.000000,0.500000
86,1,1,3.000000,0.000000,0.500000
87,1,1,3.000000,0.000000,0.500000
88,1,1,3.000000,0.000000,0.500000
89,1,1,3.000000,0.000000,0.500000
90,1,1,3.000000,0.000000,0.500000
91,1,1,4.000000,0.800000,0.500000
92,1,1,3.000000,0.000000,0.500000
93,1,1,3.000000,0.000000,0.500000
94,1,1,4.000000,0.800000,0.500000
95,1,1,3.000000,0.000000,0.500000
96,1,1,3.000000,0.000000,0.500000
97,1,1,4.000000,0.800000,0.500000
98,0,0,5.000000,0.900000,0.500000
99,0,1,5.000000,0.900000,0.500000
100,1,1,4.000000,0.800000,0.500000
101,1,1,3.000000,0.000000,0.500000
102,0,0,7.000000,1.000000,0.500000
103,1,1,4.000000,0.800000,0.500000
104,0,0,3.000000,0.000000,0.500000
105,1,1,4.000000,0.800000,0.500000
106,1,1,3.000000,0.000000,0.500000
107,0,0,3.000000,0.000000,0.500000
108,1,1,3.000000,0.000000,0.500000
109,1,1,4.000000,0.800000,0.500000
110,0,0,3.000000,0.000000,0.500000
111,1,0,3.000000,0.000000,0.500000
112,0,0,3.000000,0.000000,0.500000
113,0,0,3.000000,0.000000,0.500000
114,1,1,3.000000,0.000000,0.500000
115,1,1,7.000000,1.000000,0.500000
116,1,1,3.000000,0.000000,0.500000
117,1,1,4.000000,0.800000,0.500000
118,0,0,3.000000,0.000000,0.500000
119,1,1,4.000000,0.800000,0.500000
120,0,0,6.000000,0.900000,0.500000
121,1,1,8.000000,0.900000,0.500000
122,0,0,3.000000,0.000000,0.500000
123,1,1,3.000000,0.000000,0.500000
124,0,0,3.000000,0.000000,0.500000
125,1,1,4.000000,0.900000,0.500000
126,1,1,4.000000,0.800000,0.500000
127,1,1,4.000000,0.800000,0.500000
128,1,1,4.000000,0.900000,0.500000
129,0,0,3.000000,0.000000,0.500000
130,0,1,4.000000,0.900000,0.500000
131,0,0,11.000000,1.000000,0.500000
132,1,1,3.000000,0.000000,0.500000
133,1,1,3.000000,0.000000,0.500000
134,1,1,3.000000,0.000000,0.500000
135,0,0,3.000000,0.000000,0.500000
136,1,1,5.000000,0.900000,0.500000
137,0,0,4.000000,0.800000,0.500000
138,0,0,7.000000,0.900000,0.500000
139,1,1,7.000000,1.000000,0.500000
140,0,0,5.000000,0.900000,0.500000
141,0,0,3.000000,0.000000,0.500000
142,1,1,3.000000,0.000000,0.500000
143,1,1,3.000000,0.000000,0.500000
144,0,0,4.000000,0.800000,0.500000
145,1,1,3.000000,0.000000,0.500000
146,1,1,3.000000,0.000000,0.500000
147,1,1,5.000000,0.600000,0.500000
148,0,0,3.000000,0.000000,0.500000
149,0,0,3.000000,0.000000,0.500000
150,0,0,3.000000,0.000000,0.500000
151,0,0,6.000000,1.000000,0.500000
152,1,1,3.000000,0.000000,0.500000
153,1,1,5.000000,0.900000,0.500000
154,0,0,3.000000,0.000000,0.500000
155,0,0,3.000000,0.000000,0.500000
156,1,1,4.000000,0.800000,0.500000
157,0,0,3.000000,0.000000,0.500000
158,1,1,6.000000,0.900000,0.500000
159,1,1,3.000000,0.000000,0.500000
160,1,1,7.000000,0.900000,0.500000
161,0,0,3.000000,0.000000,0.500000
162,1,1,3.000000,0.000000,0.500000
163,0,0,3.000000,0.000000,0.500000
164,1,1,4.000000,0.800000,0.500000
165,0,0,10.000000,0.900000,0.500000
166,0,0,4.000000,0.800000,0.500000
167,0,0,3.000000,0.000000,0.500000
168,1,1,4.000000,0.800000,0.500000
169,0,0,3.000000,0.000000,0.500000
170,0,0,3.000000,0.000000,0.500000
171,1,1,9.000000,1.000000,0.500000
172,0,0,3.000000,0.000000,0.500000
173,0,0,3.000000,0.000000,0.500000
174,0,0,3.000000,0.000000,0.500000
175,0,1,4.000000,0.900000,0.500000
176,0,0,3.000000,0.000000,0.500000
177,0,0,4.000000,0.800000,0.500000
178,0,0,3.000000,0.000000,0.500000
179,1,1,3.000000,0.000000,0.500000
180,0,0,3.000000,0.000000,0.500000
181,1,1,4.000000,0.800000,0.500000
182,1,1,3.000000,0.000000,0.500000
183,1,1,3.000000,0.000000,0.500000
184,0,0,4.000000,0.800000,0.500000
185,1,1,3.000000,0.000000,0.500000
186,1,1,4.000000,0.800000,0.500000
187,0,0,3.000000,0.000000,0.500000
188,1,1,4.000000,0.900000,0.500000
189,0,0,3.000000,0.000000,0.500000
190,0,0,4.000000,0.800000,0.500000
191,0,0,3.000000,0.000000,0.500000
192,1,1,3.000000,0.000000,0.500000
193,0,0,4.000000,0.800000,0.500000
194,1,1,3.000000,0.000000,0.500000
195,1,1,3.000000,0.000000,0.500000
196,1,1,3.000000,0.000000,0.500000
197,1,1,3.000000,0.000000,0.500000
198,1,1,3.000000,0.000000,0.500000
199,1,1,3.000000,0.000000,0.500000
200,0,0,3.000000,0.000000,0.500000
201,0,0,3.000000,0.000000,0.500000
202,0,0,3.000000,0.000000,0.500000
203,0,0,3.000000,0.000000,0.500000
204,0,0,4.000000,0.900000,0.500000
205,1,1,3.000000,0.000000,0.500000
206,1,1,4.000000,0.800000,0.500000
207,0,0,3.000000,0.000000,0.500000
208,1,1,3.000000,0.000000,0.500000
209,0,0,5.000000,0.900000,0.500000
210,1,1,3.000000,0.000000,0.500000
211,0,0,3.000000,0.000000,0.500000
212,1,1,4.000000,0.800000,0.500000
213,1,1,3.000000,0.000000,0.500000
214,1,1,4.000000,0.900000,0.500000
215,0,0,3.000000,0.000000,0.500000
216,1,1,3.000000,0.000000,0.500000
217,0,0,3.000000,0.000000,0.500000
218,1,1,3.000000,0.000000,0.500000
219,1,1,4.000000,0.800000,0.500000
220,0,0,5.000000,0.900000,0.500000
221,1,1,4.000000,0.800000,0.500000
222,0,0,3.000000,0.000000,0.500000
223,0,0,6.000000,1.000000,0.500000
224,1,1,3.000000,0.000000,0.500000
225,0,0,4.000000,0.800000,0.500000
226,1,1,3.000000,0.000000,0.500000
227,1,1,3.000000,0.000000,0.500000
228,1,1,4.000000,0.800000,0.500000
229,1,1,3.000000,0.000000,0.500000
230,1,1,3.000000,0.000000,0.500000
231,1,1,7.000000,1.000000,0.500000
232,1,1,4.000000,0.900000,0.500000
233,1,1,4.000000,0.800000,0.500000
234,1,1,3.000000,0.000000,0.500000
235,1,1,3.000000,0.000000,0.500000
236,1,1,4.000000,0.800000,0.500000
237,1,1,4.000000,0.800000,0.500000
238,1,1,5.000000,0.900000,0.500000
239,0,0,7.000000,1.000000,0.500000
240,0,0,3.000000,0.000000,0.500000
241,1,1,4.000000,0.800000,0.500000
242,1,1,3.000000,0.000000,0.500000
243,0,0,3.000000,0.000000,0.500000
244,1,1,4.000000,0.800000,0.500000
245,0,0,5.000000,0.600000,0.500000
246,1,1,3.000000,0.000000,0.500000
247,1,1,4.000000,0.900000,0.500000
248,0,1,4.000000,0.900000,0.500000
249,1,1,3.000000,0.000000,0.500000
250,0,0,3.000000,0.000000,0.500000
251,1,1,3.000000,0.000000,0.500000
252,0,0,3.000000,0.000000,0.500000
253,1,1,3.000000,0.000000,0.500000
254,1,1,4.000000,0.800000,0.500000
255,1,1,4.000000,0.800000,0.500000
256,1,1,3.000000,0.000000,0.500000
257,0,0,4.000000,0.800000,0.500000
258,1,1,3.000000,0.000000,0.500000
259,0,0,3.000000,0.000000,0.500000
260,0,0,5.000000,0.900000,0.500000
261,1,1,3.000000,0.000000,0.500000
262,1,1,3.000000,0.000000,0.500000
263,1,1,6.000000,0.900000,0.500000
264,1,1,3.000000,0.000000,0.500000
265,1,1,9.000000,0.900000,0.500000
266,0,0,3.000000,0.000000,0.500000
267,1,1,3.000000,0.000000,0.500000
268,0,0,4.000000,0.800000,0.500000
269,0,0,3.000000,0.000000,0.500000
270,0,0,3.000000,0.000000,0.500000
271,0,0,4.000000,0.800000,0.500000
272,1,1,3.000000,0.000000,0.500000
273,1,1,7.000000,0.900000,0.500000
274,0,0,3.000000,0.000000,0.500000
275,0,0,4.000000,0.800000,0.500000
276,1,1,3.000000,0.000000,0.500000
277,0,1,3.000000,0.000000,0.500000
278,1,1,4.000000,0.800000,0.500000
279,0,0,4.000000,0.800000,0.500000
280,1,1,3.000000,0.000000,0.500000
281,0,0,4.000000,0.800000,0.500000
282,1,1,3.000000,0.000000,0.500000
283,1,1,3.000000,0.000000,0.500000
284,0,0,4.000000,0.800000,0.500000
285,0,0,3.000000,0.000000,0.500000
286,1,1,4.000000,0.800000,0.500000
287,1,1,3.000000,0.000000,0.500000
288,1,1,3.000000,0.000000,0.500000
289,0,0,3.000000,0.000000,0.500000
290,1,1,3.000000,0.000000,0.500000
291,1,1,3.000000,0.000000,0.500000
292,1,1,3.000000,0.000000,0.500000
293,0,0,3.000000,0.000000,0.500000
294,1,1,3.000000,0.000000,0.500000
295,1,1,3.000000,0.000000,0.500000
296,1,1,3.000000,0.000000,0.500000
297,0,0,5.000000,0.900000,0.500000
298,0,0,3.000000,0.000000,0.500000
299,0,0,6.000000,0.900000,0.500000
300,1,1,3.000000,0.000000,0.500000
301,1,1,4.000000,0.800000,0.500000
302,1,1,3.000000,0.000000,0.500000
303,1,1,4.000000,0.800000,0.500000
304,1,1,8.000000,1.000000,0.500000
305,0,0,4.000000,0.800000,0.500000
306,0,0,4.000000,0.800000,0.500000
307,1,1,3.000000,0.000000,0.500000
308,0,0,3.000000,0.000000,0.500000
309,1,1,4.000000,0.800000,0.500000
310,1,0,6.000000,1.000000,0.500000
311,1,1,4.000000,0.800000,0.500000
312,0,0,4.000000,0.800000,0.500000
313,1,1,3.000000,0.000000,0.500000
314,0,0,4.000000,0.800000,0.500000
315,0,0,3.000000,0.000000,0.500000
316,1,1,3.000000,0.000000,0.500000
317,0,1,4.000000,0.900000,0.500000
318,1,1,3.000000,0.000000,0.500000
319,0,0,4.000000,0.800000,0.500000
320,1,1,3.000000,0.000000,0.500000
321,0,0,3.000000,0.000000,0.500000
322,1,1,3.000000,0.000000,0.500000
323,0,0,4.000000,0.800000,0.500000
324,1,1,4.000000,0.900000,0.500000
325,0,0,7.000000,0.900000,0.500000
326,1,1,3.000000,0.000000,0.500000
327,1,1,4.000000,0.800000,0.500000
328,0,0,3.000000,0.000000,0.500000
329,0,0,3.000000,0.000000,0.500000
330,1,1,3.000000,0.000000,0.500000
331,0,0,3.000000,0.000000,0.500000
332,1,1,3.000000,0.000000,0.500000
333,0,0,3.000000,0.000000,0.500000
334,0,0,4.000000,0.800000,0.500000
335,1,1,3.000000,0.000000,0.500000
336,1,1,3.000000,0.000000,0.500000
337,1,1,3.000000,0.000000,0.500000
338,1,1,4.000000,0.800000,0.500000
339,0,1,3.000000,0.000000,0.500000
340,0,0,3.000000,0.000000,0.500000
341,1,1,4.000000,0.900000,0.500000
342,0,0,3.000000,0.000000,0.500000
343,1,1,3.000000,0.000000,0.500000
344,1,1,4.000000,0.800000,0.500000
345,1,1,3.000000,0.000000,0.500000
346,1,1,3.000000,0.000000,0.500000
347,1,0,4.000000,0.900000,0.500000
348,1,1,4.000000,0.800000,0.500000
349,1,1,4.000000,0.800000,0.500000
350,1,1,3.000000,0.000000,0.500000
351,1,1,5.000000,0.900000,0.500000
352,1,1,3.000000,0.000000,0.500000
353,0,0,3.000000,0.000000,0.500000
354,0,0,3.000000,0.000000,0.500000
355,1,1,3.000000,0.000000,0.500000
356,1,1,3.000000,0.000000,0.500000
357,1,1,3.000000,0.000000,0.500000
358,1,1,5.000000,0.700000,0.500000
359,0,0,3.000000,0.000000,0.500000
360,0,0,4.000000,0.900000,0.500000
361,0,0,3.000000,0.000000,0.500000
362,1,1,3.000000,0.000000,0.500000
363,1,1,3.000000,0.000000,0.500000
364,1,1,3.000000,0.000000,0.500000
365,1,1,4.000000,0.800000,0.500000
366,0,0,3.000000,0.000000,0.500000
367,0,0,5.000000,0.900000,0.500000
368,1,1,3.000000,0.000000,0.500000
369,1,1,3.000000,0.000000,0.500000
370,1,1,3.000000,0.000000,0.500000
371,1,1,4.000000,0.800000,0.500000
372,1,1,4.000000,0.700000,0.500000
373,1,1,4.000000,0.800000,0.500000
374,1,1,3.000000,0.000000,0.500000
375,1,1,3.000000,0.000000,0.500000
376,1,1,3.000000,0.000000,0.500000
377,1,1,4.000000,0.900000,0.500000
378,1,1,4.000000,0.800000,0.500000
379,0,0,4.000000,0.800000,0.500000
380,0,0,3.000000,0.000000,0.500000
381,0,0,3.000000,0.000000,0.500000
382,1,1,3.000000,0.000000,0.500000
383,0,0,4.000000,0.800000,0.500000
384,1,1,4.000000,0.800000,0.500000
385,1,1,3.000000,0.000000,0.500000
386,0,0,3.000000,0.000000,0.500000
387,1,1,3.000000,0.000000,0.500000
388,1,1,4.000000,0.800000,0.500000
389,1,1,4.000000,0.800000,0.500000
390,0,0,7.000000,1.000000,0.500000
391,1,1,4.000000,0.800000,0.500000
392,1,1,3.000000,0.000000,0.500000
393,1,1,3.000000,0.000000,0.500000
394,0,0,3.000000,0.000000,0.500000
395,1,1,3.000000,0.000000,0.500000
396,0,0,3.000000,0.000000,0.500000
397,1,1,4.000000,0.800000,0.500000
398,1,1,5.000000,0.700000,0.500000
399,1,1,3.000000,0.000000,0.500000
400,1,1,3.000000,0.000000,0.500000
401,0,0,3.000000,0.000000,0.500000
402,1,1,3.000000,0.000000,0.500000
403,0,0,3.000000,0.000000,0.500000
404,0,0,7.000000,1.000000,0.500000
405,1,1,3.000000,0.000000,0.500000
406,0,0,10.000000,1.000000,0.500000
407,1,1,3.000000,0.000000,0.500000
408,0,0,4.000000,0.800000,0.500000
409,1,1,3.000000,0.000000,0.500000
410,1,0,5.000000,0.900000,0.500000
411,0,0,3.000000,0.000000,0.500000
412,1,1,3.000000,0.000000,0.500000
413,1,1,4.000000,0.800000,0.500000
414,1,1,4.000000,0.800000,0.500000
415,0,0,3.000000,0.000000,0.500000
416,0,0,3.000000,0.000000,0.500000
417,1,1,4.000000,0.800000,0.500000
418,1,1,3.000000,0.000000,0.500000
419,1,1,3.000000,0.000000,0.500000
420,1,1,3.000000,0.000000,0.500000
421,1,1,3.000000,0.000000,0.500000
422,1,1,4.000000,0.800000,0.500000
423,1,1,8.000000,0.900000,0.500000
424,0,0,6.000000,0.900000,0.500000
425,1,1,4.000000,0.800000,0.500000
426,1,1,3.000000,0.000000,0.500000
427,1,1,4.000000,0.800000,0.500000
428,0,1,3.000000,0.000000,0.500000
429,1,1,3.000000,0.000000,0.500000
430,1,1,7.000000,1.000000,0.500000
431,0,0,3.000000,0.000000,0.500000
432,0,0,3.000000,0.000000,0.500000
433,1,1,5.000000,0.900000,0.500000
434,1,1,4.000000,0.800000,0.500000
435,0,0,3.000000,0.000000,0.500000
436,1,1,3.000000,0.000000,0.500000
437,1,1,3.000000,0.000000,0.500000
438,1,1,3.000000,0.000000,0.500000
439,1,1,3.000000,0.000000,0.500000
440,0,0,4.000000,0.900000,0.500000
441,0,0,4.000000,0.800000,0.500000
442,1,1,3.000000,0.000000,0.500000
443,1,1,3.000000,0.000000,0.500000
444,1,1,4.000000,0.900000,0.500000
445,1,1,4.000000,0.900000,0.500000
446,1,1,4.000000,0.800000,0.500000
447,1,1,3.000000,0.000000,0.500000
448,1,1,4.000000,0.800000,0.500000
449,1,1,7.000000,0.900000,0.500000
450,1,1,4.000000,0.700000,0.500000
451,1,1,4.000000,0.800000,0.500000
452,1,1,4.000000,0.800000,0.500000
453,0,0,3.000000,0.000000,0.500000
454,1,1,3.000000,0.000000,0.500000
455,1,1,3.000000,0.000000,0.500000
456,0,0,3.000000,0.000000,0.500000
457,0,0,3.000000,0.000000,0.500000
458,0,0,4.000000,0.800000,0.500000
459,1,1,5.000000,0.900000,0.500000
460,1,1,3.000000,0.000000,0.500000
461,1,1,3.000000,0.000000,0.500000
WorkerID,Gamma,TrueGamma
30,0.480545,0.340154
48,0.460258,0.870293
45,1.120778,1.359264
47,0.514849,0.662069
64,0.471159,0.434418
63,0.489834,0.264661
39,0.243966,0.103950
66,0.322932,0.211873
18,0.337343,0.222238
14,0.701662,0.464310
60,0.564867,0.594351
4,0.437331,0.346040
73,0.592988,0.814112
58,0.484952,0.380874
31,0.363769,0.714069
52,0.375670,0.412039
0,0.727172,0.695384
50,0.280288,0.127325
25,0.583437,0.302074
53,0.743773,1.180781
22,0.338071,0.382294
1,0.395035,0.388228
46,0.603761,0.405404
68,0.399442,0.360726
12,0.378063,0.961964
62,0.655132,0.509724
42,0.521915,0.255614
3,0.584519,0.497164
28,0.256225,0.353967
56,0.796473,0.876381
8,1.022918,0.958919
51,0.538405,1.183760
69,0.412393,0.342662
40,0.866213,0.746810
34,0.604582,0.637185
61,0.373061,0.332513
29,0.423305,0.417845
74,0.249342,0.482417
35,0.406072,0.479978
17,0.395244,0.353095
59,0.683607,0.498101
27,0.947810,1.056553
57,0.597763,0.539443
71,0.467355,0.240903
24,0.341253,0.308483
43,0.375755,0.522055
26,0.517166,0.610582
6,0.679363,0.707487
19,0.452328,0.245096
9,0.603389,0.436006
41,0.507679,0.382181
38,0.451353,0.202546
36,0.236160,0.253751
37,0.506090,0.928403
54,0.440494,0.228824
49,0.983484,0.900811
72,0.536067,0.498441
10,0.262534,0.236504
16,0.939704,1.118158
5,0.240817,0.143505
70,0.583176,0.537312
32,0.167789,0.380744
11,1.061545,1.070817
20,0.444227,0.691140
23,0.354392,0.705320
15,0.976446,1.018061
67,0.606519,0.353886
7,0.491026,0.347418
65,0.431371,0.354775
33,0.477835,0.614732
2,0.621205,0.825817
75,0.795280,0.323888
44,0.687188,0.560496
21,0.483896,0.458093
13,0.639484,0.591585
55,0.351335,0.209697
Average Cost: 3.655844
Accuracy: 97.186147
Accuracy 0: 100.000000
Cost 0: 3.000000
Accuracy 1: 100.000000
Cost 1: 3.000000
Accuracy 2: 100.000000
Cost 2: 3.000000
Accuracy 3: 100.000000
Cost 3: 3.000000
Accuracy 4: 100.000000
Cost 4: 3.000000
Accuracy 5: 100.000000
Cost 5: 3.000000
Accuracy 6: 100.000000
Cost 6: 3.000000
Accuracy 7: 100.000000
Cost 7: 3.000000
Accuracy 8: 100.000000
Cost 8: 3.000000
Accuracy 9: 100.000000
Cost 9: 3.000000
