Number of Worker Pools: 1
Number of Workers in Pool 1: 1000
Original mean,standardDev for Pool 1: 4.000000,0.300000
Number of Workers in Pool 2: 1000
Original mean,standardDev for Pool 2: 3.500000,0.200000
Number of Problems: 1000
ProblemNo,Answer,TrueAnswer,Cost,Difficulty,TrueDifficulty
0,0,0,36.000000,0.800000,0.500000
1,1,1,18.000000,0.000000,0.500000
2,0,0,18.000000,0.000000,0.500000
3,1,1,30.000000,0.600000,0.500000
4,0,0,24.000000,0.700000,0.500000
5,0,0,18.000000,0.000000,0.500000
6,0,0,36.000000,0.900000,0.500000
7,0,0,24.000000,0.700000,0.500000
8,1,1,18.000000,0.000000,0.500000
9,1,1,24.000000,0.700000,0.500000
10,1,1,24.000000,0.700000,0.500000
11,1,1,18.000000,0.000000,0.500000
12,1,1,18.000000,0.000000,0.500000
13,1,1,30.000000,0.500000,0.500000
14,0,0,48.000000,0.900000,0.500000
15,1,1,30.000000,0.600000,0.500000
16,0,0,30.000000,0.500000,0.500000
17,0,0,24.000000,0.700000,0.500000
18,0,0,30.000000,0.600000,0.500000
19,0,0,42.000000,0.800000,0.500000
20,0,0,30.000000,0.600000,0.500000
21,1,1,18.000000,0.000000,0.500000
22,1,1,18.000000,0.000000,0.500000
23,1,1,18.000000,0.000000,0.500000
24,1,1,18.000000,0.000000,0.500000
25,0,0,18.000000,0.000000,0.500000
26,0,0,24.000000,0.700000,0.500000
27,1,1,24.000000,0.700000,0.500000
28,0,0,36.000000,0.800000,0.500000
29,0,0,18.000000,0.000000,0.500000
30,0,0,24.000000,0.700000,0.500000
31,1,1,24.000000,0.700000,0.500000
32,0,0,36.000000,0.900000,0.500000
33,0,0,18.000000,0.000000,0.500000
34,1,1,30.000000,0.600000,0.500000
35,0,0,24.000000,0.700000,0.500000
36,1,1,18.000000,0.000000,0.500000
37,0,0,18.000000,0.000000,0.500000
38,1,1,36.000000,0.900000,0.500000
39,0,0,30.000000,0.600000,0.500000
40,1,1,18.000000,0.000000,0.500000
41,1,1,36.000000,0.900000,0.500000
42,0,0,24.000000,0.700000,0.500000
43,0,0,18.000000,0.000000,0.500000
44,0,0,18.000000,0.000000,0.500000
45,0,0,18.000000,0.000000,0.500000
46,1,1,18.000000,0.000000,0.500000
47,1,1,18.000000,0.000000,0.500000
48,0,0,18.000000,0.000000,0.500000
49,1,1,18.000000,0.000000,0.500000
50,0,0,30.000000,0.600000,0.500000
51,1,1,24.000000,0.700000,0.500000
52,0,0,18.000000,0.000000,0.500000
53,0,0,24.000000,0.700000,0.500000
54,0,0,30.000000,0.600000,0.500000
55,1,0,18.000000,0.000000,0.500000
56,0,0,24.000000,0.700000,0.500000
57,0,0,18.000000,0.000000,0.500000
58,0,0,18.000000,0.000000,0.500000
59,0,0,18.000000,0.000000,0.500000
60,0,0,18.000000,0.000000,0.500000
61,1,1,18.000000,0.000000,0.500000
62,1,1,18.000000,0.000000,0.500000
63,1,1,30.000000,0.900000,0.500000
64,1,0,42.000000,0.900000,0.500000
65,0,0,24.000000,0.700000,0.500000
66,1,1,24.000000,0.700000,0.500000
67,0,0,24.000000,0.700000,0.500000
68,1,1,30.000000,0.600000,0.500000
69,1,0,36.000000,0.900000,0.500000
70,1,1,24.000000,0.700000,0.500000
71,1,1,30.000000,0.600000,0.500000
72,0,0,18.000000,0.000000,0.500000
73,0,1,36.000000,0.800000,0.500000
74,1,1,18.000000,0.000000,0.500000
75,1,1,60.000000,0.900000,0.500000
76,0,0,24.000000,0.700000,0.500000
77,1,1,18.000000,0.000000,0.500000
78,1,1,18.000000,0.000000,0.500000
79,0,0,18.000000,0.000000,0.500000
80,0,0,24.000000,0.700000,0.500000
81,1,1,30.000000,0.600000,0.500000
82,1,1,18.000000,0.000000,0.500000
83,1,1,18.000000,0.000000,0.500000
84,0,0,30.000000,0.600000,0.500000
85,1,0,18.000000,0.000000,0.500000
86,1,1,18.000000,0.000000,0.500000
87,1,1,18.000000,0.000000,0.500000
88,1,1,18.000000,0.000000,0.500000
89,0,0,18.000000,0.000000,0.500000
90,0,0,30.000000,0.600000,0.500000
91,1,1,18.000000,0.000000,0.500000
92,0,0,18.000000,0.000000,0.500000
93,1,1,18.000000,0.000000,0.500000
94,1,1,18.000000,0.000000,0.500000
95,1,1,24.000000,0.700000,0.500000
96,0,1,18.000000,0.000000,0.500000
97,0,0,18.000000,0.000000,0.500000
98,0,0,18.000000,0.000000,0.500000
99,0,1,24.000000,0.700000,0.500000
100,0,0,30.000000,0.600000,0.500000
101,0,0,18.000000,0.000000,0.500000
102,1,1,18.000000,0.000000,0.500000
103,0,0,24.000000,0.700000,0.500000
104,1,1,18.000000,0.000000,0.500000
105,0,0,36.000000,0.800000,0.500000
106,1,1,18.000000,0.000000,0.500000
107,1,1,18.000000,0.000000,0.500000
108,1,1,24.000000,0.700000,0.500000
109,0,0,18.000000,0.000000,0.500000
110,0,0,18.000000,0.000000,0.500000
111,1,1,30.000000,0.600000,0.500000
112,1,1,18.000000,0.000000,0.500000
113,1,1,18.000000,0.000000,0.500000
114,0,0,18.000000,0.000000,0.500000
115,1,1,18.000000,0.000000,0.500000
116,0,0,54.000000,0.900000,0.500000
117,1,1,18.000000,0.000000,0.500000
118,0,0,24.000000,0.700000,0.500000
119,1,1,18.000000,0.000000,0.500000
120,0,0,18.000000,0.000000,0.500000
121,1,1,18.000000,0.000000,0.500000
122,0,0,18.000000,0.000000,0.500000
123,0,0,30.000000,0.500000,0.500000
124,1,1,18.000000,0.000000,0.500000
125,1,1,18.000000,0.000000,0.500000
126,0,0,24.000000,0.700000,0.500000
127,1,1,18.000000,0.000000,0.500000
128,0,0,18.000000,0.000000,0.500000
129,0,0,18.000000,0.000000,0.500000
130,1,1,18.000000,0.000000,0.500000
131,1,1,18.000000,0.000000,0.500000
132,1,1,18.000000,0.000000,0.500000
133,0,0,18.000000,0.000000,0.500000
134,1,1,30.000000,0.600000,0.500000
135,1,1,24.000000,0.700000,0.500000
136,0,0,18.000000,0.000000,0.500000
137,1,1,18.000000,0.000000,0.500000
138,1,1,18.000000,0.000000,0.500000
139,1,1,36.000000,0.900000,0.500000
140,0,0,48.000000,0.900000,0.500000
141,0,0,18.000000,0.000000,0.500000
142,0,0,24.000000,0.700000,0.500000
143,0,0,18.000000,0.000000,0.500000
144,1,1,18.000000,0.000000,0.500000
145,0,0,18.000000,0.000000,0.500000
146,1,1,18.000000,0.000000,0.500000
147,0,0,18.000000,0.000000,0.500000
148,0,0,18.000000,0.000000,0.500000
149,1,1,24.000000,0.700000,0.500000
150,0,0,54.000000,0.900000,0.500000
151,1,1,18.000000,0.000000,0.500000
152,0,0,24.000000,0.700000,0.500000
153,0,0,30.000000,0.600000,0.500000
154,0,0,60.000000,0.900000,0.500000
155,0,0,36.000000,0.800000,0.500000
156,0,0,30.000000,0.500000,0.500000
157,0,0,18.000000,0.000000,0.500000
158,1,1,24.000000,0.700000,0.500000
159,1,1,18.000000,0.000000,0.500000
160,0,0,18.000000,0.000000,0.500000
161,0,0,18.000000,0.000000,0.500000
162,0,0,30.000000,0.600000,0.500000
163,0,0,18.000000,0.000000,0.500000
164,1,1,18.000000,0.000000,0.500000
165,1,1,18.000000,0.000000,0.500000
166,1,1,18.000000,0.000000,0.500000
167,1,1,24.000000,0.700000,0.500000
168,0,0,18.000000,0.000000,0.500000
169,0,0,18.000000,0.000000,0.500000
170,0,0,36.000000,0.800000,0.500000
171,0,0,24.000000,0.700000,0.500000
172,0,0,18.000000,0.000000,0.500000
173,0,0,18.000000,0.000000,0.500000
174,0,0,18.000000,0.000000,0.500000
175,0,0,24.000000,0.700000,0.500000
176,1,1,18.000000,0.000000,0.500000
177,0,0,18.000000,0.000000,0.500000
178,1,1,30.000000,0.500000,0.500000
179,1,1,18.000000,0.000000,0.500000
180,0,0,36.000000,0.800000,0.500000
181,1,1,18.000000,0.000000,0.500000
182,0,0,24.000000,0.700000,0.500000
183,1,1,24.000000,0.700000,0.500000
184,1,1,18.000000,0.000000,0.500000
185,0,0,18.000000,0.000000,0.500000
186,1,1,18.000000,0.000000,0.500000
187,0,0,24.000000,0.700000,0.500000
188,0,0,18.000000,0.000000,0.500000
189,1,1,36.000000,0.900000,0.500000
190,0,0,24.000000,0.700000,0.500000
191,1,1,18.000000,0.000000,0.500000
192,0,0,60.000000,0.900000,0.500000
193,1,1,30.000000,0.600000,0.500000
194,0,0,42.000000,0.800000,0.500000
195,1,1,30.000000,0.600000,0.500000
196,0,0,24.000000,0.700000,0.500000
197,0,0,18.000000,0.000000,0.500000
198,0,0,18.000000,0.000000,0.500000
199,0,0,18.000000,0.000000,0.500000
200,0,0,24.000000,0.700000,0.500000
201,0,0,18.000000,0.000000,0.500000
202,1,1,36.000000,0.800000,0.500000
203,1,1,18.000000,0.000000,0.500000
204,0,0,18.000000,0.000000,0.500000
205,1,1,18.000000,0.000000,0.500000
206,0,0,18.000000,0.000000,0.500000
207,1,1,30.000000,0.600000,0.500000
208,0,0,18.000000,0.000000,0.500000
209,1,1,48.000000,0.900000,0.500000
210,1,1,24.000000,0.700000,0.500000
211,0,0,18.000000,0.000000,0.500000
212,1,1,18.000000,0.000000,0.500000
213,1,1,18.000000,0.000000,0.500000
214,1,1,24.000000,0.700000,0.500000
215,1,1,18.000000,0.000000,0.500000
216,1,1,30.000000,0.900000,0.500000
217,1,1,42.000000,0.900000,0.500000
218,1,1,18.000000,0.000000,0.500000
219,0,0,18.000000,0.000000,0.500000
220,1,1,24.000000,0.700000,0.500000
221,0,0,36.000000,0.800000,0.500000
222,1,1,72.000000,0.900000,0.500000
223,0,0,18.000000,0.000000,0.500000
224,1,1,18.000000,0.000000,0.500000
225,0,0,24.000000,0.700000,0.500000
226,1,1,18.000000,0.000000,0.500000
227,1,1,18.000000,0.000000,0.500000
228,0,0,18.000000,0.000000,0.500000
229,1,1,24.000000,0.700000,0.500000
230,0,0,24.000000,0.700000,0.500000
231,1,1,30.000000,0.600000,0.500000
232,1,1,18.000000,0.000000,0.500000
233,1,1,18.000000,0.000000,0.500000
234,1,1,18.000000,0.000000,0.500000
235,1,1,42.000000,0.800000,0.500000
236,1,1,18.000000,0.000000,0.500000
237,0,0,30.000000,0.600000,0.500000
238,1,1,18.000000,0.000000,0.500000
239,1,1,18.000000,0.000000,0.500000
240,1,1,18.000000,0.000000,0.500000
241,0,0,30.000000,0.600000,0.500000
242,0,0,18.000000,0.000000,0.500000
243,1,1,24.000000,0.700000,0.500000
244,0,0,30.000000,0.500000,0.500000
245,0,0,18.000000,0.000000,0.500000
246,1,1,24.000000,0.700000,0.500000
247,0,0,24.000000,0.700000,0.500000
248,1,1,42.000000,0.900000,0.500000
249,1,1,36.000000,0.800000,0.500000
250,1,1,36.000000,0.900000,0.500000
251,0,0,18.000000,0.000000,0.500000
252,0,0,18.000000,0.000000,0.500000
253,0,0,18.000000,0.000000,0.500000
254,0,0,24.000000,0.700000,0.500000
255,1,1,42.000000,0.800000,0.500000
256,0,0,18.000000,0.000000,0.500000
257,0,0,48.000000,0.900000,0.500000
258,1,1,18.000000,0.000000,0.500000
259,0,0,18.000000,0.000000,0.500000
260,0,0,24.000000,0.700000,0.500000
261,0,0,18.000000,0.000000,0.500000
262,1,1,24.000000,0.700000,0.500000
263,1,1,48.000000,0.900000,0.500000
264,0,0,24.000000,0.700000,0.500000
265,0,0,18.000000,0.000000,0.500000
266,1,1,18.000000,0.000000,0.500000
267,1,1,18.000000,0.000000,0.500000
268,1,1,18.000000,0.000000,0.500000
269,1,1,36.000000,0.900000,0.500000
270,0,0,18.000000,0.000000,0.500000
271,1,1,24.000000,0.700000,0.500000
272,1,1,36.000000,0.800000,0.500000
273,1,0,30.000000,0.900000,0.500000
274,1,1,24.000000,0.700000,0.500000
275,0,0,18.000000,0.000000,0.500000
276,0,0,24.000000,0.700000,0.500000
277,0,0,24.000000,0.700000,0.500000
278,0,0,18.000000,0.000000,0.500000
279,1,1,18.000000,0.000000,0.500000
280,1,1,18.000000,0.000000,0.500000
281,1,0,24.000000,0.700000,0.500000
282,0,0,18.000000,0.000000,0.500000
283,0,0,24.000000,0.700000,0.500000
284,1,1,18.000000,0.000000,0.500000
285,1,1,24.000000,0.700000,0.500000
286,0,0,30.000000,0.600000,0.500000
287,1,1,18.000000,0.000000,0.500000
288,1,1,18.000000,0.000000,0.500000
289,1,1,36.000000,0.900000,0.500000
290,1,1,24.000000,0.700000,0.500000
291,0,0,18.000000,0.000000,0.500000
292,1,1,42.000000,0.900000,0.500000
293,1,1,48.000000,0.900000,0.500000
294,0,0,18.000000,0.000000,0.500000
295,1,1,18.000000,0.000000,0.500000
296,1,1,24.000000,0.700000,0.500000
297,0,0,18.000000,0.000000,0.500000
298,0,0,24.000000,0.700000,0.500000
299,1,1,18.000000,0.000000,0.500000
300,0,0,18.000000,0.000000,0.500000
301,0,0,24.000000,0.700000,0.500000
302,1,1,24.000000,0.700000,0.500000
303,0,0,24.000000,0.700000,0.500000
304,0,0,18.000000,0.000000,0.500000
305,1,1,18.000000,0.000000,0.500000
306,0,0,18.000000,0.000000,0.500000
307,0,0,18.000000,0.000000,0.500000
308,1,1,24.000000,0.700000,0.500000
309,1,1,18.000000,0.000000,0.500000
310,1,1,24.000000,0.700000,0.500000
311,1,1,18.000000,0.000000,0.500000
312,0,0,18.000000,0.000000,0.500000
313,0,0,24.000000,0.700000,0.500000
314,0,0,24.000000,0.700000,0.500000
315,0,0,48.000000,0.900000,0.500000
316,0,0,54.000000,0.900000,0.500000
317,1,1,30.000000,0.500000,0.500000
318,0,0,18.000000,0.000000,0.500000
319,1,1,36.000000,0.800000,0.500000
320,1,1,18.000000,0.000000,0.500000
321,1,1,30.000000,0.600000,0.500000
322,0,0,24.000000,0.700000,0.500000
323,0,0,24.000000,0.700000,0.500000
324,0,0,24.000000,0.700000,0.500000
325,0,0,18.000000,0.000000,0.500000
326,1,1,24.000000,0.700000,0.500000
327,1,1,18.000000,0.000000,0.500000
328,0,0,24.000000,0.700000,0.500000
329,1,1,18.000000,0.000000,0.500000
330,0,0,18.000000,0.000000,0.500000
331,1,1,18.000000,0.000000,0.500000
332,1,1,18.000000,0.000000,0.500000
333,0,0,36.000000,0.800000,0.500000
334,1,1,18.000000,0.000000,0.500000
335,1,1,36.000000,0.800000,0.500000
336,1,1,18.000000,0.000000,0.500000
337,0,0,18.000000,0.000000,0.500000
338,0,0,24.000000,0.700000,0.500000
339,0,0,24.000000,0.700000,0.500000
340,1,1,18.000000,0.000000,0.500000
341,0,0,24.000000,0.700000,0.500000
342,1,1,36.000000,0.800000,0.500000
343,0,0,18.000000,0.000000,0.500000
344,1,1,18.000000,0.000000,0.500000
345,1,1,30.000000,0.600000,0.500000
346,0,0,18.000000,0.000000,0.500000
347,1,1,18.000000,0.000000,0.500000
348,1,1,18.000000,0.000000,0.500000
349,1,1,30.000000,0.600000,0.500000
350,1,1,18.000000,0.000000,0.500000
351,0,0,18.000000,0.000000,0.500000
352,0,0,18.000000,0.000000,0.500000
353,1,1,18.000000,0.000000,0.500000
354,0,0,24.000000,0.700000,0.500000
355,1,1,24.000000,0.700000,0.500000
356,1,1,24.000000,0.700000,0.500000
357,0,0,18.000000,0.000000,0.500000
358,1,1,30.000000,0.600000,0.500000
359,0,0,24.000000,0.700000,0.500000
360,0,0,30.000000,0.600000,0.500000
361,0,0,36.000000,0.900000,0.500000
362,0,0,24.000000,0.700000,0.500000
363,0,0,54.000000,0.900000,0.500000
364,0,0,24.000000,0.700000,0.500000
365,1,1,24.000000,0.700000,0.500000
366,0,0,18.000000,0.000000,0.500000
367,0,0,24.000000,0.700000,0.500000
368,0,0,30.000000,0.600000,0.500000
369,0,0,18.000000,0.000000,0.500000
370,1,1,18.000000,0.000000,0.500000
371,1,1,30.000000,0.900000,0.500000
372,1,1,36.000000,0.900000,0.500000
373,0,0,24.000000,0.700000,0.500000
374,1,1,24.000000,0.700000,0.500000
375,1,1,30.000000,0.500000,0.500000
376,0,0,18.000000,0.000000,0.500000
377,0,0,18.000000,0.000000,0.500000
378,1,0,24.000000,0.700000,0.500000
379,1,1,18.000000,0.000000,0.500000
380,0,0,36.000000,0.800000,0.500000
381,0,0,18.000000,0.000000,0.500000
382,0,0,24.000000,0.700000,0.500000
383,1,1,24.000000,0.700000,0.500000
384,0,0,18.000000,0.000000,0.500000
385,0,0,18.000000,0.000000,0.500000
386,0,0,18.000000,0.000000,0.500000
387,0,0,36.000000,0.800000,0.500000
388,1,1,30.000000,0.500000,0.500000
389,0,0,18.000000,0.000000,0.500000
390,1,1,18.000000,0.000000,0.500000
391,1,1,18.000000,0.000000,0.500000
392,1,1,18.000000,0.000000,0.500000
393,0,0,30.000000,0.600000,0.500000
394,0,0,18.000000,0.000000,0.500000
395,0,0,36.000000,0.800000,0.500000
396,0,0,18.000000,0.000000,0.500000
397,0,0,24.000000,0.700000,0.500000
398,0,0,24.000000,0.700000,0.500000
399,1,1,18.000000,0.000000,0.500000
400,1,1,30.000000,0.600000,0.500000
401,0,0,24.000000,0.700000,0.500000
402,1,1,18.000000,0.000000,0.500000
403,0,0,18.000000,0.000000,0.500000
404,0,0,24.000000,0.700000,0.500000
405,1,1,18.000000,0.000000,0.500000
406,1,1,18.000000,0.000000,0.500000
407,0,0,18.000000,0.000000,0.500000
408,1,1,24.000000,0.700000,0.500000
409,0,0,18.000000,0.000000,0.500000
410,1,1,18.000000,0.000000,0.500000
411,1,1,24.000000,0.700000,0.500000
412,0,0,60.000000,1.000000,0.500000
413,0,0,18.000000,0.000000,0.500000
414,1,1,18.000000,0.000000,0.500000
415,0,0,18.000000,0.000000,0.500000
416,1,1,30.000000,0.600000,0.500000
417,0,0,24.000000,0.700000,0.500000
418,1,1,24.000000,0.700000,0.500000
419,1,1,18.000000,0.000000,0.500000
420,1,1,18.000000,0.000000,0.500000
421,0,0,18.000000,0.000000,0.500000
422,0,0,54.000000,0.900000,0.500000
423,0,0,18.000000,0.000000,0.500000
424,0,0,18.000000,0.000000,0.500000
425,0,0,18.000000,0.000000,0.500000
426,0,0,18.000000,0.000000,0.500000
427,1,1,18.000000,0.000000,0.500000
428,0,0,36.000000,0.900000,0.500000
429,1,0,24.000000,0.700000,0.500000
430,0,0,24.000000,0.700000,0.500000
431,0,0,36.000000,0.900000,0.500000
432,1,1,18.000000,0.000000,0.500000
433,1,1,24.000000,0.700000,0.500000
434,1,0,36.000000,0.800000,0.500000
435,0,0,18.000000,0.000000,0.500000
436,1,1,36.000000,0.800000,0.500000
437,1,1,18.000000,0.000000,0.500000
438,0,0,18.000000,0.000000,0.500000
439,1,1,18.000000,0.000000,0.500000
440,1,1,30.000000,0.500000,0.500000
441,1,1,24.000000,0.700000,0.500000
442,1,1,18.000000,0.000000,0.500000
443,1,1,24.000000,0.700000,0.500000
444,1,1,30.000000,0.500000,0.500000
445,1,1,18.000000,0.000000,0.500000
446,1,1,18.000000,0.000000,0.500000
447,1,1,30.000000,0.600000,0.500000
448,1,1,18.000000,0.000000,0.500000
449,1,1,42.000000,0.800000,0.500000
450,1,1,30.000000,0.500000,0.500000
451,1,1,24.000000,0.700000,0.500000
452,1,1,30.000000,0.600000,0.500000
453,1,1,18.000000,0.000000,0.500000
454,0,0,18.000000,0.000000,0.500000
455,1,1,18.000000,0.000000,0.500000
456,0,0,18.000000,0.000000,0.500000
457,1,1,30.000000,0.600000,0.500000
458,0,0,30.000000,0.600000,0.500000
459,1,1,18.000000,0.000000,0.500000
460,0,0,18.000000,0.000000,0.500000
461,0,0,36.000000,0.900000,0.500000
462,1,1,18.000000,0.000000,0.500000
463,1,1,30.000000,0.600000,0.500000
464,1,1,24.000000,0.700000,0.500000
465,0,0,42.000000,0.800000,0.500000
466,0,0,30.000000,0.500000,0.500000
467,0,0,24.000000,0.700000,0.500000
468,1,1,18.000000,0.000000,0.500000
469,1,1,18.000000,0.000000,0.500000
470,0,0,18.000000,0.000000,0.500000
471,0,0,36.000000,0.800000,0.500000
472,0,0,42.000000,0.800000,0.500000
473,1,1,18.000000,0.000000,0.500000
474,0,0,42.000000,0.900000,0.500000
475,0,0,36.000000,0.900000,0.500000
476,1,1,18.000000,0.000000,0.500000
477,0,0,18.000000,0.000000,0.500000
478,0,1,24.000000,0.700000,0.500000
479,0,0,18.000000,0.000000,0.500000
480,1,1,18.000000,0.000000,0.500000
481,0,0,18.000000,0.000000,0.500000
482,1,1,18.000000,0.000000,0.500000
483,0,0,18.000000,0.000000,0.500000
484,0,0,42.000000,0.900000,0.500000
485,0,0,24.000000,0.700000,0.500000
486,1,1,30.000000,0.600000,0.500000
487,1,1,24.000000,0.700000,0.500000
488,0,0,24.000000,0.700000,0.500000
489,0,0,36.000000,0.800000,0.500000
490,1,1,24.000000,0.700000,0.500000
491,0,0,18.000000,0.000000,0.500000
492,1,1,24.000000,0.700000,0.500000
493,0,0,18.000000,0.000000,0.500000
494,0,0,30.000000,0.600000,0.500000
495,1,1,18.000000,0.000000,0.500000
496,0,0,18.000000,0.000000,0.500000
497,1,1,18.000000,0.000000,0.500000
498,0,0,24.000000,0.700000,0.500000
499,1,1,24.000000,0.700000,0.500000
500,1,1,18.000000,0.000000,0.500000
501,0,0,18.000000,0.000000,0.500000
502,1,1,18.000000,0.000000,0.500000
503,0,0,24.000000,0.700000,0.500000
504,0,0,36.000000,0.900000,0.500000
505,1,1,24.000000,0.700000,0.500000
506,0,0,18.000000,0.000000,0.500000
507,0,1,42.000000,0.800000,0.500000
508,1,1,30.000000,0.600000,0.500000
509,1,1,18.000000,0.000000,0.500000
510,1,1,36.000000,0.800000,0.500000
511,0,0,18.000000,0.000000,0.500000
512,0,0,18.000000,0.000000,0.500000
513,1,1,30.000000,0.500000,0.500000
514,1,1,30.000000,0.600000,0.500000
515,1,1,18.000000,0.000000,0.500000
516,0,0,18.000000,0.000000,0.500000
517,0,0,36.000000,0.900000,0.500000
518,1,1,24.000000,0.700000,0.500000
519,1,1,18.000000,0.000000,0.500000
520,0,0,18.000000,0.000000,0.500000
521,0,0,66.000000,0.900000,0.500000
522,0,0,24.000000,0.700000,0.500000
523,0,0,18.000000,0.000000,0.500000
524,0,0,18.000000,0.000000,0.500000
525,1,1,18.000000,0.000000,0.500000
526,0,0,24.000000,0.700000,0.500000
527,1,1,18.000000,0.000000,0.500000
528,1,1,18.000000,0.000000,0.500000
529,1,1,18.000000,0.000000,0.500000
530,0,0,18.000000,0.000000,0.500000
531,0,0,18.000000,0.000000,0.500000
532,0,0,24.000000,0.700000,0.500000
533,1,1,24.000000,0.700000,0.500000
534,0,0,18.000000,0.000000,0.500000
535,1,1,18.000000,0.000000,0.500000
536,1,1,18.000000,0.000000,0.500000
537,1,1,18.000000,0.000000,0.500000
538,1,1,24.000000,0.700000,0.500000
539,0,0,18.000000,0.000000,0.500000
540,1,1,24.000000,0.700000,0.500000
541,1,1,42.000000,0.800000,0.500000
542,0,0,24.000000,0.700000,0.500000
543,0,0,60.000000,0.900000,0.500000
544,1,1,18.000000,0.000000,0.500000
545,0,0,18.000000,0.000000,0.500000
546,1,1,18.000000,0.000000,0.500000
547,0,0,36.000000,0.800000,0.500000
548,1,1,24.000000,0.700000,0.500000
549,1,1,24.000000,0.700000,0.500000
550,1,1,18.000000,0.000000,0.500000
551,0,0,18.000000,0.000000,0.500000
552,0,0,18.000000,0.000000,0.500000
553,0,0,18.000000,0.000000,0.500000
554,1,1,18.000000,0.000000,0.500000
555,1,1,18.000000,0.000000,0.500000
556,1,1,24.000000,0.700000,0.500000
557,1,1,18.000000,0.000000,0.500000
558,1,1,18.000000,0.000000,0.500000
559,1,1,18.000000,0.000000,0.500000
560,1,1,42.000000,0.800000,0.500000
561,1,1,30.000000,0.600000,0.500000
562,0,0,42.000000,0.800000,0.500000
563,1,1,24.000000,0.700000,0.500000
564,0,0,18.000000,0.000000,0.500000
565,1,1,18.000000,0.000000,0.500000
566,0,0,18.000000,0.000000,0.500000
567,1,1,18.000000,0.000000,0.500000
568,1,0,36.000000,0.900000,0.500000
569,1,1,18.000000,0.000000,0.500000
570,0,0,24.000000,0.700000,0.500000
571,1,1,30.000000,0.600000,0.500000
572,0,0,36.000000,0.900000,0.500000
573,1,1,18.000000,0.000000,0.500000
574,1,1,42.000000,0.800000,0.500000
575,0,0,54.000000,0.900000,0.500000
576,0,0,18.000000,0.000000,0.500000
577,1,1,30.000000,0.600000,0.500000
578,1,1,18.000000,0.000000,0.500000
579,0,0,36.000000,0.900000,0.500000
580,1,1,18.000000,0.000000,0.500000
581,1,1,18.000000,0.000000,0.500000
582,1,1,18.000000,0.000000,0.500000
583,0,0,30.000000,0.600000,0.500000
584,0,0,18.000000,0.000000,0.500000
585,1,1,18.000000,0.000000,0.500000
586,1,1,24.000000,0.700000,0.500000
587,0,0,18.000000,0.000000,0.500000
588,0,0,18.000000,0.000000,0.500000
589,0,0,30.000000,0.500000,0.500000
590,0,0,18.000000,0.000000,0.500000
591,1,1,18.000000,0.000000,0.500000
592,1,1,36.000000,0.800000,0.500000
593,1,1,18.000000,0.000000,0.500000
594,1,1,42.000000,0.800000,0.500000
595,1,1,18.000000,0.000000,0.500000
596,0,0,24.000000,0.700000,0.500000
597,0,0,24.000000,0.700000,0.500000
598,1,1,18.000000,0.000000,0.500000
599,0,0,18.000000,0.000000,0.500000
600,1,1,36.000000,0.800000,0.500000
601,0,0,18.000000,0.000000,0.500000
602,0,0,18.000000,0.000000,0.500000
603,0,0,24.000000,0.700000,0.500000
604,0,0,18.000000,0.000000,0.500000
605,0,0,48.000000,0.900000,0.500000
606,1,1,18.000000,0.000000,0.500000
607,1,1,18.000000,0.000000,0.500000
608,0,0,18.000000,0.000000,0.500000
609,1,1,18.000000,0.000000,0.500000
610,0,1,30.000000,0.600000,0.500000
611,0,0,18.000000,0.000000,0.500000
612,0,0,24.000000,0.700000,0.500000
613,0,0,24.000000,0.700000,0.500000
614,0,0,36.000000,0.800000,0.500000
615,1,1,18.000000,0.000000,0.500000
616,0,0,24.000000,0.700000,0.500000
617,0,0,18.000000,0.000000,0.500000
618,0,0,18.000000,0.000000,0.500000
619,1,1,18.000000,0.000000,0.500000
620,0,0,18.000000,0.000000,0.500000
621,0,0,30.000000,0.600000,0.500000
622,1,1,18.000000,0.000000,0.500000
623,0,0,18.000000,0.000000,0.500000
624,1,1,18.000000,0.000000,0.500000
625,1,1,18.000000,0.000000,0.500000
626,0,0,30.000000,0.600000,0.500000
627,1,1,30.000000,0.600000,0.500000
628,0,0,18.000000,0.000000,0.500000
629,1,1,18.000000,0.000000,0.500000
630,0,0,18.000000,0.000000,0.500000
631,1,1,48.000000,0.900000,0.500000
632,0,0,24.000000,0.700000,0.500000
633,0,0,18.000000,0.000000,0.500000
634,0,0,42.000000,0.800000,0.500000
635,1,1,24.000000,0.700000,0.500000
636,1,1,18.000000,0.000000,0.500000
637,0,0,36.000000,0.800000,0.500000
638,0,0,18.000000,0.000000,0.500000
639,1,1,24.000000,0.700000,0.500000
640,0,0,24.000000,0.700000,0.500000
641,0,0,18.000000,0.000000,0.500000
642,0,0,18.000000,0.000000,0.500000
643,1,1,24.000000,0.700000,0.500000
644,0,1,60.000000,0.900000,0.500000
645,1,1,42.000000,0.900000,0.500000
646,1,1,18.000000,0.000000,0.500000
647,1,1,30.000000,0.600000,0.500000
648,1,1,18.000000,0.000000,0.500000
649,0,0,18.000000,0.000000,0.500000
650,1,1,24.000000,0.700000,0.500000
651,1,1,18.000000,0.000000,0.500000
652,1,1,42.000000,0.800000,0.500000
653,0,0,24.000000,0.700000,0.500000
654,1,1,18.000000,0.000000,0.500000
655,0,0,24.000000,0.700000,0.500000
656,0,0,24.000000,0.700000,0.500000
657,0,0,36.000000,0.800000,0.500000
658,1,1,30.000000,0.600000,0.500000
659,0,0,18.000000,0.000000,0.500000
660,0,0,24.000000,0.700000,0.500000
661,1,1,30.000000,0.600000,0.500000
662,0,0,18.000000,0.000000,0.500000
663,0,0,24.000000,0.700000,0.500000
664,0,0,18.000000,0.000000,0.500000
665,0,0,24.000000,0.700000,0.500000
666,1,1,30.000000,0.600000,0.500000
667,1,1,18.000000,0.000000,0.500000
668,0,0,30.000000,0.600000,0.500000
669,0,0,24.000000,0.700000,0.500000
670,1,0,42.000000,0.900000,0.500000
671,0,0,18.000000,0.000000,0.500000
672,1,1,36.000000,0.800000,0.500000
673,1,1,48.000000,0.900000,0.500000
674,0,0,18.000000,0.000000,0.500000
675,0,0,66.000000,1.000000,0.500000
676,0,0,24.000000,0.700000,0.500000
677,1,1,60.000000,0.900000,0.500000
678,1,1,24.000000,0.700000,0.500000
679,0,0,30.000000,0.600000,0.500000
680,0,0,24.000000,0.700000,0.500000
681,0,0,18.000000,0.000000,0.500000
682,1,1,18.000000,0.000000,0.500000
683,1,1,36.000000,0.900000,0.500000
684,1,1,18.000000,0.000000,0.500000
685,1,1,18.000000,0.000000,0.500000
686,1,1,30.000000,0.600000,0.500000
687,1,1,18.000000,0.000000,0.500000
688,0,0,36.000000,0.800000,0.500000
689,1,1,24.000000,0.700000,0.500000
690,0,0,24.000000,0.700000,0.500000
691,1,1,18.000000,0.000000,0.500000
692,0,0,18.000000,0.000000,0.500000
693,1,1,18.000000,0.000000,0.500000
694,0,0,24.000000,0.700000,0.500000
695,1,1,30.000000,0.600000,0.500000
696,0,0,18.000000,0.000000,0.500000
697,1,1,18.000000,0.000000,0.500000
698,1,1,18.000000,0.000000,0.500000
699,1,1,18.000000,0.000000,0.500000
700,1,1,48.000000,0.900000,0.500000
701,0,0,30.000000,0.900000,0.500000
702,1,1,18.000000,0.000000,0.500000
703,0,0,18.000000,0.000000,0.500000
704,0,0,36.000000,0.800000,0.500000
705,0,0,18.000000,0.000000,0.500000
706,1,1,18.000000,0.000000,0.500000
707,1,1,18.000000,0.000000,0.500000
708,1,1,18.000000,0.000000,0.500000
709,0,0,42.000000,0.800000,0.500000
710,1,1,18.000000,0.000000,0.500000
711,1,1,24.000000,0.700000,0.500000
712,1,1,36.000000,0.800000,0.500000
713,0,0,18.000000,0.000000,0.500000
714,1,1,24.000000,0.700000,0.500000
715,0,0,18.000000,0.000000,0.500000
716,0,0,18.000000,0.000000,0.500000
717,1,1,18.000000,0.000000,0.500000
718,1,1,18.000000,0.000000,0.500000
719,1,1,18.000000,0.000000,0.500000
720,0,0,18.000000,0.000000,0.500000
721,0,0,24.000000,0.700000,0.500000
722,1,1,18.000000,0.000000,0.500000
723,1,1,18.000000,0.000000,0.500000
724,1,1,24.000000,0.700000,0.500000
725,0,0,24.000000,0.700000,0.500000
726,0,0,18.000000,0.000000,0.500000
727,1,1,18.000000,0.000000,0.500000
728,1,1,24.000000,0.700000,0.500000
729,1,1,18.000000,0.000000,0.500000
730,1,1,18.000000,0.000000,0.500000
731,0,0,24.000000,0.700000,0.500000
732,1,1,36.000000,0.800000,0.500000
733,0,0,18.000000,0.000000,0.500000
734,1,1,18.000000,0.000000,0.500000
735,0,0,24.000000,0.700000,0.500000
736,0,0,24.000000,0.700000,0.500000
737,1,1,18.000000,0.000000,0.500000
738,0,0,18.000000,0.000000,0.500000
739,0,0,18.000000,0.000000,0.500000
740,1,1,30.000000,0.600000,0.500000
741,1,1,24.000000,0.700000,0.500000
742,0,0,36.000000,0.900000,0.500000
743,0,0,18.000000,0.000000,0.500000
744,1,1,24.000000,0.700000,0.500000
745,0,0,18.000000,0.000000,0.500000
746,0,0,18.000000,0.000000,0.500000
747,1,1,48.000000,0.900000,0.500000
748,0,0,42.000000,0.800000,0.500000
749,0,0,18.000000,0.000000,0.500000
750,0,0,24.000000,0.700000,0.500000
751,0,0,24.000000,0.700000,0.500000
752,0,0,18.000000,0.000000,0.500000
753,1,1,18.000000,0.000000,0.500000
754,1,1,18.000000,0.000000,0.500000
755,0,0,18.000000,0.000000,0.500000
756,1,1,24.000000,0.700000,0.500000
757,1,1,66.000000,0.900000,0.500000
758,0,0,18.000000,0.000000,0.500000
759,1,1,30.000000,0.600000,0.500000
760,0,0,18.000000,0.000000,0.500000
761,1,1,36.000000,0.800000,0.500000
762,0,0,36.000000,0.900000,0.500000
763,1,1,18.000000,0.000000,0.500000
764,1,1,18.000000,0.000000,0.500000
765,1,1,36.000000,0.800000,0.500000
766,1,1,18.000000,0.000000,0.500000
767,1,1,18.000000,0.000000,0.500000
768,0,0,48.000000,0.900000,0.500000
769,0,0,18.000000,0.000000,0.500000
770,1,1,18.000000,0.000000,0.500000
771,0,1,36.000000,0.900000,0.500000
772,1,1,18.000000,0.000000,0.500000
773,0,0,18.000000,0.000000,0.500000
774,1,1,18.000000,0.000000,0.500000
775,0,0,18.000000,0.000000,0.500000
776,1,1,42.000000,0.800000,0.500000
777,0,0,18.000000,0.000000,0.500000
778,1,1,36.000000,0.800000,0.500000
779,0,0,18.000000,0.000000,0.500000
780,0,0,18.000000,0.000000,0.500000
781,0,0,24.000000,0.700000,0.500000
782,0,0,24.000000,0.700000,0.500000
783,0,0,18.000000,0.000000,0.500000
784,1,1,30.000000,0.600000,0.500000
785,1,1,18.000000,0.000000,0.500000
786,1,1,30.000000,0.600000,0.500000
787,0,0,24.000000,0.700000,0.500000
788,1,1,36.000000,0.800000,0.500000
789,1,1,36.000000,0.800000,0.500000
790,0,0,18.000000,0.000000,0.500000
791,0,0,18.000000,0.000000,0.500000
792,0,0,42.000000,0.900000,0.500000
793,0,0,48.000000,0.900000,0.500000
794,1,1,18.000000,0.000000,0.500000
795,0,0,66.000000,0.900000,0.500000
796,1,1,18.000000,0.000000,0.500000
797,0,0,18.000000,0.000000,0.500000
798,1,1,18.000000,0.000000,0.500000
799,1,1,18.000000,0.000000,0.500000
800,0,0,18.000000,0.000000,0.500000
801,1,1,18.000000,0.000000,0.500000
802,0,0,18.000000,0.000000,0.500000
803,1,1,18.000000,0.000000,0.500000
804,1,1,42.000000,0.800000,0.500000
805,1,1,24.000000,0.700000,0.500000
806,1,1,18.000000,0.000000,0.500000
807,1,1,18.000000,0.000000,0.500000
808,1,1,30.000000,0.900000,0.500000
809,0,0,18.000000,0.000000,0.500000
810,1,1,30.000000,0.500000,0.500000
811,1,1,18.000000,0.000000,0.500000
812,0,0,18.000000,0.000000,0.500000
813,1,1,30.000000,0.600000,0.500000
814,0,0,18.000000,0.000000,0.500000
815,0,0,24.000000,0.700000,0.500000
816,1,1,18.000000,0.000000,0.500000
817,0,0,18.000000,0.000000,0.500000
818,1,1,24.000000,0.700000,0.500000
819,1,1,36.000000,0.800000,0.500000
820,1,1,18.000000,0.000000,0.500000
821,0,0,18.000000,0.000000,0.500000
822,0,0,18.000000,0.000000,0.500000
823,0,0,18.000000,0.000000,0.500000
824,1,1,36.000000,0.800000,0.500000
825,0,0,36.000000,0.800000,0.500000
826,1,1,18.000000,0.000000,0.500000
827,1,1,18.000000,0.000000,0.500000
828,1,0,36.000000,0.800000,0.500000
829,1,1,18.000000,0.000000,0.500000
830,1,1,18.000000,0.000000,0.500000
831,0,0,18.000000,0.000000,0.500000
832,1,1,18.000000,0.000000,0.500000
833,1,1,18.000000,0.000000,0.500000
834,0,0,24.000000,0.700000,0.500000
835,1,1,18.000000,0.000000,0.500000
836,1,1,48.000000,0.900000,0.500000
837,0,0,18.000000,0.000000,0.500000
838,1,1,18.000000,0.000000,0.500000
839,0,0,24.000000,0.700000,0.500000
840,1,1,18.000000,0.000000,0.500000
841,1,1,24.000000,0.700000,0.500000
842,0,0,18.000000,0.000000,0.500000
843,1,1,18.000000,0.000000,0.500000
844,0,0,18.000000,0.000000,0.500000
845,1,1,18.000000,0.000000,0.500000
846,0,0,18.000000,0.000000,0.500000
847,1,1,18.000000,0.000000,0.500000
848,0,0,24.000000,0.700000,0.500000
849,1,1,24.000000,0.700000,0.500000
850,1,1,30.000000,0.600000,0.500000
851,0,0,36.000000,0.800000,0.500000
852,1,1,18.000000,0.000000,0.500000
853,0,0,24.000000,0.700000,0.500000
854,0,0,18.000000,0.000000,0.500000
855,1,0,24.000000,0.700000,0.500000
856,0,0,30.000000,0.500000,0.500000
857,1,1,24.000000,0.700000,0.500000
858,0,0,30.000000,0.600000,0.500000
859,0,0,36.000000,0.900000,0.500000
860,0,0,18.000000,0.000000,0.500000
861,0,0,30.000000,0.900000,0.500000
862,0,0,18.000000,0.000000,0.500000
863,1,1,48.000000,0.900000,0.500000
864,0,0,18.000000,0.000000,0.500000
865,1,1,18.000000,0.000000,0.500000
866,0,0,18.000000,0.000000,0.500000
867,0,0,18.000000,0.000000,0.500000
868,0,0,18.000000,0.000000,0.500000
869,0,0,18.000000,0.000000,0.500000
870,1,1,30.000000,0.600000,0.500000
871,1,1,18.000000,0.000000,0.500000
872,0,0,18.000000,0.000000,0.500000
873,0,0,18.000000,0.000000,0.500000
874,0,0,18.000000,0.000000,0.500000
875,0,0,24.000000,0.700000,0.500000
876,1,1,18.000000,0.000000,0.500000
877,0,0,30.000000,0.600000,0.500000
878,1,1,18.000000,0.000000,0.500000
879,0,0,18.000000,0.000000,0.500000
880,1,1,18.000000,0.000000,0.500000
881,0,0,18.000000,0.000000,0.500000
882,0,0,30.000000,0.600000,0.500000
883,1,1,18.000000,0.000000,0.500000
884,1,1,30.000000,0.600000,0.500000
885,0,0,18.000000,0.000000,0.500000
886,1,1,18.000000,0.000000,0.500000
887,0,0,18.000000,0.000000,0.500000
888,1,1,18.000000,0.000000,0.500000
889,1,1,18.000000,0.000000,0.500000
890,0,0,18.000000,0.000000,0.500000
891,1,1,78.000000,1.000000,0.500000
892,1,1,18.000000,0.000000,0.500000
893,1,1,18.000000,0.000000,0.500000
894,1,1,18.000000,0.000000,0.500000
895,1,1,18.000000,0.000000,0.500000
896,1,1,24.000000,0.700000,0.500000
897,0,0,18.000000,0.000000,0.500000
898,0,0,18.000000,0.000000,0.500000
899,0,0,18.000000,0.000000,0.500000
900,0,0,42.000000,0.900000,0.500000
901,1,1,24.000000,0.700000,0.500000
902,0,0,24.000000,0.700000,0.500000
903,0,0,18.000000,0.000000,0.500000
904,1,1,18.000000,0.000000,0.500000
905,0,0,18.000000,0.000000,0.500000
906,0,0,24.000000,0.700000,0.500000
907,0,0,18.000000,0.000000,0.500000
908,1,0,18.000000,0.000000,0.500000
909,0,0,36.000000,0.900000,0.500000
910,1,1,18.000000,0.000000,0.500000
911,1,1,18.000000,0.000000,0.500000
912,1,1,24.000000,0.700000,0.500000
913,0,0,18.000000,0.000000,0.500000
914,1,1,30.000000,0.500000,0.500000
915,1,1,18.000000,0.000000,0.500000
916,0,0,30.000000,0.600000,0.500000
917,1,1,30.000000,0.500000,0.500000
918,1,1,18.000000,0.000000,0.500000
919,1,1,18.000000,0.000000,0.500000
920,1,1,30.000000,0.500000,0.500000
921,0,0,24.000000,0.700000,0.500000
922,1,1,36.000000,0.900000,0.500000
923,1,1,18.000000,0.000000,0.500000
924,1,0,18.000000,0.000000,0.500000
925,0,0,18.000000,0.000000,0.500000
926,1,1,18.000000,0.000000,0.500000
927,0,0,30.000000,0.600000,0.500000
928,0,0,24.000000,0.700000,0.500000
929,1,1,18.000000,0.000000,0.500000
930,0,0,30.000000,0.600000,0.500000
931,0,0,18.000000,0.000000,0.500000
932,0,0,24.000000,0.700000,0.500000
933,1,1,36.000000,0.800000,0.500000
934,0,0,18.000000,0.000000,0.500000
935,1,1,24.000000,0.700000,0.500000
936,0,0,30.000000,0.600000,0.500000
937,0,0,18.000000,0.000000,0.500000
938,0,0,18.000000,0.000000,0.500000
939,1,1,18.000000,0.000000,0.500000
940,1,1,30.000000,0.600000,0.500000
941,0,0,24.000000,0.700000,0.500000
942,1,1,30.000000,0.600000,0.500000
943,0,0,18.000000,0.000000,0.500000
944,1,1,24.000000,0.700000,0.500000
945,0,0,18.000000,0.000000,0.500000
946,0,0,18.000000,0.000000,0.500000
947,1,1,18.000000,0.000000,0.500000
948,1,1,18.000000,0.000000,0.500000
949,1,1,18.000000,0.000000,0.500000
950,1,1,18.000000,0.000000,0.500000
951,0,0,18.000000,0.000000,0.500000
952,1,1,18.000000,0.000000,0.500000
953,0,0,18.000000,0.000000,0.500000
954,0,0,24.000000,0.700000,0.500000
955,1,1,30.000000,0.600000,0.500000
956,1,1,30.000000,0.600000,0.500000
957,1,1,36.000000,0.900000,0.500000
958,1,1,24.000000,0.700000,0.500000
959,0,0,42.000000,0.800000,0.500000
960,1,1,30.000000,0.500000,0.500000
961,0,0,24.000000,0.700000,0.500000
962,0,0,30.000000,0.600000,0.500000
963,1,1,42.000000,0.800000,0.500000
964,1,1,18.000000,0.000000,0.500000
965,1,1,18.000000,0.000000,0.500000
966,1,1,18.000000,0.000000,0.500000
967,0,0,18.000000,0.000000,0.500000
968,1,1,18.000000,0.000000,0.500000
969,0,0,36.000000,0.800000,0.500000
970,1,1,18.000000,0.000000,0.500000
971,0,0,18.000000,0.000000,0.500000
972,1,1,30.000000,0.600000,0.500000
973,1,1,24.000000,0.700000,0.500000
974,0,0,18.000000,0.000000,0.500000
975,0,0,30.000000,0.600000,0.500000
976,1,1,18.000000,0.000000,0.500000
977,1,1,18.000000,0.000000,0.500000
978,0,0,18.000000,0.000000,0.500000
979,0,0,36.000000,0.900000,0.500000
980,1,1,18.000000,0.000000,0.500000
981,1,1,18.000000,0.000000,0.500000
982,0,0,18.000000,0.000000,0.500000
983,0,0,48.000000,0.900000,0.500000
984,1,1,18.000000,0.000000,0.500000
985,0,0,24.000000,0.700000,0.500000
986,1,1,48.000000,0.900000,0.500000
987,0,0,24.000000,0.700000,0.500000
988,0,0,18.000000,0.000000,0.500000
989,1,1,18.000000,0.000000,0.500000
990,0,0,54.000000,0.900000,0.500000
991,0,0,30.000000,0.600000,0.500000
992,0,0,18.000000,0.000000,0.500000
993,0,0,36.000000,0.800000,0.500000
994,0,0,18.000000,0.000000,0.500000
995,0,0,42.000000,0.800000,0.500000
996,1,1,30.000000,0.600000,0.500000
997,0,0,18.000000,0.000000,0.500000
998,1,1,18.000000,0.000000,0.500000
999,1,1,24.000000,0.700000,0.500000
WorkerID,Gamma,TrueGamma
1644,0.503113,0.552226
1905,0.397265,0.471533
1063,0.444815,0.404161
1599,0.339406,0.895735
1775,0.318747,0.845792
1961,0.456235,1.875357
1338,0.402815,0.476376
1308,0.350271,0.671782
1303,0.387780,0.930322
1509,0.340654,0.334124
1296,0.460145,0.687645
1899,0.351393,0.969032
1110,0.418198,0.346304
1871,0.366471,0.535803
1628,0.250080,0.378335
1277,0.461170,0.249082
1456,0.427694,0.660268
1942,0.402063,0.509907
1800,0.339484,0.344290
1802,0.314253,0.719721
1302,0.285829,0.230324
1582,0.390145,0.735791
1926,0.377217,1.005780
1330,0.277756,0.576220
1646,0.578774,0.835405
1902,0.362306,0.490215
1472,0.508128,0.378233
1606,0.584043,0.870213
1121,0.533885,0.720595
1959,0.460942,0.430376
1613,0.341936,0.496605
1936,0.548917,0.551464
1749,0.543362,1.172635
1243,0.298075,0.504024
1855,0.334711,0.359230
1337,0.348318,1.290696
1365,0.464447,0.889657
1987,0.293582,0.848962
1187,0.379560,0.782519
1348,0.292978,0.166827
1875,0.453586,0.666655
1103,0.657007,1.052281
1798,0.482804,0.626224
1369,0.341651,0.590341
1293,0.353582,0.367291
1761,0.437033,1.146301
1082,0.464261,0.623545
1516,0.565823,1.152090
1701,0.478962,0.613368
1105,0.327109,0.330357
1272,0.642979,1.056274
1828,0.352275,0.258360
1722,0.431981,0.450539
1958,0.292622,0.560420
1449,0.274093,0.695845
1717,0.280256,0.386261
1464,0.490654,0.857543
1402,0.369627,0.700546
1142,0.607723,0.648534
1553,0.604244,1.229094
1306,0.450355,1.294307
1492,0.301119,0.642919
1763,0.189584,0.239721
1422,0.267624,0.810318
1518,0.540573,0.327505
1820,0.491842,0.787509
1554,0.449579,0.925256
1844,0.373211,0.727358
1215,0.504233,1.306106
1192,0.396185,0.400220
1022,0.366360,0.998482
1424,0.488843,0.486473
1265,0.311100,0.435286
1617,0.334881,0.329503
1829,0.359469,0.289322
1539,0.487694,0.929789
1738,0.254024,0.234254
1156,0.376293,0.561016
1000,0.505130,0.592825
1532,0.633675,1.012667
1991,0.427220,0.542029
1169,0.372360,0.661154
1003,0.624544,0.640461
1213,0.380651,0.196650
1324,0.316165,0.607880
1728,0.484362,0.450680
1723,0.415255,0.617248
1124,0.528856,0.301526
1703,0.486723,0.847136
1307,0.530351,0.741869
1494,0.373931,0.697004
1921,0.540143,0.559702
1524,0.382141,0.826781
1276,0.639031,0.965187
1007,0.377437,0.305594
1526,0.459887,1.126638
1629,0.592309,1.431504
1745,0.316140,0.177660
1362,0.485217,0.143071
1319,0.412957,0.581262
1508,0.321769,0.202592
1770,0.387810,0.397135
1209,0.457968,0.892742
1195,0.354910,0.599801
1010,0.523590,0.680745
1153,0.343408,0.794130
1062,0.414072,0.362134
1593,0.357878,0.363641
1075,0.499832,0.647061
1515,0.516675,1.367038
1418,0.352732,0.387860
1542,0.587451,1.259617
1912,0.349991,0.580654
1334,0.344879,0.188766
1826,0.416888,0.556566
1536,0.342246,0.978469
1064,0.513284,0.226580
1221,0.389361,0.760625
1083,0.367364,0.464979
1602,0.352980,0.268816
1452,0.393437,0.932987
1085,0.488797,0.780338
1560,0.560687,0.998274
1099,0.368066,0.104026
1898,0.637061,0.633021
1997,0.369195,0.397154
1690,0.429001,0.138724
1907,0.488854,0.491138
1386,0.371230,0.740799
1846,0.485076,0.746947
1719,0.345622,0.908673
1397,0.364563,0.525523
1403,0.520457,0.574852
1853,0.511409,0.566894
1198,0.528777,0.963164
1622,0.447291,0.764194
1419,0.394080,0.864858
1202,0.405360,0.947223
1164,0.367470,0.612930
1498,0.338652,0.709597
1012,0.465294,0.513529
1757,0.361814,0.489770
1519,0.424648,0.735629
1219,0.531126,0.853641
1125,0.404886,0.817549
1767,0.462401,0.941094
1659,0.311751,0.361986
1523,0.432000,0.320264
1088,0.671675,1.184528
1695,0.353008,0.917113
1600,0.390755,1.088815
1530,0.501418,1.092440
1489,0.538390,0.420223
1552,0.374986,0.434893
1610,0.576389,0.806149
1839,0.414747,0.748073
1032,0.391736,0.492844
1947,0.371533,1.135175
1943,0.512070,0.519077
1081,0.774928,0.740543
1932,0.345120,0.730618
1704,0.393194,1.184467
1832,0.548939,0.459093
1666,0.297859,0.203836
1360,0.573123,0.897047
1510,0.628079,1.032582
1634,0.373504,0.685506
1137,0.400843,0.742936
1356,0.472174,0.359492
1430,0.540350,0.596638
1694,0.414032,0.827193
1679,0.477345,0.555641
1609,0.362960,0.852420
1625,0.385138,0.537689
1230,0.381296,0.416564
1009,0.521862,0.650632
1869,0.367102,1.044362
1084,0.489352,0.531765
1889,0.364389,0.195263
1364,0.379950,0.500562
1971,0.407292,0.113346
1683,0.513080,0.408263
1808,0.517291,0.644785
1013,0.373967,1.417441
1818,0.506252,0.363833
1175,0.373561,0.392818
1436,0.457415,0.969955
1152,0.393313,0.233922
1739,0.344545,0.577497
1503,0.435974,0.669925
1662,0.537898,0.416364
1817,0.345063,0.872496
1821,0.345128,0.245531
1279,0.514782,0.366521
1179,0.530527,1.375753
1393,0.360478,0.380112
1669,0.503864,0.752721
1035,0.513012,0.380087
1909,0.627252,1.453193
1165,0.621221,0.609737
1261,0.327278,0.584766
1665,0.596872,0.666139
1624,0.379568,1.092131
1803,0.608489,1.188665
1852,0.311821,0.624368
1927,0.415007,0.462348
1541,0.377469,0.481754
1598,0.397433,0.744602
1055,0.373388,1.337576
1891,0.717577,0.564676
1224,0.406928,0.730166
1161,0.546131,0.344882
1684,0.347662,0.197527
1174,0.324057,0.692451
1463,0.345512,0.551037
1097,0.521778,0.673965
1654,0.429784,1.057690
1305,0.359716,0.764292
1783,0.359599,0.675636
1190,0.569888,1.062405
1837,0.441429,0.165910
1581,0.404608,0.415992
1448,0.482039,0.490828
1395,0.350713,0.548840
1740,0.375931,0.845994
1485,0.464139,1.373502
1945,0.769796,1.041706
1235,0.562253,0.416953
1811,0.424091,0.396416
1208,0.318449,0.565506
1029,0.482207,0.808046
1949,0.413397,0.642284
1438,0.508224,0.671311
1676,0.304130,0.332448
1938,0.610138,0.363017
1385,0.491097,1.043166
1586,0.511381,0.845609
1886,0.564251,0.301754
1916,0.741048,0.727049
1095,0.489924,0.500610
1486,0.553132,0.890699
1970,0.400683,0.905782
1280,0.466983,1.054956
1867,0.344645,0.383082
1382,0.357506,0.612105
1200,0.432029,0.273842
1725,0.372749,1.108192
1835,0.316850,0.480066
1468,0.486295,1.232470
1674,0.381295,0.685138
1557,0.443702,0.448312
1094,0.383216,0.361646
1047,0.832447,1.123302
1988,0.399869,0.443349
1849,0.427024,0.665619
1753,0.355962,0.480372
1863,0.701169,0.379425
1845,0.371651,0.504610
1027,0.781406,0.732443
1247,0.401002,0.398957
1349,0.963031,1.348767
1301,0.420229,0.423722
1861,0.335731,1.079581
1635,0.354524,0.320069
1823,0.367413,0.486982
1414,0.586896,0.875221
1059,0.508491,0.434257
1647,0.571544,0.745660
1933,0.326396,0.862806
1333,0.381290,0.838311
1317,0.503256,0.865672
1014,0.536594,0.947145
1405,0.370317,0.330625
1031,0.488476,1.277981
1451,0.522729,1.772778
1521,0.374231,0.680752
1604,0.395910,0.791890
1089,0.442462,0.315390
1065,0.361163,0.477088
1605,0.360461,0.455407
1895,0.366935,0.991852
1995,0.362940,0.636692
1649,0.351256,0.801129
1955,0.506093,0.767737
1630,0.509495,2.043035
1325,0.631330,0.809312
1295,0.317859,0.503350
1036,0.469392,0.712486
1484,0.336222,0.945655
1476,0.356617,0.458280
1664,0.339497,0.196870
1410,0.448725,0.469799
1601,0.377694,0.654811
1241,0.331932,0.777058
1576,0.350738,0.380942
1998,0.593508,1.114993
1312,0.420236,1.234205
1873,0.624642,0.659626
1469,0.454698,0.981978
1653,0.493196,0.420817
1794,0.344358,0.475685
1316,0.455415,0.629537
1540,0.581962,1.091120
1597,0.521241,0.617917
1534,0.558518,0.861069
1533,0.526820,0.873832
1789,0.390881,0.757963
1983,0.463724,0.702087
1517,0.477070,0.915128
1242,0.324809,0.385451
1118,0.492258,0.836787
1092,0.563865,0.908741
1379,0.498726,1.240278
1765,0.514534,0.106012
1595,0.369327,0.236461
1311,0.405014,0.702406
1663,0.224682,0.232301
1470,0.377380,0.609502
1310,0.530628,1.738625
1712,0.380916,1.200972
1737,0.364145,0.273675
1049,0.329774,0.364507
1061,0.298535,1.010414
1673,0.464897,0.546508
1482,0.314521,0.279224
1191,0.386992,0.468281
1493,0.420882,0.641826
1908,0.390038,0.882252
1155,0.365269,0.699554
1750,0.542058,0.588320
1466,0.389940,0.379905
1833,0.489476,0.909143
1978,0.634280,0.705427
1477,0.367582,0.998155
1091,0.544183,0.901263
1159,0.495873,0.710162
1038,0.406849,0.382892
1233,0.534723,1.286825
1185,0.524062,0.990922
1499,0.383802,0.937223
1812,0.324044,0.899864
1511,0.448371,0.841476
1114,0.553345,0.577204
1732,0.329769,0.641325
1041,0.353479,0.509352
1275,0.398411,1.489319
1720,0.377653,0.510627
1070,0.382192,1.884433
1231,0.360875,1.138113
1453,0.408777,0.272314
1980,0.399515,0.324687
1465,0.428902,0.276177
1495,0.413705,0.288853
1018,0.600082,0.381546
1777,0.459023,0.680040
1918,0.527865,0.786688
1960,0.506796,0.274774
1087,0.403429,0.207501
1551,0.481739,1.078396
1615,0.541805,0.588290
1977,0.390059,0.640289
1250,0.449479,1.868713
1129,0.466068,0.239688
1073,0.631212,0.688052
1141,0.401580,0.267013
1134,0.338131,0.849036
1632,0.282746,0.486304
1705,0.491287,0.307350
1834,0.391068,0.504330
1017,0.383415,0.429257
1594,0.395061,0.744872
1090,0.576817,0.967817
1901,0.711013,0.683394
1561,0.511153,1.108524
1420,0.709088,0.976990
1721,0.426391,0.350036
1571,0.324169,0.211942
1069,0.610925,0.950980
1380,0.490067,0.918585
1788,0.479804,0.844267
1428,0.364468,0.552725
1421,0.381714,0.320905
1251,0.492967,1.405386
1931,0.407743,0.737195
1042,0.411924,0.216815
1847,0.401335,0.636324
1543,0.546169,0.935111
1274,0.368619,0.287294
1043,0.400534,1.283093
1996,0.405023,0.200878
1002,0.500644,0.799288
1591,0.640458,0.640226
1298,0.386317,0.381990
1976,0.576898,1.054065
1954,0.407629,0.472143
1399,0.357084,0.667081
1848,0.455685,0.456531
1999,0.538037,0.301068
1565,0.355510,0.716013
1343,0.431334,1.119376
1797,0.397891,0.466343
1104,0.492470,0.508167
1698,0.471759,0.427246
1713,0.421033,0.810833
1661,0.392782,0.681388
1115,0.479181,0.509278
1904,0.574981,0.541402
1268,0.375174,0.883934
1778,0.363987,0.691298
1697,0.378766,0.648639
1290,0.387087,0.621431
1442,0.465740,0.833987
1585,0.340895,0.640343
1473,0.408837,0.552086
1715,0.360841,0.282479
1259,0.407786,0.319054
1196,0.410518,0.503306
1572,0.317540,0.848394
1437,0.507187,0.573445
1756,0.384416,0.293708
1596,0.522760,1.155946
1772,0.359540,0.852785
1607,0.374222,0.133218
1660,0.408461,0.640928
1488,0.433673,0.690517
1843,0.330259,0.878871
1171,0.346497,0.398154
1985,0.838737,0.771524
1937,0.580023,0.926526
1387,0.434535,1.769756
1924,0.522444,0.769896
1892,0.446467,0.353216
1645,0.398473,0.761860
1877,0.509728,1.141512
1201,0.299974,0.549290
1483,0.488123,0.445621
1922,0.252802,0.244819
1780,0.391803,0.689567
1587,0.552375,0.515486
1627,0.523627,0.356739
1400,0.524169,0.803398
1822,0.357595,0.425672
1371,0.617025,1.391459
1699,0.350943,0.296350
1133,0.497247,0.261721
1050,0.397204,1.078639
1744,0.358910,1.245239
1672,0.525882,0.719316
1429,0.333986,2.291517
1288,0.401127,0.787682
1579,0.395313,0.418727
1006,0.399010,0.609449
1244,0.384734,0.272551
1529,0.616441,0.606146
1762,0.336353,0.656423
1790,0.395843,0.667965
1151,0.388788,1.255660
1381,0.565382,1.032004
1512,0.542927,0.652469
1975,0.364069,0.418329
1911,0.375309,0.914851
1643,0.636635,0.327126
1935,0.371996,0.292507
1514,0.410270,0.607908
1930,0.304716,0.281696
1444,0.572160,0.303084
1217,0.494302,0.369378
1742,0.375992,0.885797
1454,0.635267,1.036806
1716,0.514257,0.674334
1575,0.413932,0.512515
1963,0.495821,0.369478
1052,0.368917,0.303322
1865,0.396273,0.468453
1688,0.384989,0.376960
1856,0.355278,0.582886
1390,0.640829,0.378104
1537,0.569051,0.304786
1404,0.365585,0.217599
1383,0.410666,0.181426
1228,0.545439,0.702741
1166,0.396539,0.467607
1266,0.329573,0.364165
1992,0.389334,0.817476
1056,0.503525,0.493098
1578,0.685490,0.743725
1282,0.417222,0.680534
1182,0.620751,0.734967
1714,0.551634,1.124521
1769,0.504795,0.673688
1416,0.557854,0.566358
1879,0.330789,0.656546
1815,0.503198,1.065027
1163,0.729866,1.836646
1172,0.654827,0.499069
1389,0.417400,1.380212
1548,0.360321,0.174719
1650,0.462714,0.812186
1633,0.365636,0.283113
1001,0.474145,0.712313
1140,0.367906,0.986751
1135,0.529065,0.504847
1345,0.346396,0.354597
1589,0.404537,1.812246
1112,0.294520,0.267669
1566,0.840154,0.622366
1556,0.417613,0.762429
1729,0.474933,0.538180
1681,0.609132,1.269226
1946,0.386123,0.776463
1374,0.387164,0.233866
1546,0.305815,1.374952
1838,0.353573,0.673247
1784,0.430167,0.702835
1127,0.472229,0.558776
1335,0.427049,0.525695
1015,0.312283,0.371112
1870,0.293513,0.345543
1758,0.390383,1.242129
1285,0.487712,1.033588
1459,0.332302,0.507546
1741,0.374573,1.012126
1350,0.287810,0.446511
1168,0.352718,1.246622
1435,0.434989,0.740919
1480,0.314540,0.934403
1668,0.616367,0.724878
1109,0.409851,1.034417
1234,0.391872,0.220780
1434,0.533923,0.902142
1236,0.485109,1.224646
1782,0.419325,0.217749
1284,0.399574,0.387252
1079,0.468133,0.653976
1176,0.536738,1.121856
1450,0.481720,0.063012
1207,0.350698,0.322981
1253,0.357679,0.329584
1346,0.571168,0.707811
1830,0.488170,1.570972
1862,0.533048,0.606308
1023,0.585688,1.101762
1506,0.564852,0.535263
1760,0.482106,0.791800
1580,0.734846,0.526072
1194,0.463065,0.360415
1620,0.502095,1.217354
1768,0.466896,0.252510
1264,0.498537,0.334343
1126,0.672381,1.472823
1799,0.491154,0.340178
1074,0.484911,0.465153
1286,0.421650,0.461815
1925,0.487188,0.609426
1796,0.365716,0.426017
1814,0.479720,0.940212
1130,0.514573,1.200188
1229,0.423643,0.376728
1689,0.537210,0.825111
1583,0.509750,1.313448
1584,0.575561,0.101760
1413,0.478759,0.269531
1667,0.548543,0.518514
1283,0.593765,0.287074
1046,0.693505,1.377080
1289,0.518989,0.348736
1457,0.496890,0.371373
1603,0.495351,1.214914
1487,0.727980,1.415932
1928,0.612190,0.244080
1211,0.538638,0.320742
1358,0.715940,0.480927
1944,0.464635,1.131254
1026,0.500841,0.458997
1685,0.514382,0.356927
1490,0.609932,0.596522
1711,0.725473,0.426923
1223,0.464528,0.396923
1327,0.491892,0.775869
1968,0.520624,0.541660
1433,0.461861,0.365332
1344,0.635888,1.303681
1842,0.708185,0.822629
1353,0.680303,0.565731
1962,0.486908,1.036842
1098,0.603935,0.423671
1254,0.654635,0.370848
1086,0.511805,0.537580
1080,0.639966,0.551718
1616,0.454053,0.670862
1948,0.488569,0.450983
1106,0.598400,1.103775
1315,0.488242,0.617055
1019,0.466764,0.626136
1458,0.644940,0.486222
1883,0.613905,0.868610
1824,0.616319,0.892677
1401,0.545749,0.245337
1033,0.482671,0.264983
1710,0.473699,0.198101
1225,0.745853,1.239654
1332,0.435909,0.471619
1614,0.567348,1.134055
1623,0.478586,0.821333
1239,0.622036,1.252713
1149,0.471998,0.318564
1355,0.598104,0.807877
1432,0.477902,1.059569
1773,0.715985,0.293990
1787,0.498173,0.799944
1872,0.644596,1.231099
1204,0.484485,1.091615
1709,0.522540,0.725675
1186,0.513185,0.279666
1158,0.847199,1.035147
1117,0.660092,0.764033
1501,0.715643,0.420432
1890,0.517238,0.672273
1008,0.525974,0.335507
1747,0.459170,0.365861
1377,0.465952,0.344711
1111,0.724437,0.964099
1479,0.635330,0.778874
1850,0.633614,1.919632
1016,0.541467,0.772231
1874,0.545880,0.524489
1339,0.538586,0.982003
1136,0.510427,0.400710
1957,0.573392,0.549204
1238,0.642621,0.372842
1478,0.588670,1.139900
1004,0.449126,1.152617
1766,0.632643,0.445310
1496,0.519222,0.273414
1868,0.532054,0.465615
1071,0.508417,1.011702
1214,0.475517,0.364274
1648,0.707070,0.708254
1520,0.682640,2.083096
1682,0.453043,0.679178
1748,0.505051,0.352940
1188,0.525007,0.457678
1982,0.574033,0.592395
1359,0.514068,0.358841
1522,0.629706,0.796662
1067,0.524261,0.485034
1304,0.484210,0.537630
1806,0.505113,0.227701
1570,0.475220,0.348860
1313,0.726488,0.855265
1122,0.459554,1.091060
1807,0.585359,0.673671
1538,0.505976,0.677906
1618,0.707695,1.224937
1093,0.452514,0.565115
1984,0.601785,0.322586
1372,0.487484,0.896986
1167,0.521805,0.566068
1981,0.584595,0.787250
1801,0.616693,0.373374
1025,0.502074,0.520364
1611,0.472092,0.247407
1197,0.483414,0.310238
1455,0.529835,0.452734
1020,0.641806,0.846200
1113,0.463429,1.102052
1816,0.457944,0.574258
1878,0.694107,1.149637
1058,0.598625,1.288381
1733,0.527934,0.357645
1841,0.608327,0.984740
1347,0.416388,1.427087
1979,0.471373,0.485467
1691,0.631761,0.920620
1193,0.468262,0.804929
1637,0.506795,0.645627
1367,0.498021,0.448951
1361,0.626354,0.465507
1044,0.581485,0.706244
1143,0.487623,0.504253
1160,0.463645,0.668424
1120,0.605613,0.915043
1258,0.427090,0.501876
1706,0.636586,0.322532
1678,0.629158,0.409078
1776,0.609102,0.749168
1462,0.564383,0.923331
1218,0.519140,0.384335
1567,0.458726,0.322227
1876,0.750504,1.384014
1146,0.443397,0.359834
1323,0.490017,0.726290
1952,0.559593,0.495626
1045,0.741290,0.960691
1636,0.405568,0.285508
1366,0.701360,0.569697
1619,0.567705,0.947410
1252,0.410907,0.286784
1354,0.578639,0.374397
1651,0.551689,0.761762
1057,0.599486,0.644655
1702,0.473071,0.280618
1881,0.440521,0.669587
1574,0.454256,0.551583
1107,0.602644,0.735803
1341,0.553369,0.385144
1378,0.445160,1.714156
1216,0.395326,0.168114
1278,0.730880,0.490402
1934,0.615483,1.094261
1139,0.809996,0.954119
1588,0.459128,0.747646
1320,0.524189,0.520501
1887,0.604887,0.518941
1331,0.500404,0.838752
1896,0.655746,0.317268
1314,0.490600,1.113644
1011,0.416071,0.632441
1322,0.559841,1.192183
1147,0.484651,0.726817
1910,0.715321,0.436060
1793,0.605077,0.565575
1675,0.710201,0.831962
1034,0.419503,0.307767
1929,0.751754,2.228255
1621,0.601295,0.566387
1559,0.524131,1.337239
1505,0.625084,1.118942
1626,0.522762,0.894729
1735,0.529933,0.760483
1680,0.635802,0.308333
1564,0.467103,0.384155
1657,0.453576,0.922190
1439,0.645472,0.980128
1989,0.634320,1.164616
1804,0.627000,0.775168
1446,0.651836,0.459618
1743,0.546763,0.399203
1352,0.491587,0.705885
1897,0.901303,1.112431
1183,0.622705,0.690947
1375,0.523670,0.886274
1068,0.448809,1.458968
1708,0.648182,1.159429
1730,0.591255,1.063364
1563,0.548172,0.374231
1950,0.539431,1.042659
1427,0.559316,0.536600
1447,0.459091,0.399169
1915,0.786758,0.886760
1203,0.598610,0.597651
1531,0.455374,0.992173
1443,0.656754,1.026756
1813,0.402531,1.174411
1880,0.679242,0.724601
1840,0.434354,0.639473
1941,0.618483,0.637538
1309,0.457306,0.673365
1677,0.491940,0.254060
1884,0.568649,0.450228
1751,0.503922,0.720587
1321,0.585593,0.653662
1461,0.463763,0.202802
1376,0.650258,0.457829
1558,0.537118,1.176136
1969,0.488130,0.610008
1573,0.452329,0.689280
1078,0.593617,1.056581
1024,0.612481,0.231821
1491,0.662553,0.654671
1500,0.606902,0.556741
1885,0.491305,0.396178
1860,0.578025,0.960588
1964,0.606740,0.969669
1370,0.568821,0.713288
1791,0.487371,0.559279
1138,0.512759,0.876464
1994,0.555879,0.849291
1726,0.515902,1.184239
1340,0.465516,0.610266
1919,0.437445,0.914240
1900,0.459062,0.327615
1923,0.470551,0.406291
1467,0.567567,0.578882
1631,0.612468,0.657010
1263,0.413234,0.779570
1255,0.443165,0.977057
1291,0.730351,0.921083
1246,0.486993,0.035728
1441,0.599044,0.921861
1222,0.459592,0.475826
1318,0.573304,0.454669
1210,0.614773,0.455575
1294,0.432610,0.261026
1966,0.710962,0.793641
1269,0.577967,0.641362
1746,0.624754,0.718318
1550,0.623349,1.071719
1431,0.713025,1.044495
1212,0.600705,1.334818
1388,0.492236,0.708412
1145,0.483624,1.004721
1271,0.618825,0.453477
1696,0.645455,1.038126
1329,0.587791,0.537706
1181,0.450969,1.044594
1809,0.488421,0.554403
1774,0.522598,0.944803
1005,0.671399,0.700533
1178,0.496362,0.430380
1445,0.501805,0.396100
1555,0.612077,0.580718
1028,0.756674,0.821773
1481,0.483836,0.726933
1475,0.491441,0.604655
1248,0.460811,1.022979
1993,0.420566,0.499945
1326,0.781889,2.147078
1368,0.873611,0.947245
1759,0.615539,1.555676
1727,0.751819,0.563505
1237,0.450794,1.374288
1686,0.614505,0.189608
1123,0.465114,0.218478
1692,0.538011,0.266369
1060,0.564318,0.809298
1888,0.451423,0.472281
1792,0.544637,0.408091
1687,0.751649,0.220785
1914,0.470807,0.844646
1407,0.460061,0.511091
1528,0.657861,0.647972
1039,0.572316,0.976818
1990,0.596074,0.937697
1408,0.483347,1.170600
1220,0.510287,0.490591
1670,0.726890,0.907246
1199,0.484235,1.360756
1205,0.498694,0.657851
1162,0.475238,1.456375
1363,0.500052,0.449332
1342,0.573543,1.314487
1184,0.446193,0.276278
1232,0.636575,0.912490
1189,0.698375,1.235363
1827,0.487263,1.045794
1525,0.419239,0.704714
1096,0.453195,0.431506
1549,0.496597,0.288644
1502,0.452873,0.772618
1940,0.614845,0.353735
1144,0.601888,1.074373
1270,0.524184,0.446560
1974,0.572569,0.344325
1972,0.793438,0.575666
1568,0.583977,0.451883
1051,0.585455,0.759418
1655,0.724716,0.660727
1425,0.728003,0.820936
1054,0.478685,1.027200
1810,0.908777,1.506773
1406,0.994878,0.602524
1267,0.662895,0.270467
1392,0.789400,1.259747
1859,0.577023,1.799728
1507,0.674906,0.725604
1771,0.573095,0.400275
1535,0.654312,0.539092
1864,0.630985,0.880488
1913,0.722340,0.697204
1858,0.784250,0.436819
1076,0.778136,0.718083
1384,0.898292,0.788041
1671,0.723971,0.906692
1053,0.736084,1.311953
1256,0.778766,1.193463
1040,0.690986,0.688258
1423,0.676821,1.314022
1409,0.734234,0.871457
1731,0.828315,0.916503
1281,0.913193,0.817688
1724,0.709257,0.471760
1173,0.520409,0.659888
1547,0.688714,0.490626
1336,0.710933,1.086139
1357,0.812716,1.093707
1398,0.566266,0.489577
1412,0.811015,0.688185
1108,0.687484,0.901300
1917,0.584386,0.683470
1866,0.719121,0.209735
1077,0.606182,0.060441
1300,0.556202,0.459910
1206,0.825837,1.338745
1851,0.726896,0.674253
1592,0.827731,0.716069
1590,0.710244,0.568194
1460,0.587388,0.278901
1101,0.738278,0.615961
1658,0.635730,1.253794
1373,0.576576,0.493837
1545,0.683629,0.482416
1351,0.721945,0.470233
1240,0.630657,0.990370
1119,0.676593,0.971301
1805,0.586812,0.591599
1755,0.678358,0.457791
1693,0.750586,0.367010
1893,0.590114,0.852856
1956,0.716549,0.349967
1128,0.703907,1.127530
1048,0.697201,0.471078
1299,0.659112,0.562705
1396,0.598962,0.502128
1612,0.592526,0.293292
1718,0.610615,1.200579
1180,0.594101,0.913217
1882,0.783402,0.506970
1752,0.588023,0.241367
1836,0.622895,0.323632
1920,0.702782,0.991824
1415,0.569129,0.186564
1504,0.675734,1.020876
1781,0.726499,0.419614
1102,0.561259,0.244749
1245,0.795321,0.416354
1273,0.604624,0.571915
1426,0.797065,1.629846
1857,0.621580,0.459604
1072,0.826201,1.124355
1287,0.514327,0.434847
1786,0.797387,0.655722
1754,0.800739,0.835027
1544,0.849864,1.096622
1953,0.660774,1.307033
1965,0.832471,0.495683
1639,0.659629,0.779573
1819,0.632109,0.531409
1391,0.562759,0.319752
1903,0.553685,0.387037
1411,0.758241,0.364929
1707,0.743597,1.327803
1638,0.701340,0.500770
1608,0.673593,0.741042
1177,0.510960,0.089124
1785,0.620362,0.963683
1066,0.583964,0.518110
1967,0.681786,0.220804
1037,0.696979,0.331197
1157,0.683722,0.289188
1100,0.824065,1.289719
1825,0.663893,0.639530
1440,0.708346,0.496379
1986,0.542480,0.904917
1569,0.774468,1.008282
1642,0.646514,0.630302
1474,0.806417,0.960269
1652,0.658868,1.160317
1150,0.830096,0.465199
1700,0.649577,1.466724
1795,0.531022,0.323472
1527,0.796841,2.666362
1734,0.666173,0.593777
1021,0.893963,0.815164
1736,0.905898,1.002523
1577,0.662024,0.705901
1513,0.868444,1.022671
1292,0.654829,0.397144
1328,0.674941,0.481913
1262,0.697763,0.829380
1854,0.642309,0.773134
1148,0.901847,1.030920
1116,0.742989,0.473118
1257,0.635736,0.810700
1640,0.711880,0.511043
1973,0.669580,0.193648
1030,0.792781,1.401151
1951,0.812054,0.820091
1471,0.701444,1.239962
1394,0.810151,0.529705
1497,0.745453,0.853478
1939,0.659891,0.594783
Average Cost: 24.096000
Accuracy: 97.700000
Accuracy 0: 100.000000
Cost 0: 18.000000
Accuracy 1: 100.000000
Cost 1: 18.000000
Accuracy 2: 100.000000
Cost 2: 18.000000
Accuracy 3: 100.000000
Cost 3: 18.000000
Accuracy 4: 100.000000
Cost 4: 18.000000
Accuracy 5: 100.000000
Cost 5: 18.000000
Accuracy 6: 100.000000
Cost 6: 18.000000
Accuracy 7: 100.000000
Cost 7: 18.000000
Accuracy 8: 100.000000
Cost 8: 18.000000
Accuracy 9: 100.000000
Cost 9: 18.000000
