Number of Worker Pools: 1
Number of Workers in Pool 1: 1000
Original mean,standardDev for Pool 1: 4.000000,0.300000
Number of Workers in Pool 2: 1000
Original mean,standardDev for Pool 2: 3.500000,0.200000
Number of Problems: 1000
ProblemNo,Answer,TrueAnswer,Cost,Difficulty,TrueDifficulty
0,1,1,11.000000,0.800000,0.500000
1,0,0,10.000000,0.700000,0.500000
2,0,0,10.000000,0.500000,0.500000
3,1,1,8.000000,0.300000,0.500000
4,0,0,10.000000,0.500000,0.500000
5,0,0,8.000000,0.500000,0.500000
6,0,0,6.000000,0.000000,0.500000
7,1,1,15.000000,0.900000,0.500000
8,1,1,8.000000,0.500000,0.500000
9,0,0,8.000000,0.500000,0.500000
10,1,1,6.000000,0.000000,0.500000
11,1,1,8.000000,0.500000,0.500000
12,0,0,8.000000,0.500000,0.500000
13,0,0,8.000000,0.300000,0.500000
14,1,1,15.000000,0.900000,0.500000
15,1,1,10.000000,0.500000,0.500000
16,0,0,9.000000,0.700000,0.500000
17,1,1,8.000000,0.500000,0.500000
18,1,1,8.000000,0.300000,0.500000
19,0,0,10.000000,0.500000,0.500000
20,1,1,15.000000,0.900000,0.500000
21,0,0,15.000000,0.900000,0.500000
22,1,1,8.000000,0.300000,0.500000
23,0,0,8.000000,0.300000,0.500000
24,1,1,6.000000,0.000000,0.500000
25,1,1,13.000000,0.800000,0.500000
26,1,1,6.000000,0.000000,0.500000
27,0,0,6.000000,0.000000,0.500000
28,0,0,8.000000,0.500000,0.500000
29,0,0,16.000000,0.900000,0.500000
30,0,0,13.000000,0.900000,0.500000
31,1,1,6.000000,0.000000,0.500000
32,0,0,6.000000,0.000000,0.500000
33,0,0,6.000000,0.000000,0.500000
34,0,0,10.000000,0.700000,0.500000
35,1,1,8.000000,0.300000,0.500000
36,0,1,9.000000,0.700000,0.500000
37,1,1,8.000000,0.300000,0.500000
38,1,1,8.000000,0.500000,0.500000
39,0,0,17.000000,0.900000,0.500000
40,1,1,12.000000,0.900000,0.500000
41,1,1,10.000000,0.700000,0.500000
42,1,1,8.000000,0.500000,0.500000
43,1,1,8.000000,0.300000,0.500000
44,1,1,16.000000,0.900000,0.500000
45,1,1,8.000000,0.300000,0.500000
46,0,0,8.000000,0.300000,0.500000
47,0,0,8.000000,0.300000,0.500000
48,1,1,8.000000,0.300000,0.500000
49,1,1,8.000000,0.500000,0.500000
50,0,0,8.000000,0.500000,0.500000
51,0,0,14.000000,0.900000,0.500000
52,1,1,10.000000,0.400000,0.500000
53,0,0,8.000000,0.300000,0.500000
54,1,1,9.000000,0.500000,0.500000
55,0,0,10.000000,0.500000,0.500000
56,1,1,8.000000,0.500000,0.500000
57,1,1,6.000000,0.000000,0.500000
58,0,0,14.000000,0.800000,0.500000
59,0,0,8.000000,0.300000,0.500000
60,0,1,11.000000,0.800000,0.500000
61,1,1,9.000000,0.500000,0.500000
62,0,0,6.000000,0.000000,0.500000
63,0,0,13.000000,0.900000,0.500000
64,0,0,6.000000,0.000000,0.500000
65,0,0,6.000000,0.000000,0.500000
66,1,1,8.000000,0.500000,0.500000
67,0,0,11.000000,0.800000,0.500000
68,1,1,8.000000,0.300000,0.500000
69,1,1,8.000000,0.300000,0.500000
70,0,0,10.000000,0.700000,0.500000
71,0,0,8.000000,0.300000,0.500000
72,1,1,9.000000,0.500000,0.500000
73,1,1,10.000000,0.500000,0.500000
74,0,0,8.000000,0.500000,0.500000
75,0,0,15.000000,0.900000,0.500000
76,1,1,8.000000,0.300000,0.500000
77,1,1,17.000000,1.000000,0.500000
78,0,0,10.000000,0.700000,0.500000
79,0,0,8.000000,0.500000,0.500000
80,0,0,16.000000,0.900000,0.500000
81,1,1,17.000000,0.900000,0.500000
82,0,0,8.000000,0.300000,0.500000
83,0,0,13.000000,0.700000,0.500000
84,0,0,8.000000,0.500000,0.500000
85,0,0,8.000000,0.500000,0.500000
86,1,1,8.000000,0.500000,0.500000
87,1,1,8.000000,0.300000,0.500000
88,0,1,6.000000,0.000000,0.500000
89,1,1,18.000000,0.900000,0.500000
90,0,0,8.000000,0.300000,0.500000
91,0,1,9.000000,0.800000,0.500000
92,0,0,11.000000,0.800000,0.500000
93,1,1,18.000000,0.900000,0.500000
94,1,1,6.000000,0.000000,0.500000
95,1,1,10.000000,0.400000,0.500000
96,1,1,6.000000,0.000000,0.500000
97,0,0,21.000000,1.000000,0.500000
98,1,1,8.000000,0.500000,0.500000
99,1,1,8.000000,0.500000,0.500000
100,0,0,6.000000,0.000000,0.500000
101,1,1,8.000000,0.500000,0.500000
102,0,0,11.000000,0.800000,0.500000
103,1,1,8.000000,0.500000,0.500000
104,0,0,8.000000,0.300000,0.500000
105,0,0,13.000000,0.900000,0.500000
106,1,1,8.000000,0.500000,0.500000
107,0,0,8.000000,0.500000,0.500000
108,0,0,8.000000,0.500000,0.500000
109,1,1,6.000000,0.000000,0.500000
110,1,1,6.000000,0.000000,0.500000
111,1,1,10.000000,0.500000,0.500000
112,0,0,8.000000,0.300000,0.500000
113,1,1,8.000000,0.300000,0.500000
114,1,1,6.000000,0.000000,0.500000
115,0,0,8.000000,0.500000,0.500000
116,1,1,8.000000,0.500000,0.500000
117,1,1,12.000000,0.700000,0.500000
118,0,0,8.000000,0.500000,0.500000
119,1,1,8.000000,0.300000,0.500000
120,1,1,8.000000,0.300000,0.500000
121,1,1,8.000000,0.300000,0.500000
122,1,1,10.000000,0.700000,0.500000
123,0,0,9.000000,0.500000,0.500000
124,0,0,9.000000,0.700000,0.500000
125,1,1,8.000000,0.500000,0.500000
126,0,0,15.000000,0.900000,0.500000
127,0,0,8.000000,0.500000,0.500000
128,1,1,10.000000,0.400000,0.500000
129,0,0,8.000000,0.500000,0.500000
130,0,0,18.000000,0.900000,0.500000
131,0,0,8.000000,0.300000,0.500000
132,1,1,6.000000,0.000000,0.500000
133,1,1,13.000000,0.700000,0.500000
134,0,0,8.000000,0.500000,0.500000
135,1,1,8.000000,0.300000,0.500000
136,1,1,6.000000,0.000000,0.500000
137,0,0,10.000000,0.700000,0.500000
138,1,1,8.000000,0.500000,0.500000
139,0,0,12.000000,0.800000,0.500000
140,1,1,12.000000,0.800000,0.500000
141,0,0,8.000000,0.500000,0.500000
142,0,0,6.000000,0.000000,0.500000
143,1,1,8.000000,0.300000,0.500000
144,1,1,9.000000,0.700000,0.500000
145,0,0,18.000000,1.000000,0.500000
146,1,1,10.000000,0.700000,0.500000
147,0,0,9.000000,0.700000,0.500000
148,1,1,8.000000,0.300000,0.500000
149,0,0,15.000000,0.900000,0.500000
150,1,1,8.000000,0.500000,0.500000
151,0,0,8.000000,0.300000,0.500000
152,1,1,8.000000,0.500000,0.500000
153,0,0,8.000000,0.500000,0.500000
154,0,0,8.000000,0.500000,0.500000
155,0,0,8.000000,0.300000,0.500000
156,1,1,9.000000,0.700000,0.500000
157,1,1,8.000000,0.500000,0.500000
158,1,1,6.000000,0.000000,0.500000
159,0,0,8.000000,0.500000,0.500000
160,1,1,12.000000,0.800000,0.500000
161,0,0,16.000000,0.900000,0.500000
162,1,1,8.000000,0.500000,0.500000
163,1,1,8.000000,0.500000,0.500000
164,0,0,14.000000,0.700000,0.500000
165,0,0,6.000000,0.000000,0.500000
166,1,1,10.000000,0.500000,0.500000
167,0,0,13.000000,0.900000,0.500000
168,0,0,10.000000,0.400000,0.500000
169,0,0,15.000000,0.900000,0.500000
170,1,1,8.000000,0.500000,0.500000
171,1,1,13.000000,0.900000,0.500000
172,1,1,11.000000,0.800000,0.500000
173,1,1,8.000000,0.500000,0.500000
174,0,0,14.000000,0.900000,0.500000
175,0,0,9.000000,0.700000,0.500000
176,0,0,9.000000,0.700000,0.500000
177,0,0,8.000000,0.300000,0.500000
178,0,0,8.000000,0.300000,0.500000
179,1,1,6.000000,0.000000,0.500000
180,0,0,8.000000,0.500000,0.500000
181,0,0,8.000000,0.500000,0.500000
182,0,0,6.000000,0.000000,0.500000
183,0,0,8.000000,0.500000,0.500000
184,1,1,8.000000,0.500000,0.500000
185,0,1,15.000000,0.900000,0.500000
186,1,0,17.000000,0.900000,0.500000
187,1,1,10.000000,0.500000,0.500000
188,0,0,8.000000,0.300000,0.500000
189,0,0,6.000000,0.000000,0.500000
190,0,0,6.000000,0.000000,0.500000
191,1,1,18.000000,0.900000,0.500000
192,1,1,11.000000,0.800000,0.500000
193,1,1,9.000000,0.500000,0.500000
194,0,0,8.000000,0.500000,0.500000
195,0,0,9.000000,0.500000,0.500000
196,0,0,12.000000,0.800000,0.500000
197,1,1,8.000000,0.300000,0.500000
198,0,0,9.000000,0.800000,0.500000
199,1,1,10.000000,0.700000,0.500000
200,0,0,6.000000,0.000000,0.500000
201,1,1,6.000000,0.000000,0.500000
202,0,0,9.000000,0.700000,0.500000
203,0,0,8.000000,0.300000,0.500000
204,1,1,8.000000,0.300000,0.500000
205,0,0,8.000000,0.500000,0.500000
206,0,0,8.000000,0.300000,0.500000
207,1,1,8.000000,0.300000,0.500000
208,0,0,16.000000,0.900000,0.500000
209,1,1,8.000000,0.300000,0.500000
210,0,0,18.000000,0.900000,0.500000
211,0,0,6.000000,0.000000,0.500000
212,1,1,12.000000,0.800000,0.500000
213,1,1,15.000000,0.800000,0.500000
214,1,1,13.000000,0.900000,0.500000
215,0,0,6.000000,0.000000,0.500000
216,0,1,14.000000,0.900000,0.500000
217,1,1,12.000000,0.600000,0.500000
218,1,1,11.000000,0.600000,0.500000
219,1,1,6.000000,0.000000,0.500000
220,1,1,8.000000,0.300000,0.500000
221,1,1,12.000000,0.900000,0.500000
222,1,1,8.000000,0.300000,0.500000
223,0,0,9.000000,0.500000,0.500000
224,1,1,6.000000,0.000000,0.500000
225,0,0,8.000000,0.500000,0.500000
226,0,0,8.000000,0.300000,0.500000
227,1,1,8.000000,0.300000,0.500000
228,1,1,8.000000,0.300000,0.500000
229,0,0,8.000000,0.500000,0.500000
230,0,0,10.000000,0.700000,0.500000
231,0,0,8.000000,0.500000,0.500000
232,1,1,6.000000,0.000000,0.500000
233,1,1,20.000000,1.000000,0.500000
234,0,0,8.000000,0.300000,0.500000
235,0,0,8.000000,0.500000,0.500000
236,1,1,8.000000,0.300000,0.500000
237,1,1,9.000000,0.800000,0.500000
238,1,1,9.000000,0.500000,0.500000
239,0,0,6.000000,0.000000,0.500000
240,1,1,8.000000,0.300000,0.500000
241,0,0,6.000000,0.000000,0.500000
242,1,1,9.000000,0.500000,0.500000
243,1,1,12.000000,0.600000,0.500000
244,1,1,10.000000,0.700000,0.500000
245,0,0,8.000000,0.300000,0.500000
246,0,0,8.000000,0.500000,0.500000
247,0,0,12.000000,0.900000,0.500000
248,1,1,8.000000,0.300000,0.500000
249,1,1,10.000000,0.400000,0.500000
250,0,0,11.000000,0.700000,0.500000
251,0,0,10.000000,0.400000,0.500000
252,1,1,8.000000,0.300000,0.500000
253,0,0,9.000000,0.500000,0.500000
254,0,0,18.000000,0.900000,0.500000
255,0,0,17.000000,0.900000,0.500000
256,0,0,12.000000,0.700000,0.500000
257,0,0,6.000000,0.000000,0.500000
258,0,0,8.000000,0.300000,0.500000
259,1,1,8.000000,0.300000,0.500000
260,0,0,17.000000,0.900000,0.500000
261,1,1,10.000000,0.800000,0.500000
262,1,1,11.000000,0.900000,0.500000
263,0,0,8.000000,0.500000,0.500000
264,1,1,8.000000,0.300000,0.500000
265,1,1,8.000000,0.500000,0.500000
266,0,0,8.000000,0.300000,0.500000
267,0,0,17.000000,0.900000,0.500000
268,0,0,9.000000,0.500000,0.500000
269,1,1,9.000000,0.700000,0.500000
270,0,0,9.000000,0.500000,0.500000
271,0,0,6.000000,0.000000,0.500000
272,0,0,8.000000,0.500000,0.500000
273,0,0,8.000000,0.500000,0.500000
274,1,1,6.000000,0.000000,0.500000
275,1,1,8.000000,0.300000,0.500000
276,1,1,18.000000,0.900000,0.500000
277,0,0,14.000000,0.900000,0.500000
278,1,1,10.000000,0.800000,0.500000
279,0,0,6.000000,0.000000,0.500000
280,1,1,6.000000,0.000000,0.500000
281,0,1,10.000000,0.900000,0.500000
282,1,1,8.000000,0.500000,0.500000
283,0,0,12.000000,0.600000,0.500000
284,0,0,6.000000,0.000000,0.500000
285,0,0,9.000000,0.700000,0.500000
286,0,0,10.000000,0.700000,0.500000
287,1,1,12.000000,0.600000,0.500000
288,1,1,8.000000,0.500000,0.500000
289,1,1,10.000000,0.400000,0.500000
290,0,0,13.000000,0.900000,0.500000
291,0,0,13.000000,0.800000,0.500000
292,1,1,8.000000,0.500000,0.500000
293,0,0,6.000000,0.000000,0.500000
294,1,1,8.000000,0.500000,0.500000
295,1,1,9.000000,0.500000,0.500000
296,0,0,8.000000,0.500000,0.500000
297,1,1,6.000000,0.000000,0.500000
298,1,0,12.000000,0.900000,0.500000
299,1,1,8.000000,0.500000,0.500000
300,0,0,18.000000,1.000000,0.500000
301,0,0,11.000000,0.800000,0.500000
302,0,0,6.000000,0.000000,0.500000
303,0,0,8.000000,0.500000,0.500000
304,0,0,8.000000,0.500000,0.500000
305,0,0,6.000000,0.000000,0.500000
306,0,1,10.000000,0.800000,0.500000
307,1,1,8.000000,0.300000,0.500000
308,0,0,14.000000,0.800000,0.500000
309,0,0,8.000000,0.500000,0.500000
310,0,0,23.000000,1.000000,0.500000
311,0,0,8.000000,0.500000,0.500000
312,0,0,6.000000,0.000000,0.500000
313,0,0,11.000000,0.600000,0.500000
314,1,1,10.000000,0.500000,0.500000
315,1,1,18.000000,1.000000,0.500000
316,0,0,10.000000,0.800000,0.500000
317,1,1,6.000000,0.000000,0.500000
318,0,1,11.000000,0.900000,0.500000
319,1,1,14.000000,0.900000,0.500000
320,0,0,8.000000,0.500000,0.500000
321,0,0,6.000000,0.000000,0.500000
322,0,0,11.000000,0.600000,0.500000
323,0,0,8.000000,0.500000,0.500000
324,0,0,8.000000,0.300000,0.500000
325,1,1,16.000000,0.900000,0.500000
326,0,0,18.000000,0.900000,0.500000
327,1,1,13.000000,0.800000,0.500000
328,1,1,6.000000,0.000000,0.500000
329,0,0,6.000000,0.000000,0.500000
330,1,1,11.000000,0.600000,0.500000
331,0,0,14.000000,0.800000,0.500000
332,1,1,8.000000,0.500000,0.500000
333,0,0,8.000000,0.300000,0.500000
334,1,1,8.000000,0.300000,0.500000
335,1,1,8.000000,0.300000,0.500000
336,0,0,10.000000,0.500000,0.500000
337,0,0,6.000000,0.000000,0.500000
338,0,0,8.000000,0.300000,0.500000
339,1,1,11.000000,0.600000,0.500000
340,1,1,16.000000,0.900000,0.500000
341,1,1,8.000000,0.300000,0.500000
342,1,1,8.000000,0.300000,0.500000
343,0,0,9.000000,0.500000,0.500000
344,0,0,8.000000,0.300000,0.500000
345,0,0,8.000000,0.300000,0.500000
346,0,0,6.000000,0.000000,0.500000
347,1,1,8.000000,0.300000,0.500000
348,0,0,14.000000,0.900000,0.500000
349,1,1,16.000000,0.900000,0.500000
350,1,1,8.000000,0.500000,0.500000
351,1,1,15.000000,0.900000,0.500000
352,1,1,10.000000,0.700000,0.500000
353,0,0,8.000000,0.300000,0.500000
354,1,1,12.000000,0.600000,0.500000
355,1,1,10.000000,0.400000,0.500000
356,0,0,12.000000,0.600000,0.500000
357,0,0,8.000000,0.500000,0.500000
358,1,1,8.000000,0.500000,0.500000
359,0,0,6.000000,0.000000,0.500000
360,1,1,8.000000,0.500000,0.500000
361,1,1,8.000000,0.300000,0.500000
362,1,1,9.000000,0.500000,0.500000
363,0,0,8.000000,0.300000,0.500000
364,0,0,8.000000,0.300000,0.500000
365,1,1,8.000000,0.500000,0.500000
366,1,1,8.000000,0.500000,0.500000
367,0,0,14.000000,0.900000,0.500000
368,0,0,16.000000,0.900000,0.500000
369,0,0,9.000000,0.700000,0.500000
370,1,1,8.000000,0.300000,0.500000
371,0,1,12.000000,0.900000,0.500000
372,1,1,9.000000,0.700000,0.500000
373,0,0,8.000000,0.300000,0.500000
374,1,1,13.000000,0.800000,0.500000
375,1,1,6.000000,0.000000,0.500000
376,0,0,8.000000,0.300000,0.500000
377,0,0,12.000000,0.600000,0.500000
378,1,1,6.000000,0.000000,0.500000
379,1,1,11.000000,0.800000,0.500000
380,1,1,21.000000,0.900000,0.500000
381,0,0,16.000000,1.000000,0.500000
382,1,1,16.000000,0.900000,0.500000
383,0,0,8.000000,0.300000,0.500000
384,0,0,8.000000,0.300000,0.500000
385,0,0,8.000000,0.300000,0.500000
386,1,1,12.000000,0.800000,0.500000
387,1,1,9.000000,0.500000,0.500000
388,0,0,13.000000,0.700000,0.500000
389,0,0,18.000000,0.900000,0.500000
390,1,1,10.000000,0.500000,0.500000
391,0,0,17.000000,1.000000,0.500000
392,1,1,13.000000,0.900000,0.500000
393,1,1,6.000000,0.000000,0.500000
394,1,1,10.000000,0.700000,0.500000
395,0,0,8.000000,0.300000,0.500000
396,1,1,12.000000,0.700000,0.500000
397,0,0,6.000000,0.000000,0.500000
398,1,1,8.000000,0.300000,0.500000
399,0,0,9.000000,0.700000,0.500000
400,1,1,15.000000,0.900000,0.500000
401,0,0,8.000000,0.300000,0.500000
402,1,1,6.000000,0.000000,0.500000
403,0,0,11.000000,0.600000,0.500000
404,1,1,8.000000,0.300000,0.500000
405,0,0,6.000000,0.000000,0.500000
406,1,1,6.000000,0.000000,0.500000
407,1,1,9.000000,0.500000,0.500000
408,1,1,8.000000,0.300000,0.500000
409,0,0,17.000000,0.900000,0.500000
410,1,1,9.000000,0.500000,0.500000
411,0,0,8.000000,0.500000,0.500000
412,1,1,14.000000,0.900000,0.500000
413,0,0,11.000000,0.800000,0.500000
414,0,0,11.000000,0.600000,0.500000
415,0,0,8.000000,0.300000,0.500000
416,1,1,6.000000,0.000000,0.500000
417,1,1,10.000000,0.500000,0.500000
418,0,0,9.000000,0.700000,0.500000
419,1,1,6.000000,0.000000,0.500000
420,1,1,14.000000,0.900000,0.500000
421,0,0,8.000000,0.500000,0.500000
422,1,1,6.000000,0.000000,0.500000
423,0,0,8.000000,0.500000,0.500000
424,1,0,9.000000,0.700000,0.500000
425,0,0,14.000000,0.800000,0.500000
426,1,1,6.000000,0.000000,0.500000
427,1,1,8.000000,0.300000,0.500000
428,1,1,19.000000,1.000000,0.500000
429,0,1,9.000000,0.800000,0.500000
430,1,1,10.000000,0.700000,0.500000
431,1,1,14.000000,0.900000,0.500000
432,0,0,11.000000,0.900000,0.500000
433,0,0,6.000000,0.000000,0.500000
434,1,1,9.000000,0.800000,0.500000
435,1,1,19.000000,1.000000,0.500000
436,1,1,8.000000,0.300000,0.500000
437,1,0,11.000000,0.800000,0.500000
438,0,0,10.000000,0.700000,0.500000
439,0,0,8.000000,0.500000,0.500000
440,0,0,8.000000,0.300000,0.500000
441,1,1,12.000000,0.800000,0.500000
442,0,0,6.000000,0.000000,0.500000
443,1,1,8.000000,0.500000,0.500000
444,1,1,15.000000,0.900000,0.500000
445,0,0,8.000000,0.300000,0.500000
446,1,1,6.000000,0.000000,0.500000
447,0,0,8.000000,0.500000,0.500000
448,1,1,6.000000,0.000000,0.500000
449,1,1,8.000000,0.300000,0.500000
450,0,0,21.000000,1.000000,0.500000
451,0,0,12.000000,0.900000,0.500000
452,0,0,8.000000,0.500000,0.500000
453,0,0,15.000000,0.900000,0.500000
454,0,0,8.000000,0.300000,0.500000
455,0,0,13.000000,0.900000,0.500000
456,0,0,8.000000,0.300000,0.500000
457,0,0,11.000000,0.800000,0.500000
458,1,1,6.000000,0.000000,0.500000
459,1,1,8.000000,0.500000,0.500000
460,1,1,6.000000,0.000000,0.500000
461,1,1,10.000000,0.400000,0.500000
462,1,1,6.000000,0.000000,0.500000
463,1,1,13.000000,0.900000,0.500000
464,0,0,14.000000,0.800000,0.500000
465,1,1,8.000000,0.500000,0.500000
466,1,1,8.000000,0.300000,0.500000
467,1,1,9.000000,0.700000,0.500000
468,0,0,6.000000,0.000000,0.500000
469,0,0,8.000000,0.300000,0.500000
470,0,0,6.000000,0.000000,0.500000
471,0,0,8.000000,0.300000,0.500000
472,0,0,8.000000,0.500000,0.500000
473,1,1,8.000000,0.300000,0.500000
474,1,1,12.000000,0.800000,0.500000
475,1,1,8.000000,0.500000,0.500000
476,0,0,9.000000,0.700000,0.500000
477,0,0,12.000000,0.600000,0.500000
478,0,0,11.000000,0.800000,0.500000
479,1,1,9.000000,0.700000,0.500000
480,0,0,6.000000,0.000000,0.500000
481,1,1,8.000000,0.300000,0.500000
482,0,0,8.000000,0.500000,0.500000
483,1,1,8.000000,0.500000,0.500000
484,1,1,9.000000,0.700000,0.500000
485,0,0,14.000000,0.900000,0.500000
486,0,0,8.000000,0.500000,0.500000
487,0,0,18.000000,0.900000,0.500000
488,0,0,9.000000,0.800000,0.500000
489,1,1,8.000000,0.300000,0.500000
490,0,0,19.000000,1.000000,0.500000
491,1,1,8.000000,0.500000,0.500000
492,0,0,12.000000,0.800000,0.500000
493,1,1,6.000000,0.000000,0.500000
494,0,0,8.000000,0.300000,0.500000
495,0,0,8.000000,0.500000,0.500000
496,0,0,9.000000,0.700000,0.500000
497,0,0,8.000000,0.500000,0.500000
498,0,0,17.000000,0.900000,0.500000
499,0,0,10.000000,0.700000,0.500000
500,0,0,7.000000,0.300000,0.500000
501,1,1,11.000000,0.800000,0.500000
502,0,0,10.000000,0.700000,0.500000
503,0,0,8.000000,0.300000,0.500000
504,0,0,8.000000,0.500000,0.500000
505,1,1,18.000000,0.900000,0.500000
506,1,1,8.000000,0.500000,0.500000
507,0,0,8.000000,0.300000,0.500000
508,0,0,8.000000,0.500000,0.500000
509,0,0,8.000000,0.500000,0.500000
510,1,1,8.000000,0.500000,0.500000
511,1,1,18.000000,0.900000,0.500000
512,1,1,6.000000,0.000000,0.500000
513,1,1,6.000000,0.000000,0.500000
514,1,1,10.000000,0.700000,0.500000
515,0,0,8.000000,0.300000,0.500000
516,0,0,6.000000,0.000000,0.500000
517,0,0,8.000000,0.300000,0.500000
518,0,0,9.000000,0.700000,0.500000
519,1,1,11.000000,0.600000,0.500000
520,1,1,6.000000,0.000000,0.500000
521,0,0,9.000000,0.700000,0.500000
522,0,0,9.000000,0.500000,0.500000
523,1,1,16.000000,0.900000,0.500000
524,1,1,6.000000,0.000000,0.500000
525,1,1,15.000000,0.900000,0.500000
526,1,1,11.000000,0.800000,0.500000
527,1,1,9.000000,0.700000,0.500000
528,0,0,8.000000,0.500000,0.500000
529,0,0,6.000000,0.000000,0.500000
530,0,0,6.000000,0.000000,0.500000
531,0,0,8.000000,0.300000,0.500000
532,1,1,6.000000,0.000000,0.500000
533,0,0,12.000000,0.600000,0.500000
534,1,1,8.000000,0.300000,0.500000
535,0,0,6.000000,0.000000,0.500000
536,0,0,12.000000,0.600000,0.500000
537,0,0,11.000000,0.800000,0.500000
538,1,1,9.000000,0.700000,0.500000
539,0,0,8.000000,0.500000,0.500000
540,1,1,8.000000,0.300000,0.500000
541,1,1,6.000000,0.000000,0.500000
542,0,1,12.000000,0.900000,0.500000
543,0,0,8.000000,0.500000,0.500000
544,1,1,8.000000,0.300000,0.500000
545,1,1,14.000000,0.900000,0.500000
546,0,0,8.000000,0.500000,0.500000
547,0,0,8.000000,0.500000,0.500000
548,1,1,6.000000,0.000000,0.500000
549,1,1,11.000000,0.800000,0.500000
550,0,0,17.000000,0.900000,0.500000
551,0,0,11.000000,0.600000,0.500000
552,1,1,8.000000,0.500000,0.500000
553,1,1,13.000000,0.700000,0.500000
554,0,0,21.000000,1.000000,0.500000
555,1,1,8.000000,0.500000,0.500000
556,0,0,8.000000,0.300000,0.500000
557,0,0,10.000000,0.800000,0.500000
558,0,0,8.000000,0.300000,0.500000
559,0,1,8.000000,0.500000,0.500000
560,0,0,6.000000,0.000000,0.500000
561,1,1,10.000000,0.400000,0.500000
562,1,1,6.000000,0.000000,0.500000
563,0,0,8.000000,0.300000,0.500000
564,1,1,13.000000,0.800000,0.500000
565,0,0,13.000000,0.800000,0.500000
566,0,0,8.000000,0.500000,0.500000
567,1,1,8.000000,0.300000,0.500000
568,1,1,12.000000,0.600000,0.500000
569,1,1,12.000000,0.800000,0.500000
570,0,0,8.000000,0.300000,0.500000
571,1,1,9.000000,0.700000,0.500000
572,0,0,8.000000,0.500000,0.500000
573,1,1,6.000000,0.000000,0.500000
574,0,0,8.000000,0.300000,0.500000
575,0,0,8.000000,0.500000,0.500000
576,0,0,8.000000,0.300000,0.500000
577,1,1,11.000000,0.800000,0.500000
578,0,0,8.000000,0.500000,0.500000
579,0,0,6.000000,0.000000,0.500000
580,0,0,8.000000,0.300000,0.500000
581,0,0,8.000000,0.500000,0.500000
582,0,0,15.000000,0.900000,0.500000
583,1,0,8.000000,0.500000,0.500000
584,1,1,8.000000,0.500000,0.500000
585,0,0,8.000000,0.300000,0.500000
586,1,1,21.000000,0.900000,0.500000
587,0,0,19.000000,0.900000,0.500000
588,1,0,12.000000,0.600000,0.500000
589,0,0,8.000000,0.300000,0.500000
590,1,1,16.000000,0.900000,0.500000
591,1,1,6.000000,0.000000,0.500000
592,1,1,8.000000,0.300000,0.500000
593,1,1,9.000000,0.500000,0.500000
594,0,0,6.000000,0.000000,0.500000
595,1,1,16.000000,0.800000,0.500000
596,1,1,8.000000,0.300000,0.500000
597,0,0,8.000000,0.300000,0.500000
598,0,0,11.000000,0.900000,0.500000
599,0,0,9.000000,0.700000,0.500000
600,0,0,8.000000,0.500000,0.500000
601,1,1,24.000000,1.000000,0.500000
602,0,0,8.000000,0.300000,0.500000
603,0,0,8.000000,0.500000,0.500000
604,0,0,11.000000,0.600000,0.500000
605,0,0,8.000000,0.500000,0.500000
606,0,0,8.000000,0.500000,0.500000
607,0,0,6.000000,0.000000,0.500000
608,0,0,6.000000,0.000000,0.500000
609,0,0,6.000000,0.000000,0.500000
610,0,0,8.000000,0.500000,0.500000
611,1,1,6.000000,0.000000,0.500000
612,1,1,9.000000,0.700000,0.500000
613,0,1,16.000000,0.900000,0.500000
614,0,0,10.000000,0.500000,0.500000
615,0,0,8.000000,0.300000,0.500000
616,0,0,9.000000,0.700000,0.500000
617,0,0,12.000000,0.600000,0.500000
618,0,0,13.000000,0.800000,0.500000
619,0,0,6.000000,0.000000,0.500000
620,0,0,8.000000,0.300000,0.500000
621,1,1,15.000000,0.900000,0.500000
622,0,0,8.000000,0.500000,0.500000
623,0,0,18.000000,0.900000,0.500000
624,0,0,14.000000,0.700000,0.500000
625,0,0,6.000000,0.000000,0.500000
626,1,1,13.000000,0.700000,0.500000
627,0,0,9.000000,0.700000,0.500000
628,0,0,10.000000,0.800000,0.500000
629,0,0,14.000000,0.900000,0.500000
630,0,0,6.000000,0.000000,0.500000
631,0,0,9.000000,0.500000,0.500000
632,1,1,6.000000,0.000000,0.500000
633,1,1,6.000000,0.000000,0.500000
634,0,0,14.000000,0.800000,0.500000
635,1,1,12.000000,0.800000,0.500000
636,0,0,8.000000,0.300000,0.500000
637,0,0,8.000000,0.500000,0.500000
638,0,0,24.000000,1.000000,0.500000
639,0,0,10.000000,0.700000,0.500000
640,1,1,9.000000,0.500000,0.500000
641,1,1,12.000000,0.800000,0.500000
642,0,0,6.000000,0.000000,0.500000
643,1,1,8.000000,0.500000,0.500000
644,0,0,9.000000,0.500000,0.500000
645,1,1,13.000000,0.700000,0.500000
646,0,0,6.000000,0.000000,0.500000
647,0,0,9.000000,0.700000,0.500000
648,0,0,13.000000,0.700000,0.500000
649,1,1,16.000000,0.900000,0.500000
650,1,1,17.000000,0.900000,0.500000
651,1,1,8.000000,0.300000,0.500000
652,0,0,8.000000,0.500000,0.500000
653,1,1,6.000000,0.000000,0.500000
654,1,1,10.000000,0.700000,0.500000
655,0,0,8.000000,0.500000,0.500000
656,1,1,6.000000,0.000000,0.500000
657,1,1,9.000000,0.700000,0.500000
658,1,1,8.000000,0.500000,0.500000
659,1,1,8.000000,0.300000,0.500000
660,0,0,10.000000,0.700000,0.500000
661,1,1,6.000000,0.000000,0.500000
662,0,0,8.000000,0.300000,0.500000
663,0,0,8.000000,0.300000,0.500000
664,0,0,9.000000,0.700000,0.500000
665,1,1,10.000000,0.700000,0.500000
666,1,0,11.000000,0.800000,0.500000
667,1,1,6.000000,0.000000,0.500000
668,0,0,8.000000,0.300000,0.500000
669,1,1,10.000000,0.500000,0.500000
670,0,0,10.000000,0.400000,0.500000
671,1,0,12.000000,0.800000,0.500000
672,1,1,10.000000,0.700000,0.500000
673,1,1,6.000000,0.000000,0.500000
674,1,1,8.000000,0.500000,0.500000
675,0,0,8.000000,0.300000,0.500000
676,1,1,9.000000,0.700000,0.500000
677,1,1,13.000000,0.800000,0.500000
678,1,1,8.000000,0.500000,0.500000
679,1,1,6.000000,0.000000,0.500000
680,0,0,11.000000,0.800000,0.500000
681,0,0,6.000000,0.000000,0.500000
682,1,1,9.000000,0.700000,0.500000
683,0,0,6.000000,0.000000,0.500000
684,1,1,8.000000,0.500000,0.500000
685,1,1,10.000000,0.400000,0.500000
686,1,1,13.000000,0.800000,0.500000
687,0,0,8.000000,0.300000,0.500000
688,0,0,6.000000,0.000000,0.500000
689,0,0,8.000000,0.500000,0.500000
690,0,0,8.000000,0.300000,0.500000
691,1,1,8.000000,0.500000,0.500000
692,0,0,8.000000,0.300000,0.500000
693,1,1,8.000000,0.300000,0.500000
694,1,1,8.000000,0.300000,0.500000
695,1,1,8.000000,0.300000,0.500000
696,0,0,6.000000,0.000000,0.500000
697,0,0,8.000000,0.500000,0.500000
698,1,1,12.000000,0.600000,0.500000
699,0,0,19.000000,1.000000,0.500000
700,0,0,10.000000,0.800000,0.500000
701,1,1,14.000000,0.800000,0.500000
702,1,1,9.000000,0.700000,0.500000
703,0,0,8.000000,0.500000,0.500000
704,1,1,6.000000,0.000000,0.500000
705,1,1,12.000000,0.900000,0.500000
706,0,0,6.000000,0.000000,0.500000
707,0,0,12.000000,0.600000,0.500000
708,0,0,13.000000,0.900000,0.500000
709,1,1,10.000000,0.800000,0.500000
710,1,1,6.000000,0.000000,0.500000
711,0,0,16.000000,0.900000,0.500000
712,0,0,8.000000,0.300000,0.500000
713,0,0,10.000000,0.500000,0.500000
714,0,0,6.000000,0.000000,0.500000
715,1,1,8.000000,0.300000,0.500000
716,1,1,10.000000,0.500000,0.500000
717,0,1,12.000000,0.900000,0.500000
718,0,0,12.000000,0.600000,0.500000
719,1,1,9.000000,0.700000,0.500000
720,1,1,8.000000,0.500000,0.500000
721,1,1,12.000000,0.800000,0.500000
722,1,1,12.000000,0.600000,0.500000
723,1,1,6.000000,0.000000,0.500000
724,1,1,8.000000,0.500000,0.500000
725,0,0,8.000000,0.300000,0.500000
726,0,0,6.000000,0.000000,0.500000
727,1,1,23.000000,1.000000,0.500000
728,0,0,10.000000,0.800000,0.500000
729,1,1,11.000000,0.800000,0.500000
730,1,1,6.000000,0.000000,0.500000
731,0,0,6.000000,0.000000,0.500000
732,0,0,15.000000,0.900000,0.500000
733,1,1,12.000000,0.800000,0.500000
734,0,0,13.000000,0.900000,0.500000
735,0,0,10.000000,0.400000,0.500000
736,0,0,11.000000,0.700000,0.500000
737,1,1,8.000000,0.500000,0.500000
738,1,1,6.000000,0.000000,0.500000
739,0,0,8.000000,0.300000,0.500000
740,1,1,13.000000,0.700000,0.500000
741,0,0,8.000000,0.300000,0.500000
742,0,0,8.000000,0.500000,0.500000
743,0,0,8.000000,0.300000,0.500000
744,1,1,8.000000,0.500000,0.500000
745,0,0,8.000000,0.300000,0.500000
746,0,0,9.000000,0.700000,0.500000
747,0,0,12.000000,0.800000,0.500000
748,1,1,9.000000,0.700000,0.500000
749,0,0,10.000000,0.400000,0.500000
750,1,1,9.000000,0.500000,0.500000
751,0,0,8.000000,0.300000,0.500000
752,0,0,13.000000,0.900000,0.500000
753,0,0,13.000000,0.900000,0.500000
754,0,0,12.000000,0.800000,0.500000
755,1,1,11.000000,0.800000,0.500000
756,0,0,6.000000,0.000000,0.500000
757,1,1,8.000000,0.500000,0.500000
758,1,1,8.000000,0.500000,0.500000
759,1,1,13.000000,0.900000,0.500000
760,0,0,8.000000,0.500000,0.500000
761,1,1,12.000000,0.800000,0.500000
762,1,1,8.000000,0.300000,0.500000
763,0,0,15.000000,0.900000,0.500000
764,0,0,10.000000,0.700000,0.500000
765,0,0,6.000000,0.000000,0.500000
766,1,1,8.000000,0.500000,0.500000
767,0,0,10.000000,0.700000,0.500000
768,0,0,6.000000,0.000000,0.500000
769,0,0,8.000000,0.500000,0.500000
770,0,0,8.000000,0.300000,0.500000
771,1,1,8.000000,0.500000,0.500000
772,0,0,10.000000,0.500000,0.500000
773,1,0,14.000000,0.900000,0.500000
774,0,0,8.000000,0.300000,0.500000
775,1,1,6.000000,0.000000,0.500000
776,1,1,6.000000,0.000000,0.500000
777,0,0,10.000000,0.500000,0.500000
778,1,1,12.000000,0.600000,0.500000
779,1,1,8.000000,0.500000,0.500000
780,1,1,8.000000,0.300000,0.500000
781,1,1,8.000000,0.500000,0.500000
782,1,1,9.000000,0.700000,0.500000
783,0,0,10.000000,0.900000,0.500000
784,0,0,8.000000,0.300000,0.500000
785,0,0,9.000000,0.500000,0.500000
786,0,0,13.000000,0.700000,0.500000
787,1,1,6.000000,0.000000,0.500000
788,0,0,11.000000,0.800000,0.500000
789,0,0,6.000000,0.000000,0.500000
790,1,1,10.000000,0.700000,0.500000
791,1,1,17.000000,1.000000,0.500000
792,0,0,8.000000,0.300000,0.500000
793,1,1,8.000000,0.300000,0.500000
794,1,1,12.000000,0.900000,0.500000
795,1,1,18.000000,0.900000,0.500000
796,0,0,20.000000,1.000000,0.500000
797,1,1,10.000000,0.700000,0.500000
798,1,1,6.000000,0.000000,0.500000
799,0,0,8.000000,0.300000,0.500000
800,1,1,8.000000,0.500000,0.500000
801,0,0,14.000000,0.800000,0.500000
802,0,0,19.000000,0.900000,0.500000
803,0,0,12.000000,0.800000,0.500000
804,1,1,8.000000,0.500000,0.500000
805,0,0,8.000000,0.300000,0.500000
806,0,0,10.000000,0.500000,0.500000
807,0,0,9.000000,0.700000,0.500000
808,1,1,13.000000,0.900000,0.500000
809,0,0,6.000000,0.000000,0.500000
810,0,0,10.000000,0.900000,0.500000
811,0,0,10.000000,0.500000,0.500000
812,0,0,15.000000,0.900000,0.500000
813,1,1,9.000000,0.700000,0.500000
814,1,1,9.000000,0.700000,0.500000
815,1,1,14.000000,0.900000,0.500000
816,1,1,6.000000,0.000000,0.500000
817,1,1,16.000000,0.900000,0.500000
818,1,1,8.000000,0.300000,0.500000
819,1,1,8.000000,0.500000,0.500000
820,1,1,8.000000,0.300000,0.500000
821,1,1,9.000000,0.500000,0.500000
822,1,1,8.000000,0.300000,0.500000
823,1,1,12.000000,0.600000,0.500000
824,0,0,8.000000,0.500000,0.500000
825,0,0,8.000000,0.300000,0.500000
826,0,0,18.000000,0.900000,0.500000
827,0,0,14.000000,0.900000,0.500000
828,1,1,10.000000,0.700000,0.500000
829,1,1,14.000000,0.900000,0.500000
830,1,1,25.000000,1.000000,0.500000
831,1,1,8.000000,0.300000,0.500000
832,0,1,10.000000,0.900000,0.500000
833,0,0,8.000000,0.500000,0.500000
834,1,1,10.000000,0.500000,0.500000
835,0,0,8.000000,0.500000,0.500000
836,0,0,16.000000,0.900000,0.500000
837,1,1,6.000000,0.000000,0.500000
838,0,0,8.000000,0.300000,0.500000
839,0,0,9.000000,0.700000,0.500000
840,0,0,25.000000,1.000000,0.500000
841,0,0,12.000000,0.600000,0.500000
842,1,1,10.000000,0.500000,0.500000
843,1,1,11.000000,0.600000,0.500000
844,0,0,8.000000,0.300000,0.500000
845,0,0,8.000000,0.300000,0.500000
846,1,1,12.000000,0.700000,0.500000
847,0,0,8.000000,0.300000,0.500000
848,0,0,9.000000,0.700000,0.500000
849,0,1,10.000000,0.700000,0.500000
850,1,1,6.000000,0.000000,0.500000
851,1,1,8.000000,0.300000,0.500000
852,1,1,8.000000,0.500000,0.500000
853,1,1,8.000000,0.500000,0.500000
854,1,1,8.000000,0.500000,0.500000
855,1,1,11.000000,0.800000,0.500000
856,0,1,9.000000,0.700000,0.500000
857,0,0,6.000000,0.000000,0.500000
858,1,1,11.000000,0.600000,0.500000
859,0,0,8.000000,0.500000,0.500000
860,0,0,13.000000,0.900000,0.500000
861,0,0,13.000000,0.700000,0.500000
862,0,0,8.000000,0.300000,0.500000
863,0,0,6.000000,0.000000,0.500000
864,1,1,6.000000,0.000000,0.500000
865,1,1,11.000000,0.600000,0.500000
866,1,1,13.000000,0.900000,0.500000
867,0,0,8.000000,0.500000,0.500000
868,0,0,16.000000,0.800000,0.500000
869,1,1,9.000000,0.700000,0.500000
870,0,0,14.000000,0.700000,0.500000
871,1,1,8.000000,0.500000,0.500000
872,0,0,11.000000,0.600000,0.500000
873,0,0,8.000000,0.300000,0.500000
874,1,1,12.000000,0.800000,0.500000
875,1,1,8.000000,0.500000,0.500000
876,0,0,6.000000,0.000000,0.500000
877,0,0,8.000000,0.500000,0.500000
878,0,0,8.000000,0.300000,0.500000
879,0,0,11.000000,0.800000,0.500000
880,0,0,8.000000,0.300000,0.500000
881,1,1,6.000000,0.000000,0.500000
882,0,0,18.000000,0.900000,0.500000
883,1,1,8.000000,0.300000,0.500000
884,0,0,18.000000,1.000000,0.500000
885,0,0,8.000000,0.300000,0.500000
886,0,0,15.000000,0.900000,0.500000
887,0,0,8.000000,0.300000,0.500000
888,0,0,9.000000,0.500000,0.500000
889,0,0,12.000000,0.800000,0.500000
890,0,0,9.000000,0.500000,0.500000
891,1,1,16.000000,0.900000,0.500000
892,0,0,11.000000,0.700000,0.500000
893,0,0,11.000000,0.800000,0.500000
894,1,1,8.000000,0.500000,0.500000
895,1,1,10.000000,0.900000,0.500000
896,1,1,8.000000,0.300000,0.500000
897,1,1,12.000000,0.600000,0.500000
898,0,0,8.000000,0.300000,0.500000
899,1,1,8.000000,0.500000,0.500000
900,0,0,6.000000,0.000000,0.500000
901,1,1,6.000000,0.000000,0.500000
902,1,1,8.000000,0.300000,0.500000
903,1,1,6.000000,0.000000,0.500000
904,0,1,13.000000,0.900000,0.500000
905,1,1,6.000000,0.000000,0.500000
906,1,1,14.000000,0.900000,0.500000
907,1,1,8.000000,0.300000,0.500000
908,0,0,8.000000,0.300000,0.500000
909,1,1,13.000000,0.700000,0.500000
910,0,0,6.000000,0.000000,0.500000
911,1,1,8.000000,0.500000,0.500000
912,1,1,8.000000,0.300000,0.500000
913,1,1,8.000000,0.300000,0.500000
914,1,1,11.000000,0.800000,0.500000
915,0,0,10.000000,0.500000,0.500000
916,1,1,14.000000,0.900000,0.500000
917,0,0,23.000000,1.000000,0.500000
918,0,0,12.000000,0.800000,0.500000
919,0,0,8.000000,0.500000,0.500000
920,1,1,12.000000,0.800000,0.500000
921,1,1,8.000000,0.300000,0.500000
922,1,1,10.000000,0.700000,0.500000
923,1,1,6.000000,0.000000,0.500000
924,0,0,9.000000,0.700000,0.500000
925,0,0,9.000000,0.700000,0.500000
926,0,0,6.000000,0.000000,0.500000
927,1,1,15.000000,0.900000,0.500000
928,1,1,10.000000,0.500000,0.500000
929,0,0,8.000000,0.500000,0.500000
930,1,1,8.000000,0.500000,0.500000
931,0,0,9.000000,0.700000,0.500000
932,0,0,8.000000,0.500000,0.500000
933,0,0,12.000000,0.800000,0.500000
934,1,1,10.000000,0.700000,0.500000
935,1,1,9.000000,0.700000,0.500000
936,0,0,10.000000,0.500000,0.500000
937,0,0,14.000000,0.700000,0.500000
938,0,0,9.000000,0.800000,0.500000
939,1,1,8.000000,0.500000,0.500000
940,0,0,8.000000,0.300000,0.500000
941,0,0,17.000000,0.900000,0.500000
942,1,1,12.000000,0.800000,0.500000
943,0,0,16.000000,0.900000,0.500000
944,0,0,12.000000,0.800000,0.500000
945,0,0,6.000000,0.000000,0.500000
946,1,1,14.000000,0.800000,0.500000
947,1,1,8.000000,0.300000,0.500000
948,0,0,8.000000,0.300000,0.500000
949,1,1,6.000000,0.000000,0.500000
950,1,1,13.000000,0.700000,0.500000
951,0,0,8.000000,0.500000,0.500000
952,1,1,9.000000,0.700000,0.500000
953,1,1,9.000000,0.500000,0.500000
954,1,1,8.000000,0.300000,0.500000
955,0,0,13.000000,0.900000,0.500000
956,0,0,8.000000,0.300000,0.500000
957,1,1,8.000000,0.300000,0.500000
958,1,1,14.000000,0.900000,0.500000
959,0,0,8.000000,0.500000,0.500000
960,0,0,12.000000,0.600000,0.500000
961,0,0,11.000000,0.600000,0.500000
962,0,0,11.000000,0.800000,0.500000
963,0,0,15.000000,0.900000,0.500000
964,1,1,6.000000,0.000000,0.500000
965,0,0,12.000000,0.800000,0.500000
966,0,0,10.000000,0.500000,0.500000
967,1,1,10.000000,0.500000,0.500000
968,0,0,11.000000,0.800000,0.500000
969,1,1,11.000000,0.800000,0.500000
970,0,0,12.000000,0.600000,0.500000
971,1,1,18.000000,0.900000,0.500000
972,0,0,8.000000,0.500000,0.500000
973,0,0,8.000000,0.300000,0.500000
974,0,0,20.000000,1.000000,0.500000
975,0,0,8.000000,0.500000,0.500000
976,1,1,8.000000,0.300000,0.500000
977,1,1,6.000000,0.000000,0.500000
978,1,1,14.000000,0.700000,0.500000
979,0,0,9.000000,0.800000,0.500000
980,1,1,8.000000,0.500000,0.500000
981,0,0,11.000000,0.600000,0.500000
982,1,1,12.000000,0.600000,0.500000
983,1,1,15.000000,0.900000,0.500000
984,1,1,8.000000,0.300000,0.500000
985,0,0,17.000000,0.900000,0.500000
986,1,1,8.000000,0.500000,0.500000
987,1,1,11.000000,0.800000,0.500000
988,0,0,10.000000,0.500000,0.500000
989,0,0,15.000000,0.900000,0.500000
990,0,0,8.000000,0.500000,0.500000
991,0,0,16.000000,0.900000,0.500000
992,1,0,14.000000,0.900000,0.500000
993,0,0,8.000000,0.500000,0.500000
994,0,0,10.000000,0.800000,0.500000
995,1,1,14.000000,0.900000,0.500000
996,0,0,8.000000,0.300000,0.500000
997,0,0,9.000000,0.500000,0.500000
998,0,0,8.000000,0.300000,0.500000
999,0,0,6.000000,0.000000,0.500000
WorkerID,Gamma,TrueGamma
492,0.516829,1.579006
4,0.472456,0.741513
960,0.516227,0.909455
739,0.506869,1.350738
587,0.455097,0.949003
461,0.560053,0.932225
716,0.509716,1.739310
648,0.517888,1.592958
876,0.499045,1.405201
916,0.514309,1.579181
691,0.474400,1.056565
198,0.540845,2.359091
36,0.493672,0.543753
196,0.512557,1.062418
543,0.519942,0.788615
514,0.516467,0.933140
903,0.529685,1.279127
434,0.459588,0.447759
122,0.484117,0.464909
904,0.521682,2.289277
755,0.504420,0.751699
719,0.497480,1.300948
775,0.527549,2.533734
690,0.510451,1.519187
515,0.477795,0.655725
151,0.495809,0.972157
919,0.528369,2.102900
181,0.576813,2.659356
238,0.545059,1.480775
30,0.521129,0.728901
98,0.502008,0.717727
6,0.536247,1.516044
31,0.508413,1.530149
704,0.508622,1.003941
889,0.478123,1.145840
639,0.512685,1.072289
322,0.475823,1.293015
867,0.478967,1.152863
708,0.515757,1.867294
287,0.472589,1.385209
582,0.505973,2.496186
749,0.445844,0.664628
134,0.544365,0.921624
848,0.465118,1.878827
49,0.558670,1.930309
149,0.500002,1.271975
531,0.463238,0.887475
485,0.496322,1.030769
221,0.457557,0.577549
39,0.455791,0.222750
126,0.524575,2.008116
666,0.551110,0.602100
905,0.490822,1.563527
163,0.542602,1.152282
406,0.460280,0.239788
176,0.545069,1.233040
609,0.550565,1.553343
329,0.488849,2.197680
298,0.505831,1.619966
355,0.480255,0.931643
956,0.481886,0.689237
35,0.520324,1.028525
855,0.536444,1.752720
810,0.479018,0.591920
657,0.484140,0.848523
642,0.472922,0.970713
202,0.493084,1.060569
667,0.459835,0.306375
464,0.506155,0.988190
373,0.462496,0.610122
911,0.527569,1.169901
499,0.529703,1.021831
270,0.489812,2.449049
549,0.447023,0.440538
555,0.468461,1.016496
539,0.464734,0.624534
374,0.492492,0.798565
154,0.478545,1.714007
768,0.498327,1.433951
931,0.523200,1.156331
987,0.521181,0.857562
669,0.511509,1.297817
82,0.528895,0.995651
237,0.483109,0.535025
292,0.530034,1.544990
116,0.508906,1.179370
375,0.461994,0.206348
601,0.494938,0.872967
297,0.533668,0.853290
28,0.504006,0.758501
646,0.499933,0.975502
882,0.492152,0.780363
677,0.516057,0.410836
308,0.480883,1.366978
939,0.492650,0.776955
164,0.463361,0.488303
14,0.513016,0.994950
521,0.556426,1.530329
944,0.469975,1.090571
185,0.517882,1.154884
962,0.498588,0.488074
574,0.480860,1.812331
686,0.502364,1.538628
29,0.482615,0.895381
328,0.554169,1.131926
331,0.464383,0.829387
327,0.520815,1.299017
672,0.509467,1.112307
721,0.470243,0.839310
918,0.503227,0.696976
422,0.505410,1.053770
257,0.486197,1.358978
958,0.511004,0.306275
694,0.495955,1.169442
72,0.480671,1.068089
996,0.556329,1.268988
253,0.464991,1.625500
398,0.498306,0.668930
532,0.460161,0.415187
774,0.478274,1.040725
785,0.498069,0.538785
296,0.515542,1.813865
596,0.490111,1.109976
34,0.484399,1.365397
167,0.479458,1.575826
162,0.501181,1.099090
832,0.465644,1.043922
21,0.507935,0.981627
773,0.486796,1.295253
360,0.508308,0.447257
417,0.496972,0.878004
153,0.511631,0.892972
605,0.483757,0.255581
357,0.559821,2.327803
266,0.506656,0.844469
936,0.512263,1.370618
314,0.513762,2.094250
837,0.506999,1.546580
372,0.509375,0.777530
847,0.566285,2.073201
366,0.461397,0.381459
107,0.488153,2.207263
99,0.518826,0.774081
448,0.496228,1.239580
634,0.488421,1.737897
425,0.473463,0.521592
550,0.474584,1.591074
857,0.501503,0.903551
661,0.495490,0.945598
213,0.493920,0.395220
843,0.488679,1.259439
787,0.506183,1.281396
806,0.518983,1.038297
838,0.509075,1.525286
853,0.473362,0.413880
3,0.515235,1.065351
388,0.548396,0.849493
32,0.547243,0.815880
379,0.530587,1.488917
332,0.524087,1.297060
87,0.506582,0.631751
635,0.536216,1.404162
753,0.525833,1.421214
631,0.512967,2.639446
862,0.533608,1.457901
241,0.544119,0.824109
653,0.557990,1.766869
520,0.517199,1.404041
420,0.538252,1.569602
148,0.495133,0.107603
102,0.506238,0.458025
414,0.539596,2.149861
943,0.588779,1.728297
693,0.489009,0.854956
455,0.540418,1.256810
395,0.569668,1.096840
920,0.551710,1.024471
897,0.518883,1.609097
893,0.524718,1.353900
530,0.473210,0.413080
565,0.492422,0.525511
696,0.502597,1.094793
625,0.482302,0.367686
40,0.484333,1.600307
861,0.522999,2.545600
101,0.490748,0.896516
65,0.522626,0.760231
784,0.472644,0.205252
973,0.540640,1.444353
441,0.526451,0.772866
569,0.541114,0.992050
922,0.516299,1.606832
746,0.518788,0.600587
307,0.561689,1.147598
982,0.564220,2.109683
262,0.500771,0.698083
444,0.589131,1.801951
981,0.491691,0.780092
851,0.583019,1.033173
351,0.538680,1.248061
560,0.571583,1.506380
41,0.523232,0.818959
419,0.511430,0.595958
506,0.511126,0.456819
310,0.509148,0.946442
924,0.573133,0.996116
131,0.560466,2.418382
594,0.539892,2.183642
881,0.486414,0.248861
431,0.562280,1.392476
392,0.628299,1.539789
423,0.548981,1.180825
541,0.509358,0.939316
817,0.506713,0.472060
590,0.494067,0.989166
658,0.549105,1.184139
234,0.504583,1.076042
5,0.503401,0.307512
682,0.508283,0.793187
994,0.544871,1.282069
795,0.514472,2.354849
593,0.534400,0.599665
437,0.500107,0.130868
174,0.576900,0.537266
703,0.478277,0.515955
663,0.545465,2.320986
735,0.522854,0.978727
675,0.567983,0.679908
910,0.557133,1.559642
726,0.507169,0.598589
870,0.507609,1.319344
293,0.503170,1.070670
540,0.503378,0.530642
792,0.570764,0.687194
16,0.561393,2.396053
48,0.561954,1.864914
268,0.524205,1.263656
133,0.483516,0.299482
715,0.506798,1.080282
195,0.520087,1.055230
146,0.523590,1.005619
699,0.541638,1.761820
23,0.502757,1.511400
805,0.481195,0.561501
808,0.499082,0.888369
854,0.486145,0.854315
923,0.523544,1.525799
261,0.491449,0.794462
975,0.508590,2.104278
114,0.481118,1.707157
321,0.490708,1.855165
489,0.504515,0.981423
156,0.530663,1.033392
961,0.515675,0.858373
115,0.576017,1.477526
799,0.523470,0.908155
255,0.472142,0.507494
629,0.524088,0.960675
925,0.496896,0.661467
251,0.522773,0.490242
147,0.491231,0.799751
790,0.496491,0.550025
802,0.475524,0.874213
248,0.550911,0.934438
175,0.520511,0.669360
698,0.517692,0.890883
559,0.607074,1.610699
992,0.485105,1.030803
637,0.518478,0.476902
347,0.559580,1.551548
621,0.516429,1.471523
878,0.515019,1.728760
350,0.543461,2.496816
64,0.536329,0.930895
636,0.559636,1.285648
613,0.533426,0.798044
128,0.547981,1.936640
245,0.552458,1.137550
959,0.513530,0.507519
528,0.489680,0.446900
724,0.517805,0.709015
1,0.547367,0.831918
859,0.544697,0.745453
811,0.522187,1.809419
239,0.516248,1.675008
435,0.495926,0.722555
576,0.574516,2.068872
781,0.526978,1.024629
606,0.528403,0.779311
827,0.527224,2.060286
771,0.481205,0.402041
409,0.564838,2.141850
990,0.530067,1.475357
100,0.512583,1.572841
583,0.546776,0.528666
220,0.519873,1.520767
537,0.557798,2.074919
723,0.517699,2.002408
113,0.552566,0.827687
618,0.542488,1.286706
974,0.495241,0.917474
494,0.478392,1.098895
761,0.548942,1.586245
957,0.512710,1.303970
597,0.499655,0.474833
254,0.554199,1.183461
236,0.503733,2.308695
67,0.514921,0.758328
291,0.483754,1.970262
325,0.532518,1.418497
769,0.512210,0.780146
289,0.533681,1.661902
390,0.534710,1.483274
22,0.498297,0.819200
46,0.493232,0.868724
361,0.522205,3.035083
452,0.540281,0.439917
226,0.514335,2.124763
209,0.547176,1.449152
77,0.530178,0.791912
947,0.495334,1.183071
683,0.511043,1.296221
845,0.550482,0.832896
902,0.521246,1.178985
188,0.525020,1.459681
705,0.511985,0.789457
633,0.519146,1.235503
125,0.528485,0.884107
900,0.523441,0.655904
797,0.509604,0.492896
59,0.525737,1.067360
509,0.574894,1.681734
182,0.568718,1.712466
938,0.484504,0.469162
610,0.531488,1.248266
480,0.498309,1.498139
742,0.483565,0.269903
459,0.521032,1.717502
791,0.540795,1.127571
926,0.513353,1.085254
839,0.500591,0.673865
421,0.591592,1.789848
692,0.507042,1.196446
168,0.474900,0.709137
244,0.561455,0.821443
577,0.526173,2.215542
284,0.532574,0.723603
74,0.520312,1.033751
789,0.499323,1.143287
68,0.569922,0.772984
62,0.575468,1.092267
272,0.566456,1.145678
866,0.510493,0.991636
679,0.600401,0.906680
819,0.520348,1.209997
570,0.558674,2.192948
804,0.512431,1.631733
747,0.523964,0.910426
927,0.490892,1.326401
745,0.586918,3.028675
620,0.533630,1.137402
424,0.521769,0.982182
647,0.535416,1.329238
940,0.471306,1.011984
477,0.535648,1.343370
868,0.549538,0.872317
824,0.539031,2.069217
214,0.539541,0.730021
362,0.502437,1.805915
826,0.478665,0.417654
157,0.513266,0.579657
428,0.500484,0.693363
250,0.486543,0.212515
446,0.468177,0.542498
589,0.554213,0.769394
972,0.529518,0.538086
223,0.550541,1.651374
712,0.508565,1.190772
907,0.515761,0.762369
438,0.520047,0.613069
762,0.499568,0.856183
815,0.505181,0.788170
737,0.544019,1.154737
141,0.525374,0.915466
542,0.511095,1.208282
713,0.533944,1.527136
730,0.523418,0.645689
161,0.481515,1.528274
991,0.515980,1.538447
235,0.540517,1.210864
786,0.529279,0.846927
269,0.536947,1.645317
330,0.559942,1.703951
649,0.550017,0.984544
264,0.509985,0.685394
353,0.516869,1.528467
567,0.496321,0.352867
513,0.492387,1.022644
640,0.494034,0.952099
86,0.571129,1.306024
766,0.541247,1.272218
852,0.531381,0.739266
189,0.509804,0.470522
934,0.488191,0.334376
738,0.554780,1.948628
359,0.514905,1.710684
224,0.477651,0.655116
57,0.580125,1.155949
240,0.482194,1.760441
348,0.486543,0.350180
778,0.505253,1.343439
199,0.500394,0.997903
405,0.515416,0.974623
912,0.490143,0.180486
2,0.551150,1.769609
518,0.547704,2.101964
439,0.515800,0.793266
874,0.496958,1.729675
883,0.473568,0.718151
42,0.492843,0.547743
44,0.526263,1.201064
204,0.534588,0.744628
877,0.517832,0.690556
551,0.541505,1.726892
507,0.549836,3.038766
399,0.562117,1.273825
170,0.543804,1.053042
564,0.478935,0.469729
124,0.515417,0.619417
954,0.516204,0.884121
316,0.499381,0.907641
706,0.524479,0.640648
258,0.523426,1.257507
311,0.561795,1.568655
227,0.544231,0.889903
955,0.499844,0.823610
70,0.552620,1.151382
0,0.530832,1.490108
305,0.526221,1.574437
941,0.486019,0.920909
206,0.550118,0.927820
535,0.571636,1.212892
558,0.502182,2.178966
659,0.568295,2.331200
563,0.532054,0.754429
984,0.518009,1.381777
643,0.540571,1.593921
604,0.557780,2.814886
553,0.486204,0.923472
349,0.537081,1.377361
951,0.560610,0.481691
608,0.479972,0.777103
595,0.527652,0.601940
887,0.528519,1.223484
400,0.553120,1.257374
915,0.495695,0.259755
137,0.610628,2.479630
246,0.529018,0.995677
873,0.540821,1.508077
411,0.496826,0.300595
326,0.495737,0.638260
680,0.502478,0.943388
43,0.544688,1.118689
386,0.526968,0.391313
967,0.499173,0.433309
885,0.541951,0.998352
337,0.558825,0.844217
212,0.493338,0.596026
840,0.537340,1.253545
447,0.583769,1.950029
727,0.551011,1.153257
352,0.593192,1.722693
106,0.538839,0.980586
83,0.541988,0.816391
906,0.577884,1.049685
734,0.536295,0.870834
744,0.539037,1.046389
457,0.564626,1.658275
207,0.573299,1.036507
512,0.522447,1.374548
503,0.504255,0.669026
274,0.505352,2.140179
79,0.505838,1.295200
969,0.494355,0.469121
52,0.545757,0.882941
54,0.493522,0.490338
865,0.530400,1.056134
740,0.505702,1.363141
688,0.478411,1.321843
880,0.500944,0.922848
217,0.496157,0.795846
914,0.544963,0.831463
807,0.567166,2.698576
384,0.487415,0.831052
536,0.530288,1.303125
277,0.524900,1.320263
908,0.519514,0.204186
463,0.523393,1.073363
935,0.518409,0.893864
803,0.518546,0.222414
69,0.493620,0.734275
17,0.540083,0.756633
312,0.517995,0.917885
687,0.529169,1.410132
104,0.558735,0.816387
933,0.547655,2.745360
767,0.541673,1.641653
55,0.526756,0.449351
776,0.591666,0.709684
26,0.591002,1.308389
573,0.497866,1.102527
323,0.550737,1.092294
894,0.494830,0.627385
871,0.536941,1.309065
132,0.566471,2.079801
510,0.522355,0.909985
860,0.599536,0.426864
783,0.572229,3.119225
33,0.523730,1.317283
624,0.552796,0.374182
451,0.532367,0.478663
928,0.497002,0.512710
611,0.516989,1.014072
178,0.594407,1.123368
823,0.563679,0.502668
909,0.544520,0.986436
952,0.533457,1.688480
466,0.550689,2.084929
13,0.574453,1.267681
985,0.595853,1.600313
92,0.543092,0.477006
285,0.553362,1.543025
445,0.546916,1.927733
290,0.545614,1.616281
194,0.573182,1.041853
656,0.534701,1.106033
283,0.555563,1.782178
850,0.536120,0.390144
937,0.582041,1.691704
8,0.535586,2.054827
81,0.520544,1.031184
588,0.510731,0.404371
702,0.533841,0.819982
571,0.528785,1.091551
491,0.549050,0.636506
579,0.490980,1.132325
626,0.576140,1.228245
368,0.505834,0.614718
410,0.530584,0.541002
623,0.609154,1.125453
554,0.527564,0.606938
930,0.585697,2.446263
89,0.506592,0.415991
695,0.518227,1.609504
770,0.611417,1.257735
389,0.524678,1.414439
977,0.552151,0.712026
872,0.604914,0.780789
898,0.579364,2.137288
191,0.545593,1.275269
856,0.605555,1.394166
265,0.506965,1.171663
276,0.549226,0.405437
449,0.553933,1.162446
765,0.596180,1.162617
986,0.570525,1.678251
58,0.594966,0.816159
51,0.539019,2.536628
387,0.569268,1.194077
333,0.562317,2.542083
263,0.577048,1.266980
340,0.573597,1.272223
318,0.585593,1.280017
641,0.520540,0.464397
25,0.526136,0.647302
976,0.556468,0.903551
378,0.536770,0.942667
645,0.517290,0.444094
700,0.576444,0.982199
891,0.540918,0.745832
27,0.636843,2.264042
508,0.570142,1.346822
674,0.555044,1.937266
158,0.581749,2.786333
630,0.578666,0.574083
828,0.573489,1.022938
336,0.591653,1.214121
426,0.530139,1.283673
300,0.567695,0.360508
921,0.545060,1.039291
63,0.533430,0.567131
945,0.566602,0.934838
381,0.547508,0.709283
97,0.557084,1.242083
127,0.543535,0.791470
120,0.531699,1.786185
929,0.553788,0.369912
319,0.596366,0.689563
798,0.541847,0.684761
288,0.527698,0.762438
743,0.546535,0.625584
9,0.552142,0.934300
225,0.599511,1.810111
50,0.537848,0.272840
932,0.536274,0.462640
117,0.529664,1.068084
231,0.551389,2.313610
211,0.581609,0.310043
879,0.528329,1.163172
11,0.588921,2.294608
169,0.556562,0.783970
757,0.503055,0.722755
544,0.520510,1.094485
210,0.550154,1.019823
24,0.538331,0.661036
339,0.568069,1.181349
282,0.517761,1.446291
450,0.509645,1.612629
20,0.572849,1.481015
748,0.590244,1.247165
971,0.605817,1.385199
404,0.544759,1.728471
456,0.534006,1.410775
103,0.561375,0.459866
345,0.577339,1.798510
228,0.539721,1.698929
668,0.588128,0.979607
545,0.496994,0.638926
200,0.544586,0.952434
306,0.556804,0.361825
780,0.619734,3.014912
403,0.584131,0.931885
498,0.553160,1.560645
948,0.526194,1.594708
818,0.494870,0.429112
165,0.615319,1.474409
130,0.599177,0.631307
533,0.628564,0.468646
754,0.521637,0.786656
835,0.539438,2.458494
968,0.561709,1.063999
93,0.507276,1.387870
484,0.554470,2.460483
385,0.568049,1.611787
205,0.528195,1.088474
801,0.542359,1.831562
139,0.538813,1.129956
12,0.616419,2.061351
315,0.488908,1.120571
60,0.622090,1.273609
568,0.569290,1.879835
243,0.519023,1.088037
232,0.509943,0.567234
965,0.538161,0.998465
152,0.553630,1.552991
53,0.589965,2.530244
591,0.556858,3.205345
522,0.550838,1.906226
913,0.561847,0.225468
493,0.559538,1.546962
517,0.623816,1.738883
344,0.543196,1.338601
619,0.573276,0.667967
697,0.499273,0.717333
432,0.512769,1.965672
614,0.574350,1.973351
84,0.513120,1.120882
324,0.523341,0.567981
794,0.647889,1.844825
511,0.541565,1.439576
109,0.529285,2.112934
215,0.592977,1.859944
142,0.538844,1.495143
684,0.526871,0.875591
380,0.517109,0.792378
836,0.500283,0.990335
566,0.537499,2.215581
662,0.511201,1.279194
504,0.559561,1.663961
467,0.541892,1.369398
718,0.582675,1.335473
557,0.536278,2.092263
728,0.551651,1.412638
56,0.587040,1.877960
391,0.546425,1.589381
440,0.568122,0.245884
177,0.544994,0.790940
465,0.548601,0.515404
670,0.533578,0.491666
505,0.635770,2.204914
155,0.528873,0.885715
764,0.510835,1.099454
607,0.528807,1.077472
367,0.549530,0.860759
598,0.579701,2.214628
443,0.564606,1.787902
983,0.489651,0.552600
752,0.491134,1.499645
304,0.688041,3.674873
736,0.586280,2.011080
993,0.661151,3.026662
875,0.575813,0.821547
673,0.551535,0.941012
377,0.550013,0.637531
756,0.540770,0.867422
136,0.570645,2.079686
821,0.547850,1.237499
732,0.555082,0.928203
469,0.585116,0.955339
495,0.572408,1.836000
548,0.560836,1.976519
858,0.588288,0.610390
950,0.543334,2.017207
401,0.596307,2.154548
942,0.534526,0.604140
946,0.572033,0.829232
664,0.512895,1.996854
813,0.555522,1.148168
416,0.549805,0.603811
896,0.591875,1.198733
299,0.624531,1.188795
335,0.560512,1.053865
812,0.556234,1.055347
166,0.620841,2.120016
140,0.578803,2.004492
433,0.564183,0.576961
820,0.588272,0.622673
841,0.530983,0.289633
710,0.529875,0.884549
966,0.543489,0.872936
516,0.541831,0.552887
80,0.607623,1.174223
462,0.551674,1.055584
584,0.627049,1.867277
418,0.545329,0.516803
320,0.532862,1.841646
796,0.595543,2.167610
788,0.606785,3.362766
143,0.530368,0.541122
578,0.612762,3.571470
172,0.502825,1.189842
561,0.531787,0.968361
370,0.540622,0.658999
222,0.531014,1.322558
979,0.539064,0.857746
105,0.580488,2.556124
145,0.558083,1.412522
779,0.589133,1.724884
61,0.559793,0.712529
707,0.577951,1.350848
90,0.565295,1.205182
197,0.589874,1.364321
846,0.621372,1.731115
94,0.573486,0.768467
481,0.683200,3.173114
309,0.561348,1.185081
468,0.539360,0.917638
294,0.598255,1.510397
988,0.619574,2.122945
273,0.566007,0.684044
575,0.544651,1.263418
676,0.657022,1.083099
800,0.541676,0.809389
660,0.558402,0.495365
665,0.548949,0.567853
183,0.541135,2.188374
95,0.502310,1.386747
741,0.598117,1.465067
7,0.506055,0.744468
978,0.648388,4.183775
483,0.581873,1.661033
525,0.503192,1.323620
849,0.580808,1.393875
334,0.563429,0.833838
725,0.559703,1.200141
242,0.570131,1.271435
427,0.594327,0.963365
654,0.527472,1.008496
760,0.567262,0.829438
892,0.521021,0.809371
763,0.530159,1.696181
460,0.602263,1.114994
586,0.547400,0.747081
526,0.649787,1.454445
628,0.556969,1.829827
138,0.513252,0.747728
580,0.542095,1.000291
615,0.582866,1.757536
38,0.548188,0.434028
173,0.567103,1.821216
371,0.578283,2.468548
342,0.523520,1.121457
203,0.596361,1.286938
678,0.527778,0.628493
91,0.572955,0.636547
85,0.569390,3.888110
701,0.592580,0.901122
471,0.604563,1.718214
363,0.537226,0.519580
160,0.590547,1.078552
260,0.538746,1.661503
171,0.560594,0.701220
825,0.582743,1.224283
476,0.529455,0.977460
997,0.528209,0.488746
814,0.606673,1.552614
831,0.532845,0.434668
899,0.606615,1.495666
552,0.591017,2.829828
603,0.541764,1.124483
295,0.549956,0.651800
376,0.596665,2.767380
233,0.571811,1.947464
247,0.538238,0.730781
112,0.573989,0.538221
772,0.545498,1.706348
201,0.572750,2.335576
159,0.565334,0.872652
671,0.569894,1.247578
964,0.586207,1.338937
842,0.623900,1.577734
96,0.534709,1.060904
383,0.564715,1.338859
190,0.539125,0.826688
650,0.582137,1.343000
76,0.609155,1.065285
953,0.598116,1.780659
413,0.548684,0.745984
562,0.540286,0.676968
286,0.556664,0.665735
490,0.661664,1.922765
777,0.569660,0.904339
478,0.609334,2.279062
108,0.591804,1.424837
949,0.559598,0.490434
71,0.577538,0.516221
599,0.637438,1.738405
733,0.582301,1.260216
78,0.556280,1.100726
19,0.580842,0.525206
497,0.576482,1.591369
259,0.525055,1.802922
317,0.586227,1.036276
638,0.566050,0.881345
343,0.610844,0.691391
219,0.631201,1.516698
500,0.558318,0.729316
302,0.561356,0.503553
121,0.578440,1.074894
408,0.575568,1.574597
358,0.590512,0.997308
364,0.591335,2.483105
180,0.547469,1.388778
301,0.542730,0.906148
759,0.618077,3.260977
192,0.563545,0.762090
415,0.542480,0.874596
612,0.579800,1.480982
123,0.610194,2.212395
681,0.568843,2.696487
980,0.596966,1.183794
346,0.556964,2.083072
830,0.546914,0.379145
829,0.609157,1.802451
844,0.567505,0.788245
412,0.552911,1.317363
472,0.587647,1.399645
267,0.537924,0.700682
229,0.571774,1.625515
442,0.578294,0.666493
341,0.594536,1.298354
502,0.557219,0.191540
863,0.531888,1.192081
271,0.628883,2.484291
998,0.587065,1.535706
585,0.541179,1.091215
917,0.563611,0.514844
751,0.576877,1.902711
482,0.589066,0.819944
864,0.561488,1.961299
809,0.587865,1.431545
396,0.665014,1.755566
546,0.544127,0.844303
394,0.618145,1.507166
890,0.594267,1.052205
822,0.571271,0.719632
616,0.630109,1.900718
720,0.584645,1.207746
475,0.585197,0.540732
717,0.551578,0.974881
989,0.556422,1.044370
888,0.570365,0.519945
999,0.609374,1.508811
186,0.577940,0.787809
523,0.545846,1.834136
627,0.566960,1.280870
895,0.585102,0.997037
547,0.566529,0.931337
110,0.563669,1.550760
338,0.572622,1.370408
995,0.631760,0.964720
592,0.652796,1.516236
453,0.611480,1.474735
278,0.644121,1.872473
88,0.576520,1.279241
45,0.553347,2.912709
534,0.610026,2.348706
479,0.592498,2.120034
869,0.570161,2.054613
685,0.604460,1.204677
652,0.584389,0.791601
474,0.587065,1.533479
407,0.571150,1.120502
496,0.612902,1.078594
602,0.593971,1.061894
622,0.565794,0.432848
884,0.575510,1.298675
430,0.643686,1.549134
689,0.619439,1.495074
18,0.626947,0.476223
256,0.559810,1.628894
524,0.561909,1.110492
73,0.620517,1.744527
280,0.549725,1.241687
833,0.588855,1.877933
655,0.590034,0.810961
303,0.573020,2.220698
313,0.589024,0.852673
617,0.627668,0.922148
429,0.618764,2.298231
486,0.584673,1.474963
187,0.566334,1.877877
970,0.604707,0.786769
365,0.551820,1.635312
397,0.609196,0.863494
354,0.603106,1.145840
632,0.600541,1.195515
581,0.608048,0.792226
529,0.577761,0.875584
454,0.555400,0.910639
144,0.621412,1.742757
118,0.562365,0.142442
901,0.591188,0.657731
382,0.586132,1.169908
66,0.569183,0.454014
473,0.595455,1.351332
129,0.640004,1.039862
750,0.585611,0.937567
15,0.659665,2.181559
218,0.619128,0.272334
436,0.575377,0.618415
393,0.571517,1.463225
487,0.582171,1.803556
47,0.619261,1.418719
572,0.644927,1.585535
10,0.602021,0.506795
279,0.632249,1.983348
119,0.623062,1.484476
501,0.580681,0.801020
709,0.648813,1.227022
184,0.570343,2.721579
208,0.592610,1.142193
644,0.629298,0.609486
458,0.633108,1.518648
249,0.613388,1.656493
793,0.629211,1.983470
275,0.582599,0.461963
519,0.571067,0.616349
527,0.608032,1.460787
470,0.626908,1.818717
281,0.594638,1.100035
782,0.697952,3.320639
252,0.659294,1.179452
758,0.606477,0.897870
37,0.720648,1.989436
111,0.613064,0.593315
816,0.671511,1.106836
538,0.632348,0.904902
722,0.636224,1.596659
963,0.703815,2.815638
731,0.684936,1.779486
230,0.640416,0.527169
216,0.621672,1.825074
193,0.627867,1.672292
834,0.611655,1.506021
886,0.638046,0.964292
714,0.672666,1.268573
556,0.639780,0.991986
135,0.677979,2.037236
356,0.653955,1.515924
651,0.611511,1.026312
729,0.656153,0.915001
600,0.618468,0.546980
711,0.607821,0.954228
402,0.686194,2.058155
150,0.642972,1.788721
488,0.722457,1.061905
179,0.707202,1.561828
369,0.671677,1.326547
75,0.709861,0.694045
Average Cost: 9.788000
Accuracy: 97.100000
Accuracy 0: 100.000000
Cost 0: 6.000000
Accuracy 1: 100.000000
Cost 1: 6.000000
Accuracy 2: 100.000000
Cost 2: 6.000000
Accuracy 3: 100.000000
Cost 3: 6.000000
Accuracy 4: 100.000000
Cost 4: 6.000000
Accuracy 5: 100.000000
Cost 5: 6.000000
Accuracy 6: 100.000000
Cost 6: 6.000000
Accuracy 7: 100.000000
Cost 7: 6.000000
Accuracy 8: 100.000000
Cost 8: 6.000000
Accuracy 9: 100.000000
Cost 9: 6.000000
