Number of Worker Pools: 2
Number of Workers in Pool 1: 1000
Original mean,standardDev for Pool 1: 4.000000,0.300000
Number of Workers in Pool 2: 1000
Original mean,standardDev for Pool 2: 3.500000,0.200000
Number of Problems: 1000
ProblemNo,Answer,TrueAnswer,Cost,Difficulty,TrueDifficulty
0,1,1,12.000000,0.500000,0.500000
1,0,0,9.000000,0.000000,0.500000
2,0,0,12.000000,0.500000,0.500000
3,1,1,16.000000,0.700000,0.500000
4,0,0,20.000000,0.800000,0.500000
5,0,0,18.000000,0.800000,0.500000
6,0,0,24.000000,0.700000,0.500000
7,0,0,9.000000,0.000000,0.500000
8,1,1,11.000000,0.400000,0.500000
9,0,0,18.000000,0.800000,0.500000
10,1,1,30.000000,0.900000,0.500000
11,1,1,12.000000,0.500000,0.500000
12,1,1,23.000000,0.900000,0.500000
13,1,1,12.000000,0.500000,0.500000
14,0,0,9.000000,0.000000,0.500000
15,1,1,9.000000,0.000000,0.500000
16,0,0,12.000000,0.500000,0.500000
17,0,0,9.000000,0.000000,0.500000
18,1,1,12.000000,0.500000,0.500000
19,1,1,12.000000,0.500000,0.500000
20,0,0,12.000000,0.500000,0.500000
21,0,0,12.000000,0.500000,0.500000
22,0,0,18.000000,0.900000,0.500000
23,0,0,12.000000,0.500000,0.500000
24,0,0,22.000000,0.800000,0.500000
25,0,0,11.000000,0.400000,0.500000
26,1,1,16.000000,0.700000,0.500000
27,0,0,9.000000,0.000000,0.500000
28,0,0,18.000000,0.600000,0.500000
29,1,1,16.000000,0.700000,0.500000
30,1,1,12.000000,0.500000,0.500000
31,1,1,9.000000,0.000000,0.500000
32,0,0,18.000000,0.700000,0.500000
33,0,0,12.000000,0.500000,0.500000
34,1,1,12.000000,0.500000,0.500000
35,1,1,14.000000,0.800000,0.500000
36,1,1,9.000000,0.000000,0.500000
37,1,1,11.000000,0.400000,0.500000
38,1,1,16.000000,0.700000,0.500000
39,0,0,12.000000,0.500000,0.500000
40,0,0,9.000000,0.000000,0.500000
41,1,1,11.000000,0.400000,0.500000
42,0,0,16.000000,0.700000,0.500000
43,1,1,18.000000,0.900000,0.500000
44,0,0,16.000000,0.700000,0.500000
45,1,1,9.000000,0.000000,0.500000
46,1,1,12.000000,0.500000,0.500000
47,0,0,12.000000,0.500000,0.500000
48,1,1,9.000000,0.000000,0.500000
49,1,1,16.000000,0.700000,0.500000
50,1,1,16.000000,0.700000,0.500000
51,0,0,9.000000,0.000000,0.500000
52,0,0,9.000000,0.000000,0.500000
53,1,1,18.000000,0.800000,0.500000
54,0,0,9.000000,0.000000,0.500000
55,0,0,9.000000,0.000000,0.500000
56,0,0,16.000000,0.700000,0.500000
57,0,0,12.000000,0.500000,0.500000
58,0,0,9.000000,0.000000,0.500000
59,1,1,12.000000,0.500000,0.500000
60,1,1,18.000000,0.900000,0.500000
61,1,1,16.000000,0.700000,0.500000
62,1,1,9.000000,0.000000,0.500000
63,1,1,9.000000,0.000000,0.500000
64,0,0,18.000000,0.800000,0.500000
65,0,0,12.000000,0.500000,0.500000
66,0,0,9.000000,0.000000,0.500000
67,1,1,12.000000,0.500000,0.500000
68,1,1,9.000000,0.000000,0.500000
69,1,1,42.000000,1.000000,0.500000
70,1,1,9.000000,0.000000,0.500000
71,0,0,12.000000,0.500000,0.500000
72,1,1,18.000000,0.900000,0.500000
73,1,1,19.000000,0.800000,0.500000
74,1,1,9.000000,0.000000,0.500000
75,1,1,12.000000,0.500000,0.500000
76,1,1,9.000000,0.000000,0.500000
77,1,1,9.000000,0.000000,0.500000
78,1,1,12.000000,0.500000,0.500000
79,1,1,12.000000,0.500000,0.500000
80,1,1,18.000000,0.700000,0.500000
81,0,0,12.000000,0.500000,0.500000
82,1,1,24.000000,0.800000,0.500000
83,1,1,17.000000,0.600000,0.500000
84,1,1,12.000000,0.500000,0.500000
85,0,0,9.000000,0.000000,0.500000
86,1,1,34.000000,0.900000,0.500000
87,0,0,9.000000,0.000000,0.500000
88,0,0,28.000000,0.800000,0.500000
89,0,0,18.000000,0.600000,0.500000
90,0,0,12.000000,0.500000,0.500000
91,0,0,24.000000,0.900000,0.500000
92,1,1,9.000000,0.000000,0.500000
93,1,1,9.000000,0.000000,0.500000
94,1,1,11.000000,0.400000,0.500000
95,0,0,9.000000,0.000000,0.500000
96,1,1,9.000000,0.000000,0.500000
97,0,0,18.000000,0.700000,0.500000
98,1,1,18.000000,0.800000,0.500000
99,1,1,12.000000,0.500000,0.500000
100,1,1,18.000000,0.800000,0.500000
101,0,0,12.000000,0.500000,0.500000
102,0,0,16.000000,0.700000,0.500000
103,1,1,9.000000,0.000000,0.500000
104,0,0,24.000000,0.900000,0.500000
105,0,0,9.000000,0.000000,0.500000
106,1,1,9.000000,0.000000,0.500000
107,0,0,9.000000,0.000000,0.500000
108,1,1,15.000000,0.700000,0.500000
109,1,1,9.000000,0.000000,0.500000
110,0,0,11.000000,0.400000,0.500000
111,0,0,9.000000,0.000000,0.500000
112,1,1,12.000000,0.500000,0.500000
113,0,0,20.000000,0.800000,0.500000
114,0,0,9.000000,0.000000,0.500000
115,0,0,9.000000,0.000000,0.500000
116,1,1,40.000000,0.900000,0.500000
117,0,0,9.000000,0.000000,0.500000
118,0,0,12.000000,0.500000,0.500000
119,1,1,9.000000,0.000000,0.500000
120,0,0,11.000000,0.400000,0.500000
121,1,1,18.000000,0.600000,0.500000
122,1,1,16.000000,0.700000,0.500000
123,0,0,12.000000,0.500000,0.500000
124,0,0,9.000000,0.000000,0.500000
125,1,1,9.000000,0.000000,0.500000
126,0,0,18.000000,0.900000,0.500000
127,0,0,12.000000,0.500000,0.500000
128,0,0,9.000000,0.000000,0.500000
129,0,0,30.000000,0.800000,0.500000
130,0,0,12.000000,0.500000,0.500000
131,0,0,24.000000,0.900000,0.500000
132,0,0,9.000000,0.000000,0.500000
133,1,1,12.000000,0.500000,0.500000
134,1,1,18.000000,0.700000,0.500000
135,1,1,9.000000,0.000000,0.500000
136,0,0,14.000000,0.800000,0.500000
137,1,1,12.000000,0.500000,0.500000
138,0,0,26.000000,0.900000,0.500000
139,1,1,9.000000,0.000000,0.500000
140,1,1,9.000000,0.000000,0.500000
141,1,1,9.000000,0.000000,0.500000
142,1,1,11.000000,0.400000,0.500000
143,0,0,9.000000,0.000000,0.500000
144,0,0,22.000000,0.900000,0.500000
145,1,1,26.000000,0.900000,0.500000
146,1,1,9.000000,0.000000,0.500000
147,0,0,12.000000,0.500000,0.500000
148,1,1,18.000000,0.700000,0.500000
149,1,1,16.000000,0.700000,0.500000
150,1,1,20.000000,0.800000,0.500000
151,1,1,20.000000,0.800000,0.500000
152,0,0,9.000000,0.000000,0.500000
153,1,1,9.000000,0.000000,0.500000
154,1,1,18.000000,0.700000,0.500000
155,0,0,18.000000,0.600000,0.500000
156,0,0,9.000000,0.000000,0.500000
157,1,1,12.000000,0.500000,0.500000
158,0,0,9.000000,0.000000,0.500000
159,1,1,26.000000,0.900000,0.500000
160,1,1,20.000000,0.800000,0.500000
161,0,0,12.000000,0.500000,0.500000
162,0,0,12.000000,0.500000,0.500000
163,1,1,9.000000,0.000000,0.500000
164,1,1,19.000000,0.800000,0.500000
165,1,1,11.000000,0.400000,0.500000
166,1,1,12.000000,0.500000,0.500000
167,0,0,12.000000,0.500000,0.500000
168,0,0,11.000000,0.400000,0.500000
169,1,1,14.000000,0.800000,0.500000
170,0,0,9.000000,0.000000,0.500000
171,0,0,22.000000,0.800000,0.500000
172,0,0,12.000000,0.500000,0.500000
173,1,1,9.000000,0.000000,0.500000
174,1,1,12.000000,0.500000,0.500000
175,0,0,12.000000,0.500000,0.500000
176,0,0,9.000000,0.000000,0.500000
177,1,1,9.000000,0.000000,0.500000
178,0,0,12.000000,0.500000,0.500000
179,1,1,12.000000,0.500000,0.500000
180,1,1,12.000000,0.500000,0.500000
181,1,1,12.000000,0.500000,0.500000
182,1,1,9.000000,0.000000,0.500000
183,0,0,16.000000,0.700000,0.500000
184,1,1,16.000000,0.700000,0.500000
185,1,1,16.000000,0.700000,0.500000
186,1,1,12.000000,0.500000,0.500000
187,1,1,12.000000,0.500000,0.500000
188,0,0,9.000000,0.000000,0.500000
189,0,0,16.000000,0.700000,0.500000
190,1,1,16.000000,0.700000,0.500000
191,0,0,16.000000,0.700000,0.500000
192,1,1,12.000000,0.500000,0.500000
193,0,0,9.000000,0.000000,0.500000
194,0,0,9.000000,0.000000,0.500000
195,0,0,9.000000,0.000000,0.500000
196,1,1,9.000000,0.000000,0.500000
197,0,0,16.000000,0.700000,0.500000
198,0,0,22.000000,0.900000,0.500000
199,0,0,11.000000,0.400000,0.500000
200,0,0,11.000000,0.400000,0.500000
201,1,1,11.000000,0.400000,0.500000
202,0,0,9.000000,0.000000,0.500000
203,1,1,9.000000,0.000000,0.500000
204,0,0,20.000000,0.900000,0.500000
205,1,1,18.000000,0.900000,0.500000
206,0,0,12.000000,0.500000,0.500000
207,0,0,9.000000,0.000000,0.500000
208,1,1,22.000000,0.800000,0.500000
209,0,0,9.000000,0.000000,0.500000
210,1,1,12.000000,0.500000,0.500000
211,0,0,18.000000,0.700000,0.500000
212,1,1,11.000000,0.400000,0.500000
213,0,0,11.000000,0.400000,0.500000
214,1,1,9.000000,0.000000,0.500000
215,1,1,9.000000,0.000000,0.500000
216,1,1,30.000000,0.900000,0.500000
217,1,1,9.000000,0.000000,0.500000
218,0,0,12.000000,0.500000,0.500000
219,1,1,9.000000,0.000000,0.500000
220,1,1,16.000000,0.700000,0.500000
221,0,0,16.000000,0.700000,0.500000
222,1,1,12.000000,0.500000,0.500000
223,0,0,18.000000,0.900000,0.500000
224,1,1,18.000000,0.900000,0.500000
225,1,1,11.000000,0.400000,0.500000
226,0,0,12.000000,0.500000,0.500000
227,1,1,9.000000,0.000000,0.500000
228,0,0,9.000000,0.000000,0.500000
229,1,1,12.000000,0.500000,0.500000
230,1,1,9.000000,0.000000,0.500000
231,0,0,12.000000,0.500000,0.500000
232,1,1,12.000000,0.500000,0.500000
233,0,0,16.000000,0.700000,0.500000
234,0,0,20.000000,0.800000,0.500000
235,1,1,18.000000,0.800000,0.500000
236,1,1,12.000000,0.500000,0.500000
237,1,1,9.000000,0.000000,0.500000
238,1,1,12.000000,0.500000,0.500000
239,1,1,9.000000,0.000000,0.500000
240,0,0,14.000000,0.800000,0.500000
241,1,1,16.000000,0.700000,0.500000
242,0,0,12.000000,0.500000,0.500000
243,0,0,11.000000,0.400000,0.500000
244,1,1,12.000000,0.500000,0.500000
245,1,1,12.000000,0.500000,0.500000
246,0,0,12.000000,0.500000,0.500000
247,1,1,12.000000,0.500000,0.500000
248,1,1,12.000000,0.500000,0.500000
249,0,0,12.000000,0.500000,0.500000
250,1,1,12.000000,0.500000,0.500000
251,0,0,12.000000,0.500000,0.500000
252,0,0,16.000000,0.700000,0.500000
253,0,0,16.000000,0.700000,0.500000
254,1,1,22.000000,0.800000,0.500000
255,1,1,9.000000,0.000000,0.500000
256,0,0,9.000000,0.000000,0.500000
257,1,1,20.000000,0.800000,0.500000
258,1,1,11.000000,0.400000,0.500000
259,0,0,11.000000,0.400000,0.500000
260,0,0,16.000000,0.700000,0.500000
261,1,1,14.000000,0.800000,0.500000
262,1,1,9.000000,0.000000,0.500000
263,1,1,16.000000,0.700000,0.500000
264,1,1,9.000000,0.000000,0.500000
265,1,1,12.000000,0.500000,0.500000
266,1,1,12.000000,0.500000,0.500000
267,0,0,12.000000,0.500000,0.500000
268,1,1,20.000000,0.800000,0.500000
269,0,0,16.000000,0.700000,0.500000
270,0,0,9.000000,0.000000,0.500000
271,0,0,9.000000,0.000000,0.500000
272,1,1,9.000000,0.000000,0.500000
273,1,1,9.000000,0.000000,0.500000
274,1,1,12.000000,0.500000,0.500000
275,0,0,9.000000,0.000000,0.500000
276,1,1,9.000000,0.000000,0.500000
277,1,1,11.000000,0.400000,0.500000
278,0,0,9.000000,0.000000,0.500000
279,0,0,12.000000,0.500000,0.500000
280,1,1,11.000000,0.400000,0.500000
281,1,1,46.000000,1.000000,0.500000
282,0,0,9.000000,0.000000,0.500000
283,1,1,12.000000,0.500000,0.500000
284,1,1,9.000000,0.000000,0.500000
285,0,0,26.000000,0.900000,0.500000
286,0,0,9.000000,0.000000,0.500000
287,0,0,20.000000,0.800000,0.500000
288,0,0,9.000000,0.000000,0.500000
289,1,1,16.000000,0.700000,0.500000
290,1,1,18.000000,0.800000,0.500000
291,0,0,12.000000,0.500000,0.500000
292,1,1,12.000000,0.500000,0.500000
293,1,1,12.000000,0.500000,0.500000
294,0,0,9.000000,0.000000,0.500000
295,1,1,9.000000,0.000000,0.500000
296,0,0,9.000000,0.000000,0.500000
297,0,0,9.000000,0.000000,0.500000
298,0,0,9.000000,0.000000,0.500000
299,0,0,9.000000,0.000000,0.500000
300,1,1,9.000000,0.000000,0.500000
301,1,1,9.000000,0.000000,0.500000
302,1,1,9.000000,0.000000,0.500000
303,0,0,12.000000,0.500000,0.500000
304,0,0,23.000000,0.900000,0.500000
305,1,1,11.000000,0.400000,0.500000
306,1,1,11.000000,0.400000,0.500000
307,0,0,12.000000,0.500000,0.500000
308,1,1,11.000000,0.400000,0.500000
309,1,1,30.000000,0.900000,0.500000
310,0,0,22.000000,0.900000,0.500000
311,0,0,16.000000,0.700000,0.500000
312,1,1,9.000000,0.000000,0.500000
313,0,0,9.000000,0.000000,0.500000
314,0,0,9.000000,0.000000,0.500000
315,1,1,9.000000,0.000000,0.500000
316,1,1,12.000000,0.500000,0.500000
317,1,1,26.000000,0.800000,0.500000
318,0,0,18.000000,0.800000,0.500000
319,1,1,9.000000,0.000000,0.500000
320,0,0,11.000000,0.400000,0.500000
321,0,0,11.000000,0.400000,0.500000
322,0,0,36.000000,1.000000,0.500000
323,0,0,16.000000,0.700000,0.500000
324,0,0,20.000000,0.800000,0.500000
325,0,0,9.000000,0.000000,0.500000
326,0,0,11.000000,0.400000,0.500000
327,0,0,12.000000,0.500000,0.500000
328,1,1,9.000000,0.000000,0.500000
329,1,1,9.000000,0.000000,0.500000
330,0,0,9.000000,0.000000,0.500000
331,1,1,22.000000,0.900000,0.500000
332,1,1,9.000000,0.000000,0.500000
333,1,1,12.000000,0.500000,0.500000
334,0,0,9.000000,0.000000,0.500000
335,0,0,9.000000,0.000000,0.500000
336,0,0,9.000000,0.000000,0.500000
337,1,1,9.000000,0.000000,0.500000
338,0,0,16.000000,0.700000,0.500000
339,0,0,9.000000,0.000000,0.500000
340,0,0,12.000000,0.500000,0.500000
341,0,0,11.000000,0.400000,0.500000
342,1,1,28.000000,0.900000,0.500000
343,0,0,9.000000,0.000000,0.500000
344,0,0,9.000000,0.000000,0.500000
345,1,1,18.000000,0.900000,0.500000
346,0,0,18.000000,0.700000,0.500000
347,0,0,22.000000,0.700000,0.500000
348,0,0,32.000000,1.000000,0.500000
349,1,1,16.000000,0.700000,0.500000
350,0,0,12.000000,0.500000,0.500000
351,0,0,9.000000,0.000000,0.500000
352,1,1,9.000000,0.000000,0.500000
353,0,0,9.000000,0.000000,0.500000
354,0,0,9.000000,0.000000,0.500000
355,0,0,9.000000,0.000000,0.500000
356,1,1,12.000000,0.500000,0.500000
357,1,1,16.000000,0.700000,0.500000
358,0,0,16.000000,0.700000,0.500000
359,1,1,16.000000,0.700000,0.500000
360,0,0,24.000000,0.900000,0.500000
361,0,0,12.000000,0.500000,0.500000
362,1,1,12.000000,0.500000,0.500000
363,1,1,12.000000,0.500000,0.500000
364,1,1,16.000000,0.700000,0.500000
365,0,0,9.000000,0.000000,0.500000
366,1,1,16.000000,0.700000,0.500000
367,0,0,9.000000,0.000000,0.500000
368,0,0,12.000000,0.500000,0.500000
369,1,1,9.000000,0.000000,0.500000
370,0,0,12.000000,0.500000,0.500000
371,1,1,9.000000,0.000000,0.500000
372,0,0,12.000000,0.500000,0.500000
373,0,0,9.000000,0.000000,0.500000
374,0,0,9.000000,0.000000,0.500000
375,0,0,9.000000,0.000000,0.500000
376,0,0,9.000000,0.000000,0.500000
377,0,0,9.000000,0.000000,0.500000
378,1,1,24.000000,0.900000,0.500000
379,0,0,9.000000,0.000000,0.500000
380,0,0,9.000000,0.000000,0.500000
381,0,0,11.000000,0.400000,0.500000
382,1,1,9.000000,0.000000,0.500000
383,0,0,12.000000,0.500000,0.500000
384,1,1,9.000000,0.000000,0.500000
385,1,1,9.000000,0.000000,0.500000
386,1,1,12.000000,0.500000,0.500000
387,1,1,12.000000,0.500000,0.500000
388,0,0,9.000000,0.000000,0.500000
389,0,0,9.000000,0.000000,0.500000
390,1,1,12.000000,0.500000,0.500000
391,1,1,12.000000,0.500000,0.500000
392,1,1,30.000000,0.900000,0.500000
393,0,0,9.000000,0.000000,0.500000
394,1,1,16.000000,0.700000,0.500000
395,1,1,18.000000,0.800000,0.500000
396,1,1,9.000000,0.000000,0.500000
397,1,1,12.000000,0.500000,0.500000
398,1,1,12.000000,0.500000,0.500000
399,0,0,12.000000,0.500000,0.500000
400,0,0,29.000000,0.900000,0.500000
401,1,1,20.000000,0.800000,0.500000
402,1,1,11.000000,0.400000,0.500000
403,1,1,20.000000,0.800000,0.500000
404,1,1,9.000000,0.000000,0.500000
405,1,1,9.000000,0.000000,0.500000
406,1,1,9.000000,0.000000,0.500000
407,1,1,12.000000,0.500000,0.500000
408,1,1,9.000000,0.000000,0.500000
409,1,1,16.000000,0.700000,0.500000
410,1,1,20.000000,0.800000,0.500000
411,0,0,9.000000,0.000000,0.500000
412,0,0,15.000000,0.700000,0.500000
413,1,1,12.000000,0.500000,0.500000
414,0,0,9.000000,0.000000,0.500000
415,1,1,12.000000,0.500000,0.500000
416,0,0,16.000000,0.700000,0.500000
417,1,1,9.000000,0.000000,0.500000
418,1,1,18.000000,0.800000,0.500000
419,0,0,12.000000,0.500000,0.500000
420,1,1,12.000000,0.500000,0.500000
421,0,0,18.000000,0.900000,0.500000
422,0,0,18.000000,0.900000,0.500000
423,1,1,12.000000,0.500000,0.500000
424,0,0,11.000000,0.400000,0.500000
425,0,0,20.000000,0.600000,0.500000
426,1,1,24.000000,0.900000,0.500000
427,1,1,9.000000,0.000000,0.500000
428,0,0,9.000000,0.000000,0.500000
429,1,1,18.000000,0.900000,0.500000
430,1,1,12.000000,0.500000,0.500000
431,0,0,9.000000,0.000000,0.500000
432,1,1,9.000000,0.000000,0.500000
433,0,0,9.000000,0.000000,0.500000
434,0,0,9.000000,0.000000,0.500000
435,1,1,9.000000,0.000000,0.500000
436,0,0,16.000000,0.700000,0.500000
437,0,0,16.000000,0.700000,0.500000
438,0,0,12.000000,0.500000,0.500000
439,1,1,9.000000,0.000000,0.500000
440,0,0,16.000000,0.700000,0.500000
441,1,1,24.000000,0.800000,0.500000
442,1,1,18.000000,0.700000,0.500000
443,0,0,12.000000,0.500000,0.500000
444,1,1,9.000000,0.000000,0.500000
445,1,1,12.000000,0.500000,0.500000
446,1,1,16.000000,0.700000,0.500000
447,0,0,12.000000,0.500000,0.500000
448,1,1,9.000000,0.000000,0.500000
449,1,1,12.000000,0.500000,0.500000
450,1,1,16.000000,0.700000,0.500000
451,0,0,11.000000,0.400000,0.500000
452,1,1,11.000000,0.400000,0.500000
453,0,0,9.000000,0.000000,0.500000
454,1,1,9.000000,0.000000,0.500000
455,1,1,11.000000,0.400000,0.500000
456,0,0,16.000000,0.700000,0.500000
457,0,0,11.000000,0.400000,0.500000
458,1,1,30.000000,0.900000,0.500000
459,0,0,18.000000,0.700000,0.500000
460,0,0,9.000000,0.000000,0.500000
461,0,0,12.000000,0.500000,0.500000
462,0,0,9.000000,0.000000,0.500000
463,1,1,21.000000,0.700000,0.500000
464,0,0,9.000000,0.000000,0.500000
465,1,1,9.000000,0.000000,0.500000
466,0,0,9.000000,0.000000,0.500000
467,1,1,9.000000,0.000000,0.500000
468,0,0,20.000000,0.800000,0.500000
469,0,0,9.000000,0.000000,0.500000
470,1,1,9.000000,0.000000,0.500000
471,0,0,12.000000,0.500000,0.500000
472,1,1,11.000000,0.400000,0.500000
473,0,0,16.000000,0.700000,0.500000
474,1,1,12.000000,0.500000,0.500000
475,1,1,11.000000,0.400000,0.500000
476,0,0,16.000000,0.700000,0.500000
477,0,0,12.000000,0.500000,0.500000
478,1,1,12.000000,0.500000,0.500000
479,1,1,9.000000,0.000000,0.500000
480,1,1,12.000000,0.500000,0.500000
481,0,0,12.000000,0.500000,0.500000
482,0,0,12.000000,0.500000,0.500000
483,0,0,22.000000,0.900000,0.500000
484,1,1,9.000000,0.000000,0.500000
485,1,1,12.000000,0.500000,0.500000
486,1,1,11.000000,0.400000,0.500000
487,0,0,17.000000,0.600000,0.500000
488,0,0,22.000000,0.900000,0.500000
489,0,0,12.000000,0.500000,0.500000
490,1,1,11.000000,0.400000,0.500000
491,1,1,9.000000,0.000000,0.500000
492,1,1,9.000000,0.000000,0.500000
493,1,1,12.000000,0.500000,0.500000
494,1,1,9.000000,0.000000,0.500000
495,0,0,12.000000,0.500000,0.500000
496,0,0,11.000000,0.400000,0.500000
497,1,1,11.000000,0.400000,0.500000
498,1,1,9.000000,0.000000,0.500000
499,1,1,12.000000,0.500000,0.500000
500,1,1,12.000000,0.500000,0.500000
501,1,1,12.000000,0.500000,0.500000
502,0,0,12.000000,0.500000,0.500000
503,1,1,12.000000,0.500000,0.500000
504,0,0,9.000000,0.000000,0.500000
505,1,1,12.000000,0.500000,0.500000
506,0,0,9.000000,0.000000,0.500000
507,0,0,12.000000,0.500000,0.500000
508,0,0,9.000000,0.000000,0.500000
509,1,1,11.000000,0.400000,0.500000
510,0,0,12.000000,0.500000,0.500000
511,1,1,12.000000,0.500000,0.500000
512,0,0,9.000000,0.000000,0.500000
513,1,1,22.000000,0.900000,0.500000
514,1,1,22.000000,0.900000,0.500000
515,1,1,18.000000,0.900000,0.500000
516,1,1,16.000000,0.700000,0.500000
517,0,0,11.000000,0.400000,0.500000
518,1,1,20.000000,0.800000,0.500000
519,0,0,20.000000,0.800000,0.500000
520,1,1,34.000000,0.900000,0.500000
521,0,0,9.000000,0.000000,0.500000
522,0,0,18.000000,0.800000,0.500000
523,0,0,9.000000,0.000000,0.500000
524,0,0,28.000000,0.900000,0.500000
525,1,1,9.000000,0.000000,0.500000
526,0,0,9.000000,0.000000,0.500000
527,0,0,16.000000,0.700000,0.500000
528,0,0,9.000000,0.000000,0.500000
529,0,0,12.000000,0.500000,0.500000
530,1,1,12.000000,0.500000,0.500000
531,0,0,12.000000,0.500000,0.500000
532,0,0,9.000000,0.000000,0.500000
533,1,1,12.000000,0.500000,0.500000
534,0,0,12.000000,0.500000,0.500000
535,0,0,18.000000,0.700000,0.500000
536,1,1,12.000000,0.500000,0.500000
537,0,0,12.000000,0.500000,0.500000
538,1,1,18.000000,0.800000,0.500000
539,0,0,22.000000,0.700000,0.500000
540,0,0,16.000000,0.700000,0.500000
541,1,1,9.000000,0.000000,0.500000
542,1,1,20.000000,0.800000,0.500000
543,1,1,11.000000,0.400000,0.500000
544,1,1,24.000000,0.900000,0.500000
545,1,1,12.000000,0.500000,0.500000
546,1,1,9.000000,0.000000,0.500000
547,0,0,9.000000,0.000000,0.500000
548,0,0,9.000000,0.000000,0.500000
549,0,0,9.000000,0.000000,0.500000
550,1,1,11.000000,0.400000,0.500000
551,1,1,11.000000,0.400000,0.500000
552,1,1,28.000000,0.900000,0.500000
553,1,1,9.000000,0.000000,0.500000
554,1,1,12.000000,0.500000,0.500000
555,1,1,36.000000,0.900000,0.500000
556,1,1,26.000000,0.900000,0.500000
557,0,0,12.000000,0.500000,0.500000
558,0,0,9.000000,0.000000,0.500000
559,1,1,16.000000,0.700000,0.500000
560,0,0,9.000000,0.000000,0.500000
561,0,0,18.000000,0.900000,0.500000
562,1,1,12.000000,0.500000,0.500000
563,0,0,18.000000,0.800000,0.500000
564,0,0,12.000000,0.500000,0.500000
565,0,0,12.000000,0.500000,0.500000
566,0,0,12.000000,0.500000,0.500000
567,0,0,9.000000,0.000000,0.500000
568,0,0,16.000000,0.700000,0.500000
569,1,1,9.000000,0.000000,0.500000
570,1,1,9.000000,0.000000,0.500000
571,1,1,11.000000,0.400000,0.500000
572,1,1,12.000000,0.500000,0.500000
573,1,1,9.000000,0.000000,0.500000
574,1,1,18.000000,0.600000,0.500000
575,1,1,18.000000,0.700000,0.500000
576,1,1,16.000000,0.700000,0.500000
577,1,1,12.000000,0.500000,0.500000
578,0,0,9.000000,0.000000,0.500000
579,0,0,16.000000,0.700000,0.500000
580,1,1,9.000000,0.000000,0.500000
581,0,0,12.000000,0.500000,0.500000
582,0,0,12.000000,0.500000,0.500000
583,0,0,9.000000,0.000000,0.500000
584,1,1,9.000000,0.000000,0.500000
585,1,1,11.000000,0.400000,0.500000
586,0,0,15.000000,0.600000,0.500000
587,0,0,9.000000,0.000000,0.500000
588,1,1,16.000000,0.700000,0.500000
589,0,0,12.000000,0.500000,0.500000
590,0,0,12.000000,0.500000,0.500000
591,1,1,9.000000,0.000000,0.500000
592,1,1,12.000000,0.500000,0.500000
593,1,1,12.000000,0.500000,0.500000
594,1,1,11.000000,0.400000,0.500000
595,1,1,12.000000,0.500000,0.500000
596,0,0,11.000000,0.400000,0.500000
597,1,1,12.000000,0.500000,0.500000
598,1,1,20.000000,0.800000,0.500000
599,0,0,12.000000,0.500000,0.500000
600,0,0,22.000000,0.700000,0.500000
601,0,0,11.000000,0.400000,0.500000
602,1,1,9.000000,0.000000,0.500000
603,1,1,12.000000,0.500000,0.500000
604,1,1,16.000000,0.700000,0.500000
605,1,1,12.000000,0.500000,0.500000
606,1,1,20.000000,0.800000,0.500000
607,1,1,12.000000,0.500000,0.500000
608,1,1,18.000000,0.900000,0.500000
609,0,0,9.000000,0.000000,0.500000
610,0,0,12.000000,0.500000,0.500000
611,1,1,9.000000,0.000000,0.500000
612,0,0,16.000000,0.700000,0.500000
613,1,1,12.000000,0.500000,0.500000
614,0,0,18.000000,0.600000,0.500000
615,1,1,9.000000,0.000000,0.500000
616,0,0,11.000000,0.400000,0.500000
617,1,1,12.000000,0.500000,0.500000
618,1,1,9.000000,0.000000,0.500000
619,0,0,22.000000,0.900000,0.500000
620,0,0,12.000000,0.500000,0.500000
621,0,0,9.000000,0.000000,0.500000
622,1,1,9.000000,0.000000,0.500000
623,1,1,12.000000,0.500000,0.500000
624,0,0,9.000000,0.000000,0.500000
625,0,0,26.000000,0.900000,0.500000
626,0,0,12.000000,0.500000,0.500000
627,0,0,15.000000,0.600000,0.500000
628,1,1,16.000000,0.700000,0.500000
629,1,1,9.000000,0.000000,0.500000
630,0,0,12.000000,0.500000,0.500000
631,0,0,20.000000,0.800000,0.500000
632,0,0,11.000000,0.400000,0.500000
633,1,1,12.000000,0.500000,0.500000
634,0,0,12.000000,0.500000,0.500000
635,1,1,16.000000,0.700000,0.500000
636,1,1,26.000000,0.900000,0.500000
637,0,0,12.000000,0.500000,0.500000
638,1,1,9.000000,0.000000,0.500000
639,0,0,9.000000,0.000000,0.500000
640,1,1,9.000000,0.000000,0.500000
641,1,1,12.000000,0.500000,0.500000
642,1,1,12.000000,0.500000,0.500000
643,1,1,12.000000,0.500000,0.500000
644,1,1,12.000000,0.500000,0.500000
645,1,1,9.000000,0.000000,0.500000
646,0,0,9.000000,0.000000,0.500000
647,1,1,16.000000,0.900000,0.500000
648,0,0,9.000000,0.000000,0.500000
649,1,1,12.000000,0.500000,0.500000
650,0,0,11.000000,0.400000,0.500000
651,1,1,16.000000,0.700000,0.500000
652,1,1,28.000000,0.900000,0.500000
653,1,1,18.000000,0.900000,0.500000
654,1,1,9.000000,0.000000,0.500000
655,1,1,20.000000,0.800000,0.500000
656,0,0,11.000000,0.400000,0.500000
657,0,0,11.000000,0.400000,0.500000
658,1,1,20.000000,0.800000,0.500000
659,1,1,9.000000,0.000000,0.500000
660,1,1,12.000000,0.500000,0.500000
661,0,0,26.000000,0.900000,0.500000
662,0,0,12.000000,0.500000,0.500000
663,1,1,16.000000,0.700000,0.500000
664,0,0,9.000000,0.000000,0.500000
665,0,0,11.000000,0.400000,0.500000
666,1,1,12.000000,0.500000,0.500000
667,1,1,16.000000,0.700000,0.500000
668,1,1,12.000000,0.500000,0.500000
669,0,0,9.000000,0.000000,0.500000
670,1,1,18.000000,0.700000,0.500000
671,0,0,12.000000,0.500000,0.500000
672,1,1,9.000000,0.000000,0.500000
673,0,0,20.000000,0.600000,0.500000
674,1,1,9.000000,0.000000,0.500000
675,0,0,12.000000,0.500000,0.500000
676,0,0,12.000000,0.500000,0.500000
677,1,1,9.000000,0.000000,0.500000
678,1,1,16.000000,0.700000,0.500000
679,0,0,22.000000,0.800000,0.500000
680,0,0,9.000000,0.000000,0.500000
681,1,1,9.000000,0.000000,0.500000
682,0,0,12.000000,0.500000,0.500000
683,1,1,12.000000,0.500000,0.500000
684,1,1,12.000000,0.500000,0.500000
685,1,1,9.000000,0.000000,0.500000
686,1,1,17.000000,0.600000,0.500000
687,0,0,16.000000,0.700000,0.500000
688,0,0,15.000000,0.600000,0.500000
689,0,0,12.000000,0.500000,0.500000
690,0,0,24.000000,0.700000,0.500000
691,1,1,16.000000,0.700000,0.500000
692,1,1,9.000000,0.000000,0.500000
693,1,1,18.000000,0.900000,0.500000
694,0,0,16.000000,0.700000,0.500000
695,0,0,28.000000,0.900000,0.500000
696,1,1,11.000000,0.400000,0.500000
697,1,1,34.000000,0.900000,0.500000
698,0,0,24.000000,0.800000,0.500000
699,1,1,12.000000,0.500000,0.500000
700,0,0,11.000000,0.400000,0.500000
701,0,0,12.000000,0.500000,0.500000
702,1,1,16.000000,0.700000,0.500000
703,1,1,16.000000,0.700000,0.500000
704,1,1,24.000000,0.900000,0.500000
705,1,1,12.000000,0.500000,0.500000
706,0,0,20.000000,0.800000,0.500000
707,1,1,9.000000,0.000000,0.500000
708,1,1,9.000000,0.000000,0.500000
709,1,1,18.000000,0.700000,0.500000
710,1,1,9.000000,0.000000,0.500000
711,1,1,12.000000,0.500000,0.500000
712,0,0,9.000000,0.000000,0.500000
713,0,0,12.000000,0.500000,0.500000
714,0,0,22.000000,0.800000,0.500000
715,1,1,9.000000,0.000000,0.500000
716,0,0,12.000000,0.500000,0.500000
717,0,0,9.000000,0.000000,0.500000
718,1,1,11.000000,0.400000,0.500000
719,0,0,9.000000,0.000000,0.500000
720,1,1,9.000000,0.000000,0.500000
721,1,1,12.000000,0.500000,0.500000
722,0,0,32.000000,0.900000,0.500000
723,0,0,11.000000,0.400000,0.500000
724,1,1,11.000000,0.400000,0.500000
725,1,1,9.000000,0.000000,0.500000
726,1,1,9.000000,0.000000,0.500000
727,1,1,24.000000,0.900000,0.500000
728,1,1,12.000000,0.500000,0.500000
729,0,0,9.000000,0.000000,0.500000
730,0,0,12.000000,0.500000,0.500000
731,0,0,12.000000,0.500000,0.500000
732,1,1,11.000000,0.400000,0.500000
733,0,0,12.000000,0.500000,0.500000
734,0,0,9.000000,0.000000,0.500000
735,0,0,18.000000,0.600000,0.500000
736,0,0,18.000000,0.800000,0.500000
737,1,1,12.000000,0.500000,0.500000
738,0,0,12.000000,0.500000,0.500000
739,0,0,12.000000,0.500000,0.500000
740,1,1,9.000000,0.000000,0.500000
741,1,1,16.000000,0.700000,0.500000
742,1,1,24.000000,0.900000,0.500000
743,1,1,9.000000,0.000000,0.500000
744,1,1,9.000000,0.000000,0.500000
745,0,0,9.000000,0.000000,0.500000
746,0,0,16.000000,0.700000,0.500000
747,1,1,9.000000,0.000000,0.500000
748,1,1,18.000000,0.600000,0.500000
749,1,1,18.000000,0.600000,0.500000
750,1,1,14.000000,0.800000,0.500000
751,1,1,12.000000,0.500000,0.500000
752,1,1,9.000000,0.000000,0.500000
753,1,1,20.000000,0.900000,0.500000
754,1,1,9.000000,0.000000,0.500000
755,1,1,16.000000,0.700000,0.500000
756,1,1,18.000000,0.900000,0.500000
757,1,1,12.000000,0.500000,0.500000
758,1,1,11.000000,0.400000,0.500000
759,0,0,22.000000,0.800000,0.500000
760,1,1,11.000000,0.400000,0.500000
761,0,0,9.000000,0.000000,0.500000
762,0,0,9.000000,0.000000,0.500000
763,0,0,16.000000,0.700000,0.500000
764,0,0,12.000000,0.500000,0.500000
765,1,1,12.000000,0.500000,0.500000
766,1,1,9.000000,0.000000,0.500000
767,1,1,9.000000,0.000000,0.500000
768,0,0,9.000000,0.000000,0.500000
769,0,0,12.000000,0.500000,0.500000
770,0,0,11.000000,0.400000,0.500000
771,1,1,9.000000,0.000000,0.500000
772,0,0,9.000000,0.000000,0.500000
773,0,0,12.000000,0.500000,0.500000
774,0,0,16.000000,0.700000,0.500000
775,0,0,12.000000,0.500000,0.500000
776,1,1,9.000000,0.000000,0.500000
777,0,0,9.000000,0.000000,0.500000
778,1,1,12.000000,0.500000,0.500000
779,1,1,9.000000,0.000000,0.500000
780,1,1,12.000000,0.500000,0.500000
781,1,1,12.000000,0.500000,0.500000
782,1,1,9.000000,0.000000,0.500000
783,0,0,18.000000,0.800000,0.500000
784,1,1,9.000000,0.000000,0.500000
785,0,0,9.000000,0.000000,0.500000
786,1,1,12.000000,0.500000,0.500000
787,1,1,12.000000,0.500000,0.500000
788,1,1,9.000000,0.000000,0.500000
789,1,1,9.000000,0.000000,0.500000
790,0,0,20.000000,0.800000,0.500000
791,0,0,9.000000,0.000000,0.500000
792,0,0,9.000000,0.000000,0.500000
793,0,0,9.000000,0.000000,0.500000
794,0,0,11.000000,0.400000,0.500000
795,0,0,16.000000,0.700000,0.500000
796,1,1,34.000000,0.900000,0.500000
797,0,0,9.000000,0.000000,0.500000
798,0,0,9.000000,0.000000,0.500000
799,0,0,9.000000,0.000000,0.500000
800,0,0,20.000000,0.600000,0.500000
801,0,0,9.000000,0.000000,0.500000
802,1,1,12.000000,0.500000,0.500000
803,1,1,9.000000,0.000000,0.500000
804,1,1,11.000000,0.400000,0.500000
805,1,1,9.000000,0.000000,0.500000
806,0,0,22.000000,0.700000,0.500000
807,0,0,16.000000,0.700000,0.500000
808,1,1,9.000000,0.000000,0.500000
809,0,0,16.000000,0.700000,0.500000
810,1,1,20.000000,0.800000,0.500000
811,1,1,12.000000,0.500000,0.500000
812,1,1,12.000000,0.500000,0.500000
813,0,0,22.000000,0.700000,0.500000
814,1,1,16.000000,0.700000,0.500000
815,0,0,9.000000,0.000000,0.500000
816,0,0,9.000000,0.000000,0.500000
817,1,1,9.000000,0.000000,0.500000
818,0,0,11.000000,0.400000,0.500000
819,1,1,9.000000,0.000000,0.500000
820,1,1,11.000000,0.400000,0.500000
821,0,0,9.000000,0.000000,0.500000
822,1,1,9.000000,0.000000,0.500000
823,1,1,30.000000,0.900000,0.500000
824,0,0,9.000000,0.000000,0.500000
825,1,1,9.000000,0.000000,0.500000
826,1,1,12.000000,0.500000,0.500000
827,1,1,9.000000,0.000000,0.500000
828,0,0,11.000000,0.400000,0.500000
829,1,1,9.000000,0.000000,0.500000
830,1,1,9.000000,0.000000,0.500000
831,1,1,16.000000,0.700000,0.500000
832,0,0,12.000000,0.500000,0.500000
833,0,0,40.000000,0.900000,0.500000
834,0,0,32.000000,1.000000,0.500000
835,1,1,9.000000,0.000000,0.500000
836,0,0,16.000000,0.700000,0.500000
837,0,0,12.000000,0.500000,0.500000
838,0,0,9.000000,0.000000,0.500000
839,0,0,21.000000,0.700000,0.500000
840,0,0,16.000000,0.700000,0.500000
841,0,0,22.000000,0.900000,0.500000
842,0,0,12.000000,0.500000,0.500000
843,1,1,18.000000,0.800000,0.500000
844,0,0,9.000000,0.000000,0.500000
845,1,1,9.000000,0.000000,0.500000
846,1,1,12.000000,0.500000,0.500000
847,1,1,9.000000,0.000000,0.500000
848,0,0,9.000000,0.000000,0.500000
849,0,0,9.000000,0.000000,0.500000
850,0,0,9.000000,0.000000,0.500000
851,1,1,12.000000,0.500000,0.500000
852,1,1,16.000000,0.700000,0.500000
853,1,1,11.000000,0.400000,0.500000
854,1,1,9.000000,0.000000,0.500000
855,1,1,9.000000,0.000000,0.500000
856,0,0,18.000000,0.900000,0.500000
857,1,1,11.000000,0.400000,0.500000
858,0,0,9.000000,0.000000,0.500000
859,1,1,12.000000,0.500000,0.500000
860,1,1,12.000000,0.500000,0.500000
861,1,1,12.000000,0.500000,0.500000
862,1,1,9.000000,0.000000,0.500000
863,1,1,12.000000,0.500000,0.500000
864,0,0,12.000000,0.500000,0.500000
865,0,0,24.000000,0.900000,0.500000
866,1,1,12.000000,0.500000,0.500000
867,0,0,9.000000,0.000000,0.500000
868,0,0,12.000000,0.500000,0.500000
869,1,1,24.000000,0.800000,0.500000
870,0,0,9.000000,0.000000,0.500000
871,0,0,12.000000,0.500000,0.500000
872,0,0,12.000000,0.500000,0.500000
873,0,0,11.000000,0.400000,0.500000
874,0,0,12.000000,0.500000,0.500000
875,1,1,9.000000,0.000000,0.500000
876,0,0,9.000000,0.000000,0.500000
877,1,1,9.000000,0.000000,0.500000
878,1,1,12.000000,0.500000,0.500000
879,0,0,24.000000,0.900000,0.500000
880,1,1,16.000000,0.700000,0.500000
881,1,1,16.000000,0.700000,0.500000
882,0,0,12.000000,0.500000,0.500000
883,1,1,12.000000,0.500000,0.500000
884,0,0,11.000000,0.400000,0.500000
885,1,1,20.000000,0.800000,0.500000
886,1,1,27.000000,0.900000,0.500000
887,1,1,9.000000,0.000000,0.500000
888,1,1,12.000000,0.500000,0.500000
889,0,0,9.000000,0.000000,0.500000
890,0,0,12.000000,0.500000,0.500000
891,0,0,16.000000,0.700000,0.500000
892,0,0,12.000000,0.500000,0.500000
893,0,0,9.000000,0.000000,0.500000
894,0,0,12.000000,0.500000,0.500000
895,0,0,16.000000,0.700000,0.500000
896,1,1,9.000000,0.000000,0.500000
897,0,0,26.000000,0.900000,0.500000
898,1,1,12.000000,0.500000,0.500000
899,0,0,9.000000,0.000000,0.500000
900,1,1,17.000000,0.600000,0.500000
901,1,1,9.000000,0.000000,0.500000
902,1,1,18.000000,0.900000,0.500000
903,1,1,12.000000,0.500000,0.500000
904,0,0,9.000000,0.000000,0.500000
905,1,1,22.000000,0.800000,0.500000
906,0,0,9.000000,0.000000,0.500000
907,0,0,11.000000,0.400000,0.500000
908,0,0,9.000000,0.000000,0.500000
909,0,0,16.000000,0.700000,0.500000
910,1,1,11.000000,0.400000,0.500000
911,0,0,9.000000,0.000000,0.500000
912,0,0,9.000000,0.000000,0.500000
913,0,0,12.000000,0.500000,0.500000
914,1,1,20.000000,0.800000,0.500000
915,0,0,12.000000,0.500000,0.500000
916,0,0,12.000000,0.500000,0.500000
917,1,1,9.000000,0.000000,0.500000
918,0,0,12.000000,0.500000,0.500000
919,1,1,28.000000,0.900000,0.500000
920,0,0,12.000000,0.500000,0.500000
921,1,1,15.000000,0.700000,0.500000
922,1,1,9.000000,0.000000,0.500000
923,0,0,18.000000,0.700000,0.500000
924,1,1,9.000000,0.000000,0.500000
925,0,0,9.000000,0.000000,0.500000
926,0,0,18.000000,0.600000,0.500000
927,0,0,12.000000,0.500000,0.500000
928,1,1,9.000000,0.000000,0.500000
929,0,0,9.000000,0.000000,0.500000
930,1,1,11.000000,0.400000,0.500000
931,1,1,9.000000,0.000000,0.500000
932,1,1,12.000000,0.500000,0.500000
933,0,0,11.000000,0.400000,0.500000
934,1,1,9.000000,0.000000,0.500000
935,1,1,9.000000,0.000000,0.500000
936,1,1,20.000000,0.800000,0.500000
937,1,1,12.000000,0.500000,0.500000
938,0,0,9.000000,0.000000,0.500000
939,0,0,9.000000,0.000000,0.500000
940,1,1,24.000000,0.900000,0.500000
941,0,0,12.000000,0.500000,0.500000
942,0,0,18.000000,0.800000,0.500000
943,0,0,9.000000,0.000000,0.500000
944,0,0,11.000000,0.400000,0.500000
945,1,1,9.000000,0.000000,0.500000
946,1,1,16.000000,0.700000,0.500000
947,1,1,11.000000,0.400000,0.500000
948,0,0,12.000000,0.500000,0.500000
949,1,1,12.000000,0.500000,0.500000
950,0,0,11.000000,0.400000,0.500000
951,1,1,9.000000,0.000000,0.500000
952,0,0,9.000000,0.000000,0.500000
953,1,1,17.000000,0.600000,0.500000
954,1,1,9.000000,0.000000,0.500000
955,0,0,9.000000,0.000000,0.500000
956,0,0,9.000000,0.000000,0.500000
957,0,0,9.000000,0.000000,0.500000
958,1,1,9.000000,0.000000,0.500000
959,0,0,18.000000,0.900000,0.500000
960,1,1,12.000000,0.500000,0.500000
961,1,1,9.000000,0.000000,0.500000
962,1,1,12.000000,0.500000,0.500000
963,0,0,9.000000,0.000000,0.500000
964,1,1,12.000000,0.500000,0.500000
965,1,1,20.000000,0.800000,0.500000
966,0,0,9.000000,0.000000,0.500000
967,1,1,9.000000,0.000000,0.500000
968,1,1,9.000000,0.000000,0.500000
969,1,1,9.000000,0.000000,0.500000
970,1,1,9.000000,0.000000,0.500000
971,0,0,9.000000,0.000000,0.500000
972,1,1,11.000000,0.400000,0.500000
973,0,0,28.000000,0.900000,0.500000
974,0,0,12.000000,0.500000,0.500000
975,1,1,9.000000,0.000000,0.500000
976,1,1,19.000000,0.800000,0.500000
977,1,1,12.000000,0.500000,0.500000
978,0,0,20.000000,0.800000,0.500000
979,0,0,22.000000,0.700000,0.500000
980,0,0,11.000000,0.400000,0.500000
981,0,0,12.000000,0.500000,0.500000
982,0,0,9.000000,0.000000,0.500000
983,0,0,9.000000,0.000000,0.500000
984,1,1,11.000000,0.400000,0.500000
985,0,0,9.000000,0.000000,0.500000
986,0,0,9.000000,0.000000,0.500000
987,1,1,9.000000,0.000000,0.500000
988,0,0,12.000000,0.500000,0.500000
989,1,1,18.000000,0.800000,0.500000
990,1,1,12.000000,0.500000,0.500000
991,1,1,9.000000,0.000000,0.500000
992,0,0,9.000000,0.000000,0.500000
993,0,0,18.000000,0.800000,0.500000
994,1,1,9.000000,0.000000,0.500000
995,0,0,9.000000,0.000000,0.500000
996,1,1,11.000000,0.400000,0.500000
997,1,1,16.000000,0.700000,0.500000
998,1,1,30.000000,0.900000,0.500000
999,0,0,9.000000,0.000000,0.500000
WorkerID,Gamma,TrueGamma
703,0.498951,0.515955
349,0.492464,1.377361
153,0.484708,0.892972
230,0.484955,0.527169
310,0.538525,0.946442
817,0.484962,0.472060
626,0.538517,1.228245
988,0.492466,2.122945
911,0.484961,1.169901
497,0.484959,1.591369
567,0.492471,0.352867
436,0.492469,0.618415
974,0.492468,0.917474
924,0.492468,0.996116
865,0.492463,1.056134
525,0.492464,1.323620
343,0.477477,0.691391
373,0.484955,0.610122
790,0.492474,0.550025
344,0.492466,1.338601
946,0.484959,0.829232
476,0.484958,0.977460
979,0.492466,0.857746
687,0.477480,1.410132
647,0.492471,1.329238
662,0.492468,1.279194
954,0.492467,0.884121
527,0.538521,1.460787
475,0.492466,0.540732
500,0.484955,0.729316
388,0.492469,0.849493
298,0.492468,1.619966
112,0.484962,0.538221
488,0.470024,1.061905
952,0.492466,1.688480
337,0.484959,0.844217
465,0.492468,0.515404
185,0.484952,1.154884
362,0.484959,1.805915
171,0.492466,0.701220
391,0.538524,1.589381
333,0.492472,2.542083
524,0.492470,1.110492
606,0.492465,0.779311
633,0.492463,1.235503
869,0.492465,2.054613
27,0.492469,2.264042
121,0.492466,1.074894
95,0.492473,1.386747
903,0.492465,1.279127
866,0.492472,0.991636
935,0.492464,0.893864
795,0.492466,2.354849
743,0.492465,0.625584
529,0.531017,0.875584
922,0.492464,1.606832
453,0.492464,1.474735
777,0.492468,0.904339
65,0.492466,0.760231
257,0.492472,1.358978
280,0.492473,1.241687
124,0.484960,0.619417
770,0.492467,1.257735
808,0.492465,0.888369
917,0.484958,0.514844
843,0.484960,1.259439
277,0.492465,1.320263
424,0.492467,0.982182
799,0.583698,0.908155
625,0.492464,0.367686
218,0.492467,0.272334
297,0.492468,0.853290
212,0.484962,0.596026
967,0.484958,0.433309
36,0.492467,0.543753
243,0.538508,1.088037
977,0.492468,0.712026
734,0.538520,0.870834
138,0.492467,0.747728
574,0.477478,1.812331
135,0.492467,2.037236
407,0.492464,1.120502
502,0.492465,0.191540
144,0.492469,1.742757
603,0.538507,1.124483
666,0.484953,0.602100
269,0.492466,1.645317
889,0.492464,1.145840
741,0.492466,1.465067
510,0.492467,0.909985
862,0.484955,1.457901
832,0.492466,1.043922
0,0.484959,1.490108
792,0.492469,0.687194
501,0.492467,0.801020
512,0.492470,1.374548
191,0.492465,1.275269
991,0.492462,1.538447
276,0.484959,0.405437
998,0.492467,1.535706
697,0.484958,0.717333
767,0.492470,1.641653
709,0.492467,1.227022
915,0.492472,0.259755
79,0.492466,1.295200
958,0.492473,0.306275
159,0.492463,0.872652
863,0.492464,1.192081
731,0.492467,1.779486
260,0.492466,1.661503
103,0.492464,0.459866
309,0.492474,1.185081
410,0.484959,0.541002
438,0.484957,0.613069
43,0.492469,1.118689
607,0.484956,1.077472
24,0.492467,0.661036
419,0.484960,0.595958
938,0.492466,0.469162
615,0.492464,1.757536
673,0.492465,0.941012
713,0.492468,1.527136
878,0.492466,1.728760
835,0.538519,2.458494
553,0.484959,0.923472
91,0.492465,0.636547
414,0.492464,2.149861
759,0.531015,3.260977
118,0.492465,0.142442
11,0.492463,2.294608
637,0.492465,0.476902
601,0.484953,0.872967
831,0.492464,0.434668
209,0.492471,1.449152
910,0.538521,1.559642
147,0.539864,0.799751
518,0.484960,2.101964
461,0.492472,0.932225
318,0.492464,1.280017
658,0.492467,1.184139
803,0.492464,0.222414
581,0.492467,0.792226
965,0.492463,0.998465
573,0.492468,1.102527
56,0.484958,1.877960
619,0.492463,0.667967
240,0.492468,1.760441
67,0.492467,0.758328
193,0.492469,1.672292
253,0.538515,1.625500
228,0.492467,1.698929
267,0.492469,0.700682
802,0.492467,0.874213
514,0.492466,0.933140
978,0.492468,4.183775
35,0.538529,1.028525
918,0.492463,0.696976
494,0.492466,1.098895
945,0.492463,0.934838
302,0.492464,0.503553
804,0.492466,1.631733
9,0.492467,0.934300
744,0.538514,1.046389
645,0.492471,0.444094
545,0.484960,0.638926
17,0.492466,0.756633
143,0.492471,0.541122
199,0.492467,0.997903
715,0.538495,1.080282
69,0.492465,0.734275
25,0.492470,0.647302
728,0.492470,1.412638
780,0.492468,3.014912
705,0.492465,0.789457
931,0.492466,1.156331
725,0.492470,1.200141
596,0.484958,1.109976
150,0.538515,1.788721
621,0.492463,1.471523
765,0.538527,1.162617
928,0.492465,0.512710
674,0.492470,1.937266
579,0.492467,1.132325
102,0.492470,0.458025
636,0.492468,1.285648
630,0.484960,0.574083
417,0.492469,0.878004
772,0.492469,1.706348
820,0.484962,0.622673
139,0.492464,1.129956
71,0.492468,0.516221
882,0.492468,0.780363
646,0.492465,0.975502
812,0.492475,1.055347
408,0.531010,1.574597
757,0.492469,0.722755
785,0.492467,0.538785
369,0.492467,1.326547
392,0.484962,1.539789
101,0.492467,0.896516
971,0.492466,1.385199
42,0.484957,0.547743
204,0.492464,0.744628
540,0.492472,0.530642
301,0.538537,0.906148
211,0.492462,0.310043
415,0.531019,0.874596
774,0.492465,1.040725
305,0.492465,1.574437
352,0.492464,1.722693
122,0.492465,0.464909
238,0.483976,1.480775
641,0.492467,0.464397
892,0.492468,0.809371
192,0.492469,0.762090
859,0.484960,0.745453
33,0.492465,1.317283
358,0.492466,0.997308
148,0.492465,0.107603
811,0.492468,1.809419
746,0.492467,0.600587
389,0.492471,1.414439
387,0.492468,1.194077
468,0.484958,0.917638
132,0.484964,2.079801
360,0.492463,0.447257
224,0.492468,0.655116
536,0.492472,1.303125
836,0.538531,0.990335
969,0.492464,0.469121
858,0.492466,0.610390
848,0.492463,1.878827
828,0.492466,1.022938
294,0.492467,1.510397
742,0.492467,0.269903
805,0.492467,0.561501
983,0.492469,0.552600
418,0.492470,0.516803
74,0.492466,1.033751
189,0.538528,0.470522
872,0.492468,0.780789
376,0.492465,2.767380
287,0.492467,1.385209
842,0.492465,1.577734
711,0.492463,0.954228
710,0.492465,0.884549
203,0.492467,1.286938
840,0.492465,1.253545
751,0.492467,1.902711
653,0.492464,1.766869
814,0.492467,1.552614
289,0.492468,1.661902
927,0.492467,1.326401
896,0.492466,1.198733
516,0.492465,0.552887
985,0.492466,1.600313
97,0.492467,1.242083
692,0.492466,1.196446
264,0.484961,0.685394
428,0.492472,0.693363
550,0.492467,1.591074
566,0.492465,2.215581
405,0.492466,0.974623
5,0.492469,0.307512
86,0.583686,1.306024
133,0.492467,0.299482
395,0.538521,1.096840
252,0.492469,1.179452
216,0.492469,1.825074
846,0.492465,1.731115
650,0.492468,1.343000
798,0.492471,0.684761
223,0.492467,1.651374
712,0.492467,1.190772
57,0.492466,1.155949
322,0.492469,1.293015
905,0.492469,1.563527
466,0.492469,2.084929
202,0.492463,1.060569
995,0.492467,0.964720
997,0.492471,0.488746
622,0.492471,0.432848
431,0.492463,1.392476
544,0.492467,1.094485
398,0.538526,0.668930
861,0.492470,2.545600
933,0.492469,2.745360
888,0.492467,0.519945
671,0.492466,1.247578
727,0.492471,1.153257
120,0.492465,1.786185
875,0.492469,0.821547
77,0.492468,0.791912
59,0.538515,1.067360
528,0.492469,0.446900
18,0.492465,0.476223
194,0.492464,1.041853
320,0.546046,1.841646
422,0.546043,1.053770
413,0.591226,0.745984
335,0.546048,1.053865
219,0.546053,1.516698
233,0.546056,1.947464
131,0.546060,2.418382
6,0.546052,1.516044
628,0.546056,1.829827
538,0.546051,0.904902
290,0.546046,1.616281
367,0.546065,0.860759
716,0.546051,1.739310
327,0.546061,1.299017
580,0.546064,1.000291
760,0.546052,0.829438
572,0.546034,1.585535
397,0.546062,0.863494
380,0.546057,0.792378
151,0.546056,0.972157
262,0.546057,0.698083
937,0.546063,1.691704
145,0.546062,1.412522
165,0.546056,1.474409
560,0.546049,1.506380
515,0.546061,0.655725
127,0.546060,0.791470
797,0.546060,0.492896
441,0.546055,0.772866
452,0.546053,0.439917
708,0.546044,1.867294
270,0.546051,2.449049
669,0.546060,1.297817
925,0.546050,0.661467
85,0.546051,3.888110
213,0.546044,0.395220
88,0.546061,1.279241
393,0.546055,1.463225
893,0.546049,1.353900
354,0.546059,1.145840
58,0.546055,0.816159
482,0.546047,0.819944
549,0.546050,0.440538
156,0.546052,1.033392
229,0.546050,1.625515
16,0.546042,2.396053
504,0.546063,1.663961
374,0.546043,0.798565
463,0.546040,1.073363
474,0.546048,1.533479
236,0.546055,2.308695
850,0.546062,0.390144
93,0.546052,1.387870
986,0.546059,1.678251
258,0.546049,1.257507
643,0.593137,1.593921
308,0.546800,1.366978
847,0.546788,2.073201
473,0.546797,1.351332
34,0.546775,1.365397
450,0.546792,1.612629
356,0.546794,1.515924
613,0.546667,0.798044
681,0.546657,2.696487
793,0.546675,1.983470
195,0.546684,1.055230
364,0.546678,2.483105
251,0.547465,0.490242
920,0.547501,1.024471
53,0.547487,2.530244
819,0.547390,1.209997
782,0.548120,3.320639
679,0.548625,0.906680
1032,0.460237,0.492844
1356,0.510400,0.359492
1359,0.435331,0.358841
1169,0.451058,0.661154
1705,0.435556,0.307350
1562,0.473876,0.830793
1377,0.459131,0.344711
1565,0.498201,0.716013
1109,0.566348,1.034417
1891,0.485396,0.564676
1881,0.493239,0.669587
1233,0.569860,1.286825
1938,0.428442,0.363017
1283,0.491250,0.287074
1234,0.460553,0.220780
1908,0.483921,0.882252
1962,0.572702,1.036842
1084,0.493905,0.531765
1139,0.528000,0.954119
1676,0.480953,0.332448
1018,0.506408,0.381546
1350,0.451578,0.446511
1972,0.535581,0.575666
1958,0.483578,0.560420
1418,0.500312,0.387860
1576,0.476216,0.380942
1354,0.501925,0.374397
1739,0.431519,0.577497
1747,0.426986,0.365861
1057,0.431021,0.644655
1325,0.560553,0.809312
1407,0.457134,0.511091
1045,0.575667,0.960691
1838,0.460040,0.673247
1151,0.620518,1.255660
1178,0.498947,0.430380
1582,0.553099,0.735791
1473,0.622616,0.552086
1702,0.466254,0.280618
1029,0.731690,0.808046
1374,0.516525,0.233866
1976,0.459957,1.054065
1419,0.524576,0.864858
1478,0.459811,1.139900
1291,0.515186,0.921083
1595,0.555189,0.236461
1269,0.600006,0.641362
1711,0.506368,0.426923
1980,0.505434,0.324687
1740,0.545507,0.845994
1710,0.512888,0.198101
1329,0.469149,0.537706
1364,0.605840,0.500562
1757,0.443165,0.489770
1703,0.542905,0.847136
1975,0.426090,0.418329
1245,0.516080,0.416354
1706,0.469141,0.322532
1323,0.435285,0.726290
1062,0.511859,0.362134
1526,0.451275,1.126638
1154,0.437136,0.650487
1460,0.454321,0.278901
1346,0.459602,0.707811
1505,0.505667,1.118942
1720,0.472932,0.510627
1633,0.508444,0.283113
1738,0.469129,0.234254
1684,0.468697,0.197527
1148,0.541426,1.030920
1613,0.550717,0.496605
1314,0.489077,1.113644
1031,0.768098,1.277981
1745,0.451002,0.177660
1667,0.544136,0.518514
1550,0.540833,1.071719
1788,0.445638,0.844267
1336,0.506143,1.086139
1430,0.488607,0.596638
1152,0.535504,0.233922
1390,0.423835,0.378104
1305,0.601264,0.764292
1825,0.435366,0.639530
1773,0.436108,0.293990
1952,0.530385,0.495626
1489,0.428992,0.420223
1978,0.649457,0.705427
1811,0.480813,0.396416
1572,0.515901,0.848394
1746,0.581881,0.718318
1239,0.542423,1.252713
1476,0.440633,0.458280
1995,0.520371,0.636692
1166,0.483895,0.467607
1933,0.649033,0.862806
1237,0.590481,1.374288
1472,0.491394,0.378233
1691,0.523667,0.920620
1330,0.469149,0.576220
1211,0.558517,0.320742
1255,0.521213,0.977057
1431,0.476325,1.044495
1701,0.482038,0.613368
1600,0.564474,1.088815
1257,0.461020,0.810700
1681,0.501615,1.269226
1610,0.499581,0.806149
1341,0.476987,0.385144
1065,0.429531,0.477088
1455,0.481189,0.452734
1778,0.551908,0.691298
1274,0.490967,0.287294
1895,0.473718,0.991852
1680,0.505563,0.308333
1069,0.476661,0.950980
1186,0.443098,0.279666
1423,0.506934,1.314022
1902,0.429700,0.490215
1189,0.599169,1.235363
1074,0.585128,0.465153
1471,0.642246,1.239962
1867,0.468719,0.383082
1198,0.506642,0.963164
1717,0.460328,0.386261
1650,0.554660,0.812186
1141,0.459203,0.267013
1870,0.469138,0.345543
1205,0.513620,0.657851
1528,0.444371,0.647972
1108,0.608107,0.901300
1128,0.425319,1.127530
1493,0.501006,0.641826
1433,0.537841,0.365332
1440,0.458766,0.496379
1537,0.468276,0.304786
1393,0.466060,0.380112
1647,0.515218,0.745660
1010,0.532535,0.680745
1060,0.552482,0.809298
1193,0.450868,0.804929
1385,0.478466,1.043166
1353,0.524972,0.565731
1744,0.428678,1.245239
1860,0.444892,0.960588
1544,0.562359,1.096622
1731,0.492183,0.916503
1856,0.473464,0.582886
1318,0.393948,0.454669
1382,0.443113,0.612105
1051,0.468839,0.759418
1819,0.459973,0.531409
1522,0.651266,0.796662
1604,0.553508,0.791890
1103,0.634968,1.052281
1749,0.506998,1.172635
1073,0.595160,0.688052
1580,0.544514,0.526072
1624,0.597254,1.092131
1387,0.551338,1.769756
1876,0.430259,1.384014
1672,0.539975,0.719316
1979,0.435451,0.485467
1627,0.461334,0.356739
1631,0.481388,0.657010
1041,0.445817,0.509352
1216,0.458462,0.168114
1932,0.600719,0.730618
1646,0.428046,0.835405
1087,0.444554,0.207501
1527,0.562541,2.666362
1996,0.454313,0.200878
1525,0.610305,0.704714
1496,0.523920,0.273414
1248,0.508301,1.022979
1424,0.499044,0.486473
1125,0.560834,0.817549
1236,0.730522,1.224646
1874,0.547629,0.524489
1835,0.626368,0.480066
1457,0.451186,0.371373
1524,0.530347,0.826781
1294,0.494358,0.261026
1931,0.594852,0.737195
1394,0.579693,0.529705
1920,0.597484,0.991824
1200,0.452638,0.273842
1685,0.469041,0.356927
1659,0.501576,0.361986
1400,0.460562,0.803398
1889,0.474826,0.195263
1369,0.565756,0.590341
1068,0.466888,1.458968
1126,0.504643,1.472823
1888,0.459453,0.472281
1242,0.485570,0.385451
1514,0.443769,0.607908
1715,0.539384,0.282479
1668,0.447525,0.724878
1372,0.451874,0.896986
1421,0.505317,0.320905
1581,0.452566,0.415992
1733,0.451236,0.357645
1449,0.527732,0.695845
1059,0.415472,0.434257
1538,0.508089,0.677906
1615,0.484522,0.588290
1896,0.508997,0.317268
1210,0.500378,0.455575
1812,0.555424,0.899864
1286,0.461276,0.461815
1625,0.532925,0.537689
1497,0.450443,0.853478
1466,0.507736,0.379905
1312,0.651281,1.234205
1970,0.596521,0.905782
1080,0.491924,0.551718
1921,0.534306,0.559702
1907,0.524908,0.491138
1770,0.427772,0.397135
1873,0.624116,0.659626
1458,0.437132,0.486222
1690,0.443651,0.138724
1696,0.544605,1.038126
1900,0.460112,0.327615
1642,0.467530,0.630302
1568,0.484084,0.451883
1351,0.468724,0.470233
1383,0.425092,0.181426
1494,0.497083,0.697004
1828,0.464192,0.258360
1573,0.616253,0.689280
1743,0.434468,0.399203
1017,0.433598,0.429257
1832,0.499950,0.459093
1574,0.554223,0.551583
1686,0.425409,0.189608
1704,0.453128,1.184467
1035,0.490543,0.380087
1066,0.505370,0.518110
1026,0.507094,0.458997
1984,0.498345,0.322586
1614,0.570529,1.134055
1753,0.483121,0.480372
1379,0.492107,1.240278
1506,0.535941,0.535263
1197,0.476174,0.310238
1787,0.443067,0.799944
1556,0.459227,0.762429
1768,0.525802,0.252510
1042,0.565036,0.216815
1015,0.428012,0.371112
1302,0.458921,0.230324
1929,0.522826,2.228255
1869,0.467842,1.044362
1072,0.579805,1.124355
1936,0.517439,0.551464
1620,0.467560,1.217354
1855,0.547155,0.359230
1669,0.563547,0.752721
1917,0.502072,0.683470
1204,0.552330,1.091615
1203,0.569436,0.597651
1955,0.459735,0.767737
1244,0.497044,0.272551
1583,0.537298,1.313448
1499,0.521363,0.937223
1879,0.476093,0.656546
1950,0.552024,1.042659
1837,0.459676,0.165910
1196,0.434527,0.503306
1872,0.492622,1.231099
1138,0.452444,0.876464
1044,0.622237,0.706244
1776,0.444776,0.749168
1278,0.445283,0.490402
1630,0.487809,2.043035
1081,0.569492,0.740543
1267,0.444343,0.270467
1623,0.475268,0.821333
1845,0.453054,0.504610
1772,0.473645,0.852785
1654,0.443269,1.057690
1591,0.537822,0.640226
1462,0.492282,0.923331
1342,0.464106,1.314487
1714,0.522291,1.124521
1124,0.474759,0.301526
1292,0.453025,0.397144
1890,0.524680,0.672273
1750,0.502808,0.588320
1508,0.461708,0.202592
1709,0.599187,0.725675
1762,0.621143,0.656423
1509,0.452564,0.334124
1751,0.458214,0.720587
1766,0.515040,0.445310
1465,0.452204,0.276177
1488,0.396423,0.690517
1001,0.451547,0.712313
1732,0.600011,0.641325
1167,0.474346,0.566068
1963,0.543657,0.369478
1906,0.407932,0.241766
1605,0.474873,0.455407
1994,0.509562,0.849291
1707,0.456440,1.327803
1662,0.492600,0.416364
1536,0.490194,0.978469
1608,0.460861,0.741042
1168,0.554542,1.246622
1054,0.459320,1.027200
1373,0.467858,0.493837
1118,0.526550,0.836787
1592,0.524514,0.716069
1858,0.466721,0.436819
1092,0.457053,0.908741
1230,0.539086,0.416564
1335,0.531017,0.525695
1175,0.500435,0.392818
1728,0.491480,0.450680
1782,0.469141,0.217749
1756,0.499491,0.293708
1410,0.523081,0.469799
1147,0.460870,0.726817
1413,0.569890,0.269531
1113,0.457440,1.102052
1180,0.588059,0.913217
1487,0.539221,1.415932
1934,0.524545,1.094261
1677,0.460392,0.254060
1064,0.435784,0.226580
1990,0.612291,0.937697
1759,0.522574,1.555676
1099,0.465518,0.104026
1779,0.564127,1.693685
1158,0.524107,1.035147
1403,0.450885,0.574852
1619,0.507768,0.947410
1050,0.524442,1.078639
1149,0.552748,0.318564
1909,0.553329,1.453193
1724,0.451759,0.471760
1429,0.591816,2.291517
1085,0.442314,0.780338
1352,0.508155,0.705885
1452,0.669592,0.932987
1357,0.500543,1.093707
1688,0.570091,0.376960
1923,0.515078,0.406291
1082,0.475869,0.623545
1510,0.507689,1.032582
1028,0.640900,0.821773
1102,0.458721,0.244749
1111,0.691280,0.964099
1395,0.458649,0.548840
1358,0.436268,0.480927
1417,0.514965,0.516719
1428,0.506035,0.552725
1809,0.443540,0.554403
1187,0.544735,0.782519
1491,0.447631,0.654671
1673,0.506045,0.546508
1546,0.608537,1.374952
1545,0.545769,0.482416
1557,0.432859,0.448312
1056,0.451824,0.493098
1883,0.592739,0.868610
1009,0.459536,0.650632
1020,0.467795,0.846200
1852,0.537168,0.624368
1140,0.486329,0.986751
1622,0.392133,0.764194
1259,0.476287,0.319054
1202,0.604757,0.947223
1854,0.521730,0.773134
1221,0.419262,0.760625
1521,0.518669,0.680752
1380,0.530442,0.918585
1997,0.412415,0.397154
1692,0.493948,0.266369
1435,0.459931,0.740919
1046,0.474892,1.377080
1639,0.550686,0.779573
1927,0.452996,0.462348
1438,0.484386,0.671311
1445,0.498960,0.396100
1012,0.474779,0.513529
1769,0.451242,0.673688
1287,0.477477,0.434847
1086,0.521449,0.537580
1899,0.633930,0.969032
1246,0.475330,0.035728
1448,0.449948,0.490828
1503,0.487652,0.669925
1078,0.543348,1.056581
1174,0.442844,0.692451
1013,0.488806,1.417441
1816,0.507665,0.574258
1695,0.502101,0.917113
1898,0.504964,0.633021
1281,0.489647,0.817688
1982,0.546007,0.592395
1249,0.467356,0.148464
1780,0.528244,0.689567
1897,0.572279,1.112431
1504,0.516797,1.020876
1386,0.530492,0.740799
1089,0.459986,0.315390
1800,0.443541,0.344290
1464,0.467459,0.857543
1136,0.452696,0.400710
1910,0.507955,0.436060
1275,0.605430,1.489319
1389,0.571540,1.380212
1833,0.507478,0.909143
1002,0.421845,0.799288
1601,0.482110,0.654811
1670,0.557830,0.907246
1190,0.514909,1.062405
1502,0.500884,0.772618
1892,0.459233,0.353216
1570,0.451766,0.348860
1561,0.461272,1.108524
1025,0.436764,0.520364
1328,0.428629,0.481913
1531,0.506530,0.992173
1055,0.469132,1.337576
1725,0.466875,1.108192
1629,0.469122,1.431504
1264,0.455461,0.334343
1173,0.521781,0.659888
1184,0.485008,0.276278
1339,0.569929,0.982003
1076,0.523746,0.718083
1296,0.460812,0.687645
1797,0.476614,0.466343
1303,0.548164,0.930322
1227,0.466704,0.682699
1603,0.545253,1.214914
1810,0.670689,1.506773
1653,0.471641,0.420817
1516,0.448371,1.152090
1414,0.463367,0.875221
1232,0.597559,0.912490
1337,0.460406,1.290696
1683,0.532746,0.408263
1160,0.544745,0.668424
1868,0.411739,0.465615
1894,0.449725,0.227270
1893,0.546675,0.852856
1207,0.546585,0.322981
1612,0.475506,0.293292
1826,0.484964,0.556566
1806,0.452260,0.227701
1735,0.639760,0.760483
1849,0.429830,0.665619
1033,0.451683,0.264983
1030,0.507745,1.401151
1366,0.522652,0.569697
1857,0.441554,0.459604
1664,0.447992,0.196870
1088,0.624635,1.184528
1587,0.556195,0.515486
1014,0.513751,0.947145
1265,0.444106,0.435286
1790,0.495936,0.667965
1247,0.451780,0.398957
1578,0.442282,0.743725
1182,0.461388,0.734967
1694,0.554413,0.827193
1443,0.492574,1.026756
1953,0.554978,1.307033
1577,0.537452,0.705901
1904,0.520058,0.541402
1467,0.450897,0.578882
1194,0.535696,0.360415
1973,0.467837,0.193648
1447,0.516709,0.399169
1671,0.563865,0.906692
1261,0.557002,0.584766
1777,0.552358,0.680040
1163,0.612166,1.836646
1726,0.507867,1.184239
1129,0.513470,0.239688
1949,0.650560,0.642284
1957,0.460401,0.549204
1116,0.466635,0.473118
1295,0.545387,0.503350
1880,0.458182,0.724601
1661,0.606069,0.681388
1134,0.602731,0.849036
1481,0.519212,0.726933
1228,0.615788,0.702741
1326,0.486545,2.147078
1648,0.452185,0.708254
1123,0.490939,0.218478
1977,0.506578,0.640289
1840,0.460404,0.639473
1821,0.460030,0.245531
1634,0.453874,0.685506
1637,0.444274,0.645627
1594,0.460125,0.744872
1968,0.452701,0.541660
1188,0.523035,0.457678
1679,0.450743,0.555641
1948,0.516274,0.450983
1596,0.460454,1.155946
1655,0.476937,0.660727
1791,0.505380,0.559279
1406,0.598299,0.602524
1327,0.622759,0.775869
1533,0.593937,0.873832
1469,0.570905,0.981978
1801,0.524378,0.373374
1416,0.484517,0.566358
1208,0.499789,0.565506
1666,0.451228,0.203836
1048,0.525638,0.471078
1425,0.517174,0.820936
1319,0.498965,0.581262
1106,0.513337,1.103775
1621,0.470279,0.566387
1606,0.543352,0.870213
1101,0.514770,0.615961
1304,0.492736,0.537630
1884,0.504472,0.450228
1657,0.641165,0.922190
1172,0.506771,0.499069
1005,0.545548,0.700533
1617,0.479821,0.329503
1964,0.590742,0.969669
1993,0.428870,0.499945
1755,0.477035,0.457791
1405,0.568368,0.330625
1555,0.523761,0.580718
1693,0.440620,0.367010
1340,0.583126,0.610266
1262,0.577221,0.829380
1079,0.516147,0.653976
1547,0.513924,0.490626
1011,0.443279,0.632441
1019,0.538445,0.626136
1110,0.515464,0.346304
1859,0.490875,1.799728
1091,0.531329,0.901263
1636,0.508252,0.285508
1729,0.466639,0.538180
1699,0.459673,0.296350
1277,0.459779,0.249082
1004,0.435858,1.152617
1486,0.521422,0.890699
1783,0.548660,0.675636
1480,0.505301,0.934403
1375,0.542832,0.886274
1268,0.496311,0.883934
1846,0.555294,0.746947
1006,0.540621,0.609449
1049,0.558286,0.364507
1713,0.482255,0.810833
1155,0.615340,0.699554
1939,0.460895,0.594783
1687,0.521765,0.220785
1199,0.537117,1.360756
1368,0.549516,0.947245
1875,0.532574,0.666655
1500,0.587303,0.556741
1551,0.556371,1.078396
1114,0.554901,0.577204
1566,0.514345,0.622366
1532,0.521931,1.012667
1241,0.460045,0.777058
1842,0.510041,0.822629
1754,0.661365,0.835027
1067,0.465894,0.485034
1698,0.458729,0.427246
1220,0.530793,0.490591
1157,0.612033,0.289188
1022,0.599631,0.998482
1730,0.465795,1.063364
1501,0.732713,0.420432
1599,0.577703,0.895735
1518,0.452371,0.327505
1785,0.443579,0.963683
1313,0.459568,0.855265
1288,0.518840,0.787682
1007,0.460409,0.305594
1159,0.591966,0.710162
1317,0.574698,0.865672
1444,0.458788,0.303084
1611,0.507988,0.247407
1761,0.427468,1.146301
1945,0.530469,1.041706
1793,0.463030,0.565575
1332,0.466539,0.471619
1404,0.484958,0.217599
1376,0.621638,0.457829
1040,0.435592,0.688258
1362,0.468726,0.143071
1039,0.567313,0.976818
1571,0.427600,0.211942
1355,0.522388,0.807877
1638,0.433588,0.500770
1850,0.559247,1.919632
1254,0.486699,0.370848
1515,0.580376,1.367038
1814,0.484151,0.940212
1675,0.523121,0.831962
1053,0.448397,1.311953
1371,0.560276,1.391459
1607,0.466413,0.133218
1238,0.467840,0.372842
1000,0.439197,0.592825
1130,0.598473,1.200188
1535,0.546540,0.539092
1231,0.591126,1.138113
1422,0.448927,0.810318
1597,0.534775,0.617917
1456,0.459296,0.660268
1492,0.441582,0.642919
1887,0.484516,0.518941
1916,0.484514,0.727049
1229,0.498484,0.376728
1971,0.470796,0.113346
1877,0.513416,1.141512
1796,0.506494,0.426017
1641,0.514083,0.419052
1708,0.565051,1.159429
1737,0.500060,0.273675
1253,0.524561,0.329584
1820,0.460051,0.787509
1871,0.505562,0.535803
1585,0.444565,0.640343
1901,0.504815,0.683394
1437,0.477721,0.573445
1300,0.514826,0.459910
1070,0.533582,1.884433
1784,0.522650,0.702835
1983,0.553805,0.702087
1559,0.588721,1.337239
1969,0.520192,0.610008
1224,0.512782,0.730166
1170,0.518003,0.763647
1127,0.490575,0.558776
1616,0.525895,0.670862
1885,0.459591,0.396178
1470,0.568123,0.609502
1077,0.485852,0.060441
1016,0.504190,0.772231
1176,0.544845,1.121856
1956,0.522184,0.349967
1836,0.441402,0.323632
1191,0.435343,0.468281
1794,0.458686,0.475685
1215,0.607149,1.306106
1225,0.522908,1.239654
1052,0.517334,0.303322
1792,0.520868,0.408091
1665,0.515133,0.666139
1075,0.460045,0.647061
1217,0.468736,0.369378
1999,0.497799,0.301068
1727,0.564759,0.563505
1866,0.458792,0.209735
1818,0.459620,0.363833
1640,0.458887,0.511043
1974,0.480067,0.344325
1468,0.562468,1.232470
1886,0.476591,0.301754
1367,0.607674,0.448951
1477,0.567388,0.998155
1700,0.701160,1.466724
1333,0.483657,0.838311
1401,0.467585,0.245337
1986,0.460551,0.904917
1348,0.451763,0.166827
1104,0.481774,0.508167
1381,0.522768,1.032004
1122,0.492468,1.091060
1813,0.458089,1.174411
1090,0.523283,0.967817
1903,0.459696,0.387037
1240,0.553300,0.990370
1181,0.475767,1.044594
1519,0.505556,0.735629
1453,0.476303,0.272314
1943,0.481357,0.519077
1397,0.571181,0.525523
1817,0.532329,0.872496
1911,0.468261,0.914851
1652,0.498469,1.160317
1674,0.613255,0.685138
1450,0.451468,0.063012
1306,0.618867,1.294307
1156,0.441154,0.561016
1279,0.499398,0.366521
1258,0.455345,0.501876
1719,0.524032,0.908673
1748,0.467898,0.352940
1047,0.453849,1.123302
1716,0.568850,0.674334
1529,0.557170,0.606146
1285,0.458898,1.033588
1512,0.476214,0.652469
1027,0.529706,0.732443
1392,0.649198,1.259747
1541,0.523597,0.481754
1593,0.457143,0.363641
1161,0.496769,0.344882
1498,0.512526,0.709597
1289,0.576959,0.348736
1584,0.448352,0.101760
1649,0.457306,0.801129
1635,0.479543,0.320069
1396,0.524975,0.502128
1409,0.427965,0.871457
1752,0.524963,0.241367
1924,0.543677,0.769896
1954,0.444107,0.472143
1905,0.514033,0.471533
1643,0.536874,0.327126
1388,0.484527,0.708412
1914,0.596886,0.844646
1789,0.504877,0.757963
1930,0.513452,0.281696
1441,0.607896,0.921861
1985,0.483706,0.771524
1632,0.488294,0.486304
1539,0.589793,0.929789
1989,0.531317,1.164616
1771,0.480009,0.400275
1965,0.497230,0.495683
1575,0.478824,0.512515
1862,0.479436,0.606308
1534,0.498089,0.861069
1564,0.461266,0.384155
1463,0.424907,0.551037
1552,0.616159,0.434893
1760,0.449660,0.791800
1150,0.458630,0.465199
1803,0.569215,1.188665
1315,0.458419,0.617055
1843,0.606625,0.878871
1153,0.563283,0.794130
1214,0.623451,0.364274
1864,0.624201,0.880488
1143,0.497152,0.504253
1774,0.474953,0.944803
1093,0.514064,0.565115
1483,0.513589,0.445621
1912,0.642396,0.580654
1008,0.516536,0.335507
1370,0.545364,0.713288
1218,0.459634,0.384335
1863,0.459084,0.379425
1660,0.538096,0.640928
1408,0.544817,1.170600
1543,0.484516,0.935111
1588,0.460038,0.747646
1132,0.491981,0.608892
1878,0.647914,1.149637
1697,0.456764,0.648639
1992,0.563416,0.817476
1399,0.458327,0.667081
1195,0.515114,0.599801
1282,0.596584,0.680534
1831,0.434908,0.160407
1829,0.532777,0.289322
1511,0.684718,0.841476
1935,0.448773,0.292507
1142,0.612514,0.648534
1165,0.466172,0.609737
1918,0.583821,0.786688
1767,0.550657,0.941094
1280,0.564913,1.054956
1689,0.560577,0.825111
1484,0.506377,0.945655
1882,0.551558,0.506970
1987,0.597740,0.848962
1586,0.510297,0.845609
1658,0.467813,1.253794
1741,0.483646,1.012126
1183,0.639271,0.690947
1363,0.441237,0.449332
1798,0.578784,0.626224
1115,0.450799,0.509278
1805,0.473827,0.591599
1192,0.476139,0.400220
1420,0.595180,0.976990
1298,0.476148,0.381990
1549,0.486097,0.288644
1998,0.494444,1.114993
1560,0.557162,0.998274
1540,0.555612,1.091120
1946,0.560364,0.776463
1981,0.483653,0.787250
1723,0.577006,0.617248
1827,0.468366,1.045794
1926,0.515244,1.005780
1107,0.617914,0.735803
1913,0.473051,0.697204
1678,0.517615,0.409078
1656,0.488027,0.589971
1563,0.459983,0.374231
1206,0.564818,1.338745
1272,0.575174,1.056274
1841,0.520923,0.984740
1251,0.677394,1.405386
1223,0.475278,0.396923
1164,0.420417,0.612930
1517,0.466655,0.915128
1645,0.523146,0.761860
1548,0.459155,0.174719
1345,0.481341,0.354597
1083,0.464426,0.464979
1786,0.492950,0.655722
1807,0.545434,0.673671
1252,0.529014,0.286784
1427,0.537695,0.536600
1542,0.647431,1.259617
1758,0.531225,1.242129
1439,0.694565,0.980128
1928,0.522280,0.244080
1316,0.523648,0.629537
1736,0.545428,1.002523
1947,0.531471,1.135175
1334,0.495440,0.188766
1742,0.603785,0.885797
1038,0.443643,0.382892
1482,0.458708,0.279224
1209,0.441486,0.892742
1598,0.597049,0.744602
1250,0.666217,1.868713
1804,0.474872,0.775168
1937,0.467402,0.926526
1270,0.530872,0.446560
1942,0.495485,0.509907
1495,0.434312,0.288853
1442,0.522573,0.833987
1071,0.520485,1.011702
1308,0.459970,0.671782
1434,0.625565,0.902142
1523,0.521794,0.320264
1865,0.458934,0.468453
1117,0.529707,0.764033
1569,0.615008,1.008282
1063,0.563056,0.404161
1119,0.451317,0.971301
1609,0.474385,0.852420
1426,0.693731,1.629846
1839,0.570692,0.748073
1618,0.516367,1.224937
1966,0.492017,0.793641
1384,0.566445,0.788041
1256,0.805102,1.193463
1121,0.555391,0.720595
1853,0.567830,0.566894
1919,0.496048,0.914240
1602,0.430203,0.268816
1273,0.577184,0.571915
1023,0.502898,1.101762
1309,0.503087,0.673365
1925,0.457871,0.609426
1095,0.466659,0.500610
1145,0.715248,1.004721
1922,0.474681,0.244819
1322,0.537664,1.192183
1960,0.541115,0.274774
1775,0.514895,0.845792
1310,0.524448,1.738625
1721,0.495267,0.350036
1446,0.467129,0.459618
1034,0.442060,0.307767
1235,0.481352,0.416953
1324,0.566857,0.607880
1432,0.658446,1.059569
1490,0.596633,0.596522
1311,0.485916,0.702406
1271,0.458026,0.453477
1058,0.557713,1.288381
1808,0.505472,0.644785
1763,0.459304,0.239721
1734,0.506793,0.593777
1021,0.481740,0.815164
1003,0.467032,0.640461
1343,0.567297,1.119376
1475,0.546046,0.604655
1461,0.488814,0.202802
1799,0.517051,0.340178
1764,0.465172,0.427361
1567,0.561603,0.322227
1398,0.459972,0.489577
1590,0.492028,0.568194
1415,0.450104,0.186564
1815,0.483648,1.065027
1712,0.557006,1.200972
1474,0.539526,0.960269
1651,0.511289,0.761762
1120,0.468242,0.915043
1037,0.492026,0.331197
1823,0.467380,0.486982
1061,0.505147,1.010414
1024,0.475716,0.231821
1222,0.451317,0.475826
1781,0.459234,0.419614
1171,0.496245,0.398154
1097,0.551868,0.673965
1365,0.504624,0.889657
1436,0.524428,0.969955
1177,0.450010,0.089124
1293,0.506285,0.367291
1861,0.585758,1.079581
1036,0.587693,0.712486
1513,0.751445,1.022671
1391,0.523379,0.319752
1824,0.504762,0.892677
1951,0.467135,0.820091
1579,0.512967,0.418727
1644,0.522850,0.552226
1098,0.585734,0.423671
1485,0.623324,1.373502
1212,0.553700,1.334818
1263,0.528839,0.779570
1941,0.551377,0.637538
1844,0.477431,0.727358
1096,0.475336,0.431506
1834,0.472765,0.504330
1266,0.475067,0.364165
1847,0.514470,0.636324
1146,0.534107,0.359834
1105,0.504770,0.330357
1967,0.552235,0.220804
1663,0.459696,0.232301
1360,0.607105,0.897047
1722,0.480425,0.450539
1765,0.475433,0.106012
1626,0.476145,0.894729
1094,0.498936,0.361646
1848,0.531983,0.456531
1553,0.511725,1.229094
1378,0.673905,1.714156
1284,0.529280,0.387252
1589,0.681682,1.812246
1682,0.507211,0.679178
1307,0.596843,0.741869
1331,0.522416,0.838752
1454,0.489372,1.036806
1112,0.439896,0.267669
1321,0.513890,0.653662
1507,0.488103,0.725604
1131,0.504016,0.867708
1554,0.570654,0.925256
1959,0.475382,0.430376
1961,0.718728,1.875357
1185,0.671609,0.990922
1133,0.475365,0.261721
1179,0.539507,1.375753
1144,0.546259,1.074373
1915,0.599857,0.886760
1628,0.504159,0.378335
1361,0.578719,0.465507
1795,0.482454,0.323472
1347,0.466323,1.427087
1830,0.497787,1.570972
1219,0.511992,0.853641
1290,0.482949,0.621431
1940,0.504879,0.353735
1479,0.474168,0.778874
1301,0.537179,0.423722
1201,0.482796,0.549290
1137,0.523012,0.742936
1412,0.551547,0.688185
1822,0.520367,0.425672
1718,0.569033,1.200579
1991,0.522406,0.542029
1135,0.522403,0.504847
1944,0.528345,1.131254
1349,0.482376,1.348767
1451,0.576643,1.772778
1043,0.452519,1.283093
1402,0.565421,0.700546
1338,0.491597,0.476376
1276,0.621979,0.965187
1100,0.570646,1.289719
1226,0.456643,0.552589
1459,0.547310,0.507546
1411,0.474239,0.364929
1802,0.473830,0.719721
1213,0.482669,0.196650
1320,0.584830,0.520501
1162,0.574508,1.456375
1243,0.491651,0.504024
1297,0.491150,0.273740
1260,0.568977,2.305019
1299,0.463240,0.562705
1988,0.481147,0.443349
1344,0.520878,1.303681
1851,0.479851,0.674253
1558,0.490247,1.176136
1520,0.548511,2.083096
Average Cost: 13.249000
Accuracy: 100.000000
Accuracy 0: 100.000000
Cost 0: 9.000000
Accuracy 1: 100.000000
Cost 1: 9.000000
Accuracy 2: 100.000000
Cost 2: 9.000000
Accuracy 3: 100.000000
Cost 3: 9.000000
Accuracy 4: 100.000000
Cost 4: 9.000000
Accuracy 5: 100.000000
Cost 5: 9.000000
Accuracy 6: 100.000000
Cost 6: 9.000000
Accuracy 7: 100.000000
Cost 7: 9.000000
Accuracy 8: 100.000000
Cost 8: 9.000000
Accuracy 9: 100.000000
Cost 9: 9.000000
