Number of Worker Pools: 1
Number of Workers in Pool 1: 1000
Original mean,standardDev for Pool 1: 4.000000,0.300000
Number of Workers in Pool 2: 1000
Original mean,standardDev for Pool 2: 3.500000,0.200000
Number of Problems: 1000
ProblemNo,Answer,TrueAnswer,Cost,Difficulty,TrueDifficulty
0,1,1,5.000000,0.400000,0.500000
1,0,0,6.000000,0.700000,0.500000
2,1,1,6.000000,0.700000,0.500000
3,1,1,5.000000,0.400000,0.500000
4,1,1,4.000000,0.000000,0.500000
5,0,0,8.000000,0.600000,0.500000
6,1,1,4.000000,0.000000,0.500000
7,1,1,5.000000,0.400000,0.500000
8,1,1,4.000000,0.000000,0.500000
9,1,1,5.000000,0.400000,0.500000
10,1,1,6.000000,0.700000,0.500000
11,1,1,4.000000,0.000000,0.500000
12,1,1,5.000000,0.400000,0.500000
13,1,1,5.000000,0.400000,0.500000
14,1,1,4.000000,0.000000,0.500000
15,1,1,11.000000,1.000000,0.500000
16,1,1,5.000000,0.400000,0.500000
17,1,1,4.000000,0.000000,0.500000
18,0,0,9.000000,0.800000,0.500000
19,1,1,5.000000,0.400000,0.500000
20,0,0,6.000000,0.700000,0.500000
21,1,1,4.000000,0.000000,0.500000
22,1,1,4.000000,0.000000,0.500000
23,1,1,10.000000,0.800000,0.500000
24,1,1,4.000000,0.000000,0.500000
25,1,1,4.000000,0.000000,0.500000
26,1,1,4.000000,0.000000,0.500000
27,1,1,6.000000,0.700000,0.500000
28,1,1,6.000000,0.700000,0.500000
29,1,1,6.000000,0.700000,0.500000
30,0,0,9.000000,0.900000,0.500000
31,1,1,8.000000,0.800000,0.500000
32,0,1,8.000000,0.900000,0.500000
33,1,1,13.000000,1.000000,0.500000
34,0,0,5.000000,0.400000,0.500000
35,0,1,6.000000,0.700000,0.500000
36,1,1,5.000000,0.400000,0.500000
37,1,1,5.000000,0.400000,0.500000
38,1,1,6.000000,0.700000,0.500000
39,1,1,4.000000,0.000000,0.500000
40,1,1,4.000000,0.000000,0.500000
41,1,1,5.000000,0.400000,0.500000
42,1,1,6.000000,0.700000,0.500000
43,1,1,4.000000,0.000000,0.500000
44,1,1,4.000000,0.000000,0.500000
45,1,1,5.000000,0.400000,0.500000
46,1,1,5.000000,0.400000,0.500000
47,1,1,5.000000,0.400000,0.500000
48,1,1,4.000000,0.000000,0.500000
49,1,1,4.000000,0.000000,0.500000
50,1,1,4.000000,0.000000,0.500000
51,1,1,4.000000,0.000000,0.500000
52,1,1,9.000000,0.900000,0.500000
53,1,1,5.000000,0.400000,0.500000
54,1,1,4.000000,0.000000,0.500000
55,0,0,5.000000,0.400000,0.500000
56,0,1,7.000000,0.800000,0.500000
57,1,1,4.000000,0.000000,0.500000
58,1,1,4.000000,0.000000,0.500000
59,1,1,5.000000,0.400000,0.500000
60,1,1,5.000000,0.400000,0.500000
61,1,1,8.000000,0.800000,0.500000
62,1,1,8.000000,0.800000,0.500000
63,1,1,8.000000,0.800000,0.500000
64,1,1,9.000000,0.900000,0.500000
65,1,1,6.000000,0.700000,0.500000
66,1,1,5.000000,0.400000,0.500000
67,0,1,10.000000,0.900000,0.500000
68,1,1,5.000000,0.400000,0.500000
69,1,1,4.000000,0.000000,0.500000
70,1,1,5.000000,0.400000,0.500000
71,1,1,6.000000,0.700000,0.500000
72,1,1,4.000000,0.000000,0.500000
73,1,1,5.000000,0.400000,0.500000
74,0,0,4.000000,0.000000,0.500000
75,1,1,5.000000,0.400000,0.500000
76,1,1,9.000000,0.900000,0.500000
77,1,1,6.000000,0.700000,0.500000
78,1,1,8.000000,0.600000,0.500000
79,1,1,9.000000,0.900000,0.500000
80,1,1,8.000000,0.800000,0.500000
81,1,1,6.000000,0.700000,0.500000
82,1,1,4.000000,0.000000,0.500000
83,1,1,5.000000,0.400000,0.500000
84,1,1,4.000000,0.000000,0.500000
85,0,0,4.000000,0.000000,0.500000
86,0,1,12.000000,0.900000,0.500000
87,1,1,4.000000,0.000000,0.500000
88,1,1,4.000000,0.000000,0.500000
89,1,1,5.000000,0.400000,0.500000
90,1,1,4.000000,0.000000,0.500000
91,0,0,4.000000,0.000000,0.500000
92,0,1,6.000000,0.700000,0.500000
93,1,1,5.000000,0.400000,0.500000
94,1,1,6.000000,0.700000,0.500000
95,1,1,7.000000,0.700000,0.500000
96,1,1,5.000000,0.400000,0.500000
97,0,0,5.000000,0.400000,0.500000
98,1,1,4.000000,0.000000,0.500000
99,1,1,5.000000,0.400000,0.500000
100,1,1,6.000000,0.700000,0.500000
101,1,1,4.000000,0.000000,0.500000
102,1,1,4.000000,0.000000,0.500000
103,1,1,5.000000,0.400000,0.500000
104,1,1,4.000000,0.000000,0.500000
105,1,1,6.000000,0.700000,0.500000
106,1,1,11.000000,1.000000,0.500000
107,1,1,5.000000,0.400000,0.500000
108,1,1,5.000000,0.400000,0.500000
109,1,1,4.000000,0.000000,0.500000
110,1,1,5.000000,0.400000,0.500000
111,1,1,4.000000,0.000000,0.500000
112,1,1,4.000000,0.000000,0.500000
113,1,1,4.000000,0.000000,0.500000
114,1,1,6.000000,0.700000,0.500000
115,1,1,5.000000,0.400000,0.500000
116,1,1,6.000000,0.700000,0.500000
117,1,1,5.000000,0.400000,0.500000
118,1,1,10.000000,0.900000,0.500000
119,1,1,6.000000,0.700000,0.500000
120,1,1,5.000000,0.400000,0.500000
121,1,1,4.000000,0.000000,0.500000
122,1,1,4.000000,0.000000,0.500000
123,1,1,4.000000,0.000000,0.500000
124,0,0,6.000000,0.700000,0.500000
125,1,1,4.000000,0.000000,0.500000
126,1,1,5.000000,0.400000,0.500000
127,1,1,6.000000,0.700000,0.500000
128,1,1,5.000000,0.400000,0.500000
129,1,1,6.000000,0.700000,0.500000
130,1,1,6.000000,0.700000,0.500000
131,1,1,5.000000,0.400000,0.500000
132,1,1,5.000000,0.400000,0.500000
133,1,1,8.000000,0.900000,0.500000
134,0,0,4.000000,0.000000,0.500000
135,1,1,4.000000,0.000000,0.500000
136,1,1,5.000000,0.400000,0.500000
137,1,1,4.000000,0.000000,0.500000
138,0,0,7.000000,0.800000,0.500000
139,1,1,5.000000,0.400000,0.500000
140,1,1,5.000000,0.400000,0.500000
141,1,1,6.000000,0.700000,0.500000
142,1,1,4.000000,0.000000,0.500000
143,1,1,5.000000,0.400000,0.500000
144,1,1,4.000000,0.000000,0.500000
145,1,1,5.000000,0.400000,0.500000
146,1,1,8.000000,0.800000,0.500000
147,1,1,5.000000,0.400000,0.500000
148,1,1,6.000000,0.700000,0.500000
149,1,1,4.000000,0.000000,0.500000
150,0,0,4.000000,0.000000,0.500000
151,0,0,4.000000,0.000000,0.500000
152,1,1,6.000000,0.700000,0.500000
153,1,1,10.000000,0.800000,0.500000
154,1,1,4.000000,0.000000,0.500000
155,1,1,5.000000,0.400000,0.500000
156,1,1,7.000000,0.800000,0.500000
157,1,1,6.000000,0.700000,0.500000
158,0,0,5.000000,0.400000,0.500000
159,1,1,5.000000,0.400000,0.500000
160,1,1,4.000000,0.000000,0.500000
161,1,1,5.000000,0.400000,0.500000
162,1,1,5.000000,0.400000,0.500000
163,1,1,14.000000,1.000000,0.500000
164,1,1,9.000000,0.900000,0.500000
165,1,0,5.000000,0.400000,0.500000
166,1,1,5.000000,0.400000,0.500000
167,1,1,4.000000,0.000000,0.500000
168,1,1,5.000000,0.400000,0.500000
169,1,1,5.000000,0.400000,0.500000
170,1,1,10.000000,0.900000,0.500000
171,1,1,8.000000,0.800000,0.500000
172,1,1,8.000000,0.600000,0.500000
173,1,1,4.000000,0.000000,0.500000
174,1,1,4.000000,0.000000,0.500000
175,0,0,4.000000,0.000000,0.500000
176,1,1,6.000000,0.700000,0.500000
177,1,1,7.000000,0.800000,0.500000
178,1,1,5.000000,0.400000,0.500000
179,1,1,4.000000,0.000000,0.500000
180,1,1,4.000000,0.000000,0.500000
181,1,1,10.000000,0.800000,0.500000
182,1,1,5.000000,0.400000,0.500000
183,1,1,5.000000,0.400000,0.500000
184,1,1,5.000000,0.400000,0.500000
185,1,1,9.000000,0.900000,0.500000
186,0,1,5.000000,0.400000,0.500000
187,1,1,6.000000,0.700000,0.500000
188,1,1,11.000000,0.900000,0.500000
189,1,1,4.000000,0.000000,0.500000
190,1,1,4.000000,0.000000,0.500000
191,1,1,4.000000,0.000000,0.500000
192,1,1,5.000000,0.400000,0.500000
193,1,1,8.000000,0.800000,0.500000
194,1,1,6.000000,0.700000,0.500000
195,1,1,6.000000,0.700000,0.500000
196,1,1,6.000000,0.700000,0.500000
197,1,1,8.000000,0.900000,0.500000
198,1,0,7.000000,0.800000,0.500000
199,1,1,4.000000,0.000000,0.500000
200,1,1,7.000000,0.700000,0.500000
201,1,1,4.000000,0.000000,0.500000
202,1,1,5.000000,0.400000,0.500000
203,1,1,5.000000,0.400000,0.500000
204,1,1,10.000000,0.900000,0.500000
205,1,1,6.000000,0.700000,0.500000
206,1,1,6.000000,0.700000,0.500000
207,1,1,8.000000,0.600000,0.500000
208,0,0,4.000000,0.000000,0.500000
209,1,1,4.000000,0.000000,0.500000
210,1,1,6.000000,0.700000,0.500000
211,1,1,9.000000,0.900000,0.500000
212,1,1,17.000000,1.000000,0.500000
213,1,1,8.000000,0.600000,0.500000
214,0,0,4.000000,0.000000,0.500000
215,1,1,5.000000,0.400000,0.500000
216,1,1,6.000000,0.700000,0.500000
217,1,1,8.000000,0.600000,0.500000
218,1,1,6.000000,0.700000,0.500000
219,1,1,4.000000,0.000000,0.500000
220,1,1,5.000000,0.400000,0.500000
221,1,1,7.000000,0.800000,0.500000
222,1,1,5.000000,0.400000,0.500000
223,1,1,5.000000,0.400000,0.500000
224,1,1,6.000000,0.700000,0.500000
225,1,1,5.000000,0.400000,0.500000
226,0,0,7.000000,0.800000,0.500000
227,0,0,5.000000,0.400000,0.500000
228,1,1,5.000000,0.400000,0.500000
229,1,1,6.000000,0.700000,0.500000
230,1,1,6.000000,0.700000,0.500000
231,1,1,6.000000,0.700000,0.500000
232,1,1,4.000000,0.000000,0.500000
233,1,1,4.000000,0.000000,0.500000
234,0,1,7.000000,0.800000,0.500000
235,1,1,4.000000,0.000000,0.500000
236,1,1,4.000000,0.000000,0.500000
237,0,0,4.000000,0.000000,0.500000
238,1,1,6.000000,0.700000,0.500000
239,1,1,5.000000,0.400000,0.500000
240,1,1,6.000000,0.700000,0.500000
241,1,1,4.000000,0.000000,0.500000
242,0,0,4.000000,0.000000,0.500000
243,0,1,5.000000,0.400000,0.500000
244,1,1,5.000000,0.400000,0.500000
245,1,1,11.000000,0.900000,0.500000
246,1,1,5.000000,0.400000,0.500000
247,1,1,5.000000,0.400000,0.500000
248,1,1,4.000000,0.000000,0.500000
249,1,1,4.000000,0.000000,0.500000
250,1,1,4.000000,0.000000,0.500000
251,0,0,7.000000,0.800000,0.500000
252,1,1,4.000000,0.000000,0.500000
253,1,1,5.000000,0.400000,0.500000
254,1,1,5.000000,0.400000,0.500000
255,1,1,4.000000,0.000000,0.500000
256,0,0,5.000000,0.400000,0.500000
257,1,1,4.000000,0.000000,0.500000
258,1,1,4.000000,0.000000,0.500000
259,1,1,4.000000,0.000000,0.500000
260,1,1,5.000000,0.400000,0.500000
261,1,1,7.000000,0.800000,0.500000
262,1,1,8.000000,0.800000,0.500000
263,1,1,13.000000,1.000000,0.500000
264,1,1,5.000000,0.400000,0.500000
265,1,1,6.000000,0.700000,0.500000
266,1,1,8.000000,0.800000,0.500000
267,1,1,5.000000,0.400000,0.500000
268,1,1,5.000000,0.400000,0.500000
269,1,1,5.000000,0.400000,0.500000
270,0,0,5.000000,0.400000,0.500000
271,1,1,7.000000,0.800000,0.500000
272,0,0,4.000000,0.000000,0.500000
273,1,1,4.000000,0.000000,0.500000
274,1,1,8.000000,0.600000,0.500000
275,0,0,8.000000,0.900000,0.500000
276,1,1,5.000000,0.400000,0.500000
277,1,1,4.000000,0.000000,0.500000
278,1,1,5.000000,0.400000,0.500000
279,1,1,4.000000,0.000000,0.500000
280,1,1,5.000000,0.400000,0.500000
281,1,1,4.000000,0.000000,0.500000
282,1,1,7.000000,0.700000,0.500000
283,1,1,4.000000,0.000000,0.500000
284,1,1,5.000000,0.400000,0.500000
285,1,1,6.000000,0.700000,0.500000
286,1,1,4.000000,0.000000,0.500000
287,0,0,5.000000,0.400000,0.500000
288,1,1,4.000000,0.000000,0.500000
289,1,1,4.000000,0.000000,0.500000
290,1,1,6.000000,0.700000,0.500000
291,0,0,5.000000,0.400000,0.500000
292,0,1,6.000000,0.700000,0.500000
293,1,1,8.000000,0.900000,0.500000
294,1,1,4.000000,0.000000,0.500000
295,1,1,6.000000,0.700000,0.500000
296,1,1,4.000000,0.000000,0.500000
297,1,1,4.000000,0.000000,0.500000
298,1,1,4.000000,0.000000,0.500000
299,1,1,10.000000,0.900000,0.500000
300,1,1,4.000000,0.000000,0.500000
301,1,1,5.000000,0.400000,0.500000
302,0,1,6.000000,0.700000,0.500000
303,1,1,5.000000,0.400000,0.500000
304,1,1,5.000000,0.400000,0.500000
305,1,1,5.000000,0.400000,0.500000
306,1,1,5.000000,0.400000,0.500000
307,1,1,4.000000,0.000000,0.500000
308,1,1,6.000000,0.700000,0.500000
309,1,1,12.000000,1.000000,0.500000
310,1,1,4.000000,0.000000,0.500000
311,1,1,6.000000,0.700000,0.500000
312,1,1,5.000000,0.400000,0.500000
313,1,1,4.000000,0.000000,0.500000
314,1,1,5.000000,0.400000,0.500000
315,1,1,5.000000,0.400000,0.500000
316,1,1,4.000000,0.000000,0.500000
317,1,1,4.000000,0.000000,0.500000
318,0,0,4.000000,0.000000,0.500000
319,1,1,4.000000,0.000000,0.500000
320,1,1,8.000000,0.600000,0.500000
321,1,1,9.000000,0.800000,0.500000
322,1,1,8.000000,0.600000,0.500000
323,1,1,9.000000,0.900000,0.500000
324,1,1,4.000000,0.000000,0.500000
325,0,0,4.000000,0.000000,0.500000
326,1,1,10.000000,0.800000,0.500000
327,1,1,4.000000,0.000000,0.500000
328,1,1,8.000000,0.600000,0.500000
329,0,0,5.000000,0.400000,0.500000
330,1,1,4.000000,0.000000,0.500000
331,1,1,9.000000,1.000000,0.500000
332,1,1,4.000000,0.000000,0.500000
333,1,1,5.000000,0.400000,0.500000
334,1,1,6.000000,0.700000,0.500000
335,1,1,5.000000,0.400000,0.500000
336,1,1,4.000000,0.000000,0.500000
337,1,1,5.000000,0.400000,0.500000
338,1,1,5.000000,0.400000,0.500000
339,1,1,5.000000,0.400000,0.500000
340,1,1,5.000000,0.400000,0.500000
341,1,1,4.000000,0.000000,0.500000
342,1,1,5.000000,0.400000,0.500000
343,1,1,5.000000,0.400000,0.500000
344,1,1,8.000000,0.600000,0.500000
345,1,1,10.000000,0.800000,0.500000
346,1,1,4.000000,0.000000,0.500000
347,1,1,5.000000,0.400000,0.500000
348,1,1,7.000000,0.700000,0.500000
349,1,1,6.000000,0.700000,0.500000
350,1,1,4.000000,0.000000,0.500000
351,1,1,4.000000,0.000000,0.500000
352,1,1,7.000000,0.700000,0.500000
353,1,1,9.000000,0.900000,0.500000
354,1,1,5.000000,0.400000,0.500000
355,1,1,4.000000,0.000000,0.500000
356,1,1,5.000000,0.400000,0.500000
357,1,1,6.000000,0.700000,0.500000
358,1,1,4.000000,0.000000,0.500000
359,0,1,6.000000,0.700000,0.500000
360,1,1,4.000000,0.000000,0.500000
361,1,1,12.000000,0.900000,0.500000
362,1,1,6.000000,0.700000,0.500000
363,0,0,4.000000,0.000000,0.500000
364,1,1,4.000000,0.000000,0.500000
365,1,1,5.000000,0.400000,0.500000
366,1,1,4.000000,0.000000,0.500000
367,1,1,6.000000,0.700000,0.500000
368,0,1,5.000000,0.800000,0.500000
369,1,1,4.000000,0.000000,0.500000
370,1,1,10.000000,0.800000,0.500000
371,1,1,4.000000,0.000000,0.500000
372,1,1,4.000000,0.000000,0.500000
373,1,1,6.000000,0.700000,0.500000
374,1,1,8.000000,0.800000,0.500000
375,0,1,5.000000,0.400000,0.500000
376,1,1,5.000000,0.400000,0.500000
377,0,1,5.000000,0.400000,0.500000
378,1,1,4.000000,0.000000,0.500000
379,1,1,4.000000,0.000000,0.500000
380,1,1,6.000000,0.700000,0.500000
381,1,1,4.000000,0.000000,0.500000
382,1,1,4.000000,0.000000,0.500000
383,1,1,5.000000,0.400000,0.500000
384,1,1,5.000000,0.400000,0.500000
385,1,1,5.000000,0.400000,0.500000
386,1,1,4.000000,0.000000,0.500000
387,1,1,4.000000,0.000000,0.500000
388,1,1,4.000000,0.000000,0.500000
389,1,1,8.000000,0.800000,0.500000
390,1,1,11.000000,1.000000,0.500000
391,1,1,6.000000,0.700000,0.500000
392,1,1,4.000000,0.000000,0.500000
393,1,1,5.000000,0.400000,0.500000
394,1,1,4.000000,0.000000,0.500000
395,1,1,5.000000,0.400000,0.500000
396,1,1,4.000000,0.000000,0.500000
397,1,1,5.000000,0.400000,0.500000
398,1,1,5.000000,0.400000,0.500000
399,1,1,8.000000,0.600000,0.500000
400,1,1,5.000000,0.400000,0.500000
401,1,1,7.000000,0.800000,0.500000
402,1,1,5.000000,0.400000,0.500000
403,1,1,10.000000,0.900000,0.500000
404,1,1,5.000000,0.400000,0.500000
405,1,1,4.000000,0.000000,0.500000
406,1,1,4.000000,0.000000,0.500000
407,1,1,5.000000,0.400000,0.500000
408,1,1,5.000000,0.400000,0.500000
409,1,1,5.000000,0.400000,0.500000
410,1,1,4.000000,0.000000,0.500000
411,1,1,6.000000,0.700000,0.500000
412,1,1,6.000000,0.700000,0.500000
413,1,1,5.000000,0.400000,0.500000
414,1,1,5.000000,0.400000,0.500000
415,1,1,4.000000,0.000000,0.500000
416,1,1,4.000000,0.000000,0.500000
417,1,1,5.000000,0.400000,0.500000
418,1,1,5.000000,0.400000,0.500000
419,0,1,4.000000,0.000000,0.500000
420,1,1,6.000000,0.700000,0.500000
421,1,1,8.000000,0.900000,0.500000
422,1,1,4.000000,0.000000,0.500000
423,1,1,12.000000,1.000000,0.500000
424,1,1,5.000000,0.400000,0.500000
425,0,1,5.000000,0.400000,0.500000
426,1,1,6.000000,0.700000,0.500000
427,1,1,8.000000,0.900000,0.500000
428,1,1,4.000000,0.000000,0.500000
429,1,1,5.000000,0.400000,0.500000
430,1,1,10.000000,0.800000,0.500000
431,1,0,6.000000,0.700000,0.500000
432,1,1,6.000000,0.900000,0.500000
433,0,0,4.000000,0.000000,0.500000
434,1,1,4.000000,0.000000,0.500000
435,1,1,5.000000,0.400000,0.500000
436,1,1,4.000000,0.000000,0.500000
437,1,1,10.000000,0.900000,0.500000
438,1,1,5.000000,0.400000,0.500000
439,1,1,4.000000,0.000000,0.500000
440,1,1,4.000000,0.000000,0.500000
441,1,1,6.000000,0.700000,0.500000
442,1,1,4.000000,0.000000,0.500000
443,1,1,6.000000,0.700000,0.500000
444,1,1,5.000000,0.400000,0.500000
445,1,1,5.000000,0.400000,0.500000
446,1,1,5.000000,0.800000,0.500000
447,1,1,4.000000,0.000000,0.500000
448,1,1,5.000000,0.400000,0.500000
449,1,1,6.000000,0.700000,0.500000
450,1,1,7.000000,0.800000,0.500000
451,1,1,4.000000,0.000000,0.500000
452,1,1,4.000000,0.000000,0.500000
453,1,1,6.000000,0.700000,0.500000
454,0,0,5.000000,0.400000,0.500000
455,1,1,4.000000,0.000000,0.500000
456,0,0,5.000000,0.400000,0.500000
457,1,1,4.000000,0.000000,0.500000
458,1,1,7.000000,0.800000,0.500000
459,1,1,5.000000,0.400000,0.500000
460,1,1,5.000000,0.400000,0.500000
461,0,1,7.000000,0.800000,0.500000
462,1,1,5.000000,0.400000,0.500000
463,0,0,6.000000,0.700000,0.500000
464,1,1,6.000000,0.700000,0.500000
465,1,1,5.000000,0.400000,0.500000
466,1,1,5.000000,0.400000,0.500000
467,1,1,4.000000,0.000000,0.500000
468,1,1,4.000000,0.000000,0.500000
469,1,1,5.000000,0.400000,0.500000
470,1,1,5.000000,0.400000,0.500000
471,1,1,5.000000,0.400000,0.500000
472,1,1,6.000000,0.700000,0.500000
473,1,1,16.000000,0.900000,0.500000
474,1,1,9.000000,0.800000,0.500000
475,1,1,4.000000,0.000000,0.500000
476,1,1,5.000000,0.400000,0.500000
477,1,1,4.000000,0.000000,0.500000
478,1,1,12.000000,0.900000,0.500000
479,1,1,4.000000,0.000000,0.500000
480,1,1,4.000000,0.000000,0.500000
481,1,1,9.000000,0.900000,0.500000
482,1,1,4.000000,0.000000,0.500000
483,1,1,13.000000,1.000000,0.500000
484,1,1,8.000000,0.800000,0.500000
485,0,1,6.000000,0.700000,0.500000
486,1,1,6.000000,0.700000,0.500000
487,1,1,4.000000,0.000000,0.500000
488,1,1,4.000000,0.000000,0.500000
489,1,1,4.000000,0.000000,0.500000
490,1,1,5.000000,0.400000,0.500000
491,1,1,5.000000,0.400000,0.500000
492,1,1,5.000000,0.400000,0.500000
493,1,1,5.000000,0.400000,0.500000
494,1,1,6.000000,0.700000,0.500000
495,1,1,4.000000,0.000000,0.500000
496,1,1,8.000000,0.900000,0.500000
497,1,1,7.000000,0.700000,0.500000
498,1,1,5.000000,0.400000,0.500000
499,1,1,6.000000,0.700000,0.500000
500,1,1,5.000000,0.400000,0.500000
501,1,1,5.000000,0.400000,0.500000
502,1,1,5.000000,0.400000,0.500000
503,1,1,4.000000,0.000000,0.500000
504,0,0,5.000000,0.400000,0.500000
505,1,1,6.000000,0.700000,0.500000
506,1,1,8.000000,0.900000,0.500000
507,1,1,5.000000,0.400000,0.500000
508,1,1,6.000000,0.700000,0.500000
509,1,1,5.000000,0.400000,0.500000
510,1,1,13.000000,1.000000,0.500000
511,1,1,4.000000,0.000000,0.500000
512,1,1,4.000000,0.000000,0.500000
513,1,1,5.000000,0.400000,0.500000
514,1,1,4.000000,0.000000,0.500000
515,1,1,4.000000,0.000000,0.500000
516,1,1,8.000000,0.900000,0.500000
517,1,1,10.000000,0.900000,0.500000
518,1,1,4.000000,0.000000,0.500000
519,0,0,6.000000,0.700000,0.500000
520,1,1,5.000000,0.400000,0.500000
521,1,1,4.000000,0.000000,0.500000
522,1,1,4.000000,0.000000,0.500000
523,1,1,4.000000,0.000000,0.500000
524,1,1,9.000000,0.800000,0.500000
525,0,0,9.000000,0.900000,0.500000
526,1,1,9.000000,0.900000,0.500000
527,0,0,5.000000,0.400000,0.500000
528,1,1,8.000000,0.800000,0.500000
529,1,0,10.000000,0.900000,0.500000
530,1,1,5.000000,0.400000,0.500000
531,0,0,6.000000,0.700000,0.500000
532,1,1,4.000000,0.000000,0.500000
533,1,1,5.000000,0.400000,0.500000
534,1,1,4.000000,0.000000,0.500000
535,1,1,5.000000,0.400000,0.500000
536,1,1,6.000000,0.700000,0.500000
537,1,1,5.000000,0.400000,0.500000
538,1,1,9.000000,0.900000,0.500000
539,1,1,12.000000,0.900000,0.500000
540,0,0,5.000000,0.400000,0.500000
541,1,1,4.000000,0.000000,0.500000
542,1,1,8.000000,0.800000,0.500000
543,1,1,13.000000,0.900000,0.500000
544,1,1,4.000000,0.000000,0.500000
545,1,1,10.000000,0.900000,0.500000
546,1,1,5.000000,0.400000,0.500000
547,1,1,5.000000,0.400000,0.500000
548,1,1,4.000000,0.000000,0.500000
549,0,0,12.000000,0.900000,0.500000
550,1,1,6.000000,0.700000,0.500000
551,1,1,5.000000,0.400000,0.500000
552,1,1,5.000000,0.400000,0.500000
553,1,1,4.000000,0.000000,0.500000
554,0,0,10.000000,0.800000,0.500000
555,1,1,11.000000,0.900000,0.500000
556,1,1,12.000000,0.900000,0.500000
557,1,1,5.000000,0.400000,0.500000
558,1,1,9.000000,0.900000,0.500000
559,0,1,6.000000,0.700000,0.500000
560,1,1,4.000000,0.000000,0.500000
561,1,1,5.000000,0.400000,0.500000
562,1,1,4.000000,0.000000,0.500000
563,0,1,8.000000,0.900000,0.500000
564,1,1,8.000000,0.900000,0.500000
565,0,1,5.000000,0.400000,0.500000
566,1,1,10.000000,0.900000,0.500000
567,1,1,4.000000,0.000000,0.500000
568,1,1,5.000000,0.400000,0.500000
569,1,1,5.000000,0.400000,0.500000
570,1,1,5.000000,0.400000,0.500000
571,1,1,4.000000,0.000000,0.500000
572,1,1,4.000000,0.000000,0.500000
573,1,1,10.000000,0.800000,0.500000
574,0,0,4.000000,0.000000,0.500000
575,1,1,9.000000,0.800000,0.500000
576,1,1,5.000000,0.400000,0.500000
577,1,1,5.000000,0.400000,0.500000
578,1,1,6.000000,0.700000,0.500000
579,1,1,8.000000,0.600000,0.500000
580,0,0,5.000000,0.400000,0.500000
581,1,1,7.000000,0.700000,0.500000
582,1,1,4.000000,0.000000,0.500000
583,0,0,10.000000,0.800000,0.500000
584,1,1,10.000000,0.800000,0.500000
585,1,1,4.000000,0.000000,0.500000
586,1,1,5.000000,0.400000,0.500000
587,1,1,5.000000,0.400000,0.500000
588,1,1,8.000000,0.900000,0.500000
589,1,1,5.000000,0.400000,0.500000
590,1,1,10.000000,0.800000,0.500000
591,1,1,5.000000,0.400000,0.500000
592,1,1,9.000000,0.900000,0.500000
593,1,1,5.000000,0.400000,0.500000
594,1,1,7.000000,0.700000,0.500000
595,1,1,8.000000,0.600000,0.500000
596,1,1,6.000000,0.700000,0.500000
597,1,1,4.000000,0.000000,0.500000
598,1,1,5.000000,0.400000,0.500000
599,1,1,5.000000,0.400000,0.500000
600,1,1,5.000000,0.400000,0.500000
601,1,1,4.000000,0.000000,0.500000
602,1,1,6.000000,0.700000,0.500000
603,1,1,4.000000,0.000000,0.500000
604,1,1,7.000000,0.700000,0.500000
605,1,1,5.000000,0.400000,0.500000
606,0,0,5.000000,0.400000,0.500000
607,1,1,7.000000,0.700000,0.500000
608,1,1,6.000000,0.700000,0.500000
609,1,1,8.000000,0.800000,0.500000
610,1,1,4.000000,0.000000,0.500000
611,1,1,5.000000,0.400000,0.500000
612,1,1,4.000000,0.000000,0.500000
613,0,1,4.000000,0.000000,0.500000
614,1,1,8.000000,0.800000,0.500000
615,1,1,6.000000,0.700000,0.500000
616,1,1,8.000000,0.600000,0.500000
617,1,1,5.000000,0.400000,0.500000
618,0,0,4.000000,0.000000,0.500000
619,1,1,4.000000,0.000000,0.500000
620,1,1,5.000000,0.400000,0.500000
621,0,0,5.000000,0.400000,0.500000
622,1,1,6.000000,0.700000,0.500000
623,1,1,4.000000,0.000000,0.500000
624,1,1,4.000000,0.000000,0.500000
625,1,1,4.000000,0.000000,0.500000
626,1,1,4.000000,0.000000,0.500000
627,1,1,6.000000,0.700000,0.500000
628,1,1,5.000000,0.400000,0.500000
629,1,1,6.000000,0.700000,0.500000
630,0,0,6.000000,0.700000,0.500000
631,0,1,5.000000,0.400000,0.500000
632,0,0,5.000000,0.400000,0.500000
633,1,1,8.000000,0.900000,0.500000
634,1,1,4.000000,0.000000,0.500000
635,1,1,4.000000,0.000000,0.500000
636,1,1,4.000000,0.000000,0.500000
637,1,1,4.000000,0.000000,0.500000
638,1,1,5.000000,0.400000,0.500000
639,0,1,6.000000,0.700000,0.500000
640,0,0,11.000000,0.900000,0.500000
641,1,1,6.000000,0.700000,0.500000
642,1,1,9.000000,0.800000,0.500000
643,1,1,5.000000,0.400000,0.500000
644,1,1,6.000000,0.700000,0.500000
645,1,1,6.000000,0.700000,0.500000
646,1,1,4.000000,0.000000,0.500000
647,1,1,5.000000,0.400000,0.500000
648,0,0,5.000000,0.400000,0.500000
649,1,1,4.000000,0.000000,0.500000
650,1,1,5.000000,0.400000,0.500000
651,1,1,8.000000,0.900000,0.500000
652,1,1,5.000000,0.400000,0.500000
653,1,1,4.000000,0.000000,0.500000
654,1,1,8.000000,0.900000,0.500000
655,1,1,4.000000,0.000000,0.500000
656,0,0,5.000000,0.400000,0.500000
657,0,1,10.000000,0.900000,0.500000
658,1,1,4.000000,0.000000,0.500000
659,1,1,6.000000,0.700000,0.500000
660,1,1,7.000000,0.800000,0.500000
661,1,1,4.000000,0.000000,0.500000
662,0,0,11.000000,1.000000,0.500000
663,0,0,4.000000,0.000000,0.500000
664,0,1,7.000000,0.800000,0.500000
665,0,0,5.000000,0.400000,0.500000
666,1,1,5.000000,0.400000,0.500000
667,1,1,5.000000,0.400000,0.500000
668,1,1,4.000000,0.000000,0.500000
669,1,1,8.000000,0.600000,0.500000
670,1,1,5.000000,0.400000,0.500000
671,1,1,7.000000,0.700000,0.500000
672,1,1,6.000000,0.700000,0.500000
673,1,1,6.000000,0.700000,0.500000
674,1,1,5.000000,0.400000,0.500000
675,1,1,5.000000,0.400000,0.500000
676,1,1,8.000000,0.600000,0.500000
677,1,1,4.000000,0.000000,0.500000
678,1,1,4.000000,0.000000,0.500000
679,1,1,4.000000,0.000000,0.500000
680,1,1,4.000000,0.000000,0.500000
681,0,0,6.000000,0.700000,0.500000
682,0,1,4.000000,0.000000,0.500000
683,0,0,12.000000,1.000000,0.500000
684,1,1,4.000000,0.000000,0.500000
685,1,0,12.000000,1.000000,0.500000
686,1,1,6.000000,0.700000,0.500000
687,0,1,5.000000,0.400000,0.500000
688,1,1,6.000000,0.700000,0.500000
689,1,1,4.000000,0.000000,0.500000
690,1,1,4.000000,0.000000,0.500000
691,1,1,4.000000,0.000000,0.500000
692,1,1,5.000000,0.400000,0.500000
693,1,1,4.000000,0.000000,0.500000
694,1,1,5.000000,0.400000,0.500000
695,0,1,9.000000,0.900000,0.500000
696,1,1,4.000000,0.000000,0.500000
697,1,1,4.000000,0.000000,0.500000
698,1,1,4.000000,0.000000,0.500000
699,1,1,5.000000,0.400000,0.500000
700,1,1,5.000000,0.400000,0.500000
701,1,1,5.000000,0.400000,0.500000
702,1,1,12.000000,0.900000,0.500000
703,0,1,6.000000,0.700000,0.500000
704,1,1,12.000000,1.000000,0.500000
705,1,1,5.000000,0.400000,0.500000
706,0,0,5.000000,0.400000,0.500000
707,0,0,5.000000,0.400000,0.500000
708,1,1,9.000000,0.900000,0.500000
709,1,1,6.000000,0.700000,0.500000
710,1,1,5.000000,0.400000,0.500000
711,1,1,4.000000,0.000000,0.500000
712,1,1,4.000000,0.000000,0.500000
713,1,1,5.000000,0.400000,0.500000
714,1,1,5.000000,0.400000,0.500000
715,1,1,5.000000,0.400000,0.500000
716,0,0,11.000000,1.000000,0.500000
717,1,1,5.000000,0.400000,0.500000
718,1,1,4.000000,0.000000,0.500000
719,1,1,6.000000,0.700000,0.500000
720,1,1,5.000000,0.400000,0.500000
721,1,1,4.000000,0.000000,0.500000
722,1,1,4.000000,0.000000,0.500000
723,1,1,4.000000,0.000000,0.500000
724,1,1,5.000000,0.400000,0.500000
725,1,1,4.000000,0.000000,0.500000
726,1,1,5.000000,0.400000,0.500000
727,1,1,5.000000,0.400000,0.500000
728,1,1,4.000000,0.000000,0.500000
729,1,1,5.000000,0.400000,0.500000
730,1,1,8.000000,0.800000,0.500000
731,1,1,8.000000,0.600000,0.500000
732,1,1,5.000000,0.400000,0.500000
733,0,1,6.000000,0.700000,0.500000
734,1,1,4.000000,0.000000,0.500000
735,1,1,8.000000,0.600000,0.500000
736,1,1,6.000000,0.700000,0.500000
737,1,1,6.000000,0.700000,0.500000
738,1,1,10.000000,0.800000,0.500000
739,1,1,5.000000,0.400000,0.500000
740,1,1,5.000000,0.400000,0.500000
741,1,1,5.000000,0.400000,0.500000
742,1,1,4.000000,0.000000,0.500000
743,1,1,4.000000,0.000000,0.500000
744,1,1,5.000000,0.400000,0.500000
745,1,1,5.000000,0.400000,0.500000
746,1,1,6.000000,0.700000,0.500000
747,1,1,5.000000,0.400000,0.500000
748,1,1,5.000000,0.400000,0.500000
749,1,1,4.000000,0.000000,0.500000
750,1,1,5.000000,0.400000,0.500000
751,1,1,4.000000,0.000000,0.500000
752,1,1,4.000000,0.000000,0.500000
753,0,0,5.000000,0.400000,0.500000
754,1,1,5.000000,0.400000,0.500000
755,1,1,5.000000,0.400000,0.500000
756,0,0,5.000000,0.400000,0.500000
757,1,1,4.000000,0.000000,0.500000
758,0,0,10.000000,0.800000,0.500000
759,1,1,4.000000,0.000000,0.500000
760,1,1,7.000000,0.800000,0.500000
761,1,1,5.000000,0.400000,0.500000
762,1,1,5.000000,0.400000,0.500000
763,1,1,6.000000,0.700000,0.500000
764,1,1,13.000000,1.000000,0.500000
765,1,1,4.000000,0.000000,0.500000
766,1,1,5.000000,0.400000,0.500000
767,1,1,5.000000,0.400000,0.500000
768,1,1,4.000000,0.000000,0.500000
769,0,0,5.000000,0.400000,0.500000
770,0,1,6.000000,0.700000,0.500000
771,0,0,4.000000,0.000000,0.500000
772,1,1,4.000000,0.000000,0.500000
773,1,1,8.000000,0.600000,0.500000
774,0,1,9.000000,0.900000,0.500000
775,1,1,6.000000,0.700000,0.500000
776,1,1,5.000000,0.400000,0.500000
777,1,1,5.000000,0.400000,0.500000
778,1,1,5.000000,0.400000,0.500000
779,1,1,4.000000,0.000000,0.500000
780,1,1,5.000000,0.400000,0.500000
781,1,1,4.000000,0.000000,0.500000
782,0,1,7.000000,0.700000,0.500000
783,1,1,7.000000,0.700000,0.500000
784,1,1,6.000000,0.700000,0.500000
785,1,1,4.000000,0.000000,0.500000
786,1,1,4.000000,0.000000,0.500000
787,1,1,5.000000,0.400000,0.500000
788,1,1,7.000000,0.700000,0.500000
789,1,1,5.000000,0.400000,0.500000
790,1,1,8.000000,0.900000,0.500000
791,1,1,4.000000,0.000000,0.500000
792,1,1,4.000000,0.000000,0.500000
793,1,1,6.000000,0.700000,0.500000
794,0,1,6.000000,0.700000,0.500000
795,1,1,6.000000,0.700000,0.500000
796,1,1,5.000000,0.400000,0.500000
797,1,1,5.000000,0.400000,0.500000
798,1,1,5.000000,0.400000,0.500000
799,1,1,6.000000,0.700000,0.500000
800,0,1,8.000000,0.800000,0.500000
801,1,1,11.000000,0.900000,0.500000
802,1,1,4.000000,0.000000,0.500000
803,1,1,5.000000,0.400000,0.500000
804,1,1,4.000000,0.000000,0.500000
805,1,1,5.000000,0.400000,0.500000
806,0,0,9.000000,0.800000,0.500000
807,1,1,5.000000,0.400000,0.500000
808,1,1,4.000000,0.000000,0.500000
809,1,1,5.000000,0.400000,0.500000
810,1,1,5.000000,0.400000,0.500000
811,1,1,4.000000,0.000000,0.500000
812,0,1,5.000000,0.400000,0.500000
813,1,1,10.000000,0.900000,0.500000
814,1,1,4.000000,0.000000,0.500000
815,1,1,5.000000,0.400000,0.500000
816,0,0,10.000000,0.900000,0.500000
817,1,1,8.000000,0.800000,0.500000
818,1,1,10.000000,0.800000,0.500000
819,1,1,4.000000,0.000000,0.500000
820,0,1,12.000000,0.900000,0.500000
821,1,1,6.000000,0.700000,0.500000
822,0,1,5.000000,0.400000,0.500000
823,1,1,6.000000,0.700000,0.500000
824,1,1,6.000000,0.700000,0.500000
825,1,1,6.000000,0.700000,0.500000
826,1,1,5.000000,0.400000,0.500000
827,1,1,4.000000,0.000000,0.500000
828,1,1,4.000000,0.000000,0.500000
829,1,1,4.000000,0.000000,0.500000
830,1,1,4.000000,0.000000,0.500000
831,1,1,7.000000,0.700000,0.500000
832,1,1,5.000000,0.400000,0.500000
833,1,1,5.000000,0.400000,0.500000
834,1,1,4.000000,0.000000,0.500000
835,1,1,4.000000,0.000000,0.500000
836,1,1,4.000000,0.000000,0.500000
837,1,1,5.000000,0.400000,0.500000
838,1,1,4.000000,0.000000,0.500000
839,1,1,9.000000,0.900000,0.500000
840,1,1,4.000000,0.000000,0.500000
841,1,1,5.000000,0.400000,0.500000
842,1,1,6.000000,0.700000,0.500000
843,1,1,5.000000,0.400000,0.500000
844,1,1,4.000000,0.000000,0.500000
845,1,1,5.000000,0.400000,0.500000
846,1,1,5.000000,0.400000,0.500000
847,1,1,8.000000,0.600000,0.500000
848,1,1,6.000000,0.700000,0.500000
849,1,1,4.000000,0.000000,0.500000
850,1,1,5.000000,0.400000,0.500000
851,1,1,8.000000,0.900000,0.500000
852,1,1,4.000000,0.000000,0.500000
853,1,1,10.000000,0.900000,0.500000
854,1,1,10.000000,0.800000,0.500000
855,1,1,5.000000,0.400000,0.500000
856,1,1,5.000000,0.400000,0.500000
857,1,1,6.000000,0.700000,0.500000
858,1,1,7.000000,0.800000,0.500000
859,1,1,6.000000,0.700000,0.500000
860,1,1,9.000000,0.800000,0.500000
861,1,1,9.000000,0.900000,0.500000
862,1,1,10.000000,0.900000,0.500000
863,1,1,6.000000,0.700000,0.500000
864,1,1,5.000000,0.400000,0.500000
865,1,1,8.000000,0.900000,0.500000
866,1,1,5.000000,0.400000,0.500000
867,1,1,4.000000,0.000000,0.500000
868,1,0,10.000000,0.900000,0.500000
869,1,1,4.000000,0.000000,0.500000
870,1,1,7.000000,0.700000,0.500000
871,1,1,5.000000,0.400000,0.500000
872,1,1,7.000000,0.800000,0.500000
873,1,1,4.000000,0.000000,0.500000
874,1,1,4.000000,0.000000,0.500000
875,1,1,4.000000,0.000000,0.500000
876,1,1,5.000000,0.400000,0.500000
877,1,1,4.000000,0.000000,0.500000
878,0,0,8.000000,0.800000,0.500000
879,1,1,12.000000,1.000000,0.500000
880,1,1,5.000000,0.400000,0.500000
881,1,1,4.000000,0.000000,0.500000
882,1,1,6.000000,0.700000,0.500000
883,1,1,6.000000,0.700000,0.500000
884,0,1,10.000000,0.900000,0.500000
885,1,1,5.000000,0.400000,0.500000
886,1,1,5.000000,0.400000,0.500000
887,1,1,4.000000,0.000000,0.500000
888,1,1,5.000000,0.400000,0.500000
889,1,1,8.000000,0.600000,0.500000
890,1,1,5.000000,0.400000,0.500000
891,1,1,8.000000,0.600000,0.500000
892,1,1,5.000000,0.400000,0.500000
893,0,0,10.000000,0.900000,0.500000
894,1,1,4.000000,0.000000,0.500000
895,1,1,4.000000,0.000000,0.500000
896,1,1,6.000000,0.700000,0.500000
897,1,1,6.000000,0.700000,0.500000
898,1,1,4.000000,0.000000,0.500000
899,1,1,5.000000,0.400000,0.500000
900,1,1,5.000000,0.400000,0.500000
901,0,0,8.000000,0.800000,0.500000
902,1,1,5.000000,0.400000,0.500000
903,1,1,4.000000,0.000000,0.500000
904,1,1,8.000000,0.600000,0.500000
905,1,1,5.000000,0.400000,0.500000
906,0,0,10.000000,0.900000,0.500000
907,1,1,4.000000,0.000000,0.500000
908,1,1,11.000000,0.900000,0.500000
909,1,1,7.000000,0.800000,0.500000
910,1,1,6.000000,0.700000,0.500000
911,1,1,4.000000,0.000000,0.500000
912,1,1,4.000000,0.000000,0.500000
913,0,0,4.000000,0.000000,0.500000
914,1,1,12.000000,0.900000,0.500000
915,1,1,4.000000,0.000000,0.500000
916,1,1,5.000000,0.400000,0.500000
917,1,1,6.000000,0.700000,0.500000
918,1,1,9.000000,0.900000,0.500000
919,1,1,4.000000,0.000000,0.500000
920,1,1,8.000000,0.800000,0.500000
921,1,1,5.000000,0.400000,0.500000
922,1,1,4.000000,0.000000,0.500000
923,1,1,8.000000,0.600000,0.500000
924,1,1,13.000000,1.000000,0.500000
925,1,1,4.000000,0.000000,0.500000
926,1,1,6.000000,0.700000,0.500000
927,1,1,5.000000,0.400000,0.500000
928,1,1,4.000000,0.000000,0.500000
929,1,1,5.000000,0.400000,0.500000
930,1,1,9.000000,0.900000,0.500000
931,1,1,4.000000,0.000000,0.500000
932,0,0,4.000000,0.000000,0.500000
933,1,1,10.000000,0.900000,0.500000
934,1,1,6.000000,0.700000,0.500000
935,1,1,7.000000,0.700000,0.500000
936,1,1,4.000000,0.000000,0.500000
937,1,1,9.000000,0.700000,0.500000
938,1,1,4.000000,0.000000,0.500000
939,1,1,7.000000,0.800000,0.500000
940,1,1,4.000000,0.000000,0.500000
941,0,0,4.000000,0.000000,0.500000
942,1,1,5.000000,0.400000,0.500000
943,1,1,4.000000,0.000000,0.500000
944,1,1,8.000000,0.600000,0.500000
945,1,1,5.000000,0.400000,0.500000
946,1,1,4.000000,0.000000,0.500000
947,1,1,4.000000,0.000000,0.500000
948,1,1,5.000000,0.400000,0.500000
949,1,1,8.000000,0.800000,0.500000
950,1,1,7.000000,0.800000,0.500000
951,1,1,6.000000,0.700000,0.500000
952,1,1,10.000000,0.700000,0.500000
953,1,1,6.000000,0.700000,0.500000
954,1,1,4.000000,0.000000,0.500000
955,1,1,4.000000,0.000000,0.500000
956,0,0,5.000000,0.400000,0.500000
957,1,1,6.000000,0.700000,0.500000
958,1,1,4.000000,0.000000,0.500000
959,1,1,4.000000,0.000000,0.500000
960,1,1,13.000000,0.900000,0.500000
961,1,1,5.000000,0.400000,0.500000
962,1,1,9.000000,0.800000,0.500000
963,1,1,9.000000,0.900000,0.500000
964,1,1,10.000000,0.700000,0.500000
965,1,1,4.000000,0.000000,0.500000
966,1,1,4.000000,0.000000,0.500000
967,1,1,4.000000,0.000000,0.500000
968,1,1,4.000000,0.000000,0.500000
969,1,1,5.000000,0.400000,0.500000
970,1,1,8.000000,0.600000,0.500000
971,1,1,4.000000,0.000000,0.500000
972,0,0,4.000000,0.000000,0.500000
973,1,1,5.000000,0.400000,0.500000
974,1,1,6.000000,0.700000,0.500000
975,1,1,4.000000,0.000000,0.500000
976,1,1,5.000000,0.400000,0.500000
977,1,1,10.000000,0.800000,0.500000
978,1,1,10.000000,0.900000,0.500000
979,0,1,7.000000,0.800000,0.500000
980,1,1,5.000000,0.400000,0.500000
981,1,1,7.000000,0.700000,0.500000
982,0,0,4.000000,0.000000,0.500000
983,0,0,5.000000,0.400000,0.500000
984,1,1,7.000000,0.800000,0.500000
985,1,1,4.000000,0.000000,0.500000
986,1,1,10.000000,0.800000,0.500000
987,1,1,4.000000,0.000000,0.500000
988,0,0,4.000000,0.000000,0.500000
989,1,1,5.000000,0.400000,0.500000
990,0,0,7.000000,0.800000,0.500000
991,1,1,9.000000,0.900000,0.500000
992,1,1,5.000000,0.400000,0.500000
993,1,1,5.000000,0.400000,0.500000
994,0,0,4.000000,0.000000,0.500000
995,1,1,5.000000,0.400000,0.500000
996,1,1,7.000000,0.800000,0.500000
997,1,1,8.000000,0.800000,0.500000
998,1,1,5.000000,0.400000,0.500000
999,0,0,5.000000,0.400000,0.500000
WorkerID,Gamma,TrueGamma
416,0.389467,0.603811
726,0.492092,0.598589
585,0.489786,1.091215
695,0.644473,1.609504
500,0.495392,0.729316
911,0.508476,1.169901
577,0.454750,2.215542
852,0.383532,0.739266
66,0.428535,0.454014
529,0.500636,0.875584
904,0.512019,2.289277
793,0.425399,1.983470
479,0.452807,2.120034
165,0.426860,1.474409
406,0.462506,0.239788
164,0.416037,0.488303
434,0.419680,0.447759
295,0.455149,0.651800
237,0.415366,0.535025
274,0.458253,2.140179
385,0.424558,1.611787
733,0.388184,1.260216
649,0.421954,0.984544
83,0.401128,0.816391
901,0.502428,0.657731
169,0.412159,0.783970
951,0.421874,0.481691
627,0.424321,1.280870
914,0.440034,0.831463
688,0.484844,1.321843
643,0.599156,1.593921
371,0.446297,2.468548
778,0.463638,1.343439
860,0.432257,0.426864
619,0.504053,0.667967
184,0.493161,2.721579
159,0.427440,0.872652
896,0.421486,1.198733
335,0.451719,1.053865
651,0.448635,1.026312
367,0.592291,0.860759
277,0.483666,1.320263
454,0.408810,0.910639
466,0.495417,2.084929
7,0.478373,0.744468
41,0.507266,0.818959
879,0.421204,1.163172
563,0.411267,0.754429
180,0.470205,1.388778
900,0.446992,0.655904
847,0.501259,2.073201
125,0.400986,0.884107
721,0.514565,0.839310
715,0.512837,1.080282
732,0.483126,0.928203
853,0.397747,0.413880
810,0.501775,0.591920
927,0.503812,1.326401
409,0.527654,2.141850
69,0.610492,0.734275
140,0.543723,2.004492
412,0.660676,1.317363
93,0.477722,1.387870
725,0.490084,1.200141
366,0.399915,0.381459
113,0.496752,0.827687
346,0.621761,2.083072
943,0.471951,1.728297
625,0.392939,0.367686
549,0.455773,0.440538
9,0.556014,0.934300
851,0.530548,1.033173
764,0.474056,1.099454
646,0.398777,0.975502
30,0.411918,0.728901
876,0.395232,1.405201
38,0.544758,0.434028
906,0.475774,1.049685
155,0.498103,0.885715
43,0.396084,1.118689
705,0.539565,0.789457
741,0.525266,1.465067
26,0.630078,1.308389
206,0.433825,0.927820
668,0.402698,0.979607
842,0.508083,1.577734
885,0.455039,0.998352
388,0.455394,0.849493
843,0.481660,1.259439
348,0.434657,0.350180
149,0.395334,1.271975
923,0.389188,1.525799
667,0.440989,0.306375
815,0.541326,0.788170
25,0.431347,0.647302
287,0.544396,1.385209
612,0.563141,1.480982
613,0.393571,0.798044
844,0.489425,0.788245
417,0.482361,0.878004
957,0.474740,1.303970
391,0.435720,1.589381
988,0.610149,2.122945
857,0.425119,0.903551
737,0.474547,1.154737
746,0.366927,0.600587
89,0.521421,0.415991
251,0.463895,0.490242
572,0.511664,1.585535
997,0.522518,0.488746
690,0.474783,1.519187
131,0.526619,2.418382
288,0.491129,0.762438
340,0.426396,1.272223
601,0.460862,0.872967
767,0.473595,1.641653
976,0.425273,0.903551
256,0.525130,1.628894
361,0.540593,3.035083
884,0.485223,1.298675
945,0.474833,0.934838
564,0.446737,0.469729
929,0.470910,0.369912
314,0.637902,2.094250
786,0.482795,0.846927
944,0.601324,1.090571
99,0.486027,0.774081
435,0.464282,0.722555
831,0.398908,0.434668
569,0.398383,0.992050
432,0.584064,1.965672
757,0.492449,0.722755
154,0.397629,1.714007
54,0.412503,0.490338
630,0.406397,0.574083
608,0.391570,0.777103
350,0.464182,2.496816
854,0.422638,0.854315
824,0.496490,2.069217
990,0.632031,1.475357
233,0.413499,1.947464
386,0.530922,0.391313
657,0.465094,0.848523
659,0.512309,2.331200
821,0.421108,1.237499
950,0.426739,2.017207
973,0.541169,1.444353
975,0.419406,2.104278
414,0.404249,2.149861
779,0.595678,1.724884
552,0.478716,2.829828
717,0.429552,0.974881
452,0.465789,0.439917
994,0.498066,1.282069
700,0.532310,0.982199
755,0.656487,0.751699
641,0.482036,0.464397
567,0.431100,0.352867
698,0.775920,0.890883
267,0.437517,0.700682
830,0.379460,0.379145
71,0.519577,0.516221
91,0.449520,0.636547
937,0.660400,1.691704
637,0.497900,0.476902
783,0.508825,3.119225
379,0.682814,1.488917
891,0.536600,0.745832
841,0.422535,0.289633
614,0.643760,1.973351
544,0.466905,1.094485
648,0.497922,1.592958
312,0.476566,0.917885
915,0.563015,0.259755
482,0.525350,0.819944
151,0.405297,0.972157
273,0.445013,0.684044
622,0.429517,0.432848
497,0.553538,1.591369
618,0.474708,1.286706
84,0.602531,1.120882
266,0.527842,0.844469
109,0.467066,2.112934
166,0.569645,2.120016
342,0.461978,1.121457
527,0.412742,1.460787
215,0.511636,1.859944
523,0.588780,1.834136
696,0.447530,1.094793
290,0.390194,1.616281
710,0.474353,0.884549
188,0.500591,1.459681
315,0.537450,1.120571
415,0.502057,0.874596
521,0.355635,1.530329
418,0.540130,0.516803
687,0.545648,1.410132
33,0.449832,1.317283
225,0.476619,1.810111
203,0.422687,1.286938
199,0.571206,0.997903
727,0.476266,1.153257
782,0.630613,3.320639
209,0.568011,1.449152
14,0.437114,0.994950
519,0.388486,0.616349
94,0.447597,0.768467
967,0.390746,0.433309
509,0.441782,1.681734
986,0.730755,1.678251
88,0.450290,1.279241
941,0.442019,0.920909
351,0.428164,1.248061
633,0.409955,1.235503
984,0.461370,1.381777
78,0.504497,1.100726
157,0.398087,0.579657
676,0.564566,1.083099
886,0.589920,0.964292
593,0.457658,0.599665
820,0.410020,0.622673
661,0.487467,0.945598
629,0.607054,0.960675
458,0.509220,1.518648
469,0.494548,0.955339
57,0.413806,1.155949
662,0.420953,1.279194
910,0.599879,1.559642
465,0.475163,0.515404
230,0.418647,0.527169
108,0.610292,1.424837
85,0.427281,3.888110
839,0.455240,0.673865
339,0.572326,1.181349
17,0.548585,0.756633
201,0.379669,2.335576
148,0.394562,0.107603
632,0.376064,1.195515
402,0.607542,2.058155
673,0.546418,0.941012
561,0.462877,0.968361
77,0.388727,0.791912
952,0.407508,1.688480
864,0.425337,1.961299
308,0.495312,1.366978
421,0.488537,1.789848
655,0.484281,0.810961
758,0.453516,0.897870
111,0.389877,0.593315
525,0.424301,1.323620
345,0.437744,1.798510
795,0.666834,2.354849
191,0.533993,1.275269
916,0.635201,1.579181
776,0.434474,0.709684
221,0.403590,0.577549
907,0.453717,0.762369
987,0.463983,0.857562
913,0.406667,0.225468
1,0.454151,0.831918
670,0.401400,0.491666
332,0.457514,1.297060
344,0.640533,1.338601
271,0.517598,2.484291
305,0.560888,1.574437
147,0.436059,0.799751
238,0.493342,1.480775
770,0.432477,1.257735
107,0.554660,2.207263
464,0.412599,0.988190
193,0.471500,1.672292
242,0.376864,1.271435
580,0.577754,1.000291
259,0.513150,1.802922
11,0.474808,2.294608
8,0.442209,2.054827
491,0.518129,0.636506
822,0.597160,0.719632
680,0.431456,0.943388
814,0.718108,1.552614
559,0.347339,1.610699
153,0.465429,0.892972
323,0.566120,1.092294
664,0.505722,1.996854
838,0.561471,1.525286
408,0.446432,1.574597
428,0.385620,0.693363
442,0.620776,0.666493
398,0.360767,0.668930
146,0.399855,1.005619
977,0.466015,0.712026
713,0.484844,1.527136
235,0.436231,1.210864
877,0.454790,0.690556
703,0.486115,0.515955
413,0.418300,0.745984
347,0.469954,1.551548
955,0.411945,0.823610
403,0.362263,0.931885
870,0.589776,1.319344
660,0.446555,0.495365
558,0.573168,2.178966
672,0.466234,1.112307
488,0.471404,1.061905
42,0.458916,0.547743
161,0.539332,1.528274
62,0.510715,1.092267
268,0.534072,1.263656
410,0.407621,0.541002
343,0.429582,0.691391
785,0.466447,0.538785
422,0.458278,1.053770
362,0.446228,1.805915
490,0.494252,1.922765
227,0.464275,0.889903
992,0.441453,1.030803
606,0.466275,0.779311
186,0.668326,0.787809
260,0.594153,1.661503
300,0.507869,0.360508
269,0.534845,1.645317
540,0.530769,0.530642
32,0.624889,0.815880
575,0.628753,1.263418
444,0.529686,1.801951
874,0.536442,1.729675
101,0.452357,0.896516
450,0.587595,1.612629
763,0.540856,1.696181
837,0.551445,1.546580
887,0.589568,1.223484
121,0.450230,1.074894
502,0.447722,0.191540
954,0.514153,0.884121
615,0.463040,1.757536
759,0.539080,3.260977
253,0.629678,1.625500
86,0.501077,1.306024
200,0.468025,0.952434
694,0.484143,1.169442
581,0.468665,0.792226
294,0.458425,1.510397
65,0.459621,0.760231
669,0.563545,1.297817
495,0.707286,1.836000
249,0.747465,1.656493
103,0.561882,0.459866
306,0.513528,0.361825
840,0.578757,1.253545
890,0.466227,1.052205
756,0.545002,0.867422
514,0.480920,0.933140
328,0.592360,1.131926
244,0.494124,0.821443
79,0.467298,1.295200
996,0.497043,1.268988
425,0.568869,0.521592
850,0.580870,0.390144
716,0.537724,1.739310
22,0.699821,0.819200
919,0.493478,2.102900
610,0.545049,1.248266
999,0.470063,1.508811
74,0.541695,1.033751
961,0.443279,0.858373
396,0.469926,1.755566
202,0.503756,1.060569
689,0.483836,1.495074
600,0.485254,0.546980
553,0.518972,0.923472
128,0.559992,1.936640
709,0.512213,1.227022
222,0.468537,1.322558
411,0.493423,0.300595
211,0.482868,0.310043
310,0.565541,0.946442
730,0.525654,0.645689
392,0.502293,1.539789
179,0.542105,1.561828
114,0.463359,1.707157
173,0.652492,1.821216
196,0.670891,1.062418
39,0.462159,0.222750
754,0.698939,0.786656
407,0.541393,1.120502
766,0.490447,1.272218
568,0.651993,1.879835
352,0.684699,1.722693
232,0.525720,0.567234
691,0.584184,1.056565
624,0.547829,0.374182
742,0.463157,0.269903
588,0.565484,0.404371
702,0.545467,0.819982
980,0.530810,1.183794
122,0.692341,0.464909
769,0.554220,0.780146
791,0.485515,1.127571
13,0.552088,1.267681
387,0.557435,1.194077
983,0.496746,0.552600
359,0.554438,1.710684
812,0.614551,1.055347
972,0.516726,0.538086
892,0.474269,0.809371
965,0.612595,0.998465
447,0.622204,1.950029
708,0.551846,1.867294
590,0.649764,0.989166
685,0.603369,1.204677
34,0.552538,1.365397
278,0.491246,1.872473
719,0.575050,1.300948
102,0.560530,0.458025
317,0.598644,1.036276
160,0.506480,1.078552
809,0.479491,1.431545
802,0.581081,0.874213
106,0.552798,0.980586
817,0.625303,0.472060
449,0.593884,1.162446
869,0.528100,2.054613
546,0.471684,0.844303
372,0.559387,0.777530
50,0.517972,0.272840
507,0.670952,3.038766
369,0.651379,1.326547
280,0.558494,1.241687
10,0.470317,0.506795
867,0.478357,1.152863
948,0.487147,1.594708
666,0.557337,0.602100
768,0.504562,1.433951
861,0.705346,2.545600
302,0.467309,0.503553
790,0.533816,0.550025
116,0.556870,1.179370
873,0.536275,1.508077
28,0.505850,0.758501
261,0.538260,0.794462
939,0.518417,0.776955
493,0.533469,1.546962
798,0.545611,0.684761
962,0.457052,0.488074
949,0.485726,0.490434
550,0.541919,1.591074
866,0.587345,0.991636
573,0.553294,1.102527
526,0.693915,1.454445
671,0.468990,1.247578
356,0.465076,1.515924
80,0.557152,1.174223
37,0.609097,1.989436
602,0.539995,1.061894
616,0.650211,1.900718
381,0.508007,0.709283
31,0.585834,1.530149
241,0.454984,0.824109
304,0.706846,3.674873
522,0.608225,1.906226
940,0.488301,1.011984
902,0.528641,1.178985
189,0.582364,0.470522
855,0.586928,1.752720
833,0.499947,1.877933
139,0.445586,1.129956
516,0.519946,0.552887
750,0.456147,0.937567
743,0.557697,0.625584
828,0.480528,1.022938
803,0.487361,0.222414
883,0.539666,0.718151
223,0.539857,1.651374
46,0.626881,0.868724
150,0.532935,1.788721
181,0.769662,2.659356
692,0.668665,1.196446
279,0.678597,1.983348
401,0.531497,2.154548
92,0.466026,0.477006
587,0.499059,0.949003
582,0.550570,2.496186
178,0.578761,1.123368
484,0.670344,2.460483
473,0.595885,1.351332
545,0.460043,0.638926
894,0.669370,0.627385
804,0.603829,1.631733
334,0.554819,0.833838
187,0.471722,1.877877
456,0.465948,1.410775
683,0.536853,1.296221
380,0.505593,0.792378
210,0.607955,1.019823
658,0.490943,1.184139
51,0.562371,2.536628
595,0.503857,0.601940
903,0.582044,1.279127
645,0.483210,0.444094
745,0.662945,3.028675
574,0.483977,1.812331
982,0.778464,2.109683
375,0.489780,0.206348
297,0.485412,0.853290
368,0.398765,0.614718
882,0.434685,0.780363
665,0.471602,0.567853
48,0.571927,1.864914
336,0.595873,1.214121
898,0.540305,2.137288
105,0.509047,2.556124
212,0.496548,0.596026
327,0.530040,1.299017
60,0.531579,1.273609
936,0.636604,1.370618
3,0.490558,1.065351
298,0.588904,1.619966
760,0.548802,0.829438
635,0.552674,1.404162
699,0.418050,1.761820
338,0.524064,1.370408
167,0.555208,1.575826
686,0.533052,1.538628
168,0.650466,0.709137
27,0.585659,2.264042
784,0.584296,0.205252
925,0.490586,0.661467
787,0.501782,1.281396
556,0.483930,0.991986
257,0.561893,1.358978
118,0.512254,0.142442
775,0.464483,2.533734
36,0.476090,0.543753
59,0.529719,1.067360
981,0.589646,0.780092
938,0.542066,0.469162
481,0.500491,3.173114
289,0.541218,1.661902
141,0.482188,0.915466
440,0.592253,0.245884
679,0.557573,0.906680
138,0.524686,0.747728
217,0.581209,0.795846
934,0.585600,0.334376
474,0.584815,1.533479
535,0.504756,1.212892
142,0.551621,1.495143
423,0.638430,1.180825
772,0.570833,1.706348
510,0.417557,0.909985
799,0.563238,0.908155
365,0.609559,1.635312
547,0.678523,0.931337
436,0.623375,0.618415
794,0.610791,1.844825
868,0.559048,0.872317
871,0.622116,1.309065
255,0.536994,0.507494
174,0.441019,0.537266
286,0.462202,0.665735
517,0.640544,1.738883
863,0.525930,1.192081
21,0.476376,0.981627
753,0.477872,1.421214
991,0.702668,1.538447
722,0.551952,1.596659
634,0.575440,1.737897
405,0.513119,0.974623
501,0.476488,0.801020
704,0.464621,1.003941
752,0.578350,1.499645
185,0.565323,1.154884
684,0.670567,0.875591
349,0.524760,1.377361
47,0.541684,1.418719
748,0.538652,1.247165
219,0.547003,1.516698
524,0.593935,1.110492
67,0.495700,0.758328
859,0.431304,0.745453
605,0.478506,0.255581
208,0.546787,1.142193
560,0.548903,1.506380
112,0.503704,0.538221
599,0.648053,1.738405
198,0.538342,2.359091
137,0.511702,2.479630
492,0.636637,1.579006
460,0.503391,1.114994
316,0.473363,0.907641
513,0.479408,1.022644
285,0.525941,1.543025
505,0.718693,2.204914
735,0.562423,0.978727
55,0.469693,0.449351
276,0.512672,0.405437
73,0.647284,1.744527
58,0.465729,0.816159
826,0.547024,0.417654
229,0.560840,1.625515
832,0.519590,1.043922
158,0.607100,2.786333
895,0.647889,0.997037
263,0.555239,1.266980
969,0.453080,0.469121
468,0.481930,0.917638
736,0.502744,2.011080
455,0.542237,1.256810
87,0.460787,0.631751
714,0.596115,1.268573
177,0.507415,0.790940
119,0.608958,1.484476
781,0.496545,1.024629
163,0.490036,1.152282
583,0.540534,0.528666
542,0.532887,1.208282
899,0.473926,1.495666
325,0.500425,1.418497
373,0.470083,0.610122
480,0.537560,1.498139
979,0.624757,0.857746
607,0.538714,1.077472
272,0.484608,1.145678
301,0.476674,0.906148
579,0.655543,1.132325
363,0.591933,0.519580
19,0.625794,0.525206
808,0.530676,0.888369
446,0.668595,0.542498
829,0.617536,1.802451
393,0.690864,1.463225
311,0.632495,1.568655
18,0.502141,0.476223
956,0.626075,0.689237
2,0.602891,1.769609
20,0.654429,1.481015
989,0.612113,1.044370
470,0.674731,1.818717
12,0.568165,2.061351
370,0.532616,0.658999
68,0.516272,0.772984
90,0.665857,1.205182
678,0.595221,0.628493
958,0.526560,0.306275
744,0.555373,1.046389
985,0.530297,1.600313
930,0.515666,2.446263
701,0.623281,0.901122
603,0.557430,1.124483
508,0.656678,1.346822
4,0.539648,0.741513
964,0.573186,1.338937
819,0.774663,1.209997
483,0.627205,1.661033
811,0.666247,1.809419
638,0.580028,0.881345
485,0.563725,1.030769
586,0.627851,0.747081
98,0.532785,0.717727
825,0.558269,1.224283
506,0.578768,0.456819
503,0.672944,0.669026
836,0.624120,0.990335
644,0.545211,0.609486
175,0.571392,0.669360
262,0.549846,0.698083
565,0.627208,0.525511
134,0.645348,0.921624
905,0.695579,1.563527
309,0.743871,1.185081
620,0.683996,1.137402
494,0.614553,1.098895
827,0.665722,2.060286
723,0.682897,2.002408
597,0.578117,0.474833
395,0.640486,1.096840
24,0.561098,0.661036
681,0.674840,2.696487
512,0.635976,1.374548
801,0.727515,1.831562
533,0.631611,0.468646
846,0.595680,1.731115
872,0.680472,0.780789
639,0.610306,1.072289
621,0.679847,1.471523
384,0.673491,0.831052
528,0.604638,0.446900
438,0.562711,0.613069
739,0.587845,1.350738
252,0.599290,1.179452
747,0.729882,0.910426
130,0.632417,0.631307
555,0.656397,1.016496
275,0.541252,0.461963
917,0.571643,0.514844
457,0.738623,1.658275
875,0.532300,0.821547
707,0.722862,1.350848
448,0.649150,1.239580
424,0.616587,0.982182
674,0.684085,1.937266
145,0.637773,1.412522
935,0.531675,0.893864
322,0.678377,1.293015
675,0.724709,0.679908
922,0.611814,1.606832
329,0.677215,2.197680
805,0.591057,0.561501
539,0.579253,0.624534
576,0.833950,2.068872
626,0.740928,1.228245
848,0.901387,1.878827
156,0.569533,1.033392
578,0.662676,3.571470
865,0.659525,1.056134
636,0.593745,1.285648
44,0.645740,1.201064
355,0.611677,0.931643
478,0.543532,2.279062
430,0.666875,1.549134
433,0.570592,0.576961
29,0.547532,0.895381
176,0.629731,1.233040
631,0.585858,2.639446
333,0.603403,2.542083
971,0.628640,1.385199
773,0.739964,1.295253
15,0.676640,2.181559
16,0.746548,2.396053
192,0.597579,0.762090
816,0.696606,1.106836
598,0.575024,2.214628
126,0.666277,2.008116
245,0.589896,1.137550
959,0.559448,0.507519
40,0.598372,1.600307
998,0.699689,1.535706
313,0.603685,0.852673
303,0.720893,2.220698
197,0.688772,1.364321
543,0.561315,0.788615
554,0.557122,0.606938
792,0.689104,0.687194
653,0.687801,1.766869
296,0.666266,1.813865
236,0.617245,2.308695
728,0.590623,1.412638
258,0.657813,1.257507
194,0.716355,1.041853
6,0.652872,1.516044
218,0.566096,0.272334
475,0.538535,0.540732
463,0.590186,1.073363
123,0.533323,2.212395
182,0.697757,1.712466
897,0.713171,1.609097
162,0.664061,1.099090
127,0.720189,0.791470
774,0.546038,1.040725
557,0.766576,2.092263
711,0.581879,0.954228
548,0.647499,1.976519
908,0.516548,0.204186
862,0.562373,1.457901
751,0.650836,1.902711
124,0.650450,0.619417
720,0.559650,1.207746
856,0.633620,1.394166
443,0.740797,1.787902
765,0.614499,1.162617
706,0.521037,0.640648
960,0.606456,0.909455
205,0.706253,1.088474
571,0.696728,1.091551
135,0.762411,2.037236
520,0.614491,1.404041
740,0.750149,1.363141
570,0.797271,2.192948
487,0.659808,1.803556
353,0.676012,1.528467
250,0.629335,0.212515
970,0.686726,0.786769
511,0.527516,1.439576
504,0.601943,1.663961
777,0.525239,0.904339
354,0.606930,1.145840
420,0.704664,1.569602
880,0.626617,0.922848
918,0.624567,0.696976
640,0.660411,0.952099
213,0.603664,0.395220
537,0.561615,2.074919
96,0.641280,1.060904
963,0.754226,2.815638
515,0.704035,0.655725
246,0.776930,0.995677
518,0.831196,2.101964
331,0.600779,0.829387
53,0.649213,2.530244
978,0.570269,4.183775
265,0.554173,1.171663
431,0.730816,1.392476
968,0.928337,1.063999
584,0.589270,1.867277
319,0.669504,0.689563
394,0.586063,1.507166
399,0.715481,1.273825
5,0.618786,0.307512
216,0.778262,1.825074
357,0.864612,2.327803
677,0.687859,0.410836
995,0.787417,0.964720
307,0.641610,1.147598
374,0.738443,0.798565
75,0.570208,0.694045
888,0.621130,0.519945
143,0.726256,0.541122
806,0.714450,1.038297
712,0.612679,1.190772
378,0.614330,0.942667
835,0.589743,2.458494
656,0.623141,1.106033
226,0.591800,2.124763
663,0.738984,2.320986
224,0.563345,0.655116
190,0.494830,0.826688
52,0.705246,0.882941
110,0.615454,1.550760
647,0.569779,1.329238
498,0.656535,1.560645
427,0.611053,0.963365
390,0.777282,1.483274
136,0.781092,2.079686
611,0.742112,1.014072
283,0.621366,1.782178
800,0.605001,0.809389
477,0.614536,1.343370
813,0.729565,1.148168
617,0.601470,0.922148
144,0.621962,1.742757
650,0.807766,1.343000
404,0.722926,1.728471
933,0.649039,2.745360
170,0.690772,1.053042
789,0.647718,1.143287
282,0.651887,1.446291
594,0.614062,2.183642
324,0.653437,0.567981
592,0.705859,1.516236
220,0.721514,1.520767
207,0.672342,1.036507
642,0.674001,0.970713
133,0.617701,0.299482
947,0.570422,1.183071
228,0.637219,1.698929
293,0.600735,1.070670
531,0.586107,0.887475
797,0.669404,0.492896
61,0.577320,0.712529
604,0.843282,2.814886
471,0.695926,1.718214
562,0.672983,0.676968
472,0.577169,1.399645
536,0.607683,1.303125
397,0.628946,0.863494
183,0.635236,2.188374
921,0.628757,1.039291
609,0.650014,1.553343
76,0.681641,1.065285
878,0.686466,1.728760
70,0.623236,1.151382
693,0.586066,0.854956
734,0.619549,0.870834
467,0.674967,1.369398
49,0.619959,1.930309
931,0.637373,1.156331
499,0.572050,1.021831
104,0.750225,0.816387
100,0.695128,1.572841
628,0.785520,1.829827
81,0.591323,1.031184
97,0.512595,1.242083
496,0.672687,1.078594
376,0.675573,2.767380
214,0.623553,0.730021
818,0.751481,0.429112
56,0.790225,1.877960
445,0.788841,1.927733
231,0.752962,2.313610
63,0.703566,0.567131
534,0.711910,2.348706
360,0.674513,0.447257
889,0.672120,1.145840
341,0.724692,1.298354
591,0.770944,3.205345
320,0.759947,1.841646
117,0.680011,1.068084
451,0.746058,0.478663
95,0.730701,1.386747
318,0.647508,1.280017
834,0.641131,1.506021
64,0.762422,0.930895
284,0.612910,0.723603
849,0.634399,1.393875
35,0.625154,1.028525
240,0.734520,1.760441
82,0.627981,0.995651
966,0.730054,0.872936
171,0.802569,0.701220
23,0.635780,1.511400
172,0.722997,1.189842
788,0.693001,3.362766
462,0.659346,1.055584
823,0.584065,0.502668
264,0.738436,0.685394
234,0.725955,1.076042
538,0.780340,0.904902
489,0.638054,0.981423
796,0.701460,2.167610
807,0.842849,2.698576
566,0.747159,2.215581
729,0.576256,0.915001
299,0.737917,1.188795
239,0.794206,1.675008
377,0.572112,0.637531
72,0.840774,1.068089
453,0.644162,1.474735
486,0.699807,1.474963
762,0.714676,0.856183
281,0.711284,1.100035
596,0.641217,1.109976
419,0.663375,0.595958
270,0.827728,2.449049
195,0.734369,1.055230
330,0.657760,1.703951
909,0.662913,0.986436
129,0.906461,1.039862
881,0.694995,0.248861
204,0.637949,0.744628
652,0.810176,0.791601
321,0.725381,1.855165
426,0.547448,1.283673
541,0.686245,0.939316
993,0.715464,3.026662
761,0.936548,1.586245
749,0.654507,0.664628
115,0.632551,1.477526
132,0.657455,2.079801
731,0.883151,1.779486
654,0.634331,1.008496
920,0.715673,1.024471
120,0.588122,1.786185
337,0.732229,0.844217
893,0.758463,1.353900
928,0.769341,0.512710
738,0.774545,1.948628
382,0.723005,1.169908
45,0.787899,2.912709
718,0.595863,1.335473
383,0.736031,1.338859
912,0.605433,0.180486
461,0.643442,0.932225
152,0.633770,1.552991
724,0.723429,0.709015
0,0.833672,1.490108
437,0.701629,0.130868
358,0.718108,0.997308
623,0.719791,1.125453
254,0.709139,1.183461
291,0.712108,1.970262
400,0.712104,1.257374
243,0.847280,1.088037
589,0.761152,0.769394
439,0.793746,0.793266
389,0.885716,1.414439
946,0.705800,0.829232
248,0.618466,0.934438
845,0.727185,0.832896
551,0.702543,1.726892
247,0.845580,0.730781
926,0.755039,1.085254
942,0.716603,0.604140
780,0.914950,3.014912
441,0.706323,0.772866
530,0.832575,0.413080
292,0.775465,1.544990
924,0.858146,0.996116
429,0.637834,2.298231
364,0.730781,2.483105
932,0.739798,0.462640
532,0.693704,0.415187
697,0.654845,0.717333
682,0.753593,0.793187
771,0.788822,0.402041
459,0.704811,1.717502
974,0.797780,0.917474
Average Cost: 5.751000
Accuracy: 95.200000
Accuracy 0: 100.000000
Cost 0: 4.000000
Accuracy 1: 100.000000
Cost 1: 4.000000
Accuracy 2: 100.000000
Cost 2: 4.000000
Accuracy 3: 100.000000
Cost 3: 4.000000
Accuracy 4: 100.000000
Cost 4: 4.000000
Accuracy 5: 100.000000
Cost 5: 4.000000
Accuracy 6: 100.000000
Cost 6: 4.000000
Accuracy 7: 100.000000
Cost 7: 4.000000
Accuracy 8: 100.000000
Cost 8: 4.000000
Accuracy 9: 100.000000
Cost 9: 4.000000
