Number of Worker Pools: 1
Number of Workers in Pool 1: 1000
Original mean,standardDev for Pool 1: 4.000000,0.300000
Number of Workers in Pool 2: 1000
Original mean,standardDev for Pool 2: 3.500000,0.200000
Number of Problems: 1000
ProblemNo,Answer,TrueAnswer,Cost,Difficulty,TrueDifficulty
0,1,1,21.000000,0.700000,0.500000
1,0,0,14.000000,0.600000,0.500000
2,1,1,13.000000,0.500000,0.500000
3,1,1,14.000000,0.700000,0.500000
4,1,1,10.000000,0.000000,0.500000
5,1,1,12.000000,0.200000,0.500000
6,1,1,17.000000,0.800000,0.500000
7,1,1,13.000000,0.500000,0.500000
8,1,1,14.000000,0.700000,0.500000
9,1,1,16.000000,0.400000,0.500000
10,1,1,15.000000,0.700000,0.500000
11,1,1,10.000000,0.000000,0.500000
12,1,1,31.000000,0.900000,0.500000
13,1,1,19.000000,0.700000,0.500000
14,1,1,13.000000,0.500000,0.500000
15,1,1,13.000000,0.500000,0.500000
16,1,1,31.000000,0.900000,0.500000
17,1,1,13.000000,0.500000,0.500000
18,0,0,14.000000,0.600000,0.500000
19,1,1,17.000000,0.500000,0.500000
20,1,1,13.000000,0.500000,0.500000
21,1,1,13.000000,0.300000,0.500000
22,1,1,14.000000,0.600000,0.500000
23,1,1,12.000000,0.200000,0.500000
24,1,1,14.000000,0.800000,0.500000
25,1,1,18.000000,0.700000,0.500000
26,1,1,12.000000,0.200000,0.500000
27,1,1,13.000000,0.300000,0.500000
28,1,1,17.000000,0.500000,0.500000
29,1,1,14.000000,0.300000,0.500000
30,1,1,14.000000,0.400000,0.500000
31,1,1,14.000000,0.600000,0.500000
32,1,1,10.000000,0.000000,0.500000
33,1,1,10.000000,0.000000,0.500000
34,1,1,12.000000,0.200000,0.500000
35,1,1,17.000000,0.600000,0.500000
36,1,1,15.000000,0.600000,0.500000
37,1,1,25.000000,0.800000,0.500000
38,1,1,14.000000,0.600000,0.500000
39,1,1,17.000000,0.700000,0.500000
40,1,1,19.000000,0.800000,0.500000
41,1,1,14.000000,0.300000,0.500000
42,1,1,13.000000,0.500000,0.500000
43,1,1,15.000000,0.400000,0.500000
44,1,1,13.000000,0.300000,0.500000
45,0,0,12.000000,0.200000,0.500000
46,1,1,16.000000,0.700000,0.500000
47,1,1,14.000000,0.300000,0.500000
48,1,1,13.000000,0.500000,0.500000
49,1,1,15.000000,0.400000,0.500000
50,1,1,12.000000,0.200000,0.500000
51,1,1,17.000000,0.500000,0.500000
52,1,1,22.000000,0.700000,0.500000
53,1,1,15.000000,0.600000,0.500000
54,0,0,17.000000,0.700000,0.500000
55,1,1,22.000000,0.900000,0.500000
56,1,1,18.000000,0.800000,0.500000
57,1,1,12.000000,0.200000,0.500000
58,1,1,17.000000,0.700000,0.500000
59,1,1,16.000000,0.900000,0.500000
60,1,1,24.000000,0.700000,0.500000
61,1,1,17.000000,0.700000,0.500000
62,1,1,24.000000,0.900000,0.500000
63,1,1,17.000000,0.500000,0.500000
64,1,1,14.000000,0.600000,0.500000
65,1,1,14.000000,0.700000,0.500000
66,1,1,14.000000,0.600000,0.500000
67,1,1,18.000000,0.800000,0.500000
68,1,1,15.000000,0.400000,0.500000
69,1,1,16.000000,0.700000,0.500000
70,1,1,33.000000,0.900000,0.500000
71,1,1,13.000000,0.500000,0.500000
72,0,1,26.000000,0.900000,0.500000
73,1,1,15.000000,0.400000,0.500000
74,1,1,17.000000,0.700000,0.500000
75,1,1,14.000000,0.300000,0.500000
76,1,1,24.000000,0.900000,0.500000
77,1,1,16.000000,0.500000,0.500000
78,1,1,18.000000,0.500000,0.500000
79,1,1,21.000000,0.900000,0.500000
80,1,1,13.000000,0.300000,0.500000
81,1,1,13.000000,0.500000,0.500000
82,1,1,15.000000,0.400000,0.500000
83,1,1,19.000000,0.700000,0.500000
84,1,1,13.000000,0.500000,0.500000
85,1,1,17.000000,0.500000,0.500000
86,1,1,13.000000,0.500000,0.500000
87,1,1,15.000000,0.700000,0.500000
88,1,1,12.000000,0.200000,0.500000
89,1,1,13.000000,0.300000,0.500000
90,1,1,15.000000,0.400000,0.500000
91,1,1,18.000000,0.700000,0.500000
92,1,1,23.000000,0.800000,0.500000
93,1,1,13.000000,0.300000,0.500000
94,1,1,14.000000,0.600000,0.500000
95,1,1,14.000000,0.300000,0.500000
96,1,1,14.000000,0.600000,0.500000
97,1,1,16.000000,0.700000,0.500000
98,1,1,12.000000,0.200000,0.500000
99,1,1,14.000000,0.400000,0.500000
100,1,1,13.000000,0.300000,0.500000
101,1,1,15.000000,0.400000,0.500000
102,1,1,28.000000,1.000000,0.500000
103,1,1,14.000000,0.600000,0.500000
104,1,1,29.000000,0.900000,0.500000
105,1,1,29.000000,0.900000,0.500000
106,1,1,16.000000,0.700000,0.500000
107,1,1,13.000000,0.500000,0.500000
108,1,1,24.000000,0.900000,0.500000
109,1,1,30.000000,0.900000,0.500000
110,1,1,13.000000,0.500000,0.500000
111,1,1,10.000000,0.000000,0.500000
112,1,1,19.000000,0.700000,0.500000
113,1,1,18.000000,0.600000,0.500000
114,1,1,16.000000,0.400000,0.500000
115,1,1,13.000000,0.300000,0.500000
116,1,1,16.000000,0.800000,0.500000
117,1,1,17.000000,0.600000,0.500000
118,1,1,12.000000,0.200000,0.500000
119,1,1,17.000000,0.700000,0.500000
120,1,1,21.000000,0.800000,0.500000
121,1,1,16.000000,0.700000,0.500000
122,1,1,19.000000,0.900000,0.500000
123,1,1,17.000000,0.800000,0.500000
124,1,1,21.000000,0.900000,0.500000
125,1,1,17.000000,0.400000,0.500000
126,1,1,14.000000,0.700000,0.500000
127,1,1,14.000000,0.600000,0.500000
128,1,1,15.000000,0.400000,0.500000
129,1,1,13.000000,0.300000,0.500000
130,1,1,18.000000,0.700000,0.500000
131,1,1,20.000000,0.600000,0.500000
132,1,1,10.000000,0.000000,0.500000
133,1,1,17.000000,0.700000,0.500000
134,1,1,23.000000,0.800000,0.500000
135,1,1,13.000000,0.300000,0.500000
136,1,1,12.000000,0.200000,0.500000
137,1,1,13.000000,0.500000,0.500000
138,1,1,27.000000,0.900000,0.500000
139,1,1,17.000000,0.700000,0.500000
140,1,1,22.000000,0.700000,0.500000
141,1,1,14.000000,0.600000,0.500000
142,1,1,15.000000,0.400000,0.500000
143,1,1,13.000000,0.500000,0.500000
144,1,1,16.000000,0.400000,0.500000
145,1,1,19.000000,0.900000,0.500000
146,1,1,15.000000,0.700000,0.500000
147,1,1,19.000000,0.700000,0.500000
148,1,1,20.000000,0.600000,0.500000
149,1,1,12.000000,0.200000,0.500000
150,1,1,20.000000,0.900000,0.500000
151,1,1,15.000000,0.400000,0.500000
152,1,1,18.000000,0.800000,0.500000
153,1,1,17.000000,0.700000,0.500000
154,1,1,17.000000,0.700000,0.500000
155,1,1,13.000000,0.300000,0.500000
156,1,1,18.000000,0.800000,0.500000
157,1,1,18.000000,0.800000,0.500000
158,1,1,13.000000,0.500000,0.500000
159,1,1,17.000000,0.500000,0.500000
160,1,1,17.000000,0.700000,0.500000
161,1,1,18.000000,0.700000,0.500000
162,0,0,19.000000,0.800000,0.500000
163,1,1,19.000000,0.900000,0.500000
164,1,1,13.000000,0.300000,0.500000
165,1,1,13.000000,0.300000,0.500000
166,1,1,13.000000,0.500000,0.500000
167,1,1,17.000000,0.800000,0.500000
168,1,1,13.000000,0.300000,0.500000
169,1,1,15.000000,0.700000,0.500000
170,1,1,13.000000,0.300000,0.500000
171,1,1,14.000000,0.700000,0.500000
172,1,1,15.000000,0.400000,0.500000
173,1,1,15.000000,0.700000,0.500000
174,1,1,15.000000,0.700000,0.500000
175,1,1,13.000000,0.500000,0.500000
176,1,1,10.000000,0.000000,0.500000
177,1,1,10.000000,0.000000,0.500000
178,1,1,14.000000,0.600000,0.500000
179,1,1,17.000000,0.700000,0.500000
180,1,1,13.000000,0.300000,0.500000
181,1,1,14.000000,0.600000,0.500000
182,1,1,16.000000,0.500000,0.500000
183,1,1,14.000000,0.300000,0.500000
184,1,1,13.000000,0.500000,0.500000
185,1,1,20.000000,0.600000,0.500000
186,1,1,18.000000,0.500000,0.500000
187,1,1,17.000000,0.800000,0.500000
188,1,1,17.000000,0.700000,0.500000
189,1,1,16.000000,0.800000,0.500000
190,1,1,14.000000,0.300000,0.500000
191,1,1,12.000000,0.200000,0.500000
192,1,1,13.000000,0.300000,0.500000
193,1,1,18.000000,0.800000,0.500000
194,1,1,13.000000,0.300000,0.500000
195,1,1,16.000000,0.500000,0.500000
196,1,1,12.000000,0.200000,0.500000
197,1,1,16.000000,0.700000,0.500000
198,1,1,15.000000,0.400000,0.500000
199,1,1,12.000000,0.200000,0.500000
200,1,1,13.000000,0.500000,0.500000
201,1,1,13.000000,0.300000,0.500000
202,1,1,18.000000,0.700000,0.500000
203,1,1,15.000000,0.400000,0.500000
204,1,1,16.000000,0.800000,0.500000
205,1,1,15.000000,0.700000,0.500000
206,1,1,13.000000,0.300000,0.500000
207,1,1,13.000000,0.500000,0.500000
208,1,1,15.000000,0.600000,0.500000
209,1,1,13.000000,0.300000,0.500000
210,1,1,14.000000,0.500000,0.500000
211,1,1,15.000000,0.400000,0.500000
212,1,1,12.000000,0.200000,0.500000
213,1,1,24.000000,0.900000,0.500000
214,1,1,12.000000,0.200000,0.500000
215,1,1,14.000000,0.800000,0.500000
216,1,1,22.000000,0.800000,0.500000
217,1,1,27.000000,0.900000,0.500000
218,1,1,13.000000,0.300000,0.500000
219,1,1,13.000000,0.300000,0.500000
220,1,1,10.000000,0.000000,0.500000
221,1,1,10.000000,0.000000,0.500000
222,1,1,15.000000,0.600000,0.500000
223,1,1,13.000000,0.300000,0.500000
224,1,1,14.000000,0.500000,0.500000
225,1,1,28.000000,0.900000,0.500000
226,1,1,13.000000,0.300000,0.500000
227,1,1,13.000000,0.500000,0.500000
228,1,1,17.000000,0.400000,0.500000
229,1,1,14.000000,0.500000,0.500000
230,1,1,24.000000,0.900000,0.500000
231,1,1,10.000000,0.000000,0.500000
232,1,1,15.000000,0.600000,0.500000
233,1,1,12.000000,0.200000,0.500000
234,1,1,14.000000,0.500000,0.500000
235,1,1,28.000000,0.900000,0.500000
236,1,1,13.000000,0.500000,0.500000
237,1,1,33.000000,0.900000,0.500000
238,1,1,12.000000,0.200000,0.500000
239,1,1,15.000000,0.400000,0.500000
240,1,1,16.000000,0.500000,0.500000
241,1,1,14.000000,0.700000,0.500000
242,1,1,10.000000,0.000000,0.500000
243,1,1,14.000000,0.300000,0.500000
244,1,1,19.000000,0.600000,0.500000
245,1,1,15.000000,0.400000,0.500000
246,1,1,14.000000,0.500000,0.500000
247,1,1,16.000000,0.700000,0.500000
248,1,1,13.000000,0.500000,0.500000
249,1,1,13.000000,0.500000,0.500000
250,1,1,17.000000,0.800000,0.500000
251,1,1,14.000000,0.500000,0.500000
252,1,1,20.000000,0.700000,0.500000
253,1,1,19.000000,0.800000,0.500000
254,1,1,16.000000,0.500000,0.500000
255,0,0,14.000000,0.600000,0.500000
256,1,1,13.000000,0.300000,0.500000
257,1,1,18.000000,0.600000,0.500000
258,1,1,18.000000,0.700000,0.500000
259,1,1,18.000000,0.500000,0.500000
260,1,1,18.000000,0.800000,0.500000
261,1,1,15.000000,0.400000,0.500000
262,1,1,14.000000,0.600000,0.500000
263,1,1,13.000000,0.300000,0.500000
264,1,1,27.000000,0.900000,0.500000
265,1,1,15.000000,0.600000,0.500000
266,1,1,19.000000,0.800000,0.500000
267,1,1,15.000000,0.600000,0.500000
268,1,1,14.000000,0.300000,0.500000
269,1,1,12.000000,0.200000,0.500000
270,1,1,14.000000,0.300000,0.500000
271,1,1,13.000000,0.500000,0.500000
272,1,1,14.000000,0.600000,0.500000
273,1,1,18.000000,0.800000,0.500000
274,1,1,17.000000,0.700000,0.500000
275,1,1,10.000000,0.000000,0.500000
276,1,1,12.000000,0.200000,0.500000
277,1,1,12.000000,0.200000,0.500000
278,1,1,21.000000,0.800000,0.500000
279,1,1,17.000000,0.500000,0.500000
280,1,1,16.000000,0.500000,0.500000
281,1,1,17.000000,0.600000,0.500000
282,1,1,13.000000,0.500000,0.500000
283,1,1,21.000000,0.700000,0.500000
284,1,1,13.000000,0.500000,0.500000
285,1,1,12.000000,0.200000,0.500000
286,1,1,12.000000,0.200000,0.500000
287,1,1,18.000000,0.500000,0.500000
288,1,1,16.000000,0.500000,0.500000
289,1,1,15.000000,0.600000,0.500000
290,1,1,14.000000,0.400000,0.500000
291,1,1,13.000000,0.300000,0.500000
292,1,1,20.000000,0.700000,0.500000
293,1,1,26.000000,0.900000,0.500000
294,1,1,13.000000,0.500000,0.500000
295,1,1,15.000000,0.600000,0.500000
296,1,1,13.000000,0.300000,0.500000
297,1,1,43.000000,1.000000,0.500000
298,1,1,26.000000,0.900000,0.500000
299,1,1,15.000000,0.400000,0.500000
300,1,1,14.000000,0.500000,0.500000
301,1,1,14.000000,0.600000,0.500000
302,1,1,15.000000,0.400000,0.500000
303,1,1,13.000000,0.300000,0.500000
304,1,1,10.000000,0.000000,0.500000
305,1,1,15.000000,0.600000,0.500000
306,1,1,23.000000,0.800000,0.500000
307,1,1,20.000000,0.600000,0.500000
308,1,1,18.000000,0.800000,0.500000
309,1,1,13.000000,0.300000,0.500000
310,1,1,16.000000,0.800000,0.500000
311,1,1,13.000000,0.500000,0.500000
312,1,1,14.000000,0.600000,0.500000
313,1,1,12.000000,0.200000,0.500000
314,1,1,13.000000,0.300000,0.500000
315,1,1,14.000000,0.600000,0.500000
316,1,1,21.000000,0.900000,0.500000
317,1,1,17.000000,0.400000,0.500000
318,1,1,13.000000,0.500000,0.500000
319,1,1,21.000000,0.600000,0.500000
320,1,1,21.000000,0.800000,0.500000
321,1,1,12.000000,0.200000,0.500000
322,1,1,22.000000,0.900000,0.500000
323,1,1,13.000000,0.300000,0.500000
324,1,1,21.000000,0.800000,0.500000
325,1,1,13.000000,0.500000,0.500000
326,1,1,21.000000,0.700000,0.500000
327,1,1,17.000000,0.700000,0.500000
328,1,1,13.000000,0.500000,0.500000
329,1,1,13.000000,0.500000,0.500000
330,1,1,14.000000,0.500000,0.500000
331,1,1,18.000000,0.700000,0.500000
332,1,1,12.000000,0.200000,0.500000
333,1,1,29.000000,1.000000,0.500000
334,1,1,10.000000,0.000000,0.500000
335,1,1,20.000000,0.600000,0.500000
336,1,1,12.000000,0.200000,0.500000
337,1,1,19.000000,0.900000,0.500000
338,1,1,13.000000,0.300000,0.500000
339,1,1,16.000000,0.500000,0.500000
340,1,1,18.000000,0.500000,0.500000
341,1,1,14.000000,0.900000,0.500000
342,1,1,12.000000,0.200000,0.500000
343,1,1,15.000000,0.600000,0.500000
344,1,1,14.000000,0.500000,0.500000
345,1,1,20.000000,0.600000,0.500000
346,1,1,26.000000,0.900000,0.500000
347,1,1,16.000000,0.800000,0.500000
348,1,1,14.000000,0.300000,0.500000
349,1,1,17.000000,0.500000,0.500000
350,1,1,14.000000,0.700000,0.500000
351,1,1,18.000000,0.800000,0.500000
352,1,1,13.000000,0.500000,0.500000
353,1,1,15.000000,0.700000,0.500000
354,1,1,13.000000,0.500000,0.500000
355,1,1,16.000000,0.600000,0.500000
356,1,1,10.000000,0.000000,0.500000
357,1,1,14.000000,0.600000,0.500000
358,1,1,17.000000,0.800000,0.500000
359,1,1,22.000000,0.900000,0.500000
360,1,1,13.000000,0.300000,0.500000
361,1,1,16.000000,0.800000,0.500000
362,1,1,13.000000,0.300000,0.500000
363,1,1,13.000000,0.300000,0.500000
364,1,1,13.000000,0.300000,0.500000
365,1,1,25.000000,0.900000,0.500000
366,1,1,13.000000,0.300000,0.500000
367,1,1,14.000000,0.600000,0.500000
368,1,1,18.000000,0.800000,0.500000
369,1,1,13.000000,0.500000,0.500000
370,1,1,14.000000,0.300000,0.500000
371,1,1,13.000000,0.300000,0.500000
372,1,1,21.000000,0.700000,0.500000
373,1,1,16.000000,0.400000,0.500000
374,1,1,18.000000,0.800000,0.500000
375,1,1,13.000000,0.500000,0.500000
376,1,1,22.000000,0.700000,0.500000
377,1,1,14.000000,0.500000,0.500000
378,1,1,19.000000,0.900000,0.500000
379,1,1,13.000000,0.500000,0.500000
380,1,1,15.000000,0.600000,0.500000
381,1,1,18.000000,0.800000,0.500000
382,1,1,16.000000,0.800000,0.500000
383,1,1,13.000000,0.300000,0.500000
384,1,1,21.000000,0.900000,0.500000
385,1,1,17.000000,0.500000,0.500000
386,1,1,13.000000,0.500000,0.500000
387,1,1,14.000000,0.500000,0.500000
388,1,1,14.000000,0.600000,0.500000
389,1,1,13.000000,0.300000,0.500000
390,1,1,13.000000,0.500000,0.500000
391,1,1,14.000000,0.500000,0.500000
392,1,1,16.000000,0.800000,0.500000
393,1,1,13.000000,0.300000,0.500000
394,1,1,19.000000,0.800000,0.500000
395,1,1,12.000000,0.200000,0.500000
396,1,1,14.000000,0.600000,0.500000
397,1,1,19.000000,0.800000,0.500000
398,1,1,20.000000,0.700000,0.500000
399,1,1,16.000000,0.500000,0.500000
400,1,1,20.000000,0.800000,0.500000
401,0,1,19.000000,0.900000,0.500000
402,1,1,13.000000,0.500000,0.500000
403,1,1,20.000000,0.800000,0.500000
404,1,1,10.000000,0.000000,0.500000
405,1,1,17.000000,0.400000,0.500000
406,1,1,26.000000,0.900000,0.500000
407,1,1,25.000000,0.900000,0.500000
408,1,1,15.000000,0.400000,0.500000
409,1,1,42.000000,1.000000,0.500000
410,1,1,16.000000,0.500000,0.500000
411,1,1,12.000000,0.200000,0.500000
412,1,1,13.000000,0.300000,0.500000
413,1,1,19.000000,0.600000,0.500000
414,1,1,18.000000,0.700000,0.500000
415,1,1,12.000000,0.200000,0.500000
416,1,1,20.000000,0.500000,0.500000
417,1,1,13.000000,0.300000,0.500000
418,1,1,12.000000,0.200000,0.500000
419,1,1,19.000000,0.600000,0.500000
420,1,1,17.000000,0.700000,0.500000
421,1,1,14.000000,0.600000,0.500000
422,1,1,17.000000,0.500000,0.500000
423,1,1,13.000000,0.300000,0.500000
424,1,1,10.000000,0.000000,0.500000
425,1,1,14.000000,0.300000,0.500000
426,1,1,17.000000,0.700000,0.500000
427,1,1,12.000000,0.200000,0.500000
428,1,1,16.000000,0.800000,0.500000
429,1,1,14.000000,0.500000,0.500000
430,1,1,20.000000,0.800000,0.500000
431,1,1,17.000000,0.700000,0.500000
432,1,1,22.000000,0.800000,0.500000
433,1,1,23.000000,0.800000,0.500000
434,1,1,22.000000,0.800000,0.500000
435,1,1,12.000000,0.200000,0.500000
436,1,1,13.000000,0.300000,0.500000
437,1,1,13.000000,0.300000,0.500000
438,1,1,37.000000,1.000000,0.500000
439,1,1,12.000000,0.200000,0.500000
440,1,1,13.000000,0.500000,0.500000
441,1,1,10.000000,0.000000,0.500000
442,1,1,22.000000,0.900000,0.500000
443,1,1,15.000000,0.400000,0.500000
444,1,1,22.000000,0.900000,0.500000
445,1,1,27.000000,0.900000,0.500000
446,1,1,16.000000,0.400000,0.500000
447,1,1,13.000000,0.300000,0.500000
448,1,1,14.000000,0.500000,0.500000
449,1,1,18.000000,0.800000,0.500000
450,1,1,17.000000,0.700000,0.500000
451,1,1,17.000000,0.700000,0.500000
452,1,1,10.000000,0.000000,0.500000
453,1,1,15.000000,0.700000,0.500000
454,1,1,20.000000,0.700000,0.500000
455,1,1,21.000000,0.600000,0.500000
456,1,1,13.000000,0.300000,0.500000
457,1,1,24.000000,0.900000,0.500000
458,1,1,13.000000,0.500000,0.500000
459,1,1,14.000000,0.700000,0.500000
460,1,1,14.000000,0.300000,0.500000
461,1,1,13.000000,0.500000,0.500000
462,1,1,14.000000,0.900000,0.500000
463,1,1,15.000000,0.800000,0.500000
464,1,1,15.000000,0.700000,0.500000
465,1,1,13.000000,0.500000,0.500000
466,1,1,21.000000,0.800000,0.500000
467,1,1,10.000000,0.000000,0.500000
468,1,1,15.000000,0.600000,0.500000
469,1,1,19.000000,0.600000,0.500000
470,1,1,18.000000,0.600000,0.500000
471,1,1,14.000000,0.300000,0.500000
472,1,1,18.000000,0.700000,0.500000
473,1,1,20.000000,0.700000,0.500000
474,1,1,20.000000,0.700000,0.500000
475,1,1,13.000000,0.300000,0.500000
476,1,1,13.000000,0.300000,0.500000
477,1,1,12.000000,0.200000,0.500000
478,1,1,10.000000,0.000000,0.500000
479,1,1,25.000000,0.900000,0.500000
480,1,1,14.000000,0.600000,0.500000
481,1,1,15.000000,0.700000,0.500000
482,1,1,23.000000,0.900000,0.500000
483,1,1,30.000000,0.900000,0.500000
484,1,1,14.000000,0.800000,0.500000
485,1,1,10.000000,0.000000,0.500000
486,1,1,14.000000,0.300000,0.500000
487,1,1,18.000000,0.600000,0.500000
488,1,1,25.000000,0.900000,0.500000
489,1,1,13.000000,0.500000,0.500000
490,1,1,14.000000,0.400000,0.500000
491,1,1,20.000000,0.800000,0.500000
492,1,1,15.000000,0.700000,0.500000
493,1,1,14.000000,0.500000,0.500000
494,1,1,12.000000,0.200000,0.500000
495,1,1,13.000000,0.300000,0.500000
496,1,1,17.000000,0.500000,0.500000
497,1,1,12.000000,0.200000,0.500000
498,1,1,19.000000,0.500000,0.500000
499,1,1,13.000000,0.300000,0.500000
500,1,1,14.000000,0.600000,0.500000
501,1,1,23.000000,0.800000,0.500000
502,1,1,10.000000,0.000000,0.500000
503,0,0,14.000000,0.600000,0.500000
504,1,1,20.000000,0.800000,0.500000
505,1,1,12.000000,0.200000,0.500000
506,1,1,13.000000,0.500000,0.500000
507,1,1,26.000000,0.900000,0.500000
508,1,1,12.000000,0.200000,0.500000
509,1,1,13.000000,0.300000,0.500000
510,1,1,13.000000,0.300000,0.500000
511,1,1,12.000000,0.200000,0.500000
512,1,1,23.000000,0.900000,0.500000
513,1,1,20.000000,0.900000,0.500000
514,1,1,14.000000,0.700000,0.500000
515,1,1,15.000000,0.700000,0.500000
516,1,1,17.000000,0.800000,0.500000
517,1,1,18.000000,0.500000,0.500000
518,1,1,23.000000,0.900000,0.500000
519,1,1,18.000000,0.400000,0.500000
520,1,1,10.000000,0.000000,0.500000
521,1,1,15.000000,0.600000,0.500000
522,1,1,26.000000,0.900000,0.500000
523,1,1,13.000000,0.300000,0.500000
524,1,1,10.000000,0.000000,0.500000
525,1,1,21.000000,0.900000,0.500000
526,1,1,12.000000,0.200000,0.500000
527,1,1,20.000000,0.700000,0.500000
528,1,1,13.000000,0.300000,0.500000
529,1,1,19.000000,0.500000,0.500000
530,1,1,15.000000,0.700000,0.500000
531,1,1,17.000000,0.700000,0.500000
532,1,1,14.000000,0.300000,0.500000
533,1,1,28.000000,0.900000,0.500000
534,1,1,19.000000,0.900000,0.500000
535,1,1,13.000000,0.500000,0.500000
536,1,1,15.000000,0.700000,0.500000
537,1,1,19.000000,0.800000,0.500000
538,1,1,32.000000,0.900000,0.500000
539,1,1,16.000000,0.400000,0.500000
540,1,1,12.000000,0.200000,0.500000
541,1,1,16.000000,0.500000,0.500000
542,1,1,15.000000,0.400000,0.500000
543,1,1,13.000000,0.500000,0.500000
544,1,1,18.000000,0.800000,0.500000
545,1,1,13.000000,0.300000,0.500000
546,1,1,25.000000,0.900000,0.500000
547,1,1,16.000000,0.500000,0.500000
548,1,1,15.000000,0.400000,0.500000
549,1,1,13.000000,0.300000,0.500000
550,1,1,13.000000,0.300000,0.500000
551,1,1,13.000000,0.500000,0.500000
552,1,1,22.000000,0.800000,0.500000
553,1,1,13.000000,0.300000,0.500000
554,1,1,12.000000,0.300000,0.500000
555,1,1,14.000000,0.500000,0.500000
556,1,1,10.000000,0.000000,0.500000
557,1,1,14.000000,0.500000,0.500000
558,1,1,26.000000,0.900000,0.500000
559,1,1,10.000000,0.000000,0.500000
560,1,1,15.000000,0.400000,0.500000
561,1,1,15.000000,0.600000,0.500000
562,1,1,20.000000,0.900000,0.500000
563,1,1,17.000000,0.700000,0.500000
564,1,1,17.000000,0.500000,0.500000
565,1,1,13.000000,0.300000,0.500000
566,1,1,13.000000,0.500000,0.500000
567,1,1,20.000000,0.700000,0.500000
568,1,1,12.000000,0.300000,0.500000
569,1,1,19.000000,0.700000,0.500000
570,1,1,12.000000,0.200000,0.500000
571,1,1,15.000000,0.400000,0.500000
572,1,1,14.000000,0.600000,0.500000
573,1,1,14.000000,0.600000,0.500000
574,1,1,15.000000,0.600000,0.500000
575,1,1,25.000000,0.900000,0.500000
576,1,1,17.000000,0.500000,0.500000
577,1,1,12.000000,0.200000,0.500000
578,1,1,13.000000,0.300000,0.500000
579,1,1,14.000000,0.300000,0.500000
580,1,1,10.000000,0.000000,0.500000
581,1,1,18.000000,0.700000,0.500000
582,1,1,12.000000,0.200000,0.500000
583,1,1,17.000000,0.700000,0.500000
584,1,1,15.000000,0.600000,0.500000
585,1,1,13.000000,0.500000,0.500000
586,1,1,15.000000,0.600000,0.500000
587,1,1,19.000000,0.600000,0.500000
588,1,1,25.000000,0.800000,0.500000
589,1,1,13.000000,0.500000,0.500000
590,1,1,13.000000,0.300000,0.500000
591,1,1,30.000000,0.900000,0.500000
592,1,1,30.000000,0.900000,0.500000
593,1,1,18.000000,0.500000,0.500000
594,1,1,53.000000,1.000000,0.500000
595,1,1,16.000000,0.500000,0.500000
596,1,1,13.000000,0.300000,0.500000
597,1,1,13.000000,0.300000,0.500000
598,1,1,13.000000,0.300000,0.500000
599,1,1,15.000000,0.300000,0.500000
600,1,1,28.000000,0.900000,0.500000
601,1,1,14.000000,0.700000,0.500000
602,1,1,14.000000,0.500000,0.500000
603,1,1,25.000000,0.900000,0.500000
604,1,1,16.000000,0.700000,0.500000
605,1,1,16.000000,0.400000,0.500000
606,1,1,15.000000,0.400000,0.500000
607,1,1,16.000000,0.600000,0.500000
608,1,1,17.000000,0.500000,0.500000
609,1,1,13.000000,0.300000,0.500000
610,1,1,13.000000,0.500000,0.500000
611,1,1,15.000000,0.400000,0.500000
612,1,1,17.000000,0.500000,0.500000
613,1,1,14.000000,0.600000,0.500000
614,1,1,15.000000,0.600000,0.500000
615,1,1,13.000000,0.500000,0.500000
616,1,1,13.000000,0.500000,0.500000
617,1,1,23.000000,0.800000,0.500000
618,1,1,19.000000,0.800000,0.500000
619,1,1,21.000000,0.800000,0.500000
620,1,1,10.000000,0.000000,0.500000
621,1,1,13.000000,0.500000,0.500000
622,1,1,15.000000,0.600000,0.500000
623,1,1,10.000000,0.000000,0.500000
624,1,1,21.000000,0.900000,0.500000
625,1,1,26.000000,0.900000,0.500000
626,1,1,14.000000,0.300000,0.500000
627,1,1,14.000000,0.600000,0.500000
628,1,1,16.000000,0.500000,0.500000
629,1,1,18.000000,0.600000,0.500000
630,1,1,13.000000,0.300000,0.500000
631,1,1,13.000000,0.500000,0.500000
632,1,1,23.000000,0.800000,0.500000
633,1,1,19.000000,0.500000,0.500000
634,1,1,20.000000,0.600000,0.500000
635,1,1,13.000000,0.300000,0.500000
636,1,1,15.000000,0.600000,0.500000
637,1,1,12.000000,0.200000,0.500000
638,1,1,20.000000,0.800000,0.500000
639,1,1,13.000000,0.300000,0.500000
640,1,1,19.000000,0.500000,0.500000
641,1,1,14.000000,0.600000,0.500000
642,1,1,15.000000,0.400000,0.500000
643,1,1,12.000000,0.200000,0.500000
644,1,1,14.000000,0.600000,0.500000
645,1,1,12.000000,0.200000,0.500000
646,1,1,14.000000,0.300000,0.500000
647,1,1,20.000000,0.500000,0.500000
648,1,1,14.000000,0.300000,0.500000
649,1,1,10.000000,0.000000,0.500000
650,1,1,21.000000,0.700000,0.500000
651,1,1,15.000000,0.400000,0.500000
652,1,1,25.000000,0.700000,0.500000
653,1,1,14.000000,0.500000,0.500000
654,1,1,13.000000,0.500000,0.500000
655,1,1,18.000000,0.800000,0.500000
656,1,1,17.000000,0.500000,0.500000
657,1,1,12.000000,0.200000,0.500000
658,1,1,13.000000,0.500000,0.500000
659,1,1,10.000000,0.000000,0.500000
660,1,1,19.000000,0.700000,0.500000
661,1,1,25.000000,0.900000,0.500000
662,1,1,13.000000,0.300000,0.500000
663,1,1,23.000000,0.900000,0.500000
664,1,1,12.000000,0.200000,0.500000
665,1,1,10.000000,0.000000,0.500000
666,1,1,17.000000,0.800000,0.500000
667,1,1,13.000000,0.500000,0.500000
668,1,1,15.000000,0.600000,0.500000
669,1,1,14.000000,0.600000,0.500000
670,1,1,18.000000,0.600000,0.500000
671,1,1,15.000000,0.700000,0.500000
672,1,1,13.000000,0.500000,0.500000
673,1,1,13.000000,0.500000,0.500000
674,1,1,13.000000,0.500000,0.500000
675,1,1,10.000000,0.000000,0.500000
676,1,1,12.000000,0.200000,0.500000
677,1,1,16.000000,0.600000,0.500000
678,1,1,14.000000,0.600000,0.500000
679,1,1,29.000000,0.900000,0.500000
680,1,1,10.000000,0.000000,0.500000
681,1,1,13.000000,0.300000,0.500000
682,1,1,10.000000,0.000000,0.500000
683,1,1,15.000000,0.600000,0.500000
684,1,1,20.000000,0.800000,0.500000
685,1,1,18.000000,0.500000,0.500000
686,1,1,10.000000,0.000000,0.500000
687,1,1,13.000000,0.500000,0.500000
688,1,1,24.000000,0.900000,0.500000
689,1,1,13.000000,0.300000,0.500000
690,1,1,12.000000,0.200000,0.500000
691,1,1,10.000000,0.000000,0.500000
692,1,1,18.000000,0.600000,0.500000
693,1,1,12.000000,0.200000,0.500000
694,1,1,18.000000,0.700000,0.500000
695,1,1,16.000000,0.500000,0.500000
696,1,1,12.000000,0.200000,0.500000
697,1,1,12.000000,0.300000,0.500000
698,1,1,16.000000,0.500000,0.500000
699,1,1,13.000000,0.300000,0.500000
700,1,1,15.000000,0.600000,0.500000
701,1,1,23.000000,0.800000,0.500000
702,1,1,18.000000,0.700000,0.500000
703,1,1,13.000000,0.300000,0.500000
704,1,1,21.000000,0.900000,0.500000
705,1,1,10.000000,0.000000,0.500000
706,1,1,14.000000,0.400000,0.500000
707,1,1,16.000000,0.400000,0.500000
708,1,1,14.000000,0.500000,0.500000
709,1,1,12.000000,0.200000,0.500000
710,1,1,16.000000,0.700000,0.500000
711,1,1,16.000000,0.700000,0.500000
712,1,1,16.000000,0.500000,0.500000
713,1,1,16.000000,0.700000,0.500000
714,1,1,15.000000,0.600000,0.500000
715,1,1,16.000000,0.700000,0.500000
716,1,1,13.000000,0.300000,0.500000
717,1,1,30.000000,0.900000,0.500000
718,1,1,31.000000,1.000000,0.500000
719,1,1,14.000000,0.300000,0.500000
720,1,1,18.000000,0.500000,0.500000
721,1,1,21.000000,0.800000,0.500000
722,1,1,12.000000,0.200000,0.500000
723,1,1,12.000000,0.200000,0.500000
724,1,1,18.000000,0.500000,0.500000
725,1,1,30.000000,0.900000,0.500000
726,1,1,27.000000,0.900000,0.500000
727,1,1,12.000000,0.200000,0.500000
728,1,1,31.000000,0.800000,0.500000
729,1,1,17.000000,0.700000,0.500000
730,1,1,13.000000,0.300000,0.500000
731,1,1,19.000000,0.800000,0.500000
732,1,1,12.000000,0.200000,0.500000
733,1,1,17.000000,0.800000,0.500000
734,1,1,15.000000,0.400000,0.500000
735,1,1,13.000000,0.500000,0.500000
736,1,1,12.000000,0.200000,0.500000
737,1,1,16.000000,0.500000,0.500000
738,1,1,13.000000,0.300000,0.500000
739,1,1,15.000000,0.400000,0.500000
740,1,1,22.000000,0.800000,0.500000
741,1,1,13.000000,0.300000,0.500000
742,1,1,12.000000,0.300000,0.500000
743,1,1,12.000000,0.200000,0.500000
744,1,1,21.000000,0.700000,0.500000
745,1,1,19.000000,0.800000,0.500000
746,1,1,30.000000,0.900000,0.500000
747,1,1,16.000000,0.500000,0.500000
748,1,1,14.000000,0.500000,0.500000
749,1,1,17.000000,0.500000,0.500000
750,1,1,19.000000,0.800000,0.500000
751,1,1,15.000000,0.400000,0.500000
752,1,1,15.000000,0.600000,0.500000
753,1,1,12.000000,0.200000,0.500000
754,1,1,15.000000,0.400000,0.500000
755,1,1,12.000000,0.200000,0.500000
756,1,1,15.000000,0.600000,0.500000
757,1,1,13.000000,0.500000,0.500000
758,1,1,14.000000,0.600000,0.500000
759,1,1,14.000000,0.300000,0.500000
760,1,1,17.000000,0.700000,0.500000
761,1,1,12.000000,0.200000,0.500000
762,1,1,18.000000,0.800000,0.500000
763,1,1,12.000000,0.200000,0.500000
764,1,1,13.000000,0.300000,0.500000
765,1,1,18.000000,0.700000,0.500000
766,1,1,19.000000,0.800000,0.500000
767,1,1,13.000000,0.300000,0.500000
768,1,1,14.000000,0.300000,0.500000
769,1,1,18.000000,0.600000,0.500000
770,1,1,15.000000,0.800000,0.500000
771,1,1,32.000000,0.900000,0.500000
772,1,1,13.000000,0.300000,0.500000
773,1,1,15.000000,0.800000,0.500000
774,1,1,17.000000,0.500000,0.500000
775,1,1,15.000000,0.600000,0.500000
776,1,1,34.000000,1.000000,0.500000
777,1,1,12.000000,0.200000,0.500000
778,1,1,13.000000,0.300000,0.500000
779,1,1,16.000000,0.600000,0.500000
780,0,0,14.000000,0.700000,0.500000
781,1,1,15.000000,0.600000,0.500000
782,1,1,13.000000,0.500000,0.500000
783,1,1,27.000000,0.900000,0.500000
784,1,1,14.000000,0.500000,0.500000
785,1,1,28.000000,0.900000,0.500000
786,1,1,10.000000,0.000000,0.500000
787,1,1,33.000000,0.900000,0.500000
788,1,1,20.000000,0.800000,0.500000
789,1,1,12.000000,0.200000,0.500000
790,1,1,16.000000,0.800000,0.500000
791,1,1,40.000000,1.000000,0.500000
792,1,1,12.000000,0.200000,0.500000
793,1,1,14.000000,0.600000,0.500000
794,1,1,13.000000,0.300000,0.500000
795,1,1,12.000000,0.200000,0.500000
796,1,1,16.000000,0.600000,0.500000
797,1,1,16.000000,0.500000,0.500000
798,1,1,13.000000,0.300000,0.500000
799,1,1,22.000000,0.700000,0.500000
800,1,1,14.000000,0.300000,0.500000
801,1,1,31.000000,0.900000,0.500000
802,1,1,14.000000,0.600000,0.500000
803,1,1,13.000000,0.300000,0.500000
804,1,1,17.000000,0.500000,0.500000
805,1,1,14.000000,0.500000,0.500000
806,1,1,18.000000,0.800000,0.500000
807,1,1,17.000000,0.500000,0.500000
808,1,1,13.000000,0.500000,0.500000
809,1,1,15.000000,0.400000,0.500000
810,1,1,15.000000,0.600000,0.500000
811,1,1,17.000000,0.500000,0.500000
812,1,1,16.000000,0.700000,0.500000
813,1,1,20.000000,0.800000,0.500000
814,1,1,16.000000,0.700000,0.500000
815,1,1,14.000000,0.300000,0.500000
816,1,1,15.000000,0.700000,0.500000
817,1,1,16.000000,0.500000,0.500000
818,1,1,16.000000,0.500000,0.500000
819,1,1,13.000000,0.500000,0.500000
820,1,1,13.000000,0.300000,0.500000
821,1,1,15.000000,0.600000,0.500000
822,1,1,13.000000,0.500000,0.500000
823,1,1,22.000000,0.800000,0.500000
824,1,1,15.000000,0.700000,0.500000
825,1,1,20.000000,0.700000,0.500000
826,1,1,20.000000,0.600000,0.500000
827,1,1,13.000000,0.300000,0.500000
828,1,1,15.000000,0.700000,0.500000
829,1,1,17.000000,0.500000,0.500000
830,1,1,15.000000,0.800000,0.500000
831,1,1,14.000000,0.600000,0.500000
832,1,1,16.000000,0.600000,0.500000
833,1,1,19.000000,0.700000,0.500000
834,1,1,18.000000,0.600000,0.500000
835,1,1,14.000000,0.600000,0.500000
836,1,1,14.000000,0.300000,0.500000
837,1,1,16.000000,0.600000,0.500000
838,1,1,16.000000,0.800000,0.500000
839,1,1,20.000000,0.600000,0.500000
840,1,1,13.000000,0.300000,0.500000
841,1,1,15.000000,0.800000,0.500000
842,1,1,14.000000,0.500000,0.500000
843,1,1,14.000000,0.300000,0.500000
844,1,1,18.000000,0.800000,0.500000
845,1,1,13.000000,0.500000,0.500000
846,1,1,10.000000,0.000000,0.500000
847,1,1,13.000000,0.300000,0.500000
848,1,1,20.000000,0.600000,0.500000
849,1,1,13.000000,0.500000,0.500000
850,1,1,14.000000,0.600000,0.500000
851,0,1,19.000000,0.700000,0.500000
852,1,1,33.000000,0.900000,0.500000
853,1,1,12.000000,0.200000,0.500000
854,1,1,13.000000,0.300000,0.500000
855,1,1,14.000000,0.400000,0.500000
856,1,1,21.000000,0.700000,0.500000
857,1,1,16.000000,0.500000,0.500000
858,1,1,14.000000,0.700000,0.500000
859,1,1,10.000000,0.000000,0.500000
860,1,1,15.000000,0.400000,0.500000
861,1,1,19.000000,0.800000,0.500000
862,1,1,22.000000,0.800000,0.500000
863,1,1,13.000000,0.500000,0.500000
864,1,1,47.000000,1.000000,0.500000
865,1,1,12.000000,0.200000,0.500000
866,1,1,12.000000,0.200000,0.500000
867,1,1,17.000000,0.700000,0.500000
868,1,1,10.000000,0.000000,0.500000
869,1,1,14.000000,0.600000,0.500000
870,1,1,22.000000,0.900000,0.500000
871,1,1,13.000000,0.300000,0.500000
872,1,1,22.000000,0.800000,0.500000
873,1,1,13.000000,0.300000,0.500000
874,1,1,10.000000,0.000000,0.500000
875,1,1,36.000000,1.000000,0.500000
876,1,1,14.000000,0.700000,0.500000
877,1,1,14.000000,0.300000,0.500000
878,1,1,13.000000,0.500000,0.500000
879,1,1,13.000000,0.500000,0.500000
880,1,1,12.000000,0.200000,0.500000
881,1,1,15.000000,0.600000,0.500000
882,1,1,19.000000,0.600000,0.500000
883,1,1,15.000000,0.600000,0.500000
884,1,1,14.000000,0.300000,0.500000
885,1,1,13.000000,0.300000,0.500000
886,1,1,13.000000,0.300000,0.500000
887,1,1,14.000000,0.500000,0.500000
888,1,1,13.000000,0.500000,0.500000
889,1,1,14.000000,0.600000,0.500000
890,1,1,12.000000,0.200000,0.500000
891,1,1,18.000000,0.700000,0.500000
892,1,1,18.000000,0.600000,0.500000
893,1,1,18.000000,0.800000,0.500000
894,1,1,14.000000,0.500000,0.500000
895,1,1,16.000000,0.700000,0.500000
896,1,1,12.000000,0.200000,0.500000
897,1,1,32.000000,0.900000,0.500000
898,1,1,13.000000,0.300000,0.500000
899,1,1,12.000000,0.200000,0.500000
900,1,1,12.000000,0.200000,0.500000
901,1,1,15.000000,0.700000,0.500000
902,1,1,15.000000,0.800000,0.500000
903,1,1,19.000000,0.800000,0.500000
904,1,1,19.000000,0.600000,0.500000
905,1,1,19.000000,0.800000,0.500000
906,1,1,15.000000,0.400000,0.500000
907,1,1,14.000000,0.300000,0.500000
908,1,1,17.000000,0.700000,0.500000
909,1,1,10.000000,0.000000,0.500000
910,1,1,17.000000,0.800000,0.500000
911,1,1,13.000000,0.500000,0.500000
912,1,1,13.000000,0.500000,0.500000
913,1,1,29.000000,0.900000,0.500000
914,1,1,10.000000,0.000000,0.500000
915,1,1,13.000000,0.500000,0.500000
916,1,1,18.000000,0.600000,0.500000
917,1,1,17.000000,0.700000,0.500000
918,1,1,14.000000,0.600000,0.500000
919,1,1,13.000000,0.500000,0.500000
920,1,1,10.000000,0.000000,0.500000
921,1,1,14.000000,0.300000,0.500000
922,1,1,35.000000,0.900000,0.500000
923,1,1,17.000000,0.700000,0.500000
924,1,1,13.000000,0.300000,0.500000
925,1,1,15.000000,0.700000,0.500000
926,1,1,12.000000,0.200000,0.500000
927,0,1,17.000000,0.900000,0.500000
928,1,1,13.000000,0.300000,0.500000
929,1,1,16.000000,0.400000,0.500000
930,1,1,13.000000,0.500000,0.500000
931,1,1,13.000000,0.300000,0.500000
932,1,1,14.000000,0.600000,0.500000
933,1,1,17.000000,0.500000,0.500000
934,1,1,13.000000,0.300000,0.500000
935,1,1,13.000000,0.500000,0.500000
936,1,1,14.000000,0.700000,0.500000
937,1,1,17.000000,0.900000,0.500000
938,1,1,13.000000,0.300000,0.500000
939,1,1,12.000000,0.200000,0.500000
940,1,1,14.000000,0.800000,0.500000
941,1,1,12.000000,0.200000,0.500000
942,1,1,15.000000,0.600000,0.500000
943,1,1,14.000000,0.300000,0.500000
944,1,1,10.000000,0.000000,0.500000
945,1,1,14.000000,0.300000,0.500000
946,1,1,17.000000,0.700000,0.500000
947,1,1,15.000000,0.400000,0.500000
948,1,1,12.000000,0.200000,0.500000
949,1,1,13.000000,0.500000,0.500000
950,1,1,26.000000,0.900000,0.500000
951,1,1,14.000000,0.300000,0.500000
952,1,1,37.000000,1.000000,0.500000
953,1,1,14.000000,0.600000,0.500000
954,1,1,13.000000,0.500000,0.500000
955,1,1,27.000000,0.900000,0.500000
956,1,1,15.000000,0.600000,0.500000
957,1,1,18.000000,0.800000,0.500000
958,1,1,32.000000,0.900000,0.500000
959,1,1,14.000000,0.800000,0.500000
960,1,1,14.000000,0.300000,0.500000
961,1,1,14.000000,0.600000,0.500000
962,1,1,14.000000,0.500000,0.500000
963,1,1,17.000000,0.800000,0.500000
964,1,1,24.000000,0.900000,0.500000
965,1,1,36.000000,0.900000,0.500000
966,0,1,26.000000,0.900000,0.500000
967,1,1,14.000000,0.300000,0.500000
968,1,1,15.000000,0.600000,0.500000
969,1,1,22.000000,0.700000,0.500000
970,1,1,29.000000,0.900000,0.500000
971,1,1,15.000000,0.600000,0.500000
972,1,1,13.000000,0.500000,0.500000
973,1,1,14.000000,0.500000,0.500000
974,1,1,14.000000,0.300000,0.500000
975,0,1,22.000000,0.900000,0.500000
976,1,1,13.000000,0.500000,0.500000
977,1,1,18.000000,0.700000,0.500000
978,1,1,22.000000,0.900000,0.500000
979,1,1,19.000000,0.600000,0.500000
980,1,1,19.000000,0.900000,0.500000
981,1,1,14.000000,0.500000,0.500000
982,1,1,15.000000,0.400000,0.500000
983,1,1,16.000000,0.800000,0.500000
984,1,1,10.000000,0.000000,0.500000
985,1,1,13.000000,0.300000,0.500000
986,1,1,15.000000,0.600000,0.500000
987,1,1,10.000000,0.000000,0.500000
988,1,1,10.000000,0.000000,0.500000
989,1,1,19.000000,0.800000,0.500000
990,1,1,15.000000,0.600000,0.500000
991,1,1,14.000000,0.300000,0.500000
992,1,1,14.000000,0.700000,0.500000
993,1,1,12.000000,0.200000,0.500000
994,1,1,21.000000,0.800000,0.500000
995,1,1,14.000000,0.700000,0.500000
996,1,1,13.000000,0.500000,0.500000
997,1,1,13.000000,0.500000,0.500000
998,1,1,24.000000,0.800000,0.500000
999,1,1,23.000000,0.800000,0.500000
WorkerID,Gamma,TrueGamma
905,0.491801,1.563527
113,0.528397,0.827687
635,0.499166,1.404162
250,0.491972,0.212515
776,0.483748,0.709684
981,0.509811,0.780092
931,0.511347,1.156331
545,0.479425,0.638926
192,0.503398,0.762090
425,0.472575,0.521592
692,0.500346,1.196446
360,0.464862,0.447257
609,0.507940,1.553343
711,0.517673,0.954228
12,0.551026,2.061351
743,0.487591,0.625584
965,0.502297,0.998465
33,0.503894,1.317283
508,0.513281,1.346822
161,0.527790,1.528274
704,0.482005,1.003941
584,0.516824,1.867277
155,0.499669,0.885715
536,0.531360,1.303125
474,0.534107,1.533479
450,0.545178,1.612629
586,0.474399,0.747081
116,0.540900,1.179370
473,0.515337,1.351332
798,0.461257,0.684761
738,0.550930,1.948628
613,0.471084,0.798044
3,0.531724,1.065351
65,0.486685,0.760231
934,0.463782,0.334376
433,0.465838,0.576961
989,0.498726,1.044370
165,0.516696,1.474409
206,0.519575,0.927820
163,0.509584,1.152282
975,0.516286,2.104278
646,0.506248,0.975502
229,0.502936,1.625515
755,0.482941,0.751699
275,0.502067,0.461963
149,0.532913,1.271975
411,0.474859,0.300595
785,0.469761,0.538785
657,0.525828,0.848523
466,0.527478,2.084929
159,0.475792,0.872652
372,0.476371,0.777530
26,0.483851,1.308389
353,0.557847,1.528467
899,0.500303,1.495666
841,0.486479,0.289633
269,0.532697,1.645317
998,0.495584,1.535706
566,0.527462,2.215581
938,0.502698,0.469162
160,0.477608,1.078552
850,0.503288,0.390144
726,0.468678,0.598589
180,0.480804,1.388778
677,0.491846,0.410836
11,0.531518,2.294608
951,0.497849,0.481691
470,0.545244,1.818717
387,0.521339,1.194077
138,0.488817,0.747728
143,0.554743,0.541122
875,0.535444,0.821547
517,0.557751,1.738883
860,0.499436,0.426864
10,0.470540,0.506795
582,0.548690,2.496186
347,0.558323,1.551548
63,0.472699,0.567131
319,0.488612,0.689563
670,0.486742,0.491666
251,0.483283,0.490242
667,0.493044,0.306375
125,0.520308,0.884107
91,0.500812,0.636547
687,0.522290,1.410132
32,0.487783,0.815880
739,0.537217,1.350738
530,0.487020,0.413080
140,0.500939,2.004492
653,0.560479,1.766869
682,0.523833,0.793187
622,0.465938,0.432848
297,0.478105,0.853290
845,0.509480,0.832896
238,0.516081,1.480775
925,0.507339,0.661467
877,0.502069,0.690556
475,0.490271,0.540732
55,0.469095,0.449351
985,0.511866,1.600313
145,0.509389,1.412522
784,0.478806,0.205252
388,0.484195,0.849493
397,0.520715,0.863494
587,0.511446,0.949003
816,0.477234,1.106836
121,0.505595,1.074894
644,0.501559,0.609486
832,0.489037,1.043922
261,0.508027,0.794462
118,0.501473,0.142442
255,0.498216,0.507494
314,0.589128,2.094250
174,0.474290,0.537266
768,0.547259,1.433951
220,0.528431,1.520767
882,0.500695,0.780363
500,0.502712,0.729316
239,0.527016,1.675008
642,0.527902,0.970713
94,0.524174,0.768467
53,0.536102,2.530244
590,0.494307,0.989166
763,0.496770,1.696181
980,0.517673,1.183794
471,0.531725,1.718214
831,0.483733,0.434668
717,0.504770,0.974881
281,0.538696,1.100035
173,0.508723,1.821216
573,0.501370,1.102527
377,0.526417,0.637531
90,0.529669,1.205182
745,0.525133,3.028675
826,0.471095,0.417654
376,0.549450,2.767380
993,0.537712,3.026662
44,0.529271,1.201064
939,0.510504,0.776955
124,0.480203,0.619417
546,0.537174,0.844303
381,0.496397,0.709283
868,0.538698,0.872317
34,0.558623,1.365397
761,0.546640,1.586245
660,0.473839,0.495365
666,0.511337,0.602100
773,0.496599,1.295253
382,0.494231,1.169908
994,0.506410,1.282069
446,0.518850,0.542498
612,0.526833,1.480982
72,0.550551,1.068089
929,0.514046,0.369912
46,0.506932,0.868724
68,0.537574,0.772984
504,0.516548,1.663961
237,0.487240,0.535025
688,0.511478,1.321843
915,0.504013,0.259755
403,0.483687,0.931885
867,0.502629,1.152863
940,0.502427,1.011984
264,0.524308,0.685394
797,0.514020,0.492896
862,0.539617,1.457901
697,0.496290,0.717333
438,0.508061,0.613069
431,0.496614,1.392476
493,0.554735,1.546962
833,0.547206,1.877933
838,0.485313,1.525286
213,0.509314,0.395220
235,0.543563,1.210864
870,0.523828,1.319344
952,0.549207,1.688480
699,0.534952,1.761820
419,0.507439,0.595958
424,0.539936,0.982182
228,0.545310,1.698929
249,0.518740,1.656493
67,0.529030,0.758328
352,0.520978,1.722693
248,0.509503,0.934438
181,0.560055,2.659356
186,0.497694,0.787809
291,0.523976,1.970262
7,0.542749,0.744468
521,0.586682,1.530329
79,0.527462,1.295200
480,0.506794,1.498139
285,0.530637,1.543025
262,0.464632,0.698083
662,0.551292,1.279194
812,0.492995,1.055347
29,0.570160,0.895381
171,0.510552,0.701220
95,0.543669,1.386747
926,0.502066,1.085254
64,0.532907,0.930895
187,0.521989,1.877877
204,0.506131,0.744628
597,0.506718,0.474833
526,0.532494,1.454445
101,0.523662,0.896516
243,0.546668,1.088037
367,0.529487,0.860759
722,0.501475,1.596659
289,0.518328,1.661902
31,0.577039,1.530149
292,0.506006,1.544990
427,0.511478,0.963365
312,0.531823,0.917885
14,0.512550,0.994950
482,0.475461,0.819944
883,0.552219,0.718151
948,0.526079,1.594708
921,0.488884,1.039291
889,0.567519,1.145840
534,0.531173,2.348706
747,0.501626,0.910426
911,0.534845,1.169901
305,0.491376,1.574437
183,0.563390,2.188374
733,0.527077,1.260216
310,0.532032,0.946442
137,0.531110,2.479630
919,0.518123,2.102900
595,0.488006,0.601940
658,0.533055,1.184139
331,0.481051,0.829387
540,0.512856,0.530642
963,0.588732,2.815638
501,0.505433,0.801020
811,0.555209,1.809419
428,0.515218,0.693363
708,0.527688,1.867294
956,0.504328,0.689237
894,0.501225,0.627385
73,0.537424,1.744527
543,0.493003,0.788615
640,0.516964,0.952099
85,0.531562,3.888110
286,0.479229,0.665735
751,0.522783,1.902711
674,0.510720,1.937266
715,0.512461,1.080282
196,0.524644,1.062418
991,0.557048,1.538447
300,0.497936,0.360508
511,0.549741,1.439576
734,0.516953,0.870834
815,0.552033,0.788170
20,0.526417,1.481015
819,0.511315,1.209997
15,0.504686,2.181559
820,0.513540,0.622673
84,0.497770,1.120882
22,0.485537,0.819200
279,0.561469,1.983348
630,0.492563,0.574083
421,0.533840,1.789848
334,0.502469,0.833838
259,0.505560,1.802922
13,0.519360,1.267681
907,0.538771,0.762369
996,0.526832,1.268988
38,0.552225,0.434028
535,0.518133,1.212892
885,0.541891,0.998352
420,0.554130,1.569602
162,0.508338,1.099090
449,0.515493,1.162446
878,0.573175,1.728760
937,0.509405,1.691704
119,0.525841,1.484476
317,0.526592,1.036276
256,0.550439,1.628894
316,0.502323,0.907641
849,0.514652,1.393875
477,0.518009,1.343370
265,0.575128,1.171663
389,0.525364,1.414439
323,0.542158,1.092294
203,0.538618,1.286938
639,0.498078,1.072289
995,0.552145,0.964720
533,0.521468,0.468646
327,0.556163,1.299017
854,0.528123,0.854315
497,0.587096,1.591369
799,0.520181,0.908155
325,0.519832,1.418497
652,0.473918,0.791601
895,0.513049,0.997037
857,0.511251,0.903551
351,0.532159,1.248061
364,0.531384,2.483105
452,0.491401,0.439917
245,0.545665,1.137550
58,0.496764,0.816159
574,0.539699,1.812331
970,0.502158,0.786769
404,0.550851,1.728471
886,0.536494,0.964292
638,0.503403,0.881345
182,0.600970,1.712466
39,0.483794,0.222750
881,0.496160,0.248861
225,0.549373,1.810111
746,0.519363,0.600587
201,0.570966,2.335576
982,0.565646,2.109683
502,0.490679,0.191540
901,0.481777,0.657731
282,0.530672,1.446291
987,0.485635,0.857562
61,0.507308,0.712529
744,0.553221,1.046389
731,0.532208,1.779486
401,0.580527,2.154548
525,0.519499,1.323620
555,0.534104,1.016496
827,0.546737,2.060286
415,0.529380,0.874596
628,0.512657,1.829827
363,0.491733,0.519580
551,0.584550,1.726892
453,0.537807,1.474735
320,0.545887,1.841646
563,0.518562,0.754429
457,0.564596,1.658275
219,0.523538,1.516698
268,0.517286,1.263656
129,0.519327,1.039862
247,0.525628,0.730781
169,0.580401,0.783970
324,0.539181,0.567981
973,0.572650,1.444353
23,0.534485,1.511400
600,0.543460,0.546980
212,0.493189,0.596026
605,0.497318,0.255581
114,0.559725,1.707157
357,0.557172,2.327803
107,0.510870,2.207263
576,0.526834,2.068872
606,0.526342,0.779311
632,0.543505,1.195515
598,0.580315,2.214628
272,0.516586,1.145678
509,0.579038,1.681734
89,0.481122,0.415991
273,0.515090,0.684044
565,0.504042,0.525511
82,0.553345,0.995651
209,0.580376,1.449152
693,0.529808,0.854956
591,0.573817,3.205345
669,0.536421,1.297817
518,0.574908,2.101964
955,0.529806,0.823610
888,0.488641,0.519945
531,0.508571,0.887475
489,0.519150,0.981423
683,0.594060,1.296221
690,0.523526,1.519187
87,0.535373,0.631751
589,0.532401,0.769394
66,0.518909,0.454014
443,0.531196,1.787902
813,0.518521,1.148168
778,0.545752,1.343439
30,0.537815,0.728901
947,0.556386,1.183071
499,0.516274,1.021831
447,0.551712,1.950029
902,0.571109,1.178985
725,0.520549,1.200141
997,0.497716,0.488746
442,0.502545,0.666493
412,0.516344,1.317363
774,0.533861,1.040725
321,0.534110,1.855165
384,0.557949,0.831052
491,0.518701,0.636506
656,0.538698,1.106033
760,0.533333,0.829438
99,0.561652,0.774081
953,0.556323,1.780659
189,0.486711,0.470522
718,0.525745,1.335473
485,0.529097,1.030769
461,0.569187,0.932225
942,0.491902,0.604140
721,0.501960,0.839310
949,0.498425,0.490434
37,0.505245,1.989436
611,0.510633,1.014072
110,0.518830,1.550760
571,0.532294,1.091551
373,0.489654,0.610122
858,0.543553,0.610390
92,0.495687,0.477006
906,0.548841,1.049685
386,0.561713,0.391313
71,0.514177,0.516221
294,0.552595,1.510397
202,0.552458,1.060569
444,0.607256,1.801951
122,0.525269,0.464909
81,0.599766,1.031184
615,0.553592,1.757536
260,0.549241,1.661503
767,0.519384,1.641653
96,0.553534,1.060904
111,0.524577,0.593315
0,0.538808,1.490108
221,0.501860,0.577549
21,0.521322,0.981627
625,0.487248,0.367686
759,0.539203,3.260977
218,0.510497,0.272334
396,0.542914,1.755566
223,0.572717,1.651374
730,0.498402,0.645689
707,0.573369,1.350848
651,0.510143,1.026312
924,0.517028,0.996116
964,0.513366,1.338937
134,0.560387,0.921624
585,0.524698,1.091215
614,0.523069,1.973351
912,0.479089,0.180486
106,0.583815,0.980586
608,0.481873,0.777103
702,0.483455,0.819982
216,0.563591,1.825074
241,0.528973,0.824109
25,0.524583,0.647302
105,0.494497,2.556124
750,0.528385,0.937567
959,0.525920,0.507519
765,0.513329,1.162617
506,0.504011,0.456819
928,0.521811,0.512710
56,0.535715,1.877960
368,0.529489,0.614718
538,0.533990,0.904902
729,0.524052,0.915001
335,0.504736,1.053865
172,0.522275,1.189842
564,0.518925,0.469729
732,0.556181,0.928203
346,0.524106,2.083072
969,0.514053,0.469121
226,0.587385,2.124763
36,0.499476,0.543753
76,0.534512,1.065285
588,0.496925,0.404371
328,0.503478,1.131926
496,0.503296,1.078594
527,0.487427,1.460787
537,0.601037,2.074919
478,0.551354,2.279062
523,0.545415,1.834136
580,0.506113,1.000291
436,0.487693,0.618415
561,0.514960,0.968361
539,0.541169,0.624534
837,0.536191,1.546580
696,0.541907,1.094793
705,0.518080,0.789457
865,0.517703,1.056134
825,0.538625,1.224283
479,0.538796,2.120034
102,0.500700,0.458025
271,0.567600,2.484291
553,0.569641,0.923472
626,0.590167,1.228245
141,0.537513,0.915466
740,0.538058,1.363141
547,0.507561,0.931337
274,0.543392,2.140179
355,0.544977,0.931643
754,0.540322,0.786656
416,0.494521,0.603811
74,0.539651,1.033751
864,0.589784,1.961299
322,0.528437,1.293015
332,0.523270,1.297060
426,0.532213,1.283673
51,0.545508,2.536628
822,0.552874,0.719632
50,0.478012,0.272840
193,0.546787,1.672292
983,0.512833,0.552600
417,0.526151,0.878004
616,0.562966,1.900718
467,0.528329,1.369398
339,0.495581,1.181349
823,0.520165,0.502668
28,0.514829,0.758501
185,0.515908,1.154884
390,0.528275,1.483274
75,0.564522,0.694045
154,0.521840,1.714007
668,0.522631,0.979607
414,0.543852,2.149861
207,0.533462,1.036507
887,0.603354,1.223484
195,0.561406,1.055230
408,0.521665,1.574597
710,0.523930,0.884549
647,0.571917,1.329238
200,0.532732,0.952434
505,0.592364,2.204914
869,0.570762,2.054613
231,0.549593,2.313610
716,0.531624,1.739310
142,0.575740,1.495143
700,0.523179,0.982199
810,0.563374,0.591920
434,0.509378,0.447759
464,0.539551,0.988190
601,0.510614,0.872967
298,0.575433,1.619966
727,0.546982,1.153257
781,0.532051,1.024629
460,0.574273,1.114994
897,0.530469,1.609097
834,0.542521,1.506021
170,0.528289,1.053042
756,0.511891,0.867422
304,0.552595,3.674873
920,0.511594,1.024471
847,0.559303,2.073201
999,0.535679,1.508811
164,0.500642,0.488303
974,0.514790,0.917474
764,0.565633,1.099454
329,0.575404,2.197680
671,0.549877,1.247578
927,0.526552,1.326401
400,0.528531,1.257374
233,0.548405,1.947464
348,0.531932,0.350180
366,0.549576,0.381459
695,0.570247,1.609504
800,0.517746,0.809389
648,0.542215,1.592958
254,0.511400,1.183461
240,0.543245,1.760441
550,0.519888,1.591074
422,0.526239,1.053770
19,0.496068,0.525206
77,0.526034,0.791912
954,0.537925,0.884121
569,0.548703,0.992050
917,0.545316,0.514844
801,0.540141,1.831562
908,0.503729,0.204186
383,0.533143,1.338859
636,0.535978,1.285648
548,0.602714,1.976519
69,0.492656,0.734275
829,0.563788,1.802451
971,0.575867,1.385199
802,0.552179,0.874213
856,0.564384,1.394166
326,0.528078,0.638260
263,0.518043,1.266980
391,0.547824,1.589381
43,0.578701,1.118689
144,0.564086,1.742757
977,0.511870,0.712026
492,0.538090,1.579006
828,0.500068,1.022938
596,0.513025,1.109976
835,0.561746,2.458494
513,0.564663,1.022644
976,0.542374,0.903551
603,0.542042,1.124483
896,0.602796,1.198733
288,0.587843,0.762438
659,0.550982,2.331200
190,0.518466,0.826688
848,0.568946,1.878827
4,0.536032,0.741513
946,0.513066,0.829232
483,0.604393,1.661033
859,0.523580,0.745453
448,0.548992,1.239580
817,0.524472,0.472060
252,0.533990,1.179452
115,0.546266,1.477526
637,0.509401,0.476902
988,0.601817,2.122945
633,0.550497,1.235503
593,0.510551,0.599665
8,0.551056,2.054827
191,0.554205,1.275269
972,0.504947,0.538086
787,0.527902,1.281396
950,0.526950,2.017207
197,0.527058,1.364321
522,0.578710,1.906226
257,0.508316,1.358978
516,0.546744,0.552887
914,0.540147,0.831463
752,0.599133,1.499645
583,0.480677,0.528666
227,0.527504,0.889903
903,0.591093,1.279127
795,0.576698,2.354849
130,0.516406,0.631307
512,0.564542,1.374548
930,0.570000,2.446263
405,0.512863,0.974623
454,0.529582,0.910639
532,0.492722,0.415187
872,0.525551,0.780789
456,0.509336,1.410775
147,0.514421,0.799751
290,0.592275,1.616281
634,0.530014,1.737897
277,0.525546,1.320263
120,0.555706,1.786185
139,0.532838,1.129956
153,0.517245,0.892972
359,0.598819,1.710684
166,0.531390,2.120016
108,0.559863,1.424837
515,0.510183,0.655725
650,0.521152,1.343000
803,0.494044,0.222414
771,0.515448,0.402041
301,0.521811,0.906148
78,0.551442,1.100726
423,0.565571,1.180825
361,0.586509,3.035083
568,0.537112,1.879835
519,0.541822,0.616349
528,0.497150,0.446900
133,0.514679,0.299482
775,0.579013,2.533734
918,0.513531,0.696976
179,0.575084,1.561828
737,0.545541,1.154737
932,0.526493,0.462640
309,0.503450,1.185081
398,0.575139,0.668930
224,0.533287,0.655116
643,0.514224,1.593921
933,0.566578,2.745360
406,0.533310,0.239788
529,0.543989,0.875584
407,0.542479,1.120502
631,0.609708,2.639446
100,0.540927,1.572841
109,0.535163,2.112934
602,0.535999,1.061894
712,0.550501,1.190772
758,0.520641,0.897870
514,0.544368,0.933140
880,0.546741,0.922848
619,0.561336,0.667967
380,0.501946,0.792378
194,0.552745,1.041853
966,0.565166,0.872936
5,0.524188,0.307512
167,0.569490,1.575826
437,0.490655,0.130868
49,0.570177,1.930309
476,0.525307,0.977460
686,0.528095,1.538628
151,0.583016,0.972157
968,0.528560,1.063999
916,0.524087,1.579181
242,0.562583,1.271435
685,0.537209,1.204677
465,0.512103,0.515404
132,0.528166,2.079801
770,0.522700,1.257735
703,0.532947,0.515955
675,0.524961,0.679908
898,0.575302,2.137288
757,0.517387,0.722755
371,0.566997,2.468548
338,0.575531,1.370408
698,0.507493,0.890883
978,0.532217,4.183775
990,0.561867,1.475357
369,0.544189,1.326547
441,0.518741,0.772866
873,0.525333,1.508077
876,0.532349,1.405201
385,0.586403,1.611787
578,0.579546,3.571470
276,0.498077,0.405437
742,0.504355,0.269903
772,0.565370,1.706348
769,0.511261,0.780146
627,0.579457,1.280870
655,0.539178,0.810961
824,0.595275,2.069217
481,0.608668,3.173114
665,0.539317,0.567853
879,0.553052,1.163172
494,0.540290,1.098895
131,0.541808,2.418382
941,0.517620,0.920909
728,0.539738,1.412638
410,0.503657,0.541002
313,0.569152,0.852673
618,0.597620,1.286706
645,0.529773,0.444094
624,0.527775,0.374182
52,0.530445,0.882941
156,0.578991,1.033392
853,0.528835,0.413880
488,0.498988,1.061905
42,0.558095,0.547743
520,0.535922,1.404041
60,0.557385,1.273609
792,0.521270,0.687194
439,0.536811,0.793266
794,0.577943,1.844825
208,0.560256,1.142193
736,0.585219,2.011080
62,0.551716,1.092267
343,0.523682,0.691391
782,0.588043,3.320639
874,0.546547,1.729675
923,0.625059,1.525799
435,0.522641,0.722555
127,0.506784,0.791470
689,0.569640,1.495074
47,0.526272,1.418719
236,0.557160,2.308695
311,0.576281,1.568655
962,0.493102,0.488074
753,0.561944,1.421214
432,0.532047,1.965672
303,0.538109,2.220698
306,0.530592,0.361825
804,0.607682,1.631733
211,0.494353,0.310043
135,0.549802,2.037236
6,0.574874,1.516044
944,0.524157,1.090571
766,0.555542,1.272218
402,0.554965,2.058155
560,0.556462,1.506380
340,0.569006,1.272223
503,0.547496,0.669026
413,0.511803,0.745984
41,0.507253,0.818959
214,0.529601,0.730021
234,0.563568,1.076042
158,0.574737,2.786333
430,0.531425,1.549134
354,0.530310,1.145840
222,0.542357,1.322558
780,0.559785,3.014912
287,0.580359,1.385209
839,0.553855,0.673865
789,0.535359,1.143287
863,0.545253,1.192081
967,0.530278,0.433309
308,0.502907,1.366978
393,0.520498,1.463225
958,0.525947,0.306275
318,0.516516,1.280017
336,0.569500,1.214121
913,0.504158,0.225468
267,0.494730,0.700682
283,0.535653,1.782178
455,0.524385,1.256810
904,0.588271,2.289277
392,0.530433,1.539789
280,0.527137,1.241687
59,0.559871,1.067360
814,0.557589,1.552614
777,0.536423,0.904339
27,0.568251,2.264042
146,0.555964,1.005619
524,0.568197,1.110492
559,0.582263,1.610699
266,0.539514,0.844469
358,0.582297,0.997308
805,0.547956,0.561501
570,0.571277,2.192948
370,0.538984,0.658999
330,0.584552,1.703951
871,0.586027,1.309065
205,0.535429,1.088474
604,0.578244,2.814886
1,0.556274,0.831918
299,0.576763,1.188795
852,0.546386,0.739266
451,0.517568,0.478663
818,0.533485,0.429112
374,0.537159,0.798565
623,0.522155,1.125453
379,0.604868,1.488917
148,0.483953,0.107603
293,0.550910,1.070670
935,0.546349,0.893864
302,0.524436,0.503553
48,0.552751,1.864914
253,0.535056,1.625500
607,0.572284,1.077472
552,0.596744,2.829828
98,0.548145,0.717727
541,0.522216,0.939316
112,0.567316,0.538221
469,0.518514,0.955339
680,0.525571,0.943388
910,0.571042,1.559642
307,0.546749,1.147598
706,0.529564,0.640648
199,0.542895,0.997903
900,0.549021,0.655904
961,0.502910,0.858373
542,0.557816,1.208282
375,0.537902,0.206348
418,0.543250,0.516803
507,0.571831,3.038766
830,0.548325,0.379145
45,0.612486,2.912709
762,0.573823,0.856183
893,0.541139,1.353900
342,0.538060,1.121457
24,0.522910,0.661036
177,0.525530,0.790940
484,0.554357,2.460483
621,0.594498,1.471523
664,0.557868,1.996854
851,0.539549,1.033173
572,0.552689,1.585535
843,0.587698,1.259439
445,0.594631,1.927733
577,0.591130,2.215542
884,0.559880,1.298675
567,0.514525,0.352867
188,0.615466,1.459681
694,0.531626,1.169442
17,0.583355,0.756633
676,0.558459,1.083099
246,0.534252,0.995677
440,0.520579,0.245884
556,0.553113,0.991986
594,0.596382,2.183642
459,0.558351,1.717502
943,0.558411,1.728297
691,0.533440,1.056565
88,0.547934,1.279241
678,0.527625,0.628493
549,0.514805,0.440538
152,0.544670,1.552991
176,0.538702,1.233040
844,0.563525,0.788245
103,0.536595,0.459866
599,0.586041,1.738405
783,0.581068,3.119225
472,0.625248,1.399645
720,0.528405,1.207746
344,0.517044,1.338601
126,0.529865,2.008116
558,0.542932,2.178966
992,0.583969,1.030803
890,0.562675,1.052205
557,0.545833,2.092263
365,0.576445,1.635312
296,0.564674,1.813865
168,0.542788,0.709137
16,0.572787,2.396053
779,0.570425,1.724884
579,0.560639,1.132325
215,0.537581,1.859944
295,0.534671,0.651800
399,0.552308,1.273825
217,0.533470,0.795846
790,0.521407,0.550025
70,0.551292,1.151382
498,0.517836,1.560645
709,0.559751,1.227022
184,0.618167,2.721579
681,0.604375,2.696487
672,0.526878,1.112307
661,0.585343,0.945598
663,0.602425,2.320986
244,0.545161,0.821443
840,0.621929,1.253545
562,0.533286,0.676968
748,0.564617,1.247165
922,0.549748,1.606832
284,0.550180,0.723603
909,0.532597,0.986436
723,0.559161,2.002408
866,0.555105,0.991636
786,0.567504,0.846927
495,0.599522,1.836000
136,0.613912,2.079686
649,0.558283,0.984544
270,0.567327,2.449049
936,0.541421,1.370618
486,0.566797,1.474963
846,0.576199,1.731115
210,0.555808,1.019823
673,0.567130,0.941012
581,0.583971,0.792226
861,0.553679,2.545600
788,0.618508,3.362766
462,0.589388,1.055584
654,0.552204,1.008496
629,0.590552,0.960675
749,0.540001,0.664628
701,0.604277,0.901122
356,0.611059,1.515924
230,0.544632,0.527169
960,0.571946,0.909455
741,0.557444,1.465067
791,0.601658,1.127571
684,0.566292,0.875591
714,0.582030,1.268573
836,0.545779,0.990335
198,0.591974,2.359091
554,0.549521,0.606938
315,0.553891,1.120571
842,0.545143,1.577734
2,0.565126,1.769609
117,0.589219,1.068084
891,0.572418,0.745832
123,0.574524,2.212395
468,0.586024,0.917638
9,0.557296,0.934300
429,0.594958,2.298231
349,0.663833,1.377361
679,0.615072,0.906680
337,0.609172,0.844217
104,0.570268,0.816387
735,0.570891,0.978727
724,0.566170,0.709015
892,0.592687,0.809371
394,0.600059,1.507166
395,0.600412,1.096840
617,0.611926,0.922148
150,0.595210,1.788721
809,0.571467,1.431545
620,0.574309,1.137402
35,0.581427,1.028525
808,0.550566,0.888369
83,0.561554,0.816391
350,0.621819,2.496816
510,0.550333,0.909985
362,0.602765,1.805915
175,0.552880,0.669360
178,0.577663,1.123368
278,0.552845,1.872473
345,0.591544,1.798510
341,0.571302,1.298354
409,0.624122,2.141850
806,0.529073,1.038297
378,0.575771,0.942667
232,0.574060,0.567234
575,0.569867,1.263418
54,0.579005,0.490338
463,0.584087,1.073363
719,0.588582,1.300948
157,0.558883,0.579657
97,0.605884,1.242083
128,0.572038,1.936640
80,0.569142,1.174223
40,0.576790,1.600307
258,0.597886,1.257507
984,0.602530,1.381777
957,0.630711,1.303970
821,0.574953,1.237499
487,0.593584,1.803556
86,0.590213,1.306024
793,0.581538,1.983470
986,0.590955,1.678251
93,0.575063,1.387870
807,0.634088,2.698576
945,0.607557,0.934838
713,0.607334,1.527136
979,0.573296,0.857746
18,0.560508,0.476223
855,0.622011,1.752720
458,0.591480,1.518648
544,0.604131,1.094485
610,0.581236,1.248266
490,0.616986,1.922765
333,0.588755,2.542083
641,0.562797,0.464397
57,0.647075,1.155949
796,0.677750,2.167610
592,0.640081,1.516236
Average Cost: 16.231000
Accuracy: 99.400000
Accuracy 0: 100.000000
Cost 0: 10.000000
Accuracy 1: 100.000000
Cost 1: 10.000000
Accuracy 2: 100.000000
Cost 2: 10.000000
Accuracy 3: 100.000000
Cost 3: 10.000000
Accuracy 4: 100.000000
Cost 4: 10.000000
Accuracy 5: 100.000000
Cost 5: 11.600000
Accuracy 6: 100.000000
Cost 6: 12.000000
Accuracy 7: 100.000000
Cost 7: 12.000000
Accuracy 8: 100.000000
Cost 8: 12.000000
Accuracy 9: 100.000000
Cost 9: 12.000000
