ProblemNo,Answer,TrueAnswer,Cost,Difficulty
0,0,0,8.000000,0.000000
1,0,0,8.000000,0.000000
2,1,1,8.000000,0.000000
3,1,1,8.000000,0.000000
4,0,0,8.000000,0.000000
5,0,0,8.000000,0.000000
6,0,0,8.000000,0.000000
7,1,1,8.000000,0.000000
8,1,1,12.000000,0.700000
9,1,1,12.000000,0.700000
10,1,1,12.000000,0.700000
11,0,0,8.000000,0.000000
12,0,0,8.000000,0.000000
13,0,0,12.000000,0.700000
14,0,0,8.000000,0.000000
15,1,1,8.000000,0.000000
16,1,1,8.000000,0.000000
17,0,0,8.000000,0.000000
18,1,1,8.000000,0.000000
19,0,0,8.000000,0.000000
20,1,1,12.000000,0.700000
21,1,1,12.000000,0.700000
22,1,1,8.000000,0.000000
23,0,0,8.000000,0.000000
24,1,1,8.000000,0.000000
25,1,1,12.000000,0.700000
26,1,1,8.000000,0.000000
27,0,0,8.000000,0.000000
28,1,1,8.000000,0.000000
29,1,0,8.000000,0.000000
30,1,1,8.000000,0.000000
31,1,1,8.000000,0.000000
32,0,0,8.000000,0.000000
33,1,1,8.000000,0.000000
34,1,1,12.000000,0.700000
35,0,1,8.000000,0.000000
36,0,1,12.000000,0.700000
37,0,1,8.000000,0.000000
38,0,0,8.000000,0.000000
39,0,1,8.000000,0.000000
40,1,1,8.000000,0.000000
41,0,0,12.000000,0.700000
42,1,0,8.000000,0.000000
43,1,1,12.000000,0.700000
44,1,1,12.000000,0.700000
45,1,1,8.000000,0.000000
46,0,0,12.000000,0.700000
47,1,1,8.000000,0.000000
48,0,0,12.000000,0.700000
49,0,0,8.000000,0.000000
50,0,0,8.000000,0.000000
51,0,0,8.000000,0.000000
52,1,0,12.000000,0.700000
53,0,0,8.000000,0.000000
54,0,0,8.000000,0.000000
55,0,0,8.000000,0.000000
56,0,0,8.000000,0.000000
57,1,1,8.000000,0.000000
58,0,0,8.000000,0.000000
59,0,0,8.000000,0.000000
60,1,1,12.000000,0.700000
61,1,0,12.000000,0.700000
62,1,1,12.000000,0.700000
63,0,0,8.000000,0.000000
64,0,0,8.000000,0.000000
65,1,1,8.000000,0.000000
66,1,1,8.000000,0.000000
67,0,0,8.000000,0.000000
68,0,0,8.000000,0.000000
69,1,1,8.000000,0.000000
70,1,0,8.000000,0.000000
71,0,0,8.000000,0.000000
72,1,1,8.000000,0.000000
73,1,1,8.000000,0.000000
74,0,0,8.000000,0.000000
75,1,1,8.000000,0.000000
76,0,0,8.000000,0.000000
77,1,1,12.000000,0.700000
78,1,0,8.000000,0.000000
79,0,0,8.000000,0.000000
80,0,1,8.000000,0.000000
81,1,1,8.000000,0.000000
82,1,1,8.000000,0.000000
83,0,0,8.000000,0.000000
84,1,1,8.000000,0.000000
85,0,0,8.000000,0.000000
86,1,1,8.000000,0.000000
87,0,0,8.000000,0.000000
88,0,0,12.000000,0.700000
89,1,1,8.000000,0.000000
90,1,1,12.000000,0.700000
91,0,0,8.000000,0.000000
92,0,0,12.000000,0.700000
93,1,0,12.000000,0.700000
94,1,1,12.000000,0.700000
95,0,1,8.000000,0.000000
96,1,1,8.000000,0.000000
97,1,1,8.000000,0.000000
98,0,0,8.000000,0.000000
99,1,1,8.000000,0.000000
100,1,1,8.000000,0.000000
101,1,1,8.000000,0.000000
102,1,1,8.000000,0.000000
103,0,0,12.000000,0.700000
104,1,1,8.000000,0.000000
105,0,0,12.000000,0.700000
106,0,0,8.000000,0.000000
107,0,1,8.000000,0.000000
108,1,1,12.000000,0.700000
109,1,1,8.000000,0.000000
110,0,0,8.000000,0.000000
111,0,0,8.000000,0.000000
112,1,1,8.000000,0.000000
113,0,0,8.000000,0.000000
114,1,1,8.000000,0.000000
115,1,1,8.000000,0.000000
116,0,0,12.000000,0.700000
117,0,0,8.000000,0.000000
118,0,0,8.000000,0.000000
119,1,1,8.000000,0.000000
120,0,0,8.000000,0.000000
121,1,1,8.000000,0.000000
122,0,0,8.000000,0.000000
123,0,0,8.000000,0.000000
124,1,1,8.000000,0.000000
125,1,1,8.000000,0.000000
126,0,0,8.000000,0.000000
127,0,0,8.000000,0.000000
128,0,0,8.000000,0.000000
129,1,1,8.000000,0.000000
130,0,0,8.000000,0.000000
131,1,1,8.000000,0.000000
132,1,1,8.000000,0.000000
133,1,1,12.000000,0.700000
134,1,1,8.000000,0.000000
135,1,1,8.000000,0.000000
136,0,0,12.000000,0.700000
137,0,0,8.000000,0.000000
138,0,0,8.000000,0.000000
139,1,1,8.000000,0.000000
140,1,1,8.000000,0.000000
141,1,1,8.000000,0.000000
142,0,0,8.000000,0.000000
143,1,1,8.000000,0.000000
144,1,1,12.000000,0.700000
145,1,1,8.000000,0.000000
146,1,1,8.000000,0.000000
147,1,1,8.000000,0.000000
148,0,0,8.000000,0.000000
149,1,1,12.000000,0.700000
WorkerID,Gamma
37,0.089616
36,0.348624
60,0.460093
82,0.428964
62,0.451799
63,0.467131
64,0.401803
35,0.569859
66,0.423467
67,0.403074
68,0.460093
69,0.395926
81,0.430777
86,0.463655
84,0.463776
48,0.000876
49,0.417429
46,0.328946
47,0.811339
44,0.107831
45,0.590619
42,0.050061
43,0.417498
40,0.333114
41,0.521441
83,0.467349
77,0.727321
76,0.750228
75,0.298980
71,0.428378
70,0.444192
78,0.463517
39,0.489674
38,0.595593
59,0.449677
58,0.747086
55,0.194864
54,0.409796
51,1.475313
50,0.542543
53,0.836496
52,0.286653
65,0.465123
Average Cost: 8.853333
Accuracy: 90.666667
