ProblemNo,Answer,TrueAnswer,Cost,Difficulty
0,0,0,20.000000,0.000000
1,0,0,20.000000,0.000000
2,1,1,25.000000,0.900000
3,1,1,25.000000,0.500000
4,0,0,25.000000,0.500000
5,0,0,25.000000,0.500000
6,0,0,20.000000,0.000000
7,1,1,25.000000,0.900000
8,0,1,25.000000,0.500000
9,1,1,20.000000,0.000000
10,1,1,25.000000,0.500000
11,0,0,20.000000,0.000000
12,0,0,20.000000,0.000000
13,0,0,65.000000,1.000000
14,0,0,20.000000,0.000000
15,1,1,20.000000,0.000000
16,1,1,20.000000,0.000000
17,0,0,25.000000,0.500000
18,1,1,20.000000,0.000000
19,0,0,20.000000,0.000000
20,1,1,25.000000,0.500000
21,1,1,25.000000,0.500000
22,1,1,20.000000,0.000000
23,1,0,30.000000,0.900000
24,1,1,40.000000,0.700000
25,0,1,20.000000,0.000000
26,1,1,25.000000,0.500000
27,0,0,20.000000,0.000000
28,1,1,20.000000,0.000000
29,1,0,25.000000,0.900000
30,1,1,20.000000,0.000000
31,1,1,25.000000,0.500000
32,0,0,25.000000,0.500000
33,1,1,25.000000,0.500000
34,1,1,20.000000,0.000000
35,0,1,25.000000,0.500000
36,1,1,25.000000,0.900000
37,0,1,45.000000,0.800000
38,0,0,20.000000,0.000000
39,1,1,25.000000,0.900000
40,1,1,20.000000,0.000000
41,0,0,20.000000,0.000000
42,0,0,25.000000,0.900000
43,1,1,20.000000,0.000000
44,1,1,25.000000,0.500000
45,1,1,20.000000,0.000000
46,0,0,20.000000,0.000000
47,1,1,20.000000,0.000000
48,0,0,20.000000,0.000000
49,0,0,20.000000,0.000000
50,0,0,20.000000,0.000000
51,0,0,25.000000,0.900000
52,1,0,25.000000,0.500000
53,1,0,50.000000,0.900000
54,0,0,20.000000,0.000000
55,0,0,20.000000,0.000000
56,0,0,20.000000,0.000000
57,1,1,25.000000,0.500000
58,0,0,30.000000,0.900000
59,0,0,20.000000,0.000000
60,1,1,25.000000,0.500000
61,1,0,25.000000,0.500000
62,0,1,25.000000,0.900000
63,0,0,20.000000,0.000000
64,0,0,20.000000,0.000000
65,1,1,20.000000,0.000000
66,1,1,25.000000,0.500000
67,0,0,20.000000,0.000000
68,0,0,25.000000,0.500000
69,1,1,20.000000,0.000000
70,0,0,40.000000,0.900000
71,0,0,20.000000,0.000000
72,1,1,25.000000,0.500000
73,1,1,25.000000,0.500000
74,0,0,20.000000,0.000000
75,1,1,20.000000,0.000000
76,0,0,25.000000,0.500000
77,1,1,25.000000,0.500000
78,1,0,25.000000,0.900000
79,0,0,20.000000,0.000000
80,0,1,45.000000,0.900000
81,0,1,25.000000,0.900000
82,1,1,25.000000,0.900000
83,0,0,20.000000,0.000000
84,1,1,20.000000,0.000000
85,0,0,20.000000,0.000000
86,1,1,25.000000,0.500000
87,0,0,20.000000,0.000000
88,0,0,25.000000,0.500000
89,1,1,25.000000,0.500000
90,1,1,20.000000,0.000000
91,0,0,20.000000,0.000000
92,0,0,25.000000,0.900000
93,0,0,25.000000,0.500000
94,1,1,20.000000,0.000000
95,0,1,25.000000,0.900000
96,1,1,20.000000,0.000000
97,0,1,25.000000,0.900000
98,0,0,20.000000,0.000000
99,1,1,20.000000,0.000000
100,0,1,35.000000,0.900000
101,1,1,35.000000,0.900000
102,1,1,20.000000,0.000000
103,1,0,65.000000,0.900000
104,1,1,20.000000,0.000000
105,0,0,30.000000,0.800000
106,0,0,20.000000,0.000000
107,1,1,25.000000,0.900000
108,1,1,25.000000,0.500000
109,1,1,20.000000,0.000000
110,1,0,25.000000,0.900000
111,0,0,20.000000,0.000000
112,1,1,20.000000,0.000000
113,0,0,20.000000,0.000000
114,1,1,25.000000,0.500000
115,1,1,20.000000,0.000000
116,0,0,25.000000,0.500000
117,0,0,25.000000,0.900000
118,0,0,25.000000,0.500000
119,1,1,25.000000,0.500000
120,0,0,20.000000,0.000000
121,1,1,25.000000,0.500000
122,0,0,20.000000,0.000000
123,0,0,20.000000,0.000000
124,1,1,25.000000,0.900000
125,1,1,20.000000,0.000000
126,1,0,20.000000,0.000000
127,0,0,25.000000,0.500000
128,0,0,20.000000,0.000000
129,1,1,25.000000,0.500000
130,0,0,30.000000,0.800000
131,1,1,35.000000,0.700000
132,1,1,25.000000,0.500000
133,1,1,25.000000,0.500000
134,1,1,20.000000,0.000000
135,1,1,25.000000,0.500000
136,1,0,30.000000,0.900000
137,0,0,20.000000,0.000000
138,0,0,20.000000,0.000000
139,1,1,25.000000,0.500000
140,1,1,25.000000,0.500000
141,1,1,20.000000,0.000000
142,0,0,25.000000,0.500000
143,1,1,20.000000,0.000000
144,1,1,25.000000,0.500000
145,1,1,25.000000,0.500000
146,1,1,20.000000,0.000000
147,1,1,25.000000,0.900000
148,0,0,25.000000,0.500000
149,1,1,25.000000,0.500000
WorkerID,Gamma
37,0.424243
62,0.486138
50,0.623159
60,0.532624
61,0.477931
88,0.494526
64,0.592126
65,0.667276
66,0.596897
67,0.482579
82,0.470964
83,0.463064
80,0.540969
81,0.497436
86,0.547038
53,0.738290
84,0.597982
85,0.488592
48,0.398442
49,0.377169
46,0.394658
47,0.533585
44,0.527416
45,0.571046
42,0.528281
43,0.441106
40,0.452181
41,0.465562
77,0.449819
75,0.748141
74,0.488112
73,0.590953
72,0.492213
71,0.461885
70,0.522896
69,0.553137
79,0.521131
78,0.513592
39,0.476006
38,0.589694
59,0.491248
58,0.477081
55,0.487172
54,0.699270
57,0.479718
56,0.556089
51,1.357240
36,0.454474
35,0.502687
52,0.463880
Average Cost: 24.200000
Accuracy: 86.666667
