Number of Worker Pools: 1
Number of Workers in Pool 1: 1000
Original mean,standardDev for Pool 1: 4.000000,0.300000
Number of Workers in Pool 2: 1000
Original mean,standardDev for Pool 2: 3.500000,0.200000
Number of Problems: 1000
ProblemNo,Answer,TrueAnswer,Cost,Difficulty,TrueDifficulty
0,0,0,8.000000,0.500000,0.500000
1,1,1,16.000000,1.000000,0.500000
2,1,1,7.000000,0.300000,0.500000
3,1,1,8.000000,0.500000,0.500000
4,0,0,10.000000,0.600000,0.500000
5,0,1,14.000000,1.000000,0.500000
6,1,1,8.000000,0.700000,0.500000
7,0,0,6.000000,0.000000,0.500000
8,0,0,6.000000,0.000000,0.500000
9,0,0,13.000000,0.800000,0.500000
10,1,1,7.000000,0.300000,0.500000
11,1,1,6.000000,0.000000,0.500000
12,1,1,10.000000,0.800000,0.500000
13,0,0,7.000000,0.300000,0.500000
14,1,1,10.000000,0.700000,0.500000
15,0,1,9.000000,0.900000,0.500000
16,0,0,6.000000,0.000000,0.500000
17,1,1,13.000000,0.900000,0.500000
18,0,0,14.000000,0.900000,0.500000
19,1,1,7.000000,0.300000,0.500000
20,0,0,6.000000,0.000000,0.500000
21,0,0,7.000000,0.300000,0.500000
22,1,1,7.000000,0.300000,0.500000
23,0,0,6.000000,0.000000,0.500000
24,0,0,10.000000,0.400000,0.500000
25,0,0,7.000000,0.300000,0.500000
26,0,0,14.000000,0.800000,0.500000
27,1,1,7.000000,0.300000,0.500000
28,1,1,8.000000,0.500000,0.500000
29,0,0,12.000000,0.800000,0.500000
30,1,0,8.000000,0.500000,0.500000
31,1,1,7.000000,0.300000,0.500000
32,1,1,8.000000,0.500000,0.500000
33,1,1,17.000000,0.900000,0.500000
34,1,1,9.000000,0.700000,0.500000
35,1,1,7.000000,0.300000,0.500000
36,0,0,8.000000,0.500000,0.500000
37,1,1,7.000000,0.300000,0.500000
38,0,0,6.000000,0.000000,0.500000
39,1,1,14.000000,0.800000,0.500000
40,1,1,7.000000,0.300000,0.500000
41,1,1,12.000000,0.900000,0.500000
42,0,0,7.000000,0.300000,0.500000
43,1,0,14.000000,0.900000,0.500000
44,0,0,13.000000,0.900000,0.500000
45,1,1,11.000000,0.800000,0.500000
46,0,0,8.000000,0.500000,0.500000
47,1,1,8.000000,0.500000,0.500000
48,1,1,8.000000,0.500000,0.500000
49,1,1,6.000000,0.000000,0.500000
50,0,0,9.000000,0.700000,0.500000
51,0,0,10.000000,0.700000,0.500000
52,1,1,7.000000,0.300000,0.500000
53,0,0,10.000000,0.700000,0.500000
54,1,1,8.000000,0.500000,0.500000
55,0,0,7.000000,0.300000,0.500000
56,0,0,7.000000,0.300000,0.500000
57,1,1,7.000000,0.300000,0.500000
58,1,1,7.000000,0.300000,0.500000
59,0,0,10.000000,0.700000,0.500000
60,1,1,8.000000,0.500000,0.500000
61,1,1,6.000000,0.000000,0.500000
62,0,0,6.000000,0.000000,0.500000
63,1,0,9.000000,0.700000,0.500000
64,1,1,11.000000,0.900000,0.500000
65,0,0,24.000000,1.000000,0.500000
66,0,0,14.000000,0.900000,0.500000
67,0,0,8.000000,0.500000,0.500000
68,0,0,6.000000,0.000000,0.500000
69,0,0,8.000000,0.500000,0.500000
70,1,1,7.000000,0.300000,0.500000
71,0,0,7.000000,0.300000,0.500000
72,1,1,6.000000,0.000000,0.500000
73,0,0,8.000000,0.500000,0.500000
74,0,0,6.000000,0.000000,0.500000
75,1,1,7.000000,0.300000,0.500000
76,0,0,10.000000,0.700000,0.500000
77,0,0,10.000000,0.700000,0.500000
78,1,1,7.000000,0.300000,0.500000
79,1,1,6.000000,0.000000,0.500000
80,0,0,8.000000,0.500000,0.500000
81,1,1,7.000000,0.300000,0.500000
82,0,0,8.000000,0.500000,0.500000
83,1,1,7.000000,0.300000,0.500000
84,1,1,10.000000,0.700000,0.500000
85,0,0,8.000000,0.500000,0.500000
86,0,0,8.000000,0.500000,0.500000
87,1,1,12.000000,0.800000,0.500000
88,0,0,7.000000,0.300000,0.500000
89,0,0,9.000000,0.500000,0.500000
90,1,1,6.000000,0.000000,0.500000
91,0,0,8.000000,0.500000,0.500000
92,1,1,7.000000,0.300000,0.500000
93,1,1,6.000000,0.000000,0.500000
94,1,1,7.000000,0.300000,0.500000
95,0,0,10.000000,0.700000,0.500000
96,1,1,8.000000,0.500000,0.500000
97,1,0,8.000000,0.500000,0.500000
98,0,0,10.000000,0.700000,0.500000
99,1,1,8.000000,0.500000,0.500000
100,1,1,11.000000,0.700000,0.500000
101,1,1,12.000000,0.900000,0.500000
102,0,0,11.000000,0.800000,0.500000
103,1,1,8.000000,0.500000,0.500000
104,1,1,9.000000,0.400000,0.500000
105,1,1,6.000000,0.000000,0.500000
106,1,1,11.000000,0.900000,0.500000
107,0,0,15.000000,0.900000,0.500000
108,1,1,9.000000,0.700000,0.500000
109,0,0,10.000000,0.900000,0.500000
110,1,1,9.000000,0.500000,0.500000
111,1,1,7.000000,0.300000,0.500000
112,0,0,9.000000,0.700000,0.500000
113,1,1,10.000000,0.700000,0.500000
114,0,0,7.000000,0.300000,0.500000
115,1,1,7.000000,0.300000,0.500000
116,1,1,7.000000,0.300000,0.500000
117,0,0,8.000000,0.800000,0.500000
118,0,0,7.000000,0.300000,0.500000
119,0,0,6.000000,0.000000,0.500000
120,1,1,10.000000,0.800000,0.500000
121,1,1,8.000000,0.500000,0.500000
122,0,0,10.000000,0.700000,0.500000
123,0,0,6.000000,0.000000,0.500000
124,1,1,8.000000,0.500000,0.500000
125,0,0,6.000000,0.000000,0.500000
126,0,0,8.000000,0.500000,0.500000
127,0,0,8.000000,0.500000,0.500000
128,0,0,6.000000,0.000000,0.500000
129,1,1,13.000000,0.900000,0.500000
130,1,0,10.000000,0.600000,0.500000
131,0,0,9.000000,0.500000,0.500000
132,0,0,8.000000,0.500000,0.500000
133,1,1,8.000000,0.500000,0.500000
134,0,0,6.000000,0.000000,0.500000
135,0,0,8.000000,0.500000,0.500000
136,0,0,9.000000,0.500000,0.500000
137,1,1,7.000000,0.300000,0.500000
138,1,1,7.000000,0.300000,0.500000
139,1,1,6.000000,0.000000,0.500000
140,1,1,9.000000,0.500000,0.500000
141,1,1,8.000000,0.700000,0.500000
142,0,0,6.000000,0.000000,0.500000
143,1,1,11.000000,0.800000,0.500000
144,1,1,9.000000,0.700000,0.500000
145,0,0,6.000000,0.000000,0.500000
146,1,1,10.000000,0.700000,0.500000
147,0,0,8.000000,0.500000,0.500000
148,0,0,11.000000,0.700000,0.500000
149,0,0,10.000000,0.700000,0.500000
150,1,1,12.000000,0.600000,0.500000
151,1,1,9.000000,0.400000,0.500000
152,1,1,6.000000,0.000000,0.500000
153,0,0,8.000000,0.700000,0.500000
154,1,1,9.000000,0.500000,0.500000
155,0,0,7.000000,0.300000,0.500000
156,1,1,7.000000,0.300000,0.500000
157,1,1,6.000000,0.000000,0.500000
158,0,0,14.000000,0.700000,0.500000
159,0,0,9.000000,0.800000,0.500000
160,0,0,13.000000,0.900000,0.500000
161,1,1,6.000000,0.000000,0.500000
162,0,0,8.000000,0.500000,0.500000
163,1,1,8.000000,0.500000,0.500000
164,0,0,12.000000,0.900000,0.500000
165,0,0,12.000000,0.900000,0.500000
166,1,1,8.000000,0.500000,0.500000
167,1,1,7.000000,0.300000,0.500000
168,1,0,16.000000,0.900000,0.500000
169,0,0,6.000000,0.000000,0.500000
170,0,0,6.000000,0.000000,0.500000
171,0,0,6.000000,0.000000,0.500000
172,0,0,9.000000,0.800000,0.500000
173,1,1,10.000000,0.700000,0.500000
174,0,0,7.000000,0.300000,0.500000
175,1,1,7.000000,0.300000,0.500000
176,1,1,7.000000,0.300000,0.500000
177,0,0,12.000000,0.800000,0.500000
178,0,0,7.000000,0.300000,0.500000
179,1,1,7.000000,0.300000,0.500000
180,0,0,7.000000,0.300000,0.500000
181,0,0,16.000000,0.900000,0.500000
182,0,0,7.000000,0.300000,0.500000
183,1,1,10.000000,0.600000,0.500000
184,1,1,8.000000,0.500000,0.500000
185,0,0,7.000000,0.300000,0.500000
186,1,1,10.000000,0.800000,0.500000
187,1,1,7.000000,0.300000,0.500000
188,0,0,7.000000,0.300000,0.500000
189,0,1,10.000000,0.900000,0.500000
190,1,1,12.000000,0.800000,0.500000
191,0,0,6.000000,0.000000,0.500000
192,0,0,12.000000,0.600000,0.500000
193,0,0,7.000000,0.300000,0.500000
194,1,1,6.000000,0.000000,0.500000
195,0,0,12.000000,0.600000,0.500000
196,0,0,7.000000,0.300000,0.500000
197,1,1,10.000000,0.700000,0.500000
198,0,0,6.000000,0.000000,0.500000
199,1,1,6.000000,0.000000,0.500000
200,1,1,9.000000,0.500000,0.500000
201,0,0,12.000000,0.800000,0.500000
202,0,0,11.000000,0.800000,0.500000
203,0,0,7.000000,0.300000,0.500000
204,1,1,9.000000,0.500000,0.500000
205,1,1,8.000000,0.800000,0.500000
206,1,1,8.000000,0.500000,0.500000
207,1,1,7.000000,0.300000,0.500000
208,1,1,7.000000,0.300000,0.500000
209,0,0,10.000000,0.400000,0.500000
210,0,0,6.000000,0.000000,0.500000
211,1,1,11.000000,0.800000,0.500000
212,1,1,6.000000,0.000000,0.500000
213,1,1,7.000000,0.300000,0.500000
214,0,0,7.000000,0.300000,0.500000
215,0,0,6.000000,0.000000,0.500000
216,0,0,13.000000,0.900000,0.500000
217,1,1,7.000000,0.300000,0.500000
218,1,1,6.000000,0.000000,0.500000
219,0,0,7.000000,0.300000,0.500000
220,1,0,9.000000,0.800000,0.500000
221,1,1,8.000000,0.500000,0.500000
222,0,0,20.000000,1.000000,0.500000
223,0,0,8.000000,0.500000,0.500000
224,1,1,8.000000,0.500000,0.500000
225,1,1,7.000000,0.300000,0.500000
226,1,1,7.000000,0.300000,0.500000
227,0,0,17.000000,1.000000,0.500000
228,0,0,9.000000,0.700000,0.500000
229,1,1,7.000000,0.300000,0.500000
230,0,0,9.000000,0.700000,0.500000
231,1,1,15.000000,0.900000,0.500000
232,0,0,14.000000,0.800000,0.500000
233,0,0,12.000000,0.900000,0.500000
234,0,0,8.000000,0.500000,0.500000
235,0,0,7.000000,0.300000,0.500000
236,0,0,6.000000,0.000000,0.500000
237,1,1,15.000000,1.000000,0.500000
238,0,0,7.000000,0.300000,0.500000
239,0,0,8.000000,0.500000,0.500000
240,0,0,8.000000,0.500000,0.500000
241,1,1,6.000000,0.000000,0.500000
242,0,0,11.000000,0.800000,0.500000
243,1,1,6.000000,0.000000,0.500000
244,1,1,8.000000,0.600000,0.500000
245,0,0,7.000000,0.300000,0.500000
246,1,1,8.000000,0.500000,0.500000
247,0,0,10.000000,0.700000,0.500000
248,0,0,15.000000,0.900000,0.500000
249,0,0,8.000000,0.500000,0.500000
250,1,1,14.000000,0.900000,0.500000
251,1,1,10.000000,0.700000,0.500000
252,0,1,23.000000,1.000000,0.500000
253,1,1,7.000000,0.300000,0.500000
254,0,0,7.000000,0.300000,0.500000
255,1,1,7.000000,0.300000,0.500000
256,1,1,15.000000,0.900000,0.500000
257,1,0,9.000000,0.700000,0.500000
258,1,1,6.000000,0.000000,0.500000
259,0,0,8.000000,0.500000,0.500000
260,0,0,8.000000,0.500000,0.500000
261,0,0,15.000000,0.900000,0.500000
262,1,1,8.000000,0.700000,0.500000
263,0,0,16.000000,1.000000,0.500000
264,1,1,8.000000,0.500000,0.500000
265,1,1,7.000000,0.300000,0.500000
266,0,0,10.000000,0.700000,0.500000
267,0,1,10.000000,0.800000,0.500000
268,1,1,10.000000,0.700000,0.500000
269,0,0,7.000000,0.300000,0.500000
270,0,0,8.000000,0.700000,0.500000
271,1,1,6.000000,0.000000,0.500000
272,1,1,9.000000,0.500000,0.500000
273,1,1,7.000000,0.300000,0.500000
274,0,0,8.000000,0.500000,0.500000
275,0,0,8.000000,0.500000,0.500000
276,0,0,11.000000,0.800000,0.500000
277,1,1,10.000000,0.700000,0.500000
278,0,0,9.000000,0.500000,0.500000
279,0,0,8.000000,0.500000,0.500000
280,0,0,8.000000,0.500000,0.500000
281,0,0,8.000000,0.500000,0.500000
282,1,1,7.000000,0.300000,0.500000
283,0,0,9.000000,0.500000,0.500000
284,0,0,6.000000,0.000000,0.500000
285,1,1,13.000000,0.900000,0.500000
286,0,0,7.000000,0.300000,0.500000
287,0,0,8.000000,0.500000,0.500000
288,0,0,11.000000,0.800000,0.500000
289,1,0,14.000000,0.900000,0.500000
290,1,1,6.000000,0.000000,0.500000
291,0,0,6.000000,0.000000,0.500000
292,1,1,6.000000,0.000000,0.500000
293,1,1,12.000000,0.600000,0.500000
294,0,0,8.000000,0.500000,0.500000
295,1,1,6.000000,0.000000,0.500000
296,0,0,19.000000,1.000000,0.500000
297,1,1,6.000000,0.000000,0.500000
298,1,1,13.000000,0.900000,0.500000
299,1,1,7.000000,0.300000,0.500000
300,1,1,6.000000,0.000000,0.500000
301,1,1,7.000000,0.300000,0.500000
302,0,0,8.000000,0.500000,0.500000
303,0,0,6.000000,0.000000,0.500000
304,1,1,9.000000,0.500000,0.500000
305,1,1,12.000000,0.800000,0.500000
306,0,0,12.000000,0.700000,0.500000
307,1,1,8.000000,0.500000,0.500000
308,1,1,10.000000,0.700000,0.500000
309,0,0,6.000000,0.000000,0.500000
310,0,0,8.000000,0.500000,0.500000
311,1,1,11.000000,0.800000,0.500000
312,1,1,11.000000,0.900000,0.500000
313,0,0,18.000000,1.000000,0.500000
314,1,1,7.000000,0.300000,0.500000
315,0,0,8.000000,0.500000,0.500000
316,0,0,12.000000,0.900000,0.500000
317,1,1,10.000000,0.700000,0.500000
318,0,0,8.000000,0.500000,0.500000
319,1,1,10.000000,0.700000,0.500000
320,1,1,10.000000,0.900000,0.500000
321,0,0,8.000000,0.500000,0.500000
322,0,0,19.000000,1.000000,0.500000
323,1,1,13.000000,0.900000,0.500000
324,1,1,6.000000,0.000000,0.500000
325,1,1,8.000000,0.500000,0.500000
326,1,1,8.000000,0.500000,0.500000
327,1,1,8.000000,0.800000,0.500000
328,1,1,7.000000,0.300000,0.500000
329,0,0,8.000000,0.500000,0.500000
330,1,1,6.000000,0.000000,0.500000
331,0,0,6.000000,0.000000,0.500000
332,1,1,11.000000,0.700000,0.500000
333,1,1,6.000000,0.000000,0.500000
334,0,0,13.000000,0.800000,0.500000
335,1,1,7.000000,0.300000,0.500000
336,1,1,7.000000,0.300000,0.500000
337,1,1,10.000000,0.900000,0.500000
338,0,0,9.000000,0.500000,0.500000
339,0,0,8.000000,0.500000,0.500000
340,1,1,16.000000,1.000000,0.500000
341,0,0,7.000000,0.300000,0.500000
342,1,1,6.000000,0.000000,0.500000
343,0,1,9.000000,0.800000,0.500000
344,0,0,7.000000,0.300000,0.500000
345,0,0,6.000000,0.000000,0.500000
346,1,1,8.000000,0.500000,0.500000
347,0,0,7.000000,0.300000,0.500000
348,1,1,9.000000,0.500000,0.500000
349,0,0,7.000000,0.300000,0.500000
350,0,0,9.000000,0.800000,0.500000
351,0,0,7.000000,0.300000,0.500000
352,1,1,8.000000,0.500000,0.500000
353,0,0,11.000000,0.600000,0.500000
354,1,1,6.000000,0.000000,0.500000
355,1,1,9.000000,0.500000,0.500000
356,0,0,8.000000,0.800000,0.500000
357,1,1,11.000000,0.800000,0.500000
358,0,0,9.000000,0.700000,0.500000
359,0,1,15.000000,0.900000,0.500000
360,1,1,8.000000,0.500000,0.500000
361,1,1,6.000000,0.000000,0.500000
362,1,1,13.000000,0.900000,0.500000
363,1,1,22.000000,0.900000,0.500000
364,0,0,12.000000,0.800000,0.500000
365,1,1,7.000000,0.300000,0.500000
366,1,1,6.000000,0.000000,0.500000
367,0,0,9.000000,0.800000,0.500000
368,1,1,7.000000,0.300000,0.500000
369,0,0,7.000000,0.300000,0.500000
370,0,0,8.000000,0.500000,0.500000
371,1,1,12.000000,0.800000,0.500000
372,0,0,13.000000,0.800000,0.500000
373,1,1,7.000000,0.300000,0.500000
374,0,0,7.000000,0.300000,0.500000
375,0,0,6.000000,0.000000,0.500000
376,1,1,14.000000,0.900000,0.500000
377,1,1,11.000000,0.700000,0.500000
378,1,1,15.000000,0.800000,0.500000
379,1,1,12.000000,0.900000,0.500000
380,1,1,7.000000,0.300000,0.500000
381,0,0,7.000000,0.300000,0.500000
382,0,0,8.000000,0.700000,0.500000
383,0,0,10.000000,0.700000,0.500000
384,1,1,7.000000,0.300000,0.500000
385,1,1,8.000000,0.500000,0.500000
386,1,1,10.000000,0.700000,0.500000
387,1,1,8.000000,0.500000,0.500000
388,1,1,7.000000,0.300000,0.500000
389,1,1,8.000000,0.500000,0.500000
390,0,0,6.000000,0.000000,0.500000
391,0,0,6.000000,0.000000,0.500000
392,0,0,8.000000,0.500000,0.500000
393,0,0,6.000000,0.000000,0.500000
394,0,0,8.000000,0.500000,0.500000
395,0,0,10.000000,0.800000,0.500000
396,0,0,6.000000,0.000000,0.500000
397,0,0,16.000000,0.900000,0.500000
398,1,1,7.000000,0.300000,0.500000
399,0,0,7.000000,0.300000,0.500000
400,1,1,10.000000,0.700000,0.500000
401,0,1,17.000000,0.900000,0.500000
402,0,0,7.000000,0.300000,0.500000
403,1,1,11.000000,0.800000,0.500000
404,0,0,6.000000,0.000000,0.500000
405,0,0,7.000000,0.300000,0.500000
406,1,1,17.000000,0.900000,0.500000
407,1,1,7.000000,0.300000,0.500000
408,0,0,8.000000,0.800000,0.500000
409,0,0,10.000000,0.700000,0.500000
410,1,1,13.000000,0.900000,0.500000
411,0,0,6.000000,0.000000,0.500000
412,0,0,6.000000,0.000000,0.500000
413,1,1,8.000000,0.500000,0.500000
414,1,1,9.000000,0.700000,0.500000
415,1,1,7.000000,0.300000,0.500000
416,1,1,7.000000,0.300000,0.500000
417,0,0,8.000000,0.500000,0.500000
418,1,0,15.000000,0.900000,0.500000
419,1,1,6.000000,0.000000,0.500000
420,1,1,12.000000,0.600000,0.500000
421,1,1,12.000000,0.800000,0.500000
422,0,0,12.000000,0.800000,0.500000
423,1,1,17.000000,0.900000,0.500000
424,1,1,6.000000,0.000000,0.500000
425,1,1,14.000000,0.900000,0.500000
426,0,0,10.000000,0.900000,0.500000
427,0,0,8.000000,0.500000,0.500000
428,0,0,7.000000,0.300000,0.500000
429,1,1,6.000000,0.000000,0.500000
430,1,1,10.000000,0.700000,0.500000
431,0,0,7.000000,0.300000,0.500000
432,1,1,14.000000,0.900000,0.500000
433,1,1,7.000000,0.300000,0.500000
434,1,1,7.000000,0.300000,0.500000
435,0,0,7.000000,0.300000,0.500000
436,0,0,9.000000,0.500000,0.500000
437,0,0,12.000000,0.800000,0.500000
438,0,0,10.000000,0.600000,0.500000
439,1,1,10.000000,0.400000,0.500000
440,0,0,9.000000,0.700000,0.500000
441,1,1,8.000000,0.500000,0.500000
442,0,0,13.000000,0.800000,0.500000
443,1,1,6.000000,0.000000,0.500000
444,1,1,11.000000,0.800000,0.500000
445,1,1,11.000000,0.600000,0.500000
446,0,0,7.000000,0.300000,0.500000
447,1,1,7.000000,0.300000,0.500000
448,1,1,6.000000,0.000000,0.500000
449,1,1,7.000000,0.300000,0.500000
450,0,0,8.000000,0.500000,0.500000
451,0,0,17.000000,1.000000,0.500000
452,1,1,6.000000,0.000000,0.500000
453,0,0,7.000000,0.300000,0.500000
454,0,0,6.000000,0.000000,0.500000
455,0,0,7.000000,0.300000,0.500000
456,0,0,9.000000,0.700000,0.500000
457,1,1,10.000000,0.500000,0.500000
458,1,1,10.000000,0.700000,0.500000
459,0,0,8.000000,0.800000,0.500000
460,1,1,12.000000,0.900000,0.500000
461,0,0,9.000000,0.700000,0.500000
462,0,0,10.000000,0.700000,0.500000
463,1,1,12.000000,0.600000,0.500000
464,0,0,8.000000,0.500000,0.500000
465,1,1,6.000000,0.000000,0.500000
466,0,0,7.000000,0.300000,0.500000
467,0,0,7.000000,0.300000,0.500000
468,0,0,14.000000,0.800000,0.500000
469,1,1,12.000000,0.900000,0.500000
470,0,0,8.000000,0.500000,0.500000
471,1,1,6.000000,0.000000,0.500000
472,1,1,6.000000,0.000000,0.500000
473,1,1,10.000000,0.700000,0.500000
474,0,0,8.000000,0.500000,0.500000
475,0,0,8.000000,0.500000,0.500000
476,0,0,12.000000,0.800000,0.500000
477,0,0,6.000000,0.000000,0.500000
478,1,1,6.000000,0.000000,0.500000
479,1,1,6.000000,0.000000,0.500000
480,1,1,6.000000,0.000000,0.500000
481,1,1,7.000000,0.300000,0.500000
482,1,1,9.000000,0.700000,0.500000
483,0,0,9.000000,0.500000,0.500000
484,1,1,8.000000,0.500000,0.500000
485,0,0,7.000000,0.300000,0.500000
486,0,0,8.000000,0.500000,0.500000
487,0,0,6.000000,0.000000,0.500000
488,0,0,8.000000,0.800000,0.500000
489,1,1,7.000000,0.300000,0.500000
490,1,1,15.000000,0.900000,0.500000
491,1,1,10.000000,0.700000,0.500000
492,1,1,9.000000,0.500000,0.500000
493,0,0,6.000000,0.000000,0.500000
494,1,1,7.000000,0.300000,0.500000
495,1,1,8.000000,0.500000,0.500000
496,1,1,9.000000,0.700000,0.500000
497,1,1,21.000000,1.000000,0.500000
498,1,1,7.000000,0.300000,0.500000
499,0,0,7.000000,0.300000,0.500000
500,1,1,6.000000,0.000000,0.500000
501,0,0,7.000000,0.300000,0.500000
502,1,1,10.000000,0.700000,0.500000
503,0,0,13.000000,0.900000,0.500000
504,0,0,8.000000,0.500000,0.500000
505,1,1,6.000000,0.000000,0.500000
506,0,0,8.000000,0.500000,0.500000
507,1,1,7.000000,0.300000,0.500000
508,0,0,16.000000,1.000000,0.500000
509,0,0,6.000000,0.000000,0.500000
510,1,1,8.000000,0.500000,0.500000
511,0,0,8.000000,0.500000,0.500000
512,1,1,7.000000,0.300000,0.500000
513,0,0,10.000000,0.600000,0.500000
514,0,0,8.000000,0.500000,0.500000
515,1,1,7.000000,0.300000,0.500000
516,0,0,6.000000,0.000000,0.500000
517,0,0,8.000000,0.500000,0.500000
518,1,1,7.000000,0.300000,0.500000
519,0,0,7.000000,0.300000,0.500000
520,0,0,19.000000,0.900000,0.500000
521,0,0,8.000000,0.500000,0.500000
522,1,1,8.000000,0.500000,0.500000
523,0,0,7.000000,0.300000,0.500000
524,0,0,6.000000,0.000000,0.500000
525,0,0,6.000000,0.000000,0.500000
526,1,1,9.000000,0.700000,0.500000
527,1,1,8.000000,0.500000,0.500000
528,1,1,12.000000,0.800000,0.500000
529,0,0,7.000000,0.300000,0.500000
530,0,0,9.000000,0.700000,0.500000
531,1,1,9.000000,0.800000,0.500000
532,0,0,12.000000,0.900000,0.500000
533,0,0,8.000000,0.500000,0.500000
534,1,1,6.000000,0.000000,0.500000
535,0,0,7.000000,0.300000,0.500000
536,0,0,8.000000,0.500000,0.500000
537,1,1,11.000000,0.900000,0.500000
538,0,0,6.000000,0.000000,0.500000
539,1,1,9.000000,0.500000,0.500000
540,0,0,6.000000,0.000000,0.500000
541,1,1,8.000000,0.600000,0.500000
542,1,1,10.000000,0.700000,0.500000
543,1,1,7.000000,0.300000,0.500000
544,0,0,11.000000,0.700000,0.500000
545,0,0,7.000000,0.300000,0.500000
546,0,0,7.000000,0.300000,0.500000
547,1,1,12.000000,0.900000,0.500000
548,1,1,7.000000,0.300000,0.500000
549,0,0,11.000000,0.600000,0.500000
550,0,0,7.000000,0.300000,0.500000
551,0,0,8.000000,0.500000,0.500000
552,0,0,7.000000,0.300000,0.500000
553,1,1,8.000000,0.500000,0.500000
554,1,1,16.000000,0.900000,0.500000
555,1,1,9.000000,0.700000,0.500000
556,0,0,8.000000,0.500000,0.500000
557,0,0,9.000000,0.500000,0.500000
558,1,0,9.000000,0.800000,0.500000
559,0,0,8.000000,0.500000,0.500000
560,0,0,7.000000,0.300000,0.500000
561,1,1,8.000000,0.500000,0.500000
562,0,0,6.000000,0.000000,0.500000
563,1,1,6.000000,0.000000,0.500000
564,1,1,15.000000,0.900000,0.500000
565,0,0,12.000000,0.800000,0.500000
566,0,0,10.000000,0.700000,0.500000
567,0,0,9.000000,0.500000,0.500000
568,1,1,9.000000,0.500000,0.500000
569,1,1,9.000000,0.500000,0.500000
570,0,0,6.000000,0.000000,0.500000
571,1,1,7.000000,0.300000,0.500000
572,0,0,12.000000,0.600000,0.500000
573,1,1,8.000000,0.500000,0.500000
574,1,1,10.000000,0.400000,0.500000
575,1,1,7.000000,0.300000,0.500000
576,0,0,9.000000,0.700000,0.500000
577,0,0,7.000000,0.300000,0.500000
578,1,1,13.000000,0.800000,0.500000
579,0,0,8.000000,0.500000,0.500000
580,0,0,6.000000,0.000000,0.500000
581,1,1,8.000000,0.500000,0.500000
582,1,1,9.000000,0.700000,0.500000
583,1,1,7.000000,0.300000,0.500000
584,0,0,7.000000,0.300000,0.500000
585,1,1,12.000000,0.800000,0.500000
586,1,1,9.000000,0.700000,0.500000
587,0,0,9.000000,0.500000,0.500000
588,1,1,6.000000,0.000000,0.500000
589,1,1,8.000000,0.500000,0.500000
590,1,1,8.000000,0.500000,0.500000
591,0,0,10.000000,0.500000,0.500000
592,0,0,12.000000,0.900000,0.500000
593,1,1,11.000000,0.800000,0.500000
594,0,0,10.000000,0.900000,0.500000
595,1,1,7.000000,0.300000,0.500000
596,1,1,9.000000,0.500000,0.500000
597,0,0,8.000000,0.500000,0.500000
598,0,0,12.000000,0.800000,0.500000
599,0,0,11.000000,0.800000,0.500000
600,1,1,8.000000,0.500000,0.500000
601,0,0,7.000000,0.300000,0.500000
602,0,0,7.000000,0.300000,0.500000
603,0,0,6.000000,0.000000,0.500000
604,0,0,9.000000,0.500000,0.500000
605,0,0,10.000000,0.600000,0.500000
606,0,0,8.000000,0.500000,0.500000
607,1,1,10.000000,0.700000,0.500000
608,1,1,6.000000,0.000000,0.500000
609,0,0,12.000000,0.900000,0.500000
610,0,0,7.000000,0.300000,0.500000
611,1,1,8.000000,0.500000,0.500000
612,1,1,10.000000,0.700000,0.500000
613,1,1,7.000000,0.300000,0.500000
614,1,1,9.000000,0.700000,0.500000
615,1,1,14.000000,0.900000,0.500000
616,1,1,12.000000,0.800000,0.500000
617,1,1,9.000000,0.700000,0.500000
618,1,1,8.000000,0.800000,0.500000
619,1,1,6.000000,0.000000,0.500000
620,1,1,7.000000,0.300000,0.500000
621,0,0,15.000000,0.900000,0.500000
622,0,0,9.000000,0.700000,0.500000
623,1,1,8.000000,0.500000,0.500000
624,0,0,8.000000,0.500000,0.500000
625,0,0,7.000000,0.300000,0.500000
626,0,0,6.000000,0.000000,0.500000
627,1,1,10.000000,0.400000,0.500000
628,0,0,12.000000,0.900000,0.500000
629,1,1,15.000000,0.900000,0.500000
630,1,1,9.000000,0.500000,0.500000
631,1,1,6.000000,0.000000,0.500000
632,1,1,6.000000,0.000000,0.500000
633,0,0,9.000000,0.800000,0.500000
634,0,0,6.000000,0.000000,0.500000
635,1,1,7.000000,0.300000,0.500000
636,0,0,8.000000,0.500000,0.500000
637,0,0,7.000000,0.300000,0.500000
638,0,0,8.000000,0.500000,0.500000
639,1,1,6.000000,0.000000,0.500000
640,0,0,7.000000,0.300000,0.500000
641,1,1,7.000000,0.300000,0.500000
642,1,1,6.000000,0.000000,0.500000
643,0,0,6.000000,0.000000,0.500000
644,1,1,6.000000,0.000000,0.500000
645,1,1,13.000000,0.800000,0.500000
646,0,0,8.000000,0.500000,0.500000
647,1,1,8.000000,0.500000,0.500000
648,1,1,13.000000,0.900000,0.500000
649,0,0,9.000000,0.800000,0.500000
650,0,0,9.000000,0.800000,0.500000
651,1,1,9.000000,0.700000,0.500000
652,0,0,10.000000,0.700000,0.500000
653,1,1,7.000000,0.300000,0.500000
654,0,0,7.000000,0.300000,0.500000
655,0,0,7.000000,0.300000,0.500000
656,1,1,8.000000,0.800000,0.500000
657,0,0,9.000000,0.800000,0.500000
658,0,0,8.000000,0.500000,0.500000
659,1,1,8.000000,0.500000,0.500000
660,0,0,8.000000,0.900000,0.500000
661,1,1,9.000000,0.700000,0.500000
662,0,0,10.000000,0.700000,0.500000
663,0,0,8.000000,0.500000,0.500000
664,1,1,17.000000,0.900000,0.500000
665,1,1,10.000000,0.400000,0.500000
666,0,0,6.000000,0.000000,0.500000
667,0,0,10.000000,0.700000,0.500000
668,0,0,17.000000,0.900000,0.500000
669,1,1,12.000000,0.800000,0.500000
670,1,1,11.000000,0.700000,0.500000
671,1,1,14.000000,0.900000,0.500000
672,1,1,10.000000,0.500000,0.500000
673,1,1,6.000000,0.000000,0.500000
674,0,0,10.000000,0.700000,0.500000
675,1,1,15.000000,0.800000,0.500000
676,0,1,10.000000,0.900000,0.500000
677,1,1,8.000000,0.700000,0.500000
678,0,0,7.000000,0.300000,0.500000
679,0,0,7.000000,0.300000,0.500000
680,0,0,12.000000,0.600000,0.500000
681,1,1,6.000000,0.000000,0.500000
682,0,0,6.000000,0.000000,0.500000
683,0,0,6.000000,0.000000,0.500000
684,1,1,7.000000,0.300000,0.500000
685,0,0,13.000000,0.800000,0.500000
686,1,1,8.000000,0.500000,0.500000
687,1,0,8.000000,0.500000,0.500000
688,1,1,11.000000,0.600000,0.500000
689,1,1,6.000000,0.000000,0.500000
690,0,0,10.000000,0.700000,0.500000
691,1,1,7.000000,0.300000,0.500000
692,1,1,8.000000,0.800000,0.500000
693,1,1,8.000000,0.500000,0.500000
694,1,1,6.000000,0.000000,0.500000
695,1,1,9.000000,0.500000,0.500000
696,1,1,7.000000,0.300000,0.500000
697,1,1,7.000000,0.300000,0.500000
698,1,1,10.000000,0.700000,0.500000
699,1,1,10.000000,0.700000,0.500000
700,0,0,13.000000,0.900000,0.500000
701,0,0,15.000000,0.900000,0.500000
702,0,0,8.000000,0.500000,0.500000
703,0,0,7.000000,0.300000,0.500000
704,0,0,10.000000,0.700000,0.500000
705,0,0,7.000000,0.300000,0.500000
706,1,1,10.000000,0.700000,0.500000
707,0,0,13.000000,0.900000,0.500000
708,0,0,7.000000,0.300000,0.500000
709,1,1,8.000000,0.500000,0.500000
710,1,1,6.000000,0.000000,0.500000
711,1,1,6.000000,0.000000,0.500000
712,1,1,7.000000,0.300000,0.500000
713,1,1,8.000000,0.900000,0.500000
714,0,0,6.000000,0.000000,0.500000
715,1,1,6.000000,0.000000,0.500000
716,1,1,7.000000,0.300000,0.500000
717,0,0,18.000000,1.000000,0.500000
718,0,0,9.000000,0.500000,0.500000
719,1,1,19.000000,0.900000,0.500000
720,0,0,12.000000,0.900000,0.500000
721,0,0,7.000000,0.300000,0.500000
722,0,0,7.000000,0.300000,0.500000
723,1,1,10.000000,0.900000,0.500000
724,1,1,13.000000,0.900000,0.500000
725,0,0,6.000000,0.000000,0.500000
726,1,1,9.000000,0.500000,0.500000
727,1,1,7.000000,0.300000,0.500000
728,0,1,15.000000,0.900000,0.500000
729,0,0,6.000000,0.000000,0.500000
730,1,1,7.000000,0.300000,0.500000
731,0,0,10.000000,0.900000,0.500000
732,0,0,10.000000,0.700000,0.500000
733,1,1,10.000000,0.800000,0.500000
734,1,1,8.000000,0.500000,0.500000
735,0,0,8.000000,0.500000,0.500000
736,0,0,8.000000,0.500000,0.500000
737,0,0,7.000000,0.300000,0.500000
738,1,1,6.000000,0.000000,0.500000
739,1,1,7.000000,0.300000,0.500000
740,1,1,7.000000,0.300000,0.500000
741,0,0,13.000000,0.900000,0.500000
742,1,1,11.000000,0.900000,0.500000
743,1,0,12.000000,0.900000,0.500000
744,1,1,6.000000,0.000000,0.500000
745,0,0,7.000000,0.300000,0.500000
746,1,1,11.000000,0.800000,0.500000
747,0,0,9.000000,0.700000,0.500000
748,0,0,11.000000,0.600000,0.500000
749,1,1,10.000000,0.800000,0.500000
750,1,1,8.000000,0.500000,0.500000
751,1,1,6.000000,0.000000,0.500000
752,0,0,12.000000,0.600000,0.500000
753,0,0,8.000000,0.500000,0.500000
754,0,0,8.000000,0.700000,0.500000
755,1,1,6.000000,0.000000,0.500000
756,0,0,7.000000,0.300000,0.500000
757,1,1,7.000000,0.300000,0.500000
758,1,1,14.000000,0.900000,0.500000
759,0,0,10.000000,0.700000,0.500000
760,1,1,7.000000,0.300000,0.500000
761,0,0,6.000000,0.000000,0.500000
762,1,1,8.000000,0.500000,0.500000
763,1,1,14.000000,0.900000,0.500000
764,1,1,14.000000,0.900000,0.500000
765,0,0,14.000000,0.900000,0.500000
766,1,1,7.000000,0.300000,0.500000
767,0,0,7.000000,0.300000,0.500000
768,1,1,12.000000,0.900000,0.500000
769,0,0,14.000000,0.900000,0.500000
770,0,0,7.000000,0.300000,0.500000
771,1,1,7.000000,0.300000,0.500000
772,1,1,14.000000,0.900000,0.500000
773,1,1,6.000000,0.000000,0.500000
774,1,1,6.000000,0.000000,0.500000
775,0,0,15.000000,0.900000,0.500000
776,1,1,7.000000,0.300000,0.500000
777,1,1,8.000000,0.500000,0.500000
778,1,1,12.000000,0.800000,0.500000
779,0,0,9.000000,0.800000,0.500000
780,0,0,7.000000,0.300000,0.500000
781,0,0,7.000000,0.300000,0.500000
782,0,0,8.000000,0.500000,0.500000
783,0,0,12.000000,0.900000,0.500000
784,1,1,8.000000,0.500000,0.500000
785,1,1,10.000000,0.700000,0.500000
786,1,1,10.000000,0.900000,0.500000
787,0,0,8.000000,0.500000,0.500000
788,0,0,7.000000,0.300000,0.500000
789,0,0,11.000000,0.800000,0.500000
790,0,0,8.000000,0.500000,0.500000
791,0,0,6.000000,0.000000,0.500000
792,0,0,7.000000,0.300000,0.500000
793,1,1,11.000000,0.900000,0.500000
794,0,0,7.000000,0.300000,0.500000
795,1,1,7.000000,0.300000,0.500000
796,1,1,14.000000,0.900000,0.500000
797,0,0,11.000000,0.800000,0.500000
798,1,1,12.000000,0.800000,0.500000
799,0,0,6.000000,0.000000,0.500000
800,1,1,8.000000,0.700000,0.500000
801,1,1,6.000000,0.000000,0.500000
802,0,0,7.000000,0.300000,0.500000
803,0,0,18.000000,0.900000,0.500000
804,0,0,12.000000,0.900000,0.500000
805,0,0,7.000000,0.300000,0.500000
806,1,0,20.000000,1.000000,0.500000
807,0,0,6.000000,0.000000,0.500000
808,1,1,8.000000,0.700000,0.500000
809,0,0,6.000000,0.000000,0.500000
810,1,1,8.000000,0.500000,0.500000
811,1,1,7.000000,0.300000,0.500000
812,0,0,7.000000,0.300000,0.500000
813,1,1,7.000000,0.300000,0.500000
814,1,1,7.000000,0.300000,0.500000
815,0,0,7.000000,0.300000,0.500000
816,1,1,9.000000,0.700000,0.500000
817,0,0,8.000000,0.500000,0.500000
818,1,1,8.000000,0.500000,0.500000
819,1,1,8.000000,0.500000,0.500000
820,1,1,6.000000,0.000000,0.500000
821,0,0,9.000000,0.700000,0.500000
822,1,1,7.000000,0.300000,0.500000
823,1,1,7.000000,0.300000,0.500000
824,0,0,7.000000,0.300000,0.500000
825,1,1,10.000000,0.700000,0.500000
826,0,0,7.000000,0.300000,0.500000
827,0,0,12.000000,0.900000,0.500000
828,1,1,7.000000,0.300000,0.500000
829,0,0,12.000000,0.800000,0.500000
830,1,1,9.000000,0.800000,0.500000
831,1,1,7.000000,0.300000,0.500000
832,1,1,15.000000,0.900000,0.500000
833,0,0,8.000000,0.500000,0.500000
834,1,1,7.000000,0.300000,0.500000
835,1,1,6.000000,0.000000,0.500000
836,0,0,14.000000,0.800000,0.500000
837,1,1,9.000000,0.500000,0.500000
838,1,1,7.000000,0.300000,0.500000
839,0,1,8.000000,0.800000,0.500000
840,1,0,8.000000,0.800000,0.500000
841,1,1,8.000000,0.500000,0.500000
842,1,1,6.000000,0.000000,0.500000
843,0,0,7.000000,0.300000,0.500000
844,0,0,8.000000,0.500000,0.500000
845,0,0,7.000000,0.300000,0.500000
846,0,0,8.000000,0.500000,0.500000
847,1,1,7.000000,0.300000,0.500000
848,1,1,7.000000,0.300000,0.500000
849,0,0,6.000000,0.000000,0.500000
850,0,0,7.000000,0.300000,0.500000
851,0,0,8.000000,0.500000,0.500000
852,0,0,6.000000,0.000000,0.500000
853,1,1,14.000000,0.800000,0.500000
854,0,0,10.000000,0.700000,0.500000
855,1,1,6.000000,0.000000,0.500000
856,1,1,10.000000,0.600000,0.500000
857,0,0,7.000000,0.300000,0.500000
858,0,0,11.000000,0.900000,0.500000
859,0,0,10.000000,0.700000,0.500000
860,0,0,13.000000,0.800000,0.500000
861,1,1,7.000000,0.300000,0.500000
862,0,0,9.000000,0.500000,0.500000
863,0,0,10.000000,0.700000,0.500000
864,0,0,11.000000,0.800000,0.500000
865,0,0,8.000000,0.500000,0.500000
866,1,1,7.000000,0.300000,0.500000
867,1,1,7.000000,0.300000,0.500000
868,1,1,8.000000,0.500000,0.500000
869,0,0,8.000000,0.500000,0.500000
870,0,0,8.000000,0.500000,0.500000
871,0,0,6.000000,0.000000,0.500000
872,1,1,6.000000,0.000000,0.500000
873,0,1,10.000000,0.700000,0.500000
874,1,0,19.000000,0.900000,0.500000
875,0,0,12.000000,0.800000,0.500000
876,1,1,7.000000,0.300000,0.500000
877,0,0,7.000000,0.300000,0.500000
878,0,0,13.000000,0.700000,0.500000
879,0,0,11.000000,0.800000,0.500000
880,1,1,12.000000,0.800000,0.500000
881,1,1,12.000000,0.800000,0.500000
882,1,1,14.000000,0.900000,0.500000
883,1,1,7.000000,0.300000,0.500000
884,0,0,6.000000,0.000000,0.500000
885,0,0,14.000000,1.000000,0.500000
886,0,0,6.000000,0.000000,0.500000
887,1,1,8.000000,0.500000,0.500000
888,0,0,6.000000,0.000000,0.500000
889,1,1,10.000000,0.700000,0.500000
890,1,1,7.000000,0.300000,0.500000
891,0,0,7.000000,0.300000,0.500000
892,1,1,7.000000,0.300000,0.500000
893,0,1,21.000000,1.000000,0.500000
894,0,0,10.000000,0.400000,0.500000
895,1,1,10.000000,0.700000,0.500000
896,0,0,6.000000,0.000000,0.500000
897,1,1,6.000000,0.000000,0.500000
898,1,1,7.000000,0.300000,0.500000
899,1,1,7.000000,0.300000,0.500000
900,1,1,8.000000,0.500000,0.500000
901,0,0,16.000000,0.900000,0.500000
902,1,1,7.000000,0.300000,0.500000
903,0,0,7.000000,0.300000,0.500000
904,1,1,12.000000,0.900000,0.500000
905,1,1,8.000000,0.500000,0.500000
906,0,0,19.000000,0.900000,0.500000
907,1,1,13.000000,0.900000,0.500000
908,1,1,8.000000,0.500000,0.500000
909,0,0,6.000000,0.000000,0.500000
910,0,0,7.000000,0.300000,0.500000
911,0,0,10.000000,0.700000,0.500000
912,1,1,10.000000,0.700000,0.500000
913,1,1,7.000000,0.300000,0.500000
914,1,1,9.000000,0.500000,0.500000
915,0,0,7.000000,0.300000,0.500000
916,0,0,7.000000,0.300000,0.500000
917,0,0,9.000000,0.500000,0.500000
918,0,0,8.000000,0.600000,0.500000
919,1,1,6.000000,0.000000,0.500000
920,0,0,6.000000,0.000000,0.500000
921,1,1,7.000000,0.300000,0.500000
922,0,0,6.000000,0.000000,0.500000
923,1,1,17.000000,1.000000,0.500000
924,0,1,11.000000,0.900000,0.500000
925,1,1,6.000000,0.000000,0.500000
926,1,1,8.000000,0.500000,0.500000
927,1,1,11.000000,0.800000,0.500000
928,0,0,8.000000,0.500000,0.500000
929,0,0,7.000000,0.300000,0.500000
930,1,0,9.000000,0.800000,0.500000
931,1,1,6.000000,0.000000,0.500000
932,0,0,8.000000,0.500000,0.500000
933,1,1,17.000000,1.000000,0.500000
934,1,1,13.000000,0.700000,0.500000
935,0,0,13.000000,0.900000,0.500000
936,0,0,18.000000,0.900000,0.500000
937,0,0,7.000000,0.300000,0.500000
938,0,0,9.000000,0.500000,0.500000
939,0,0,7.000000,0.300000,0.500000
940,0,0,6.000000,0.000000,0.500000
941,0,0,9.000000,0.500000,0.500000
942,1,1,21.000000,0.900000,0.500000
943,1,1,12.000000,0.800000,0.500000
944,1,1,8.000000,0.500000,0.500000
945,1,1,10.000000,0.500000,0.500000
946,0,0,6.000000,0.000000,0.500000
947,0,0,10.000000,0.700000,0.500000
948,1,1,11.000000,0.800000,0.500000
949,0,0,6.000000,0.000000,0.500000
950,0,0,7.000000,0.300000,0.500000
951,0,0,8.000000,0.800000,0.500000
952,1,1,8.000000,0.500000,0.500000
953,0,0,8.000000,0.500000,0.500000
954,0,0,9.000000,0.500000,0.500000
955,0,0,8.000000,0.500000,0.500000
956,0,0,17.000000,1.000000,0.500000
957,1,1,7.000000,0.300000,0.500000
958,0,0,13.000000,0.900000,0.500000
959,0,0,8.000000,0.500000,0.500000
960,0,0,7.000000,0.300000,0.500000
961,0,0,8.000000,0.500000,0.500000
962,1,1,6.000000,0.000000,0.500000
963,0,0,13.000000,0.600000,0.500000
964,0,0,7.000000,0.300000,0.500000
965,1,1,8.000000,0.700000,0.500000
966,1,1,7.000000,0.300000,0.500000
967,1,1,11.000000,0.700000,0.500000
968,1,1,15.000000,0.800000,0.500000
969,1,1,7.000000,0.300000,0.500000
970,1,1,11.000000,0.700000,0.500000
971,0,0,10.000000,0.900000,0.500000
972,0,0,6.000000,0.000000,0.500000
973,1,1,8.000000,0.500000,0.500000
974,1,1,6.000000,0.000000,0.500000
975,1,1,7.000000,0.300000,0.500000
976,1,1,8.000000,0.500000,0.500000
977,0,0,7.000000,0.300000,0.500000
978,1,1,7.000000,0.300000,0.500000
979,0,0,13.000000,0.900000,0.500000
980,0,0,6.000000,0.000000,0.500000
981,0,0,8.000000,0.700000,0.500000
982,1,1,8.000000,0.500000,0.500000
983,0,0,8.000000,0.700000,0.500000
984,0,0,12.000000,0.900000,0.500000
985,1,1,10.000000,0.700000,0.500000
986,1,1,9.000000,0.800000,0.500000
987,1,1,7.000000,0.300000,0.500000
988,0,0,8.000000,0.500000,0.500000
989,0,0,8.000000,0.500000,0.500000
990,0,0,13.000000,0.900000,0.500000
991,1,0,8.000000,0.800000,0.500000
992,1,1,6.000000,0.000000,0.500000
993,1,1,12.000000,0.600000,0.500000
994,0,0,12.000000,0.800000,0.500000
995,1,1,8.000000,0.700000,0.500000
996,0,0,7.000000,0.300000,0.500000
997,1,1,7.000000,0.300000,0.500000
998,0,0,11.000000,0.700000,0.500000
999,0,0,8.000000,0.500000,0.500000
WorkerID,Gamma,TrueGamma
845,0.525440,0.832896
120,0.505367,1.786185
947,0.503579,1.183071
810,0.498161,0.591920
346,0.503518,2.083072
580,0.512027,1.000291
130,0.511813,0.631307
334,0.504970,0.833838
174,0.489240,0.537266
14,0.495172,0.994950
296,0.515665,1.813865
67,0.499617,0.758328
825,0.513299,1.224283
53,0.496661,2.530244
535,0.497620,1.212892
870,0.518082,1.319344
781,0.522060,1.024629
492,0.490500,1.579006
820,0.522051,0.622673
910,0.496685,1.559642
585,0.483451,1.091215
8,0.521422,2.054827
4,0.489337,0.741513
961,0.501007,0.858373
370,0.483674,0.658999
441,0.489409,0.772866
772,0.517035,1.706348
58,0.491298,0.816159
28,0.491105,0.758501
150,0.528302,1.788721
210,0.501749,1.019823
257,0.517297,1.358978
47,0.516220,1.418719
813,0.528134,1.148168
880,0.513680,0.922848
30,0.474736,0.728901
862,0.507780,1.457901
451,0.482277,0.478663
395,0.489338,1.096840
517,0.522828,1.738883
354,0.512838,1.145840
595,0.487769,0.601940
418,0.513284,0.516803
980,0.528317,1.183794
215,0.517672,1.859944
154,0.502011,1.714007
396,0.522952,1.755566
832,0.496151,1.043922
735,0.502021,0.978727
29,0.503524,0.895381
248,0.491982,0.934438
104,0.497990,0.816387
645,0.499480,0.444094
842,0.482578,1.577734
542,0.509826,1.208282
134,0.511973,0.921624
861,0.511793,2.545600
743,0.488095,0.625584
658,0.493479,1.184139
834,0.503674,1.506021
503,0.488283,0.669026
756,0.503356,0.867422
554,0.483564,0.606938
720,0.509159,1.207746
189,0.498051,0.470522
79,0.501936,1.295200
170,0.496332,1.053042
868,0.500820,0.872317
530,0.481969,0.413080
118,0.485178,0.142442
21,0.482256,0.981627
928,0.491902,0.512710
483,0.501683,1.661033
895,0.505158,0.997037
108,0.525823,1.424837
726,0.495054,0.598589
427,0.513324,0.963365
1,0.486741,0.831918
224,0.480905,0.655116
277,0.503625,1.320263
500,0.516653,0.729316
934,0.489743,0.334376
852,0.498140,0.739266
974,0.486448,0.917474
200,0.514780,0.952434
865,0.501759,1.056134
544,0.507254,1.094485
891,0.504696,0.745832
653,0.510481,1.766869
122,0.498784,0.464909
330,0.486593,1.703951
123,0.480776,2.212395
319,0.500616,0.689563
433,0.501084,0.576961
682,0.490866,0.793187
685,0.510359,1.204677
403,0.489827,0.931885
912,0.484910,0.180486
64,0.506312,0.930895
697,0.491823,0.717333
987,0.514025,0.857562
172,0.482388,1.189842
288,0.498358,0.762438
19,0.485863,0.525206
171,0.494198,0.701220
206,0.504883,0.927820
562,0.493527,0.676968
484,0.515103,2.460483
894,0.511038,0.627385
607,0.521770,1.077472
782,0.494176,3.320639
763,0.485167,1.696181
141,0.513210,0.915466
68,0.510749,0.772984
817,0.512609,0.472060
209,0.527864,1.449152
263,0.522991,1.266980
885,0.483438,0.998352
736,0.496659,2.011080
119,0.495038,1.484476
956,0.479403,0.689237
279,0.559300,1.983348
644,0.506576,0.609486
630,0.499852,0.574083
340,0.535677,1.272223
519,0.486896,0.616349
160,0.510454,1.078552
850,0.512115,0.390144
52,0.511998,0.882941
167,0.524199,1.575826
889,0.535659,1.145840
473,0.520245,1.351332
975,0.500235,2.104278
18,0.485079,0.476223
628,0.527296,1.829827
706,0.500551,0.640648
159,0.510478,0.872652
521,0.490890,1.530329
955,0.483899,0.823610
51,0.500773,2.536628
420,0.509237,1.569602
429,0.518063,2.298231
282,0.495039,1.446291
299,0.496419,1.188795
193,0.490920,1.672292
125,0.504279,0.884107
843,0.503899,1.259439
454,0.531752,0.910639
212,0.522450,0.596026
214,0.484960,0.730021
765,0.515093,1.162617
611,0.497539,1.014072
42,0.496287,0.547743
410,0.486654,0.541002
761,0.494291,1.586245
844,0.518138,0.788245
731,0.517093,1.779486
13,0.506531,1.267681
448,0.493662,1.239580
715,0.501033,1.080282
603,0.516028,1.124483
425,0.485131,0.521592
325,0.489813,1.418497
77,0.508116,0.791912
181,0.521722,2.659356
990,0.502131,1.475357
350,0.532963,2.496816
196,0.519384,1.062418
948,0.502743,1.594708
560,0.513620,1.506380
711,0.535982,0.954228
624,0.494044,0.374182
643,0.517447,1.593921
359,0.512537,1.710684
629,0.510968,0.960675
6,0.499609,1.516044
38,0.502449,0.434028
667,0.520860,0.306375
612,0.516149,1.480982
442,0.483684,0.666493
768,0.510364,1.433951
87,0.501229,0.631751
59,0.524831,1.067360
780,0.519267,3.014912
157,0.506796,0.579657
440,0.507130,0.245884
287,0.499634,1.385209
537,0.515907,2.074919
829,0.510777,1.802451
408,0.508164,1.574597
152,0.555976,1.552991
129,0.509296,1.039862
730,0.496445,0.645689
778,0.511385,1.343439
906,0.510010,1.049685
421,0.495598,1.789848
66,0.505222,0.454014
518,0.509448,2.101964
745,0.512279,3.028675
259,0.530082,1.802922
240,0.513596,1.760441
703,0.499656,0.515955
169,0.502481,0.783970
539,0.497925,0.624534
662,0.520456,1.279194
638,0.493746,0.881345
923,0.512315,1.525799
717,0.502925,0.974881
267,0.502379,0.700682
10,0.501002,0.506795
137,0.504815,2.479630
251,0.501238,0.490242
988,0.513915,2.122945
222,0.512350,1.322558
887,0.507755,1.223484
896,0.540033,1.198733
755,0.510935,0.751699
930,0.521197,2.446263
787,0.530213,1.281396
434,0.509468,0.447759
847,0.535280,2.073201
536,0.517947,1.303125
853,0.492174,0.413880
217,0.508089,0.795846
598,0.531862,2.214628
526,0.507912,1.454445
746,0.501157,0.600587
356,0.528232,1.515924
506,0.484286,0.456819
377,0.509507,0.637531
805,0.502310,0.561501
88,0.542631,1.279241
369,0.512238,1.326547
472,0.503601,1.399645
439,0.490386,0.793266
44,0.505006,1.201064
883,0.502389,0.718151
261,0.501109,0.794462
795,0.508808,2.354849
390,0.499491,1.483274
533,0.533412,0.468646
488,0.523643,1.061905
561,0.483526,0.968361
445,0.499637,1.927733
953,0.505271,1.780659
732,0.509555,0.928203
670,0.492415,0.491666
823,0.495988,0.502668
775,0.530250,2.533734
203,0.527530,1.286938
328,0.508224,1.131926
335,0.532876,1.053865
375,0.502496,0.206348
985,0.510934,1.600313
881,0.498096,0.248861
541,0.514920,0.939316
313,0.519406,0.852673
468,0.509559,0.917638
950,0.518196,2.017207
146,0.502481,1.005619
269,0.513935,1.645317
365,0.526013,1.635312
902,0.506500,1.178985
888,0.498072,0.519945
426,0.504995,1.283673
220,0.493557,1.520767
266,0.500275,0.844469
932,0.506498,0.462640
979,0.513624,0.857746
265,0.495054,1.171663
946,0.494088,0.829232
567,0.498222,0.352867
36,0.493516,0.543753
616,0.514800,1.900718
575,0.495191,1.263418
256,0.506650,1.628894
388,0.506459,0.849493
949,0.494108,0.490434
597,0.496646,0.474833
231,0.521773,2.313610
333,0.510143,2.542083
456,0.506281,1.410775
238,0.531620,1.480775
604,0.513123,2.814886
915,0.520927,0.259755
676,0.514693,1.083099
237,0.488394,0.535025
892,0.500948,0.809371
292,0.533216,1.544990
911,0.511911,1.169901
694,0.487097,1.169442
461,0.492373,0.932225
814,0.498571,1.552614
33,0.536898,1.317283
673,0.531708,0.941012
344,0.496935,1.338601
718,0.533157,1.335473
84,0.490150,1.120882
446,0.506879,0.542498
943,0.504679,1.728297
741,0.498458,1.465067
453,0.499576,1.474735
39,0.506446,0.222750
131,0.513293,2.418382
178,0.499381,1.123368
513,0.486838,1.022644
76,0.525082,1.065285
283,0.523223,1.782178
740,0.495111,1.363141
937,0.514204,1.691704
148,0.486812,0.107603
857,0.488363,0.903551
353,0.530557,1.528467
100,0.502691,1.572841
309,0.506137,1.185081
494,0.506830,1.098895
25,0.489627,0.647302
758,0.492586,0.897870
981,0.499974,0.780092
764,0.519020,1.099454
424,0.510941,0.982182
610,0.505083,1.248266
444,0.513046,1.801951
824,0.528890,2.069217
693,0.489517,0.854956
435,0.509446,0.722555
707,0.493880,1.350848
534,0.519579,2.348706
147,0.507734,0.799751
864,0.517914,1.961299
785,0.489814,0.538785
54,0.499619,0.490338
623,0.488102,1.125453
428,0.516424,0.693363
605,0.482247,0.255581
372,0.497256,0.777530
799,0.499479,0.908155
713,0.513937,1.527136
793,0.520674,1.983470
696,0.547726,1.094793
773,0.516375,1.295253
228,0.561785,1.698929
828,0.499482,1.022938
792,0.495533,0.687194
886,0.495571,0.964292
849,0.522246,1.393875
960,0.490107,0.909455
337,0.511103,0.844217
94,0.495637,0.768467
106,0.508510,0.980586
400,0.501094,1.257374
98,0.512017,0.717727
568,0.498158,1.879835
430,0.511784,1.549134
179,0.521885,1.561828
351,0.513641,1.248061
128,0.539253,1.936640
803,0.510618,0.222414
577,0.512939,2.215542
188,0.513843,1.459681
786,0.516419,0.846927
831,0.517961,0.434668
929,0.496731,0.369912
512,0.514747,1.374548
538,0.511749,0.904902
641,0.493641,0.464397
972,0.528594,0.538086
246,0.509853,0.995677
822,0.485192,0.719632
69,0.519662,0.734275
650,0.508232,1.343000
648,0.491282,1.592958
32,0.507774,0.815880
602,0.493749,1.061894
510,0.514063,0.909985
901,0.494822,0.657731
336,0.492781,1.214121
661,0.506680,0.945598
826,0.510334,0.417654
666,0.511114,0.602100
705,0.489621,0.789457
525,0.503915,1.323620
376,0.497768,2.767380
917,0.507683,0.514844
599,0.517660,1.738405
329,0.527467,2.197680
776,0.509487,0.709684
806,0.506499,1.038297
273,0.501065,0.684044
398,0.504781,0.668930
671,0.506511,1.247578
565,0.493026,0.525511
2,0.539933,1.769609
447,0.529085,1.950029
733,0.535879,1.260216
213,0.514952,0.395220
830,0.493956,0.379145
96,0.502461,1.060904
223,0.498114,1.651374
586,0.511935,0.747081
855,0.542300,1.752720
540,0.507518,0.530642
186,0.551732,0.787809
767,0.508425,1.641653
89,0.503981,0.415991
138,0.521108,0.747728
115,0.518257,1.477526
232,0.498803,0.567234
557,0.499104,2.092263
391,0.512092,1.589381
471,0.511042,1.718214
358,0.516921,0.997308
769,0.515462,0.780146
406,0.498468,0.239788
724,0.521622,0.709015
373,0.499377,0.610122
487,0.533211,1.803556
218,0.535484,0.272334
819,0.516737,1.209997
876,0.517117,1.405201
860,0.491334,0.426864
22,0.512521,0.819200
654,0.504359,1.008496
114,0.519699,1.707157
734,0.518261,0.870834
872,0.518099,0.780789
20,0.492805,1.481015
655,0.494238,0.810961
800,0.538925,0.809389
760,0.505232,0.829438
555,0.507644,1.016496
202,0.512677,1.060569
294,0.516734,1.510397
657,0.497390,0.848523
387,0.513620,1.194077
111,0.496747,0.593315
201,0.541696,2.335576
636,0.515208,1.285648
464,0.522374,0.988190
463,0.511632,1.073363
247,0.491281,0.730781
331,0.513900,0.829387
977,0.492614,0.712026
634,0.504348,1.737897
532,0.497632,0.415187
348,0.513603,0.350180
211,0.497253,0.310043
574,0.498891,1.812331
821,0.509543,1.237499
566,0.502000,2.215581
132,0.526042,2.079801
809,0.502591,1.431545
121,0.537982,1.074894
515,0.505621,0.655725
835,0.515318,2.458494
958,0.494181,0.306275
992,0.511002,1.030803
838,0.522364,1.525286
957,0.516971,1.303970
163,0.511204,1.152282
976,0.508402,0.903551
564,0.509809,0.469729
149,0.513213,1.271975
158,0.501194,2.786333
34,0.531973,1.365397
584,0.520023,1.867277
573,0.507569,1.102527
931,0.498120,1.156331
739,0.516805,1.350738
903,0.514401,1.279127
665,0.511640,0.567853
85,0.537666,3.888110
450,0.509573,1.612629
478,0.508350,2.279062
302,0.510551,0.503553
166,0.528171,2.120016
401,0.501316,2.154548
551,0.494021,1.726892
993,0.539493,3.026662
274,0.509483,2.140179
905,0.497313,1.563527
145,0.501717,1.412522
683,0.514209,1.296221
945,0.495790,0.934838
841,0.497041,0.289633
41,0.512612,0.818959
807,0.546825,2.698576
176,0.526414,1.233040
117,0.522189,1.068084
407,0.492522,1.120502
856,0.520288,1.394166
81,0.522320,1.031184
973,0.499965,1.444353
495,0.559400,1.836000
413,0.537824,0.745984
195,0.508583,1.055230
423,0.506390,1.180825
5,0.515940,0.307512
316,0.529414,0.907641
185,0.502814,1.154884
969,0.524306,0.469121
678,0.522738,0.628493
497,0.504192,1.591369
601,0.508246,0.872967
642,0.493116,0.970713
462,0.503751,1.055584
48,0.513477,1.864914
680,0.508632,0.943388
684,0.500010,0.875591
858,0.522849,0.610390
3,0.515974,1.065351
244,0.520732,0.821443
165,0.529250,1.474409
549,0.497045,0.440538
766,0.486901,1.272218
529,0.509630,0.875584
729,0.518447,0.915001
721,0.513626,0.839310
382,0.523473,1.169908
516,0.512244,0.552887
854,0.510153,0.854315
689,0.510726,1.495074
710,0.507784,0.884549
986,0.510910,1.678251
502,0.500253,0.191540
589,0.504348,0.769394
569,0.497077,0.992050
431,0.505871,1.392476
314,0.510684,2.094250
962,0.511304,0.488074
31,0.527679,1.530149
583,0.536047,0.528666
531,0.528475,0.887475
482,0.522154,0.819944
113,0.498585,0.827687
579,0.509488,1.132325
890,0.522797,1.052205
725,0.526995,1.200141
588,0.507975,0.404371
307,0.506970,1.147598
24,0.516349,0.661036
592,0.495632,1.516236
475,0.505756,0.540732
153,0.512048,0.892972
229,0.542943,1.625515
737,0.507053,1.154737
91,0.504100,0.636547
617,0.519574,0.922148
437,0.498884,0.130868
305,0.527616,1.574437
50,0.512851,0.272840
559,0.506135,1.610699
784,0.503159,0.205252
882,0.498999,0.780363
221,0.528038,0.577549
728,0.529431,1.412638
7,0.507062,0.744468
164,0.527158,0.488303
183,0.527542,2.188374
414,0.510459,2.149861
9,0.512004,0.934300
827,0.522446,2.060286
997,0.518281,0.488746
816,0.508006,1.106836
347,0.535015,1.551548
545,0.512951,0.638926
836,0.521970,0.990335
455,0.547005,1.256810
197,0.507180,1.364321
600,0.514369,0.546980
869,0.534911,2.054613
281,0.507100,1.100035
649,0.530443,0.984544
695,0.505302,1.609504
291,0.517639,1.970262
0,0.497454,1.490108
859,0.514292,0.745453
127,0.519698,0.791470
714,0.510139,1.268573
239,0.563774,1.675008
46,0.513800,0.868724
280,0.534330,1.241687
804,0.548030,1.631733
254,0.495640,1.183461
664,0.527746,1.996854
342,0.536051,1.121457
465,0.505241,0.515404
837,0.502936,1.546580
60,0.519671,1.273609
320,0.528618,1.841646
708,0.505712,1.867294
379,0.522667,1.488917
691,0.511958,1.056565
389,0.503868,1.414439
93,0.528123,1.387870
318,0.507053,1.280017
485,0.512757,1.030769
897,0.541255,1.609097
92,0.501560,0.477006
204,0.510501,0.744628
614,0.550281,1.973351
700,0.519055,0.982199
967,0.526063,0.433309
789,0.526714,1.143287
78,0.498298,1.100726
965,0.504623,0.998465
738,0.531911,1.948628
798,0.520055,0.684761
332,0.518966,1.297060
581,0.503630,0.792226
82,0.530118,0.995651
175,0.506370,0.669360
622,0.521655,0.432848
469,0.506158,0.955339
759,0.521813,3.260977
180,0.530360,1.388778
727,0.529749,1.153257
550,0.531511,1.591074
43,0.514843,1.118689
818,0.519477,0.429112
925,0.527545,0.661467
116,0.501704,1.179370
701,0.536821,0.901122
86,0.507500,1.306024
770,0.524213,1.257735
877,0.510362,0.690556
360,0.514831,0.447257
243,0.524443,1.088037
719,0.514134,1.300948
80,0.500703,1.174223
275,0.512731,0.461963
994,0.523568,1.282069
754,0.513027,0.786656
75,0.527868,0.694045
651,0.526859,1.026312
315,0.521247,1.120571
23,0.534154,1.511400
460,0.520372,1.114994
753,0.523119,1.421214
927,0.532835,1.326401
142,0.511298,1.495143
702,0.491836,0.819982
416,0.513887,0.603811
198,0.497376,2.359091
486,0.536649,1.474963
405,0.542368,0.974623
774,0.517299,1.040725
295,0.526733,0.651800
378,0.520023,0.942667
363,0.505482,0.519580
851,0.508971,1.033173
921,0.534305,1.039291
627,0.506587,1.280870
963,0.543662,2.815638
173,0.546929,1.821216
323,0.540884,1.092294
70,0.513209,1.151382
652,0.510506,0.791601
918,0.518559,0.696976
846,0.525922,1.731115
615,0.528563,1.757536
95,0.500429,1.386747
779,0.518924,1.724884
476,0.514971,0.977460
747,0.524477,0.910426
234,0.512071,1.076042
109,0.521464,2.112934
808,0.533458,0.888369
417,0.528660,0.878004
752,0.536935,1.499645
546,0.503896,0.844303
909,0.508851,0.986436
449,0.539829,1.162446
161,0.518047,1.528274
361,0.518487,3.035083
742,0.497450,0.269903
659,0.555486,2.331200
207,0.507510,1.036507
35,0.507745,1.028525
913,0.500415,0.225468
878,0.503079,1.728760
692,0.527822,1.196446
637,0.508467,0.476902
646,0.536988,0.975502
907,0.498234,0.762369
419,0.531865,0.595958
570,0.535343,2.192948
668,0.532414,0.979607
144,0.513580,1.742757
45,0.520903,2.912709
312,0.526342,0.917885
677,0.506384,0.410836
750,0.537154,0.937567
982,0.503952,2.109683
916,0.541091,1.579181
587,0.502460,0.949003
470,0.516037,1.818717
621,0.507814,1.471523
394,0.533376,1.507166
57,0.535557,1.155949
940,0.523564,1.011984
112,0.520819,0.538221
103,0.513333,0.459866
12,0.545740,2.061351
436,0.515087,0.618415
40,0.517984,1.600307
255,0.521665,0.507494
690,0.521971,1.519187
571,0.514091,1.091551
596,0.531586,1.109976
941,0.489666,0.920909
552,0.554739,2.829828
879,0.520765,1.163172
364,0.538844,2.483105
556,0.518001,0.991986
688,0.539859,1.321843
402,0.524192,2.058155
815,0.512547,0.788170
509,0.499815,1.681734
712,0.509332,1.190772
192,0.503968,0.762090
443,0.528691,1.787902
619,0.495582,0.667967
866,0.509333,0.991636
466,0.534202,2.084929
233,0.526246,1.947464
978,0.524453,4.183775
156,0.532043,1.033392
371,0.543008,2.468548
660,0.508132,0.495365
543,0.498608,0.788615
558,0.523267,2.178966
626,0.560704,1.228245
432,0.553788,1.965672
293,0.519525,1.070670
954,0.499279,0.884121
16,0.552742,2.396053
620,0.504940,1.137402
590,0.518472,0.989166
286,0.500942,0.665735
393,0.522645,1.463225
709,0.529746,1.227022
126,0.541679,2.008116
367,0.524805,0.860759
522,0.513338,1.906226
235,0.507917,1.210864
352,0.532145,1.722693
920,0.520248,1.024471
959,0.506415,0.507519
801,0.491842,1.831562
422,0.522734,1.053770
383,0.528914,1.338859
208,0.533296,1.142193
306,0.524392,0.361825
415,0.542911,0.874596
268,0.524750,1.263656
899,0.539650,1.495666
182,0.558196,1.712466
922,0.524624,1.606832
107,0.519270,2.207263
609,0.523401,1.553343
572,0.508470,1.585535
271,0.547270,2.484291
991,0.520945,1.538447
262,0.497854,0.698083
227,0.515617,0.889903
635,0.530533,1.404162
139,0.513930,1.129956
392,0.526130,1.539789
591,0.522129,3.205345
253,0.528706,1.625500
777,0.526556,0.904339
608,0.493585,0.777103
606,0.513439,0.779311
184,0.519225,2.721579
303,0.518235,2.220698
317,0.518071,1.036276
190,0.523503,0.826688
625,0.482961,0.367686
933,0.528966,2.745360
226,0.539449,2.124763
399,0.510752,1.273825
633,0.545007,1.235503
162,0.516823,1.099090
412,0.499963,1.317363
467,0.514091,1.369398
236,0.541006,2.308695
276,0.511241,0.405437
11,0.523596,2.294608
951,0.509078,0.481691
143,0.518232,0.541122
996,0.512339,1.268988
618,0.508652,1.286706
339,0.505841,1.181349
55,0.514406,0.449351
675,0.510096,0.679908
501,0.521637,0.801020
258,0.514493,1.257507
284,0.503030,0.723603
908,0.501492,0.204186
563,0.535244,0.754429
83,0.508592,0.816391
874,0.528932,1.729675
311,0.510856,1.568655
498,0.521367,1.560645
656,0.539273,1.106033
663,0.515474,2.320986
62,0.533642,1.092267
102,0.525781,0.458025
839,0.521448,0.673865
191,0.527437,1.275269
771,0.505706,0.402041
942,0.514162,0.604140
968,0.529602,1.063999
514,0.502664,0.933140
788,0.530738,3.362766
110,0.523290,1.550760
669,0.523917,1.297817
99,0.508015,0.774081
205,0.543788,1.088474
338,0.541152,1.370408
499,0.525585,1.021831
177,0.512916,0.790940
326,0.518435,0.638260
511,0.520917,1.439576
704,0.514543,1.003941
871,0.549316,1.309065
90,0.522841,1.205182
686,0.524416,1.538628
748,0.523278,1.247165
504,0.534339,1.663961
983,0.521085,0.552600
481,0.540977,3.173114
582,0.517445,2.496186
593,0.505021,0.599665
995,0.505091,0.964720
749,0.521246,0.664628
290,0.508719,1.616281
71,0.539834,0.516221
744,0.521996,1.046389
124,0.502065,0.619417
321,0.546931,1.855165
966,0.500150,0.872936
349,0.516363,1.377361
341,0.552227,1.298354
17,0.502327,0.756633
926,0.522963,1.085254
404,0.548046,1.728471
989,0.527421,1.044370
135,0.550561,2.037236
833,0.515060,1.877933
480,0.531275,1.498139
285,0.510220,1.543025
898,0.521428,2.137288
459,0.537221,1.717502
15,0.527838,2.181559
944,0.516025,1.090571
278,0.524394,1.872473
345,0.516379,1.798510
508,0.503292,1.346822
168,0.545223,0.709137
310,0.536087,0.946442
919,0.520398,2.102900
647,0.544420,1.329238
301,0.509957,0.906148
489,0.523089,0.981423
300,0.511864,0.360508
216,0.553589,1.825074
381,0.510587,0.709283
639,0.545656,1.072289
155,0.529867,0.885715
272,0.519137,1.145678
491,0.520441,0.636506
723,0.521918,2.002408
505,0.531484,2.204914
225,0.531525,1.810111
289,0.532941,1.661902
698,0.521350,0.890883
952,0.520435,1.688480
322,0.548788,1.293015
219,0.520103,1.516698
297,0.537378,0.853290
681,0.524013,2.696487
355,0.505034,0.931643
722,0.522228,1.596659
507,0.531483,3.038766
528,0.519203,0.446900
924,0.536234,0.996116
999,0.519343,1.508811
547,0.525739,0.931337
900,0.518895,0.655904
73,0.538365,1.744527
457,0.566893,1.658275
527,0.520425,1.460787
716,0.551952,1.739310
699,0.527613,1.761820
935,0.551283,0.893864
757,0.509913,0.722755
936,0.529989,1.370618
324,0.535274,0.567981
74,0.529502,1.033751
578,0.537889,3.571470
964,0.532335,1.338937
26,0.539627,1.308389
523,0.510958,1.834136
687,0.536812,1.410132
867,0.535087,1.152863
304,0.525234,3.674873
524,0.537853,1.110492
904,0.534521,2.289277
474,0.519329,1.533479
790,0.535761,0.550025
65,0.517996,0.760231
27,0.497054,2.264042
496,0.509293,1.078594
631,0.531864,2.639446
308,0.529568,1.366978
63,0.528291,0.567131
632,0.536986,1.195515
553,0.514775,0.923472
270,0.550766,2.449049
939,0.567012,0.776955
520,0.501600,1.404041
357,0.540298,2.327803
397,0.541819,0.863494
797,0.530409,0.492896
411,0.511638,0.300595
458,0.558503,1.518648
97,0.532939,1.242083
812,0.534552,1.055347
848,0.537013,1.878827
252,0.525272,1.179452
452,0.509990,0.439917
199,0.552682,0.997903
140,0.518691,2.004492
37,0.528338,1.989436
613,0.538688,0.798044
984,0.527903,1.381777
751,0.526865,1.902711
194,0.525362,1.041853
679,0.538179,0.906680
875,0.532549,0.821547
548,0.543511,1.976519
245,0.523758,1.137550
105,0.538380,2.556124
327,0.502970,1.299017
298,0.517647,1.619966
970,0.530761,0.786769
840,0.524775,1.253545
594,0.558916,2.183642
242,0.545324,1.271435
380,0.520823,0.792378
101,0.537857,0.896516
783,0.570647,3.119225
796,0.549243,2.167610
362,0.527175,1.805915
368,0.537006,0.614718
250,0.513128,0.212515
136,0.565387,2.079686
187,0.522457,1.877877
672,0.512035,1.112307
366,0.518615,0.381459
490,0.528030,1.922765
49,0.558890,1.930309
893,0.533486,1.353900
938,0.531877,0.469162
998,0.537780,1.535706
385,0.523673,1.611787
260,0.537145,1.661503
576,0.555404,2.068872
133,0.516528,0.299482
72,0.512787,1.068089
674,0.518271,1.937266
151,0.531976,0.972157
794,0.548303,1.844825
56,0.553897,1.877960
249,0.535441,1.656493
479,0.552896,2.120034
438,0.515760,0.613069
762,0.528925,0.856183
493,0.538232,1.546962
873,0.588433,1.508077
802,0.551877,0.874213
914,0.542109,0.831463
409,0.543147,2.141850
971,0.526949,1.385199
863,0.529493,1.192081
386,0.530093,0.391313
791,0.538270,1.127571
884,0.533277,1.298675
384,0.538399,0.831052
61,0.536151,0.712529
374,0.532547,0.798565
241,0.545466,0.824109
811,0.550698,1.809419
640,0.548676,0.952099
477,0.549312,1.343370
230,0.533919,0.527169
264,0.529580,0.685394
343,0.557221,0.691391
Average Cost: 8.920000
Accuracy: 96.800000
Accuracy 0: 100.000000
Cost 0: 6.000000
Accuracy 1: 100.000000
Cost 1: 6.000000
Accuracy 2: 100.000000
Cost 2: 6.000000
Accuracy 3: 100.000000
Cost 3: 6.000000
Accuracy 4: 100.000000
Cost 4: 6.000000
Accuracy 5: 100.000000
Cost 5: 6.000000
Accuracy 6: 100.000000
Cost 6: 6.000000
Accuracy 7: 100.000000
Cost 7: 6.000000
Accuracy 8: 100.000000
Cost 8: 6.000000
Accuracy 9: 100.000000
Cost 9: 6.000000
