Number of Worker Pools: 1
Number of Workers in Pool 1: 1000
Original mean,standardDev for Pool 1: 4.000000,0.300000
Number of Workers in Pool 2: 1000
Original mean,standardDev for Pool 2: 3.500000,0.200000
Number of Problems: 1000
ProblemNo,Answer,TrueAnswer,Cost,Difficulty,TrueDifficulty
0,1,1,8.000000,0.500000,0.500000
1,0,0,10.000000,0.400000,0.500000
2,1,1,20.000000,1.000000,0.500000
3,1,1,6.000000,0.000000,0.500000
4,0,0,7.000000,0.300000,0.500000
5,0,0,23.000000,1.000000,0.500000
6,0,0,6.000000,0.000000,0.500000
7,0,0,8.000000,0.500000,0.500000
8,0,0,9.000000,0.800000,0.500000
9,1,1,6.000000,0.000000,0.500000
10,0,0,12.000000,0.800000,0.500000
11,1,1,9.000000,0.700000,0.500000
12,1,1,10.000000,0.400000,0.500000
13,0,0,10.000000,0.800000,0.500000
14,1,1,7.000000,0.300000,0.500000
15,1,1,10.000000,0.700000,0.500000
16,1,1,7.000000,0.300000,0.500000
17,1,1,7.000000,0.300000,0.500000
18,0,0,7.000000,0.300000,0.500000
19,1,1,7.000000,0.300000,0.500000
20,1,1,7.000000,0.300000,0.500000
21,1,1,8.000000,0.500000,0.500000
22,1,1,6.000000,0.000000,0.500000
23,1,1,8.000000,0.500000,0.500000
24,1,1,9.000000,0.700000,0.500000
25,0,0,7.000000,0.300000,0.500000
26,0,0,9.000000,0.800000,0.500000
27,0,0,10.000000,0.800000,0.500000
28,1,1,6.000000,0.000000,0.500000
29,1,1,11.000000,0.600000,0.500000
30,1,1,13.000000,0.900000,0.500000
31,1,1,9.000000,0.800000,0.500000
32,0,0,6.000000,0.000000,0.500000
33,0,0,6.000000,0.000000,0.500000
34,1,1,9.000000,0.500000,0.500000
35,1,1,6.000000,0.000000,0.500000
36,1,1,7.000000,0.300000,0.500000
37,0,0,6.000000,0.000000,0.500000
38,0,0,6.000000,0.000000,0.500000
39,1,1,9.000000,0.800000,0.500000
40,0,0,11.000000,0.600000,0.500000
41,1,0,9.000000,0.500000,0.500000
42,1,1,13.000000,0.800000,0.500000
43,0,0,9.000000,0.700000,0.500000
44,0,0,6.000000,0.000000,0.500000
45,0,0,9.000000,0.700000,0.500000
46,0,0,12.000000,0.600000,0.500000
47,0,0,6.000000,0.000000,0.500000
48,1,1,6.000000,0.000000,0.500000
49,0,0,7.000000,0.300000,0.500000
50,1,1,8.000000,0.500000,0.500000
51,1,1,12.000000,0.800000,0.500000
52,1,1,13.000000,0.900000,0.500000
53,1,1,7.000000,0.300000,0.500000
54,0,0,9.000000,0.400000,0.500000
55,1,1,9.000000,0.500000,0.500000
56,0,0,7.000000,0.300000,0.500000
57,0,0,7.000000,0.300000,0.500000
58,0,0,7.000000,0.300000,0.500000
59,0,0,6.000000,0.000000,0.500000
60,0,0,17.000000,1.000000,0.500000
61,1,1,9.000000,0.700000,0.500000
62,1,0,18.000000,0.900000,0.500000
63,0,0,8.000000,0.500000,0.500000
64,1,1,11.000000,0.800000,0.500000
65,0,0,10.000000,0.600000,0.500000
66,1,1,9.000000,0.700000,0.500000
67,0,0,7.000000,0.300000,0.500000
68,1,1,8.000000,0.500000,0.500000
69,0,0,9.000000,0.700000,0.500000
70,0,0,7.000000,0.300000,0.500000
71,1,1,9.000000,0.700000,0.500000
72,0,0,10.000000,0.700000,0.500000
73,0,0,8.000000,0.500000,0.500000
74,1,1,8.000000,0.700000,0.500000
75,0,0,11.000000,0.800000,0.500000
76,0,0,9.000000,0.500000,0.500000
77,0,0,7.000000,0.300000,0.500000
78,1,1,9.000000,0.500000,0.500000
79,1,1,8.000000,0.500000,0.500000
80,0,0,9.000000,0.700000,0.500000
81,0,0,9.000000,0.800000,0.500000
82,0,0,13.000000,0.900000,0.500000
83,1,1,14.000000,0.900000,0.500000
84,0,0,12.000000,0.900000,0.500000
85,1,1,6.000000,0.000000,0.500000
86,0,0,11.000000,0.700000,0.500000
87,0,0,11.000000,0.800000,0.500000
88,0,0,7.000000,0.300000,0.500000
89,0,0,12.000000,0.800000,0.500000
90,1,1,7.000000,0.300000,0.500000
91,1,1,9.000000,0.700000,0.500000
92,1,1,9.000000,0.500000,0.500000
93,0,0,10.000000,0.700000,0.500000
94,0,0,6.000000,0.000000,0.500000
95,0,0,10.000000,0.700000,0.500000
96,1,1,6.000000,0.000000,0.500000
97,0,0,15.000000,0.900000,0.500000
98,0,0,6.000000,0.000000,0.500000
99,0,0,8.000000,0.500000,0.500000
100,1,1,9.000000,0.800000,0.500000
101,1,1,8.000000,0.500000,0.500000
102,1,1,8.000000,0.500000,0.500000
103,0,0,7.000000,0.300000,0.500000
104,0,0,7.000000,0.300000,0.500000
105,0,0,6.000000,0.000000,0.500000
106,0,0,7.000000,0.300000,0.500000
107,0,0,11.000000,0.600000,0.500000
108,1,1,10.000000,0.700000,0.500000
109,1,1,9.000000,0.700000,0.500000
110,0,0,6.000000,0.000000,0.500000
111,0,0,8.000000,0.500000,0.500000
112,1,0,9.000000,0.700000,0.500000
113,1,1,6.000000,0.000000,0.500000
114,1,1,9.000000,0.800000,0.500000
115,1,1,6.000000,0.000000,0.500000
116,0,0,8.000000,0.500000,0.500000
117,1,0,10.000000,0.800000,0.500000
118,0,0,6.000000,0.000000,0.500000
119,0,0,9.000000,0.700000,0.500000
120,0,0,9.000000,0.700000,0.500000
121,0,0,6.000000,0.000000,0.500000
122,1,1,10.000000,0.400000,0.500000
123,1,1,8.000000,0.800000,0.500000
124,0,0,14.000000,0.800000,0.500000
125,1,1,6.000000,0.000000,0.500000
126,0,0,6.000000,0.000000,0.500000
127,1,1,12.000000,0.800000,0.500000
128,1,1,8.000000,0.500000,0.500000
129,1,1,7.000000,0.300000,0.500000
130,0,0,7.000000,0.300000,0.500000
131,1,1,10.000000,0.700000,0.500000
132,0,0,13.000000,0.700000,0.500000
133,0,0,7.000000,0.300000,0.500000
134,0,0,8.000000,0.800000,0.500000
135,0,0,12.000000,0.900000,0.500000
136,1,1,8.000000,0.500000,0.500000
137,1,1,7.000000,0.300000,0.500000
138,1,1,12.000000,0.800000,0.500000
139,0,0,7.000000,0.300000,0.500000
140,1,1,7.000000,0.300000,0.500000
141,1,1,6.000000,0.000000,0.500000
142,1,1,14.000000,0.900000,0.500000
143,0,0,7.000000,0.300000,0.500000
144,0,0,9.000000,0.700000,0.500000
145,0,1,7.000000,0.300000,0.500000
146,0,0,8.000000,0.500000,0.500000
147,1,1,11.000000,0.900000,0.500000
148,0,0,10.000000,0.700000,0.500000
149,1,1,8.000000,0.500000,0.500000
150,0,0,10.000000,0.700000,0.500000
151,0,0,12.000000,0.700000,0.500000
152,1,1,7.000000,0.300000,0.500000
153,0,0,9.000000,0.700000,0.500000
154,0,0,10.000000,0.700000,0.500000
155,1,1,10.000000,0.800000,0.500000
156,0,0,7.000000,0.300000,0.500000
157,0,0,9.000000,0.800000,0.500000
158,0,0,9.000000,0.700000,0.500000
159,1,1,6.000000,0.000000,0.500000
160,0,0,9.000000,0.400000,0.500000
161,1,1,6.000000,0.000000,0.500000
162,0,0,7.000000,0.300000,0.500000
163,1,1,9.000000,0.400000,0.500000
164,1,1,7.000000,0.300000,0.500000
165,0,0,11.000000,0.800000,0.500000
166,1,1,9.000000,0.400000,0.500000
167,1,1,13.000000,0.800000,0.500000
168,1,1,6.000000,0.000000,0.500000
169,0,0,7.000000,0.300000,0.500000
170,1,1,7.000000,0.300000,0.500000
171,0,0,6.000000,0.000000,0.500000
172,1,1,6.000000,0.000000,0.500000
173,0,0,6.000000,0.000000,0.500000
174,1,1,7.000000,0.300000,0.500000
175,1,1,8.000000,0.800000,0.500000
176,1,0,11.000000,0.900000,0.500000
177,0,0,19.000000,1.000000,0.500000
178,0,0,15.000000,0.900000,0.500000
179,1,1,6.000000,0.000000,0.500000
180,0,0,6.000000,0.000000,0.500000
181,1,1,8.000000,0.500000,0.500000
182,0,0,8.000000,0.500000,0.500000
183,1,1,6.000000,0.000000,0.500000
184,1,1,6.000000,0.000000,0.500000
185,0,1,9.000000,0.800000,0.500000
186,1,1,12.000000,0.800000,0.500000
187,1,1,7.000000,0.300000,0.500000
188,1,1,8.000000,0.500000,0.500000
189,0,0,8.000000,0.500000,0.500000
190,0,0,8.000000,0.500000,0.500000
191,0,0,6.000000,0.000000,0.500000
192,0,0,6.000000,0.000000,0.500000
193,1,1,7.000000,0.300000,0.500000
194,1,1,7.000000,0.300000,0.500000
195,1,0,15.000000,0.900000,0.500000
196,0,1,14.000000,0.900000,0.500000
197,1,1,9.000000,0.800000,0.500000
198,0,0,7.000000,0.300000,0.500000
199,1,1,6.000000,0.000000,0.500000
200,1,1,9.000000,0.500000,0.500000
201,1,1,6.000000,0.000000,0.500000
202,1,1,6.000000,0.000000,0.500000
203,1,1,7.000000,0.300000,0.500000
204,0,0,11.000000,0.700000,0.500000
205,0,0,14.000000,0.900000,0.500000
206,1,1,13.000000,0.900000,0.500000
207,0,0,6.000000,0.000000,0.500000
208,0,0,6.000000,0.000000,0.500000
209,0,1,10.000000,0.900000,0.500000
210,0,0,8.000000,0.500000,0.500000
211,1,1,9.000000,0.700000,0.500000
212,0,0,7.000000,0.300000,0.500000
213,0,0,6.000000,0.000000,0.500000
214,1,1,16.000000,0.900000,0.500000
215,1,1,10.000000,0.900000,0.500000
216,0,0,8.000000,0.500000,0.500000
217,0,0,9.000000,0.500000,0.500000
218,1,1,6.000000,0.000000,0.500000
219,0,0,7.000000,0.300000,0.500000
220,0,0,13.000000,0.500000,0.500000
221,0,0,7.000000,0.300000,0.500000
222,0,0,6.000000,0.000000,0.500000
223,1,1,8.000000,0.500000,0.500000
224,0,0,16.000000,0.900000,0.500000
225,0,1,15.000000,0.900000,0.500000
226,0,0,7.000000,0.300000,0.500000
227,1,1,9.000000,0.700000,0.500000
228,1,0,14.000000,0.900000,0.500000
229,1,1,7.000000,0.300000,0.500000
230,0,0,8.000000,0.500000,0.500000
231,1,1,6.000000,0.000000,0.500000
232,1,1,7.000000,0.300000,0.500000
233,1,1,11.000000,0.700000,0.500000
234,1,1,8.000000,0.500000,0.500000
235,1,0,13.000000,0.900000,0.500000
236,1,1,8.000000,0.700000,0.500000
237,1,1,7.000000,0.300000,0.500000
238,0,0,7.000000,0.300000,0.500000
239,1,1,7.000000,0.300000,0.500000
240,0,0,8.000000,0.500000,0.500000
241,0,0,10.000000,0.900000,0.500000
242,1,1,7.000000,0.300000,0.500000
243,0,0,8.000000,0.500000,0.500000
244,1,1,7.000000,0.300000,0.500000
245,0,0,14.000000,0.700000,0.500000
246,1,1,16.000000,1.000000,0.500000
247,1,0,12.000000,0.900000,0.500000
248,0,0,10.000000,0.600000,0.500000
249,0,0,7.000000,0.300000,0.500000
250,0,0,10.000000,0.700000,0.500000
251,0,0,7.000000,0.300000,0.500000
252,0,0,8.000000,0.500000,0.500000
253,1,1,6.000000,0.000000,0.500000
254,1,1,10.000000,0.700000,0.500000
255,1,1,8.000000,0.500000,0.500000
256,0,0,11.000000,0.800000,0.500000
257,0,0,10.000000,0.800000,0.500000
258,0,0,6.000000,0.000000,0.500000
259,0,0,7.000000,0.300000,0.500000
260,0,0,7.000000,0.300000,0.500000
261,1,1,7.000000,0.300000,0.500000
262,0,0,12.000000,0.800000,0.500000
263,0,0,6.000000,0.000000,0.500000
264,0,0,11.000000,0.800000,0.500000
265,0,0,6.000000,0.000000,0.500000
266,1,1,9.000000,0.500000,0.500000
267,0,0,7.000000,0.300000,0.500000
268,1,1,7.000000,0.300000,0.500000
269,0,0,7.000000,0.300000,0.500000
270,0,0,10.000000,0.900000,0.500000
271,1,1,8.000000,0.500000,0.500000
272,1,1,7.000000,0.300000,0.500000
273,0,0,17.000000,1.000000,0.500000
274,0,0,8.000000,0.500000,0.500000
275,0,0,7.000000,0.300000,0.500000
276,0,0,8.000000,0.500000,0.500000
277,0,0,7.000000,0.300000,0.500000
278,0,0,16.000000,0.900000,0.500000
279,1,1,12.000000,0.800000,0.500000
280,1,1,7.000000,0.300000,0.500000
281,1,1,9.000000,0.500000,0.500000
282,0,0,11.000000,0.600000,0.500000
283,0,0,9.000000,0.800000,0.500000
284,0,0,7.000000,0.300000,0.500000
285,1,1,9.000000,0.700000,0.500000
286,1,1,16.000000,0.900000,0.500000
287,1,1,11.000000,0.700000,0.500000
288,0,1,11.000000,0.900000,0.500000
289,1,1,6.000000,0.000000,0.500000
290,0,0,6.000000,0.000000,0.500000
291,0,0,8.000000,0.800000,0.500000
292,1,1,13.000000,0.900000,0.500000
293,1,1,7.000000,0.300000,0.500000
294,0,0,12.000000,0.900000,0.500000
295,0,1,14.000000,0.900000,0.500000
296,1,1,8.000000,0.500000,0.500000
297,1,1,6.000000,0.000000,0.500000
298,0,0,7.000000,0.300000,0.500000
299,0,0,8.000000,0.500000,0.500000
300,0,0,7.000000,0.300000,0.500000
301,1,1,6.000000,0.000000,0.500000
302,1,1,6.000000,0.000000,0.500000
303,0,0,10.000000,0.600000,0.500000
304,0,0,16.000000,1.000000,0.500000
305,0,0,7.000000,0.300000,0.500000
306,1,0,7.000000,0.300000,0.500000
307,0,0,7.000000,0.300000,0.500000
308,1,1,6.000000,0.000000,0.500000
309,1,1,23.000000,1.000000,0.500000
310,1,1,8.000000,0.500000,0.500000
311,0,0,7.000000,0.300000,0.500000
312,1,1,9.000000,0.400000,0.500000
313,1,1,10.000000,0.800000,0.500000
314,0,0,7.000000,0.300000,0.500000
315,0,0,6.000000,0.000000,0.500000
316,1,1,8.000000,0.500000,0.500000
317,1,1,7.000000,0.300000,0.500000
318,1,1,6.000000,0.000000,0.500000
319,0,0,8.000000,0.500000,0.500000
320,0,0,8.000000,0.500000,0.500000
321,1,1,8.000000,0.500000,0.500000
322,1,1,19.000000,0.900000,0.500000
323,1,1,6.000000,0.000000,0.500000
324,0,0,7.000000,0.300000,0.500000
325,0,0,6.000000,0.000000,0.500000
326,1,1,7.000000,0.300000,0.500000
327,0,0,11.000000,0.700000,0.500000
328,1,1,6.000000,0.000000,0.500000
329,1,1,13.000000,0.900000,0.500000
330,0,0,7.000000,0.300000,0.500000
331,1,0,26.000000,1.000000,0.500000
332,0,0,7.000000,0.300000,0.500000
333,1,1,8.000000,0.500000,0.500000
334,1,1,9.000000,0.800000,0.500000
335,1,1,6.000000,0.000000,0.500000
336,1,0,11.000000,0.700000,0.500000
337,0,0,8.000000,0.500000,0.500000
338,0,0,6.000000,0.000000,0.500000
339,0,0,7.000000,0.300000,0.500000
340,0,1,11.000000,0.800000,0.500000
341,1,1,7.000000,0.300000,0.500000
342,0,0,7.000000,0.300000,0.500000
343,0,0,6.000000,0.000000,0.500000
344,0,0,12.000000,0.800000,0.500000
345,1,0,11.000000,0.900000,0.500000
346,1,1,8.000000,0.500000,0.500000
347,1,1,8.000000,0.600000,0.500000
348,0,0,10.000000,0.700000,0.500000
349,0,0,6.000000,0.000000,0.500000
350,1,1,7.000000,0.300000,0.500000
351,0,0,18.000000,0.900000,0.500000
352,1,1,9.000000,0.700000,0.500000
353,0,0,7.000000,0.300000,0.500000
354,0,0,9.000000,0.700000,0.500000
355,1,1,7.000000,0.300000,0.500000
356,1,1,7.000000,0.300000,0.500000
357,1,1,7.000000,0.300000,0.500000
358,1,1,6.000000,0.000000,0.500000
359,1,1,13.000000,0.900000,0.500000
360,0,0,6.000000,0.000000,0.500000
361,1,1,7.000000,0.300000,0.500000
362,0,0,6.000000,0.000000,0.500000
363,0,0,8.000000,0.700000,0.500000
364,1,0,16.000000,0.900000,0.500000
365,1,1,7.000000,0.300000,0.500000
366,0,0,9.000000,0.700000,0.500000
367,0,0,15.000000,0.900000,0.500000
368,0,0,8.000000,0.500000,0.500000
369,1,1,9.000000,0.500000,0.500000
370,0,0,8.000000,0.500000,0.500000
371,0,0,20.000000,1.000000,0.500000
372,1,1,7.000000,0.300000,0.500000
373,1,1,12.000000,0.800000,0.500000
374,0,0,6.000000,0.000000,0.500000
375,0,0,15.000000,0.900000,0.500000
376,1,1,13.000000,0.900000,0.500000
377,1,1,6.000000,0.000000,0.500000
378,1,1,8.000000,0.500000,0.500000
379,1,0,16.000000,0.900000,0.500000
380,0,0,12.000000,0.800000,0.500000
381,1,1,11.000000,0.800000,0.500000
382,0,0,12.000000,0.800000,0.500000
383,0,0,9.000000,0.500000,0.500000
384,0,0,8.000000,0.500000,0.500000
385,0,0,7.000000,0.300000,0.500000
386,1,1,6.000000,0.000000,0.500000
387,0,0,8.000000,0.500000,0.500000
388,1,1,13.000000,0.900000,0.500000
389,0,0,7.000000,0.300000,0.500000
390,0,0,8.000000,0.500000,0.500000
391,1,1,7.000000,0.300000,0.500000
392,1,1,13.000000,0.700000,0.500000
393,0,0,8.000000,0.500000,0.500000
394,1,1,14.000000,0.700000,0.500000
395,0,0,8.000000,0.500000,0.500000
396,0,0,6.000000,0.000000,0.500000
397,0,0,8.000000,0.500000,0.500000
398,1,1,8.000000,0.500000,0.500000
399,0,0,8.000000,0.500000,0.500000
400,1,1,9.000000,0.500000,0.500000
401,1,1,7.000000,0.300000,0.500000
402,0,0,7.000000,0.300000,0.500000
403,0,0,11.000000,0.800000,0.500000
404,0,0,11.000000,0.800000,0.500000
405,0,0,7.000000,0.300000,0.500000
406,1,1,7.000000,0.300000,0.500000
407,0,0,6.000000,0.000000,0.500000
408,1,1,7.000000,0.300000,0.500000
409,0,0,8.000000,0.500000,0.500000
410,1,1,10.000000,0.700000,0.500000
411,0,0,7.000000,0.300000,0.500000
412,1,1,15.000000,0.900000,0.500000
413,0,0,10.000000,0.900000,0.500000
414,0,0,11.000000,0.800000,0.500000
415,1,1,9.000000,0.700000,0.500000
416,0,0,8.000000,0.500000,0.500000
417,0,0,10.000000,0.700000,0.500000
418,1,1,7.000000,0.300000,0.500000
419,0,0,8.000000,0.500000,0.500000
420,1,1,15.000000,0.900000,0.500000
421,1,1,8.000000,0.500000,0.500000
422,1,1,8.000000,0.800000,0.500000
423,1,1,6.000000,0.000000,0.500000
424,1,1,10.000000,0.400000,0.500000
425,1,1,7.000000,0.300000,0.500000
426,0,0,7.000000,0.300000,0.500000
427,0,0,8.000000,0.900000,0.500000
428,1,1,7.000000,0.300000,0.500000
429,1,1,11.000000,0.600000,0.500000
430,1,1,6.000000,0.000000,0.500000
431,0,0,9.000000,0.500000,0.500000
432,1,1,6.000000,0.000000,0.500000
433,1,1,13.000000,0.900000,0.500000
434,1,1,8.000000,0.500000,0.500000
435,1,0,9.000000,0.700000,0.500000
436,0,0,7.000000,0.300000,0.500000
437,0,0,8.000000,0.500000,0.500000
438,1,1,7.000000,0.300000,0.500000
439,0,0,6.000000,0.000000,0.500000
440,1,1,6.000000,0.000000,0.500000
441,1,1,9.000000,0.400000,0.500000
442,0,0,7.000000,0.300000,0.500000
443,1,1,7.000000,0.300000,0.500000
444,0,0,6.000000,0.000000,0.500000
445,0,0,12.000000,0.900000,0.500000
446,0,1,12.000000,0.900000,0.500000
447,1,1,8.000000,0.500000,0.500000
448,1,1,9.000000,0.500000,0.500000
449,1,1,8.000000,0.500000,0.500000
450,0,0,7.000000,0.300000,0.500000
451,0,0,8.000000,0.500000,0.500000
452,0,0,7.000000,0.300000,0.500000
453,1,1,11.000000,0.900000,0.500000
454,1,1,7.000000,0.300000,0.500000
455,0,0,9.000000,0.700000,0.500000
456,1,1,8.000000,0.700000,0.500000
457,0,0,11.000000,0.600000,0.500000
458,1,1,8.000000,0.500000,0.500000
459,1,1,8.000000,0.700000,0.500000
460,0,0,9.000000,0.700000,0.500000
461,0,0,7.000000,0.300000,0.500000
462,0,0,18.000000,0.900000,0.500000
463,0,0,6.000000,0.000000,0.500000
464,1,1,8.000000,0.600000,0.500000
465,1,1,7.000000,0.300000,0.500000
466,0,1,8.000000,0.500000,0.500000
467,1,1,11.000000,0.900000,0.500000
468,0,0,7.000000,0.300000,0.500000
469,1,1,9.000000,0.500000,0.500000
470,0,0,16.000000,0.900000,0.500000
471,1,1,7.000000,0.300000,0.500000
472,1,1,8.000000,0.500000,0.500000
473,1,1,7.000000,0.300000,0.500000
474,1,1,8.000000,0.700000,0.500000
475,0,0,7.000000,0.300000,0.500000
476,0,0,8.000000,0.500000,0.500000
477,0,0,7.000000,0.300000,0.500000
478,0,0,7.000000,0.300000,0.500000
479,1,1,9.000000,0.500000,0.500000
480,1,1,23.000000,1.000000,0.500000
481,1,1,10.000000,0.700000,0.500000
482,1,1,7.000000,0.300000,0.500000
483,1,1,8.000000,0.500000,0.500000
484,1,1,9.000000,0.800000,0.500000
485,1,1,6.000000,0.000000,0.500000
486,0,0,16.000000,0.900000,0.500000
487,0,0,13.000000,0.900000,0.500000
488,1,1,6.000000,0.000000,0.500000
489,1,1,6.000000,0.000000,0.500000
490,1,1,7.000000,0.300000,0.500000
491,0,0,8.000000,0.500000,0.500000
492,1,1,16.000000,0.900000,0.500000
493,0,0,6.000000,0.000000,0.500000
494,0,1,7.000000,0.300000,0.500000
495,1,1,9.000000,0.700000,0.500000
496,0,0,9.000000,0.700000,0.500000
497,0,0,7.000000,0.300000,0.500000
498,0,0,7.000000,0.300000,0.500000
499,0,0,8.000000,0.700000,0.500000
500,1,1,8.000000,0.500000,0.500000
501,1,1,9.000000,0.500000,0.500000
502,1,1,6.000000,0.000000,0.500000
503,0,0,7.000000,0.300000,0.500000
504,0,0,7.000000,0.300000,0.500000
505,1,1,6.000000,0.000000,0.500000
506,1,1,8.000000,0.800000,0.500000
507,1,0,11.000000,0.800000,0.500000
508,1,1,13.000000,0.900000,0.500000
509,1,1,7.000000,0.300000,0.500000
510,0,0,6.000000,0.000000,0.500000
511,1,1,8.000000,0.500000,0.500000
512,0,0,8.000000,0.700000,0.500000
513,1,1,6.000000,0.000000,0.500000
514,0,0,8.000000,0.500000,0.500000
515,0,0,6.000000,0.000000,0.500000
516,1,1,8.000000,0.500000,0.500000
517,1,1,7.000000,0.300000,0.500000
518,1,1,6.000000,0.000000,0.500000
519,1,1,11.000000,0.900000,0.500000
520,0,0,10.000000,0.700000,0.500000
521,0,0,11.000000,0.700000,0.500000
522,1,1,15.000000,0.900000,0.500000
523,1,1,6.000000,0.000000,0.500000
524,1,1,13.000000,0.700000,0.500000
525,1,1,11.000000,0.800000,0.500000
526,0,0,7.000000,0.300000,0.500000
527,1,1,12.000000,0.900000,0.500000
528,0,0,8.000000,0.500000,0.500000
529,0,0,11.000000,0.800000,0.500000
530,0,0,6.000000,0.000000,0.500000
531,1,1,10.000000,0.700000,0.500000
532,0,0,8.000000,0.500000,0.500000
533,1,1,7.000000,0.300000,0.500000
534,0,0,18.000000,1.000000,0.500000
535,1,1,13.000000,0.700000,0.500000
536,0,0,9.000000,0.700000,0.500000
537,0,0,8.000000,0.500000,0.500000
538,1,1,9.000000,0.500000,0.500000
539,1,1,7.000000,0.300000,0.500000
540,0,0,6.000000,0.000000,0.500000
541,1,1,7.000000,0.300000,0.500000
542,1,1,7.000000,0.300000,0.500000
543,1,1,8.000000,0.800000,0.500000
544,0,0,7.000000,0.300000,0.500000
545,0,0,8.000000,0.700000,0.500000
546,0,0,8.000000,0.500000,0.500000
547,1,1,6.000000,0.000000,0.500000
548,0,0,9.000000,0.500000,0.500000
549,0,0,7.000000,0.300000,0.500000
550,1,1,7.000000,0.300000,0.500000
551,0,0,7.000000,0.300000,0.500000
552,0,0,7.000000,0.300000,0.500000
553,0,0,12.000000,0.900000,0.500000
554,0,0,11.000000,0.800000,0.500000
555,0,0,7.000000,0.300000,0.500000
556,1,1,11.000000,0.800000,0.500000
557,0,0,7.000000,0.300000,0.500000
558,1,1,13.000000,0.900000,0.500000
559,0,0,8.000000,0.500000,0.500000
560,1,1,12.000000,0.600000,0.500000
561,0,0,8.000000,0.500000,0.500000
562,1,1,9.000000,0.500000,0.500000
563,1,1,14.000000,1.000000,0.500000
564,0,0,6.000000,0.000000,0.500000
565,0,0,7.000000,0.300000,0.500000
566,1,0,9.000000,0.800000,0.500000
567,1,1,10.000000,0.800000,0.500000
568,1,1,10.000000,0.800000,0.500000
569,0,0,7.000000,0.300000,0.500000
570,1,1,7.000000,0.300000,0.500000
571,0,0,7.000000,0.300000,0.500000
572,1,1,6.000000,0.000000,0.500000
573,1,1,6.000000,0.000000,0.500000
574,1,1,7.000000,0.300000,0.500000
575,0,0,7.000000,0.300000,0.500000
576,1,1,7.000000,0.300000,0.500000
577,1,1,14.000000,0.900000,0.500000
578,1,0,19.000000,0.900000,0.500000
579,0,0,6.000000,0.000000,0.500000
580,1,1,8.000000,0.800000,0.500000
581,1,1,7.000000,0.300000,0.500000
582,1,1,10.000000,0.900000,0.500000
583,0,0,9.000000,0.500000,0.500000
584,1,1,13.000000,0.900000,0.500000
585,1,1,9.000000,0.700000,0.500000
586,0,1,8.000000,0.700000,0.500000
587,1,1,12.000000,0.600000,0.500000
588,1,1,6.000000,0.000000,0.500000
589,0,0,10.000000,0.800000,0.500000
590,0,0,13.000000,0.800000,0.500000
591,0,0,7.000000,0.300000,0.500000
592,0,0,8.000000,0.500000,0.500000
593,0,1,12.000000,0.900000,0.500000
594,1,1,10.000000,0.800000,0.500000
595,1,1,7.000000,0.300000,0.500000
596,1,1,11.000000,0.800000,0.500000
597,1,1,7.000000,0.300000,0.500000
598,1,1,10.000000,0.700000,0.500000
599,1,1,7.000000,0.300000,0.500000
600,1,1,7.000000,0.300000,0.500000
601,1,1,9.000000,0.500000,0.500000
602,1,1,12.000000,0.800000,0.500000
603,0,0,6.000000,0.000000,0.500000
604,0,0,6.000000,0.000000,0.500000
605,1,1,9.000000,0.700000,0.500000
606,0,0,11.000000,0.800000,0.500000
607,0,0,7.000000,0.300000,0.500000
608,1,1,7.000000,0.300000,0.500000
609,0,0,13.000000,0.900000,0.500000
610,0,0,13.000000,0.900000,0.500000
611,0,0,11.000000,0.600000,0.500000
612,0,0,8.000000,0.500000,0.500000
613,1,1,10.000000,0.700000,0.500000
614,1,1,11.000000,0.800000,0.500000
615,0,0,8.000000,0.500000,0.500000
616,1,1,6.000000,0.000000,0.500000
617,1,1,7.000000,0.300000,0.500000
618,1,1,7.000000,0.300000,0.500000
619,0,0,8.000000,0.500000,0.500000
620,0,0,8.000000,0.500000,0.500000
621,1,1,8.000000,0.500000,0.500000
622,1,1,7.000000,0.300000,0.500000
623,0,0,7.000000,0.300000,0.500000
624,1,1,7.000000,0.300000,0.500000
625,1,1,10.000000,0.800000,0.500000
626,0,0,7.000000,0.300000,0.500000
627,1,1,8.000000,0.500000,0.500000
628,0,0,8.000000,0.500000,0.500000
629,0,0,12.000000,0.800000,0.500000
630,0,0,6.000000,0.000000,0.500000
631,0,0,6.000000,0.000000,0.500000
632,1,1,10.000000,0.600000,0.500000
633,0,0,9.000000,0.800000,0.500000
634,1,1,8.000000,0.500000,0.500000
635,0,0,7.000000,0.300000,0.500000
636,0,0,7.000000,0.300000,0.500000
637,1,1,8.000000,0.500000,0.500000
638,0,0,6.000000,0.000000,0.500000
639,1,1,14.000000,0.900000,0.500000
640,0,0,7.000000,0.300000,0.500000
641,0,0,8.000000,0.500000,0.500000
642,0,0,7.000000,0.300000,0.500000
643,0,0,7.000000,0.300000,0.500000
644,0,0,6.000000,0.000000,0.500000
645,1,1,7.000000,0.300000,0.500000
646,1,1,9.000000,0.500000,0.500000
647,1,1,15.000000,1.000000,0.500000
648,1,1,6.000000,0.000000,0.500000
649,0,0,7.000000,0.300000,0.500000
650,1,1,7.000000,0.300000,0.500000
651,1,1,11.000000,0.800000,0.500000
652,0,0,8.000000,0.700000,0.500000
653,0,0,8.000000,0.500000,0.500000
654,0,0,7.000000,0.300000,0.500000
655,1,1,6.000000,0.000000,0.500000
656,0,0,7.000000,0.300000,0.500000
657,1,1,12.000000,0.700000,0.500000
658,1,1,9.000000,0.700000,0.500000
659,1,1,7.000000,0.300000,0.500000
660,0,0,7.000000,0.300000,0.500000
661,1,1,8.000000,0.700000,0.500000
662,1,1,6.000000,0.000000,0.500000
663,1,1,12.000000,0.700000,0.500000
664,1,1,6.000000,0.000000,0.500000
665,1,1,7.000000,0.300000,0.500000
666,0,0,7.000000,0.300000,0.500000
667,0,0,7.000000,0.300000,0.500000
668,0,0,7.000000,0.300000,0.500000
669,0,0,6.000000,0.000000,0.500000
670,1,1,6.000000,0.000000,0.500000
671,1,1,8.000000,0.500000,0.500000
672,0,0,15.000000,0.800000,0.500000
673,1,1,6.000000,0.000000,0.500000
674,1,1,8.000000,0.500000,0.500000
675,0,0,8.000000,0.500000,0.500000
676,0,0,15.000000,0.900000,0.500000
677,1,1,7.000000,0.300000,0.500000
678,0,0,6.000000,0.000000,0.500000
679,1,1,7.000000,0.300000,0.500000
680,0,0,7.000000,0.300000,0.500000
681,1,1,8.000000,0.500000,0.500000
682,1,0,9.000000,0.800000,0.500000
683,1,1,8.000000,0.500000,0.500000
684,0,0,11.000000,0.800000,0.500000
685,1,1,7.000000,0.300000,0.500000
686,1,1,7.000000,0.300000,0.500000
687,0,0,8.000000,0.500000,0.500000
688,1,1,6.000000,0.000000,0.500000
689,0,1,13.000000,0.900000,0.500000
690,1,1,7.000000,0.300000,0.500000
691,1,1,6.000000,0.000000,0.500000
692,1,1,16.000000,0.900000,0.500000
693,1,1,9.000000,0.800000,0.500000
694,0,0,7.000000,0.300000,0.500000
695,0,0,6.000000,0.000000,0.500000
696,1,1,6.000000,0.000000,0.500000
697,1,1,11.000000,0.600000,0.500000
698,0,0,9.000000,0.800000,0.500000
699,0,0,7.000000,0.300000,0.500000
700,0,0,8.000000,0.500000,0.500000
701,1,1,8.000000,0.500000,0.500000
702,0,0,7.000000,0.300000,0.500000
703,1,1,8.000000,0.500000,0.500000
704,0,0,11.000000,0.600000,0.500000
705,1,1,12.000000,0.900000,0.500000
706,1,1,7.000000,0.300000,0.500000
707,0,0,7.000000,0.300000,0.500000
708,0,0,8.000000,0.500000,0.500000
709,0,0,8.000000,0.500000,0.500000
710,1,1,6.000000,0.000000,0.500000
711,1,1,8.000000,0.500000,0.500000
712,1,1,8.000000,0.500000,0.500000
713,0,0,7.000000,0.300000,0.500000
714,1,1,9.000000,0.700000,0.500000
715,1,1,7.000000,0.300000,0.500000
716,1,0,12.000000,0.900000,0.500000
717,0,0,6.000000,0.000000,0.500000
718,1,1,7.000000,0.300000,0.500000
719,0,0,12.000000,0.900000,0.500000
720,0,0,8.000000,0.500000,0.500000
721,0,0,8.000000,0.700000,0.500000
722,1,1,9.000000,0.800000,0.500000
723,1,1,7.000000,0.300000,0.500000
724,0,0,6.000000,0.000000,0.500000
725,1,1,13.000000,0.900000,0.500000
726,0,0,6.000000,0.000000,0.500000
727,1,1,6.000000,0.000000,0.500000
728,1,1,7.000000,0.300000,0.500000
729,0,0,7.000000,0.300000,0.500000
730,1,1,7.000000,0.300000,0.500000
731,1,1,6.000000,0.000000,0.500000
732,1,1,9.000000,0.500000,0.500000
733,0,0,9.000000,0.700000,0.500000
734,0,0,6.000000,0.000000,0.500000
735,1,1,8.000000,0.500000,0.500000
736,1,1,8.000000,0.700000,0.500000
737,0,0,13.000000,0.900000,0.500000
738,0,0,6.000000,0.000000,0.500000
739,1,1,12.000000,0.900000,0.500000
740,0,0,6.000000,0.000000,0.500000
741,1,1,10.000000,0.600000,0.500000
742,1,1,7.000000,0.300000,0.500000
743,0,0,7.000000,0.300000,0.500000
744,1,1,8.000000,0.500000,0.500000
745,1,1,7.000000,0.300000,0.500000
746,1,1,6.000000,0.000000,0.500000
747,0,0,11.000000,0.800000,0.500000
748,0,0,6.000000,0.000000,0.500000
749,1,1,6.000000,0.000000,0.500000
750,0,0,7.000000,0.300000,0.500000
751,1,1,16.000000,0.900000,0.500000
752,1,1,8.000000,0.800000,0.500000
753,0,0,6.000000,0.000000,0.500000
754,1,1,8.000000,0.500000,0.500000
755,1,1,9.000000,0.500000,0.500000
756,0,0,6.000000,0.000000,0.500000
757,1,1,7.000000,0.300000,0.500000
758,0,0,8.000000,0.500000,0.500000
759,0,0,10.000000,0.700000,0.500000
760,0,0,9.000000,0.500000,0.500000
761,1,1,7.000000,0.300000,0.500000
762,0,0,10.000000,0.800000,0.500000
763,1,1,6.000000,0.000000,0.500000
764,0,0,16.000000,0.900000,0.500000
765,0,0,15.000000,0.900000,0.500000
766,0,0,8.000000,0.500000,0.500000
767,0,0,7.000000,0.300000,0.500000
768,0,0,10.000000,0.700000,0.500000
769,0,0,12.000000,0.600000,0.500000
770,0,0,8.000000,0.500000,0.500000
771,1,1,7.000000,0.300000,0.500000
772,1,1,7.000000,0.300000,0.500000
773,0,0,12.000000,0.900000,0.500000
774,1,0,8.000000,0.700000,0.500000
775,0,0,15.000000,0.900000,0.500000
776,0,0,7.000000,0.300000,0.500000
777,0,0,8.000000,0.800000,0.500000
778,0,0,7.000000,0.300000,0.500000
779,1,1,13.000000,0.800000,0.500000
780,1,1,8.000000,0.500000,0.500000
781,1,1,7.000000,0.300000,0.500000
782,0,0,6.000000,0.000000,0.500000
783,1,1,6.000000,0.000000,0.500000
784,1,0,9.000000,0.700000,0.500000
785,0,0,7.000000,0.300000,0.500000
786,1,1,9.000000,0.700000,0.500000
787,1,1,12.000000,0.600000,0.500000
788,0,0,6.000000,0.000000,0.500000
789,0,0,10.000000,0.700000,0.500000
790,0,0,6.000000,0.000000,0.500000
791,0,0,9.000000,0.500000,0.500000
792,1,1,7.000000,0.300000,0.500000
793,1,1,10.000000,0.700000,0.500000
794,1,1,6.000000,0.000000,0.500000
795,0,0,11.000000,0.800000,0.500000
796,0,0,6.000000,0.000000,0.500000
797,1,1,7.000000,0.300000,0.500000
798,0,0,8.000000,0.500000,0.500000
799,0,0,13.000000,0.900000,0.500000
800,0,0,7.000000,0.300000,0.500000
801,1,1,6.000000,0.000000,0.500000
802,0,0,7.000000,0.300000,0.500000
803,0,0,10.000000,0.400000,0.500000
804,0,0,10.000000,0.700000,0.500000
805,0,0,14.000000,0.900000,0.500000
806,0,0,17.000000,0.900000,0.500000
807,1,1,9.000000,0.500000,0.500000
808,1,1,6.000000,0.000000,0.500000
809,0,0,6.000000,0.000000,0.500000
810,1,1,14.000000,0.800000,0.500000
811,1,1,8.000000,0.500000,0.500000
812,0,1,8.000000,0.700000,0.500000
813,0,0,7.000000,0.300000,0.500000
814,1,1,10.000000,0.900000,0.500000
815,1,1,7.000000,0.300000,0.500000
816,1,1,8.000000,0.500000,0.500000
817,1,1,7.000000,0.300000,0.500000
818,0,0,6.000000,0.000000,0.500000
819,1,1,6.000000,0.000000,0.500000
820,0,0,7.000000,0.300000,0.500000
821,0,0,7.000000,0.300000,0.500000
822,1,1,7.000000,0.300000,0.500000
823,0,0,7.000000,0.300000,0.500000
824,0,0,7.000000,0.300000,0.500000
825,1,1,10.000000,0.700000,0.500000
826,0,0,6.000000,0.000000,0.500000
827,1,1,6.000000,0.000000,0.500000
828,1,1,7.000000,0.300000,0.500000
829,0,0,7.000000,0.300000,0.500000
830,1,1,8.000000,0.500000,0.500000
831,0,1,13.000000,0.900000,0.500000
832,1,1,6.000000,0.000000,0.500000
833,0,1,9.000000,0.800000,0.500000
834,0,0,8.000000,0.500000,0.500000
835,0,0,13.000000,0.900000,0.500000
836,0,0,8.000000,0.700000,0.500000
837,0,0,6.000000,0.000000,0.500000
838,0,0,7.000000,0.300000,0.500000
839,1,1,9.000000,0.700000,0.500000
840,0,0,7.000000,0.300000,0.500000
841,1,1,13.000000,0.900000,0.500000
842,1,1,14.000000,0.900000,0.500000
843,1,1,10.000000,0.700000,0.500000
844,1,1,14.000000,0.900000,0.500000
845,0,0,13.000000,0.900000,0.500000
846,0,0,8.000000,0.500000,0.500000
847,0,0,7.000000,0.300000,0.500000
848,0,0,9.000000,0.500000,0.500000
849,1,1,6.000000,0.000000,0.500000
850,1,1,8.000000,0.500000,0.500000
851,1,1,7.000000,0.300000,0.500000
852,1,1,9.000000,0.500000,0.500000
853,0,0,9.000000,0.500000,0.500000
854,1,1,6.000000,0.000000,0.500000
855,1,1,7.000000,0.300000,0.500000
856,0,0,7.000000,0.300000,0.500000
857,0,0,7.000000,0.300000,0.500000
858,1,0,8.000000,0.500000,0.500000
859,0,0,6.000000,0.000000,0.500000
860,1,1,7.000000,0.300000,0.500000
861,1,1,7.000000,0.300000,0.500000
862,0,0,8.000000,0.500000,0.500000
863,0,0,14.000000,0.900000,0.500000
864,1,1,7.000000,0.300000,0.500000
865,0,0,7.000000,0.300000,0.500000
866,1,1,9.000000,0.700000,0.500000
867,0,0,6.000000,0.000000,0.500000
868,0,0,11.000000,0.800000,0.500000
869,0,0,10.000000,0.700000,0.500000
870,1,1,6.000000,0.000000,0.500000
871,1,1,11.000000,0.600000,0.500000
872,1,1,9.000000,0.400000,0.500000
873,1,1,7.000000,0.300000,0.500000
874,0,0,8.000000,0.500000,0.500000
875,1,1,13.000000,0.800000,0.500000
876,1,1,7.000000,0.300000,0.500000
877,0,1,9.000000,0.800000,0.500000
878,0,0,6.000000,0.000000,0.500000
879,0,0,8.000000,0.500000,0.500000
880,1,1,10.000000,0.700000,0.500000
881,1,1,7.000000,0.300000,0.500000
882,1,1,9.000000,0.800000,0.500000
883,1,1,7.000000,0.300000,0.500000
884,1,1,11.000000,0.600000,0.500000
885,1,1,7.000000,0.300000,0.500000
886,1,1,6.000000,0.000000,0.500000
887,1,1,7.000000,0.300000,0.500000
888,0,0,12.000000,0.800000,0.500000
889,0,0,7.000000,0.300000,0.500000
890,0,0,13.000000,0.900000,0.500000
891,1,1,7.000000,0.300000,0.500000
892,0,0,7.000000,0.300000,0.500000
893,0,0,8.000000,0.500000,0.500000
894,0,0,6.000000,0.000000,0.500000
895,1,1,6.000000,0.000000,0.500000
896,0,0,8.000000,0.800000,0.500000
897,1,1,12.000000,0.800000,0.500000
898,1,1,11.000000,0.800000,0.500000
899,0,0,10.000000,0.700000,0.500000
900,1,1,12.000000,0.800000,0.500000
901,1,1,7.000000,0.300000,0.500000
902,0,0,14.000000,0.900000,0.500000
903,1,1,7.000000,0.300000,0.500000
904,0,0,7.000000,0.300000,0.500000
905,0,0,8.000000,0.500000,0.500000
906,0,0,9.000000,0.500000,0.500000
907,1,1,7.000000,0.300000,0.500000
908,1,1,7.000000,0.300000,0.500000
909,0,0,9.000000,0.700000,0.500000
910,1,1,6.000000,0.000000,0.500000
911,0,0,10.000000,0.700000,0.500000
912,1,1,7.000000,0.300000,0.500000
913,0,0,10.000000,0.700000,0.500000
914,0,0,9.000000,0.700000,0.500000
915,0,0,8.000000,0.500000,0.500000
916,1,1,7.000000,0.300000,0.500000
917,1,1,10.000000,0.400000,0.500000
918,1,1,15.000000,1.000000,0.500000
919,0,0,7.000000,0.300000,0.500000
920,0,0,14.000000,0.900000,0.500000
921,1,1,15.000000,1.000000,0.500000
922,0,0,10.000000,0.900000,0.500000
923,0,0,7.000000,0.300000,0.500000
924,0,0,6.000000,0.000000,0.500000
925,0,0,9.000000,0.700000,0.500000
926,1,1,10.000000,0.700000,0.500000
927,1,1,6.000000,0.000000,0.500000
928,0,0,8.000000,0.500000,0.500000
929,0,0,12.000000,0.900000,0.500000
930,1,1,8.000000,0.500000,0.500000
931,0,0,7.000000,0.300000,0.500000
932,1,0,13.000000,0.900000,0.500000
933,1,1,8.000000,0.500000,0.500000
934,1,1,6.000000,0.000000,0.500000
935,1,1,11.000000,0.800000,0.500000
936,0,0,8.000000,0.500000,0.500000
937,1,1,7.000000,0.300000,0.500000
938,1,1,7.000000,0.300000,0.500000
939,1,1,11.000000,0.700000,0.500000
940,1,1,8.000000,0.500000,0.500000
941,1,1,14.000000,0.900000,0.500000
942,1,1,6.000000,0.000000,0.500000
943,0,0,10.000000,0.400000,0.500000
944,1,1,7.000000,0.300000,0.500000
945,0,0,7.000000,0.300000,0.500000
946,1,1,13.000000,0.900000,0.500000
947,0,0,8.000000,0.500000,0.500000
948,0,0,9.000000,0.700000,0.500000
949,0,0,7.000000,0.300000,0.500000
950,1,1,6.000000,0.000000,0.500000
951,1,1,9.000000,0.400000,0.500000
952,0,0,10.000000,0.700000,0.500000
953,0,1,10.000000,0.800000,0.500000
954,1,1,8.000000,0.500000,0.500000
955,0,0,10.000000,0.700000,0.500000
956,0,0,12.000000,0.800000,0.500000
957,1,1,8.000000,0.500000,0.500000
958,0,0,13.000000,0.700000,0.500000
959,0,0,9.000000,0.500000,0.500000
960,1,1,8.000000,0.700000,0.500000
961,1,1,9.000000,0.700000,0.500000
962,1,1,8.000000,0.500000,0.500000
963,0,0,9.000000,0.400000,0.500000
964,1,1,7.000000,0.300000,0.500000
965,0,1,14.000000,0.800000,0.500000
966,0,0,6.000000,0.000000,0.500000
967,0,0,16.000000,0.900000,0.500000
968,0,0,7.000000,0.300000,0.500000
969,1,1,7.000000,0.300000,0.500000
970,1,1,7.000000,0.300000,0.500000
971,0,0,7.000000,0.300000,0.500000
972,0,0,7.000000,0.300000,0.500000
973,1,1,12.000000,0.600000,0.500000
974,0,0,13.000000,0.800000,0.500000
975,0,0,8.000000,0.500000,0.500000
976,1,1,8.000000,0.500000,0.500000
977,0,0,8.000000,0.500000,0.500000
978,1,1,12.000000,0.900000,0.500000
979,0,0,11.000000,0.600000,0.500000
980,1,1,7.000000,0.300000,0.500000
981,0,0,10.000000,0.700000,0.500000
982,0,0,8.000000,0.500000,0.500000
983,1,1,7.000000,0.300000,0.500000
984,1,1,8.000000,0.500000,0.500000
985,0,0,11.000000,0.600000,0.500000
986,0,0,7.000000,0.300000,0.500000
987,1,1,11.000000,0.700000,0.500000
988,0,0,7.000000,0.300000,0.500000
989,0,0,7.000000,0.300000,0.500000
990,0,0,12.000000,0.800000,0.500000
991,1,1,8.000000,0.500000,0.500000
992,0,0,8.000000,0.500000,0.500000
993,1,1,7.000000,0.300000,0.500000
994,1,1,6.000000,0.000000,0.500000
995,1,1,7.000000,0.300000,0.500000
996,0,1,9.000000,0.800000,0.500000
997,1,1,6.000000,0.000000,0.500000
998,1,1,6.000000,0.000000,0.500000
999,0,0,13.000000,0.900000,0.500000
WorkerID,Gamma,TrueGamma
374,0.498255,0.798565
117,0.509509,1.068084
567,0.474941,0.352867
566,0.521888,2.215581
546,0.482008,0.844303
310,0.478491,0.946442
87,0.510741,0.631751
734,0.476506,0.870834
299,0.490527,1.188795
246,0.505982,0.995677
371,0.526906,2.468548
547,0.510348,0.931337
439,0.518469,0.793266
373,0.501093,0.610122
926,0.471477,1.085254
683,0.561375,1.296221
478,0.553379,2.279062
313,0.513197,0.852673
933,0.476180,2.745360
456,0.521682,1.410775
746,0.508807,0.600587
394,0.532168,1.507166
352,0.558707,1.722693
840,0.468522,1.253545
435,0.522638,0.722555
454,0.523761,0.910639
193,0.505431,1.672292
209,0.532623,1.449152
643,0.529645,1.593921
991,0.492875,1.538447
589,0.502325,0.769394
575,0.502567,1.263418
17,0.487102,0.756633
132,0.510313,2.079801
847,0.495838,2.073201
397,0.505630,0.863494
697,0.494544,0.717333
300,0.475202,0.360508
935,0.457593,0.893864
875,0.475825,0.821547
489,0.491168,0.981423
290,0.494989,1.616281
139,0.483290,1.129956
24,0.465341,0.661036
656,0.479978,1.106033
127,0.500563,0.791470
523,0.483270,1.834136
460,0.500589,1.114994
947,0.522642,1.183071
160,0.527206,1.078552
28,0.521427,0.758501
294,0.535282,1.510397
509,0.491011,1.681734
688,0.519504,1.321843
550,0.462469,1.591074
852,0.488076,0.739266
931,0.497971,1.156331
26,0.536715,1.308389
131,0.520284,2.418382
603,0.535983,1.124483
386,0.490140,0.391313
890,0.521107,1.052205
38,0.483265,0.434028
987,0.497846,0.857562
891,0.483497,0.745832
917,0.481194,0.514844
782,0.497916,3.320639
641,0.487937,0.464397
437,0.470014,0.130868
828,0.479680,1.022938
831,0.467980,0.434668
137,0.537309,2.479630
776,0.508133,0.709684
57,0.473457,1.155949
816,0.485904,1.106836
642,0.507962,0.970713
590,0.556175,0.989166
0,0.500479,1.490108
542,0.496432,1.208282
110,0.495444,1.550760
113,0.498393,0.827687
392,0.524149,1.539789
7,0.477583,0.744468
552,0.465614,2.829828
343,0.522100,0.691391
505,0.535025,2.204914
743,0.477701,0.625584
248,0.497522,0.934438
944,0.505761,1.090571
309,0.520167,1.185081
671,0.514040,1.247578
272,0.522342,1.145678
545,0.475786,0.638926
601,0.487928,0.872967
532,0.474237,0.415187
52,0.521577,0.882941
36,0.460619,0.543753
174,0.475646,0.537266
618,0.551533,1.286706
180,0.558038,1.388778
594,0.475408,2.183642
918,0.537642,0.696976
715,0.518014,1.080282
269,0.532825,1.645317
952,0.488061,1.688480
1,0.482635,0.831918
793,0.493113,1.983470
853,0.486272,0.413880
830,0.462639,0.379145
345,0.490769,1.798510
461,0.510175,0.932225
398,0.524179,0.668930
864,0.508320,1.961299
418,0.485435,0.516803
960,0.511036,0.909455
592,0.527233,1.516236
331,0.512382,0.829387
448,0.508304,1.239580
358,0.485831,0.997308
42,0.485519,0.547743
265,0.529734,1.171663
754,0.497459,0.786656
720,0.515257,1.207746
539,0.462549,0.624534
173,0.572185,1.821216
982,0.500619,2.109683
32,0.529853,0.815880
301,0.503672,0.906148
895,0.518133,0.997037
181,0.575599,2.659356
821,0.483426,1.237499
560,0.512909,1.506380
390,0.573183,1.483274
488,0.485697,1.061905
777,0.506167,0.904339
21,0.510796,0.981627
436,0.536197,0.618415
885,0.463065,0.998352
472,0.540976,1.399645
785,0.472254,0.538785
769,0.473764,0.780146
227,0.514757,0.889903
676,0.515016,1.083099
327,0.495539,1.299017
838,0.510687,1.525286
430,0.547127,1.549134
818,0.478707,0.429112
667,0.480068,0.306375
665,0.482171,0.567853
689,0.546405,1.495074
368,0.505090,0.614718
403,0.478341,0.931885
237,0.470408,0.535025
155,0.467632,0.885715
714,0.497264,1.268573
37,0.529871,1.989436
102,0.513372,0.458025
925,0.483203,0.661467
427,0.503482,0.963365
426,0.524937,1.283673
961,0.490686,0.858373
306,0.497175,0.361825
277,0.523010,1.320263
692,0.504967,1.196446
497,0.530173,1.591369
257,0.550957,1.358978
105,0.537617,2.556124
678,0.504677,0.628493
504,0.492107,1.663961
581,0.497068,0.792226
799,0.541568,0.908155
210,0.498827,1.019823
798,0.496516,0.684761
502,0.504511,0.191540
652,0.509106,0.791601
959,0.518888,0.507519
141,0.512427,0.915466
429,0.562551,2.298231
20,0.512482,1.481015
506,0.551014,0.456819
317,0.473956,1.036276
907,0.510855,0.762369
887,0.501164,1.223484
657,0.479263,0.848523
774,0.553846,1.040725
646,0.484095,0.975502
149,0.508149,1.271975
365,0.504094,1.635312
801,0.526048,1.831562
977,0.489261,0.712026
913,0.481520,0.225468
337,0.503085,0.844217
228,0.535118,1.698929
452,0.490976,0.439917
607,0.547107,1.077472
408,0.490315,1.574597
256,0.506475,1.628894
321,0.560251,1.855165
584,0.512998,1.867277
674,0.576945,1.937266
92,0.491920,0.477006
602,0.534407,1.061894
585,0.501615,1.091215
172,0.481648,1.189842
844,0.497465,0.788245
653,0.492364,1.766869
298,0.520963,1.619966
524,0.494366,1.110492
438,0.533704,0.613069
541,0.475605,0.939316
749,0.489441,0.664628
989,0.487373,1.044370
451,0.530659,0.478663
970,0.558537,0.786769
229,0.478966,1.625515
89,0.478727,0.415991
655,0.476468,0.810961
985,0.491370,1.600313
178,0.527769,1.123368
957,0.502711,1.303970
551,0.550849,1.726892
634,0.538813,1.737897
576,0.478748,2.068872
593,0.492051,0.599665
116,0.491953,1.179370
896,0.487013,1.198733
790,0.511531,0.550025
858,0.507126,0.610390
411,0.518595,0.300595
379,0.530992,1.488917
501,0.523980,0.801020
350,0.511180,2.496816
564,0.501524,0.469729
349,0.567871,1.377361
147,0.509143,0.799751
157,0.475464,0.579657
367,0.511023,0.860759
855,0.518004,1.752720
90,0.594311,1.205182
483,0.527608,1.661033
902,0.541555,1.178985
748,0.549730,1.247165
280,0.499367,1.241687
700,0.539511,0.982199
75,0.496160,0.694045
13,0.486007,1.267681
119,0.524094,1.484476
521,0.486888,1.530329
515,0.476731,0.655725
2,0.491913,1.769609
712,0.499682,1.190772
218,0.494915,0.272334
904,0.524403,2.289277
286,0.516706,0.665735
347,0.505834,1.551548
737,0.514533,1.154737
822,0.511317,0.719632
739,0.542691,1.350738
722,0.536084,1.596659
747,0.477197,0.910426
682,0.471739,0.793187
691,0.501309,1.056565
48,0.491782,1.864914
654,0.540597,1.008496
990,0.552293,1.475357
202,0.531764,1.060569
967,0.514316,0.433309
911,0.525399,1.169901
79,0.508241,1.295200
998,0.549884,1.535706
629,0.548549,0.960675
969,0.481797,0.469121
694,0.496636,1.169442
997,0.486085,0.488746
533,0.498181,0.468646
78,0.489054,1.100726
476,0.505995,0.977460
223,0.506072,1.651374
421,0.572810,1.789848
832,0.520002,1.043922
690,0.496286,1.519187
897,0.522642,1.609097
251,0.483792,0.490242
794,0.511555,1.844825
101,0.541681,0.896516
389,0.502372,1.414439
104,0.531645,0.816387
316,0.516710,0.907641
559,0.517585,1.610699
440,0.471596,0.245884
633,0.560443,1.235503
719,0.484104,1.300948
323,0.479389,1.092294
632,0.498808,1.195515
968,0.546216,1.063999
109,0.541514,2.112934
496,0.476377,1.078594
680,0.535251,0.943388
809,0.504211,1.431545
580,0.508884,1.000291
220,0.537704,1.520767
586,0.528535,0.747081
971,0.502015,1.385199
950,0.491506,2.017207
525,0.514047,1.323620
293,0.501783,1.070670
161,0.532979,1.528274
93,0.491239,1.387870
771,0.474998,0.402041
434,0.496543,0.447759
338,0.508216,1.370408
645,0.468768,0.444094
701,0.481471,0.901122
261,0.524122,0.794462
54,0.494262,0.490338
556,0.491998,0.991986
820,0.501359,0.622673
877,0.495700,0.690556
901,0.545099,0.657731
284,0.517744,0.723603
84,0.510460,1.120882
360,0.509203,0.447257
296,0.547250,1.813865
949,0.473713,0.490434
95,0.547741,1.386747
114,0.525910,1.707157
361,0.526529,3.035083
929,0.498318,0.369912
278,0.540712,1.872473
867,0.519024,1.152863
125,0.513948,0.884107
159,0.481186,0.872652
718,0.498965,1.335473
883,0.540472,0.718151
388,0.516102,0.849493
721,0.519470,0.839310
355,0.514196,0.931643
639,0.483504,1.072289
631,0.533544,2.639446
182,0.588886,1.712466
128,0.494158,1.936640
45,0.516656,2.912709
965,0.517392,0.998465
636,0.505982,1.285648
382,0.517056,1.169908
235,0.531381,1.210864
767,0.574167,1.641653
143,0.501138,0.541122
493,0.493604,1.546962
744,0.509348,1.046389
405,0.513308,0.974623
731,0.504408,1.779486
898,0.487097,2.137288
43,0.492600,1.118689
106,0.506594,0.980586
549,0.483371,0.440538
156,0.560237,1.033392
761,0.504813,1.586245
282,0.506510,1.446291
906,0.493442,1.049685
151,0.521798,0.972157
951,0.478975,0.481691
530,0.487298,0.413080
979,0.498878,0.857746
513,0.486533,1.022644
206,0.484928,0.927820
621,0.497073,1.471523
200,0.527696,0.952434
597,0.501137,0.474833
364,0.485816,2.483105
727,0.501691,1.153257
67,0.513494,0.758328
640,0.489308,0.952099
905,0.503348,1.563527
99,0.491489,0.774081
995,0.472047,0.964720
948,0.504798,1.594708
806,0.525896,1.038297
423,0.500031,1.180825
176,0.550931,1.233040
649,0.490728,0.984544
503,0.481072,0.669026
622,0.523131,0.432848
507,0.476987,3.038766
651,0.484320,1.026312
939,0.487146,0.776955
614,0.519794,1.973351
211,0.491316,0.310043
447,0.545730,1.950029
97,0.557520,1.242083
945,0.514816,0.934838
934,0.512684,0.334376
561,0.491650,0.968361
783,0.506522,3.119225
724,0.473818,0.709015
615,0.516942,1.757536
577,0.504171,2.215542
930,0.543466,2.446263
835,0.537357,2.458494
583,0.516367,0.528666
144,0.572668,1.742757
376,0.494149,2.767380
406,0.483692,0.239788
455,0.527773,1.256810
375,0.494063,0.206348
247,0.479453,0.730781
402,0.559757,2.058155
307,0.516682,1.147598
479,0.501769,2.120034
779,0.548795,1.724884
920,0.486212,1.024471
395,0.488392,1.096840
268,0.528859,1.263656
319,0.475843,0.689563
578,0.576986,3.571470
710,0.507474,0.884549
538,0.537175,0.904902
270,0.501366,2.449049
762,0.507101,0.856183
473,0.578890,1.351332
9,0.525962,0.934300
262,0.501859,0.698083
416,0.519341,0.603811
11,0.526600,2.294608
791,0.513959,1.127571
882,0.492523,0.780363
86,0.498927,1.306024
241,0.522062,0.824109
366,0.499114,0.381459
121,0.498780,1.074894
55,0.502136,0.449351
596,0.525726,1.109976
41,0.493765,0.818959
281,0.512834,1.100035
192,0.484601,0.762090
742,0.506260,0.269903
10,0.506489,0.506795
336,0.498884,1.214121
14,0.484923,0.994950
805,0.522897,0.561501
415,0.526021,0.874596
59,0.539576,1.067360
698,0.542486,0.890883
77,0.507111,0.791912
130,0.485028,0.631307
183,0.543064,2.188374
384,0.526770,0.831052
717,0.500594,0.974881
311,0.551934,1.568655
637,0.502606,0.476902
329,0.572316,2.197680
31,0.516266,1.530149
604,0.626038,2.814886
88,0.524527,1.279241
477,0.551635,1.343370
916,0.576482,1.579181
512,0.597002,1.374548
124,0.484674,0.619417
233,0.526056,1.947464
696,0.556260,1.094793
342,0.536378,1.121457
824,0.534069,2.069217
811,0.556448,1.809419
420,0.512746,1.569602
872,0.534863,0.780789
865,0.557909,1.056134
531,0.510235,0.887475
941,0.529729,0.920909
613,0.540489,0.798044
446,0.534794,0.542498
283,0.598934,1.782178
955,0.527087,0.823610
921,0.537102,1.039291
732,0.519104,0.928203
58,0.505277,0.816159
661,0.543551,0.945598
910,0.539628,1.559642
346,0.553973,2.083072
369,0.539905,1.326547
972,0.508419,0.538086
140,0.540014,2.004492
56,0.497915,1.877960
260,0.529167,1.661503
226,0.529717,2.124763
540,0.509717,0.530642
780,0.576482,3.014912
751,0.545089,1.902711
677,0.498364,0.410836
673,0.510736,0.941012
876,0.518255,1.405201
628,0.533620,1.829827
797,0.497565,0.492896
635,0.530672,1.404162
287,0.509956,1.385209
175,0.516173,0.669360
708,0.551798,1.867294
62,0.523235,1.092267
33,0.522891,1.317283
267,0.520190,0.700682
599,0.534610,1.738405
932,0.532799,0.462640
318,0.558028,1.280017
974,0.507217,0.917474
670,0.558791,0.491666
29,0.474280,0.895381
873,0.497503,1.508077
357,0.533895,2.327803
465,0.513516,0.515404
610,0.524980,1.248266
49,0.525548,1.930309
889,0.539774,1.145840
554,0.498735,0.606938
230,0.521829,0.527169
527,0.551011,1.460787
612,0.541879,1.480982
136,0.546793,2.079686
843,0.542087,1.259439
240,0.553728,1.760441
44,0.505142,1.201064
12,0.565887,2.061351
595,0.485152,0.601940
103,0.493219,0.459866
208,0.554692,1.142193
69,0.501532,0.734275
274,0.533510,2.140179
275,0.504389,0.461963
966,0.508531,0.872936
605,0.517854,0.255581
609,0.503316,1.553343
544,0.537275,1.094485
64,0.507636,0.930895
199,0.507855,0.997903
658,0.523973,1.184139
888,0.514766,0.519945
205,0.572076,1.088474
491,0.517731,0.636506
468,0.522373,0.917638
380,0.510461,0.792378
817,0.542267,0.472060
928,0.548555,0.512710
120,0.533263,1.786185
573,0.545104,1.102527
848,0.515173,1.878827
255,0.489612,0.507494
787,0.484402,1.281396
800,0.506753,0.809389
464,0.518771,0.988190
91,0.484512,0.636547
879,0.547356,1.163172
687,0.512947,1.410132
108,0.510307,1.424837
617,0.548528,0.922148
729,0.507454,0.915001
171,0.514593,0.701220
980,0.532100,1.183794
522,0.598687,1.906226
738,0.560574,1.948628
826,0.502093,0.417654
134,0.497725,0.921624
428,0.503208,0.693363
486,0.536066,1.474963
846,0.562505,1.731115
419,0.532001,0.595958
285,0.539507,1.543025
61,0.513254,0.712529
475,0.509560,0.540732
953,0.547019,1.780659
383,0.492619,1.338859
759,0.539900,3.260977
325,0.524628,1.418497
850,0.504553,0.390144
264,0.540251,0.685394
870,0.568802,1.319344
393,0.542523,1.463225
702,0.497962,0.819982
773,0.522340,1.295253
707,0.532724,1.350848
249,0.511170,1.656493
841,0.544306,0.289633
499,0.504644,1.021831
129,0.522762,1.039862
562,0.508478,0.676968
372,0.522838,0.777530
370,0.529051,0.658999
245,0.505443,1.137550
973,0.564630,1.444353
569,0.553412,0.992050
53,0.587931,2.530244
662,0.505747,1.279194
71,0.521965,0.516221
571,0.566114,1.091551
94,0.535084,0.768467
239,0.545038,1.675008
5,0.524747,0.307512
212,0.551634,0.596026
745,0.557171,3.028675
377,0.520465,0.637531
27,0.576035,2.264042
548,0.602091,1.976519
424,0.540253,0.982182
529,0.514187,0.875584
453,0.543740,1.474735
123,0.542074,2.212395
263,0.550058,1.266980
666,0.492537,0.602100
19,0.536734,0.525206
340,0.558686,1.272223
511,0.575974,1.439576
4,0.504707,0.741513
354,0.553486,1.145840
624,0.508149,0.374182
232,0.486794,0.567234
315,0.501260,1.120571
291,0.533168,1.970262
938,0.558581,0.469162
195,0.528805,1.055230
510,0.521711,0.909985
660,0.541273,0.495365
863,0.525400,1.192081
808,0.518238,0.888369
169,0.519556,0.783970
958,0.485463,0.306275
802,0.530850,0.874213
224,0.502284,0.655116
874,0.555325,1.729675
414,0.532673,2.149861
572,0.557042,1.585535
353,0.536366,1.528467
481,0.561955,3.173114
8,0.528567,2.054827
681,0.542538,2.696487
675,0.482021,0.679908
266,0.565690,0.844469
623,0.537643,1.125453
187,0.589093,1.877877
849,0.556102,1.393875
391,0.537018,1.589381
82,0.521876,0.995651
138,0.538480,0.747728
999,0.535234,1.508811
314,0.536514,2.094250
207,0.572260,1.036507
741,0.541312,1.465067
679,0.509570,0.906680
924,0.585117,0.996116
508,0.615481,1.346822
672,0.571752,1.112307
467,0.513221,1.369398
963,0.527341,2.815638
986,0.568140,1.678251
518,0.580903,2.101964
470,0.556965,1.818717
638,0.563202,0.881345
469,0.500606,0.955339
498,0.573423,1.560645
463,0.535479,1.073363
431,0.521466,1.392476
962,0.539072,0.488074
834,0.547035,1.506021
591,0.541201,3.205345
341,0.557113,1.298354
107,0.526746,2.207263
190,0.525057,0.826688
964,0.534195,1.338937
126,0.528229,2.008116
627,0.547523,1.280870
893,0.535242,1.353900
112,0.523339,0.538221
302,0.510284,0.503553
196,0.521382,1.062418
644,0.530530,0.609486
47,0.503659,1.418719
819,0.534241,1.209997
736,0.524619,2.011080
76,0.531380,1.065285
243,0.508305,1.088037
900,0.564216,0.655904
18,0.512241,0.476223
326,0.527208,0.638260
122,0.495000,0.464909
725,0.522690,1.200141
881,0.498488,0.248861
381,0.531093,0.709283
871,0.561051,1.309065
854,0.526469,0.854315
555,0.521651,1.016496
730,0.509495,0.645689
685,0.485175,1.204677
400,0.552194,1.257374
792,0.563460,0.687194
686,0.610874,1.538628
177,0.576457,0.790940
711,0.542641,0.954228
242,0.527500,1.271435
684,0.546423,0.875591
726,0.521099,0.598589
760,0.547910,0.829438
936,0.543030,1.370618
303,0.571709,2.220698
740,0.507635,1.363141
878,0.525750,1.728760
668,0.554118,0.979607
154,0.533335,1.714007
862,0.537501,1.457901
459,0.559422,1.717502
996,0.523499,1.268988
795,0.553983,2.354849
630,0.539058,0.574083
412,0.507817,1.317363
903,0.518933,1.279127
203,0.546118,1.286938
709,0.539661,1.227022
118,0.529880,0.142442
611,0.505913,1.014072
135,0.566475,2.037236
733,0.536120,1.260216
164,0.523976,0.488303
111,0.523823,0.593315
185,0.536605,1.154884
23,0.544220,1.511400
620,0.508254,1.137402
664,0.513306,1.996854
441,0.493366,0.772866
574,0.536376,1.812331
417,0.516571,0.878004
536,0.511491,1.303125
466,0.559400,2.084929
276,0.522118,0.405437
333,0.636830,2.542083
899,0.543713,1.495666
756,0.536444,0.867422
975,0.580098,2.104278
994,0.577388,1.282069
378,0.529171,0.942667
775,0.562797,2.533734
650,0.538191,1.343000
471,0.527118,1.718214
487,0.536544,1.803556
216,0.539252,1.825074
351,0.515339,1.248061
60,0.549050,1.273609
908,0.526887,0.204186
442,0.560394,0.666493
619,0.591074,0.667967
179,0.526432,1.561828
856,0.570983,1.394166
884,0.542254,1.298675
494,0.540716,1.098895
163,0.573397,1.152282
716,0.548117,1.739310
861,0.532093,2.545600
537,0.577243,2.074919
244,0.530293,0.821443
385,0.554810,1.611787
46,0.533995,0.868724
772,0.557709,1.706348
956,0.519305,0.689237
25,0.518719,0.647302
943,0.571679,1.728297
167,0.563888,1.575826
96,0.580611,1.060904
750,0.534026,0.937567
50,0.558079,0.272840
165,0.553052,1.474409
490,0.541909,1.922765
519,0.499339,0.616349
98,0.572001,0.717727
909,0.513479,0.986436
764,0.519487,1.099454
322,0.516906,1.293015
608,0.536570,0.777103
765,0.504381,1.162617
829,0.522741,1.802451
73,0.548330,1.744527
258,0.508765,1.257507
981,0.531870,0.780092
450,0.520742,1.612629
851,0.534919,1.033173
422,0.546367,1.053770
753,0.570805,1.421214
526,0.526467,1.454445
334,0.536548,0.833838
859,0.504495,0.745453
616,0.522172,1.900718
833,0.511296,1.877933
204,0.523307,0.744628
68,0.535271,0.772984
976,0.503364,0.903551
142,0.544445,1.495143
356,0.551935,1.515924
40,0.588429,1.600307
648,0.516519,1.592958
940,0.532709,1.011984
598,0.536621,2.214628
565,0.561477,0.525511
363,0.572455,0.519580
706,0.529930,0.640648
410,0.563575,0.541002
148,0.491910,0.107603
198,0.579125,2.359091
866,0.570245,0.991636
784,0.564141,0.205252
238,0.527959,1.480775
553,0.528341,0.923472
704,0.513017,1.003941
308,0.516637,1.366978
860,0.531281,0.426864
942,0.551811,0.604140
894,0.563270,0.627385
912,0.519748,0.180486
842,0.526906,1.577734
713,0.571000,1.527136
492,0.573915,1.579006
804,0.543176,1.631733
221,0.536168,0.577549
457,0.542190,1.658275
328,0.565835,1.131926
332,0.539893,1.297060
312,0.529538,0.917885
250,0.537042,0.212515
993,0.551140,3.026662
534,0.541925,2.348706
234,0.530496,1.076042
458,0.546340,1.518648
757,0.553082,0.722755
70,0.539561,1.151382
886,0.570018,0.964292
927,0.518746,1.326401
288,0.540220,0.762438
825,0.543665,1.224283
214,0.543167,0.730021
983,0.523022,0.552600
758,0.605786,0.897870
72,0.521453,1.068089
292,0.551859,1.544990
516,0.503695,0.552887
115,0.560111,1.477526
443,0.568053,1.787902
16,0.550445,2.396053
923,0.508230,1.525799
51,0.593985,2.536628
803,0.505390,0.222414
145,0.574025,1.412522
401,0.546616,2.154548
922,0.548301,1.606832
252,0.552898,1.179452
814,0.591606,1.552614
65,0.531483,0.760231
335,0.484537,1.053865
500,0.515555,0.729316
273,0.587504,0.684044
35,0.526862,1.028525
812,0.534029,1.055347
984,0.566974,1.381777
699,0.561476,1.761820
647,0.567223,1.329238
484,0.561399,2.460483
191,0.543153,1.275269
868,0.517565,0.872317
766,0.581064,1.272218
170,0.548671,1.053042
570,0.550440,2.192948
669,0.519466,1.297817
914,0.514466,0.831463
253,0.568378,1.625500
15,0.586507,2.181559
582,0.635424,2.496186
409,0.571775,2.141850
279,0.614263,1.983348
66,0.508379,0.454014
606,0.548849,0.779311
425,0.546320,0.521592
254,0.584355,1.183461
3,0.565648,1.065351
236,0.533662,2.308695
399,0.540669,1.273825
444,0.585384,1.801951
231,0.598898,2.313610
789,0.596588,1.143287
788,0.628566,3.362766
600,0.518876,0.546980
813,0.636590,1.148168
22,0.540233,0.819200
763,0.592942,1.696181
168,0.529023,0.709137
194,0.507885,1.041853
413,0.550561,0.745984
869,0.531306,2.054613
150,0.546268,1.788721
74,0.537022,1.033751
432,0.518820,1.965672
558,0.594996,2.178966
158,0.588823,2.786333
449,0.568540,1.162446
807,0.557956,2.698576
695,0.545248,1.609504
362,0.511076,1.805915
543,0.543191,0.788615
845,0.555143,0.832896
978,0.592751,4.183775
723,0.537842,2.002408
222,0.547872,1.322558
217,0.510945,0.795846
344,0.547193,1.338601
568,0.592715,1.879835
705,0.513743,0.789457
387,0.580981,1.194077
271,0.600054,2.484291
348,0.532928,0.350180
81,0.545791,1.031184
770,0.554609,1.257735
778,0.572689,1.343439
815,0.537042,0.788170
80,0.563010,1.174223
330,0.587258,1.703951
474,0.553377,1.533479
201,0.564893,2.335576
219,0.563100,1.516698
946,0.572499,0.829232
259,0.546504,1.802922
857,0.544237,0.903551
100,0.563488,1.572841
63,0.523894,0.567131
133,0.552254,0.299482
992,0.570037,1.030803
34,0.579615,1.365397
703,0.559775,0.515955
305,0.610397,1.574437
225,0.574162,1.810111
588,0.519196,0.404371
663,0.557113,2.320986
786,0.561194,0.846927
827,0.612434,2.060286
289,0.589274,1.661902
919,0.594650,2.102900
213,0.550005,0.395220
587,0.563903,0.949003
988,0.571817,2.122945
810,0.523782,0.591920
324,0.551750,0.567981
339,0.511152,1.181349
320,0.538563,1.841646
166,0.579343,2.120016
535,0.539735,1.212892
563,0.545388,0.754429
937,0.543775,1.691704
557,0.581863,2.092263
579,0.572068,1.132325
520,0.530337,1.404041
836,0.527570,0.990335
153,0.525209,0.892972
189,0.546835,0.470522
485,0.522693,1.030769
304,0.605576,3.674873
892,0.569451,0.809371
954,0.555351,0.884121
6,0.584779,1.516044
184,0.618163,2.721579
693,0.571014,0.854956
407,0.577515,1.120502
728,0.574606,1.412638
186,0.572979,0.787809
297,0.529284,0.853290
781,0.560571,1.024629
837,0.556445,1.546580
517,0.587411,1.738883
796,0.592289,2.167610
480,0.566069,1.498139
359,0.577399,1.710684
768,0.578621,1.433951
215,0.600348,1.859944
404,0.588039,1.728471
85,0.600186,3.888110
839,0.535475,0.673865
433,0.547960,0.576961
152,0.580974,1.552991
880,0.587947,0.922848
188,0.571758,1.459681
162,0.564144,1.099090
445,0.580751,1.927733
482,0.545022,0.819944
462,0.551148,1.055584
197,0.560905,1.364321
30,0.554643,0.728901
755,0.566837,0.751699
735,0.567877,0.978727
295,0.552536,0.651800
752,0.570573,1.499645
528,0.539909,0.446900
626,0.552033,1.228245
659,0.672730,2.331200
495,0.595633,1.836000
823,0.546747,0.502668
146,0.623212,1.005619
514,0.567329,0.933140
39,0.554879,0.222750
83,0.605312,0.816391
396,0.611634,1.755566
625,0.620013,0.367686
Average Cost: 8.730000
Accuracy: 95.400000
Accuracy 0: 100.000000
Cost 0: 6.000000
Accuracy 1: 100.000000
Cost 1: 6.000000
Accuracy 2: 100.000000
Cost 2: 6.000000
Accuracy 3: 100.000000
Cost 3: 6.000000
Accuracy 4: 100.000000
Cost 4: 6.000000
Accuracy 5: 100.000000
Cost 5: 6.000000
Accuracy 6: 100.000000
Cost 6: 6.000000
Accuracy 7: 100.000000
Cost 7: 6.000000
Accuracy 8: 100.000000
Cost 8: 6.000000
Accuracy 9: 100.000000
Cost 9: 6.000000
