ProblemNo,Answer,TrueAnswer,Cost,Difficulty
0,0,0,12.000000,0.000000
1,0,0,12.000000,0.000000
2,1,1,15.000000,0.500000
3,1,1,15.000000,0.500000
4,0,0,12.000000,0.000000
5,0,0,15.000000,0.500000
6,0,0,12.000000,0.000000
7,1,1,15.000000,0.500000
8,1,1,33.000000,1.000000
9,1,1,15.000000,0.900000
10,1,1,12.000000,0.000000
11,0,0,12.000000,0.000000
12,0,0,12.000000,0.000000
13,1,0,15.000000,0.900000
14,0,0,15.000000,0.500000
15,1,1,12.000000,0.000000
16,1,1,15.000000,0.500000
17,0,0,12.000000,0.000000
18,1,1,12.000000,0.000000
19,0,0,15.000000,0.500000
20,1,1,12.000000,0.000000
21,1,1,15.000000,0.500000
22,1,1,12.000000,0.000000
23,0,0,12.000000,0.000000
24,1,1,15.000000,0.500000
25,0,1,21.000000,0.800000
26,1,1,12.000000,0.000000
27,0,0,12.000000,0.000000
28,1,1,12.000000,0.000000
29,1,0,15.000000,0.500000
30,1,1,12.000000,0.000000
31,1,1,15.000000,0.500000
32,0,0,12.000000,0.000000
33,1,1,12.000000,0.000000
34,1,1,12.000000,0.000000
35,1,1,27.000000,1.000000
36,1,1,18.000000,0.800000
37,1,1,18.000000,0.800000
38,0,0,12.000000,0.000000
39,1,1,18.000000,0.800000
40,1,1,12.000000,0.000000
41,0,0,12.000000,0.000000
42,0,0,15.000000,0.900000
43,1,1,18.000000,0.800000
44,0,1,15.000000,0.900000
45,1,1,12.000000,0.000000
46,0,0,12.000000,0.000000
47,1,1,12.000000,0.000000
48,0,0,12.000000,0.000000
49,0,0,12.000000,0.000000
50,0,0,12.000000,0.000000
51,0,0,24.000000,0.900000
52,0,0,15.000000,0.500000
53,0,0,15.000000,0.500000
54,0,0,12.000000,0.000000
55,0,0,12.000000,0.000000
56,0,0,12.000000,0.000000
57,1,1,12.000000,0.000000
58,1,0,24.000000,0.900000
59,0,0,12.000000,0.000000
60,1,1,12.000000,0.000000
61,0,0,18.000000,0.900000
62,1,1,12.000000,0.000000
63,0,0,15.000000,0.500000
64,0,0,12.000000,0.000000
65,1,1,12.000000,0.000000
66,1,1,12.000000,0.000000
67,0,0,12.000000,0.000000
68,0,0,12.000000,0.000000
69,1,1,12.000000,0.000000
70,0,0,15.000000,0.500000
71,0,0,15.000000,0.500000
72,1,1,12.000000,0.000000
73,1,1,12.000000,0.000000
74,0,0,12.000000,0.000000
75,1,1,12.000000,0.000000
76,0,0,12.000000,0.000000
77,1,1,24.000000,0.900000
78,1,0,24.000000,0.900000
79,0,0,12.000000,0.000000
80,1,1,24.000000,0.900000
81,1,1,27.000000,0.900000
82,1,1,15.000000,0.500000
83,0,0,12.000000,0.000000
84,1,1,12.000000,0.000000
85,0,0,12.000000,0.000000
86,1,1,12.000000,0.000000
87,0,0,12.000000,0.000000
88,0,0,15.000000,0.500000
89,1,1,12.000000,0.000000
90,1,1,21.000000,1.000000
91,0,0,12.000000,0.000000
92,0,0,15.000000,0.500000
93,0,0,18.000000,0.800000
94,1,1,15.000000,0.500000
95,0,1,21.000000,0.900000
96,1,1,12.000000,0.000000
97,1,1,12.000000,0.000000
98,0,0,12.000000,0.000000
99,1,1,12.000000,0.000000
100,1,1,21.000000,0.900000
101,1,1,27.000000,0.800000
102,1,1,12.000000,0.000000
103,1,0,15.000000,0.500000
104,1,1,12.000000,0.000000
105,0,0,15.000000,0.500000
106,0,0,12.000000,0.000000
107,1,1,18.000000,0.900000
108,1,1,18.000000,0.800000
109,1,1,15.000000,0.500000
110,0,0,18.000000,0.900000
111,0,0,12.000000,0.000000
112,1,1,15.000000,0.500000
113,0,0,12.000000,0.000000
114,1,1,18.000000,0.800000
115,1,1,12.000000,0.000000
116,0,0,15.000000,0.500000
117,0,0,18.000000,0.900000
118,0,0,12.000000,0.000000
119,1,1,12.000000,0.000000
120,0,0,12.000000,0.000000
121,1,1,12.000000,0.000000
122,0,0,12.000000,0.000000
123,0,0,15.000000,0.500000
124,1,1,27.000000,0.900000
125,1,1,15.000000,0.500000
126,1,0,15.000000,0.500000
127,0,0,15.000000,0.500000
128,0,0,15.000000,0.500000
129,1,1,12.000000,0.000000
130,0,0,21.000000,1.000000
131,1,1,18.000000,0.800000
132,0,1,15.000000,0.500000
133,1,1,15.000000,0.500000
134,1,1,15.000000,0.500000
135,1,1,12.000000,0.000000
136,0,0,12.000000,0.000000
137,0,0,12.000000,0.000000
138,0,0,12.000000,0.000000
139,1,1,12.000000,0.000000
140,1,1,18.000000,0.900000
141,1,1,12.000000,0.000000
142,0,0,12.000000,0.000000
143,1,1,15.000000,0.900000
144,1,1,12.000000,0.000000
145,1,1,12.000000,0.000000
146,1,1,15.000000,0.500000
147,1,1,15.000000,0.900000
148,0,0,12.000000,0.000000
149,1,1,12.000000,0.000000
WorkerID,Gamma
37,0.454054
50,0.474580
60,0.496724
62,0.493510
63,0.519280
64,0.481879
53,0.542642
66,0.509285
83,0.493974
82,0.490281
69,0.490144
80,0.524112
81,0.538032
86,0.495056
84,0.518864
85,0.487042
48,0.498435
49,0.440996
46,0.474548
47,0.498805
44,0.464397
45,0.552142
42,0.539305
43,0.439994
40,0.547734
41,0.541537
77,0.480997
76,0.535091
75,0.520436
74,0.535352
73,0.476923
72,0.493438
71,0.485248
70,0.491654
79,0.490697
78,0.496753
39,0.465347
38,0.546851
59,0.521840
58,0.516244
55,0.538738
54,0.612027
57,0.484254
56,0.547893
51,0.666032
36,0.518024
35,0.537853
52,0.469069
88,0.519284
65,0.519656
Average Cost: 14.560000
Accuracy: 93.333333
