ProblemNo,Answer,TrueAnswer,Cost,Difficulty
0,0,0,6.000000,0.000000
1,0,0,6.000000,0.000000
2,1,1,10.000000,0.500000
3,1,1,8.000000,0.600000
4,0,0,10.000000,0.900000
5,0,0,6.000000,0.000000
6,0,0,6.000000,0.000000
7,1,1,7.000000,0.300000
8,1,1,7.000000,0.700000
9,1,1,7.000000,0.300000
10,1,1,6.000000,0.000000
11,0,0,6.000000,0.000000
12,0,0,6.000000,0.000000
13,0,0,6.000000,0.000000
14,0,0,6.000000,0.000000
15,1,1,6.000000,0.000000
16,1,1,7.000000,0.300000
17,0,0,6.000000,0.000000
18,1,1,6.000000,0.000000
19,0,0,8.000000,0.600000
20,1,1,6.000000,0.000000
21,1,1,6.000000,0.000000
22,1,1,6.000000,0.000000
23,0,0,9.000000,1.000000
24,1,1,6.000000,0.000000
25,1,1,13.000000,0.900000
26,1,1,7.000000,0.300000
27,0,0,6.000000,0.000000
28,1,1,6.000000,0.000000
29,1,0,19.000000,1.000000
30,1,1,7.000000,0.300000
31,1,1,6.000000,0.000000
32,0,0,7.000000,0.700000
33,1,1,6.000000,0.000000
34,1,1,6.000000,0.000000
35,1,1,7.000000,0.300000
36,1,1,11.000000,0.500000
37,1,1,7.000000,0.300000
38,0,0,6.000000,0.000000
39,1,1,7.000000,0.300000
40,1,1,6.000000,0.000000
41,0,0,6.000000,0.000000
42,0,0,7.000000,0.600000
43,1,1,9.000000,0.800000
44,0,1,8.000000,1.000000
45,1,1,6.000000,0.000000
46,0,0,8.000000,0.300000
47,1,1,6.000000,0.000000
48,0,0,7.000000,0.300000
49,0,0,6.000000,0.000000
50,0,0,6.000000,0.000000
51,0,0,11.000000,0.500000
52,1,0,7.000000,0.700000
53,0,0,17.000000,0.900000
54,1,0,8.000000,1.000000
55,0,0,6.000000,0.000000
56,0,0,6.000000,0.000000
57,1,1,13.000000,0.800000
58,0,0,6.000000,0.000000
59,0,0,7.000000,0.300000
60,1,1,7.000000,0.300000
61,1,0,6.000000,0.000000
62,1,1,14.000000,0.900000
63,0,0,7.000000,0.300000
64,0,0,7.000000,0.300000
65,1,1,6.000000,0.000000
66,1,1,9.000000,0.600000
67,0,0,8.000000,0.800000
68,0,0,8.000000,0.600000
69,1,1,6.000000,0.000000
70,0,0,10.000000,0.500000
71,0,0,6.000000,0.000000
72,1,1,7.000000,0.300000
73,1,1,6.000000,0.000000
74,0,0,6.000000,0.000000
75,1,1,6.000000,0.000000
76,0,0,6.000000,0.000000
77,1,1,12.000000,0.700000
78,0,0,8.000000,0.600000
79,0,0,6.000000,0.000000
80,1,1,7.000000,0.300000
81,1,1,11.000000,0.900000
82,1,1,6.000000,0.000000
83,0,0,9.000000,0.600000
84,1,1,6.000000,0.000000
85,0,0,6.000000,0.000000
86,1,1,6.000000,0.000000
87,0,0,7.000000,0.600000
88,0,0,7.000000,0.300000
89,1,1,6.000000,0.000000
90,1,1,7.000000,0.300000
91,0,0,6.000000,0.000000
92,0,0,9.000000,0.900000
93,0,0,16.000000,0.800000
94,1,1,6.000000,0.000000
95,1,1,10.000000,0.900000
96,1,1,6.000000,0.000000
97,1,1,7.000000,0.700000
98,0,0,6.000000,0.000000
99,1,1,6.000000,0.000000
100,1,1,7.000000,0.700000
101,1,1,6.000000,0.000000
102,1,1,6.000000,0.000000
103,0,0,8.000000,1.000000
104,1,1,6.000000,0.000000
105,0,0,6.000000,0.000000
106,0,0,6.000000,0.000000
107,1,1,7.000000,0.300000
108,1,1,6.000000,0.000000
109,1,1,7.000000,0.300000
110,0,0,7.000000,0.900000
111,0,0,9.000000,0.600000
112,1,1,6.000000,0.000000
113,0,0,6.000000,0.000000
114,1,1,6.000000,0.000000
115,1,1,6.000000,0.000000
116,0,0,7.000000,0.300000
117,0,0,17.000000,1.000000
118,0,0,6.000000,0.000000
119,1,1,7.000000,0.300000
120,0,0,6.000000,0.000000
121,1,1,6.000000,0.000000
122,0,0,6.000000,0.000000
123,0,0,12.000000,0.600000
124,1,1,7.000000,0.300000
125,1,1,6.000000,0.000000
126,1,0,8.000000,0.900000
127,0,0,7.000000,0.300000
128,0,0,6.000000,0.000000
129,1,1,6.000000,0.000000
130,0,0,7.000000,0.300000
131,1,1,6.000000,0.000000
132,1,1,9.000000,0.700000
133,0,1,8.000000,0.900000
134,1,1,6.000000,0.000000
135,1,1,7.000000,0.300000
136,1,0,7.000000,0.900000
137,0,0,6.000000,0.000000
138,0,0,6.000000,0.000000
139,1,1,6.000000,0.000000
140,1,1,8.000000,0.900000
141,1,1,6.000000,0.000000
142,0,0,7.000000,0.300000
143,1,1,6.000000,0.000000
144,1,1,6.000000,0.000000
145,1,1,7.000000,0.300000
146,1,1,7.000000,0.300000
147,1,1,8.000000,0.600000
148,0,0,6.000000,0.000000
149,1,1,10.000000,0.500000
WorkerID,Gamma
24,0.398658
25,0.489697
26,0.626614
27,0.471151
20,0.764554
21,0.921011
22,0.584855
23,0.423092
28,0.672358
29,0.446188
1,0.439194
0,0.767679
3,0.688336
2,0.573395
5,0.284513
4,0.448815
7,0.143537
6,0.505668
9,0.022270
8,0.420195
11,0.499035
10,0.456820
13,0.665592
12,0.512265
15,0.651414
14,0.571064
17,0.595038
16,0.525950
19,0.496096
32,0.472971
31,0.674458
30,0.388892
34,0.459436
33,0.599902
18,0.475838
Average Cost: 7.320000
Accuracy: 94.666667
