ProblemNo,Answer,TrueAnswer,Cost,Difficulty
0,0,0,4.500000,0.000000
1,0,0,4.500000,0.000000
2,1,1,9.000000,0.800000
3,1,1,6.000000,0.600000
4,0,0,6.000000,0.600000
5,0,0,4.500000,0.000000
6,0,0,4.500000,0.000000
7,1,1,9.000000,0.800000
8,0,1,6.000000,0.600000
9,1,1,4.500000,0.000000
10,1,1,6.000000,0.600000
11,0,0,4.500000,0.000000
12,0,0,4.500000,0.000000
13,0,0,6.000000,0.600000
14,0,0,4.500000,0.000000
15,1,1,4.500000,0.000000
16,1,1,4.500000,0.000000
17,0,0,6.000000,0.600000
18,1,1,4.500000,0.000000
19,0,0,4.500000,0.000000
20,1,1,4.500000,0.000000
21,1,1,6.000000,0.600000
22,1,1,4.500000,0.000000
23,0,0,4.500000,0.000000
24,1,1,4.500000,0.000000
25,0,1,4.500000,0.000000
26,1,1,6.000000,0.600000
27,0,0,4.500000,0.000000
28,1,1,4.500000,0.000000
29,1,0,7.500000,0.800000
30,1,1,4.500000,0.000000
31,1,1,6.000000,0.600000
32,0,0,6.000000,0.600000
33,1,1,4.500000,0.000000
34,1,1,4.500000,0.000000
35,0,1,6.000000,0.600000
36,1,1,7.500000,0.800000
37,1,1,7.500000,0.800000
38,0,0,4.500000,0.000000
39,0,1,6.000000,0.600000
40,1,1,4.500000,0.000000
41,0,0,4.500000,0.000000
42,0,0,6.000000,1.000000
43,1,1,4.500000,0.000000
44,1,1,6.000000,0.600000
45,1,1,4.500000,0.000000
46,0,0,4.500000,0.000000
47,1,1,4.500000,0.000000
48,0,0,4.500000,0.000000
49,0,0,4.500000,0.000000
50,0,0,4.500000,0.000000
51,0,0,7.500000,0.800000
52,1,0,4.500000,0.000000
53,1,0,7.500000,0.800000
54,0,0,4.500000,0.000000
55,0,0,4.500000,0.000000
56,0,0,4.500000,0.000000
57,1,1,6.000000,0.600000
58,1,0,4.500000,0.000000
59,0,0,4.500000,0.000000
60,1,1,4.500000,0.000000
61,1,0,6.000000,0.600000
62,0,1,7.500000,0.800000
63,0,0,4.500000,0.000000
64,0,0,4.500000,0.000000
65,1,1,4.500000,0.000000
66,1,1,6.000000,0.600000
67,0,0,4.500000,0.000000
68,0,0,4.500000,0.000000
69,1,1,4.500000,0.000000
70,1,0,6.000000,0.600000
71,0,0,4.500000,0.000000
72,1,1,6.000000,0.600000
73,1,1,6.000000,0.600000
74,0,0,4.500000,0.000000
75,1,1,4.500000,0.000000
76,0,0,4.500000,0.000000
77,1,1,6.000000,0.600000
78,1,0,9.000000,0.800000
79,0,0,4.500000,0.000000
80,1,1,12.000000,0.900000
81,1,1,16.500000,0.900000
82,0,1,10.500000,0.900000
83,0,0,4.500000,0.000000
84,1,1,4.500000,0.000000
85,0,0,4.500000,0.000000
86,1,1,6.000000,0.600000
87,0,0,4.500000,0.000000
88,0,0,6.000000,0.600000
89,1,1,6.000000,0.700000
90,1,1,4.500000,0.000000
91,0,0,4.500000,0.000000
92,0,0,7.500000,0.800000
93,0,0,4.500000,0.000000
94,1,1,4.500000,0.000000
95,1,1,12.000000,0.900000
96,1,1,4.500000,0.000000
97,1,1,6.000000,0.600000
98,0,0,4.500000,0.000000
99,1,1,4.500000,0.000000
100,1,1,6.000000,0.600000
101,1,1,7.500000,0.800000
102,1,1,4.500000,0.000000
103,1,0,7.500000,0.800000
104,1,1,4.500000,0.000000
105,0,0,7.500000,0.800000
106,0,0,4.500000,0.000000
107,1,1,6.000000,1.000000
108,1,1,6.000000,0.600000
109,1,1,4.500000,0.000000
110,1,0,7.500000,0.800000
111,0,0,4.500000,0.000000
112,1,1,4.500000,0.000000
113,0,0,4.500000,0.000000
114,1,1,6.000000,0.600000
115,1,1,4.500000,0.000000
116,0,0,6.000000,0.600000
117,0,0,9.000000,0.800000
118,0,0,6.000000,0.700000
119,1,1,6.000000,0.600000
120,0,0,4.500000,0.000000
121,1,1,4.500000,0.000000
122,0,0,4.500000,0.000000
123,0,0,4.500000,0.000000
124,1,1,7.500000,0.800000
125,1,1,4.500000,0.000000
126,1,0,4.500000,0.000000
127,0,0,4.500000,0.000000
128,0,0,4.500000,0.000000
129,1,1,6.000000,0.600000
130,0,0,7.500000,0.800000
131,1,1,6.000000,0.900000
132,1,1,4.500000,0.000000
133,1,1,4.500000,0.000000
134,1,1,4.500000,0.000000
135,1,1,6.000000,0.600000
136,0,0,6.000000,0.600000
137,0,0,4.500000,0.000000
138,0,0,4.500000,0.000000
139,1,1,4.500000,0.000000
140,1,1,6.000000,0.600000
141,1,1,4.500000,0.000000
142,0,0,6.000000,0.700000
143,1,1,4.500000,0.000000
144,1,1,4.500000,0.000000
145,1,1,4.500000,0.000000
146,1,1,4.500000,0.000000
147,0,1,6.000000,0.600000
148,0,0,6.000000,0.600000
149,1,1,6.000000,0.600000
WorkerID,Gamma
37,0.299333
36,0.430334
60,0.472179
61,0.493035
88,0.492491
64,0.560090
53,0.733696
66,0.527488
67,0.471597
82,0.476854
69,0.634307
80,0.561041
81,0.480496
86,0.563933
84,0.553942
85,0.517310
48,0.616263
49,0.490826
46,0.327127
47,0.523585
44,0.547608
45,0.662552
42,0.457921
43,0.340231
40,0.561101
41,0.521585
83,0.452784
77,0.470163
75,0.701362
74,0.562032
73,0.469691
72,0.492805
71,0.479793
70,0.420192
79,0.556579
78,0.536045
39,0.427644
38,0.572731
59,0.452130
58,0.478328
55,0.471464
54,0.595922
57,0.491651
51,1.371564
50,0.721694
35,0.586982
52,0.476692
65,0.567787
Average Cost: 5.510000
Accuracy: 88.666667
